-1.5000e+00 0.0000e+00 0.0000e+00 1.3057e-03 1.5971e-07
-1.4688e+00 1.3484e-09 -3.7494e-16 1.3054e-03 -8.0221e-08
-1.4375e+00 -4.5881e-09 -7.1101e-16 1.3050e-03 -3.1886e-07
-1.4062e+00 -2.7442e-09 -1.0082e-15 1.3060e-03 3.9641e-07
-1.3750e+00 2.1885e-08 -1.2710e-15 1.3070e-03 1.1093e-06
-1.3438e+00 1.6669e-08 -1.4990e-15 1.3035e-03 -1.5106e-06
-1.3125e+00 -7.0460e-08 -1.6947e-15 1.3000e-03 -4.1449e-06
-1.2812e+00 -4.3103e-08 -1.8583e-15 1.3130e-03 5.6419e-06
-1.2500e+00 2.9357e-07 -1.9920e-15 1.3261e-03 1.5426e-05
-1.2188e+00 2.0869e-07 -2.0975e-15 1.2773e-03 -2.1079e-05
-1.1875e+00 -1.0223e-06 -2.1745e-15 1.2286e-03 -5.7679e-05
-1.1562e+00 -6.6849e-07 -2.2251e-15 1.4107e-03 7.8709e-05
-1.1250e+00 3.9806e-06 -2.2505e-15 1.5927e-03 2.1516e-04
-1.0938e+00 2.7302e-06 -2.2515e-15 9.1306e-04 -2.9352e-04
-1.0625e+00 -1.4516e-05 -2.2309e-15 2.3338e-04 -8.0614e-04
-1.0312e+00 -9.7957e-06 -2.1874e-15 2.7716e-03 1.1021e-03
-1.0000e+00 5.5020e-05 -2.1250e-15 5.3098e-03 3.1054e-03
-9.6875e-01 -1.0894e-04 -2.0377e-15 -1.6927e-02 -1.3584e-02
-9.3750e-01 -8.0106e-04 -1.9520e-15 -3.9165e-02 -2.9625e-02
-9.0625e-01 -2.3799e-03 -1.8127e-15 -8.9677e-02 -6.7999e-02
-8.7500e-01 -5.2207e-03 -1.7243e-15 -1.4019e-01 -1.0492e-01
-8.4375e-01 -9.3576e-03 -1.8011e-15 -1.8913e-01 -1.4250e-01
-8.1250e-01 -1.4834e-02 -1.7642e-15 -2.3806e-01 -1.7810e-01
-7.8125e-01 -2.1523e-02 -5.2736e-16 -2.7049e-01 -2.0349e-01
-7.5000e-01 -2.9300e-02 0.0000e+00 -3.0292e-01 -2.2671e-01
-7.1875e-01 -3.7924e-02 -3.6082e-16 -3.0882e-01 -2.3224e-01
-6.8750e-01 -4.7153e-02 -1.9429e-16 -3.1472e-01 -2.3569e-01
-6.5625e-01 -5.6697e-02 3.4694e-16 -2.9032e-01 -2.1842e-01
-6.2500e-01 -6.6260e-02 8.2920e-16 -2.6592e-01 -1.9936e-01
-5.9375e-01 -7.5551e-02 1.2646e-15 -2.1198e-01 -1.5974e-01
-5.6250e-01 -8.4269e-02 1.7974e-15 -1.5805e-01 -1.1879e-01
-5.3125e-01 -9.2159e-02 2.4911e-15 -7.8968e-02 -6.0072e-02
-5.0000e-01 -9.8955e-02 3.1039e-15 1.1208e-04 -5.6889e-04
-4.6875e-01 -1.0446e-01 3.7359e-15 9.7416e-02 7.2116e-02
-4.3750e-01 -1.0848e-01 4.6820e-15 1.9472e-01 1.4498e-01
-4.0625e-01 -1.1089e-01 5.1324e-15 3.0187e-01 2.2536e-01
-3.7500e-01 -1.1158e-01 5.9995e-15 4.0901e-01 3.0532e-01
-3.4375e-01 -1.1050e-01 5.2210e-15 5.1723e-01 3.8679e-01
-3.1250e-01 -1.0763e-01 5.5581e-15 6.2544e-01 4.6733e-01
-2.8125e-01 -1.0300e-01 5.3429e-15 7.2662e-01 5.4376e-01
-2.5000e-01 -9.6678e-02 5.9536e-15 8.2780e-01 6.1890e-01
-2.1875e-01 -8.8758e-02 4.7462e-15 9.1567e-01 6.8550e-01
-1.8750e-01 -7.9355e-02 5.2458e-15 1.0035e+00 7.5063e-01
-1.5625e-01 -6.8620e-02 4.4964e-15 1.0745e+00 8.0458e-01
-1.2500e-01 -5.6703e-02 4.2327e-15 1.1455e+00 8.5716e-01
-9.3750e-02 -4.3748e-02 4.2587e-15 1.2009e+00 8.9922e-01
-6.2500e-02 -2.9903e-02 3.9829e-15 1.2563e+00 9.3945e-01
-3.1250e-02 -1.5304e-02 3.2890e-15 1.2998e+00 9.7334e-01
0.0000e+00 1.2281e-15 2.7764e-15 1.3433e+00 1.0020e+00
3.1250e-02 1.5304e-02 2.2482e-15 1.2998e+00 9.7334e-01
6.2500e-02 2.9903e-02 9.2063e-16 1.2563e+00 9.3945e-01
9.3750e-02 4.3748e-02 6.6527e-16 1.2009e+00 8.9922e-01
1.2500e-01 5.6703e-02 -2.3419e-16 1.1455e+00 8.5716e-01
1.5625e-01 6.8620e-02 -9.6624e-16 1.0745e+00 8.0458e-01
1.8750e-01 7.9355e-02 -1.9125e-15 1.0035e+00 7.5063e-01
2.1875e-01 8.8758e-02 -2.1719e-15 9.1567e-01 6.8550e-01
2.5000e-01 9.6678e-02 -2.2760e-15 8.2780e-01 6.1890e-01
2.8125e-01 1.0300e-01 -2.7374e-15 7.2662e-01 5.4376e-01
3.1250e-01 1.0763e-01 -2.8311e-15 6.2544e-01 4.6733e-01
3.4375e-01 1.1050e-01 -3.0531e-15 5.1723e-01 3.8679e-01
3.7500e-01 1.1158e-01 -3.4001e-15 4.0901e-01 3.0532e-01
4.0625e-01 1.1089e-01 -4.1807e-15 3.0187e-01 2.2536e-01
4.3750e-01 1.0848e-01 -4.7349e-15 1.9472e-01 1.4498e-01
4.6875e-01 1.0446e-01 -5.1671e-15 9.7416e-02 7.2116e-02
5.0000e-01 9.8955e-02 -4.9288e-15 1.1208e-04 -5.6889e-04
5.3125e-01 9.2159e-02 -4.5385e-15 -7.8968e-02 -6.0072e-02
5.6250e-01 8.4269e-02 -3.9415e-15 -1.5805e-01 -1.1879e-01
5.9375e-01 7.5551e-02 -3.7190e-15 -2.1198e-01 -1.5974e-01
6.2500e-01 6.6260e-02 -3.3511e-15 -2.6592e-01 -1.9936e-01
6.5625e-01 5.6697e-02 -2.8727e-15 -2.9032e-01 -2.1842e-01
6.8750e-01 4.7153e-02 -2.7409e-15 -3.1472e-01 -2.3569e-01
7.1875e-01 3.7924e-02 -2.4425e-15 -3.0882e-01 -2.3224e-01
7.5000e-01 2.9300e-02 -2.1990e-15 -3.0292e-01 -2.2671e-01
7.8125e-01 2.1523e-02 -2.0990e-15 -2.7049e-01 -2.0349e-01
8.1250e-01 1.4834e-02 -2.0053e-15 -2.3806e-01 -1.7810e-01
8.4375e-01 9.3576e-03 -1.6911e-15 -1.8913e-01 -1.4250e-01
8.7500e-01 5.2207e-03 -1.6753e-15 -1.4019e-01 -1.0492e-01
9.0625e-01 2.3799e-03 -1.4785e-15 -8.9677e-02 -6.7999e-02
9.3750e-01 8.0106e-04 -1.3800e-15 -3.9165e-02 -2.9625e-02
9.6875e-01 1.0894e-04 -1.3030e-15 -1.6927e-02 -1.3584e-02
1.0000e+00 -5.5020e-05 -1.2068e-15 5.3098e-03 3.1054e-03
1.0312e+00 9.7957e-06 -1.1183e-15 2.7716e-03 1.1021e-03
1.0625e+00 1.4516e-05 -1.0306e-15 2.3338e-04 -8.0614e-04
1.0938e+00 -2.7302e-06 -9.4607e-16 9.1306e-04 -2.9352e-04
1.1250e+00 -3.9806e-06 -8.6410e-16 1.5927e-03 2.1516e-04
1.1562e+00 6.6849e-07 -7.8312e-16 1.4107e-03 7.8709e-05
1.1875e+00 1.0223e-06 -7.0428e-16 1.2286e-03 -5.7679e-05
1.2188e+00 -2.0869e-07 -6.2688e-16 1.2773e-03 -2.1079e-05
1.2500e+00 -2.9357e-07 -5.5110e-16 1.3261e-03 1.5426e-05
1.2812e+00 4.3103e-08 -4.7576e-16 1.3130e-03 5.6419e-06
1.3125e+00 7.0460e-08 -4.0191e-16 1.3000e-03 -4.1449e-06
1.3438e+00 -1.6669e-08 -3.2915e-16 1.3035e-03 -1.5106e-06
1.3750e+00 -2.1885e-08 -2.5845e-16 1.3070e-03 1.1093e-06
1.4062e+00 2.7442e-09 -1.8878e-16 1.3060e-03 3.9641e-07
1.4375e+00 4.5881e-09 -1.2236e-16 1.3050e-03 -3.1886e-07
1.4688e+00 -1.3484e-09 -5.8700e-17 1.3054e-03 -8.0221e-08
1.5000e+00 0.0000e+00 0.0000e+00 1.3057e-03 1.5971e-07
