0.000000000000000000e+00 2.952316396995918746e-15 -2.018120371337361885e-15 -5.411265852881763649e-03 -6.111364829656197248e-04
1.562500000000000000e-02 7.890557327779167010e-05 -1.844107118247184623e-15 2.601083249175678569e-02 1.327670731824218478e-02
3.125000000000000000e-02 3.251713006492103013e-04 -2.032011711672332410e-15 5.743293083639533503e-02 2.946656524213511069e-02
4.687500000000000000e-02 7.284086973636957028e-04 -2.018567604733512155e-15 9.100182468258333213e-02 4.578728246354690778e-02
6.250000000000000000e-02 1.304047657017452832e-03 -2.114699016190556774e-15 1.245707185287713292e-01 6.247771615304173465e-02
7.812500000000000000e-02 2.028803587306790470e-03 -2.289834988289385365e-15 1.520909964031119110e-01 7.617244877668588598e-02
9.375000000000000000e-02 2.885743975957929131e-03 -2.736743123787910292e-15 1.796112742774524929e-01 8.980921925843622644e-02
1.093750000000000000e-01 3.954238641890490090e-03 -2.602952575703199045e-15 2.218157941668616462e-01 1.109290803547695325e-01
1.250000000000000000e-01 5.283838608033697079e-03 -3.066991105526994943e-15 2.640203140562707995e-01 1.327994229793976189e-01
1.406250000000000000e-01 6.588262028478154841e-03 -2.858824288409778092e-15 2.567937498930384366e-01 1.279179612737151861e-01
1.562500000000000000e-01 7.648620894993796160e-03 -1.554312234475219157e-15 2.495671857298060736e-01 1.196586963985112329e-01
1.718750000000000000e-01 8.081941411693306654e-03 -1.409381509068219351e-15 9.776963644340036508e-02 4.866464386423214467e-02
1.875000000000000000e-01 7.508574515301291719e-03 -1.165734175856414367e-15 -5.402791284300534347e-02 -2.594942772525721253e-02
2.031250000000000000e-01 6.649002788893045718e-03 -8.161331853384634627e-16 -1.989816491620810535e-02 -9.619752597599812161e-03
2.187500000000000000e-01 6.147443329053120520e-03 5.551115123125782702e-17 1.423158301058913278e-02 7.918089025221036747e-03
2.343750000000000000e-01 5.804410561641763777e-03 -5.835718193403227616e-17 5.090174785370438215e-03 2.693679594154351625e-03
2.500000000000000000e-01 5.444457047110211334e-03 -3.885780586188047891e-16 -4.051233439848256346e-03 -1.550139691683556642e-03
2.656250000000000000e-01 5.103338107420746575e-03 -6.838605202952319218e-17 -1.595716407537306480e-03 -6.317418916054265421e-04
2.812500000000000000e-01 4.817426442528568997e-03 -3.889575293791747157e-17 8.598006247736433849e-04 7.331225446984487859e-04
2.968750000000000000e-01 4.568358500626651039e-03 -1.588356182691263996e-17 2.007267646055854726e-04 2.282628285430344378e-04
3.125000000000000000e-01 4.339903392516637239e-03 -1.475599156752771535e-16 -4.583470955624724397e-04 3.989027074350823265e-06
3.281250000000000000e-01 4.131591835751624586e-03 -3.330669073875469621e-16 -2.816862374893647214e-04 -2.233207079888055446e-05
3.437500000000000000e-01 3.943610473831856734e-03 -8.326672684688674053e-17 -1.050253794162570031e-04 1.332660593632590401e-04
3.593750000000000000e-01 3.772528016384916246e-03 2.282474514606269233e-16 -1.527310385471825072e-04 3.288566217783325807e-05
3.750000000000000000e-01 3.615467697408447645e-03 5.767955557622883589e-17 -2.004366976781080112e-04 5.787236028322040315e-05
3.906250000000000000e-01 3.470901869806218565e-03 5.551115123125782702e-17 -1.886242556976558404e-04 1.015348239916114004e-05
4.062500000000000000e-01 3.337613744739065247e-03 7.494005416219806648e-16 -1.768118137172036697e-04 5.135388333990520415e-05
4.218750000000000000e-01 3.214275696581586628e-03 9.742317704139389167e-16 -1.790114932015973714e-04 1.182798634973697416e-05
4.375000000000000000e-01 3.099780313367361904e-03 1.804112415015879378e-15 -1.812111726859910732e-04 3.746864864104249015e-05
4.531250000000000000e-01 2.993185984398766264e-03 0.000000000000000000e+00 -1.876021480663458973e-04 5.404136267867301613e-06
4.687500000000000000e-01 2.893683978038241733e-03 2.489328188026718180e-15 -1.939931234467007215e-04 2.295613955005659790e-05
4.843750000000000000e-01 2.800627830641999605e-03 2.491062911502694988e-15 -1.706562036565828500e-04 1.415510840224731837e-05
5.000000000000000000e-01 2.713499321933000516e-03 3.053113317719180486e-15 -1.473192838664649784e-04 4.416226168677591518e-05
5.156250000000000000e-01 2.631436421265953562e-03 1.776356839400250465e-15 -2.386660861171674419e-04 -2.391131601332287249e-05
5.312500000000000000e-01 2.553495091405011408e-03 3.164135620181696140e-15 -3.300128883678699054e-04 -5.512579820424190480e-05
5.468750000000000000e-01 2.480219720851391252e-03 3.552713678800500929e-15 2.948127880653128585e-06 1.142615980751493510e-04
5.625000000000000000e-01 2.412634515643774513e-03 3.250871793980536495e-15 3.359091441291761626e-04 2.797108545194160190e-04
5.781250000000000000e-01 2.346263872793030465e-03 3.670095504631001870e-15 -8.769559580210639638e-04 -3.583687794134152865e-04
5.937500000000000000e-01 2.276683202493398617e-03 3.386180225106727448e-15 -2.089821060171304090e-03 -1.006355524247104505e-03
6.093750000000000000e-01 2.173199370641804799e-03 3.280270613513838751e-15 -1.072810532752954682e-02 -5.287716950242334936e-03
6.250000000000000000e-01 2.005156088074291909e-03 2.886579864025407005e-15 -1.936638959488778955e-02 -9.582859391776665792e-03
6.406250000000000000e-01 1.811963225563868567e-03 2.872702076217592548e-15 -1.830911668395718284e-02 -9.040998697728066039e-03
6.562500000000000000e-01 1.633096692183594410e-03 2.331468351712828735e-15 -1.725184377302657612e-02 -8.518552343002097627e-03
6.718750000000000000e-01 1.460127806722120829e-03 2.192690473634684167e-15 -1.830380232637190963e-02 -9.049792936710449737e-03
6.875000000000000000e-01 1.284194839695014913e-03 2.220446049250313081e-15 -1.935576087971724313e-02 -9.566760157926193497e-03
7.031250000000000000e-01 1.106631713032918364e-03 1.832735352369496695e-15 -2.000745506723328182e-02 -9.898423284037845271e-03
7.187500000000000000e-01 9.289302695038039424e-04 1.498801083243961330e-15 -2.065914925474932051e-02 -1.022099192870187800e-02
7.343750000000000000e-01 7.542995515337192446e-04 1.440687846798738292e-15 -2.047434258966557286e-02 -1.013294060752108899e-02
7.500000000000000000e-01 5.858869682176550114e-04 1.221245327087672194e-15 -2.028953592458182520e-02 -1.002484694538169352e-02
7.656250000000000000e-01 4.097866341697207343e-04 1.061650767297805942e-15 -2.356431086979987599e-02 -1.166629133621998639e-02
7.812500000000000000e-01 2.117797995964468272e-04 1.026956297778269800e-15 -2.683908581501792678e-02 -1.326296439851971584e-02
7.968750000000000000e-01 5.199738910194665054e-05 7.355227538141662080e-16 -1.452680761989927349e-02 -7.132424393291456749e-03
8.125000000000000000e-01 -9.641324705024489905e-06 6.661338147750939243e-16 -2.214529424780620204e-03 -9.474726448444881211e-04
8.281250000000000000e-01 -1.725234484276083613e-05 6.106226635438360972e-16 -9.595748013566107737e-04 -3.572606681709445493e-04
8.437500000000000000e-01 -1.470072384990306347e-05 6.959997729788069271e-16 2.953798220673986563e-04 2.734233162518815222e-04
8.593750000000000000e-01 -8.876112056179332258e-06 6.106226635438360972e-16 -4.638369254955643228e-05 9.383715773566322482e-05
8.750000000000000000e-01 -6.302749611444712936e-06 4.996003610813204432e-16 -3.881472071665115209e-04 -7.505652606994871927e-05
8.906250000000000000e-01 -5.236290892669803743e-06 1.353084311261909534e-15 -3.035517355839401077e-04 -2.694801653510385270e-05
9.062500000000000000e-01 -3.838008301393358579e-06 1.831867990631508292e-15 -2.189562640013686945e-04 1.584326298406112696e-05
9.218750000000000000e-01 -2.476148843232253614e-06 1.599415044850616141e-15 -2.502526668239357654e-04 6.159269303397663098e-06
9.375000000000000000e-01 -1.559293764469282806e-06 1.276756478318930021e-15 -2.815490696465028364e-04 -6.663757960567675989e-06
9.531250000000000000e-01 -9.261881440681068500e-07 9.850028617798827109e-16 -2.839753380594611798e-04 -2.313792928310321904e-06
9.687500000000000000e-01 -4.312506695693818918e-07 8.211747254405210583e-16 -2.864016064724195232e-04 1.171413639705054500e-06
9.843750000000000000e-01 -1.057758712830953142e-07 3.192689789047908249e-16 -3.012074488963900620e-04 -1.731346281365179102e-07
1.000000000000000000e+00 0.000000000000000000e+00 0.000000000000000000e+00 -3.160132913203606009e-04 -2.607099019840203248e-07
