# # x,y,exx,eyy,exy
3.1250e+03 7.8125e+02 1.9113e-31 -3.3120e-31 1.5609e-16
9.3750e+03 7.8125e+02 -3.2460e-33 4.9612e-31 1.5609e-16
1.5625e+04 7.8125e+02 -8.9150e-32 -3.2312e-31 1.5609e-16
2.1875e+04 7.8125e+02 -5.2909e-31 8.7107e-31 1.5609e-16
2.8125e+04 7.8125e+02 -4.7272e-31 6.8124e-31 1.5609e-16
3.4375e+04 7.8125e+02 6.4377e-32 -1.9454e-31 1.5609e-16
4.0625e+04 7.8125e+02 7.8879e-32 2.4234e-31 1.5609e-16
4.6875e+04 7.8125e+02 6.8169e-31 -1.0670e-30 1.5609e-16
5.3125e+04 7.8125e+02 6.4287e-31 -4.0659e-31 1.5609e-16
5.9375e+04 7.8125e+02 1.0241e-30 -1.1841e-30 1.5609e-16
6.5625e+04 7.8125e+02 4.8540e-31 -3.0965e-32 1.5609e-16
7.1875e+04 7.8125e+02 5.0578e-31 -1.1706e-30 1.5609e-16
7.8125e+04 7.8125e+02 1.7148e-31 1.0400e-31 1.5609e-16
8.4375e+04 7.8125e+02 -4.7673e-31 2.9182e-31 1.5609e-16
9.0625e+04 7.8125e+02 -1.6519e-31 2.3460e-31 1.5609e-16
9.6875e+04 7.8125e+02 -3.0548e-31 3.3995e-31 1.5609e-16
3.1250e+03 2.3438e+03 7.5868e-31 -1.2844e-30 1.4828e-16
9.3750e+03 2.3438e+03 2.4825e-31 6.9941e-31 1.4828e-16
1.5625e+04 2.3438e+03 -5.4045e-31 -3.5004e-32 1.4828e-16
2.1875e+04 2.3438e+03 -1.4611e-30 8.7646e-31 1.4828e-16
2.8125e+04 2.3438e+03 -1.3801e-30 1.2198e-30 1.4828e-16
3.4375e+04 2.3438e+03 2.8765e-32 -7.9635e-31 1.4828e-16
4.0625e+04 2.3438e+03 3.5262e-31 4.2005e-31 1.4828e-16
4.6875e+04 2.3438e+03 1.7669e-30 -1.8546e-30 1.4828e-16
5.3125e+04 2.3438e+03 1.8030e-30 -2.2861e-30 1.4828e-16
5.9375e+04 2.3438e+03 2.9225e-30 -3.4796e-30 1.4828e-16
6.5625e+04 2.3438e+03 1.6761e-30 -9.4714e-31 1.4828e-16
7.1875e+04 2.3438e+03 1.1470e-30 -1.6491e-30 1.4828e-16
7.8125e+04 2.3438e+03 2.2444e-31 4.1399e-32 1.4828e-16
8.4375e+04 2.3438e+03 -1.1845e-30 9.6834e-31 1.4828e-16
9.0625e+04 2.3438e+03 -5.1773e-31 6.1400e-31 1.4828e-16
9.6875e+04 2.3438e+03 -7.0081e-31 8.1023e-31 1.4828e-16
3.1250e+03 3.9062e+03 2.6007e-30 -1.2494e-30 1.4047e-16
9.3750e+03 3.9062e+03 9.5361e-31 -1.1861e-30 1.4047e-16
1.5625e+04 3.9062e+03 -9.8470e-31 2.1193e-30 1.4047e-16
2.1875e+04 3.9062e+03 -2.8189e-30 2.9446e-30 1.4047e-16
2.8125e+04 3.9062e+03 -1.7192e-30 5.8565e-30 1.4047e-16
3.4375e+04 3.9062e+03 -3.4913e-31 1.1578e-30 1.4047e-16
4.0625e+04 3.9062e+03 6.2806e-31 -9.6935e-31 1.4047e-16
4.6875e+04 3.9062e+03 2.6410e-30 -4.9248e-30 1.4047e-16
5.3125e+04 3.9062e+03 2.6967e-30 -1.8835e-30 1.4047e-16
5.9375e+04 3.9062e+03 4.2122e-30 -4.2880e-30 1.4047e-16
6.5625e+04 3.9062e+03 3.2457e-30 -3.7963e-30 1.4047e-16
7.1875e+04 3.9062e+03 1.5351e-30 -1.4025e-30 1.4047e-16
7.8125e+04 3.9062e+03 -1.4883e-31 -3.2716e-31 1.4047e-16
8.4375e+04 3.9062e+03 -1.6335e-30 1.4109e-30 1.4047e-16
9.0625e+04 3.9062e+03 -1.0706e-30 1.0672e-30 1.4047e-16
9.6875e+04 3.9062e+03 -8.2821e-31 9.3124e-31 1.4047e-16
3.1250e+03 5.4688e+03 4.2016e-30 -2.6926e-30 1.3266e-16
9.3750e+03 5.4688e+03 1.6681e-30 -2.5082e-30 1.3266e-16
1.5625e+04 5.4688e+03 -1.4303e-30 -4.5884e-30 1.3266e-16
2.1875e+04 5.4688e+03 -4.2275e-30 6.6439e-30 1.3266e-16
2.8125e+04 5.4688e+03 -1.0792e-30 -1.8122e-30 1.3266e-16
3.4375e+04 5.4688e+03 -1.1111e-30 -4.8468e-32 1.3266e-16
4.0625e+04 5.4688e+03 1.3846e-30 -3.2581e-31 1.3266e-16
4.6875e+04 5.4688e+03 2.4556e-30 -1.3409e-30 1.3266e-16
5.3125e+04 5.4688e+03 3.5959e-30 -2.6428e-30 1.3266e-16
5.9375e+04 5.4688e+03 4.5882e-30 -3.6876e-30 1.3266e-16
6.5625e+04 5.4688e+03 4.6198e-30 -4.7118e-30 1.3266e-16
7.1875e+04 5.4688e+03 1.3859e-30 -1.2225e-30 1.3266e-16
7.8125e+04 5.4688e+03 -7.8838e-31 1.8108e-30 1.3266e-16
8.4375e+04 5.4688e+03 -1.8445e-30 1.5079e-30 1.3266e-16
9.0625e+04 5.4688e+03 -1.6617e-30 1.8647e-30 1.3266e-16
9.6875e+04 5.4688e+03 -7.7830e-31 5.6815e-31 1.3266e-16
3.1250e+03 7.0312e+03 1.7426e-30 -2.1110e-30 1.2484e-16
9.3750e+03 7.0312e+03 2.2471e-30 -1.7664e-30 1.2484e-16
1.5625e+04 7.0312e+03 -3.2773e-30 7.7925e-30 1.2484e-16
2.1875e+04 7.0312e+03 -3.8492e-30 2.3749e-30 1.2484e-16
2.8125e+04 7.0312e+03 -1.3081e-30 2.1541e-30 1.2484e-16
3.4375e+04 7.0312e+03 -2.3043e-31 1.0663e-30 1.2484e-16
4.0625e+04 7.0312e+03 8.8380e-31 -1.1417e-30 1.2484e-16
4.6875e+04 7.0312e+03 2.3628e-30 -2.8946e-30 1.2484e-16
5.3125e+04 7.0312e+03 4.4703e-30 -7.4075e-30 1.2484e-16
5.9375e+04 7.0312e+03 4.9742e-30 -4.8845e-30 1.2484e-16
6.5625e+04 7.0312e+03 5.0293e-30 -3.9232e-30 1.2484e-16
7.1875e+04 7.0312e+03 1.3578e-30 -1.6356e-30 1.2484e-16
7.8125e+04 7.0312e+03 -8.7671e-31 8.4145e-31 1.2484e-16
8.4375e+04 7.0312e+03 -2.1521e-30 1.7334e-30 1.2484e-16
9.0625e+04 7.0312e+03 -2.0195e-30 1.9703e-30 1.2484e-16
9.6875e+04 7.0312e+03 -1.0542e-30 1.4863e-30 1.2484e-16
3.1250e+03 8.5938e+03 -9.4042e-31 1.3786e-30 1.1703e-16
9.3750e+03 8.5938e+03 2.1397e-30 4.7391e-31 1.1703e-16
1.5625e+04 8.5938e+03 -4.5909e-30 6.4300e-30 1.1703e-16
2.1875e+04 8.5938e+03 -3.3455e-30 3.0535e-30 1.1703e-16
2.8125e+04 8.5938e+03 -1.2668e-30 1.3248e-30 1.1703e-16
3.4375e+04 8.5938e+03 8.4547e-31 -1.1848e-30 1.1703e-16
4.0625e+04 8.5938e+03 6.1975e-31 -4.5018e-31 1.1703e-16
4.6875e+04 8.5938e+03 2.6321e-30 -2.4522e-30 1.1703e-16
5.3125e+04 8.5938e+03 4.7465e-30 -4.1669e-30 1.1703e-16
5.9375e+04 8.5938e+03 4.6416e-30 -4.6665e-30 1.1703e-16
6.5625e+04 8.5938e+03 4.7591e-30 -5.3289e-30 1.1703e-16
7.1875e+04 8.5938e+03 1.1242e-30 -1.5792e-30 1.1703e-16
7.8125e+04 8.5938e+03 -6.1908e-31 1.1471e-30 1.1703e-16
8.4375e+04 8.5938e+03 -2.5867e-30 3.0757e-30 1.1703e-16
9.0625e+04 8.5938e+03 -2.1093e-30 2.8508e-30 1.1703e-16
9.6875e+04 8.5938e+03 -1.3306e-30 1.4802e-30 1.1703e-16
3.1250e+03 1.0156e+04 -8.7932e-31 1.3786e-30 1.0922e-16
9.3750e+03 1.0156e+04 1.8680e-30 -4.6744e-30 1.0922e-16
1.5625e+04 1.0156e+04 -5.3270e-30 4.9652e-30 1.0922e-16
2.1875e+04 1.0156e+04 -3.6372e-30 4.1628e-30 1.0922e-16
2.8125e+04 1.0156e+04 -9.4588e-31 1.0823e-30 1.0922e-16
3.4375e+04 1.0156e+04 1.5559e-30 -8.6165e-31 1.0922e-16
4.0625e+04 1.0156e+04 1.1761e-30 -8.0824e-31 1.0922e-16
4.6875e+04 1.0156e+04 3.0781e-30 -3.1243e-30 1.0922e-16
5.3125e+04 1.0156e+04 3.9860e-30 -3.7872e-30 1.0922e-16
5.9375e+04 1.0156e+04 4.7935e-30 -5.5609e-30 1.0922e-16
6.5625e+04 1.0156e+04 4.0473e-30 -3.4491e-30 1.0922e-16
7.1875e+04 1.0156e+04 1.4511e-30 -3.5543e-31 1.0922e-16
7.8125e+04 1.0156e+04 -1.3191e-30 6.0450e-31 1.0922e-16
8.4375e+04 1.0156e+04 -2.8229e-30 3.2150e-30 1.0922e-16
9.0625e+04 1.0156e+04 -2.9525e-30 3.7953e-30 1.0922e-16
9.6875e+04 1.0156e+04 -1.0927e-30 1.0068e-30 1.0922e-16
3.1250e+03 1.1719e+04 2.3054e-31 -9.4781e-31 1.0141e-16
9.3750e+03 1.1719e+04 1.0583e-30 -6.8932e-31 1.0141e-16
1.5625e+04 1.1719e+04 -5.3872e-30 6.5377e-30 1.0141e-16
2.1875e+04 1.1719e+04 -4.8399e-30 3.2850e-30 1.0141e-16
2.8125e+04 1.1719e+04 -1.3306e-31 1.5632e-31 1.0141e-16
3.4375e+04 1.1719e+04 2.1181e-30 -1.4648e-30 1.0141e-16
4.0625e+04 1.1719e+04 1.7239e-30 -3.0848e-30 1.0141e-16
4.6875e+04 1.1719e+04 3.2933e-30 -2.4072e-30 1.0141e-16
5.3125e+04 1.1719e+04 3.9629e-30 -4.1844e-30 1.0141e-16
5.9375e+04 1.1719e+04 3.9318e-30 -4.4280e-30 1.0141e-16
6.5625e+04 1.1719e+04 3.6897e-30 -3.7266e-30 1.0141e-16
7.1875e+04 1.1719e+04 1.1890e-30 -1.1201e-30 1.0141e-16
7.8125e+04 1.1719e+04 -1.7341e-30 1.6587e-30 1.0141e-16
8.4375e+04 1.1719e+04 -3.2141e-30 2.9727e-30 1.0141e-16
9.0625e+04 1.1719e+04 -3.1042e-30 3.1558e-30 1.0141e-16
9.6875e+04 1.1719e+04 -1.0611e-30 1.2912e-30 1.0141e-16
3.1250e+03 1.3281e+04 1.3452e-31 1.5402e-30 9.3594e-17
9.3750e+03 1.3281e+04 -4.6152e-31 3.5004e-30 9.3594e-17
1.5625e+04 1.3281e+04 -5.9816e-30 8.5195e-30 9.3594e-17
2.1875e+04 1.3281e+04 -3.8006e-30 4.3190e-30 9.3594e-17
2.8125e+04 1.3281e+04 -2.2160e-31 -8.2395e-31 9.3594e-17
3.4375e+04 1.3281e+04 2.6220e-30 -2.2995e-30 9.3594e-17
4.0625e+04 1.3281e+04 2.1621e-30 -1.9710e-30 9.3594e-17
4.6875e+04 1.3281e+04 3.3388e-30 -2.5203e-30 9.3594e-17
5.3125e+04 1.3281e+04 4.7147e-30 -5.2453e-30 9.3594e-17
5.9375e+04 1.3281e+04 2.8098e-30 -3.2668e-30 9.3594e-17
6.5625e+04 1.3281e+04 3.1111e-30 -4.1574e-30 9.3594e-17
7.1875e+04 1.3281e+04 2.0497e-31 -1.3248e-30 9.3594e-17
7.8125e+04 1.3281e+04 -2.1413e-30 1.9926e-30 9.3594e-17
8.4375e+04 1.3281e+04 -3.1873e-30 3.4466e-30 9.3594e-17
9.0625e+04 1.3281e+04 -2.7869e-30 3.1881e-30 9.3594e-17
9.6875e+04 1.3281e+04 -6.9770e-31 6.8993e-31 9.3594e-17
3.1250e+03 1.4844e+04 -7.3027e-31 7.0009e-31 8.5781e-17
9.3750e+03 1.4844e+04 -1.9775e-30 4.1898e-30 8.5781e-17
1.5625e+04 1.4844e+04 -5.0758e-30 1.1309e-30 8.5781e-17
2.1875e+04 1.4844e+04 -3.6097e-30 2.6603e-30 8.5781e-17
2.8125e+04 1.4844e+04 -4.2142e-32 -8.7780e-31 8.5781e-17
3.4375e+04 1.4844e+04 2.7577e-30 -2.1164e-30 8.5781e-17
4.0625e+04 1.4844e+04 2.1416e-30 -3.4035e-30 8.5781e-17
4.6875e+04 1.4844e+04 3.4291e-30 -1.9775e-30 8.5781e-17
5.3125e+04 1.4844e+04 3.6511e-30 -4.2126e-30 8.5781e-17
5.9375e+04 1.4844e+04 2.9694e-30 -1.4002e-30 8.5781e-17
6.5625e+04 1.4844e+04 2.3063e-30 -1.0555e-30 8.5781e-17
7.1875e+04 1.4844e+04 1.3514e-31 -7.3240e-31 8.5781e-17
7.8125e+04 1.4844e+04 -3.0614e-30 3.1235e-30 8.5781e-17
8.4375e+04 1.4844e+04 -3.4491e-30 3.9959e-30 8.5781e-17
9.0625e+04 1.4844e+04 -2.0833e-30 2.7465e-30 8.5781e-17
9.6875e+04 1.4844e+04 -2.3110e-31 6.6368e-31 8.5781e-17
3.1250e+03 1.6406e+04 -2.1163e-30 2.6280e-30 7.7969e-17
9.3750e+03 1.6406e+04 -2.4751e-30 2.2403e-30 7.7969e-17
1.5625e+04 1.6406e+04 -4.5080e-30 4.3082e-30 7.7969e-17
2.1875e+04 1.6406e+04 -3.4935e-30 3.8592e-30 7.7969e-17
2.8125e+04 1.6406e+04 -8.9927e-31 -1.1227e-30 7.7969e-17
3.4375e+04 1.6406e+04 2.1782e-30 -1.6446e-30 7.7969e-17
4.0625e+04 1.6406e+04 3.4074e-30 -3.1578e-30 7.7969e-17
4.6875e+04 1.6406e+04 2.4866e-30 -1.7383e-30 7.7969e-17
5.3125e+04 1.6406e+04 3.2054e-30 -3.8247e-30 7.7969e-17
5.9375e+04 1.6406e+04 2.2158e-30 -2.8757e-30 7.7969e-17
6.5625e+04 1.6406e+04 1.6904e-30 -3.2457e-31 7.7969e-17
7.1875e+04 1.6406e+04 -8.2062e-31 1.1329e-30 7.7969e-17
7.8125e+04 1.6406e+04 -2.8367e-30 4.5344e-30 7.7969e-17
8.4375e+04 1.6406e+04 -3.9185e-30 2.2941e-30 7.7969e-17
9.0625e+04 1.6406e+04 -1.3999e-30 1.5984e-30 7.7969e-17
9.6875e+04 1.6406e+04 4.6694e-32 2.1484e-31 7.7969e-17
3.1250e+03 1.7969e+04 -3.1121e-30 4.4869e-30 7.0156e-17
9.3750e+03 1.7969e+04 -3.1058e-30 3.5607e-30 7.0156e-17
1.5625e+04 1.7969e+04 -4.1093e-30 2.1653e-30 7.0156e-17
2.1875e+04 1.7969e+04 -2.5054e-30 1.8327e-30 7.0156e-17
2.8125e+04 1.7969e+04 -1.6995e-30 2.2529e-30 7.0156e-17
3.4375e+04 1.7969e+04 8.3428e-31 -1.0102e-30 7.0156e-17
4.0625e+04 1.7969e+04 3.7494e-30 -3.1083e-30 7.0156e-17
4.6875e+04 1.7969e+04 1.8963e-30 -3.2076e-30 7.0156e-17
5.3125e+04 1.7969e+04 2.9623e-30 -1.9135e-30 7.0156e-17
5.9375e+04 1.7969e+04 1.5777e-30 -2.5931e-30 7.0156e-17
6.5625e+04 1.7969e+04 1.3125e-30 -5.3168e-31 7.0156e-17
7.1875e+04 1.7969e+04 -1.7736e-30 8.9195e-31 7.0156e-17
7.8125e+04 1.7969e+04 -2.3090e-30 2.6191e-30 7.0156e-17
8.4375e+04 1.7969e+04 -4.4810e-30 3.8249e-30 7.0156e-17
9.0625e+04 1.7969e+04 -6.6373e-31 3.7869e-30 7.0156e-17
9.6875e+04 1.7969e+04 -9.6991e-31 5.9878e-31 7.0156e-17
3.1250e+03 1.9531e+04 -2.1147e-30 -1.8158e-30 6.2344e-17
9.3750e+03 1.9531e+04 -3.3747e-30 3.8333e-30 6.2344e-17
1.5625e+04 1.9531e+04 -3.2444e-30 7.1995e-31 6.2344e-17
2.1875e+04 1.9531e+04 -2.3733e-30 2.3211e-30 6.2344e-17
2.8125e+04 1.9531e+04 -2.4173e-30 3.3299e-30 6.2344e-17
3.4375e+04 1.9531e+04 1.4371e-31 -1.1099e-30 6.2344e-17
4.0625e+04 1.9531e+04 3.4829e-30 -3.0858e-30 6.2344e-17
4.6875e+04 1.9531e+04 2.3078e-30 -1.9811e-30 6.2344e-17
5.3125e+04 1.9531e+04 1.7375e-30 -2.7886e-30 6.2344e-17
5.9375e+04 1.9531e+04 8.0045e-31 -1.3367e-30 6.2344e-17
6.5625e+04 1.9531e+04 5.6592e-31 7.2054e-31 6.2344e-17
7.1875e+04 1.9531e+04 -2.4134e-30 2.0127e-30 6.2344e-17
7.8125e+04 1.9531e+04 -2.2462e-30 3.4387e-30 6.2344e-17
8.4375e+04 1.9531e+04 -4.5007e-30 4.5336e-30 6.2344e-17
9.0625e+04 1.9531e+04 -1.0467e-32 -8.6703e-31 6.2344e-17
9.6875e+04 1.9531e+04 -1.3763e-30 1.7664e-30 6.2344e-17
3.1250e+03 2.1094e+04 -1.2276e-30 -3.5375e-31 5.4531e-17
9.3750e+03 2.1094e+04 -4.5119e-30 1.0002e-29 5.4531e-17
1.5625e+04 2.1094e+04 -2.7267e-30 4.4017e-31 5.4531e-17
2.1875e+04 2.1094e+04 -2.0823e-30 2.0767e-30 5.4531e-17
2.8125e+04 2.1094e+04 -2.0450e-30 2.6671e-30 5.4531e-17
3.4375e+04 2.1094e+04 1.7258e-31 -9.4415e-31 5.4531e-17
4.0625e+04 2.1094e+04 2.1187e-30 -2.8627e-30 5.4531e-17
4.6875e+04 2.1094e+04 2.2076e-30 -1.9583e-30 5.4531e-17
5.3125e+04 2.1094e+04 1.0406e-30 -1.4593e-30 5.4531e-17
5.9375e+04 2.1094e+04 6.2756e-31 -4.6234e-31 5.4531e-17
6.5625e+04 2.1094e+04 -6.1838e-31 4.0775e-31 5.4531e-17
7.1875e+04 2.1094e+04 -3.1112e-30 2.7044e-30 5.4531e-17
7.8125e+04 2.1094e+04 -1.7833e-30 2.8579e-30 5.4531e-17
8.4375e+04 2.1094e+04 -4.4381e-30 3.3586e-30 5.4531e-17
9.0625e+04 2.1094e+04 -9.4453e-31 2.0356e-30 5.4531e-17
9.6875e+04 2.1094e+04 -1.2744e-30 1.6371e-30 5.4531e-17
3.1250e+03 2.2656e+04 -1.5923e-30 2.6933e-30 4.6719e-17
9.3750e+03 2.2656e+04 -4.9721e-30 4.9767e-30 4.6719e-17
1.5625e+04 2.2656e+04 -2.4942e-30 1.3905e-30 4.6719e-17
2.1875e+04 2.2656e+04 -2.2769e-30 2.0417e-30 4.6719e-17
2.8125e+04 2.2656e+04 -1.5989e-30 2.0408e-30 4.6719e-17
3.4375e+04 2.2656e+04 -4.6452e-31 6.7877e-31 4.6719e-17
4.0625e+04 2.2656e+04 1.0484e-30 -8.8049e-31 4.6719e-17
4.6875e+04 2.2656e+04 2.3402e-30 -1.9074e-30 4.6719e-17
5.3125e+04 2.2656e+04 -1.1555e-30 4.2117e-31 4.6719e-17
5.9375e+04 2.2656e+04 8.0123e-32 6.0343e-31 4.6719e-17
6.5625e+04 2.2656e+04 -1.2826e-30 5.8825e-31 4.6719e-17
7.1875e+04 2.2656e+04 -3.3826e-30 3.5650e-30 4.6719e-17
7.8125e+04 2.2656e+04 -1.8960e-30 2.3040e-30 4.6719e-17
8.4375e+04 2.2656e+04 -3.3084e-30 2.7816e-30 4.6719e-17
9.0625e+04 2.2656e+04 -2.7237e-30 3.2826e-30 4.6719e-17
9.6875e+04 2.2656e+04 -5.0806e-31 1.9686e-30 4.6719e-17
3.1250e+03 2.4219e+04 -1.6897e-30 2.7441e-30 3.8906e-17
9.3750e+03 2.4219e+04 -4.9150e-30 4.6828e-30 3.8906e-17
1.5625e+04 2.4219e+04 -1.8981e-30 3.5089e-30 3.8906e-17
2.1875e+04 2.4219e+04 -1.2724e-30 -4.1180e-31 3.8906e-17
2.8125e+04 2.4219e+04 -1.2567e-30 1.7714e-30 3.8906e-17
3.4375e+04 2.4219e+04 -1.8906e-30 1.5440e-30 3.8906e-17
4.0625e+04 2.4219e+04 2.5639e-31 2.2315e-31 3.8906e-17
4.6875e+04 2.4219e+04 1.8705e-30 -1.4871e-30 3.8906e-17
5.3125e+04 2.4219e+04 -2.8192e-30 1.6030e-30 3.8906e-17
5.9375e+04 2.4219e+04 -1.9815e-30 2.3166e-30 3.8906e-17
6.5625e+04 2.4219e+04 -1.9853e-30 2.0297e-30 3.8906e-17
7.1875e+04 2.4219e+04 -3.1833e-30 3.3819e-30 3.8906e-17
7.8125e+04 2.4219e+04 -1.4942e-30 1.2021e-30 3.8906e-17
8.4375e+04 2.4219e+04 -2.2853e-30 2.3475e-30 3.8906e-17
9.0625e+04 2.4219e+04 -3.4705e-30 5.0788e-30 3.8906e-17
9.6875e+04 2.4219e+04 1.2828e-30 -2.0675e-30 3.8906e-17
3.1250e+03 2.5781e+04 -4.8854e-30 4.8898e-30 3.1094e-17
9.3750e+03 2.5781e+04 -3.3461e-30 3.6405e-30 3.1094e-17
1.5625e+04 2.5781e+04 -1.0472e-30 5.4612e-33 3.1094e-17
2.1875e+04 2.5781e+04 -1.2437e-30 2.1655e-30 3.1094e-17
2.8125e+04 2.5781e+04 -2.0192e-30 1.2416e-30 3.1094e-17
3.4375e+04 2.5781e+04 -5.0440e-31 1.0572e-30 3.1094e-17
4.0625e+04 2.5781e+04 -1.8016e-30 8.3668e-31 3.1094e-17
4.6875e+04 2.5781e+04 8.2582e-32 1.2005e-30 3.1094e-17
5.3125e+04 2.5781e+04 -2.0824e-30 8.6780e-31 3.1094e-17
5.9375e+04 2.5781e+04 -3.4106e-30 3.4766e-30 3.1094e-17
6.5625e+04 2.5781e+04 -3.9237e-30 5.1191e-30 3.1094e-17
7.1875e+04 2.5781e+04 -2.9184e-30 3.0160e-30 3.1094e-17
7.8125e+04 2.5781e+04 -1.5950e-30 8.6044e-31 3.1094e-17
8.4375e+04 2.5781e+04 -6.1517e-31 9.1480e-31 3.1094e-17
9.0625e+04 2.5781e+04 -3.0347e-30 4.8983e-30 3.1094e-17
9.6875e+04 2.5781e+04 7.4953e-31 1.5001e-30 3.1094e-17
3.1250e+03 2.7344e+04 -5.0926e-30 5.2345e-30 2.3281e-17
9.3750e+03 2.7344e+04 -3.7907e-30 2.3229e-30 2.3281e-17
1.5625e+04 2.7344e+04 -3.6620e-31 1.3961e-30 2.3281e-17
2.1875e+04 2.7344e+04 -3.6342e-30 3.5017e-30 2.3281e-17
2.8125e+04 2.7344e+04 -2.1689e-30 1.9041e-30 2.3281e-17
3.4375e+04 2.7344e+04 -2.9810e-31 1.3685e-30 2.3281e-17
4.0625e+04 2.7344e+04 -2.2906e-30 1.8385e-30 2.3281e-17
4.6875e+04 2.7344e+04 -1.9075e-30 1.6051e-30 2.3281e-17
5.3125e+04 2.7344e+04 -1.3283e-30 -6.5190e-32 2.3281e-17
5.9375e+04 2.7344e+04 -5.2919e-30 5.1264e-30 2.3281e-17
6.5625e+04 2.7344e+04 -4.0392e-30 5.1972e-30 2.3281e-17
7.1875e+04 2.7344e+04 -2.3200e-30 3.6707e-30 2.3281e-17
7.8125e+04 2.7344e+04 -2.7801e-30 1.7363e-30 2.3281e-17
8.4375e+04 2.7344e+04 3.3275e-31 -1.0588e-31 2.3281e-17
9.0625e+04 2.7344e+04 -1.8733e-30 -5.1077e-30 2.3281e-17
9.6875e+04 2.7344e+04 -1.0066e-30 6.1152e-31 2.3281e-17
3.1250e+03 2.8906e+04 -3.4436e-30 1.8726e-30 1.5466e-17
9.3750e+03 2.8906e+04 -6.4646e-30 5.5450e-30 1.5466e-17
1.5625e+04 2.8906e+04 -6.0059e-31 1.8985e-30 1.5466e-17
2.1875e+04 2.8906e+04 -7.1142e-30 6.6903e-30 1.5466e-17
2.8125e+04 2.8906e+04 -1.3764e-30 2.1044e-30 1.5466e-17
3.4375e+04 2.8906e+04 -1.6337e-31 6.1737e-32 1.5466e-17
4.0625e+04 2.8906e+04 -3.0411e-30 2.1735e-30 1.5466e-17
4.6875e+04 2.8906e+04 -1.1138e-30 1.3976e-30 1.5466e-17
5.3125e+04 2.8906e+04 -2.4278e-30 2.3627e-30 1.5466e-17
5.9375e+04 2.8906e+04 -7.2607e-30 8.0074e-30 1.5466e-17
6.5625e+04 2.8906e+04 -2.9999e-30 3.4670e-30 1.5466e-17
7.1875e+04 2.8906e+04 -2.3193e-30 2.3288e-30 1.5466e-17
7.8125e+04 2.8906e+04 -9.9980e-31 1.8466e-30 1.5466e-17
8.4375e+04 2.8906e+04 1.1239e-30 -1.8064e-30 1.5466e-17
9.0625e+04 2.8906e+04 -1.3564e-30 -1.2077e-30 1.5466e-17
9.6875e+04 2.8906e+04 -2.7632e-30 3.1706e-30 1.5466e-17
3.1250e+03 3.0469e+04 -2.8633e-30 2.3275e-30 9.8225e-18
9.3750e+03 3.0469e+04 -5.1006e-30 4.8940e-30 9.8225e-18
1.5625e+04 3.0469e+04 -2.1183e-30 1.8183e-30 9.8225e-18
2.1875e+04 3.0469e+04 -8.7078e-30 8.2046e-30 9.8225e-18
2.8125e+04 3.0469e+04 4.5666e-31 1.9746e-30 9.8225e-18
3.4375e+04 3.0469e+04 -4.6408e-31 -1.3817e-31 9.8225e-18
4.0625e+04 3.0469e+04 -2.3279e-30 1.0726e-30 9.8225e-18
4.6875e+04 3.0469e+04 1.4344e-31 1.3827e-31 9.8225e-18
5.3125e+04 3.0469e+04 -5.2233e-30 4.1468e-30 9.8225e-18
5.9375e+04 3.0469e+04 -7.7589e-30 8.7670e-30 9.8225e-18
6.5625e+04 3.0469e+04 -4.6003e-30 2.7970e-30 9.8225e-18
7.1875e+04 3.0469e+04 -9.8313e-31 9.2225e-31 9.8225e-18
7.8125e+04 3.0469e+04 -5.4615e-31 8.7685e-31 9.8225e-18
8.4375e+04 3.0469e+04 1.7451e-30 -2.5359e-30 9.8225e-18
9.0625e+04 3.0469e+04 -3.9746e-31 5.1968e-31 9.8225e-18
9.6875e+04 3.0469e+04 -3.2105e-30 -1.5429e-30 9.8225e-18
3.1250e+03 3.2031e+04 -2.5582e-30 3.3286e-30 8.9844e-18
9.3750e+03 3.2031e+04 -1.6063e-30 1.9454e-30 8.9844e-18
1.5625e+04 3.2031e+04 -1.8462e-30 6.5853e-31 8.9844e-18
2.1875e+04 3.2031e+04 -7.9136e-30 8.5172e-30 8.9844e-18
2.8125e+04 3.2031e+04 -1.2766e-31 -1.0173e-30 8.9844e-18
3.4375e+04 3.2031e+04 4.1552e-31 6.7539e-31 8.9844e-18
4.0625e+04 3.2031e+04 -2.4439e-30 1.3823e-30 8.9844e-18
4.6875e+04 3.2031e+04 -1.6567e-30 1.4396e-30 8.9844e-18
5.3125e+04 3.2031e+04 -5.9586e-30 5.9671e-30 8.9844e-18
5.9375e+04 3.2031e+04 -7.8678e-30 7.5449e-30 8.9844e-18
6.5625e+04 3.2031e+04 -4.9624e-30 3.5141e-30 8.9844e-18
7.1875e+04 3.2031e+04 -5.5440e-31 4.7216e-30 8.9844e-18
7.8125e+04 3.2031e+04 -1.6646e-32 1.1392e-30 8.9844e-18
8.4375e+04 3.2031e+04 1.6901e-30 -2.0526e-30 8.9844e-18
9.0625e+04 3.2031e+04 4.0361e-31 -1.3524e-30 8.9844e-18
9.6875e+04 3.2031e+04 -3.3693e-30 4.3268e-30 8.9844e-18
3.1250e+03 3.3594e+04 -1.1232e-30 4.4482e-30 8.2031e-18
9.3750e+03 3.3594e+04 1.0036e-31 3.9296e-31 8.2031e-18
1.5625e+04 3.3594e+04 -1.5256e-30 2.4342e-30 8.2031e-18
2.1875e+04 3.3594e+04 -7.7701e-30 1.6070e-29 8.2031e-18
2.8125e+04 3.3594e+04 7.7625e-31 -3.1019e-30 8.2031e-18
3.4375e+04 3.3594e+04 -1.5677e-32 1.0340e-30 8.2031e-18
4.0625e+04 3.3594e+04 -3.6923e-30 -4.3082e-32 8.2031e-18
4.6875e+04 3.3594e+04 -3.9227e-30 -1.6371e-30 8.2031e-18
5.3125e+04 3.3594e+04 -5.4724e-30 5.4007e-30 8.2031e-18
5.9375e+04 3.3594e+04 -7.0328e-30 8.7673e-30 8.2031e-18
6.5625e+04 3.3594e+04 -5.4438e-30 8.6669e-30 8.2031e-18
7.1875e+04 3.3594e+04 -6.8597e-31 -2.4988e-30 8.2031e-18
7.8125e+04 3.3594e+04 2.4165e-31 -2.8761e-30 8.2031e-18
8.4375e+04 3.3594e+04 1.3943e-30 -2.9707e-31 8.2031e-18
9.0625e+04 3.3594e+04 1.2688e-30 -1.9430e-30 8.2031e-18
9.6875e+04 3.3594e+04 -1.3003e-31 1.5324e-30 8.2031e-18
3.1250e+03 3.5156e+04 1.7944e-30 -7.4963e-30 7.4219e-18
9.3750e+03 3.5156e+04 1.6971e-30 -5.4284e-30 7.4219e-18
1.5625e+04 3.5156e+04 -1.6442e-30 1.5510e-30 7.4219e-18
2.1875e+04 3.5156e+04 -5.5669e-30 -5.5145e-30 7.4219e-18
2.8125e+04 3.5156e+04 1.3028e-30 1.5510e-30 7.4219e-18
3.4375e+04 3.5156e+04 -1.7802e-30 -1.4379e-30 7.4219e-18
4.0625e+04 3.5156e+04 -2.8293e-30 1.4120e-29 7.4219e-18
4.6875e+04 3.5156e+04 -6.5659e-30 9.1765e-30 7.4219e-18
5.3125e+04 3.5156e+04 -4.7070e-30 8.5342e-30 7.4219e-18
5.9375e+04 3.5156e+04 -7.7833e-30 8.0127e-30 7.4219e-18
6.5625e+04 3.5156e+04 -4.0716e-30 9.1961e-30 7.4219e-18
7.1875e+04 3.5156e+04 -1.1951e-30 3.2150e-30 7.4219e-18
7.8125e+04 3.5156e+04 -2.7087e-33 7.2796e-30 7.4219e-18
8.4375e+04 3.5156e+04 4.8199e-31 -2.0464e-31 7.4219e-18
9.0625e+04 3.5156e+04 4.1829e-30 -4.4153e-30 7.4219e-18
9.6875e+04 3.5156e+04 2.8184e-31 3.0158e-31 7.4219e-18
3.1250e+03 3.6719e+04 2.0429e-30 1.3356e-30 6.6406e-18
9.3750e+03 3.6719e+04 3.9156e-30 -3.9420e-30 6.6406e-18
1.5625e+04 3.6719e+04 -2.1941e-31 8.7242e-30 6.6406e-18
2.1875e+04 3.6719e+04 -2.9485e-30 5.5576e-30 6.6406e-18
2.8125e+04 3.6719e+04 4.5087e-31 7.3165e-30 6.6406e-18
3.4375e+04 3.6719e+04 -3.1498e-30 7.4109e-31 6.6406e-18
4.0625e+04 3.6719e+04 -2.5073e-30 1.0612e-30 6.6406e-18
4.6875e+04 3.6719e+04 -8.3155e-30 6.8232e-30 6.6406e-18
5.3125e+04 3.6719e+04 -5.5899e-30 5.6829e-30 6.6406e-18
5.9375e+04 3.6719e+04 -5.9576e-30 5.1732e-30 6.6406e-18
6.5625e+04 3.6719e+04 -3.6821e-30 3.0481e-30 6.6406e-18
7.1875e+04 3.6719e+04 -6.7168e-31 -7.2432e-31 6.6406e-18
7.8125e+04 3.6719e+04 4.5805e-31 -2.6698e-30 6.6406e-18
8.4375e+04 3.6719e+04 -3.8202e-31 4.4604e-30 6.6406e-18
9.0625e+04 3.6719e+04 4.9062e-30 -3.2647e-30 6.6406e-18
9.6875e+04 3.6719e+04 3.1639e-32 -1.3436e-30 6.6406e-18
3.1250e+03 3.8281e+04 2.1168e-30 -5.9023e-30 5.8594e-18
9.3750e+03 3.8281e+04 5.1094e-30 -7.8194e-30 5.8594e-18
1.5625e+04 3.8281e+04 1.9599e-30 -4.1144e-30 5.8594e-18
2.1875e+04 3.8281e+04 -5.1521e-31 -4.2652e-30 5.8594e-18
2.8125e+04 3.8281e+04 4.5034e-31 1.1184e-29 5.8594e-18
3.4375e+04 3.8281e+04 -4.3015e-30 6.4882e-30 5.8594e-18
4.0625e+04 3.8281e+04 -3.8495e-30 2.0518e-30 5.8594e-18
4.6875e+04 3.8281e+04 -7.3022e-30 2.2080e-31 5.8594e-18
5.3125e+04 3.8281e+04 -7.7250e-30 6.3769e-30 5.8594e-18
5.9375e+04 3.8281e+04 -3.8055e-30 1.6292e-30 5.8594e-18
6.5625e+04 3.8281e+04 -3.3130e-30 -9.6934e-31 5.8594e-18
7.1875e+04 3.8281e+04 4.4935e-31 -2.0903e-30 5.8594e-18
7.8125e+04 3.8281e+04 9.6016e-31 -3.4771e-30 5.8594e-18
8.4375e+04 3.8281e+04 -3.0166e-31 1.4163e-30 5.8594e-18
9.0625e+04 3.8281e+04 2.8065e-30 3.8182e-30 5.8594e-18
9.6875e+04 3.8281e+04 -1.2438e-30 5.3788e-32 5.8594e-18
3.1250e+03 3.9844e+04 2.8033e-30 -3.5328e-30 5.0781e-18
9.3750e+03 3.9844e+04 4.5101e-30 -6.6347e-30 5.0781e-18
1.5625e+04 3.9844e+04 5.4251e-30 -8.1856e-30 5.0781e-18
2.1875e+04 3.9844e+04 3.3652e-30 -8.7673e-30 5.0781e-18
2.8125e+04 3.9844e+04 2.3588e-31 -1.5119e-29 5.0781e-18
3.4375e+04 3.9844e+04 -5.5362e-30 -4.4989e-30 5.0781e-18
4.0625e+04 3.9844e+04 -4.8372e-30 6.7585e-30 5.0781e-18
4.6875e+04 3.9844e+04 -6.9084e-30 1.1907e-29 5.0781e-18
5.3125e+04 3.9844e+04 -8.4595e-30 1.0393e-29 5.0781e-18
5.9375e+04 3.9844e+04 -3.5991e-30 8.4386e-30 5.0781e-18
6.5625e+04 3.9844e+04 -3.4953e-30 4.7014e-30 5.0781e-18
7.1875e+04 3.9844e+04 1.1306e-30 -1.3074e-30 5.0781e-18
7.8125e+04 3.9844e+04 3.0462e-31 3.9757e-31 5.0781e-18
8.4375e+04 3.9844e+04 4.4060e-31 5.1484e-31 5.0781e-18
9.0625e+04 3.9844e+04 1.7387e-30 6.5320e-31 5.0781e-18
9.6875e+04 3.9844e+04 -1.5822e-31 -4.2230e-30 5.0781e-18
3.1250e+03 4.1406e+04 -1.9483e-31 3.7051e-30 4.2969e-18
9.3750e+03 4.1406e+04 5.8094e-30 -1.5768e-29 4.2969e-18
1.5625e+04 4.1406e+04 7.3399e-30 -9.8076e-30 4.2969e-18
2.1875e+04 4.1406e+04 6.8772e-30 -1.8187e-29 4.2969e-18
2.8125e+04 4.1406e+04 -3.6888e-30 2.0387e-30 4.2969e-18
3.4375e+04 4.1406e+04 -6.5814e-30 2.6980e-30 4.2969e-18
4.0625e+04 4.1406e+04 -3.4455e-30 5.6646e-30 4.2969e-18
4.6875e+04 4.1406e+04 -5.4212e-30 2.3534e-30 4.2969e-18
5.3125e+04 4.1406e+04 -8.6668e-30 1.2198e-29 4.2969e-18
5.9375e+04 4.1406e+04 -3.3892e-30 2.0313e-30 4.2969e-18
6.5625e+04 4.1406e+04 -3.2558e-30 5.0686e-30 4.2969e-18
7.1875e+04 4.1406e+04 -3.7432e-31 -1.5923e-31 4.2969e-18
7.8125e+04 4.1406e+04 4.9058e-31 -3.8568e-30 4.2969e-18
8.4375e+04 4.1406e+04 1.5139e-30 -1.1988e-30 4.2969e-18
9.0625e+04 4.1406e+04 1.4817e-30 2.3979e-30 4.2969e-18
9.6875e+04 4.1406e+04 7.9099e-31 -9.3185e-31 4.2969e-18
3.1250e+03 4.2969e+04 -4.0175e-31 -4.3082e-31 3.5156e-18
9.3750e+03 4.2969e+04 5.8271e-30 -4.8683e-30 3.5156e-18
1.5625e+04 4.2969e+04 1.0507e-29 -1.1432e-29 3.5156e-18
2.1875e+04 4.2969e+04 4.3983e-30 3.2954e-31 3.5156e-18
2.8125e+04 4.2969e+04 -3.3875e-30 6.1577e-30 3.5156e-18
3.4375e+04 4.2969e+04 -7.2739e-30 2.3318e-30 3.5156e-18
4.0625e+04 4.2969e+04 -3.5195e-30 5.8653e-30 3.5156e-18
4.6875e+04 4.2969e+04 -4.3305e-30 2.8004e-30 3.5156e-18
5.3125e+04 4.2969e+04 -7.4751e-30 8.2982e-30 3.5156e-18
5.9375e+04 4.2969e+04 -3.2790e-30 5.5983e-30 3.5156e-18
6.5625e+04 4.2969e+04 -4.1006e-30 4.0796e-30 3.5156e-18
7.1875e+04 4.2969e+04 -7.7725e-31 -9.6935e-31 3.5156e-18
7.8125e+04 4.2969e+04 -2.9542e-31 -2.3803e-30 3.5156e-18
8.4375e+04 4.2969e+04 2.3752e-30 -1.0808e-29 3.5156e-18
9.0625e+04 4.2969e+04 1.6902e-30 -8.3794e-30 3.5156e-18
9.6875e+04 4.2969e+04 3.2013e-31 -1.3781e-30 3.5156e-18
3.1250e+03 4.4531e+04 1.3817e-30 -3.6189e-30 2.7344e-18
9.3750e+03 4.4531e+04 5.0522e-30 4.3082e-32 2.7344e-18
1.5625e+04 4.4531e+04 1.0712e-29 -1.3226e-29 2.7344e-18
2.1875e+04 4.4531e+04 3.9040e-30 -7.1664e-30 2.7344e-18
2.8125e+04 4.4531e+04 -3.5126e-30 6.1664e-30 2.7344e-18
3.4375e+04 4.4531e+04 -7.6839e-30 8.6703e-30 2.7344e-18
4.0625e+04 4.4531e+04 -2.0150e-30 -1.9614e-30 2.7344e-18
4.6875e+04 4.4531e+04 -3.5500e-30 9.5645e-30 2.7344e-18
5.3125e+04 4.4531e+04 -3.7451e-30 8.9318e-30 2.7344e-18
5.9375e+04 4.4531e+04 -4.8421e-30 1.3025e-29 2.7344e-18
6.5625e+04 4.4531e+04 -4.0340e-30 6.6568e-30 2.7344e-18
7.1875e+04 4.4531e+04 -3.1727e-30 1.6354e-29 2.7344e-18
7.8125e+04 4.4531e+04 -2.5563e-31 1.0143e-29 2.7344e-18
8.4375e+04 4.4531e+04 1.2243e-30 5.4984e-30 2.7344e-18
9.0625e+04 4.4531e+04 1.9710e-30 4.2770e-30 2.7344e-18
9.6875e+04 4.4531e+04 9.3767e-31 -1.9474e-30 2.7344e-18
3.1250e+03 4.6094e+04 1.5786e-30 -7.7548e-31 1.9531e-18
9.3750e+03 4.6094e+04 7.8606e-30 -1.2318e-29 1.9531e-18
1.5625e+04 4.6094e+04 7.7421e-30 -8.9611e-30 1.9531e-18
2.1875e+04 4.6094e+04 4.4124e-30 -2.2256e-30 1.9531e-18
2.8125e+04 4.6094e+04 -3.6509e-30 7.0922e-30 1.9531e-18
3.4375e+04 4.6094e+04 -7.4912e-30 8.2557e-30 1.9531e-18
4.0625e+04 4.6094e+04 -9.0505e-31 -8.9277e-31 1.9531e-18
4.6875e+04 4.6094e+04 -5.0216e-30 -1.5673e-30 1.9531e-18
5.3125e+04 4.6094e+04 -1.1569e-30 -4.0635e-30 1.9531e-18
5.9375e+04 4.6094e+04 -4.9296e-30 7.5539e-30 1.9531e-18
6.5625e+04 4.6094e+04 -4.3998e-30 8.5364e-30 1.9531e-18
7.1875e+04 4.6094e+04 -3.7093e-30 6.4038e-30 1.9531e-18
7.8125e+04 4.6094e+04 5.5965e-31 -8.9665e-31 1.9531e-18
8.4375e+04 4.6094e+04 4.5871e-31 -1.8499e-31 1.9531e-18
9.0625e+04 4.6094e+04 3.8989e-31 5.5877e-30 1.9531e-18
9.6875e+04 4.6094e+04 7.2632e-31 -1.5343e-30 1.9531e-18
3.1250e+03 4.7656e+04 2.6353e-30 -4.6098e-30 1.1719e-18
9.3750e+03 4.7656e+04 7.2087e-30 -4.5917e-30 1.1719e-18
1.5625e+04 4.7656e+04 6.5874e-30 -4.8468e-30 1.1719e-18
2.1875e+04 4.7656e+04 3.6927e-30 -8.9180e-30 1.1719e-18
2.8125e+04 4.7656e+04 -2.1365e-30 -3.1024e-30 1.1719e-18
3.4375e+04 4.7656e+04 -6.9732e-30 2.6222e-30 1.1719e-18
4.0625e+04 4.7656e+04 -1.4772e-30 -3.1558e-30 1.1719e-18
4.6875e+04 4.7656e+04 -6.6596e-30 5.4857e-30 1.1719e-18
5.3125e+04 4.7656e+04 -1.0313e-30 -7.8906e-32 1.1719e-18
5.9375e+04 4.7656e+04 -3.0701e-30 7.2942e-30 1.1719e-18
6.5625e+04 4.7656e+04 -4.8828e-30 -2.3014e-31 1.1719e-18
7.1875e+04 4.7656e+04 -3.9915e-30 -3.2312e-31 1.1719e-18
7.8125e+04 4.7656e+04 2.3009e-30 -6.8447e-30 1.1719e-18
8.4375e+04 4.7656e+04 -2.2787e-31 -1.3711e-30 1.1719e-18
9.0625e+04 4.7656e+04 1.4430e-30 -2.4222e-30 1.1719e-18
9.6875e+04 4.7656e+04 1.4469e-30 -4.2657e-30 1.1719e-18
3.1250e+03 4.9219e+04 4.7307e-30 -8.2718e-30 3.9062e-19
9.3750e+03 4.9219e+04 4.9952e-30 -7.3455e-30 3.9062e-19
1.5625e+04 4.9219e+04 6.7314e-30 -1.0835e-29 3.9062e-19
2.1875e+04 4.9219e+04 2.5891e-30 2.4462e-31 3.9062e-19
2.8125e+04 4.9219e+04 -1.3390e-30 -5.0186e-30 3.9062e-19
3.4375e+04 4.9219e+04 -6.0657e-30 7.1306e-30 3.9062e-19
4.0625e+04 4.9219e+04 -2.1137e-30 3.1262e-30 3.9062e-19
4.6875e+04 4.9219e+04 -6.4461e-30 8.6211e-30 3.9062e-19
5.3125e+04 4.9219e+04 -1.3678e-30 -6.3834e-30 3.9062e-19
5.9375e+04 4.9219e+04 -1.8055e-30 4.0795e-30 3.9063e-19
6.5625e+04 4.9219e+04 -5.5805e-30 4.3714e-30 3.9062e-19
7.1875e+04 4.9219e+04 -3.4225e-30 4.4159e-31 3.9062e-19
7.8125e+04 4.9219e+04 1.0497e-30 8.4549e-31 3.9063e-19
8.4375e+04 4.9219e+04 5.4015e-31 -1.9419e-31 3.9062e-19
9.0625e+04 4.9219e+04 3.1989e-30 -8.7271e-30 3.9062e-19
9.6875e+04 4.9219e+04 1.2646e-30 -2.9839e-30 3.9063e-19
3.1250e+03 5.0781e+04 4.9527e-30 -4.0067e-30 -3.9063e-19
9.3750e+03 5.0781e+04 4.1305e-30 -9.0473e-31 -3.9063e-19
1.5625e+04 5.0781e+04 6.2418e-30 -8.0493e-30 -3.9062e-19
2.1875e+04 5.0781e+04 1.8796e-30 -3.2368e-31 -3.9063e-19
2.8125e+04 5.0781e+04 -6.1093e-31 -4.7905e-30 -3.9063e-19
3.4375e+04 5.0781e+04 -4.9068e-30 6.1783e-30 -3.9063e-19
4.0625e+04 5.0781e+04 -3.0994e-30 3.4745e-30 -3.9063e-19
4.6875e+04 5.0781e+04 -5.4973e-30 7.3182e-30 -3.9063e-19
5.3125e+04 5.0781e+04 -3.1128e-30 7.8092e-30 -3.9063e-19
5.9375e+04 5.0781e+04 1.8259e-31 -4.2969e-31 -3.9062e-19
6.5625e+04 5.0781e+04 -5.7936e-30 8.9732e-30 -3.9063e-19
7.1875e+04 5.0781e+04 -2.4909e-30 4.1598e-30 -3.9063e-19
7.8125e+04 5.0781e+04 -3.2460e-31 2.5311e-31 -3.9062e-19
8.4375e+04 5.0781e+04 7.6157e-31 8.2395e-31 -3.9063e-19
9.0625e+04 5.0781e+04 4.7621e-30 -3.9252e-30 -3.9062e-19
9.6875e+04 5.0781e+04 8.3836e-31 -1.6032e-30 -3.9062e-19
3.1250e+03 5.2344e+04 4.4660e-30 -5.1699e-31 -1.1719e-18
9.3750e+03 5.2344e+04 4.8869e-30 -6.4623e-30 -1.1719e-18
1.5625e+04 5.2344e+04 2.3690e-30 4.5546e-30 -1.1719e-18
2.1875e+04 5.2344e+04 2.5429e-30 2.1420e-30 -1.1719e-18
2.8125e+04 5.2344e+04 -1.6675e-31 -6.1099e-31 -1.1719e-18
3.4375e+04 5.2344e+04 -4.1118e-30 7.1180e-30 -1.1719e-18
4.0625e+04 5.2344e+04 -4.4662e-30 5.0639e-30 -1.1719e-18
4.6875e+04 5.2344e+04 -5.3117e-30 4.8956e-30 -1.1719e-18
5.3125e+04 5.2344e+04 -3.0935e-30 4.0358e-30 -1.1719e-18
5.9375e+04 5.2344e+04 7.4430e-31 -1.3098e-30 -1.1719e-18
6.5625e+04 5.2344e+04 -4.9977e-30 4.7216e-30 -1.1719e-18
7.1875e+04 5.2344e+04 -1.2780e-30 5.0386e-31 -1.1719e-18
7.8125e+04 5.2344e+04 -1.9189e-30 -1.5240e-30 -1.1719e-18
8.4375e+04 5.2344e+04 2.4636e-30 -4.6852e-31 -1.1719e-18
9.0625e+04 5.2344e+04 5.0671e-30 -7.8541e-30 -1.1719e-18
9.6875e+04 5.2344e+04 4.4184e-31 -2.2344e-31 -1.1719e-18
3.1250e+03 5.3906e+04 4.8273e-30 -7.6256e-30 -1.9531e-18
9.3750e+03 5.3906e+04 5.6093e-30 -4.3984e-30 -1.9531e-18
1.5625e+04 5.3906e+04 1.2651e-31 1.4611e-30 -1.9531e-18
2.1875e+04 5.3906e+04 2.6740e-30 -1.8117e-30 -1.9531e-18
2.8125e+04 5.3906e+04 -1.5629e-30 1.0966e-30 -1.9531e-18
3.4375e+04 5.3906e+04 -2.6209e-30 4.5601e-30 -1.9531e-18
4.0625e+04 5.3906e+04 -4.9764e-30 4.0127e-30 -1.9531e-18
4.6875e+04 5.3906e+04 -5.5611e-30 4.0710e-30 -1.9531e-18
5.3125e+04 5.3906e+04 -1.4653e-30 -7.6021e-32 -1.9531e-18
5.9375e+04 5.3906e+04 -7.8306e-31 4.5698e-31 -1.9531e-18
6.5625e+04 5.3906e+04 -1.8982e-30 1.4217e-30 -1.9531e-18
7.1875e+04 5.3906e+04 -1.3686e-30 -2.6819e-30 -1.9531e-18
7.8125e+04 5.3906e+04 -2.9172e-30 -1.1143e-30 -1.9531e-18
8.4375e+04 5.3906e+04 4.9835e-30 -6.7208e-30 -1.9531e-18
9.0625e+04 5.3906e+04 4.3016e-30 -1.1005e-30 -1.9531e-18
9.6875e+04 5.3906e+04 1.0336e-30 -2.4063e-30 -1.9531e-18
3.1250e+03 5.5469e+04 4.9267e-30 4.3082e-31 -2.7344e-18
9.3750e+03 5.5469e+04 3.2501e-30 -3.8304e-30 -2.7344e-18
1.5625e+04 5.5469e+04 3.5193e-31 -1.1545e-30 -2.7344e-18
2.1875e+04 5.5469e+04 4.3172e-30 -8.7815e-30 -2.7344e-18
2.8125e+04 5.5469e+04 -2.1588e-30 2.5506e-31 -2.7344e-18
3.4375e+04 5.5469e+04 -3.0877e-30 4.8049e-30 -2.7344e-18
4.0625e+04 5.5469e+04 -4.7027e-30 7.2426e-30 -2.7344e-18
4.6875e+04 5.5469e+04 -5.7220e-30 6.0937e-30 -2.7344e-18
5.3125e+04 5.5469e+04 -1.9741e-30 -8.2602e-31 -2.7344e-18
5.9375e+04 5.5469e+04 6.0752e-32 3.4366e-30 -2.7344e-18
6.5625e+04 5.5469e+04 -2.3564e-31 2.5706e-32 -2.7344e-18
7.1875e+04 5.5469e+04 -2.1357e-30 -2.0141e-30 -2.7344e-18
7.8125e+04 5.5469e+04 -1.3650e-30 -2.0658e-30 -2.7344e-18
8.4375e+04 5.5469e+04 5.3355e-30 -1.2400e-29 -2.7344e-18
9.0625e+04 5.5469e+04 4.2210e-30 -3.3632e-30 -2.7344e-18
9.6875e+04 5.5469e+04 1.5587e-30 -2.3354e-31 -2.7344e-18
3.1250e+03 5.7031e+04 2.0080e-30 -3.1666e-30 -3.5156e-18
9.3750e+03 5.7031e+04 3.1385e-30 2.3169e-31 -3.5156e-18
1.5625e+04 5.7031e+04 1.0005e-30 8.4289e-30 -3.5156e-18
2.1875e+04 5.7031e+04 4.5817e-30 -5.4491e-30 -3.5156e-18
2.8125e+04 5.7031e+04 -2.0840e-30 4.9394e-30 -3.5156e-18
3.4375e+04 5.7031e+04 -3.8111e-30 5.1270e-31 -3.5156e-18
4.0625e+04 5.7031e+04 -3.1940e-30 7.8007e-30 -3.5156e-18
4.6875e+04 5.7031e+04 -5.4498e-30 5.4493e-30 -3.5156e-18
5.3125e+04 5.7031e+04 -3.9850e-30 3.5537e-30 -3.5156e-18
5.9375e+04 5.7031e+04 1.9147e-30 -7.7548e-30 -3.5156e-18
6.5625e+04 5.7031e+04 1.0032e-30 3.8517e-30 -3.5156e-18
7.1875e+04 5.7031e+04 -3.7207e-30 7.4741e-30 -3.5156e-18
7.8125e+04 5.7031e+04 8.4552e-31 7.2461e-31 -3.5156e-18
8.4375e+04 5.7031e+04 3.2622e-30 -6.8959e-30 -3.5156e-18
9.0625e+04 5.7031e+04 4.9716e-30 -6.2760e-30 -3.5156e-18
9.6875e+04 5.7031e+04 1.8738e-30 -1.2063e-30 -3.5156e-18
3.1250e+03 5.8594e+04 6.9312e-31 -4.9545e-31 -4.2969e-18
9.3750e+03 5.8594e+04 1.7903e-30 3.7147e-31 -4.2969e-18
1.5625e+04 5.8594e+04 2.4967e-30 -3.2942e-31 -4.2969e-18
2.1875e+04 5.8594e+04 4.5106e-30 -9.6728e-30 -4.2969e-18
2.8125e+04 5.8594e+04 -3.3326e-30 -2.1606e-30 -4.2969e-18
3.4375e+04 5.8594e+04 -1.7055e-30 -1.5467e-30 -4.2969e-18
4.0625e+04 5.8594e+04 -1.4544e-30 3.8638e-30 -4.2969e-18
4.6875e+04 5.8594e+04 -6.2839e-30 -5.5206e-31 -4.2969e-18
5.3125e+04 5.8594e+04 -5.0666e-30 3.8746e-30 -4.2969e-18
5.9375e+04 5.8594e+04 1.4301e-30 -8.6165e-32 -4.2969e-18
6.5625e+04 5.8594e+04 2.8102e-30 1.7233e-31 -4.2969e-18
7.1875e+04 5.8594e+04 -4.7787e-30 3.6412e-30 -4.2969e-18
7.8125e+04 5.8594e+04 3.9040e-30 -2.4263e-31 -4.2969e-18
8.4375e+04 5.8594e+04 7.6102e-31 8.3795e-30 -4.2969e-18
9.0625e+04 5.8594e+04 4.6999e-30 -7.2550e-30 -4.2969e-18
9.6875e+04 5.8594e+04 9.3917e-31 6.8049e-31 -4.2969e-18
3.1250e+03 6.0156e+04 1.5843e-30 -2.8434e-30 -5.0781e-18
9.3750e+03 6.0156e+04 5.6868e-32 3.3173e-30 -5.0781e-18
1.5625e+04 6.0156e+04 4.1816e-30 4.3082e-31 -5.0781e-18
2.1875e+04 6.0156e+04 2.0274e-30 1.7664e-30 -5.0781e-18
2.8125e+04 6.0156e+04 -2.6409e-30 5.0561e-30 -5.0781e-18
3.4375e+04 6.0156e+04 5.5448e-31 1.0709e-30 -5.0781e-18
4.0625e+04 6.0156e+04 -9.3795e-31 -7.6579e-30 -5.0781e-18
4.6875e+04 6.0156e+04 -6.3623e-30 9.9027e-30 -5.0781e-18
5.3125e+04 6.0156e+04 -3.5681e-30 9.5148e-30 -5.0781e-18
5.9375e+04 6.0156e+04 1.3126e-30 4.8895e-30 -5.0781e-18
6.5625e+04 6.0156e+04 1.9462e-30 7.0007e-30 -5.0781e-18
7.1875e+04 6.0156e+04 -2.4536e-30 9.9951e-30 -5.0781e-18
7.8125e+04 6.0156e+04 2.1024e-30 4.6431e-30 -5.0781e-18
8.4375e+04 6.0156e+04 9.1854e-31 1.8643e-30 -5.0781e-18
9.0625e+04 6.0156e+04 3.8942e-30 -2.5892e-30 -5.0781e-18
9.6875e+04 6.0156e+04 2.1520e-30 -7.6769e-31 -5.0781e-18
3.1250e+03 6.1719e+04 3.8947e-30 -8.2287e-30 -5.8594e-18
9.3750e+03 6.1719e+04 -8.0258e-31 4.3513e-30 -5.8594e-18
1.5625e+04 6.1719e+04 6.9144e-30 -5.0622e-30 -5.8594e-18
2.1875e+04 6.1719e+04 7.0082e-31 1.3571e-30 -5.8594e-18
2.8125e+04 6.1719e+04 -2.9514e-30 6.1884e-30 -5.8594e-18
3.4375e+04 6.1719e+04 2.0343e-30 -8.9861e-31 -5.8594e-18
4.0625e+04 6.1719e+04 -3.0618e-30 9.0473e-30 -5.8594e-18
4.6875e+04 6.1719e+04 -4.8255e-30 2.2849e-30 -5.8594e-18
5.3125e+04 6.1719e+04 -2.9398e-30 3.3082e-30 -5.8594e-18
5.9375e+04 6.1719e+04 1.2370e-30 -3.0154e-30 -5.8594e-18
6.5625e+04 6.1719e+04 3.1968e-30 -6.9146e-30 -5.8594e-18
7.1875e+04 6.1719e+04 -1.9358e-30 -7.3240e-31 -5.8594e-18
7.8125e+04 6.1719e+04 1.3633e-30 -1.9720e-30 -5.8594e-18
8.4375e+04 6.1719e+04 1.3241e-30 -5.9786e-30 -5.8594e-18
9.0625e+04 6.1719e+04 2.8466e-30 -6.9913e-30 -5.8594e-18
9.6875e+04 6.1719e+04 4.2423e-30 -2.6770e-30 -5.8594e-18
3.1250e+03 6.3281e+04 2.1531e-30 7.3240e-31 -6.6406e-18
9.3750e+03 6.3281e+04 8.7146e-31 3.9420e-30 -6.6406e-18
1.5625e+04 6.3281e+04 7.7466e-30 -9.7417e-30 -6.6406e-18
2.1875e+04 6.3281e+04 1.9788e-31 6.3454e-30 -6.6406e-18
2.8125e+04 6.3281e+04 -4.3378e-30 8.0307e-30 -6.6406e-18
3.4375e+04 6.3281e+04 3.5023e-30 -2.2020e-30 -6.6406e-18
4.0625e+04 6.3281e+04 -3.8330e-30 4.8635e-30 -6.6406e-18
4.6875e+04 6.3281e+04 -4.2231e-30 1.4298e-30 -6.6406e-18
5.3125e+04 6.3281e+04 -1.5330e-30 -6.8528e-31 -6.6406e-18
5.9375e+04 6.3281e+04 1.9941e-30 -1.7664e-30 -6.6406e-18
6.5625e+04 6.3281e+04 2.9935e-30 8.8319e-31 -6.6406e-18
7.1875e+04 6.3281e+04 -1.5687e-30 7.3563e-30 -6.6406e-18
7.8125e+04 6.3281e+04 1.5108e-30 -3.9043e-31 -6.6406e-18
8.4375e+04 6.3281e+04 1.8761e-31 2.5833e-30 -6.6406e-18
9.0625e+04 6.3281e+04 2.3950e-30 -4.3211e-30 -6.6406e-18
9.6875e+04 6.3281e+04 3.6907e-30 -4.4725e-30 -6.6406e-18
3.1250e+03 6.4844e+04 -1.2074e-30 2.3264e-30 -7.4219e-18
9.3750e+03 6.4844e+04 3.0122e-30 -3.0373e-30 -7.4219e-18
1.5625e+04 6.4844e+04 7.0708e-30 -1.6302e-29 -7.4219e-18
2.1875e+04 6.4844e+04 7.6762e-31 -3.8467e-30 -7.4219e-18
2.8125e+04 6.4844e+04 -3.3501e-30 1.4043e-30 -7.4219e-18
3.4375e+04 6.4844e+04 2.3418e-30 -5.2513e-30 -7.4219e-18
4.0625e+04 6.4844e+04 -2.3249e-30 2.7868e-30 -7.4219e-18
4.6875e+04 6.4844e+04 -4.9993e-30 5.3853e-30 -7.4219e-18
5.3125e+04 6.4844e+04 -9.7366e-31 1.4581e-30 -7.4219e-18
5.9375e+04 6.4844e+04 3.1240e-30 -6.9363e-30 -7.4219e-18
6.5625e+04 6.4844e+04 3.9307e-30 8.6165e-32 -7.4219e-18
7.1875e+04 6.4844e+04 -1.2296e-30 -3.0912e-30 -7.4219e-18
7.8125e+04 6.4844e+04 -6.2785e-31 4.4106e-30 -7.4219e-18
8.4375e+04 6.4844e+04 6.3109e-31 3.1332e-30 -7.4219e-18
9.0625e+04 6.4844e+04 2.9159e-30 -2.6377e-30 -7.4219e-18
9.6875e+04 6.4844e+04 2.6299e-30 2.1093e-31 -7.4219e-18
3.1250e+03 6.6406e+04 -1.0735e-30 1.5079e-30 -8.2031e-18
9.3750e+03 6.6406e+04 2.8418e-30 -4.9114e-30 -8.2031e-18
1.5625e+04 6.6406e+04 6.1616e-30 -3.9897e-30 -8.2031e-18
2.1875e+04 6.6406e+04 1.5170e-30 5.3269e-30 -8.2031e-18
2.8125e+04 6.6406e+04 -1.2547e-30 -3.4797e-30 -8.2031e-18
3.4375e+04 6.6406e+04 3.6424e-31 5.0815e-31 -8.2031e-18
4.0625e+04 6.6406e+04 -2.7921e-30 2.2811e-30 -8.2031e-18
4.6875e+04 6.6406e+04 -5.1927e-30 -6.5247e-31 -8.2031e-18
5.3125e+04 6.6406e+04 2.1564e-31 -1.1442e-30 -8.2031e-18
5.9375e+04 6.6406e+04 4.4639e-30 -5.1961e-30 -8.2031e-18
6.5625e+04 6.6406e+04 5.0763e-30 -4.3944e-30 -8.2031e-18
7.1875e+04 6.6406e+04 -1.1018e-30 -2.8219e-30 -8.2031e-18
7.8125e+04 6.6406e+04 -1.8503e-30 5.6604e-30 -8.2031e-18
8.4375e+04 6.6406e+04 6.8835e-31 2.3614e-30 -8.2031e-18
9.0625e+04 6.6406e+04 3.0308e-30 2.3329e-30 -8.2031e-18
9.6875e+04 6.6406e+04 1.3284e-30 -4.1108e-30 -8.2031e-18
3.1250e+03 6.7969e+04 -4.2172e-31 -1.4217e-30 -8.9844e-18
9.3750e+03 6.7969e+04 3.8268e-30 -3.8774e-30 -8.9844e-18
1.5625e+04 6.7969e+04 5.0688e-30 -3.8082e-30 -8.9844e-18
2.1875e+04 6.7969e+04 1.8778e-30 -1.3418e-30 -8.9844e-18
2.8125e+04 6.7969e+04 2.0196e-31 1.3040e-30 -8.9844e-18
3.4375e+04 6.7969e+04 8.7595e-31 -1.0682e-30 -8.9844e-18
4.0625e+04 6.7969e+04 -4.4217e-30 4.8458e-30 -8.9844e-18
4.6875e+04 6.7969e+04 -3.8019e-30 2.7043e-30 -8.9844e-18
5.3125e+04 6.7969e+04 6.8262e-31 4.0900e-30 -8.9844e-18
5.9375e+04 6.7969e+04 4.8448e-30 -6.2045e-30 -8.9844e-18
6.5625e+04 6.7969e+04 5.3832e-30 -1.0863e-29 -8.9844e-18
7.1875e+04 6.7969e+04 2.2099e-31 4.0174e-30 -8.9844e-18
7.8125e+04 6.7969e+04 -3.5140e-30 4.2727e-30 -8.9844e-18
8.4375e+04 6.7969e+04 9.4000e-33 3.8990e-30 -8.9844e-18
9.0625e+04 6.7969e+04 1.6904e-30 -4.4281e-30 -8.9844e-18
9.6875e+04 6.7969e+04 5.6677e-31 -9.0509e-31 -8.9844e-18
3.1250e+03 6.9531e+04 -1.6705e-30 2.4557e-30 -9.8225e-18
9.3750e+03 6.9531e+04 4.2790e-30 -7.7731e-30 -9.8225e-18
1.5625e+04 6.9531e+04 2.6908e-30 7.0196e-30 -9.8225e-18
2.1875e+04 6.9531e+04 1.1875e-30 3.0959e-30 -9.8225e-18
2.8125e+04 6.9531e+04 4.5555e-30 2.2159e-30 -9.8225e-18
3.4375e+04 6.9531e+04 -2.7851e-31 -3.4240e-30 -9.8225e-18
4.0625e+04 6.9531e+04 -5.3192e-30 6.4516e-30 -9.8225e-18
4.6875e+04 6.9531e+04 -1.4701e-30 -4.5955e-30 -9.8225e-18
5.3125e+04 6.9531e+04 -2.0867e-31 -2.8587e-30 -9.8225e-18
5.9375e+04 6.9531e+04 5.2593e-30 -4.6060e-30 -9.8225e-18
6.5625e+04 6.9531e+04 3.9861e-30 -3.6763e-30 -9.8225e-18
7.1875e+04 6.9531e+04 2.7901e-30 6.6304e-31 -9.8225e-18
7.8125e+04 6.9531e+04 -3.3835e-30 -2.8406e-30 -9.8225e-18
8.4375e+04 6.9531e+04 6.0908e-31 -8.9714e-31 -9.8225e-18
9.0625e+04 6.9531e+04 -1.4720e-30 -2.4364e-30 -9.8225e-18
9.6875e+04 6.9531e+04 5.0294e-31 1.0174e-30 -9.8225e-18
3.1250e+03 7.1094e+04 -3.4168e-30 2.6280e-30 -1.5466e-17
9.3750e+03 7.1094e+04 4.8409e-30 -4.9793e-30 -1.5466e-17
1.5625e+04 7.1094e+04 -2.3311e-30 1.3815e-30 -1.5466e-17
2.1875e+04 7.1094e+04 3.3841e-30 -5.0776e-30 -1.5466e-17
2.8125e+04 7.1094e+04 7.8823e-30 -6.8257e-30 -1.5466e-17
3.4375e+04 7.1094e+04 -7.9126e-31 2.0696e-30 -1.5466e-17
4.0625e+04 7.1094e+04 -3.9503e-30 6.0854e-30 -1.5466e-17
4.6875e+04 7.1094e+04 -1.6638e-30 9.1730e-31 -1.5466e-17
5.3125e+04 7.1094e+04 1.6453e-30 -4.0752e-31 -1.5466e-17
5.9375e+04 7.1094e+04 1.4475e-30 -2.6130e-30 -1.5466e-17
6.5625e+04 7.1094e+04 4.3718e-30 -5.2168e-30 -1.5466e-17
7.1875e+04 7.1094e+04 5.0393e-30 -9.3919e-30 -1.5466e-17
7.8125e+04 7.1094e+04 -3.8062e-30 2.8159e-31 -1.5466e-17
8.4375e+04 7.1094e+04 1.2288e-30 -8.7278e-30 -1.5466e-17
9.0625e+04 7.1094e+04 -3.1432e-30 3.4733e-30 -1.5466e-17
9.6875e+04 7.1094e+04 6.6661e-31 1.0850e-30 -1.5466e-17
3.1250e+03 7.2656e+04 -1.5058e-30 -2.0680e-30 -2.3281e-17
9.3750e+03 7.2656e+04 4.3244e-30 -3.1639e-31 -2.3281e-17
1.5625e+04 7.2656e+04 -4.8108e-30 1.1908e-29 -2.3281e-17
2.1875e+04 7.2656e+04 6.0705e-30 -8.9288e-30 -2.3281e-17
2.8125e+04 7.2656e+04 5.8156e-30 -7.3240e-30 -2.3281e-17
3.4375e+04 7.2656e+04 1.1721e-30 -4.2571e-30 -2.3281e-17
4.0625e+04 7.2656e+04 -9.2694e-31 4.9006e-30 -2.3281e-17
4.6875e+04 7.2656e+04 -5.5956e-31 2.1541e-31 -2.3281e-17
5.3125e+04 7.2656e+04 3.0256e-30 -4.1171e-30 -2.3281e-17
5.9375e+04 7.2656e+04 -1.4539e-31 2.4853e-30 -2.3281e-17
6.5625e+04 7.2656e+04 4.3626e-30 -7.9675e-30 -2.3281e-17
7.1875e+04 7.2656e+04 5.5708e-30 -3.9050e-30 -2.3281e-17
7.8125e+04 7.2656e+04 -5.5297e-30 5.0847e-30 -2.3281e-17
8.4375e+04 7.2656e+04 1.6655e-30 2.3299e-31 -2.3281e-17
9.0625e+04 7.2656e+04 -4.7025e-30 3.2484e-30 -2.3281e-17
9.6875e+04 7.2656e+04 4.6006e-31 -8.3825e-31 -2.3281e-17
3.1250e+03 7.4219e+04 -4.6248e-31 3.3443e-30 -3.1094e-17
9.3750e+03 7.4219e+04 4.2118e-30 -1.0999e-30 -3.1094e-17
1.5625e+04 7.4219e+04 -3.6942e-30 -5.2735e-30 -3.1094e-17
2.1875e+04 7.4219e+04 7.1082e-30 -2.7303e-30 -3.1094e-17
2.8125e+04 7.4219e+04 2.7810e-30 -5.4122e-30 -3.1094e-17
3.4375e+04 7.4219e+04 2.6347e-30 6.9470e-30 -3.1094e-17
4.0625e+04 7.4219e+04 2.2720e-30 -1.0889e-29 -3.1094e-17
4.6875e+04 7.4219e+04 6.6684e-31 3.0912e-30 -3.1094e-17
5.3125e+04 7.4219e+04 3.7400e-30 -3.2419e-30 -3.1094e-17
5.9375e+04 7.4219e+04 8.3202e-31 -3.0158e-31 -3.1094e-17
6.5625e+04 7.4219e+04 9.1946e-31 4.3082e-32 -3.1094e-17
7.1875e+04 7.4219e+04 4.9173e-30 -5.3207e-30 -3.1094e-17
7.8125e+04 7.4219e+04 -2.6773e-30 -8.8723e-31 -3.1094e-17
8.4375e+04 7.4219e+04 6.7555e-32 1.7031e-30 -3.1094e-17
9.0625e+04 7.4219e+04 -4.3726e-30 3.4760e-30 -3.1094e-17
9.6875e+04 7.4219e+04 -2.8276e-31 4.7391e-31 -3.1094e-17
3.1250e+03 7.5781e+04 2.3554e-31 -2.0949e-30 -3.8906e-17
9.3750e+03 7.5781e+04 2.3805e-30 -9.6400e-31 -3.8906e-17
1.5625e+04 7.5781e+04 -1.5943e-30 3.8666e-30 -3.8906e-17
2.1875e+04 7.5781e+04 4.7895e-30 -3.6028e-30 -3.8906e-17
2.8125e+04 7.5781e+04 2.6980e-30 -2.8320e-30 -3.8906e-17
3.4375e+04 7.5781e+04 1.7413e-30 -4.3729e-30 -3.8906e-17
4.0625e+04 7.5781e+04 4.7880e-30 -2.6496e-30 -3.8906e-17
4.6875e+04 7.5781e+04 1.8925e-30 -1.3356e-30 -3.8906e-17
5.3125e+04 7.5781e+04 5.0725e-30 -5.2560e-30 -3.8906e-17
5.9375e+04 7.5781e+04 4.8305e-31 1.4002e-31 -3.8906e-17
6.5625e+04 7.5781e+04 1.6093e-30 -4.9087e-30 -3.8906e-17
7.1875e+04 7.5781e+04 2.2385e-30 -2.6926e-33 -3.8906e-17
7.8125e+04 7.5781e+04 4.6067e-31 2.5311e-30 -3.8906e-17
8.4375e+04 7.5781e+04 -1.0218e-31 9.2627e-31 -3.8906e-17
9.0625e+04 7.5781e+04 -2.8533e-30 2.1521e-30 -3.8906e-17
9.6875e+04 7.5781e+04 -1.1176e-30 -6.0315e-31 -3.8906e-17
3.1250e+03 7.7344e+04 2.1820e-30 2.3695e-31 -4.6719e-17
9.3750e+03 7.7344e+04 2.6742e-32 1.5510e-30 -4.6719e-17
1.5625e+04 7.7344e+04 -8.2949e-31 -4.2436e-30 -4.6719e-17
2.1875e+04 7.7344e+04 2.9245e-30 -6.2267e-30 -4.6719e-17
2.8125e+04 7.7344e+04 2.6232e-30 -5.3658e-30 -4.6719e-17
3.4375e+04 7.7344e+04 7.7042e-31 2.4045e-30 -4.6719e-17
4.0625e+04 7.7344e+04 5.4507e-30 -6.4543e-30 -4.6719e-17
4.6875e+04 7.7344e+04 4.5064e-30 -3.8114e-30 -4.6719e-17
5.3125e+04 7.7344e+04 4.6116e-30 -7.9150e-30 -4.6719e-17
5.9375e+04 7.7344e+04 8.8064e-31 2.1730e-30 -4.6719e-17
6.5625e+04 7.7344e+04 2.7013e-30 -2.1487e-30 -4.6719e-17
7.1875e+04 7.7344e+04 1.8046e-30 -8.5895e-31 -4.6719e-17
7.8125e+04 7.7344e+04 2.0604e-30 -7.5569e-30 -4.6719e-17
8.4375e+04 7.7344e+04 -3.8880e-31 3.9730e-30 -4.6719e-17
9.0625e+04 7.7344e+04 -2.5777e-30 1.0781e-30 -4.6719e-17
9.6875e+04 7.7344e+04 -1.7420e-30 2.5849e-30 -4.6719e-17
3.1250e+03 7.8906e+04 1.4972e-30 -2.2618e-30 -5.4531e-17
9.3750e+03 7.8906e+04 -1.2351e-30 1.7718e-30 -5.4531e-17
1.5625e+04 7.8906e+04 -1.3346e-30 -1.5240e-30 -5.4531e-17
2.1875e+04 7.8906e+04 1.8246e-30 7.8558e-31 -5.4531e-17
2.8125e+04 7.8906e+04 3.0437e-30 -2.6267e-30 -5.4531e-17
3.4375e+04 7.8906e+04 6.4489e-31 -1.5213e-30 -5.4531e-17
4.0625e+04 7.8906e+04 4.7733e-30 -4.3540e-30 -5.4531e-17
4.6875e+04 7.8906e+04 6.2799e-30 -7.9393e-30 -5.4531e-17
5.3125e+04 7.8906e+04 4.0440e-30 -4.1049e-30 -5.4531e-17
5.9375e+04 7.8906e+04 2.3567e-30 -4.9464e-30 -5.4531e-17
6.5625e+04 7.8906e+04 2.3701e-30 -3.5570e-30 -5.4531e-17
7.1875e+04 7.8906e+04 2.9410e-30 -4.6260e-30 -5.4531e-17
7.8125e+04 7.8906e+04 2.1938e-30 -3.2069e-30 -5.4531e-17
8.4375e+04 7.8906e+04 1.5553e-30 -1.8768e-30 -5.4531e-17
9.0625e+04 7.8906e+04 -4.1838e-30 5.9023e-30 -5.4531e-17
9.6875e+04 7.8906e+04 -2.0181e-30 4.4806e-30 -5.4531e-17
3.1250e+03 8.0469e+04 -4.6839e-31 9.4781e-31 -6.2344e-17
9.3750e+03 8.0469e+04 -3.4921e-31 1.4702e-30 -6.2344e-17
1.5625e+04 8.0469e+04 -2.0300e-30 7.8087e-31 -6.2344e-17
2.1875e+04 8.0469e+04 1.3199e-30 -2.1736e-30 -6.2344e-17
2.8125e+04 8.0469e+04 2.1384e-30 1.7610e-30 -6.2344e-17
3.4375e+04 8.0469e+04 2.1189e-30 -4.0928e-30 -6.2344e-17
4.0625e+04 8.0469e+04 4.3278e-30 -3.9474e-30 -6.2344e-17
4.6875e+04 8.0469e+04 7.7142e-30 -8.4438e-30 -6.2344e-17
5.3125e+04 8.0469e+04 3.2457e-30 -4.1251e-30 -6.2344e-17
5.9375e+04 8.0469e+04 3.3684e-30 -4.1736e-30 -6.2344e-17
6.5625e+04 8.0469e+04 2.5164e-30 -3.8182e-30 -6.2344e-17
7.1875e+04 8.0469e+04 2.2191e-30 -1.2009e-30 -6.2344e-17
7.8125e+04 8.0469e+04 3.2081e-30 -3.1262e-30 -6.2344e-17
8.4375e+04 8.0469e+04 2.2648e-30 -2.2807e-30 -6.2344e-17
9.0625e+04 8.0469e+04 -3.3464e-30 2.5997e-30 -6.2344e-17
9.6875e+04 8.0469e+04 -1.5298e-30 5.2103e-31 -6.2344e-17
3.1250e+03 8.2031e+04 -1.9533e-30 2.9188e-30 -7.0156e-17
9.3750e+03 8.2031e+04 8.5287e-31 -3.5328e-30 -7.0156e-17
1.5625e+04 8.2031e+04 -2.9720e-30 4.2319e-30 -7.0156e-17
2.1875e+04 8.2031e+04 1.6913e-30 -1.2278e-30 -7.0156e-17
2.8125e+04 8.2031e+04 1.9819e-30 -2.6496e-30 -7.0156e-17
3.4375e+04 8.2031e+04 1.8880e-30 -1.5456e-30 -7.0156e-17
4.0625e+04 8.2031e+04 3.9393e-30 -1.8418e-30 -7.0156e-17
4.6875e+04 8.2031e+04 8.6916e-30 -9.2792e-30 -7.0156e-17
5.3125e+04 8.2031e+04 2.4750e-30 -3.8236e-31 -7.0156e-17
5.9375e+04 8.2031e+04 4.6481e-30 -5.9615e-30 -7.0156e-17
6.5625e+04 8.2031e+04 2.2728e-30 1.2819e-30 -7.0156e-17
7.1875e+04 8.2031e+04 2.9389e-30 -4.9038e-30 -7.0156e-17
7.8125e+04 8.2031e+04 3.6727e-30 -5.3079e-30 -7.0156e-17
8.4375e+04 8.2031e+04 1.6934e-30 -9.0204e-31 -7.0156e-17
9.0625e+04 8.2031e+04 -3.0289e-30 4.0699e-30 -7.0156e-17
9.6875e+04 8.2031e+04 -1.0147e-30 3.4641e-30 -7.0156e-17
3.1250e+03 8.3594e+04 -3.0222e-30 3.3552e-30 -7.7969e-17
9.3750e+03 8.3594e+04 2.3406e-30 2.7278e-30 -7.7969e-17
1.5625e+04 8.3594e+04 -4.0173e-30 3.8329e-31 -7.7969e-17
2.1875e+04 8.3594e+04 1.2752e-30 2.7223e-30 -7.7969e-17
2.8125e+04 8.3594e+04 2.3926e-30 -5.7246e-30 -7.7969e-17
3.4375e+04 8.3594e+04 2.5231e-30 -3.5974e-30 -7.7969e-17
4.0625e+04 8.3594e+04 4.0906e-30 -4.3836e-30 -7.7969e-17
4.6875e+04 8.3594e+04 9.0204e-30 -7.2486e-30 -7.7969e-17
5.3125e+04 8.3594e+04 2.4830e-30 -4.6017e-30 -7.7969e-17
5.9375e+04 8.3594e+04 4.4701e-30 -2.6900e-30 -7.7969e-17
6.5625e+04 8.3594e+04 2.1256e-30 -1.7181e-30 -7.7969e-17
7.1875e+04 8.3594e+04 3.0973e-30 -5.5822e-31 -7.7969e-17
7.8125e+04 8.3594e+04 4.0871e-30 -3.0784e-30 -7.7969e-17
8.4375e+04 8.3594e+04 1.9436e-30 4.3587e-31 -7.7969e-17
9.0625e+04 8.3594e+04 -2.1112e-30 3.1608e-30 -7.7969e-17
9.6875e+04 8.3594e+04 -4.5257e-31 -2.3264e-30 -7.7969e-17
3.1250e+03 8.5156e+04 -3.8237e-30 4.2722e-30 -8.5781e-17
9.3750e+03 8.5156e+04 2.0342e-30 -2.4168e-30 -8.5781e-17
1.5625e+04 8.5156e+04 -3.9434e-30 2.9107e-30 -8.5781e-17
2.1875e+04 8.5156e+04 1.2651e-31 6.7047e-31 -8.5781e-17
2.8125e+04 8.5156e+04 2.5780e-30 -2.7303e-30 -8.5781e-17
3.4375e+04 8.5156e+04 3.3290e-30 -1.9118e-30 -8.5781e-17
4.0625e+04 8.5156e+04 5.1891e-30 -6.2792e-30 -8.5781e-17
4.6875e+04 8.5156e+04 6.8183e-30 -6.5539e-30 -8.5781e-17
5.3125e+04 8.5156e+04 2.9740e-30 -3.6216e-30 -8.5781e-17
5.9375e+04 8.5156e+04 3.4410e-30 -3.5408e-30 -8.5781e-17
6.5625e+04 8.5156e+04 2.0303e-30 -4.1817e-30 -8.5781e-17
7.1875e+04 8.5156e+04 3.9654e-30 -4.2019e-30 -8.5781e-17
7.8125e+04 8.5156e+04 4.1085e-30 -5.8982e-30 -8.5781e-17
8.4375e+04 8.5156e+04 1.7518e-30 -1.7208e-30 -8.5781e-17
9.0625e+04 8.5156e+04 -1.1721e-30 2.0597e-30 -8.5781e-17
9.6875e+04 8.5156e+04 -1.1312e-30 6.8932e-31 -8.5781e-17
3.1250e+03 8.6719e+04 -4.6879e-30 4.3818e-30 -9.3594e-17
9.3750e+03 8.6719e+04 -7.5578e-31 -1.0219e-30 -9.3594e-17
1.5625e+04 8.6719e+04 -2.5724e-30 3.2231e-30 -9.3594e-17
2.1875e+04 8.6719e+04 9.3604e-33 -1.6156e-31 -9.3594e-17
2.8125e+04 8.6719e+04 2.4099e-30 -3.9165e-30 -9.3594e-17
3.4375e+04 8.6719e+04 3.2155e-30 -1.6223e-30 -9.3594e-17
4.0625e+04 8.6719e+04 5.9855e-30 -8.3869e-30 -9.3594e-17
4.6875e+04 8.6719e+04 6.5945e-30 -5.6135e-30 -9.3594e-17
5.3125e+04 8.6719e+04 2.6513e-30 -3.4681e-30 -9.3594e-17
5.9375e+04 8.6719e+04 4.0178e-30 -4.1090e-30 -9.3594e-17
6.5625e+04 8.6719e+04 1.9485e-30 -3.7509e-30 -9.3594e-17
7.1875e+04 8.6719e+04 3.8203e-30 -3.1931e-30 -9.3594e-17
7.8125e+04 8.6719e+04 3.8210e-30 -2.7788e-30 -9.3594e-17
8.4375e+04 8.6719e+04 2.5834e-30 -2.9736e-30 -9.3594e-17
9.0625e+04 8.6719e+04 -1.6977e-31 6.8574e-31 -9.3594e-17
9.6875e+04 8.6719e+04 -1.5711e-30 1.9926e-30 -9.3594e-17
3.1250e+03 8.8281e+04 -3.7372e-30 4.6475e-30 -1.0141e-16
9.3750e+03 8.8281e+04 -4.2695e-30 7.4963e-30 -1.0141e-16
1.5625e+04 8.8281e+04 -8.8462e-31 9.4243e-31 -1.0141e-16
2.1875e+04 8.8281e+04 -4.9629e-31 2.3372e-30 -1.0141e-16
2.8125e+04 8.8281e+04 2.1228e-30 -3.5691e-30 -1.0141e-16
3.4375e+04 8.8281e+04 3.2405e-30 -2.6428e-30 -1.0141e-16
4.0625e+04 8.8281e+04 6.5634e-30 -5.7441e-30 -1.0141e-16
4.6875e+04 8.8281e+04 5.8384e-30 -5.1248e-30 -1.0141e-16
5.3125e+04 8.8281e+04 3.2338e-30 -2.8757e-30 -1.0141e-16
5.9375e+04 8.8281e+04 1.9403e-30 -2.8197e-30 -1.0141e-16
6.5625e+04 8.8281e+04 3.0721e-30 -3.5624e-30 -1.0141e-16
7.1875e+04 8.8281e+04 3.5202e-30 -2.9609e-30 -1.0141e-16
7.8125e+04 8.8281e+04 3.7102e-30 -3.6849e-30 -1.0141e-16
8.4375e+04 8.8281e+04 2.3635e-30 -2.6702e-30 -1.0141e-16
9.0625e+04 8.8281e+04 1.9333e-31 3.7247e-31 -1.0141e-16
9.6875e+04 8.8281e+04 -8.1684e-31 5.4930e-31 -1.0141e-16
3.1250e+03 8.9844e+04 -1.5946e-31 -1.0286e-30 -1.0922e-16
9.3750e+03 8.9844e+04 -8.3933e-30 1.2316e-29 -1.0922e-16
1.5625e+04 8.9844e+04 3.6859e-31 -5.2776e-30 -1.0922e-16
2.1875e+04 8.9844e+04 -2.7993e-31 4.1817e-30 -1.0922e-16
2.8125e+04 8.9844e+04 1.9038e-30 -4.2086e-30 -1.0922e-16
3.4375e+04 8.9844e+04 3.9773e-30 -2.0262e-30 -1.0922e-16
4.0625e+04 8.9844e+04 6.2452e-30 -7.3253e-30 -1.0922e-16
4.6875e+04 8.9844e+04 4.4208e-30 -4.2349e-30 -1.0922e-16
5.3125e+04 8.9844e+04 3.8242e-30 -3.6532e-30 -1.0922e-16
5.9375e+04 8.9844e+04 7.6806e-31 -1.7302e-30 -1.0922e-16
6.5625e+04 8.9844e+04 2.8477e-30 -7.4519e-31 -1.0922e-16
7.1875e+04 8.9844e+04 3.6690e-30 -4.3809e-30 -1.0922e-16
7.8125e+04 8.9844e+04 4.1698e-30 -3.7401e-30 -1.0922e-16
8.4375e+04 8.9844e+04 1.8354e-30 -1.9799e-30 -1.0922e-16
9.0625e+04 8.9844e+04 1.1147e-32 -5.0437e-31 -1.0922e-16
9.6875e+04 8.9844e+04 -2.4603e-31 4.3082e-31 -1.0922e-16
3.1250e+03 9.1406e+04 -7.6523e-31 -1.2063e-30 -1.1703e-16
9.3750e+03 9.1406e+04 -9.1362e-30 7.6054e-30 -1.1703e-16
1.5625e+04 9.1406e+04 -6.0378e-31 -5.0824e-30 -1.1703e-16
2.1875e+04 9.1406e+04 1.3931e-32 2.8259e-30 -1.1703e-16
2.8125e+04 9.1406e+04 2.5581e-30 -4.3904e-30 -1.1703e-16
3.4375e+04 9.1406e+04 3.9945e-30 -1.8875e-30 -1.1703e-16
4.0625e+04 9.1406e+04 5.5043e-30 -7.3375e-30 -1.1703e-16
4.6875e+04 9.1406e+04 4.2820e-30 -3.9037e-30 -1.1703e-16
5.3125e+04 9.1406e+04 2.9823e-30 -1.4803e-30 -1.1703e-16
5.9375e+04 9.1406e+04 1.6287e-30 -1.9192e-30 -1.1703e-16
6.5625e+04 9.1406e+04 1.9791e-30 -2.9666e-30 -1.1703e-16
7.1875e+04 9.1406e+04 2.9864e-30 -3.1329e-30 -1.1703e-16
7.8125e+04 9.1406e+04 3.1110e-30 -2.9821e-30 -1.1703e-16
8.4375e+04 9.1406e+04 2.8120e-30 -2.0151e-30 -1.1703e-16
9.0625e+04 9.1406e+04 -1.5276e-31 1.9555e-31 -1.1703e-16
9.6875e+04 9.1406e+04 2.7675e-31 -4.6313e-31 -1.1703e-16
3.1250e+03 9.2969e+04 -2.0123e-30 5.6546e-30 -1.2484e-16
9.3750e+03 9.2969e+04 -7.8031e-30 6.9295e-30 -1.2484e-16
1.5625e+04 9.2969e+04 -3.2947e-30 5.0285e-30 -1.2484e-16
2.1875e+04 9.2969e+04 1.8845e-30 3.1437e-30 -1.2484e-16
2.8125e+04 9.2969e+04 1.9141e-30 -7.1099e-30 -1.2484e-16
3.4375e+04 9.2969e+04 4.5173e-30 -6.0948e-30 -1.2484e-16
4.0625e+04 9.2969e+04 4.4026e-30 -4.0255e-31 -1.2484e-16
4.6875e+04 9.2969e+04 3.4479e-30 -6.1890e-30 -1.2484e-16
5.3125e+04 9.2969e+04 2.5941e-30 -3.2433e-30 -1.2484e-16
5.9375e+04 9.2969e+04 1.1759e-30 -3.4910e-30 -1.2484e-16
6.5625e+04 9.2969e+04 2.5041e-30 -2.7869e-31 -1.2484e-16
7.1875e+04 9.2969e+04 2.6438e-30 -4.8818e-30 -1.2484e-16
7.8125e+04 9.2969e+04 2.0211e-30 -3.1262e-30 -1.2484e-16
8.4375e+04 9.2969e+04 2.4053e-30 -1.8465e-30 -1.2484e-16
9.0625e+04 9.2969e+04 3.4610e-31 -2.2820e-31 -1.2484e-16
9.6875e+04 9.2969e+04 2.1938e-31 1.7502e-31 -1.2484e-16
3.1250e+03 9.4531e+04 -6.3226e-31 -8.9396e-31 -1.3266e-16
9.3750e+03 9.4531e+04 -7.4634e-30 6.8824e-30 -1.3266e-16
1.5625e+04 9.4531e+04 -4.4733e-30 7.5340e-30 -1.3266e-16
2.1875e+04 9.4531e+04 2.8977e-30 -6.9847e-30 -1.3266e-16
2.8125e+04 9.4531e+04 2.3180e-30 3.2796e-30 -1.3266e-16
3.4375e+04 9.4531e+04 4.5974e-30 -1.2359e-30 -1.3266e-16
4.0625e+04 9.4531e+04 3.8688e-30 -6.8205e-30 -1.3266e-16
4.6875e+04 9.4531e+04 2.1427e-30 3.5570e-30 -1.3266e-16
5.3125e+04 9.4531e+04 3.0246e-30 -5.9911e-30 -1.3266e-16
5.9375e+04 9.4531e+04 2.4341e-31 5.0743e-30 -1.3266e-16
6.5625e+04 9.4531e+04 2.1781e-30 -2.4867e-30 -1.3266e-16
7.1875e+04 9.4531e+04 3.1654e-30 4.1938e-30 -1.3266e-16
7.8125e+04 9.4531e+04 1.8465e-30 3.9313e-31 -1.3266e-16
8.4375e+04 9.4531e+04 2.0343e-30 -1.9633e-30 -1.3266e-16
9.0625e+04 9.4531e+04 6.4780e-31 -8.7846e-31 -1.3266e-16
9.6875e+04 9.4531e+04 1.7550e-31 -1.0331e-31 -1.3266e-16
3.1250e+03 9.6094e+04 -8.5100e-32 -1.2087e-30 -1.4047e-16
9.3750e+03 9.6094e+04 -6.2133e-30 6.3180e-30 -1.4047e-16
1.5625e+04 9.6094e+04 -5.1974e-30 5.3025e-30 -1.4047e-16
2.1875e+04 9.6094e+04 1.9767e-30 -2.8057e-30 -1.4047e-16
2.8125e+04 9.6094e+04 1.9222e-30 -3.0696e-31 -1.4047e-16
3.4375e+04 9.6094e+04 3.8544e-30 -8.1264e-30 -1.4047e-16
4.0625e+04 9.6094e+04 3.0509e-30 -2.6657e-30 -1.4047e-16
4.6875e+04 9.6094e+04 9.6279e-31 -2.2672e-30 -1.4047e-16
5.3125e+04 9.6094e+04 1.4565e-30 1.1249e-30 -1.4047e-16
5.9375e+04 9.6094e+04 2.7680e-31 -3.4540e-30 -1.4047e-16
6.5625e+04 9.6094e+04 7.1838e-31 -2.3816e-30 -1.4047e-16
7.1875e+04 9.6094e+04 2.7917e-30 -6.7707e-30 -1.4047e-16
7.8125e+04 9.6094e+04 1.4128e-30 -1.4276e-30 -1.4047e-16
8.4375e+04 9.6094e+04 1.2254e-30 -8.5340e-31 -1.4047e-16
9.0625e+04 9.6094e+04 3.5081e-31 -8.1369e-31 -1.4047e-16
9.6875e+04 9.6094e+04 -9.3771e-32 -6.7997e-32 -1.4047e-16
3.1250e+03 9.7656e+04 -5.1245e-32 -1.8950e-31 -1.4828e-16
9.3750e+03 9.7656e+04 -4.2264e-30 3.0893e-30 -1.4828e-16
1.5625e+04 9.7656e+04 -4.1570e-30 5.4304e-30 -1.4828e-16
2.1875e+04 9.7656e+04 1.8149e-30 -3.0959e-30 -1.4828e-16
2.8125e+04 9.7656e+04 1.4973e-30 -4.9545e-31 -1.4828e-16
3.4375e+04 9.7656e+04 3.1307e-30 -2.9316e-30 -1.4828e-16
4.0625e+04 9.7656e+04 2.1219e-30 -7.3307e-31 -1.4828e-16
4.6875e+04 9.7656e+04 8.8952e-31 -1.5792e-30 -1.4828e-16
5.3125e+04 9.7656e+04 5.2067e-31 4.8804e-31 -1.4828e-16
5.9375e+04 9.7656e+04 1.0078e-30 -1.9683e-30 -1.4828e-16
6.5625e+04 9.7656e+04 3.0276e-32 1.1767e-30 -1.4828e-16
7.1875e+04 9.7656e+04 2.2184e-30 -3.1177e-30 -1.4828e-16
7.8125e+04 9.7656e+04 1.5739e-30 -9.3452e-31 -1.4828e-16
8.4375e+04 9.7656e+04 8.1584e-31 -6.6761e-31 -1.4828e-16
9.0625e+04 9.7656e+04 4.4296e-31 -6.9960e-31 -1.4828e-16
9.6875e+04 9.7656e+04 1.9693e-31 -7.1031e-32 -1.4828e-16
3.1250e+03 9.9219e+04 -4.2027e-33 1.4877e-31 -1.5609e-16
9.3750e+03 9.9219e+04 -1.6701e-30 1.2556e-30 -1.5609e-16
1.5625e+04 9.9219e+04 -1.9476e-30 2.8596e-30 -1.5609e-16
2.1875e+04 9.9219e+04 6.4026e-31 -1.6055e-30 -1.5609e-16
2.8125e+04 9.9219e+04 6.5086e-31 -2.7465e-31 -1.5609e-16
3.4375e+04 9.9219e+04 1.0747e-30 -1.7482e-30 -1.5609e-16
4.0625e+04 9.9219e+04 6.7138e-31 -3.8168e-31 -1.5609e-16
4.6875e+04 9.9219e+04 2.0884e-31 -6.7720e-31 -1.5609e-16
5.3125e+04 9.9219e+04 -3.5273e-33 4.3352e-31 -1.5609e-16
5.9375e+04 9.9219e+04 3.6785e-31 -9.6329e-31 -1.5609e-16
6.5625e+04 9.9219e+04 -2.4604e-31 9.1550e-31 -1.5609e-16
7.1875e+04 9.9219e+04 8.6768e-31 -1.7532e-30 -1.5609e-16
7.8125e+04 9.9219e+04 4.3786e-31 -4.4631e-31 -1.5609e-16
8.4375e+04 9.9219e+04 2.2833e-31 -2.8104e-31 -1.5609e-16
9.0625e+04 9.9219e+04 5.9413e-32 -2.3998e-31 -1.5609e-16
9.6875e+04 9.9219e+04 -1.5159e-31 -8.0779e-33 -1.5609e-16
