0.000000e+00 -1.405063e+09 3.126876e+09 
6.311520e+09 -1.321926e+09 2.502741e+09 
1.262304e+10 -1.214303e+09 2.114951e+09 
1.893456e+10 -1.122577e+09 1.823865e+09 
2.524608e+10 -1.070906e+09 1.717120e+09 
3.155760e+10 -1.014597e+09 1.850346e+09 
3.786912e+10 -9.774421e+08 1.987802e+09 
4.418064e+10 -1.000565e+09 2.121585e+09 
5.049216e+10 -1.105260e+09 2.255765e+09 
5.680368e+10 -1.206052e+09 2.382999e+09 
6.311520e+10 -1.303064e+09 2.497720e+09 
6.942672e+10 -1.396555e+09 2.600545e+09 
7.573824e+10 -1.486653e+09 2.694492e+09 
8.204976e+10 -1.573413e+09 2.773224e+09 
8.836128e+10 -1.657229e+09 2.847349e+09 
9.467280e+10 -1.737981e+09 2.910541e+09 
1.009843e+11 -1.816111e+09 2.980143e+09 
1.072958e+11 -1.891677e+09 3.040992e+09 
1.136074e+11 -1.964784e+09 3.104035e+09 
1.199189e+11 -2.035725e+09 3.159338e+09 
1.262304e+11 -2.104616e+09 3.206215e+09 
1.325419e+11 -2.171654e+09 3.248438e+09 
1.388534e+11 -2.236580e+09 3.286074e+09 
1.451650e+11 -2.299231e+09 3.316870e+09 
1.514765e+11 -2.360476e+09 3.346008e+09 
1.577880e+11 -2.419668e+09 3.368650e+09 
1.640995e+11 -2.477030e+09 3.393129e+09 
1.704110e+11 -2.532900e+09 3.417764e+09 
1.767226e+11 -2.587482e+09 3.434884e+09 
1.830341e+11 -2.640057e+09 3.447633e+09 
1.893456e+11 -2.691252e+09 3.492298e+09 
1.956571e+11 -2.741395e+09 3.525939e+09 
2.019686e+11 -2.789989e+09 3.552076e+09 
2.082802e+11 -2.837334e+09 3.574725e+09 
2.145917e+11 -2.883655e+09 3.583403e+09 
2.209032e+11 -2.929197e+09 3.611860e+09 
2.272147e+11 -2.973236e+09 3.655692e+09 
2.335262e+11 -3.016559e+09 3.687930e+09 
2.398378e+11 -3.059020e+09 3.711351e+09 
2.461493e+11 -3.100343e+09 3.725567e+09 
2.524608e+11 -3.140746e+09 3.734861e+09 
2.587723e+11 -3.180480e+09 3.739751e+09 
2.650838e+11 -3.219086e+09 3.736396e+09 
2.713954e+11 -3.257091e+09 3.735863e+09 
2.777069e+11 -3.294562e+09 3.729376e+09 
2.840184e+11 -3.331090e+09 3.754392e+09 
2.903299e+11 -3.366632e+09 3.778745e+09 
2.966414e+11 -3.400546e+09 3.794955e+09 
3.029530e+11 -3.433949e+09 3.807516e+09 
3.092645e+11 -3.466985e+09 3.817792e+09 
3.155760e+11 -3.498829e+09 3.811825e+09 
3.218875e+11 -3.530186e+09 3.815438e+09 
3.281990e+11 -3.560684e+09 3.808886e+09 
3.345106e+11 -3.590368e+09 3.802727e+09 
3.408221e+11 -3.620237e+09 3.799402e+09 
3.471336e+11 -3.648699e+09 3.791914e+09 
3.534451e+11 -3.677441e+09 3.776794e+09 
3.597566e+11 -3.705435e+09 3.796365e+09 
3.660682e+11 -3.732872e+09 3.839731e+09 
3.723797e+11 -3.760719e+09 3.867887e+09 
3.786912e+11 -3.787786e+09 3.889838e+09 
3.850027e+11 -3.813559e+09 3.907020e+09 
3.913142e+11 -3.839895e+09 3.915710e+09 
3.976258e+11 -3.865314e+09 3.919172e+09 
4.039373e+11 -3.890115e+09 3.918125e+09 
4.102488e+11 -3.914575e+09 3.918942e+09 
4.165603e+11 -3.939299e+09 3.915882e+09 
4.228718e+11 -3.963419e+09 3.915900e+09 
4.291834e+11 -3.986566e+09 3.906773e+09 
4.354949e+11 -4.010129e+09 3.937117e+09 
4.418064e+11 -4.033097e+09 3.967156e+09 
4.481179e+11 -4.055635e+09 3.985205e+09 
4.544294e+11 -4.076975e+09 4.000604e+09 
4.607410e+11 -4.098130e+09 4.010947e+09 
4.670525e+11 -4.119577e+09 4.016461e+09 
4.733640e+11 -4.139987e+09 4.021841e+09 
4.796755e+11 -4.159789e+09 4.019416e+09 
4.859870e+11 -4.179531e+09 4.014350e+09 
4.922986e+11 -4.198641e+09 4.018786e+09 
4.986101e+11 -4.216804e+09 4.022316e+09 
5.049216e+11 -4.235039e+09 4.034035e+09 
5.112331e+11 -4.252671e+09 4.047515e+09 
5.175446e+11 -4.270145e+09 4.057379e+09 
5.238562e+11 -4.286843e+09 4.058167e+09 
5.301677e+11 -4.303335e+09 4.056687e+09 
5.364792e+11 -4.319810e+09 4.055638e+09 
5.427907e+11 -4.336291e+09 4.086318e+09 
5.491022e+11 -4.351986e+09 4.126322e+09 
5.554138e+11 -4.366855e+09 4.156559e+09 
5.617253e+11 -4.382164e+09 4.184623e+09 
5.680368e+11 -4.396580e+09 4.214084e+09 
5.743483e+11 -4.411264e+09 4.231956e+09 
5.806598e+11 -4.426103e+09 4.247092e+09 
5.869714e+11 -4.439999e+09 4.244869e+09 
5.932829e+11 -4.453563e+09 4.261149e+09 
5.995944e+11 -4.467512e+09 4.263576e+09 
6.059059e+11 -4.481780e+09 4.260664e+09 
6.122174e+11 -4.494958e+09 4.259676e+09 
6.185290e+11 -4.507709e+09 4.266047e+09 
6.248405e+11 -4.520347e+09 4.257397e+09 
6.311520e+11 -4.390404e+09 4.015612e+09 
6.374635e+11 -4.276368e+09 3.866692e+09 
6.437750e+11 -4.169093e+09 3.745029e+09 
6.500866e+11 -4.068576e+09 3.605804e+09 
6.563981e+11 -3.972291e+09 3.458368e+09 
6.627096e+11 -3.880131e+09 3.309459e+09 
6.690211e+11 -3.792102e+09 3.169638e+09 
6.753326e+11 -3.708779e+09 3.056502e+09 
6.816442e+11 -3.633481e+09 2.953667e+09 
6.879557e+11 -3.565592e+09 2.868774e+09 
6.942672e+11 -3.500139e+09 2.787572e+09 
7.005787e+11 -3.441605e+09 2.708645e+09 
7.068902e+11 -3.387329e+09 2.614596e+09 
7.132018e+11 -3.333992e+09 2.530813e+09 
7.195133e+11 -3.283803e+09 2.465362e+09 
7.258248e+11 -3.237046e+09 2.398109e+09 
7.321363e+11 -3.191218e+09 2.333418e+09 
7.384478e+11 -3.146674e+09 2.266361e+09 
7.447594e+11 -3.103291e+09 2.208966e+09 
7.510709e+11 -3.061869e+09 2.153141e+09 
7.573824e+11 -3.020339e+09 2.096321e+09 
7.636939e+11 -2.979375e+09 2.036137e+09 
7.700054e+11 -2.940583e+09 1.986466e+09 
7.763170e+11 -2.902312e+09 1.941093e+09 
7.826285e+11 -2.865106e+09 1.898488e+09 
7.889400e+11 -2.829155e+09 1.851806e+09 
7.952515e+11 -2.794162e+09 1.807636e+09 
8.015630e+11 -2.759058e+09 1.765775e+09 
8.078746e+11 -2.724981e+09 1.726039e+09 
8.141861e+11 -2.692515e+09 1.680990e+09 
8.204976e+11 -2.660432e+09 1.642230e+09 
8.268091e+11 -2.628734e+09 1.606143e+09 
8.331206e+11 -2.597896e+09 1.568161e+09 
8.394322e+11 -2.567502e+09 1.539824e+09 
8.457437e+11 -2.538713e+09 1.506339e+09 
8.520552e+11 -2.509829e+09 1.476346e+09 
8.583667e+11 -2.481289e+09 1.454569e+09 
8.646782e+11 -2.453440e+09 1.427298e+09 
8.709898e+11 -2.425562e+09 1.399392e+09 
8.773013e+11 -2.398730e+09 1.377582e+09 
8.836128e+11 -2.372436e+09 1.354903e+09 
8.899243e+11 -2.346440e+09 1.334524e+09 
8.962358e+11 -2.320992e+09 1.313502e+09 
9.025474e+11 -2.296134e+09 1.288214e+09 
9.088589e+11 -2.271844e+09 1.262796e+09 
9.151704e+11 -2.247783e+09 1.234421e+09 
9.214819e+11 -2.223852e+09 1.209016e+09 
9.277934e+11 -2.200469e+09 1.185626e+09 
9.341050e+11 -2.177825e+09 1.160718e+09 
9.404165e+11 -2.155065e+09 1.141441e+09 
9.467280e+11 -2.133074e+09 1.117573e+09 
9.530395e+11 -2.111222e+09 1.095018e+09 
9.593510e+11 -2.089654e+09 1.079407e+09 
9.656626e+11 -2.068783e+09 1.061923e+09 
9.719741e+11 -2.047871e+09 1.045134e+09 
9.782856e+11 -2.027515e+09 1.026886e+09 
9.845971e+11 -2.006974e+09 1.011409e+09 
9.909086e+11 -1.986866e+09 9.919939e+08 
9.972202e+11 -1.967147e+09 9.733220e+08 
1.003532e+12 -1.947724e+09 9.562985e+08 
1.009843e+12 -1.928828e+09 9.426346e+08 
1.016155e+12 -1.909906e+09 9.287604e+08 
1.022466e+12 -1.891752e+09 9.138672e+08 
1.028778e+12 -1.873492e+09 8.979738e+08 
1.035089e+12 -1.855121e+09 8.862624e+08 
1.041401e+12 -1.837543e+09 8.726325e+08 
1.047712e+12 -1.819883e+09 8.598779e+08 
1.054024e+12 -1.802648e+09 8.472001e+08 
1.060335e+12 -1.785343e+09 8.344141e+08 
1.066647e+12 -1.768503e+09 8.243203e+08 
1.072958e+12 -1.751912e+09 8.140453e+08 
1.079270e+12 -1.735483e+09 8.014498e+08 
1.085581e+12 -1.719448e+09 7.901882e+08 
1.091893e+12 -1.703741e+09 7.804421e+08 
1.098204e+12 -1.688021e+09 7.684247e+08 
1.104516e+12 -1.672476e+09 7.591131e+08 
1.110828e+12 -1.657305e+09 7.484148e+08 
1.117139e+12 -1.642241e+09 7.416894e+08 
1.123451e+12 -1.627293e+09 7.323872e+08 
1.129762e+12 -1.612695e+09 7.197703e+08 
1.136074e+12 -1.598009e+09 7.077004e+08 
1.142385e+12 -1.583538e+09 6.982371e+08 
1.148697e+12 -1.569256e+09 6.878933e+08 
1.155008e+12 -1.555024e+09 6.793404e+08 
1.161320e+12 -1.541242e+09 6.706815e+08 
1.167631e+12 -1.527757e+09 6.634120e+08 
1.173943e+12 -1.514315e+09 6.521140e+08 
1.180254e+12 -1.501140e+09 6.411471e+08 
1.186566e+12 -1.488133e+09 6.328120e+08 
1.192877e+12 -1.475249e+09 6.243599e+08 
1.199189e+12 -1.462611e+09 6.142887e+08 
1.205500e+12 -1.450026e+09 6.045036e+08 
1.211812e+12 -1.437761e+09 5.932338e+08 
1.218123e+12 -1.425287e+09 5.856059e+08 
1.224435e+12 -1.413096e+09 5.759794e+08 
1.230746e+12 -1.401222e+09 5.695379e+08 
1.237058e+12 -1.389293e+09 5.608040e+08 
1.243369e+12 -1.377621e+09 5.511486e+08 
1.249681e+12 -1.366041e+09 5.424989e+08 
1.255992e+12 -1.354606e+09 5.328453e+08 
1.262304e+12 -1.343319e+09 5.258476e+08 
1.268616e+12 -1.332214e+09 5.162398e+08 
1.274927e+12 -1.321223e+09 5.103185e+08 
1.281239e+12 -1.310325e+09 5.029519e+08 
1.287550e+12 -1.299648e+09 4.955742e+08 
1.293862e+12 -1.289179e+09 4.871327e+08 
1.300173e+12 -1.278778e+09 4.804932e+08 
1.306485e+12 -1.268506e+09 4.725285e+08 
1.312796e+12 -1.258420e+09 4.676506e+08 
1.319108e+12 -1.248516e+09 4.607353e+08 
1.325419e+12 -1.238689e+09 4.543030e+08 
1.331731e+12 -1.228998e+09 4.486098e+08 
1.338042e+12 -1.219531e+09 4.448670e+08 
1.344354e+12 -1.210011e+09 4.389865e+08 
1.350665e+12 -1.200632e+09 4.321112e+08 
1.356977e+12 -1.191375e+09 4.263650e+08 
1.363288e+12 -1.182258e+09 4.214830e+08 
1.369600e+12 -1.173137e+09 4.147364e+08 
1.375911e+12 -1.164272e+09 4.080911e+08 
1.382223e+12 -1.155427e+09 4.020037e+08 
1.388534e+12 -1.146719e+09 3.973542e+08 
1.394846e+12 -1.138178e+09 3.922045e+08 
1.401157e+12 -1.129681e+09 3.867736e+08 
1.407469e+12 -1.121271e+09 3.805156e+08 
1.413780e+12 -1.112962e+09 3.750387e+08 
1.420092e+12 -1.104690e+09 3.705620e+08 
1.426404e+12 -1.096557e+09 3.659382e+08 
1.432715e+12 -1.088521e+09 3.617630e+08 
1.439027e+12 -1.080584e+09 3.576250e+08 
1.445338e+12 -1.072799e+09 3.539846e+08 
1.451650e+12 -1.065056e+09 3.487275e+08 
1.457961e+12 -1.057383e+09 3.438743e+08 
1.464273e+12 -1.049792e+09 3.401531e+08 
1.470584e+12 -1.042245e+09 3.351703e+08 
1.476896e+12 -1.034780e+09 3.312622e+08 
1.483207e+12 -1.027453e+09 3.261962e+08 
1.489519e+12 -1.020206e+09 3.215523e+08 
1.495830e+12 -1.013087e+09 3.179871e+08 
1.502142e+12 -1.006217e+09 3.132288e+08 
1.508453e+12 -9.991843e+08 3.099730e+08 
1.514765e+12 -9.922235e+08 3.048747e+08 
1.521076e+12 -9.853448e+08 3.013726e+08 
1.527388e+12 -9.785355e+08 2.969533e+08 
1.533699e+12 -9.717692e+08 2.920878e+08 
1.540011e+12 -9.651490e+08 2.876081e+08 
1.546322e+12 -9.585672e+08 2.840053e+08 
1.552634e+12 -9.520257e+08 2.801251e+08 
1.558945e+12 -9.455871e+08 2.767536e+08 
1.565257e+12 -9.392476e+08 2.739003e+08 
1.571568e+12 -9.328633e+08 2.701914e+08 
1.577880e+12 -9.265338e+08 2.653645e+08 
1.584192e+12 -9.202627e+08 2.607915e+08 
1.590503e+12 -9.140823e+08 2.569930e+08 
1.596815e+12 -9.079328e+08 2.530308e+08 
1.603126e+12 -9.018303e+08 2.503859e+08 
1.609438e+12 -8.958500e+08 2.459008e+08 
1.615749e+12 -8.899541e+08 2.420970e+08 
1.622061e+12 -8.841474e+08 2.391404e+08 
1.628372e+12 -8.783183e+08 2.360880e+08 
1.634684e+12 -8.726180e+08 2.324753e+08 
1.640995e+12 -8.669310e+08 2.297358e+08 
1.647307e+12 -8.613576e+08 2.269454e+08 
1.653618e+12 -8.557603e+08 2.236164e+08 
1.659930e+12 -8.502426e+08 2.207398e+08 
1.666241e+12 -8.447932e+08 2.181003e+08 
1.672553e+12 -8.394035e+08 2.151795e+08 
1.678864e+12 -8.339737e+08 2.123693e+08 
1.685176e+12 -8.287081e+08 2.092544e+08 
1.691487e+12 -8.234951e+08 2.066443e+08 
1.697799e+12 -8.183591e+08 2.036690e+08 
1.704110e+12 -8.132370e+08 2.008554e+08 
1.710422e+12 -8.081764e+08 1.978711e+08 
1.716733e+12 -8.031201e+08 1.949241e+08 
1.723045e+12 -7.981567e+08 1.921100e+08 
1.729356e+12 -7.932025e+08 1.894772e+08 
1.735668e+12 -7.882833e+08 1.872782e+08 
1.741980e+12 -7.834834e+08 1.844916e+08 
1.748291e+12 -7.787245e+08 1.815926e+08 
1.754603e+12 -7.739792e+08 1.789247e+08 
1.760914e+12 -7.692806e+08 1.762004e+08 
1.767226e+12 -7.647114e+08 1.731936e+08 
1.773537e+12 -7.600854e+08 1.708868e+08 
1.779849e+12 -7.555773e+08 1.681071e+08 
1.786160e+12 -7.510507e+08 1.656192e+08 
1.792472e+12 -7.465132e+08 1.626299e+08 
1.798783e+12 -7.420350e+08 1.591649e+08 
1.805095e+12 -7.375534e+08 1.552721e+08 
1.811406e+12 -7.331427e+08 1.530119e+08 
1.817718e+12 -7.288084e+08 1.506933e+08 
1.824029e+12 -7.245258e+08 1.488238e+08 
1.830341e+12 -7.202814e+08 1.462342e+08 
1.836652e+12 -7.160253e+08 1.434803e+08 
1.842964e+12 -7.118094e+08 1.416060e+08 
1.849275e+12 -7.076988e+08 1.391202e+08 
1.855587e+12 -7.035942e+08 1.370176e+08 
1.861898e+12 -6.995072e+08 1.354142e+08 
1.868210e+12 -6.954924e+08 1.333353e+08 
1.874521e+12 -6.915405e+08 1.311561e+08 
1.880833e+12 -6.875668e+08 1.285554e+08 
1.887144e+12 -6.836494e+08 1.264176e+08 
1.893456e+12 -6.797346e+08 1.239665e+08 
