6.311520e+09 6.311520e+19 1.000000e+21 
1.262304e+10 6.311520e+19 1.000000e+21 
1.893456e+10 6.311520e+19 1.000000e+21 
2.524608e+10 6.311520e+19 1.000000e+21 
3.155760e+10 6.311520e+19 1.000000e+21 
3.786912e+10 6.311520e+19 1.000000e+21 
4.418064e+10 6.311520e+19 1.000000e+21 
5.049216e+10 6.311520e+19 1.000000e+21 
5.680368e+10 6.311520e+19 1.000000e+21 
6.311520e+10 6.311520e+19 1.000000e+21 
6.942672e+10 6.311520e+19 1.000000e+21 
7.573824e+10 6.311520e+19 1.000000e+21 
8.204976e+10 6.311520e+19 1.000000e+21 
8.836128e+10 6.311520e+19 1.000000e+21 
9.467280e+10 6.311520e+19 1.000000e+21 
1.009843e+11 6.311520e+19 1.000000e+21 
1.072958e+11 6.311520e+19 1.000000e+21 
1.136074e+11 6.311520e+19 1.000000e+21 
1.199189e+11 6.311520e+19 1.000000e+21 
1.262304e+11 6.311520e+19 1.000000e+21 
1.325419e+11 6.311520e+19 1.000000e+21 
1.388534e+11 6.311520e+19 1.000000e+21 
1.451650e+11 6.311520e+19 1.000000e+21 
1.514765e+11 6.311520e+19 1.000000e+21 
1.577880e+11 6.311520e+19 1.000000e+21 
1.640995e+11 6.311520e+19 1.000000e+21 
1.704110e+11 6.311520e+19 1.000000e+21 
1.767226e+11 6.311520e+19 1.000000e+21 
1.830341e+11 6.311520e+19 1.000000e+21 
1.893456e+11 6.311520e+19 1.000000e+21 
1.956571e+11 6.311520e+19 1.000000e+21 
2.019686e+11 6.311520e+19 1.000000e+21 
2.082802e+11 6.311520e+19 1.000000e+21 
2.145917e+11 6.311520e+19 1.000000e+21 
2.209032e+11 6.311520e+19 1.000000e+21 
2.272147e+11 6.311520e+19 1.000000e+21 
2.335262e+11 6.311520e+19 1.000000e+21 
2.398378e+11 6.311520e+19 1.000000e+21 
2.461493e+11 6.311520e+19 1.000000e+21 
2.524608e+11 6.311520e+19 1.000000e+21 
2.587723e+11 6.311520e+19 1.000000e+21 
2.650838e+11 6.311520e+19 1.000000e+21 
2.713954e+11 6.311520e+19 1.000000e+21 
2.777069e+11 6.311520e+19 1.000000e+21 
2.840184e+11 6.311520e+19 1.000000e+21 
2.903299e+11 6.311520e+19 1.000000e+21 
2.966414e+11 6.311520e+19 1.000000e+21 
3.029530e+11 6.311520e+19 1.000000e+21 
3.092645e+11 6.311520e+19 1.000000e+21 
3.155760e+11 6.311520e+19 1.000000e+21 
3.218875e+11 6.311520e+19 1.000000e+21 
3.281990e+11 6.311520e+19 1.000000e+21 
3.345106e+11 6.311520e+19 1.000000e+21 
3.408221e+11 6.311520e+19 1.000000e+21 
3.471336e+11 6.311520e+19 1.000000e+21 
3.534451e+11 6.311520e+19 1.000000e+21 
3.597566e+11 6.311520e+19 1.000000e+21 
3.660682e+11 6.311520e+19 1.000000e+21 
3.723797e+11 6.311520e+19 1.000000e+21 
3.786912e+11 6.311520e+19 1.000000e+21 
3.850027e+11 6.311520e+19 1.000000e+21 
3.913142e+11 6.311520e+19 1.000000e+21 
3.976258e+11 6.311520e+19 1.000000e+21 
4.039373e+11 6.311520e+19 1.000000e+21 
4.102488e+11 6.311520e+19 1.000000e+21 
4.165603e+11 6.311520e+19 1.000000e+21 
4.228718e+11 6.311520e+19 1.000000e+21 
4.291834e+11 6.311520e+19 1.000000e+21 
4.354949e+11 6.311520e+19 1.000000e+21 
4.418064e+11 6.311520e+19 1.000000e+21 
4.481179e+11 6.311520e+19 1.000000e+21 
4.544294e+11 6.311520e+19 1.000000e+21 
4.607410e+11 6.311520e+19 1.000000e+21 
4.670525e+11 6.311520e+19 1.000000e+21 
4.733640e+11 6.311520e+19 1.000000e+21 
4.796755e+11 6.311520e+19 1.000000e+21 
4.859870e+11 6.311520e+19 1.000000e+21 
4.922986e+11 6.311520e+19 1.000000e+21 
4.986101e+11 6.311520e+19 1.000000e+21 
5.049216e+11 6.311520e+19 1.000000e+21 
5.112331e+11 6.311520e+19 1.000000e+21 
5.175446e+11 6.311520e+19 1.000000e+21 
5.238562e+11 6.311520e+19 1.000000e+21 
5.301677e+11 6.311520e+19 1.000000e+21 
5.364792e+11 6.311520e+19 1.000000e+21 
5.427907e+11 6.311520e+19 1.000000e+21 
5.491022e+11 6.311520e+19 1.000000e+21 
5.554138e+11 6.311520e+19 1.000000e+21 
5.617253e+11 6.311520e+19 1.000000e+21 
5.680368e+11 6.311520e+19 1.000000e+21 
5.743483e+11 6.311520e+19 1.000000e+21 
5.806598e+11 6.311520e+19 1.000000e+21 
5.869714e+11 6.311520e+19 1.000000e+21 
5.932829e+11 6.311520e+19 1.000000e+21 
5.995944e+11 6.311520e+19 1.000000e+21 
6.059059e+11 6.311520e+19 1.000000e+21 
6.122174e+11 6.311520e+19 1.000000e+21 
6.185290e+11 6.311520e+19 1.000000e+21 
6.248405e+11 6.311520e+19 1.000000e+21 
6.311520e+11 6.311520e+19 1.000000e+21 
6.374635e+11 6.311520e+19 1.000000e+21 
6.437750e+11 6.311520e+19 1.000000e+21 
6.500866e+11 6.311520e+19 1.000000e+21 
6.563981e+11 6.311520e+19 1.000000e+21 
6.627096e+11 6.311520e+19 1.000000e+21 
6.690211e+11 6.311520e+19 1.000000e+21 
6.753326e+11 6.311520e+19 1.000000e+21 
6.816442e+11 6.311520e+19 1.000000e+21 
6.879557e+11 6.311520e+19 1.000000e+21 
6.942672e+11 6.311520e+19 1.000000e+21 
7.005787e+11 6.311520e+19 1.000000e+21 
7.068902e+11 6.311520e+19 1.000000e+21 
7.132018e+11 6.311520e+19 1.000000e+21 
7.195133e+11 6.311520e+19 1.000000e+21 
7.258248e+11 6.311520e+19 1.000000e+21 
7.321363e+11 6.311520e+19 1.000000e+21 
7.384478e+11 6.311520e+19 1.000000e+21 
7.447594e+11 6.311520e+19 1.000000e+21 
7.510709e+11 6.311520e+19 1.000000e+21 
7.573824e+11 6.311520e+19 1.000000e+21 
7.636939e+11 6.311520e+19 1.000000e+21 
7.700054e+11 6.311520e+19 1.000000e+21 
7.763170e+11 6.311520e+19 1.000000e+21 
7.826285e+11 6.311520e+19 1.000000e+21 
7.889400e+11 6.311520e+19 1.000000e+21 
7.952515e+11 6.311520e+19 1.000000e+21 
8.015630e+11 6.311520e+19 1.000000e+21 
8.078746e+11 6.311520e+19 1.000000e+21 
8.141861e+11 6.311520e+19 1.000000e+21 
8.204976e+11 6.311520e+19 1.000000e+21 
8.268091e+11 6.311520e+19 1.000000e+21 
8.331206e+11 6.311520e+19 1.000000e+21 
8.394322e+11 6.311520e+19 1.000000e+21 
8.457437e+11 6.311520e+19 1.000000e+21 
8.520552e+11 6.311520e+19 1.000000e+21 
8.583667e+11 6.311520e+19 1.000000e+21 
8.646782e+11 6.311520e+19 1.000000e+21 
8.709898e+11 6.311520e+19 1.000000e+21 
8.773013e+11 6.311520e+19 1.000000e+21 
8.836128e+11 6.311520e+19 1.000000e+21 
8.899243e+11 6.311520e+19 1.000000e+21 
8.962358e+11 6.311520e+19 1.000000e+21 
9.025474e+11 6.311520e+19 1.000000e+21 
9.088589e+11 6.311520e+19 1.000000e+21 
9.151704e+11 6.311520e+19 1.000000e+21 
9.214819e+11 6.311520e+19 1.000000e+21 
9.277934e+11 6.311520e+19 1.000000e+21 
9.341050e+11 6.311520e+19 1.000000e+21 
9.404165e+11 6.311520e+19 1.000000e+21 
9.467280e+11 6.311520e+19 1.000000e+21 
9.530395e+11 6.311520e+19 1.000000e+21 
9.593510e+11 6.311520e+19 1.000000e+21 
9.656626e+11 6.311520e+19 1.000000e+21 
9.719741e+11 6.311520e+19 1.000000e+21 
9.782856e+11 6.311520e+19 1.000000e+21 
9.845971e+11 6.311520e+19 1.000000e+21 
9.909086e+11 6.311520e+19 1.000000e+21 
9.972202e+11 6.311520e+19 1.000000e+21 
1.003532e+12 6.311520e+19 1.000000e+21 
1.009843e+12 6.311520e+19 1.000000e+21 
1.016155e+12 6.311520e+19 1.000000e+21 
1.022466e+12 6.311520e+19 1.000000e+21 
1.028778e+12 6.311520e+19 1.000000e+21 
1.035089e+12 6.311520e+19 1.000000e+21 
1.041401e+12 6.311520e+19 1.000000e+21 
1.047712e+12 6.311520e+19 1.000000e+21 
1.054024e+12 6.311520e+19 1.000000e+21 
1.060335e+12 6.311520e+19 1.000000e+21 
1.066647e+12 6.311520e+19 1.000000e+21 
1.072958e+12 6.311520e+19 1.000000e+21 
1.079270e+12 6.311520e+19 1.000000e+21 
1.085581e+12 6.311520e+19 1.000000e+21 
1.091893e+12 6.311520e+19 1.000000e+21 
1.098204e+12 6.311520e+19 1.000000e+21 
1.104516e+12 6.311520e+19 1.000000e+21 
1.110828e+12 6.311520e+19 1.000000e+21 
1.117139e+12 6.311520e+19 1.000000e+21 
1.123451e+12 6.311520e+19 1.000000e+21 
1.129762e+12 6.311520e+19 1.000000e+21 
1.136074e+12 6.311520e+19 1.000000e+21 
1.142385e+12 6.311520e+19 1.000000e+21 
1.148697e+12 6.311520e+19 1.000000e+21 
1.155008e+12 6.311520e+19 1.000000e+21 
1.161320e+12 6.311520e+19 1.000000e+21 
1.167631e+12 6.311520e+19 1.000000e+21 
1.173943e+12 6.311520e+19 1.000000e+21 
1.180254e+12 6.311520e+19 1.000000e+21 
1.186566e+12 6.311520e+19 1.000000e+21 
1.192877e+12 6.311520e+19 1.000000e+21 
1.199189e+12 6.311520e+19 1.000000e+21 
1.205500e+12 6.311520e+19 1.000000e+21 
1.211812e+12 6.311520e+19 1.000000e+21 
1.218123e+12 6.311520e+19 1.000000e+21 
1.224435e+12 6.311520e+19 1.000000e+21 
1.230746e+12 6.311520e+19 1.000000e+21 
1.237058e+12 6.311520e+19 1.000000e+21 
1.243369e+12 6.311520e+19 1.000000e+21 
1.249681e+12 6.311520e+19 1.000000e+21 
1.255992e+12 6.311520e+19 1.000000e+21 
1.262304e+12 6.311520e+19 1.000000e+21 
1.268616e+12 6.311520e+19 1.000000e+21 
1.274927e+12 6.311520e+19 1.000000e+21 
1.281239e+12 6.311520e+19 1.000000e+21 
1.287550e+12 6.311520e+19 1.000000e+21 
1.293862e+12 6.311520e+19 1.000000e+21 
1.300173e+12 6.311520e+19 1.000000e+21 
1.306485e+12 6.311520e+19 1.000000e+21 
1.312796e+12 6.311520e+19 1.000000e+21 
1.319108e+12 6.311520e+19 1.000000e+21 
1.325419e+12 6.311520e+19 1.000000e+21 
1.331731e+12 6.311520e+19 1.000000e+21 
1.338042e+12 6.311520e+19 1.000000e+21 
1.344354e+12 6.311520e+19 1.000000e+21 
1.350665e+12 6.311520e+19 1.000000e+21 
1.356977e+12 6.311520e+19 1.000000e+21 
1.363288e+12 6.311520e+19 1.000000e+21 
1.369600e+12 6.311520e+19 1.000000e+21 
1.375911e+12 6.311520e+19 1.000000e+21 
1.382223e+12 6.311520e+19 1.000000e+21 
1.388534e+12 6.311520e+19 1.000000e+21 
1.394846e+12 6.311520e+19 1.000000e+21 
1.401157e+12 6.311520e+19 1.000000e+21 
1.407469e+12 6.311520e+19 1.000000e+21 
1.413780e+12 6.311520e+19 1.000000e+21 
1.420092e+12 6.311520e+19 1.000000e+21 
1.426404e+12 6.311520e+19 1.000000e+21 
1.432715e+12 6.311520e+19 1.000000e+21 
1.439027e+12 6.311520e+19 1.000000e+21 
1.445338e+12 6.311520e+19 1.000000e+21 
1.451650e+12 6.311520e+19 1.000000e+21 
1.457961e+12 6.311520e+19 1.000000e+21 
1.464273e+12 6.311520e+19 1.000000e+21 
1.470584e+12 6.311520e+19 1.000000e+21 
1.476896e+12 6.311520e+19 1.000000e+21 
1.483207e+12 6.311520e+19 1.000000e+21 
1.489519e+12 6.311520e+19 1.000000e+21 
1.495830e+12 6.311520e+19 1.000000e+21 
1.502142e+12 6.311520e+19 1.000000e+21 
1.508453e+12 6.311520e+19 1.000000e+21 
1.514765e+12 6.311520e+19 1.000000e+21 
1.521076e+12 6.311520e+19 1.000000e+21 
1.527388e+12 6.311520e+19 1.000000e+21 
1.533699e+12 6.311520e+19 1.000000e+21 
1.540011e+12 6.311520e+19 1.000000e+21 
1.546322e+12 6.311520e+19 1.000000e+21 
1.552634e+12 6.311520e+19 1.000000e+21 
1.558945e+12 6.311520e+19 1.000000e+21 
1.565257e+12 6.311520e+19 1.000000e+21 
1.571568e+12 6.311520e+19 1.000000e+21 
1.577880e+12 6.311520e+19 1.000000e+21 
1.584192e+12 6.311520e+19 1.000000e+21 
1.590503e+12 6.311520e+19 1.000000e+21 
1.596815e+12 6.311520e+19 1.000000e+21 
1.603126e+12 6.311520e+19 1.000000e+21 
1.609438e+12 6.311520e+19 1.000000e+21 
1.615749e+12 6.311520e+19 1.000000e+21 
1.622061e+12 6.311520e+19 1.000000e+21 
1.628372e+12 6.311520e+19 1.000000e+21 
1.634684e+12 6.311520e+19 1.000000e+21 
1.640995e+12 6.311520e+19 1.000000e+21 
1.647307e+12 6.311520e+19 1.000000e+21 
1.653618e+12 6.311520e+19 1.000000e+21 
1.659930e+12 6.311520e+19 1.000000e+21 
1.666241e+12 6.311520e+19 1.000000e+21 
1.672553e+12 6.311520e+19 1.000000e+21 
1.678864e+12 6.311520e+19 1.000000e+21 
1.685176e+12 6.311520e+19 1.000000e+21 
1.691487e+12 6.311520e+19 1.000000e+21 
1.697799e+12 6.311520e+19 1.000000e+21 
1.704110e+12 6.311520e+19 1.000000e+21 
1.710422e+12 6.311520e+19 1.000000e+21 
1.716733e+12 6.311520e+19 1.000000e+21 
1.723045e+12 6.311520e+19 1.000000e+21 
1.729356e+12 6.311520e+19 1.000000e+21 
1.735668e+12 6.311520e+19 1.000000e+21 
1.741980e+12 6.311520e+19 1.000000e+21 
1.748291e+12 6.311520e+19 1.000000e+21 
1.754603e+12 6.311520e+19 1.000000e+21 
1.760914e+12 6.311520e+19 1.000000e+21 
1.767226e+12 6.311520e+19 1.000000e+21 
1.773537e+12 6.311520e+19 1.000000e+21 
1.779849e+12 6.311520e+19 1.000000e+21 
1.786160e+12 6.311520e+19 1.000000e+21 
1.792472e+12 6.311520e+19 1.000000e+21 
1.798783e+12 6.311520e+19 1.000000e+21 
1.805095e+12 6.311520e+19 1.000000e+21 
1.811406e+12 6.311520e+19 1.000000e+21 
1.817718e+12 6.311520e+19 1.000000e+21 
1.824029e+12 6.311520e+19 1.000000e+21 
1.830341e+12 6.311520e+19 1.000000e+21 
1.836652e+12 6.311520e+19 1.000000e+21 
1.842964e+12 6.311520e+19 1.000000e+21 
1.849275e+12 6.311520e+19 1.000000e+21 
1.855587e+12 6.311520e+19 1.000000e+21 
1.861898e+12 6.311520e+19 1.000000e+21 
1.868210e+12 6.311520e+19 1.000000e+21 
1.874521e+12 6.311520e+19 1.000000e+21 
1.880833e+12 6.311520e+19 1.000000e+21 
1.887144e+12 6.311520e+19 1.000000e+21 
1.893456e+12 6.311520e+19 1.000000e+21 
1.899768e+12 6.311520e+19 1.000000e+21 
