0.000000e+00 -5.089688e+09 5.089688e+09 
6.311520e+09 -4.835545e+09 4.815473e+09 
1.262304e+10 -4.628687e+09 4.574660e+09 
1.893456e+10 -4.445865e+09 4.389085e+09 
2.524608e+10 -4.299348e+09 4.230583e+09 
3.155760e+10 -4.162711e+09 4.102412e+09 
3.786912e+10 -4.048548e+09 3.986567e+09 
4.418064e+10 -3.940102e+09 3.885352e+09 
5.049216e+10 -3.845653e+09 3.794725e+09 
5.680368e+10 -3.756467e+09 3.712039e+09 
6.311520e+10 -3.678482e+09 3.636541e+09 
6.942672e+10 -3.605103e+09 3.562101e+09 
7.573824e+10 -3.534519e+09 3.493529e+09 
8.204976e+10 -3.469119e+09 3.430792e+09 
8.836128e+10 -3.409539e+09 3.374037e+09 
9.467280e+10 -3.357184e+09 3.321742e+09 
1.009843e+11 -3.306627e+09 3.273023e+09 
1.072958e+11 -3.262346e+09 3.226539e+09 
1.136074e+11 -3.219595e+09 3.184159e+09 
1.199189e+11 -3.181826e+09 3.144101e+09 
1.262304e+11 -3.145846e+09 3.104215e+09 
1.325419e+11 -3.112076e+09 3.070120e+09 
1.388534e+11 -3.078880e+09 3.032478e+09 
1.451650e+11 -3.046857e+09 2.999289e+09 
1.514765e+11 -3.016134e+09 2.966151e+09 
1.577880e+11 -2.989531e+09 2.934969e+09 
1.640995e+11 -2.964104e+09 2.905948e+09 
1.704110e+11 -2.939372e+09 2.876429e+09 
1.767226e+11 -2.915804e+09 2.849068e+09 
1.830341e+11 -2.892258e+09 2.821669e+09 
1.893456e+11 -2.868055e+09 2.794419e+09 
1.956571e+11 -2.847002e+09 2.771359e+09 
2.019686e+11 -2.826945e+09 2.745176e+09 
2.082802e+11 -2.807635e+09 2.722953e+09 
2.145917e+11 -2.788850e+09 2.700603e+09 
2.209032e+11 -2.770621e+09 2.677387e+09 
2.272147e+11 -2.751525e+09 2.655076e+09 
2.335262e+11 -2.733056e+09 2.632434e+09 
2.398378e+11 -2.717501e+09 2.612586e+09 
2.461493e+11 -2.699142e+09 2.626934e+09 
2.524608e+11 -2.704382e+09 2.680807e+09 
2.587723e+11 -2.764012e+09 2.721724e+09 
2.650838e+11 -2.824117e+09 2.766360e+09 
2.713954e+11 -2.872060e+09 2.809056e+09 
2.777069e+11 -2.954104e+09 2.844445e+09 
2.840184e+11 -3.007408e+09 2.881536e+09 
2.903299e+11 -3.061261e+09 2.920711e+09 
2.966414e+11 -3.134832e+09 2.954960e+09 
3.029530e+11 -3.190762e+09 2.986457e+09 
3.092645e+11 -3.250699e+09 3.021879e+09 
3.155760e+11 -3.304836e+09 3.051542e+09 
3.218875e+11 -3.339631e+09 3.079260e+09 
3.281990e+11 -3.382663e+09 3.104840e+09 
3.345106e+11 -3.421913e+09 3.134042e+09 
3.408221e+11 -3.426667e+09 3.156459e+09 
3.471336e+11 -3.458488e+09 3.170362e+09 
3.534451e+11 -3.471823e+09 3.195959e+09 
3.597566e+11 -3.477759e+09 3.211679e+09 
3.660682e+11 -3.481508e+09 3.232568e+09 
3.723797e+11 -3.477483e+09 3.256705e+09 
3.786912e+11 -3.478819e+09 3.271265e+09 
3.850027e+11 -3.482507e+09 3.293985e+09 
3.913142e+11 -3.469170e+09 3.312763e+09 
3.976258e+11 -3.462311e+09 3.326229e+09 
4.039373e+11 -3.470301e+09 3.348474e+09 
4.102488e+11 -3.515277e+09 3.369745e+09 
4.165603e+11 -3.565149e+09 3.378538e+09 
4.228718e+11 -3.617242e+09 3.395844e+09 
4.291834e+11 -3.665583e+09 3.420274e+09 
4.354949e+11 -3.713030e+09 3.435853e+09 
4.418064e+11 -3.749606e+09 3.450431e+09 
4.481179e+11 -3.813589e+09 3.464992e+09 
4.544294e+11 -3.872875e+09 3.481018e+09 
4.607410e+11 -3.911929e+09 3.494509e+09 
4.670525e+11 -3.949223e+09 3.507104e+09 
4.733640e+11 -4.009488e+09 3.523606e+09 
4.796755e+11 -4.066692e+09 3.539307e+09 
4.859870e+11 -4.116791e+09 3.553728e+09 
4.922986e+11 -4.161691e+09 3.566297e+09 
4.986101e+11 -4.188902e+09 3.577925e+09 
5.049216e+11 -4.227837e+09 3.592347e+09 
5.112331e+11 -4.260221e+09 3.603570e+09 
5.175446e+11 -4.291547e+09 3.614223e+09 
5.238562e+11 -4.315144e+09 3.630565e+09 
5.301677e+11 -4.315852e+09 3.642705e+09 
5.364792e+11 -4.330781e+09 3.655880e+09 
5.427907e+11 -4.345478e+09 3.664216e+09 
5.491022e+11 -4.338432e+09 3.677231e+09 
5.554138e+11 -4.349249e+09 3.691069e+09 
5.617253e+11 -4.335903e+09 3.702806e+09 
5.680368e+11 -4.323077e+09 3.716608e+09 
5.743483e+11 -4.314150e+09 3.724277e+09 
5.806598e+11 -4.306272e+09 3.731128e+09 
5.869714e+11 -4.274408e+09 3.741384e+09 
5.932829e+11 -4.251347e+09 3.753762e+09 
5.995944e+11 -4.242664e+09 3.762716e+09 
6.059059e+11 -4.229988e+09 3.771740e+09 
6.122174e+11 -4.177831e+09 3.783765e+09 
6.185290e+11 -4.161965e+09 3.793309e+09 
6.248405e+11 -4.137590e+09 3.801114e+09 
6.311520e+11 -4.023718e+09 3.723866e+09 
6.374635e+11 -3.994488e+09 3.648737e+09 
6.437750e+11 -3.950394e+09 3.571717e+09 
6.500866e+11 -3.920261e+09 3.499622e+09 
6.563981e+11 -3.900359e+09 3.430022e+09 
6.627096e+11 -3.856031e+09 3.355696e+09 
6.690211e+11 -3.801163e+09 3.284872e+09 
6.753326e+11 -3.747842e+09 3.220631e+09 
6.816442e+11 -3.723668e+09 3.156457e+09 
6.879557e+11 -3.662428e+09 3.088996e+09 
6.942672e+11 -3.592683e+09 3.026515e+09 
7.005787e+11 -3.543417e+09 2.975792e+09 
7.068902e+11 -3.467979e+09 2.931206e+09 
7.132018e+11 -3.387041e+09 2.895246e+09 
7.195133e+11 -3.317079e+09 2.852605e+09 
7.258248e+11 -3.238776e+09 2.813323e+09 
7.321363e+11 -3.131462e+09 2.774525e+09 
7.384478e+11 -3.039485e+09 2.735568e+09 
7.447594e+11 -2.964950e+09 2.700104e+09 
7.510709e+11 -2.873223e+09 2.660826e+09 
7.573824e+11 -2.783757e+09 2.625827e+09 
7.636939e+11 -2.696335e+09 2.618632e+09 
7.700054e+11 -2.613560e+09 2.623246e+09 
7.763170e+11 -2.523086e+09 2.596904e+09 
7.826285e+11 -2.447421e+09 2.589399e+09 
7.889400e+11 -2.383690e+09 2.581728e+09 
7.952515e+11 -2.311824e+09 2.570581e+09 
8.015630e+11 -2.234505e+09 2.571781e+09 
8.078746e+11 -2.171875e+09 2.559276e+09 
8.141861e+11 -2.110686e+09 2.563778e+09 
8.204976e+11 -2.054199e+09 2.535416e+09 
8.268091e+11 -2.004329e+09 2.546302e+09 
8.331206e+11 -1.949794e+09 2.536094e+09 
8.394322e+11 -1.938634e+09 2.531435e+09 
8.457437e+11 -1.931220e+09 2.518424e+09 
8.520552e+11 -1.920590e+09 2.499398e+09 
8.583667e+11 -1.908924e+09 2.457211e+09 
8.646782e+11 -1.900658e+09 2.431465e+09 
8.709898e+11 -1.887975e+09 2.400789e+09 
8.773013e+11 -1.869939e+09 2.363933e+09 
8.836128e+11 -1.858815e+09 2.317717e+09 
8.899243e+11 -1.843985e+09 2.287653e+09 
8.962358e+11 -1.834799e+09 2.260880e+09 
9.025474e+11 -1.818244e+09 2.259227e+09 
9.088589e+11 -1.804696e+09 2.261986e+09 
9.151704e+11 -1.789616e+09 2.263765e+09 
9.214819e+11 -1.774348e+09 2.275620e+09 
9.277934e+11 -1.757940e+09 2.242991e+09 
9.341050e+11 -1.743108e+09 2.251429e+09 
9.404165e+11 -1.728783e+09 2.232414e+09 
9.467280e+11 -1.712997e+09 2.219715e+09 
9.530395e+11 -1.699282e+09 2.198784e+09 
9.593510e+11 -1.683120e+09 2.180556e+09 
9.656626e+11 -1.667769e+09 2.155815e+09 
9.719741e+11 -1.653956e+09 2.134722e+09 
9.782856e+11 -1.639405e+09 2.107245e+09 
9.845971e+11 -1.628838e+09 2.088401e+09 
9.909086e+11 -1.615159e+09 2.067028e+09 
9.972202e+11 -1.600653e+09 2.045238e+09 
1.003532e+12 -1.589849e+09 2.027836e+09 
1.009843e+12 -1.578209e+09 2.015574e+09 
1.016155e+12 -1.563579e+09 1.997538e+09 
1.022466e+12 -1.551437e+09 1.979646e+09 
1.028778e+12 -1.537330e+09 1.959744e+09 
1.035089e+12 -1.524240e+09 1.944091e+09 
1.041401e+12 -1.515007e+09 1.933169e+09 
1.047712e+12 -1.500803e+09 1.922261e+09 
1.054024e+12 -1.490252e+09 1.912791e+09 
1.060335e+12 -1.477403e+09 1.898190e+09 
1.066647e+12 -1.462954e+09 1.887360e+09 
1.072958e+12 -1.450363e+09 1.868818e+09 
1.079270e+12 -1.436953e+09 1.868493e+09 
1.085581e+12 -1.423705e+09 1.853979e+09 
1.091893e+12 -1.409342e+09 1.839173e+09 
1.098204e+12 -1.396471e+09 1.824929e+09 
1.104516e+12 -1.383567e+09 1.822985e+09 
1.110828e+12 -1.368689e+09 1.807876e+09 
1.117139e+12 -1.354247e+09 1.801713e+09 
1.123451e+12 -1.342409e+09 1.785194e+09 
1.129762e+12 -1.325536e+09 1.774018e+09 
1.136074e+12 -1.310079e+09 1.760061e+09 
1.142385e+12 -1.295806e+09 1.750849e+09 
1.148697e+12 -1.282715e+09 1.731750e+09 
1.155008e+12 -1.268072e+09 1.717795e+09 
1.161320e+12 -1.255943e+09 1.699884e+09 
1.167631e+12 -1.241289e+09 1.683143e+09 
1.173943e+12 -1.226979e+09 1.671520e+09 
1.180254e+12 -1.211415e+09 1.655709e+09 
1.186566e+12 -1.196538e+09 1.643739e+09 
1.192877e+12 -1.181422e+09 1.638339e+09 
1.199189e+12 -1.167942e+09 1.614589e+09 
1.205500e+12 -1.157326e+09 1.601076e+09 
1.211812e+12 -1.143871e+09 1.579959e+09 
1.218123e+12 -1.130038e+09 1.568962e+09 
1.224435e+12 -1.116583e+09 1.561197e+09 
1.230746e+12 -1.104386e+09 1.545968e+09 
1.237058e+12 -1.091789e+09 1.530299e+09 
1.243369e+12 -1.079409e+09 1.516100e+09 
1.249681e+12 -1.066318e+09 1.500412e+09 
1.255992e+12 -1.053720e+09 1.484088e+09 
1.262304e+12 -1.041119e+09 1.469761e+09 
1.268616e+12 -1.030623e+09 1.455264e+09 
1.274927e+12 -1.018861e+09 1.439137e+09 
1.281239e+12 -1.005127e+09 1.429121e+09 
1.287550e+12 -9.926062e+08 1.415070e+09 
1.293862e+12 -9.813095e+08 1.403969e+09 
1.300173e+12 -9.687190e+08 1.394140e+09 
1.306485e+12 -9.586794e+08 1.378233e+09 
1.312796e+12 -9.462596e+08 1.375318e+09 
1.319108e+12 -9.353050e+08 1.371634e+09 
1.325419e+12 -9.238172e+08 1.370274e+09 
1.331731e+12 -9.140455e+08 1.366539e+09 
1.338042e+12 -9.028120e+08 1.360224e+09 
1.344354e+12 -8.922458e+08 1.359839e+09 
1.350665e+12 -8.805444e+08 1.357515e+09 
1.356977e+12 -8.689879e+08 1.354713e+09 
1.363288e+12 -8.600346e+08 1.342810e+09 
1.369600e+12 -8.492526e+08 1.338792e+09 
1.375911e+12 -8.368521e+08 1.335922e+09 
1.382223e+12 -8.250978e+08 1.334545e+09 
1.388534e+12 -8.144082e+08 1.328743e+09 
1.394846e+12 -8.056353e+08 1.326431e+09 
1.401157e+12 -7.961384e+08 1.322533e+09 
1.407469e+12 -7.862933e+08 1.320616e+09 
1.413780e+12 -7.756628e+08 1.318550e+09 
1.420092e+12 -7.646434e+08 1.314669e+09 
1.426404e+12 -7.542448e+08 1.309334e+09 
1.432715e+12 -7.443931e+08 1.306593e+09 
1.439027e+12 -7.353599e+08 1.300170e+09 
1.445338e+12 -7.273008e+08 1.297954e+09 
1.451650e+12 -7.182579e+08 1.292182e+09 
1.457961e+12 -7.074353e+08 1.289078e+09 
1.464273e+12 -6.982555e+08 1.287089e+09 
1.470584e+12 -6.907178e+08 1.286649e+09 
1.476896e+12 -6.813657e+08 1.283148e+09 
1.483207e+12 -6.721501e+08 1.280954e+09 
1.489519e+12 -6.643195e+08 1.271078e+09 
1.495830e+12 -6.556693e+08 1.268881e+09 
1.502142e+12 -6.478902e+08 1.263304e+09 
1.508453e+12 -6.392341e+08 1.262109e+09 
1.514765e+12 -6.300947e+08 1.262573e+09 
1.521076e+12 -6.221124e+08 1.261433e+09 
1.527388e+12 -6.136080e+08 1.254386e+09 
1.533699e+12 -6.061949e+08 1.248087e+09 
1.540011e+12 -5.988073e+08 1.246833e+09 
1.546322e+12 -5.917313e+08 1.243605e+09 
1.552634e+12 -5.837762e+08 1.242709e+09 
1.558945e+12 -5.761888e+08 1.241764e+09 
1.565257e+12 -5.692508e+08 1.238219e+09 
1.571568e+12 -5.624889e+08 1.234389e+09 
1.577880e+12 -5.554559e+08 1.236170e+09 
1.584192e+12 -5.489136e+08 1.237216e+09 
1.590503e+12 -5.416056e+08 1.234881e+09 
1.596815e+12 -5.367046e+08 1.234864e+09 
1.603126e+12 -5.305247e+08 1.233103e+09 
1.609438e+12 -5.239921e+08 1.234433e+09 
1.615749e+12 -5.181808e+08 1.232739e+09 
1.622061e+12 -5.119288e+08 1.230443e+09 
1.628372e+12 -5.048857e+08 1.228629e+09 
1.634684e+12 -4.983084e+08 1.226774e+09 
1.640995e+12 -4.909646e+08 1.225289e+09 
1.647307e+12 -4.839729e+08 1.223871e+09 
1.653618e+12 -4.785333e+08 1.224980e+09 
1.659930e+12 -4.742902e+08 1.222753e+09 
1.666241e+12 -4.669630e+08 1.221189e+09 
1.672553e+12 -4.611665e+08 1.221826e+09 
1.678864e+12 -4.559751e+08 1.222933e+09 
1.685176e+12 -4.514972e+08 1.220412e+09 
1.691487e+12 -4.491967e+08 1.225484e+09 
1.697799e+12 -4.470365e+08 1.222357e+09 
1.704110e+12 -4.449569e+08 1.220114e+09 
1.710422e+12 -4.428798e+08 1.218473e+09 
1.716733e+12 -4.408381e+08 1.220878e+09 
1.723045e+12 -4.387943e+08 1.219251e+09 
1.729356e+12 -4.367590e+08 1.221346e+09 
1.735668e+12 -4.347620e+08 1.220746e+09 
1.741980e+12 -4.327902e+08 1.229030e+09 
1.748291e+12 -4.308688e+08 1.225177e+09 
1.754603e+12 -4.289753e+08 1.224194e+09 
1.760914e+12 -4.271361e+08 1.227654e+09 
1.767226e+12 -4.253334e+08 1.241279e+09 
1.773537e+12 -4.234889e+08 1.234712e+09 
1.779849e+12 -4.216226e+08 1.230097e+09 
1.786160e+12 -4.198269e+08 1.228416e+09 
1.792472e+12 -4.180135e+08 1.229618e+09 
1.798783e+12 -4.162528e+08 1.232654e+09 
1.805095e+12 -4.145048e+08 1.229693e+09 
1.811406e+12 -4.127807e+08 1.226951e+09 
1.817718e+12 -4.111663e+08 1.224405e+09 
1.824029e+12 -4.095591e+08 1.224678e+09 
1.830341e+12 -4.079438e+08 1.228082e+09 
1.836652e+12 -4.063955e+08 1.225340e+09 
1.842964e+12 -4.047781e+08 1.223503e+09 
1.849275e+12 -4.031681e+08 1.222810e+09 
1.855587e+12 -4.016287e+08 1.221048e+09 
1.861898e+12 -4.000718e+08 1.219631e+09 
1.868210e+12 -3.985120e+08 1.220874e+09 
1.874521e+12 -3.969589e+08 1.218942e+09 
1.880833e+12 -3.954209e+08 1.216549e+09 
1.887144e+12 -3.938224e+08 1.214792e+09 
1.893456e+12 -3.923184e+08 1.212694e+09 
