0.000000e+00 -4.969452e-07 4.969452e-07 0.000000e+00
6.311520e+09 -4.474397e-07 4.439836e-07 2.000000e+02
1.262304e+10 -4.346996e-07 4.304590e-07 4.000000e+02
1.893456e+10 -4.241757e-07 4.177181e-07 6.000000e+02
2.524608e+10 -4.132060e-07 4.084633e-07 8.000000e+02
3.155760e+10 -4.041732e-07 3.987330e-07 1.000000e+03
3.786912e+10 -3.950441e-07 3.910816e-07 1.200000e+03
4.418064e+10 -3.872621e-07 3.829158e-07 1.400000e+03
5.049216e+10 -3.797359e-07 3.761727e-07 1.600000e+03
5.680368e+10 -3.728530e-07 3.692164e-07 1.800000e+03
6.311520e+10 -3.663765e-07 3.629943e-07 2.000000e+03
6.942672e+10 -3.603529e-07 3.571529e-07 2.200000e+03
7.573824e+10 -3.542795e-07 3.516151e-07 2.400000e+03
8.204976e+10 -3.484478e-07 3.465441e-07 2.600000e+03
8.836128e+10 -3.431191e-07 3.414558e-07 2.800000e+03
9.467280e+10 -3.378682e-07 3.367614e-07 3.000000e+03
1.009843e+11 -3.330902e-07 3.319881e-07 3.200000e+03
1.072958e+11 -3.283062e-07 3.275428e-07 3.400000e+03
1.136074e+11 -3.240114e-07 3.230192e-07 3.600000e+03
1.199189e+11 -3.198135e-07 3.188789e-07 3.800000e+03
1.262304e+11 -3.156110e-07 3.146550e-07 4.000000e+03
1.325419e+11 -3.122120e-07 3.105168e-07 4.200000e+03
1.388534e+11 -3.081712e-07 3.067453e-07 4.400000e+03
1.451650e+11 -3.048277e-07 3.026755e-07 4.600000e+03
1.514765e+11 -3.011413e-07 2.988857e-07 4.800000e+03
1.577880e+11 -2.977736e-07 2.952211e-07 5.000000e+03
1.640995e+11 -2.948698e-07 2.917101e-07 5.200000e+03
1.704110e+11 -2.914405e-07 2.884475e-07 5.400000e+03
1.767226e+11 -2.885705e-07 2.850925e-07 5.600000e+03
1.830341e+11 -2.854962e-07 2.821802e-07 5.800000e+03
1.893456e+11 -2.823988e-07 2.789545e-07 6.000000e+03
1.956571e+11 -2.800681e-07 2.760971e-07 6.200000e+03
2.019686e+11 -2.768521e-07 2.732178e-07 6.400000e+03
2.082802e+11 -2.743166e-07 2.703512e-07 6.600000e+03
2.145917e+11 -2.718663e-07 2.676213e-07 6.800000e+03
2.209032e+11 -2.692322e-07 2.650176e-07 7.000000e+03
2.272147e+11 -2.667969e-07 2.623973e-07 7.200000e+03
2.335262e+11 -2.643072e-07 2.599406e-07 7.400000e+03
2.398378e+11 -2.620741e-07 2.575583e-07 7.600000e+03
2.461493e+11 -2.598662e-07 2.550498e-07 7.800000e+03
2.524608e+11 -2.574900e-07 2.527063e-07 8.000000e+03
2.587723e+11 -2.554748e-07 2.501987e-07 8.200000e+03
2.650838e+11 -2.532247e-07 2.479137e-07 8.400000e+03
2.713954e+11 -2.512133e-07 2.458649e-07 8.600000e+03
2.777069e+11 -2.493998e-07 2.437752e-07 8.800000e+03
2.840184e+11 -2.475035e-07 2.417495e-07 9.000000e+03
2.903299e+11 -2.454828e-07 2.393252e-07 9.200000e+03
2.966414e+11 -2.438575e-07 2.374955e-07 9.400000e+03
3.029530e+11 -2.420653e-07 2.355857e-07 9.600000e+03
3.092645e+11 -2.401059e-07 2.334968e-07 9.800000e+03
3.155760e+11 -2.384652e-07 2.314349e-07 1.000000e+04
3.218875e+11 -2.369609e-07 2.298211e-07 1.020000e+04
3.281990e+11 -2.353036e-07 2.280411e-07 1.040000e+04
3.345106e+11 -2.334669e-07 2.258182e-07 1.060000e+04
3.408221e+11 -2.320843e-07 2.241913e-07 1.080000e+04
3.471336e+11 -2.304339e-07 2.221642e-07 1.100000e+04
3.534451e+11 -2.289381e-07 2.202216e-07 1.120000e+04
3.597566e+11 -2.271396e-07 2.183316e-07 1.140000e+04
3.660682e+11 -2.256503e-07 2.163834e-07 1.160000e+04
3.723797e+11 -2.242537e-07 2.145217e-07 1.180000e+04
3.786912e+11 -2.225970e-07 2.127691e-07 1.200000e+04
3.850027e+11 -2.211099e-07 2.110144e-07 1.220000e+04
3.913142e+11 -2.198032e-07 2.093487e-07 1.240000e+04
3.976258e+11 -2.181714e-07 2.077033e-07 1.260000e+04
4.039373e+11 -2.165131e-07 2.060058e-07 1.280000e+04
4.102488e+11 -2.150800e-07 2.043210e-07 1.300000e+04
4.165603e+11 -2.137941e-07 2.028579e-07 1.320000e+04
4.228718e+11 -2.123337e-07 2.013588e-07 1.340000e+04
4.291834e+11 -2.107608e-07 1.997878e-07 1.360000e+04
4.354949e+11 -2.094535e-07 1.984855e-07 1.380000e+04
4.418064e+11 -2.079990e-07 1.970192e-07 1.400000e+04
4.481179e+11 -2.066033e-07 1.956696e-07 1.420000e+04
4.544294e+11 -2.050635e-07 1.942152e-07 1.440000e+04
4.607410e+11 -2.037593e-07 1.930321e-07 1.460000e+04
4.670525e+11 -2.024957e-07 1.917890e-07 1.480000e+04
4.733640e+11 -2.011990e-07 1.904852e-07 1.500000e+04
4.796755e+11 -1.996709e-07 1.891296e-07 1.520000e+04
4.859870e+11 -1.985308e-07 1.880967e-07 1.540000e+04
4.922986e+11 -1.973600e-07 1.868264e-07 1.560000e+04
4.986101e+11 -1.964430e-07 1.857679e-07 1.580000e+04
5.049216e+11 -1.952020e-07 1.847650e-07 1.600000e+04
5.112331e+11 -1.939748e-07 1.835317e-07 1.620000e+04
5.175446e+11 -1.927121e-07 1.824147e-07 1.640000e+04
5.238562e+11 -1.917023e-07 1.814149e-07 1.660000e+04
5.301677e+11 -1.905534e-07 1.803990e-07 1.680000e+04
5.364792e+11 -1.894554e-07 1.794180e-07 1.700000e+04
5.427907e+11 -1.882325e-07 1.784694e-07 1.720000e+04
5.491022e+11 -1.869862e-07 1.777402e-07 1.740000e+04
5.554138e+11 -1.857634e-07 1.765870e-07 1.760000e+04
5.617253e+11 -1.846370e-07 1.756396e-07 1.780000e+04
5.680368e+11 -1.836484e-07 1.747040e-07 1.800000e+04
5.743483e+11 -1.826206e-07 1.738180e-07 1.820000e+04
5.806598e+11 -1.814426e-07 1.729246e-07 1.840000e+04
5.869714e+11 -1.802123e-07 1.721294e-07 1.860000e+04
5.932829e+11 -1.793638e-07 1.712349e-07 1.880000e+04
5.995944e+11 -1.782858e-07 1.704772e-07 1.900000e+04
6.059059e+11 -1.773562e-07 1.697449e-07 1.920000e+04
6.122174e+11 -1.761709e-07 1.687256e-07 1.940000e+04
6.185290e+11 -1.749533e-07 1.678813e-07 1.960000e+04
6.248405e+11 -1.738084e-07 1.671999e-07 1.980000e+04
6.311520e+11 -3.164285e-07 3.529379e-07 2.000000e+04
6.374635e+11 -3.024423e-07 3.246417e-07 2.020000e+04
6.437750e+11 -2.935651e-07 3.070612e-07 2.040000e+04
6.500866e+11 -2.806705e-07 2.893372e-07 2.060000e+04
6.563981e+11 -2.713837e-07 2.757917e-07 2.080000e+04
6.627096e+11 -2.640508e-07 2.624103e-07 2.100000e+04
6.690211e+11 -2.548046e-07 2.511951e-07 2.120000e+04
6.753326e+11 -2.478367e-07 2.407289e-07 2.140000e+04
6.816442e+11 -2.408811e-07 2.326751e-07 2.160000e+04
6.879557e+11 -2.328100e-07 2.223152e-07 2.180000e+04
6.942672e+11 -2.256884e-07 2.151746e-07 2.200000e+04
7.005787e+11 -2.205782e-07 2.115597e-07 2.220000e+04
7.068902e+11 -2.118730e-07 2.077188e-07 2.240000e+04
7.132018e+11 -2.071749e-07 2.043150e-07 2.260000e+04
7.195133e+11 -1.996357e-07 2.003906e-07 2.280000e+04
7.258248e+11 -1.950467e-07 1.966566e-07 2.300000e+04
7.321363e+11 -1.874747e-07 1.934747e-07 2.320000e+04
7.384478e+11 -1.817266e-07 1.895849e-07 2.340000e+04
7.447594e+11 -1.761495e-07 1.863115e-07 2.360000e+04
7.510709e+11 -1.721540e-07 1.830735e-07 2.380000e+04
7.573824e+11 -1.672481e-07 1.800243e-07 2.400000e+04
7.636939e+11 -1.644481e-07 1.767091e-07 2.420000e+04
7.700054e+11 -1.580943e-07 1.734089e-07 2.440000e+04
7.763170e+11 -1.554900e-07 1.698484e-07 2.460000e+04
7.826285e+11 -1.510241e-07 1.668351e-07 2.480000e+04
7.889400e+11 -1.478322e-07 1.633840e-07 2.500000e+04
7.952515e+11 -1.430136e-07 1.604092e-07 2.520000e+04
8.015630e+11 -1.415530e-07 1.574208e-07 2.540000e+04
8.078746e+11 -1.360387e-07 1.540042e-07 2.560000e+04
8.141861e+11 -1.336938e-07 1.511052e-07 2.580000e+04
8.204976e+11 -1.306678e-07 1.477209e-07 2.600000e+04
8.268091e+11 -1.271458e-07 1.448185e-07 2.620000e+04
8.331206e+11 -1.239483e-07 1.416799e-07 2.640000e+04
8.394322e+11 -1.206762e-07 1.387632e-07 2.660000e+04
8.457437e+11 -1.185934e-07 1.357747e-07 2.680000e+04
8.520552e+11 -1.160035e-07 1.330977e-07 2.700000e+04
8.583667e+11 -1.126481e-07 1.303939e-07 2.720000e+04
8.646782e+11 -1.104890e-07 1.274332e-07 2.740000e+04
8.709898e+11 -1.091641e-07 1.248839e-07 2.760000e+04
8.773013e+11 -1.050168e-07 1.225736e-07 2.780000e+04
8.836128e+11 -1.037381e-07 1.202984e-07 2.800000e+04
8.899243e+11 -1.011365e-07 1.179059e-07 2.820000e+04
8.962358e+11 -9.912560e-08 1.155805e-07 2.840000e+04
9.025474e+11 -9.693210e-08 1.132103e-07 2.860000e+04
9.088589e+11 -9.448942e-08 1.113854e-07 2.880000e+04
9.151704e+11 -9.254436e-08 1.091639e-07 2.900000e+04
9.214819e+11 -9.112569e-08 1.072152e-07 2.920000e+04
9.277934e+11 -8.906602e-08 1.053682e-07 2.940000e+04
9.341050e+11 -8.741413e-08 1.033352e-07 2.960000e+04
9.404165e+11 -8.578640e-08 1.016170e-07 2.980000e+04
9.467280e+11 -8.432016e-08 9.984360e-08 3.000000e+04
9.530395e+11 -8.286163e-08 9.772428e-08 3.020000e+04
9.593510e+11 -8.144405e-08 9.585525e-08 3.040000e+04
9.656626e+11 -8.009156e-08 9.409262e-08 3.060000e+04
9.719741e+11 -7.871990e-08 9.251600e-08 3.080000e+04
9.782856e+11 -7.742777e-08 9.098793e-08 3.100000e+04
9.845971e+11 -7.682644e-08 8.920477e-08 3.120000e+04
9.909086e+11 -7.492364e-08 8.773094e-08 3.140000e+04
9.972202e+11 -7.368477e-08 8.603663e-08 3.160000e+04
1.003532e+12 -7.251186e-08 8.426392e-08 3.180000e+04
1.009843e+12 -7.206851e-08 8.295222e-08 3.200000e+04
1.016155e+12 -7.053001e-08 8.163547e-08 3.220000e+04
1.022466e+12 -6.919164e-08 8.032058e-08 3.240000e+04
1.028778e+12 -6.807947e-08 7.880424e-08 3.260000e+04
1.035089e+12 -6.704837e-08 7.770657e-08 3.280000e+04
1.041401e+12 -6.600975e-08 7.640799e-08 3.300000e+04
1.047712e+12 -6.546024e-08 7.497520e-08 3.320000e+04
1.054024e+12 -6.412550e-08 7.374219e-08 3.340000e+04
1.060335e+12 -6.344500e-08 7.240606e-08 3.360000e+04
1.066647e+12 -6.298846e-08 7.124891e-08 3.380000e+04
1.072958e+12 -6.199381e-08 6.980619e-08 3.400000e+04
1.079270e+12 -6.129809e-08 6.892863e-08 3.420000e+04
1.085581e+12 -6.049011e-08 6.783986e-08 3.440000e+04
1.091893e+12 -6.049568e-08 6.654850e-08 3.460000e+04
1.098204e+12 -5.944459e-08 6.559083e-08 3.480000e+04
1.104516e+12 -5.878254e-08 6.465105e-08 3.500000e+04
1.110828e+12 -5.801771e-08 6.351657e-08 3.520000e+04
1.117139e+12 -5.806613e-08 6.251271e-08 3.540000e+04
1.123451e+12 -5.703241e-08 6.168365e-08 3.560000e+04
1.129762e+12 -5.608466e-08 6.069245e-08 3.580000e+04
1.136074e+12 -5.555256e-08 5.956170e-08 3.600000e+04
1.142385e+12 -5.500476e-08 5.873271e-08 3.620000e+04
1.148697e+12 -5.445974e-08 5.763406e-08 3.640000e+04
1.155008e+12 -5.365866e-08 5.672560e-08 3.660000e+04
1.161320e+12 -5.323285e-08 5.579997e-08 3.680000e+04
1.167631e+12 -5.255869e-08 5.489991e-08 3.700000e+04
1.173943e+12 -5.198399e-08 5.417681e-08 3.720000e+04
1.180254e+12 -5.129326e-08 5.340311e-08 3.740000e+04
1.186566e+12 -5.079083e-08 5.242356e-08 3.760000e+04
1.192877e+12 -5.114731e-08 5.170223e-08 3.780000e+04
1.199189e+12 -4.959743e-08 5.063698e-08 3.800000e+04
1.205500e+12 -4.948915e-08 5.002291e-08 3.820000e+04
1.211812e+12 -4.929163e-08 4.923879e-08 3.840000e+04
1.218123e+12 -4.784895e-08 4.861898e-08 3.860000e+04
1.224435e+12 -4.988417e-08 4.780758e-08 3.880000e+04
1.230746e+12 -4.925589e-08 4.718572e-08 3.900000e+04
1.237058e+12 -4.716449e-08 4.640492e-08 3.920000e+04
1.243369e+12 -4.684326e-08 4.584885e-08 3.940000e+04
1.249681e+12 -4.702206e-08 4.502541e-08 3.960000e+04
1.255992e+12 -4.542532e-08 4.441874e-08 3.980000e+04
1.262304e+12 -4.454359e-08 4.369402e-08 4.000000e+04
1.268616e+12 -4.470015e-08 4.325022e-08 4.020000e+04
1.274927e+12 -4.359319e-08 4.262165e-08 4.040000e+04
1.281239e+12 -4.366200e-08 4.203135e-08 4.060000e+04
1.287550e+12 -4.276479e-08 4.120183e-08 4.080000e+04
1.293862e+12 -4.234152e-08 4.072360e-08 4.100000e+04
1.300173e+12 -4.192494e-08 4.006992e-08 4.120000e+04
1.306485e+12 -4.216246e-08 3.941771e-08 4.140000e+04
1.312796e+12 -4.150026e-08 3.891459e-08 4.160000e+04
1.319108e+12 -4.130363e-08 3.843899e-08 4.180000e+04
1.325419e+12 -4.066885e-08 3.798849e-08 4.200000e+04
1.331731e+12 -4.004584e-08 3.731262e-08 4.220000e+04
1.338042e+12 -3.990487e-08 3.676755e-08 4.240000e+04
1.344354e+12 -3.950565e-08 3.620090e-08 4.260000e+04
1.350665e+12 -3.895843e-08 3.576980e-08 4.280000e+04
1.356977e+12 -3.903088e-08 3.514139e-08 4.300000e+04
1.363288e+12 -3.839199e-08 3.463935e-08 4.320000e+04
1.369600e+12 -3.820048e-08 3.416361e-08 4.340000e+04
1.375911e+12 -3.770248e-08 3.359531e-08 4.360000e+04
1.382223e+12 -3.720435e-08 3.316833e-08 4.380000e+04
1.388534e+12 -3.676214e-08 3.244644e-08 4.400000e+04
1.394846e+12 -3.682339e-08 3.207400e-08 4.420000e+04
1.401157e+12 -3.642712e-08 3.167355e-08 4.440000e+04
1.407469e+12 -3.605576e-08 3.130372e-08 4.460000e+04
1.413780e+12 -3.587491e-08 3.100116e-08 4.480000e+04
1.420092e+12 -3.502300e-08 3.059016e-08 4.500000e+04
1.426404e+12 -3.482484e-08 2.993863e-08 4.520000e+04
1.432715e+12 -3.462630e-08 2.952227e-08 4.540000e+04
1.439027e+12 -3.432015e-08 2.923037e-08 4.560000e+04
1.445338e+12 -3.400391e-08 2.880585e-08 4.580000e+04
1.451650e+12 -3.366285e-08 2.834632e-08 4.600000e+04
1.457961e+12 -3.333721e-08 2.792982e-08 4.620000e+04
1.464273e+12 -3.313258e-08 2.749546e-08 4.640000e+04
1.470584e+12 -3.270012e-08 2.757955e-08 4.660000e+04
1.476896e+12 -3.231887e-08 2.696004e-08 4.680000e+04
1.483207e+12 -3.202046e-08 2.644267e-08 4.700000e+04
1.489519e+12 -3.168413e-08 2.589697e-08 4.720000e+04
1.495830e+12 -3.148746e-08 2.566152e-08 4.740000e+04
1.502142e+12 -3.111162e-08 2.529621e-08 4.760000e+04
1.508453e+12 -3.076378e-08 2.495209e-08 4.780000e+04
1.514765e+12 -3.069606e-08 2.471413e-08 4.800000e+04
1.521076e+12 -3.017980e-08 2.445911e-08 4.820000e+04
1.527388e+12 -3.005752e-08 2.411648e-08 4.840000e+04
1.533699e+12 -2.972055e-08 2.380685e-08 4.860000e+04
1.540011e+12 -2.957860e-08 2.329419e-08 4.880000e+04
1.546322e+12 -2.929628e-08 2.290474e-08 4.900000e+04
1.552634e+12 -2.906302e-08 2.267915e-08 4.920000e+04
1.558945e+12 -2.909010e-08 2.259226e-08 4.940000e+04
1.565257e+12 -2.827092e-08 2.220909e-08 4.960000e+04
1.571568e+12 -2.808897e-08 2.190842e-08 4.980000e+04
1.577880e+12 -2.777716e-08 2.152639e-08 5.000000e+04
1.584192e+12 -2.731800e-08 2.126290e-08 5.020000e+04
1.590503e+12 -2.726679e-08 2.111081e-08 5.040000e+04
1.596815e+12 -2.708636e-08 2.080035e-08 5.060000e+04
1.603126e+12 -2.673535e-08 2.054041e-08 5.080000e+04
1.609438e+12 -2.647545e-08 2.028311e-08 5.100000e+04
1.615749e+12 -2.626292e-08 1.992680e-08 5.120000e+04
1.622061e+12 -2.603794e-08 1.985001e-08 5.140000e+04
1.628372e+12 -2.581774e-08 1.945573e-08 5.160000e+04
1.634684e+12 -2.563336e-08 1.926290e-08 5.180000e+04
1.640995e+12 -2.530529e-08 1.913910e-08 5.200000e+04
1.647307e+12 -2.513310e-08 1.874279e-08 5.220000e+04
1.653618e+12 -2.473383e-08 1.862557e-08 5.240000e+04
1.659930e+12 -2.465898e-08 1.846483e-08 5.260000e+04
1.666241e+12 -2.436494e-08 1.816804e-08 5.280000e+04
1.672553e+12 -2.435979e-08 1.790500e-08 5.300000e+04
1.678864e+12 -2.451304e-08 1.777312e-08 5.320000e+04
1.685176e+12 -2.368800e-08 1.747453e-08 5.340000e+04
1.691487e+12 -2.350818e-08 1.726166e-08 5.360000e+04
1.697799e+12 -2.343008e-08 1.698062e-08 5.380000e+04
1.704110e+12 -2.317389e-08 1.680260e-08 5.400000e+04
1.710422e+12 -2.354607e-08 1.664242e-08 5.420000e+04
1.716733e+12 -2.264566e-08 1.636111e-08 5.440000e+04
1.723045e+12 -2.248228e-08 1.612813e-08 5.460000e+04
1.729356e+12 -2.272188e-08 1.602361e-08 5.480000e+04
1.735668e+12 -2.199248e-08 1.578699e-08 5.500000e+04
1.741980e+12 -2.172393e-08 1.558961e-08 5.520000e+04
1.748291e+12 -2.164657e-08 1.545896e-08 5.540000e+04
1.754603e+12 -2.149426e-08 1.525529e-08 5.560000e+04
1.760914e+12 -2.123829e-08 1.494232e-08 5.580000e+04
1.767226e+12 -2.110282e-08 1.486608e-08 5.600000e+04
1.773537e+12 -2.098142e-08 1.471547e-08 5.620000e+04
1.779849e+12 -2.068020e-08 1.456452e-08 5.640000e+04
1.786160e+12 -2.054761e-08 1.442117e-08 5.660000e+04
1.792472e+12 -2.028429e-08 1.422089e-08 5.680000e+04
1.798783e+12 -2.007022e-08 1.403803e-08 5.700000e+04
1.805095e+12 -2.042008e-08 1.399579e-08 5.720000e+04
1.811406e+12 -2.004576e-08 1.375103e-08 5.740000e+04
1.817718e+12 -1.992729e-08 1.350147e-08 5.760000e+04
1.824029e+12 -1.939344e-08 1.336590e-08 5.780000e+04
1.830341e+12 -1.930473e-08 1.325269e-08 5.800000e+04
1.836652e+12 -1.948870e-08 1.305982e-08 5.820000e+04
1.842964e+12 -1.879447e-08 1.293111e-08 5.840000e+04
1.849275e+12 -1.862460e-08 1.283824e-08 5.860000e+04
1.855587e+12 -1.867777e-08 1.265265e-08 5.880000e+04
1.861898e+12 -1.807111e-08 1.253776e-08 5.900000e+04
1.868210e+12 -1.853799e-08 1.242140e-08 5.920000e+04
1.874521e+12 -1.793769e-08 1.230447e-08 5.940000e+04
1.880833e+12 -1.783929e-08 1.215157e-08 5.960000e+04
1.887144e+12 -1.808400e-08 1.205051e-08 5.980000e+04
1.893456e+12 -1.734130e-08 1.185982e-08 6.000000e+04
