6.311520e+09 -5.090935e+09 5.090935e+09 
1.262304e+10 -5.471110e+09 4.836997e+09 
1.893456e+10 -5.898837e+09 4.633168e+09 
2.524608e+10 -5.941216e+09 4.458737e+09 
3.155760e+10 -5.783464e+09 4.318957e+09 
3.786912e+10 -5.534396e+09 4.187438e+09 
4.418064e+10 -5.139378e+09 4.078721e+09 
5.049216e+10 -4.851622e+09 4.120507e+09 
5.680368e+10 -4.619971e+09 4.179747e+09 
6.311520e+10 -4.300336e+09 4.235772e+09 
6.942672e+10 -4.109992e+09 4.266708e+09 
7.573824e+10 -4.101956e+09 4.181758e+09 
8.204976e+10 -4.010200e+09 3.934163e+09 
8.836128e+10 -3.916072e+09 3.775463e+09 
9.467280e+10 -3.903708e+09 3.723349e+09 
1.009843e+11 -3.834171e+09 3.722969e+09 
1.072958e+11 -3.771633e+09 3.689598e+09 
1.136074e+11 -3.728634e+09 3.585106e+09 
1.199189e+11 -3.617179e+09 3.577004e+09 
1.262304e+11 -3.468069e+09 3.545689e+09 
1.325419e+11 -3.311862e+09 3.408718e+09 
1.388534e+11 -3.230354e+09 3.299504e+09 
1.451650e+11 -3.139519e+09 3.175718e+09 
1.514765e+11 -3.060660e+09 3.096999e+09 
1.577880e+11 -3.030084e+09 3.063969e+09 
1.640995e+11 -3.007767e+09 3.037938e+09 
1.704110e+11 -2.977253e+09 3.085438e+09 
1.767226e+11 -2.997004e+09 3.108084e+09 
1.830341e+11 -2.972213e+09 3.097109e+09 
1.893456e+11 -2.940980e+09 3.134608e+09 
1.956571e+11 -2.881031e+09 3.176768e+09 
2.019686e+11 -2.831474e+09 3.184985e+09 
2.082802e+11 -2.802058e+09 3.284175e+09 
2.145917e+11 -2.779913e+09 3.246515e+09 
2.209032e+11 -2.759630e+09 3.307162e+09 
2.272147e+11 -2.737874e+09 3.210635e+09 
2.335262e+11 -2.717287e+09 3.233777e+09 
2.398378e+11 -2.694827e+09 3.175340e+09 
2.461493e+11 -2.678095e+09 3.114113e+09 
2.524608e+11 -2.655925e+09 3.093319e+09 
2.587723e+11 -2.630348e+09 3.066119e+09 
2.650838e+11 -2.610123e+09 3.092350e+09 
2.713954e+11 -2.585916e+09 3.117655e+09 
2.777069e+11 -2.565592e+09 3.192217e+09 
2.840184e+11 -2.548298e+09 3.184058e+09 
2.903299e+11 -2.532976e+09 3.204568e+09 
2.966414e+11 -2.518136e+09 3.217898e+09 
3.029530e+11 -2.503019e+09 3.179601e+09 
3.092645e+11 -2.489014e+09 3.192443e+09 
3.155760e+11 -2.502226e+09 3.278737e+09 
3.218875e+11 -2.519276e+09 3.258433e+09 
3.281990e+11 -2.529830e+09 3.308044e+09 
3.345106e+11 -2.540632e+09 3.290169e+09 
3.408221e+11 -2.551335e+09 3.295385e+09 
3.471336e+11 -2.546871e+09 3.302350e+09 
3.534451e+11 -2.550598e+09 3.304540e+09 
3.597566e+11 -2.569527e+09 3.261277e+09 
3.660682e+11 -2.579058e+09 3.280268e+09 
3.723797e+11 -2.584747e+09 3.248882e+09 
3.786912e+11 -2.600009e+09 3.249118e+09 
3.850027e+11 -2.605709e+09 3.195818e+09 
3.913142e+11 -2.615592e+09 3.197205e+09 
3.976258e+11 -2.625667e+09 3.210213e+09 
4.039373e+11 -2.633160e+09 3.236649e+09 
4.102488e+11 -2.645569e+09 3.218366e+09 
4.165603e+11 -2.649519e+09 3.191880e+09 
4.228718e+11 -2.659554e+09 3.196450e+09 
4.291834e+11 -2.675014e+09 3.215948e+09 
4.354949e+11 -2.678309e+09 3.261588e+09 
4.418064e+11 -2.688484e+09 3.276380e+09 
4.481179e+11 -2.696938e+09 3.286991e+09 
4.544294e+11 -2.703595e+09 3.417065e+09 
4.607410e+11 -2.713076e+09 3.421779e+09 
4.670525e+11 -2.720816e+09 3.427547e+09 
4.733640e+11 -2.727757e+09 3.407081e+09 
4.796755e+11 -2.738992e+09 3.408221e+09 
4.859870e+11 -2.745225e+09 3.390827e+09 
4.922986e+11 -2.752429e+09 3.382888e+09 
4.986101e+11 -2.759608e+09 3.379349e+09 
5.049216e+11 -2.769406e+09 3.368221e+09 
5.112331e+11 -2.776114e+09 3.348080e+09 
5.175446e+11 -2.780119e+09 3.332580e+09 
5.238562e+11 -2.786831e+09 3.323601e+09 
5.301677e+11 -2.795541e+09 3.318375e+09 
5.364792e+11 -2.802636e+09 3.310790e+09 
5.427907e+11 -2.807283e+09 3.290447e+09 
5.491022e+11 -2.811039e+09 3.279809e+09 
5.554138e+11 -2.819457e+09 3.285509e+09 
5.617253e+11 -2.824804e+09 3.285472e+09 
5.680368e+11 -2.828573e+09 3.265149e+09 
5.743483e+11 -2.832581e+09 3.252083e+09 
5.806598e+11 -2.835857e+09 3.246248e+09 
5.869714e+11 -2.843069e+09 3.250113e+09 
5.932829e+11 -2.847064e+09 3.259320e+09 
5.995944e+11 -2.849213e+09 3.250501e+09 
6.059059e+11 -2.854638e+09 3.240556e+09 
6.122174e+11 -2.858119e+09 3.237467e+09 
6.185290e+11 -2.862311e+09 3.239322e+09 
6.248405e+11 -2.865310e+09 3.249393e+09 
6.311520e+11 -2.871849e+09 3.252377e+09 
6.374635e+11 -4.340699e+09 3.318700e+09 
6.437750e+11 -4.614643e+09 3.297875e+09 
6.500866e+11 -4.858387e+09 3.224303e+09 
6.563981e+11 -5.077156e+09 3.211853e+09 
6.627096e+11 -5.233844e+09 3.227996e+09 
6.690211e+11 -5.317726e+09 3.242191e+09 
6.753326e+11 -5.406710e+09 3.265806e+09 
6.816442e+11 -5.481822e+09 3.301510e+09 
6.879557e+11 -5.504247e+09 3.326527e+09 
6.942672e+11 -5.486896e+09 3.353111e+09 
7.005787e+11 -5.453560e+09 3.397792e+09 
7.068902e+11 -5.415541e+09 3.439673e+09 
7.132018e+11 -5.379754e+09 3.408030e+09 
7.195133e+11 -5.392407e+09 3.366160e+09 
7.258248e+11 -5.450104e+09 3.324054e+09 
7.321363e+11 -5.448467e+09 3.278121e+09 
7.384478e+11 -5.439369e+09 3.206939e+09 
7.447594e+11 -5.380002e+09 3.153356e+09 
7.510709e+11 -5.344299e+09 3.104210e+09 
7.573824e+11 -5.328055e+09 3.070975e+09 
7.636939e+11 -5.231733e+09 3.015432e+09 
7.700054e+11 -5.287112e+09 2.992994e+09 
7.763170e+11 -5.211963e+09 3.023786e+09 
7.826285e+11 -5.183645e+09 3.029763e+09 
7.889400e+11 -5.196848e+09 3.051597e+09 
7.952515e+11 -5.224135e+09 2.996833e+09 
8.015630e+11 -5.181740e+09 2.978632e+09 
8.078746e+11 -5.138576e+09 2.978623e+09 
8.141861e+11 -5.091458e+09 2.909145e+09 
8.204976e+11 -5.075773e+09 2.909831e+09 
8.268091e+11 -5.044203e+09 2.916969e+09 
8.331206e+11 -5.049076e+09 2.933501e+09 
8.394322e+11 -5.077685e+09 2.946951e+09 
8.457437e+11 -4.994019e+09 2.940135e+09 
8.520552e+11 -5.037844e+09 2.949541e+09 
8.583667e+11 -5.082734e+09 2.918745e+09 
8.646782e+11 -5.093214e+09 2.936019e+09 
8.709898e+11 -5.079283e+09 2.928225e+09 
8.773013e+11 -5.054193e+09 2.925365e+09 
8.836128e+11 -5.105708e+09 2.923641e+09 
8.899243e+11 -5.040539e+09 2.881918e+09 
8.962358e+11 -5.023909e+09 2.870338e+09 
9.025474e+11 -4.966686e+09 2.893492e+09 
9.088589e+11 -4.934993e+09 2.906157e+09 
9.151704e+11 -4.917858e+09 2.911345e+09 
9.214819e+11 -4.847385e+09 2.904407e+09 
9.277934e+11 -4.795916e+09 2.904425e+09 
9.341050e+11 -4.737540e+09 2.879346e+09 
9.404165e+11 -4.664450e+09 2.872430e+09 
9.467280e+11 -4.590941e+09 2.840842e+09 
9.530395e+11 -4.510880e+09 2.795382e+09 
9.593510e+11 -4.433025e+09 2.801371e+09 
9.656626e+11 -4.354261e+09 2.792720e+09 
9.719741e+11 -4.280704e+09 2.795539e+09 
9.782856e+11 -4.184031e+09 2.798046e+09 
9.845971e+11 -4.117308e+09 2.756211e+09 
9.909086e+11 -4.068545e+09 2.739702e+09 
9.972202e+11 -3.999872e+09 2.730748e+09 
1.003532e+12 -3.980818e+09 2.718041e+09 
1.009843e+12 -3.969691e+09 2.689842e+09 
1.016155e+12 -3.916173e+09 2.680218e+09 
1.022466e+12 -3.937954e+09 2.678324e+09 
1.028778e+12 -3.935489e+09 2.699569e+09 
1.035089e+12 -3.932815e+09 2.705620e+09 
1.041401e+12 -3.934584e+09 2.691629e+09 
1.047712e+12 -3.910061e+09 2.689509e+09 
1.054024e+12 -3.924523e+09 2.680036e+09 
1.060335e+12 -3.905161e+09 2.663650e+09 
1.066647e+12 -3.915106e+09 2.676491e+09 
1.072958e+12 -3.916303e+09 2.667573e+09 
1.079270e+12 -3.893554e+09 2.650288e+09 
1.085581e+12 -3.848287e+09 2.668357e+09 
1.091893e+12 -3.842928e+09 2.680416e+09 
1.098204e+12 -3.819912e+09 2.677152e+09 
1.104516e+12 -3.855219e+09 2.665702e+09 
1.110828e+12 -3.869771e+09 2.652321e+09 
1.117139e+12 -3.855329e+09 2.595827e+09 
1.123451e+12 -3.856183e+09 2.615991e+09 
1.129762e+12 -3.862975e+09 2.630375e+09 
1.136074e+12 -3.842008e+09 2.609221e+09 
1.142385e+12 -3.885915e+09 2.602500e+09 
1.148697e+12 -3.902452e+09 2.591664e+09 
1.155008e+12 -3.905548e+09 2.562571e+09 
1.161320e+12 -3.962325e+09 2.560741e+09 
1.167631e+12 -4.004763e+09 2.538898e+09 
1.173943e+12 -3.989407e+09 2.531109e+09 
1.180254e+12 -3.991667e+09 2.516305e+09 
1.186566e+12 -3.976987e+09 2.518231e+09 
1.192877e+12 -4.009639e+09 2.518689e+09 
1.199189e+12 -4.048601e+09 2.501577e+09 
1.205500e+12 -4.005653e+09 2.494077e+09 
1.211812e+12 -3.992089e+09 2.476893e+09 
1.218123e+12 -4.018301e+09 2.475121e+09 
1.224435e+12 -4.042985e+09 2.454050e+09 
1.230746e+12 -4.050304e+09 2.439517e+09 
1.237058e+12 -4.068469e+09 2.432210e+09 
1.243369e+12 -4.060414e+09 2.434411e+09 
1.249681e+12 -4.065645e+09 2.427212e+09 
1.255992e+12 -4.064612e+09 2.422541e+09 
1.262304e+12 -4.048305e+09 2.417643e+09 
1.268616e+12 -4.032517e+09 2.398735e+09 
1.274927e+12 -4.042557e+09 2.380414e+09 
1.281239e+12 -4.051152e+09 2.378417e+09 
1.287550e+12 -4.065872e+09 2.373912e+09 
1.293862e+12 -4.044320e+09 2.363092e+09 
1.300173e+12 -4.032482e+09 2.355461e+09 
1.306485e+12 -4.015734e+09 2.340067e+09 
1.312796e+12 -4.000979e+09 2.351761e+09 
1.319108e+12 -4.001652e+09 2.334833e+09 
1.325419e+12 -3.982923e+09 2.325437e+09 
1.331731e+12 -3.969539e+09 2.336301e+09 
1.338042e+12 -3.961137e+09 2.333005e+09 
1.344354e+12 -3.946642e+09 2.335272e+09 
1.350665e+12 -3.916744e+09 2.342289e+09 
1.356977e+12 -3.912513e+09 2.321601e+09 
1.363288e+12 -3.901549e+09 2.314186e+09 
1.369600e+12 -3.876652e+09 2.324478e+09 
1.375911e+12 -3.865246e+09 2.319730e+09 
1.382223e+12 -3.850956e+09 2.319314e+09 
1.388534e+12 -3.848637e+09 2.316528e+09 
1.394846e+12 -3.855858e+09 2.321676e+09 
1.401157e+12 -3.850000e+09 2.326085e+09 
1.407469e+12 -3.834063e+09 2.332491e+09 
1.413780e+12 -3.827153e+09 2.337138e+09 
1.420092e+12 -3.822133e+09 2.337638e+09 
1.426404e+12 -3.798723e+09 2.321943e+09 
1.432715e+12 -3.792699e+09 2.358232e+09 
1.439027e+12 -3.769779e+09 2.347580e+09 
1.445338e+12 -3.751280e+09 2.343236e+09 
1.451650e+12 -3.741245e+09 2.339462e+09 
1.457961e+12 -3.741557e+09 2.350478e+09 
1.464273e+12 -3.735371e+09 2.345750e+09 
1.470584e+12 -3.737254e+09 2.352068e+09 
1.476896e+12 -3.733567e+09 2.318732e+09 
1.483207e+12 -3.737982e+09 2.321385e+09 
1.489519e+12 -3.744725e+09 2.318009e+09 
1.495830e+12 -3.729606e+09 2.326457e+09 
1.502142e+12 -3.721450e+09 2.324195e+09 
1.508453e+12 -3.701547e+09 2.321158e+09 
1.514765e+12 -3.689306e+09 2.335346e+09 
1.521076e+12 -3.690185e+09 2.331595e+09 
1.527388e+12 -3.700190e+09 2.325390e+09 
1.533699e+12 -3.701164e+09 2.334284e+09 
1.540011e+12 -3.700055e+09 2.343523e+09 
1.546322e+12 -3.701335e+09 2.342488e+09 
1.552634e+12 -3.725625e+09 2.343947e+09 
1.558945e+12 -3.731120e+09 2.339787e+09 
1.565257e+12 -3.715968e+09 2.336353e+09 
1.571568e+12 -3.728209e+09 2.342424e+09 
1.577880e+12 -3.730696e+09 2.344141e+09 
1.584192e+12 -3.723038e+09 2.348072e+09 
1.590503e+12 -3.721950e+09 2.351486e+09 
1.596815e+12 -3.702255e+09 2.339937e+09 
1.603126e+12 -3.716796e+09 2.341177e+09 
1.609438e+12 -3.714054e+09 2.351824e+09 
1.615749e+12 -3.700682e+09 2.361792e+09 
1.622061e+12 -3.699997e+09 2.344986e+09 
1.628372e+12 -3.697199e+09 2.342028e+09 
1.634684e+12 -3.692268e+09 2.345255e+09 
1.640995e+12 -3.705354e+09 2.343683e+09 
1.647307e+12 -3.689597e+09 2.341345e+09 
1.653618e+12 -3.691724e+09 2.339547e+09 
1.659930e+12 -3.684621e+09 2.348315e+09 
1.666241e+12 -3.681999e+09 2.347703e+09 
1.672553e+12 -3.684855e+09 2.354250e+09 
1.678864e+12 -3.664779e+09 2.360369e+09 
1.685176e+12 -3.650201e+09 2.356075e+09 
1.691487e+12 -3.654524e+09 2.365652e+09 
1.697799e+12 -3.655157e+09 2.367538e+09 
1.704110e+12 -3.655261e+09 2.369115e+09 
1.710422e+12 -3.653407e+09 2.369151e+09 
1.716733e+12 -3.638155e+09 2.373041e+09 
1.723045e+12 -3.653642e+09 2.373329e+09 
1.729356e+12 -3.646799e+09 2.373190e+09 
1.735668e+12 -3.628530e+09 2.372598e+09 
1.741980e+12 -3.622404e+09 2.373380e+09 
1.748291e+12 -3.636762e+09 2.373751e+09 
1.754603e+12 -3.622712e+09 2.373623e+09 
1.760914e+12 -3.607215e+09 2.371561e+09 
1.767226e+12 -3.596382e+09 2.372385e+09 
1.773537e+12 -3.592735e+09 2.375537e+09 
1.779849e+12 -3.590552e+09 2.377095e+09 
1.786160e+12 -3.599662e+09 2.376809e+09 
1.792472e+12 -3.588018e+09 2.369956e+09 
1.798783e+12 -3.589326e+09 2.380534e+09 
1.805095e+12 -3.605520e+09 2.379453e+09 
1.811406e+12 -3.574838e+09 2.383379e+09 
1.817718e+12 -3.558026e+09 2.379840e+09 
1.824029e+12 -3.557022e+09 2.390546e+09 
1.830341e+12 -3.546546e+09 2.389567e+09 
1.836652e+12 -3.545529e+09 2.395837e+09 
1.842964e+12 -3.541707e+09 2.394013e+09 
1.849275e+12 -3.550478e+09 2.395077e+09 
1.855587e+12 -3.546353e+09 2.395398e+09 
1.861898e+12 -3.547062e+09 2.406587e+09 
1.868210e+12 -3.547530e+09 2.410565e+09 
1.874521e+12 -3.557885e+09 2.399683e+09 
1.880833e+12 -3.551388e+09 2.409496e+09 
1.887144e+12 -3.548681e+09 2.410271e+09 
1.893456e+12 -3.508393e+09 2.409808e+09 
1.899768e+12 -3.512155e+09 2.410345e+09 
