0.000000e+00 -1.674447e-12 5.442258e-12 
6.311520e+09 -1.390052e-12 3.078518e-12 
1.262304e+10 -1.253108e-12 2.251546e-12 
1.893456e+10 -1.059438e-12 1.967059e-12 
2.524608e+10 -9.786376e-13 1.714399e-12 
3.155760e+10 -9.386976e-13 1.544921e-12 
3.786912e+10 -9.019078e-13 1.420922e-12 
4.418064e+10 -8.660078e-13 1.304812e-12 
5.049216e+10 -8.330085e-13 1.190749e-12 
5.680368e+10 -8.029943e-13 1.186018e-12 
6.311520e+10 -7.714945e-13 1.238576e-12 
6.942672e+10 -7.439779e-13 1.286185e-12 
7.573824e+10 -7.175132e-13 1.329007e-12 
8.204976e+10 -6.913667e-13 1.368164e-12 
8.836128e+10 -6.684813e-13 1.400536e-12 
9.467280e+10 -6.445575e-13 1.428757e-12 
1.009843e+11 -6.239063e-13 1.456013e-12 
1.072958e+11 -6.038862e-13 1.478045e-12 
1.136074e+11 -5.846535e-13 1.501275e-12 
1.199189e+11 -5.686325e-13 1.518555e-12 
1.262304e+11 -5.518336e-13 1.532961e-12 
1.325419e+11 -5.374142e-13 1.547853e-12 
1.388534e+11 -5.207336e-13 1.560229e-12 
1.451650e+11 -5.051467e-13 1.567370e-12 
1.514765e+11 -4.928887e-13 1.572022e-12 
1.577880e+11 -4.773717e-13 1.575681e-12 
1.640995e+11 -4.649824e-13 1.581329e-12 
1.704110e+11 -4.619433e-13 1.586037e-12 
1.767226e+11 -4.661651e-13 1.594221e-12 
1.830341e+11 -4.693739e-13 1.601358e-12 
1.893456e+11 -4.754037e-13 1.612834e-12 
1.956571e+11 -4.797519e-13 1.619167e-12 
2.019686e+11 -4.866448e-13 1.624999e-12 
2.082802e+11 -4.903705e-13 1.632657e-12 
2.145917e+11 -4.976233e-13 1.640445e-12 
2.209032e+11 -5.027982e-13 1.648823e-12 
2.272147e+11 -5.087399e-13 1.648609e-12 
2.335262e+11 -5.126251e-13 1.651558e-12 
2.398378e+11 -5.143028e-13 1.648138e-12 
2.461493e+11 -5.177854e-13 1.642618e-12 
2.524608e+11 -5.233990e-13 1.642733e-12 
2.587723e+11 -5.261625e-13 1.649054e-12 
2.650838e+11 -5.263896e-13 1.652802e-12 
2.713954e+11 -5.304163e-13 1.661991e-12 
2.777069e+11 -5.309640e-13 1.659007e-12 
2.840184e+11 -5.306560e-13 1.655218e-12 
2.903299e+11 -5.310523e-13 1.656071e-12 
2.966414e+11 -5.330168e-13 1.648302e-12 
3.029530e+11 -5.386039e-13 1.636831e-12 
3.092645e+11 -5.427087e-13 1.630359e-12 
3.155760e+11 -5.469028e-13 1.621089e-12 
3.218875e+11 -5.547422e-13 1.609586e-12 
3.281990e+11 -5.567577e-13 1.615113e-12 
3.345106e+11 -5.606603e-13 1.609542e-12 
3.408221e+11 -5.633007e-13 1.602491e-12 
3.471336e+11 -5.702865e-13 1.599256e-12 
3.534451e+11 -5.742918e-13 1.604209e-12 
3.597566e+11 -5.775345e-13 1.607598e-12 
3.660682e+11 -5.824583e-13 1.598561e-12 
3.723797e+11 -5.838774e-13 1.594150e-12 
3.786912e+11 -5.886441e-13 1.589829e-12 
3.850027e+11 -5.929006e-13 1.596761e-12 
3.913142e+11 -5.929202e-13 1.596048e-12 
3.976258e+11 -5.984511e-13 1.600861e-12 
4.039373e+11 -6.056502e-13 1.602351e-12 
4.102488e+11 -6.047370e-13 1.608631e-12 
4.165603e+11 -6.082638e-13 1.615919e-12 
4.228718e+11 -6.167258e-13 1.613789e-12 
4.291834e+11 -6.220141e-13 1.616321e-12 
4.354949e+11 -6.234422e-13 1.610018e-12 
4.418064e+11 -6.281032e-13 1.604295e-12 
4.481179e+11 -6.319678e-13 1.598181e-12 
4.544294e+11 -6.355601e-13 1.588754e-12 
4.607410e+11 -6.443263e-13 1.582037e-12 
4.670525e+11 -6.475330e-13 1.579992e-12 
4.733640e+11 -6.509335e-13 1.578346e-12 
4.796755e+11 -6.554916e-13 1.581231e-12 
4.859870e+11 -6.636229e-13 1.581855e-12 
4.922986e+11 -6.669613e-13 1.580839e-12 
4.986101e+11 -6.716105e-13 1.582007e-12 
5.049216e+11 -6.772493e-13 1.579751e-12 
5.112331e+11 -6.792600e-13 1.583708e-12 
5.175446e+11 -6.849712e-13 1.569318e-12 
5.238562e+11 -6.888937e-13 1.574715e-12 
5.301677e+11 -6.924657e-13 1.585426e-12 
5.364792e+11 -6.949107e-13 1.598289e-12 
5.427907e+11 -6.979217e-13 1.586014e-12 
5.491022e+11 -7.028212e-13 1.595409e-12 
5.554138e+11 -7.055816e-13 1.597128e-12 
5.617253e+11 -7.087845e-13 1.576121e-12 
5.680368e+11 -7.071078e-13 1.598026e-12 
5.743483e+11 -7.110983e-13 1.568867e-12 
5.806598e+11 -7.190852e-13 1.586206e-12 
5.869714e+11 -7.245303e-13 1.578776e-12 
5.932829e+11 -7.266099e-13 1.576849e-12 
5.995944e+11 -7.298159e-13 1.583843e-12 
6.059059e+11 -7.280547e-13 1.588860e-12 
6.122174e+11 -7.309029e-13 1.609920e-12 
6.185290e+11 -7.361004e-13 1.598271e-12 
6.248405e+11 -7.387096e-13 1.600682e-12 
6.311520e+11 -2.549121e-12 2.684057e-12 
6.374635e+11 -1.948411e-12 1.831774e-12 
6.437750e+11 -1.803772e-12 1.318522e-12 
6.500866e+11 -1.668969e-12 1.140008e-12 
6.563981e+11 -1.617645e-12 1.081926e-12 
6.627096e+11 -1.461867e-12 1.018203e-12 
6.690211e+11 -1.328595e-12 9.640686e-13 
6.753326e+11 -1.231866e-12 8.999473e-13 
6.816442e+11 -1.115828e-12 8.412410e-13 
6.879557e+11 -1.062935e-12 8.500406e-13 
6.942672e+11 -9.835209e-13 8.380835e-13 
7.005787e+11 -9.535523e-13 8.186453e-13 
7.068902e+11 -8.887384e-13 7.665820e-13 
7.132018e+11 -8.661448e-13 7.236955e-13 
7.195133e+11 -8.385570e-13 6.792570e-13 
7.258248e+11 -7.761137e-13 6.584404e-13 
7.321363e+11 -7.348839e-13 6.703033e-13 
7.384478e+11 -7.220859e-13 6.510272e-13 
7.447594e+11 -6.881490e-13 6.389742e-13 
7.510709e+11 -6.428898e-13 6.050485e-13 
7.573824e+11 -6.420089e-13 5.727451e-13 
7.636939e+11 -6.453973e-13 5.685224e-13 
7.700054e+11 -6.047052e-13 5.291105e-13 
7.763170e+11 -5.934313e-13 5.236466e-13 
7.826285e+11 -5.650171e-13 5.147907e-13 
7.889400e+11 -6.096313e-13 4.978950e-13 
7.952515e+11 -5.191942e-13 4.959396e-13 
8.015630e+11 -5.071165e-13 4.918290e-13 
8.078746e+11 -5.239270e-13 4.670005e-13 
8.141861e+11 -4.917284e-13 4.463613e-13 
8.204976e+11 -4.906458e-13 4.394622e-13 
8.268091e+11 -4.825745e-13 4.222030e-13 
8.331206e+11 -4.641481e-13 4.117809e-13 
8.394322e+11 -4.462698e-13 4.034629e-13 
8.457437e+11 -4.822332e-13 3.892040e-13 
8.520552e+11 -4.110927e-13 3.944346e-13 
8.583667e+11 -4.048594e-13 3.775135e-13 
8.646782e+11 -3.979506e-13 3.707459e-13 
8.709898e+11 -4.458788e-13 3.869747e-13 
8.773013e+11 -4.065718e-13 3.748787e-13 
8.836128e+11 -4.082141e-13 3.761448e-13 
8.899243e+11 -4.016241e-13 3.552205e-13 
8.962358e+11 -3.953812e-13 3.477615e-13 
9.025474e+11 -3.820877e-13 3.456151e-13 
9.088589e+11 -4.268510e-13 3.354674e-13 
9.151704e+11 -3.831576e-13 3.211289e-13 
9.214819e+11 -3.704486e-13 3.081935e-13 
9.277934e+11 -3.679621e-13 3.033372e-13 
9.341050e+11 -3.546213e-13 2.923441e-13 
9.404165e+11 -3.452026e-13 2.830997e-13 
9.467280e+11 -3.399613e-13 3.070570e-13 
9.530395e+11 -3.260474e-13 3.048298e-13 
9.593510e+11 -3.228656e-13 2.957887e-13 
9.656626e+11 -3.167386e-13 2.943498e-13 
9.719741e+11 -3.081684e-13 2.963400e-13 
9.782856e+11 -2.998315e-13 2.866600e-13 
9.845971e+11 -3.023050e-13 2.836192e-13 
9.909086e+11 -2.937533e-13 2.781565e-13 
9.972202e+11 -2.914037e-13 2.653688e-13 
1.003532e+12 -2.783841e-13 2.559786e-13 
1.009843e+12 -2.814131e-13 2.374737e-13 
1.016155e+12 -2.868521e-13 2.359901e-13 
1.022466e+12 -2.763031e-13 2.237763e-13 
1.028778e+12 -2.737543e-13 2.116793e-13 
1.035089e+12 -2.761115e-13 2.145290e-13 
1.041401e+12 -2.761478e-13 2.080983e-13 
1.047712e+12 -2.669863e-13 2.005033e-13 
1.054024e+12 -2.682650e-13 2.110912e-13 
1.060335e+12 -2.598892e-13 2.083594e-13 
1.066647e+12 -2.565567e-13 2.018457e-13 
1.072958e+12 -2.492073e-13 1.993288e-13 
1.079270e+12 -2.440997e-13 1.974806e-13 
1.085581e+12 -2.404920e-13 1.903026e-13 
1.091893e+12 -2.359770e-13 1.839260e-13 
1.098204e+12 -2.340467e-13 1.824210e-13 
1.104516e+12 -2.275283e-13 1.789206e-13 
1.110828e+12 -2.230174e-13 1.639914e-13 
1.117139e+12 -2.203649e-13 1.647779e-13 
1.123451e+12 -2.171024e-13 1.637862e-13 
1.129762e+12 -2.129103e-13 1.591042e-13 
1.136074e+12 -2.120265e-13 1.547658e-13 
1.142385e+12 -2.022719e-13 1.532729e-13 
1.148697e+12 -1.979259e-13 1.551395e-13 
1.155008e+12 -1.957433e-13 1.465485e-13 
1.161320e+12 -1.913908e-13 1.454271e-13 
1.167631e+12 -1.949263e-13 1.448656e-13 
1.173943e+12 -1.904035e-13 1.472049e-13 
1.180254e+12 -1.796172e-13 1.378410e-13 
1.186566e+12 -1.757838e-13 1.417964e-13 
1.192877e+12 -1.720347e-13 1.379089e-13 
1.199189e+12 -1.703608e-13 1.458274e-13 
1.205500e+12 -1.661762e-13 1.328876e-13 
1.211812e+12 -1.624552e-13 1.371440e-13 
1.218123e+12 -1.704130e-13 1.289363e-13 
1.224435e+12 -1.844690e-13 1.255807e-13 
1.230746e+12 -1.629836e-13 1.330035e-13 
1.237058e+12 -1.602020e-13 1.313284e-13 
1.243369e+12 -1.579535e-13 1.305274e-13 
1.249681e+12 -1.610635e-13 1.217433e-13 
1.255992e+12 -1.615910e-13 1.188516e-13 
1.262304e+12 -1.663789e-13 1.168671e-13 
1.268616e+12 -1.643565e-13 1.125235e-13 
1.274927e+12 -1.654522e-13 1.128504e-13 
1.281239e+12 -1.649684e-13 1.045821e-13 
1.287550e+12 -1.611980e-13 1.108712e-13 
1.293862e+12 -1.621375e-13 1.079717e-13 
1.300173e+12 -1.607483e-13 1.056982e-13 
1.306485e+12 -1.623880e-13 1.013240e-13 
1.312796e+12 -1.653529e-13 1.066659e-13 
1.319108e+12 -1.667663e-13 1.013806e-13 
1.325419e+12 -1.699188e-13 1.076640e-13 
1.331731e+12 -1.676926e-13 1.005783e-13 
1.338042e+12 -1.657735e-13 1.060815e-13 
1.344354e+12 -1.664786e-13 9.942263e-14 
1.350665e+12 -1.672056e-13 1.083934e-13 
1.356977e+12 -1.692617e-13 1.019350e-13 
1.363288e+12 -1.689559e-13 8.690943e-14 
1.369600e+12 -1.658502e-13 1.079423e-13 
1.375911e+12 -1.636824e-13 1.041139e-13 
1.382223e+12 -1.616050e-13 1.024212e-13 
1.388534e+12 -1.610656e-13 9.406581e-14 
1.394846e+12 -1.606199e-13 9.916348e-14 
1.401157e+12 -1.578781e-13 1.049430e-13 
1.407469e+12 -1.583226e-13 1.018313e-13 
1.413780e+12 -1.578423e-13 9.758457e-14 
1.420092e+12 -1.587392e-13 9.278318e-14 
1.426404e+12 -1.580849e-13 9.524665e-14 
1.432715e+12 -1.582028e-13 8.624451e-14 
1.439027e+12 -1.548331e-13 9.108850e-14 
1.445338e+12 -1.513142e-13 9.257206e-14 
1.451650e+12 -1.487633e-13 8.944174e-14 
1.457961e+12 -1.474278e-13 8.743417e-14 
1.464273e+12 -1.478137e-13 8.302818e-14 
1.470584e+12 -1.444466e-13 8.570951e-14 
1.476896e+12 -1.421101e-13 8.777615e-14 
1.483207e+12 -1.422133e-13 8.348038e-14 
1.489519e+12 -1.421936e-13 7.941341e-14 
1.495830e+12 -1.398365e-13 7.949806e-14 
1.502142e+12 -1.406158e-13 7.800677e-14 
1.508453e+12 -1.360728e-13 7.508208e-14 
1.514765e+12 -1.386226e-13 6.995672e-14 
1.521076e+12 -1.380656e-13 6.871848e-14 
1.527388e+12 -1.384429e-13 6.956492e-14 
1.533699e+12 -1.371499e-13 6.778976e-14 
1.540011e+12 -1.366812e-13 6.990750e-14 
1.546322e+12 -1.340102e-13 6.864250e-14 
1.552634e+12 -1.313357e-13 7.194670e-14 
1.558945e+12 -1.309386e-13 7.015677e-14 
1.565257e+12 -1.298011e-13 6.683541e-14 
1.571568e+12 -1.299442e-13 6.500106e-14 
1.577880e+12 -1.268152e-13 6.277085e-14 
1.584192e+12 -1.265221e-13 6.248175e-14 
1.590503e+12 -1.264695e-13 6.595647e-14 
1.596815e+12 -1.244590e-13 6.251132e-14 
1.603126e+12 -1.194063e-13 6.007477e-14 
1.609438e+12 -1.213184e-13 5.915171e-14 
1.615749e+12 -1.209464e-13 6.107985e-14 
1.622061e+12 -1.195459e-13 6.399887e-14 
1.628372e+12 -1.191121e-13 6.049947e-14 
1.634684e+12 -1.186670e-13 5.864520e-14 
1.640995e+12 -1.183444e-13 5.600909e-14 
1.647307e+12 -1.182253e-13 5.647428e-14 
1.653618e+12 -1.169566e-13 6.277479e-14 
1.659930e+12 -1.156319e-13 5.933824e-14 
1.666241e+12 -1.123955e-13 5.563243e-14 
1.672553e+12 -1.117417e-13 5.724793e-14 
1.678864e+12 -1.100259e-13 5.603327e-14 
1.685176e+12 -1.118300e-13 5.524000e-14 
1.691487e+12 -1.076422e-13 5.561133e-14 
1.697799e+12 -1.072843e-13 5.263991e-14 
1.704110e+12 -1.083263e-13 5.225530e-14 
1.710422e+12 -1.085788e-13 5.403156e-14 
1.716733e+12 -1.082568e-13 4.947520e-14 
1.723045e+12 -1.075988e-13 4.947094e-14 
1.729356e+12 -1.051826e-13 5.460241e-14 
1.735668e+12 -1.035391e-13 5.181726e-14 
1.741980e+12 -1.028293e-13 4.788163e-14 
1.748291e+12 -1.027766e-13 5.228905e-14 
1.754603e+12 -1.005513e-13 4.986189e-14 
1.760914e+12 -1.004945e-13 4.617012e-14 
1.767226e+12 -9.755339e-14 4.523159e-14 
1.773537e+12 -9.873949e-14 4.563054e-14 
1.779849e+12 -9.633701e-14 4.899524e-14 
1.786160e+12 -9.751788e-14 4.548728e-14 
1.792472e+12 -9.562915e-14 4.391284e-14 
1.798783e+12 -9.261240e-14 4.400597e-14 
1.805095e+12 -9.332528e-14 4.837483e-14 
1.811406e+12 -9.313054e-14 4.537459e-14 
1.817718e+12 -9.190616e-14 4.463278e-14 
1.824029e+12 -9.021649e-14 4.160193e-14 
1.830341e+12 -9.077675e-14 4.458897e-14 
1.836652e+12 -8.701339e-14 4.407527e-14 
1.842964e+12 -8.783048e-14 4.165885e-14 
1.849275e+12 -8.667999e-14 4.132107e-14 
1.855587e+12 -8.976018e-14 4.061997e-14 
1.861898e+12 -8.871662e-14 3.998737e-14 
1.868210e+12 -8.575040e-14 4.088054e-14 
1.874521e+12 -8.571883e-14 4.707377e-14 
1.880833e+12 -8.678829e-14 4.072191e-14 
1.887144e+12 -8.597945e-14 4.111978e-14 
1.893456e+12 -8.373285e-14 3.817671e-14 
