6.311520e+09 -5.089688e+09 5.089688e+09 
1.262304e+10 -4.835545e+09 4.815473e+09 
1.893456e+10 -4.631696e+09 4.574660e+09 
2.524608e+10 -4.457154e+09 4.389237e+09 
3.155760e+10 -4.317302e+09 4.230794e+09 
3.786912e+10 -4.185728e+09 4.102846e+09 
4.418064e+10 -4.076466e+09 3.987002e+09 
5.049216e+10 -3.972987e+09 3.885957e+09 
5.680368e+10 -3.883651e+09 3.795957e+09 
6.311520e+10 -3.798355e+09 3.715487e+09 
6.942672e+10 -3.727381e+09 3.644714e+09 
7.573824e+10 -3.656617e+09 3.583191e+09 
8.204976e+10 -3.590044e+09 3.520382e+09 
8.836128e+10 -3.522013e+09 3.469560e+09 
9.467280e+10 -3.462579e+09 3.420000e+09 
1.009843e+11 -3.409297e+09 3.370917e+09 
1.072958e+11 -3.359662e+09 3.321079e+09 
1.136074e+11 -3.318204e+09 3.277902e+09 
1.199189e+11 -3.276813e+09 3.239137e+09 
1.262304e+11 -3.238886e+09 3.201102e+09 
1.325419e+11 -3.200971e+09 3.156238e+09 
1.388534e+11 -3.163072e+09 3.122393e+09 
1.451650e+11 -3.129725e+09 3.081962e+09 
1.514765e+11 -3.096319e+09 3.053674e+09 
1.577880e+11 -3.063295e+09 3.028842e+09 
1.640995e+11 -3.037282e+09 3.007151e+09 
1.704110e+11 -3.010162e+09 2.976617e+09 
1.767226e+11 -2.985981e+09 2.944939e+09 
1.830341e+11 -2.959373e+09 2.914229e+09 
1.893456e+11 -2.937575e+09 2.882832e+09 
1.956571e+11 -2.910576e+09 2.855724e+09 
2.019686e+11 -2.889560e+09 2.830714e+09 
2.082802e+11 -2.864865e+09 2.801141e+09 
2.145917e+11 -2.843584e+09 2.779014e+09 
2.209032e+11 -2.882284e+09 2.758746e+09 
2.272147e+11 -2.937478e+09 2.737000e+09 
2.335262e+11 -2.972365e+09 2.716418e+09 
2.398378e+11 -3.048254e+09 2.693967e+09 
2.461493e+11 -3.125164e+09 2.679643e+09 
2.524608e+11 -3.156656e+09 2.722271e+09 
2.587723e+11 -3.242751e+09 2.761282e+09 
2.650838e+11 -3.292449e+09 2.800405e+09 
2.713954e+11 -3.355860e+09 2.840586e+09 
2.777069e+11 -3.434331e+09 2.876813e+09 
2.840184e+11 -3.471028e+09 2.914295e+09 
2.903299e+11 -3.513745e+09 2.950962e+09 
2.966414e+11 -3.548450e+09 2.986952e+09 
3.029530e+11 -3.602960e+09 3.022351e+09 
3.092645e+11 -3.627018e+09 3.055728e+09 
3.155760e+11 -3.675633e+09 3.090746e+09 
3.218875e+11 -3.712806e+09 3.122545e+09 
3.281990e+11 -3.748002e+09 3.152727e+09 
3.345106e+11 -3.809800e+09 3.183522e+09 
3.408221e+11 -3.832363e+09 3.215122e+09 
3.471336e+11 -3.881828e+09 3.242572e+09 
3.534451e+11 -3.944079e+09 3.260858e+09 
3.597566e+11 -3.961651e+09 3.300699e+09 
3.660682e+11 -3.988678e+09 3.323739e+09 
3.723797e+11 -4.075589e+09 3.419409e+09 
3.786912e+11 -4.096206e+09 3.375432e+09 
3.850027e+11 -4.127026e+09 3.436534e+09 
3.913142e+11 -4.177593e+09 3.449832e+09 
3.976258e+11 -4.243873e+09 3.453147e+09 
4.039373e+11 -4.267188e+09 3.472724e+09 
4.102488e+11 -4.299228e+09 3.487279e+09 
4.165603e+11 -4.376779e+09 3.508525e+09 
4.228718e+11 -4.448925e+09 3.511875e+09 
4.291834e+11 -4.442427e+09 3.520849e+09 
4.354949e+11 -4.519452e+09 3.577131e+09 
4.418064e+11 -4.546992e+09 3.559487e+09 
4.481179e+11 -4.670113e+09 3.614742e+09 
4.544294e+11 -4.733591e+09 3.637374e+09 
4.607410e+11 -4.809146e+09 3.675171e+09 
4.670525e+11 -4.818635e+09 3.665692e+09 
4.733640e+11 -4.848306e+09 3.675709e+09 
4.796755e+11 -4.833341e+09 3.692546e+09 
4.859870e+11 -4.837661e+09 3.692958e+09 
4.922986e+11 -4.871749e+09 3.682506e+09 
4.986101e+11 -4.889445e+09 3.702310e+09 
5.049216e+11 -4.900718e+09 3.698653e+09 
5.112331e+11 -4.917070e+09 3.709248e+09 
5.175446e+11 -4.921926e+09 3.717607e+09 
5.238562e+11 -4.938383e+09 3.728402e+09 
5.301677e+11 -4.952429e+09 3.734114e+09 
5.364792e+11 -5.006250e+09 3.745955e+09 
5.427907e+11 -5.014039e+09 3.753152e+09 
5.491022e+11 -5.027055e+09 3.757617e+09 
5.554138e+11 -5.010817e+09 3.778590e+09 
5.617253e+11 -5.089502e+09 3.799394e+09 
5.680368e+11 -5.103087e+09 3.792980e+09 
5.743483e+11 -5.116566e+09 3.801224e+09 
5.806598e+11 -5.121997e+09 3.812308e+09 
5.869714e+11 -5.159575e+09 3.824154e+09 
5.932829e+11 -5.232493e+09 3.835555e+09 
5.995944e+11 -5.260838e+09 3.842758e+09 
6.059059e+11 -5.262302e+09 3.856673e+09 
6.122174e+11 -5.263513e+09 3.866935e+09 
6.185290e+11 -5.276704e+09 3.880084e+09 
6.248405e+11 -5.368809e+09 3.883096e+09 
6.311520e+11 -5.389755e+09 3.892879e+09 
6.374635e+11 -5.327515e+09 3.811162e+09 
6.437750e+11 -5.277029e+09 3.740980e+09 
6.500866e+11 -5.250511e+09 3.821175e+09 
6.563981e+11 -5.162818e+09 3.865131e+09 
6.627096e+11 -5.037812e+09 3.858207e+09 
6.690211e+11 -4.969223e+09 3.882350e+09 
6.753326e+11 -4.850127e+09 3.975633e+09 
6.816442e+11 -4.773697e+09 4.067163e+09 
6.879557e+11 -4.658239e+09 4.036589e+09 
6.942672e+11 -4.572453e+09 4.013069e+09 
7.005787e+11 -4.493105e+09 4.012164e+09 
7.068902e+11 -4.379770e+09 4.008694e+09 
7.132018e+11 -4.280129e+09 3.993568e+09 
7.195133e+11 -4.204638e+09 4.000921e+09 
7.258248e+11 -4.134014e+09 4.008000e+09 
7.321363e+11 -4.015724e+09 4.013390e+09 
7.384478e+11 -3.939014e+09 4.027524e+09 
7.447594e+11 -3.863889e+09 4.025391e+09 
7.510709e+11 -3.773321e+09 4.014680e+09 
7.573824e+11 -3.676723e+09 4.015061e+09 
7.636939e+11 -3.613034e+09 4.017655e+09 
7.700054e+11 -3.593123e+09 4.006848e+09 
7.763170e+11 -3.523716e+09 3.950349e+09 
7.826285e+11 -3.547860e+09 3.926647e+09 
7.889400e+11 -3.488945e+09 3.900621e+09 
7.952515e+11 -3.374748e+09 3.887878e+09 
8.015630e+11 -3.315254e+09 3.855594e+09 
8.078746e+11 -3.214260e+09 3.877938e+09 
8.141861e+11 -3.247079e+09 3.861226e+09 
8.204976e+11 -3.220417e+09 3.872611e+09 
8.268091e+11 -3.098393e+09 3.842258e+09 
8.331206e+11 -3.000289e+09 3.813967e+09 
8.394322e+11 -2.945093e+09 3.807684e+09 
8.457437e+11 -2.890043e+09 3.771986e+09 
8.520552e+11 -2.848983e+09 3.731853e+09 
8.583667e+11 -2.811911e+09 3.707052e+09 
8.646782e+11 -2.773939e+09 3.729477e+09 
8.709898e+11 -2.690937e+09 3.762896e+09 
8.773013e+11 -2.692599e+09 3.720779e+09 
8.836128e+11 -2.702692e+09 3.752882e+09 
8.899243e+11 -2.686590e+09 3.677065e+09 
8.962358e+11 -2.682914e+09 3.653850e+09 
9.025474e+11 -2.685606e+09 3.615026e+09 
9.088589e+11 -2.675893e+09 3.587584e+09 
9.151704e+11 -2.680592e+09 3.550171e+09 
9.214819e+11 -2.642499e+09 3.534977e+09 
9.277934e+11 -2.614023e+09 3.524858e+09 
9.341050e+11 -2.617980e+09 3.511903e+09 
9.404165e+11 -2.609840e+09 3.483060e+09 
9.467280e+11 -2.576053e+09 3.456681e+09 
9.530395e+11 -2.547180e+09 3.418782e+09 
9.593510e+11 -2.522150e+09 3.369417e+09 
9.656626e+11 -2.503243e+09 3.308902e+09 
9.719741e+11 -2.487335e+09 3.269532e+09 
9.782856e+11 -2.473308e+09 3.196252e+09 
9.845971e+11 -2.462589e+09 3.139123e+09 
9.909086e+11 -2.446699e+09 3.093661e+09 
9.972202e+11 -2.436376e+09 3.090313e+09 
1.003532e+12 -2.412112e+09 3.107745e+09 
1.009843e+12 -2.402300e+09 3.109106e+09 
1.016155e+12 -2.387859e+09 3.130950e+09 
1.022466e+12 -2.343653e+09 3.132937e+09 
1.028778e+12 -2.333067e+09 3.136318e+09 
1.035089e+12 -2.301065e+09 3.132175e+09 
1.041401e+12 -2.293492e+09 3.128881e+09 
1.047712e+12 -2.291002e+09 3.121750e+09 
1.054024e+12 -2.258463e+09 3.116129e+09 
1.060335e+12 -2.306488e+09 3.104216e+09 
1.066647e+12 -2.329769e+09 3.081202e+09 
1.072958e+12 -2.324224e+09 3.040854e+09 
1.079270e+12 -2.340791e+09 3.014425e+09 
1.085581e+12 -2.346569e+09 2.984580e+09 
1.091893e+12 -2.335294e+09 2.956221e+09 
1.098204e+12 -2.338037e+09 2.907254e+09 
1.104516e+12 -2.325337e+09 2.860964e+09 
1.110828e+12 -2.274693e+09 2.863555e+09 
1.117139e+12 -2.253144e+09 2.866001e+09 
1.123451e+12 -2.256101e+09 2.859569e+09 
1.129762e+12 -2.250829e+09 2.863161e+09 
1.136074e+12 -2.280328e+09 2.850120e+09 
1.142385e+12 -2.293580e+09 2.845249e+09 
1.148697e+12 -2.312790e+09 2.836797e+09 
1.155008e+12 -2.332688e+09 2.836653e+09 
1.161320e+12 -2.360840e+09 2.825335e+09 
1.167631e+12 -2.372443e+09 2.816291e+09 
1.173943e+12 -2.367125e+09 2.810521e+09 
1.180254e+12 -2.360860e+09 2.804753e+09 
1.186566e+12 -2.387606e+09 2.798030e+09 
1.192877e+12 -2.384598e+09 2.789164e+09 
1.199189e+12 -2.363325e+09 2.785517e+09 
1.205500e+12 -2.375560e+09 2.756139e+09 
1.211812e+12 -2.380646e+09 2.735955e+09 
1.218123e+12 -2.386486e+09 2.729264e+09 
1.224435e+12 -2.345064e+09 2.706199e+09 
1.230746e+12 -2.347321e+09 2.727403e+09 
1.237058e+12 -2.346931e+09 2.715502e+09 
1.243369e+12 -2.315541e+09 2.699697e+09 
1.249681e+12 -2.310305e+09 2.678879e+09 
1.255992e+12 -2.276196e+09 2.638017e+09 
1.262304e+12 -2.244811e+09 2.633745e+09 
1.268616e+12 -2.233626e+09 2.610948e+09 
1.274927e+12 -2.240598e+09 2.591240e+09 
1.281239e+12 -2.225264e+09 2.601396e+09 
1.287550e+12 -2.215437e+09 2.631126e+09 
1.293862e+12 -2.216315e+09 2.603949e+09 
1.300173e+12 -2.218392e+09 2.610790e+09 
1.306485e+12 -2.204841e+09 2.618537e+09 
1.312796e+12 -2.191348e+09 2.621728e+09 
1.319108e+12 -2.190279e+09 2.634886e+09 
1.325419e+12 -2.190330e+09 2.634181e+09 
1.331731e+12 -2.191741e+09 2.642087e+09 
1.338042e+12 -2.186178e+09 2.646395e+09 
1.344354e+12 -2.172009e+09 2.646272e+09 
1.350665e+12 -2.179630e+09 2.631840e+09 
1.356977e+12 -2.171503e+09 2.639964e+09 
1.363288e+12 -2.165413e+09 2.640293e+09 
1.369600e+12 -2.161756e+09 2.629709e+09 
1.375911e+12 -2.162375e+09 2.627561e+09 
1.382223e+12 -2.143947e+09 2.621258e+09 
1.388534e+12 -2.143113e+09 2.621300e+09 
1.394846e+12 -2.143659e+09 2.628818e+09 
1.401157e+12 -2.128651e+09 2.631276e+09 
1.407469e+12 -2.124666e+09 2.614821e+09 
1.413780e+12 -2.120411e+09 2.608745e+09 
1.420092e+12 -2.117332e+09 2.608147e+09 
1.426404e+12 -2.136309e+09 2.598574e+09 
1.432715e+12 -2.147666e+09 2.593141e+09 
1.439027e+12 -2.176128e+09 2.584337e+09 
1.445338e+12 -2.184338e+09 2.566333e+09 
1.451650e+12 -2.192687e+09 2.561015e+09 
1.457961e+12 -2.199348e+09 2.560290e+09 
1.464273e+12 -2.214378e+09 2.559122e+09 
1.470584e+12 -2.226942e+09 2.562555e+09 
1.476896e+12 -2.227912e+09 2.553671e+09 
1.483207e+12 -2.217247e+09 2.556506e+09 
1.489519e+12 -2.201794e+09 2.565550e+09 
1.495830e+12 -2.202490e+09 2.558444e+09 
1.502142e+12 -2.205690e+09 2.544701e+09 
1.508453e+12 -2.210897e+09 2.535141e+09 
1.514765e+12 -2.218274e+09 2.525351e+09 
1.521076e+12 -2.238299e+09 2.525058e+09 
1.527388e+12 -2.263360e+09 2.526445e+09 
1.533699e+12 -2.290206e+09 2.525639e+09 
1.540011e+12 -2.291408e+09 2.525041e+09 
1.546322e+12 -2.332257e+09 2.519661e+09 
1.552634e+12 -2.338014e+09 2.539614e+09 
1.558945e+12 -2.361565e+09 2.538172e+09 
1.565257e+12 -2.367347e+09 2.525157e+09 
1.571568e+12 -2.348618e+09 2.529210e+09 
1.577880e+12 -2.348416e+09 2.523046e+09 
1.584192e+12 -2.346930e+09 2.513314e+09 
1.590503e+12 -2.343749e+09 2.509041e+09 
1.596815e+12 -2.372428e+09 2.492936e+09 
1.603126e+12 -2.388465e+09 2.503852e+09 
1.609438e+12 -2.395600e+09 2.491721e+09 
1.615749e+12 -2.405821e+09 2.472907e+09 
1.622061e+12 -2.415604e+09 2.472932e+09 
1.628372e+12 -2.419424e+09 2.470995e+09 
1.634684e+12 -2.423095e+09 2.458954e+09 
1.640995e+12 -2.453113e+09 2.463197e+09 
1.647307e+12 -2.475547e+09 2.448513e+09 
1.653618e+12 -2.490127e+09 2.451598e+09 
1.659930e+12 -2.494894e+09 2.456104e+09 
1.666241e+12 -2.493289e+09 2.453180e+09 
1.672553e+12 -2.491231e+09 2.447604e+09 
1.678864e+12 -2.499375e+09 2.434634e+09 
1.685176e+12 -2.499260e+09 2.423918e+09 
1.691487e+12 -2.489450e+09 2.418291e+09 
1.697799e+12 -2.512266e+09 2.416750e+09 
1.704110e+12 -2.520231e+09 2.406814e+09 
1.710422e+12 -2.529936e+09 2.405656e+09 
1.716733e+12 -2.532488e+09 2.398446e+09 
1.723045e+12 -2.538750e+09 2.400641e+09 
1.729356e+12 -2.531702e+09 2.392939e+09 
1.735668e+12 -2.536465e+09 2.381970e+09 
1.741980e+12 -2.546303e+09 2.376537e+09 
1.748291e+12 -2.545664e+09 2.382162e+09 
1.754603e+12 -2.542746e+09 2.370884e+09 
1.760914e+12 -2.545793e+09 2.359750e+09 
1.767226e+12 -2.566842e+09 2.347737e+09 
1.773537e+12 -2.587546e+09 2.346549e+09 
1.779849e+12 -2.594670e+09 2.340211e+09 
1.786160e+12 -2.576178e+09 2.341302e+09 
1.792472e+12 -2.577651e+09 2.333077e+09 
1.798783e+12 -2.576514e+09 2.334358e+09 
1.805095e+12 -2.558109e+09 2.341006e+09 
1.811406e+12 -2.558002e+09 2.312612e+09 
1.817718e+12 -2.559729e+09 2.303709e+09 
1.824029e+12 -2.565070e+09 2.298969e+09 
1.830341e+12 -2.577045e+09 2.295572e+09 
1.836652e+12 -2.550997e+09 2.299176e+09 
1.842964e+12 -2.552525e+09 2.294141e+09 
1.849275e+12 -2.553562e+09 2.292573e+09 
1.855587e+12 -2.525288e+09 2.280885e+09 
1.861898e+12 -2.531357e+09 2.279972e+09 
1.868210e+12 -2.533768e+09 2.280409e+09 
1.874521e+12 -2.534337e+09 2.285983e+09 
1.880833e+12 -2.527844e+09 2.288135e+09 
1.887144e+12 -2.510052e+09 2.283259e+09 
1.893456e+12 -2.504425e+09 2.258095e+09 
1.899768e+12 -2.480376e+09 2.261171e+09 
