0.000000e+00 -3.382716e-12 3.382716e-12 
6.311520e+09 -2.408433e-12 2.418499e-12 
1.262304e+10 -2.288060e-12 2.315131e-12 
1.893456e+10 -2.195285e-12 2.223765e-12 
2.524608e+10 -2.116042e-12 2.150530e-12 
3.155760e+10 -2.051966e-12 2.082228e-12 
3.786912e+10 -1.994053e-12 2.025155e-12 
4.418064e+10 -1.943454e-12 1.970940e-12 
5.049216e+10 -1.898147e-12 1.923719e-12 
5.680368e+10 -1.856811e-12 1.879130e-12 
6.311520e+10 -1.819066e-12 1.840123e-12 
6.942672e+10 -1.781830e-12 1.803407e-12 
7.573824e+10 -1.747504e-12 1.768086e-12 
8.204976e+10 -1.716131e-12 1.735351e-12 
8.836128e+10 -1.687750e-12 1.705504e-12 
9.467280e+10 -1.661542e-12 1.679360e-12 
1.009843e+11 -1.637178e-12 1.653998e-12 
1.072958e+11 -1.613933e-12 1.631890e-12 
1.136074e+11 -1.592737e-12 1.610543e-12 
1.199189e+11 -1.572701e-12 1.591523e-12 
1.262304e+11 -1.552751e-12 1.573562e-12 
1.325419e+11 -1.535695e-12 1.556703e-12 
1.388534e+11 -1.516870e-12 1.540128e-12 
1.451650e+11 -1.500270e-12 1.524137e-12 
1.514765e+11 -1.483693e-12 1.508578e-12 
1.577880e+11 -1.468094e-12 1.495295e-12 
1.640995e+11 -1.453618e-12 1.482600e-12 
1.704110e+11 -1.438851e-12 1.470258e-12 
1.767226e+11 -1.425161e-12 1.458499e-12 
1.830341e+11 -1.411451e-12 1.446754e-12 
1.893456e+11 -1.397845e-12 1.434680e-12 
1.956571e+11 -1.386315e-12 1.423986e-12 
2.019686e+11 -1.373214e-12 1.413848e-12 
2.082802e+11 -1.362090e-12 1.404215e-12 
2.145917e+11 -1.350904e-12 1.394845e-12 
2.209032e+11 -1.339287e-12 1.385751e-12 
2.272147e+11 -1.328122e-12 1.376224e-12 
2.335262e+11 -1.316791e-12 1.367011e-12 
2.398378e+11 -1.306857e-12 1.359243e-12 
2.461493e+11 -1.296524e-12 1.350079e-12 
2.524608e+11 -1.286145e-12 1.341673e-12 
2.587723e+11 -1.276845e-12 1.332885e-12 
2.650838e+11 -1.266524e-12 1.324375e-12 
2.713954e+11 -1.257394e-12 1.317008e-12 
2.777069e+11 -1.248365e-12 1.309052e-12 
2.840184e+11 -1.239171e-12 1.301716e-12 
2.903299e+11 -1.229824e-12 1.294509e-12 
2.966414e+11 -1.222065e-12 1.287610e-12 
3.029530e+11 -1.214209e-12 1.281183e-12 
3.092645e+11 -1.205193e-12 1.274584e-12 
3.155760e+11 -1.197477e-12 1.268424e-12 
3.218875e+11 -1.189954e-12 1.262283e-12 
3.281990e+11 -1.182272e-12 1.256093e-12 
3.345106e+11 -1.173499e-12 1.249447e-12 
3.408221e+11 -1.166853e-12 1.243604e-12 
3.471336e+11 -1.158882e-12 1.237003e-12 
3.534451e+11 -1.151453e-12 1.231334e-12 
3.597566e+11 -1.143052e-12 1.225102e-12 
3.660682e+11 -1.135828e-12 1.218985e-12 
3.723797e+11 -1.128248e-12 1.212500e-12 
3.786912e+11 -1.120158e-12 1.206694e-12 
3.850027e+11 -1.112522e-12 1.200868e-12 
3.913142e+11 -1.105594e-12 1.195502e-12 
3.976258e+11 -1.097722e-12 1.189153e-12 
4.039373e+11 -1.090143e-12 1.183268e-12 
4.102488e+11 -1.082927e-12 1.177349e-12 
4.165603e+11 -1.076331e-12 1.171074e-12 
4.228718e+11 -1.068557e-12 1.166135e-12 
4.291834e+11 -1.061679e-12 1.159852e-12 
4.354949e+11 -1.054732e-12 1.155060e-12 
4.418064e+11 -1.047549e-12 1.150062e-12 
4.481179e+11 -1.040719e-12 1.144425e-12 
4.544294e+11 -1.033077e-12 1.139617e-12 
4.607410e+11 -1.026303e-12 1.135462e-12 
4.670525e+11 -1.019770e-12 1.130869e-12 
4.733640e+11 -1.013351e-12 1.126142e-12 
4.796755e+11 -1.005941e-12 1.120861e-12 
4.859870e+11 -9.999534e-13 1.116438e-12 
4.922986e+11 -9.938303e-13 1.111461e-12 
4.986101e+11 -9.885795e-13 1.107164e-12 
5.049216e+11 -9.828131e-13 1.103378e-12 
5.112331e+11 -9.771170e-13 1.098181e-12 
5.175446e+11 -9.706244e-13 1.093630e-12 
5.238562e+11 -9.654600e-13 1.089796e-12 
5.301677e+11 -9.598672e-13 1.084882e-12 
5.364792e+11 -9.543712e-13 1.080441e-12 
5.427907e+11 -9.482772e-13 1.076793e-12 
5.491022e+11 -9.422349e-13 1.072447e-12 
5.554138e+11 -9.361821e-13 1.068172e-12 
5.617253e+11 -9.306425e-13 1.064495e-12 
5.680368e+11 -9.256176e-13 1.059682e-12 
5.743483e+11 -9.202677e-13 1.055762e-12 
5.806598e+11 -9.147133e-13 1.050809e-12 
5.869714e+11 -9.088936e-13 1.047251e-12 
5.932829e+11 -9.041618e-13 1.043864e-12 
5.995944e+11 -8.988961e-13 1.039616e-12 
6.059059e+11 -8.938640e-13 1.035876e-12 
6.122174e+11 -8.883614e-13 1.031435e-12 
6.185290e+11 -8.819350e-13 1.027573e-12 
6.248405e+11 -8.768909e-13 1.022997e-12 
6.311520e+11 -3.612123e-12 1.431600e-12 
6.374635e+11 -2.741875e-12 1.325345e-12 
6.437750e+11 -2.127171e-12 1.220933e-12 
6.500866e+11 -1.712284e-12 1.124369e-12 
6.563981e+11 -1.502697e-12 1.038101e-12 
6.627096e+11 -1.455417e-12 9.639007e-13 
6.690211e+11 -1.239941e-12 9.225185e-13 
6.753326e+11 -1.215216e-12 8.912410e-13 
6.816442e+11 -1.209915e-12 8.626270e-13 
6.879557e+11 -1.241723e-12 8.358073e-13 
6.942672e+11 -1.221185e-12 8.111492e-13 
7.005787e+11 -1.248886e-12 7.879120e-13 
7.068902e+11 -1.227394e-12 7.656492e-13 
7.132018e+11 -1.217220e-12 7.448547e-13 
7.195133e+11 -1.159279e-12 7.249839e-13 
7.258248e+11 -1.139922e-12 7.066237e-13 
7.321363e+11 -1.133332e-12 6.894298e-13 
7.384478e+11 -1.138625e-12 6.727206e-13 
7.447594e+11 -1.138590e-12 6.570512e-13 
7.510709e+11 -1.124285e-12 6.418827e-13 
7.573824e+11 -1.112899e-12 6.274724e-13 
7.636939e+11 -1.123706e-12 6.131490e-13 
7.700054e+11 -1.117578e-12 5.993941e-13 
7.763170e+11 -1.070620e-12 5.867498e-13 
7.826285e+11 -1.085236e-12 5.741779e-13 
7.889400e+11 -1.058904e-12 5.618974e-13 
7.952515e+11 -1.046173e-12 5.505887e-13 
8.015630e+11 -1.040888e-12 5.392654e-13 
8.078746e+11 -1.027201e-12 5.286144e-13 
8.141861e+11 -1.008207e-12 5.183112e-13 
8.204976e+11 -9.662110e-13 5.085231e-13 
8.268091e+11 -9.706994e-13 4.991017e-13 
8.331206e+11 -9.767023e-13 4.897994e-13 
8.394322e+11 -9.602879e-13 4.806698e-13 
8.457437e+11 -9.615197e-13 4.718545e-13 
8.520552e+11 -9.344041e-13 4.631395e-13 
8.583667e+11 -8.944128e-13 4.546956e-13 
8.646782e+11 -8.871322e-13 4.464614e-13 
8.709898e+11 -8.723393e-13 4.387538e-13 
8.773013e+11 -8.589576e-13 4.312181e-13 
8.836128e+11 -8.636945e-13 4.239796e-13 
8.899243e+11 -8.504967e-13 4.168628e-13 
8.962358e+11 -8.537264e-13 4.101748e-13 
9.025474e+11 -8.419853e-13 4.035712e-13 
9.088589e+11 -8.362272e-13 4.751774e-13 
9.151704e+11 -8.411957e-13 5.596768e-13 
9.214819e+11 -8.290008e-13 4.154032e-13 
9.277934e+11 -8.216149e-13 4.691120e-13 
9.341050e+11 -7.959041e-13 3.924239e-13 
9.404165e+11 -7.943136e-13 3.665692e-13 
9.467280e+11 -8.199475e-13 3.607155e-13 
9.530395e+11 -7.792324e-13 3.555706e-13 
9.593510e+11 -8.105984e-13 4.025301e-13 
9.656626e+11 -7.805918e-13 3.463135e-13 
9.719741e+11 -7.729248e-13 3.583996e-13 
9.782856e+11 -7.664736e-13 3.353887e-13 
9.845971e+11 -7.667493e-13 3.493213e-13 
9.909086e+11 -7.608417e-13 3.427222e-13 
9.972202e+11 -7.526981e-13 4.452364e-13 
1.003532e+12 -7.350879e-13 3.168798e-13 
1.009843e+12 -7.409381e-13 3.337547e-13 
1.016155e+12 -7.206939e-13 4.002960e-13 
1.022466e+12 -7.188039e-13 4.230187e-13 
1.028778e+12 -7.127163e-13 4.129082e-13 
1.035089e+12 -7.025030e-13 3.751989e-13 
1.041401e+12 -6.898528e-13 4.127998e-13 
1.047712e+12 -7.011765e-13 2.873112e-13 
1.054024e+12 -6.788032e-13 3.205717e-13 
1.060335e+12 -6.771913e-13 3.336134e-13 
1.066647e+12 -6.542391e-13 2.758917e-13 
1.072958e+12 -6.531772e-13 2.923929e-13 
1.079270e+12 -6.431096e-13 2.862434e-13 
1.085581e+12 -6.307567e-13 2.849292e-13 
1.091893e+12 -6.212512e-13 2.697537e-13 
1.098204e+12 -6.007009e-13 3.064071e-13 
1.104516e+12 -5.998436e-13 3.371805e-13 
1.110828e+12 -5.916562e-13 2.787721e-13 
1.117139e+12 -5.736840e-13 3.277151e-13 
1.123451e+12 -5.575849e-13 3.191312e-13 
1.129762e+12 -5.500421e-13 2.913217e-13 
1.136074e+12 -5.522505e-13 2.886835e-13 
1.142385e+12 -5.384114e-13 3.065600e-13 
1.148697e+12 -5.072252e-13 2.865142e-13 
1.155008e+12 -5.213744e-13 2.767522e-13 
1.161320e+12 -5.139056e-13 3.243002e-13 
1.167631e+12 -4.806231e-13 2.394043e-13 
1.173943e+12 -4.765242e-13 2.200855e-13 
1.180254e+12 -4.620441e-13 2.171503e-13 
1.186566e+12 -4.544963e-13 2.521491e-13 
1.192877e+12 -4.547891e-13 2.885985e-13 
1.199189e+12 -4.512072e-13 2.098554e-13 
1.205500e+12 -4.491499e-13 2.393583e-13 
1.211812e+12 -4.383023e-13 2.318468e-13 
1.218123e+12 -4.440085e-13 2.013699e-13 
1.224435e+12 -4.372450e-13 3.184315e-13 
1.230746e+12 -4.396599e-13 2.309888e-13 
1.237058e+12 -4.325776e-13 2.150040e-13 
1.243369e+12 -4.286592e-13 1.994638e-13 
1.249681e+12 -4.296337e-13 2.327162e-13 
1.255992e+12 -4.279412e-13 2.041347e-13 
1.262304e+12 -4.274279e-13 2.180759e-13 
1.268616e+12 -4.256069e-13 2.356171e-13 
1.274927e+12 -4.224834e-13 1.884356e-13 
1.281239e+12 -4.180384e-13 2.328770e-13 
1.287550e+12 -4.178231e-13 2.161907e-13 
1.293862e+12 -4.136379e-13 2.006831e-13 
1.300173e+12 -4.136935e-13 2.759757e-13 
1.306485e+12 -4.164788e-13 2.195282e-13 
1.312796e+12 -4.043762e-13 2.340891e-13 
1.319108e+12 -4.099482e-13 2.090106e-13 
1.325419e+12 -4.018731e-13 2.388843e-13 
1.331731e+12 -3.982610e-13 1.850713e-13 
1.338042e+12 -3.946411e-13 2.832293e-13 
1.344354e+12 -3.957053e-13 1.684149e-13 
1.350665e+12 -3.832396e-13 2.006841e-13 
1.356977e+12 -3.896710e-13 2.144898e-13 
1.363288e+12 -3.859349e-13 1.880198e-13 
1.369600e+12 -3.853798e-13 2.291347e-13 
1.375911e+12 -3.813793e-13 1.654354e-13 
1.382223e+12 -3.736372e-13 1.946402e-13 
1.388534e+12 -3.655486e-13 2.617669e-13 
1.394846e+12 -3.642709e-13 3.085492e-13 
1.401157e+12 -3.630970e-13 1.732691e-13 
1.407469e+12 -3.566962e-13 2.104404e-13 
1.413780e+12 -3.635097e-13 2.563591e-13 
1.420092e+12 -3.522551e-13 2.031605e-13 
1.426404e+12 -3.480137e-13 1.730429e-13 
1.432715e+12 -3.459894e-13 1.861074e-13 
1.439027e+12 -3.391103e-13 2.077501e-13 
1.445338e+12 -3.397508e-13 1.686916e-13 
1.451650e+12 -3.372014e-13 1.277225e-13 
1.457961e+12 -3.286761e-13 2.157751e-13 
1.464273e+12 -3.286163e-13 2.438005e-13 
1.470584e+12 -3.264799e-13 1.592179e-13 
1.476896e+12 -3.271284e-13 2.123769e-13 
1.483207e+12 -3.135945e-13 3.698329e-13 
1.489519e+12 -3.152508e-13 1.974866e-13 
1.495830e+12 -3.067713e-13 1.940689e-13 
1.502142e+12 -3.045092e-13 1.842529e-13 
1.508453e+12 -3.025357e-13 2.133488e-13 
1.514765e+12 -2.970326e-13 1.957299e-13 
1.521076e+12 -2.946953e-13 1.700454e-13 
1.527388e+12 -2.878453e-13 1.536904e-13 
1.533699e+12 -2.952484e-13 1.420662e-13 
1.540011e+12 -2.842843e-13 2.320797e-13 
1.546322e+12 -2.838091e-13 1.748157e-13 
1.552634e+12 -2.827479e-13 2.066412e-13 
1.558945e+12 -2.675446e-13 1.333450e-13 
1.565257e+12 -2.707300e-13 2.061460e-13 
1.571568e+12 -2.680727e-13 1.483928e-13 
1.577880e+12 -2.591488e-13 1.511285e-13 
1.584192e+12 -2.579776e-13 1.609310e-13 
1.590503e+12 -2.649428e-13 1.380402e-13 
1.596815e+12 -2.613179e-13 1.768338e-13 
1.603126e+12 -2.623091e-13 2.052020e-13 
1.609438e+12 -2.539836e-13 2.199948e-13 
1.615749e+12 -2.518406e-13 1.572875e-13 
1.622061e+12 -2.398357e-13 1.104215e-13 
1.628372e+12 -2.486218e-13 1.240112e-13 
1.634684e+12 -2.401211e-13 1.358754e-13 
1.640995e+12 -2.315050e-13 1.628514e-13 
1.647307e+12 -2.262238e-13 1.533673e-13 
1.653618e+12 -2.344471e-13 1.050361e-13 
1.659930e+12 -2.376041e-13 1.153051e-13 
1.666241e+12 -2.332566e-13 9.611704e-14 
1.672553e+12 -2.334762e-13 1.640969e-13 
1.678864e+12 -2.094258e-13 8.971690e-14 
1.685176e+12 -2.193082e-13 1.777770e-13 
1.691487e+12 -2.275187e-13 1.337990e-13 
1.697799e+12 -2.250597e-13 1.754471e-13 
1.704110e+12 -2.210195e-13 1.215579e-13 
1.710422e+12 -2.145526e-13 1.227218e-13 
1.716733e+12 -2.126286e-13 1.308478e-13 
1.723045e+12 -2.054153e-13 1.217023e-13 
1.729356e+12 -2.111257e-13 1.040666e-13 
1.735668e+12 -2.213559e-13 1.081381e-13 
1.741980e+12 -1.896478e-13 8.641278e-14 
1.748291e+12 -1.974023e-13 1.004518e-13 
1.754603e+12 -1.862898e-13 9.478001e-14 
1.760914e+12 -1.989760e-13 1.042378e-13 
1.767226e+12 -1.988294e-13 1.606585e-13 
1.773537e+12 -1.805294e-13 9.522856e-14 
1.779849e+12 -1.896139e-13 1.258399e-13 
1.786160e+12 -1.861732e-13 1.383648e-13 
1.792472e+12 -1.849558e-13 9.359771e-14 
1.798783e+12 -1.911812e-13 1.105643e-13 
1.805095e+12 -1.760333e-13 1.097137e-13 
1.811406e+12 -1.821013e-13 7.037411e-14 
1.817718e+12 -1.747573e-13 1.523827e-13 
1.824029e+12 -1.723340e-13 8.712044e-14 
1.830341e+12 -1.731329e-13 9.354705e-14 
1.836652e+12 -1.735938e-13 1.330925e-13 
1.842964e+12 -1.706533e-13 7.949465e-14 
1.849275e+12 -1.691017e-13 1.028341e-13 
1.855587e+12 -1.664570e-13 1.214299e-13 
1.861898e+12 -1.632019e-13 9.942051e-14 
1.868210e+12 -1.756585e-13 1.150387e-13 
1.874521e+12 -1.667585e-13 6.441394e-14 
1.880833e+12 -1.646117e-13 1.003850e-13 
1.887144e+12 -1.626898e-13 1.030721e-13 
1.893456e+12 -1.600082e-13 1.289159e-13 
