0.000000e+00 -3.586424e-07 8.373116e-07 0.000000e+00
6.311520e+09 -3.328804e-07 7.919721e-07 2.000000e+02
1.262304e+10 -3.155436e-07 7.564992e-07 4.000000e+02
1.893456e+10 -3.032917e-07 7.297542e-07 6.000000e+02
2.524608e+10 -2.935477e-07 7.084274e-07 8.000000e+02
3.155760e+10 -2.848121e-07 6.907161e-07 1.000000e+03
3.786912e+10 -2.773633e-07 6.755599e-07 1.200000e+03
4.418064e+10 -2.700862e-07 6.621468e-07 1.400000e+03
5.049216e+10 -2.630820e-07 6.502379e-07 1.600000e+03
5.680368e+10 -2.571511e-07 6.395504e-07 1.800000e+03
6.311520e+10 -2.510991e-07 6.298420e-07 2.000000e+03
6.942672e+10 -2.456664e-07 6.206053e-07 2.200000e+03
7.573824e+10 -2.401290e-07 6.118496e-07 2.400000e+03
8.204976e+10 -2.350607e-07 6.036630e-07 2.600000e+03
8.836128e+10 -2.297605e-07 5.961347e-07 2.800000e+03
9.467280e+10 -2.257712e-07 5.889349e-07 3.000000e+03
1.009843e+11 -2.208851e-07 5.821036e-07 3.200000e+03
1.072958e+11 -2.163096e-07 5.757321e-07 3.400000e+03
1.136074e+11 -2.131545e-07 5.697202e-07 3.600000e+03
1.199189e+11 -2.092178e-07 5.639429e-07 3.800000e+03
1.262304e+11 -2.046571e-07 5.584051e-07 4.000000e+03
1.325419e+11 -2.021254e-07 5.530833e-07 4.200000e+03
1.388534e+11 -1.983074e-07 5.477097e-07 4.400000e+03
1.451650e+11 -1.942606e-07 5.425439e-07 4.600000e+03
1.514765e+11 -1.932623e-07 5.374259e-07 4.800000e+03
1.577880e+11 -1.881895e-07 5.325054e-07 5.000000e+03
1.640995e+11 -1.878630e-07 5.276463e-07 5.200000e+03
1.704110e+11 -1.836502e-07 5.227926e-07 5.400000e+03
1.767226e+11 -1.817738e-07 5.179821e-07 5.600000e+03
1.830341e+11 -1.799222e-07 5.133000e-07 5.800000e+03
1.893456e+11 -1.761836e-07 5.086823e-07 6.000000e+03
1.956571e+11 -1.753754e-07 5.043348e-07 6.200000e+03
2.019686e+11 -1.713741e-07 5.000369e-07 6.400000e+03
2.082802e+11 -1.709801e-07 4.956470e-07 6.600000e+03
2.145917e+11 -1.670328e-07 4.915801e-07 6.800000e+03
2.209032e+11 -1.671079e-07 4.875228e-07 7.000000e+03
2.272147e+11 -1.625904e-07 4.836790e-07 7.200000e+03
2.335262e+11 -1.623530e-07 4.796408e-07 7.400000e+03
2.398378e+11 -1.593176e-07 4.757348e-07 7.600000e+03
2.461493e+11 -1.574280e-07 4.721743e-07 7.800000e+03
2.524608e+11 -1.572086e-07 4.683454e-07 8.000000e+03
2.587723e+11 -1.535172e-07 4.648087e-07 8.200000e+03
2.650838e+11 -1.525802e-07 4.612202e-07 8.400000e+03
2.713954e+11 -1.509839e-07 4.576756e-07 8.600000e+03
2.777069e+11 -1.477367e-07 4.541260e-07 8.800000e+03
2.840184e+11 -1.483583e-07 4.508686e-07 9.000000e+03
2.903299e+11 -1.466721e-07 4.473811e-07 9.200000e+03
2.966414e+11 -1.460453e-07 4.441587e-07 9.400000e+03
3.029530e+11 -1.454393e-07 4.408223e-07 9.600000e+03
3.092645e+11 -1.426596e-07 4.374740e-07 9.800000e+03
3.155760e+11 -1.440139e-07 4.342833e-07 1.000000e+04
3.218875e+11 -1.411920e-07 4.311563e-07 1.020000e+04
3.281990e+11 -1.404434e-07 4.281950e-07 1.040000e+04
3.345106e+11 -1.404094e-07 4.251614e-07 1.060000e+04
3.408221e+11 -1.373796e-07 4.221161e-07 1.080000e+04
3.471336e+11 -1.374794e-07 4.192085e-07 1.100000e+04
3.534451e+11 -1.354671e-07 4.162024e-07 1.120000e+04
3.597566e+11 -1.334558e-07 4.132827e-07 1.140000e+04
3.660682e+11 -1.330427e-07 4.104411e-07 1.160000e+04
3.723797e+11 -1.309382e-07 4.075517e-07 1.180000e+04
3.786912e+11 -1.300851e-07 4.046211e-07 1.200000e+04
3.850027e+11 -1.295995e-07 4.017639e-07 1.220000e+04
3.913142e+11 -1.264496e-07 3.990176e-07 1.240000e+04
3.976258e+11 -1.256663e-07 3.962433e-07 1.260000e+04
4.039373e+11 -1.260780e-07 3.935972e-07 1.280000e+04
4.102488e+11 -1.235139e-07 3.908847e-07 1.300000e+04
4.165603e+11 -1.214922e-07 3.882558e-07 1.320000e+04
4.228718e+11 -1.218414e-07 3.857255e-07 1.340000e+04
4.291834e+11 -1.200320e-07 3.831427e-07 1.360000e+04
4.354949e+11 -1.176394e-07 3.807611e-07 1.380000e+04
4.418064e+11 -1.170453e-07 3.783889e-07 1.400000e+04
4.481179e+11 -1.166262e-07 3.759477e-07 1.420000e+04
4.544294e+11 -1.155007e-07 3.735420e-07 1.440000e+04
4.607410e+11 -1.134598e-07 3.711568e-07 1.460000e+04
4.670525e+11 -1.133881e-07 3.688527e-07 1.480000e+04
4.733640e+11 -1.116321e-07 3.665637e-07 1.500000e+04
4.796755e+11 -1.123865e-07 3.643162e-07 1.520000e+04
4.859870e+11 -1.117988e-07 3.619115e-07 1.540000e+04
4.922986e+11 -1.103993e-07 3.599490e-07 1.560000e+04
4.986101e+11 -1.108862e-07 3.579556e-07 1.580000e+04
5.049216e+11 -1.105024e-07 3.558521e-07 1.600000e+04
5.112331e+11 -1.098056e-07 3.537753e-07 1.620000e+04
5.175446e+11 -1.082903e-07 3.516773e-07 1.640000e+04
5.238562e+11 -1.084190e-07 3.498554e-07 1.660000e+04
5.301677e+11 -1.082618e-07 3.479825e-07 1.680000e+04
5.364792e+11 -1.062900e-07 3.461895e-07 1.700000e+04
5.427907e+11 -1.053127e-07 3.443585e-07 1.720000e+04
5.491022e+11 -1.047364e-07 3.425567e-07 1.740000e+04
5.554138e+11 -1.040162e-07 3.408645e-07 1.760000e+04
5.617253e+11 -1.026789e-07 3.391102e-07 1.780000e+04
5.680368e+11 -1.022456e-07 3.374817e-07 1.800000e+04
5.743483e+11 -1.004863e-07 3.360094e-07 1.820000e+04
5.806598e+11 -9.973509e-08 3.342731e-07 1.840000e+04
5.869714e+11 -1.002923e-07 3.327335e-07 1.860000e+04
5.932829e+11 -9.870482e-08 3.310305e-07 1.880000e+04
5.995944e+11 -9.741608e-08 3.294279e-07 1.900000e+04
6.059059e+11 -9.641604e-08 3.279213e-07 1.920000e+04
6.122174e+11 -9.604952e-08 3.265909e-07 1.940000e+04
6.185290e+11 -9.554515e-08 3.253298e-07 1.960000e+04
6.248405e+11 -9.409118e-08 3.236504e-07 1.980000e+04
6.311520e+11 -5.894919e-07 2.284866e-07 2.000000e+04
6.374635e+11 -5.377317e-07 2.144512e-07 2.020000e+04
6.437750e+11 -4.992718e-07 2.034527e-07 2.040000e+04
6.500866e+11 -4.676317e-07 1.958217e-07 2.060000e+04
6.563981e+11 -4.402502e-07 1.899741e-07 2.080000e+04
6.627096e+11 -4.158526e-07 1.869375e-07 2.100000e+04
6.690211e+11 -3.945427e-07 1.824609e-07 2.120000e+04
6.753326e+11 -3.751485e-07 1.787654e-07 2.140000e+04
6.816442e+11 -3.576295e-07 1.757718e-07 2.160000e+04
6.879557e+11 -3.414704e-07 1.712286e-07 2.180000e+04
6.942672e+11 -3.266614e-07 1.685457e-07 2.200000e+04
7.005787e+11 -3.130224e-07 1.650419e-07 2.220000e+04
7.068902e+11 -3.004197e-07 1.619444e-07 2.240000e+04
7.132018e+11 -2.883504e-07 1.587416e-07 2.260000e+04
7.195133e+11 -2.779830e-07 1.569609e-07 2.280000e+04
7.258248e+11 -2.678689e-07 1.530443e-07 2.300000e+04
7.321363e+11 -2.575188e-07 1.505283e-07 2.320000e+04
7.384478e+11 -2.482970e-07 1.476668e-07 2.340000e+04
7.447594e+11 -2.396609e-07 1.438095e-07 2.360000e+04
7.510709e+11 -2.340780e-07 1.431112e-07 2.380000e+04
7.573824e+11 -2.288302e-07 1.399178e-07 2.400000e+04
7.636939e+11 -2.238019e-07 1.376207e-07 2.420000e+04
7.700054e+11 -2.189707e-07 1.351188e-07 2.440000e+04
7.763170e+11 -2.142560e-07 1.325902e-07 2.460000e+04
7.826285e+11 -2.097519e-07 1.307483e-07 2.480000e+04
7.889400e+11 -2.054880e-07 1.283304e-07 2.500000e+04
7.952515e+11 -2.014562e-07 1.249286e-07 2.520000e+04
8.015630e+11 -1.973695e-07 1.227228e-07 2.540000e+04
8.078746e+11 -1.936613e-07 1.204049e-07 2.560000e+04
8.141861e+11 -1.899998e-07 1.176516e-07 2.580000e+04
8.204976e+11 -1.864502e-07 1.161233e-07 2.600000e+04
8.268091e+11 -1.829850e-07 1.131384e-07 2.620000e+04
8.331206e+11 -1.795449e-07 1.104813e-07 2.640000e+04
8.394322e+11 -1.761730e-07 1.080023e-07 2.660000e+04
8.457437e+11 -1.730525e-07 1.060175e-07 2.680000e+04
8.520552e+11 -1.698693e-07 1.037738e-07 2.700000e+04
8.583667e+11 -1.668028e-07 1.014930e-07 2.720000e+04
8.646782e+11 -1.638732e-07 9.939824e-08 2.740000e+04
8.709898e+11 -1.610533e-07 9.711781e-08 2.760000e+04
8.773013e+11 -1.581552e-07 9.532503e-08 2.780000e+04
8.836128e+11 -1.553773e-07 9.310065e-08 2.800000e+04
8.899243e+11 -1.527414e-07 9.153429e-08 2.820000e+04
8.962358e+11 -1.502201e-07 8.961182e-08 2.840000e+04
9.025474e+11 -1.475906e-07 8.737323e-08 2.860000e+04
9.088589e+11 -1.450956e-07 8.577112e-08 2.880000e+04
9.151704e+11 -1.426734e-07 8.410349e-08 2.900000e+04
9.214819e+11 -1.401998e-07 8.226807e-08 2.920000e+04
9.277934e+11 -1.379129e-07 8.048003e-08 2.940000e+04
9.341050e+11 -1.356449e-07 7.876688e-08 2.960000e+04
9.404165e+11 -1.335018e-07 7.749273e-08 2.980000e+04
9.467280e+11 -1.314776e-07 7.579258e-08 3.000000e+04
9.530395e+11 -1.294544e-07 7.446720e-08 3.020000e+04
9.593510e+11 -1.275144e-07 7.270037e-08 3.040000e+04
9.656626e+11 -1.256759e-07 7.169191e-08 3.060000e+04
9.719741e+11 -1.237796e-07 7.045110e-08 3.080000e+04
9.782856e+11 -1.220353e-07 6.931887e-08 3.100000e+04
9.845971e+11 -1.202587e-07 6.802046e-08 3.120000e+04
9.909086e+11 -1.184223e-07 6.645581e-08 3.140000e+04
9.972202e+11 -1.167641e-07 6.536326e-08 3.160000e+04
1.003532e+12 -1.150467e-07 6.431775e-08 3.180000e+04
1.009843e+12 -1.133940e-07 6.334734e-08 3.200000e+04
1.016155e+12 -1.117120e-07 6.216876e-08 3.220000e+04
1.022466e+12 -1.101878e-07 6.124862e-08 3.240000e+04
1.028778e+12 -1.085665e-07 5.978228e-08 3.260000e+04
1.035089e+12 -1.070067e-07 5.907672e-08 3.280000e+04
1.041401e+12 -1.054775e-07 5.792386e-08 3.300000e+04
1.047712e+12 -1.040271e-07 5.714130e-08 3.320000e+04
1.054024e+12 -1.025409e-07 5.633107e-08 3.340000e+04
1.060335e+12 -1.011120e-07 5.511842e-08 3.360000e+04
1.066647e+12 -9.973324e-08 5.432011e-08 3.380000e+04
1.072958e+12 -9.834381e-08 5.344272e-08 3.400000e+04
1.079270e+12 -9.700816e-08 5.245544e-08 3.420000e+04
1.085581e+12 -9.567879e-08 5.182030e-08 3.440000e+04
1.091893e+12 -9.436405e-08 5.102900e-08 3.460000e+04
1.098204e+12 -9.308842e-08 5.005811e-08 3.480000e+04
1.104516e+12 -9.186428e-08 4.925601e-08 3.500000e+04
1.110828e+12 -9.060215e-08 4.863836e-08 3.520000e+04
1.117139e+12 -8.930476e-08 4.775528e-08 3.540000e+04
1.123451e+12 -8.813450e-08 4.694722e-08 3.560000e+04
1.129762e+12 -8.694005e-08 4.633423e-08 3.580000e+04
1.136074e+12 -8.573056e-08 4.568178e-08 3.600000e+04
1.142385e+12 -8.460547e-08 4.472587e-08 3.620000e+04
1.148697e+12 -8.352266e-08 4.425475e-08 3.640000e+04
1.155008e+12 -8.240525e-08 4.360551e-08 3.660000e+04
1.161320e+12 -8.127421e-08 4.297635e-08 3.680000e+04
1.167631e+12 -8.016889e-08 4.219427e-08 3.700000e+04
1.173943e+12 -7.916268e-08 4.148214e-08 3.720000e+04
1.180254e+12 -7.810753e-08 4.104252e-08 3.740000e+04
1.186566e+12 -7.711388e-08 4.043747e-08 3.760000e+04
1.192877e+12 -7.614173e-08 3.972950e-08 3.780000e+04
1.199189e+12 -7.509822e-08 3.911949e-08 3.800000e+04
1.205500e+12 -7.418185e-08 3.857229e-08 3.820000e+04
1.211812e+12 -7.320101e-08 3.806658e-08 3.840000e+04
1.218123e+12 -7.223245e-08 3.741184e-08 3.860000e+04
1.224435e+12 -7.132766e-08 3.682609e-08 3.880000e+04
1.230746e+12 -7.036970e-08 3.649704e-08 3.900000e+04
1.237058e+12 -6.947653e-08 3.576196e-08 3.920000e+04
1.243369e+12 -6.857844e-08 3.522646e-08 3.940000e+04
1.249681e+12 -6.777356e-08 3.486370e-08 3.960000e+04
1.255992e+12 -6.690654e-08 3.426424e-08 3.980000e+04
1.262304e+12 -6.602982e-08 3.363348e-08 4.000000e+04
1.268616e+12 -6.514620e-08 3.346396e-08 4.020000e+04
1.274927e+12 -6.429774e-08 3.283900e-08 4.040000e+04
1.281239e+12 -6.348582e-08 3.231880e-08 4.060000e+04
1.287550e+12 -6.271163e-08 3.189085e-08 4.080000e+04
1.293862e+12 -6.190867e-08 3.137790e-08 4.100000e+04
1.300173e+12 -6.115248e-08 3.084970e-08 4.120000e+04
1.306485e+12 -6.035914e-08 3.050382e-08 4.140000e+04
1.312796e+12 -5.960274e-08 3.015835e-08 4.160000e+04
1.319108e+12 -5.886424e-08 2.949150e-08 4.180000e+04
1.325419e+12 -5.814062e-08 2.916963e-08 4.200000e+04
1.331731e+12 -5.742846e-08 2.875617e-08 4.220000e+04
1.338042e+12 -5.669147e-08 2.831318e-08 4.240000e+04
1.344354e+12 -5.603648e-08 2.791897e-08 4.260000e+04
1.350665e+12 -5.536455e-08 2.760689e-08 4.280000e+04
1.356977e+12 -5.476597e-08 2.718420e-08 4.300000e+04
1.363288e+12 -5.411096e-08 2.683349e-08 4.320000e+04
1.369600e+12 -5.348410e-08 2.651185e-08 4.340000e+04
1.375911e+12 -5.285781e-08 2.609376e-08 4.360000e+04
1.382223e+12 -5.219825e-08 2.579984e-08 4.380000e+04
1.388534e+12 -5.162955e-08 2.532030e-08 4.400000e+04
1.394846e+12 -5.103305e-08 2.511576e-08 4.420000e+04
1.401157e+12 -5.042486e-08 2.477582e-08 4.440000e+04
1.407469e+12 -4.985757e-08 2.452970e-08 4.460000e+04
1.413780e+12 -4.926284e-08 2.413105e-08 4.480000e+04
1.420092e+12 -4.869902e-08 2.382458e-08 4.500000e+04
1.426404e+12 -4.813643e-08 2.343037e-08 4.520000e+04
1.432715e+12 -4.752022e-08 2.321988e-08 4.540000e+04
1.439027e+12 -4.699871e-08 2.281756e-08 4.560000e+04
1.445338e+12 -4.648768e-08 2.254957e-08 4.580000e+04
1.451650e+12 -4.596826e-08 2.219689e-08 4.600000e+04
1.457961e+12 -4.545285e-08 2.200351e-08 4.620000e+04
1.464273e+12 -4.495155e-08 2.175703e-08 4.640000e+04
1.470584e+12 -4.440791e-08 2.142482e-08 4.660000e+04
1.476896e+12 -4.393943e-08 2.114979e-08 4.680000e+04
1.483207e+12 -4.344217e-08 2.096448e-08 4.700000e+04
1.489519e+12 -4.295174e-08 2.064746e-08 4.720000e+04
1.495830e+12 -4.245616e-08 2.035216e-08 4.740000e+04
1.502142e+12 -4.201263e-08 2.017359e-08 4.760000e+04
1.508453e+12 -4.155909e-08 1.993123e-08 4.780000e+04
1.514765e+12 -4.112217e-08 1.974609e-08 4.800000e+04
1.521076e+12 -4.071975e-08 1.948029e-08 4.820000e+04
1.527388e+12 -4.023073e-08 1.914417e-08 4.840000e+04
1.533699e+12 -3.982002e-08 1.900560e-08 4.860000e+04
1.540011e+12 -3.936886e-08 1.871241e-08 4.880000e+04
1.546322e+12 -3.892151e-08 1.852729e-08 4.900000e+04
1.552634e+12 -3.847929e-08 1.825376e-08 4.920000e+04
1.558945e+12 -3.807088e-08 1.801600e-08 4.940000e+04
1.565257e+12 -3.766707e-08 1.787100e-08 4.960000e+04
1.571568e+12 -3.727620e-08 1.759225e-08 4.980000e+04
1.577880e+12 -3.687556e-08 1.740039e-08 5.000000e+04
1.584192e+12 -3.649924e-08 1.714632e-08 5.020000e+04
1.590503e+12 -3.614265e-08 1.696552e-08 5.040000e+04
1.596815e+12 -3.577988e-08 1.678084e-08 5.060000e+04
1.603126e+12 -3.542088e-08 1.659662e-08 5.080000e+04
1.609438e+12 -3.508866e-08 1.648973e-08 5.100000e+04
1.615749e+12 -3.470606e-08 1.624771e-08 5.120000e+04
1.622061e+12 -3.430925e-08 1.600815e-08 5.140000e+04
1.628372e+12 -3.395986e-08 1.582270e-08 5.160000e+04
1.634684e+12 -3.360618e-08 1.562357e-08 5.180000e+04
1.640995e+12 -3.329219e-08 1.549146e-08 5.200000e+04
1.647307e+12 -3.297117e-08 1.532767e-08 5.220000e+04
1.653618e+12 -3.260157e-08 1.512247e-08 5.240000e+04
1.659930e+12 -3.224406e-08 1.496107e-08 5.260000e+04
1.666241e+12 -3.194274e-08 1.477480e-08 5.280000e+04
1.672553e+12 -3.163541e-08 1.456857e-08 5.300000e+04
1.678864e+12 -3.127987e-08 1.444116e-08 5.320000e+04
1.685176e+12 -3.097608e-08 1.425011e-08 5.340000e+04
