0.000000e+00 -5.089688e+09 5.089688e+09 
6.311520e+09 -4.838279e+09 4.818229e+09 
1.262304e+10 -4.629045e+09 4.574445e+09 
1.893456e+10 -4.447691e+09 4.388344e+09 
2.524608e+10 -4.299485e+09 4.229678e+09 
3.155760e+10 -4.162863e+09 4.102154e+09 
3.786912e+10 -4.048282e+09 3.986184e+09 
4.418064e+10 -3.939546e+09 3.885842e+09 
5.049216e+10 -3.844891e+09 3.792860e+09 
5.680368e+10 -3.757614e+09 3.712107e+09 
6.311520e+10 -3.678217e+09 3.636336e+09 
6.942672e+10 -3.604328e+09 3.562088e+09 
7.573824e+10 -3.534284e+09 3.493468e+09 
8.204976e+10 -3.468798e+09 3.430373e+09 
8.836128e+10 -3.409621e+09 3.374702e+09 
9.467280e+10 -3.355899e+09 3.321122e+09 
1.009843e+11 -3.305762e+09 3.272130e+09 
1.072958e+11 -3.261591e+09 3.226667e+09 
1.136074e+11 -3.218931e+09 3.183763e+09 
1.199189e+11 -3.181530e+09 3.143569e+09 
1.262304e+11 -3.145795e+09 3.104661e+09 
1.325419e+11 -3.111689e+09 3.070213e+09 
1.388534e+11 -3.078136e+09 3.032634e+09 
1.451650e+11 -3.046103e+09 2.999416e+09 
1.514765e+11 -3.015631e+09 2.965773e+09 
1.577880e+11 -2.988471e+09 2.933798e+09 
1.640995e+11 -2.963738e+09 2.906072e+09 
1.704110e+11 -2.939477e+09 2.876284e+09 
1.767226e+11 -2.915494e+09 2.849130e+09 
1.830341e+11 -2.891583e+09 2.821759e+09 
1.893456e+11 -2.869298e+09 2.794382e+09 
1.956571e+11 -2.848060e+09 2.770532e+09 
2.019686e+11 -2.828668e+09 2.746245e+09 
2.082802e+11 -2.808033e+09 2.723366e+09 
2.145917e+11 -2.789610e+09 2.700610e+09 
2.209032e+11 -2.770985e+09 2.677415e+09 
2.272147e+11 -2.753178e+09 2.656038e+09 
2.335262e+11 -2.734405e+09 2.633319e+09 
2.398378e+11 -2.716849e+09 2.611343e+09 
2.461493e+11 -2.700038e+09 2.626629e+09 
2.524608e+11 -2.699664e+09 2.676813e+09 
2.587723e+11 -2.762253e+09 2.718202e+09 
2.650838e+11 -2.824517e+09 2.766136e+09 
2.713954e+11 -2.868881e+09 2.807477e+09 
2.777069e+11 -2.938824e+09 2.841916e+09 
2.840184e+11 -2.999147e+09 2.880106e+09 
2.903299e+11 -3.055919e+09 2.918532e+09 
2.966414e+11 -3.126393e+09 2.953249e+09 
3.029530e+11 -3.185053e+09 2.984800e+09 
3.092645e+11 -3.236337e+09 3.019219e+09 
3.155760e+11 -3.302205e+09 3.047308e+09 
3.218875e+11 -3.335702e+09 3.075100e+09 
3.281990e+11 -3.379593e+09 3.101590e+09 
3.345106e+11 -3.416009e+09 3.132186e+09 
3.408221e+11 -3.428017e+09 3.151106e+09 
3.471336e+11 -3.450933e+09 3.170348e+09 
3.534451e+11 -3.474277e+09 3.188693e+09 
3.597566e+11 -3.488170e+09 3.209762e+09 
3.660682e+11 -3.495268e+09 3.230794e+09 
3.723797e+11 -3.483220e+09 3.251929e+09 
3.786912e+11 -3.493750e+09 3.269169e+09 
3.850027e+11 -3.487816e+09 3.298801e+09 
3.913142e+11 -3.493336e+09 3.308893e+09 
3.976258e+11 -3.480706e+09 3.323022e+09 
4.039373e+11 -3.459942e+09 3.349026e+09 
4.102488e+11 -3.508798e+09 3.367784e+09 
4.165603e+11 -3.556980e+09 3.378565e+09 
4.228718e+11 -3.596287e+09 3.394374e+09 
4.291834e+11 -3.652810e+09 3.414271e+09 
4.354949e+11 -3.703834e+09 3.433289e+09 
4.418064e+11 -3.740708e+09 3.444643e+09 
4.481179e+11 -3.787247e+09 3.458114e+09 
4.544294e+11 -3.841916e+09 3.477433e+09 
4.607410e+11 -3.908720e+09 3.491972e+09 
4.670525e+11 -3.936478e+09 3.502879e+09 
4.733640e+11 -3.977064e+09 3.522437e+09 
4.796755e+11 -4.039009e+09 3.537467e+09 
4.859870e+11 -4.093932e+09 3.553145e+09 
4.922986e+11 -4.148280e+09 3.562654e+09 
4.986101e+11 -4.184760e+09 3.577743e+09 
5.049216e+11 -4.218707e+09 3.590886e+09 
5.112331e+11 -4.256025e+09 3.601766e+09 
5.175446e+11 -4.284043e+09 3.614421e+09 
5.238562e+11 -4.305122e+09 3.628522e+09 
5.301677e+11 -4.314541e+09 3.643015e+09 
5.364792e+11 -4.327195e+09 3.653896e+09 
5.427907e+11 -4.341030e+09 3.666115e+09 
5.491022e+11 -4.349502e+09 3.674749e+09 
5.554138e+11 -4.354767e+09 3.686326e+09 
5.617253e+11 -4.349296e+09 3.698657e+09 
5.680368e+11 -4.324231e+09 3.708305e+09 
5.743483e+11 -4.317053e+09 3.720580e+09 
5.806598e+11 -4.311322e+09 3.729960e+09 
5.869714e+11 -4.281958e+09 3.741916e+09 
5.932829e+11 -4.265617e+09 3.752519e+09 
5.995944e+11 -4.248042e+09 3.759457e+09 
6.059059e+11 -4.243137e+09 3.769000e+09 
6.122174e+11 -4.197300e+09 3.780972e+09 
6.185290e+11 -4.184868e+09 3.790398e+09 
6.248405e+11 -4.148844e+09 3.799770e+09 
6.311520e+11 -4.038145e+09 3.719791e+09 
6.374635e+11 -4.001108e+09 3.644911e+09 
6.437750e+11 -3.981938e+09 3.572645e+09 
6.500866e+11 -3.946679e+09 3.498565e+09 
6.563981e+11 -3.902731e+09 3.425690e+09 
6.627096e+11 -3.869661e+09 3.354450e+09 
6.690211e+11 -3.826828e+09 3.286584e+09 
6.753326e+11 -3.765209e+09 3.223171e+09 
6.816442e+11 -3.718369e+09 3.157793e+09 
6.879557e+11 -3.670373e+09 3.092575e+09 
6.942672e+11 -3.601567e+09 3.027232e+09 
7.005787e+11 -3.531975e+09 2.975346e+09 
7.068902e+11 -3.460546e+09 2.931336e+09 
7.132018e+11 -3.374759e+09 2.893617e+09 
7.195133e+11 -3.314847e+09 2.853330e+09 
7.258248e+11 -3.210521e+09 2.813678e+09 
7.321363e+11 -3.119632e+09 2.772114e+09 
7.384478e+11 -3.039837e+09 2.737590e+09 
7.447594e+11 -2.956558e+09 2.700239e+09 
7.510709e+11 -2.870265e+09 2.662818e+09 
7.573824e+11 -2.772234e+09 2.629275e+09 
7.636939e+11 -2.678695e+09 2.615763e+09 
7.700054e+11 -2.597416e+09 2.601512e+09 
7.763170e+11 -2.509183e+09 2.595289e+09 
7.826285e+11 -2.438262e+09 2.611892e+09 
7.889400e+11 -2.365968e+09 2.589707e+09 
7.952515e+11 -2.299729e+09 2.586861e+09 
8.015630e+11 -2.222419e+09 2.577925e+09 
8.078746e+11 -2.159941e+09 2.577405e+09 
8.141861e+11 -2.106066e+09 2.555468e+09 
8.204976e+11 -2.047785e+09 2.555904e+09 
8.268091e+11 -1.987671e+09 2.547476e+09 
8.331206e+11 -1.944048e+09 2.542900e+09 
8.394322e+11 -1.932636e+09 2.516637e+09 
8.457437e+11 -1.924876e+09 2.516532e+09 
8.520552e+11 -1.913361e+09 2.499686e+09 
8.583667e+11 -1.902237e+09 2.468801e+09 
8.646782e+11 -1.892448e+09 2.432573e+09 
8.709898e+11 -1.879937e+09 2.394209e+09 
8.773013e+11 -1.866479e+09 2.365723e+09 
8.836128e+11 -1.849875e+09 2.334181e+09 
8.899243e+11 -1.837317e+09 2.304134e+09 
8.962358e+11 -1.822819e+09 2.306125e+09 
9.025474e+11 -1.809137e+09 2.281168e+09 
9.088589e+11 -1.794007e+09 2.290246e+09 
9.151704e+11 -1.781941e+09 2.287436e+09 
9.214819e+11 -1.766070e+09 2.284902e+09 
9.277934e+11 -1.751302e+09 2.270065e+09 
9.341050e+11 -1.735893e+09 2.264627e+09 
9.404165e+11 -1.720487e+09 2.243759e+09 
9.467280e+11 -1.708231e+09 2.220657e+09 
9.530395e+11 -1.692344e+09 2.196160e+09 
9.593510e+11 -1.681184e+09 2.176431e+09 
9.656626e+11 -1.668246e+09 2.149733e+09 
9.719741e+11 -1.654410e+09 2.128939e+09 
9.782856e+11 -1.641251e+09 2.096790e+09 
9.845971e+11 -1.629789e+09 2.070420e+09 
9.909086e+11 -1.612986e+09 2.057132e+09 
9.972202e+11 -1.600891e+09 2.047015e+09 
1.003532e+12 -1.589170e+09 2.028596e+09 
1.009843e+12 -1.578701e+09 2.006249e+09 
1.016155e+12 -1.565632e+09 1.992816e+09 
1.022466e+12 -1.553053e+09 1.973493e+09 
1.028778e+12 -1.540304e+09 1.957107e+09 
1.035089e+12 -1.526421e+09 1.939429e+09 
1.041401e+12 -1.514367e+09 1.930769e+09 
1.047712e+12 -1.502561e+09 1.918528e+09 
1.054024e+12 -1.491796e+09 1.906117e+09 
1.060335e+12 -1.480150e+09 1.891877e+09 
1.066647e+12 -1.466609e+09 1.877146e+09 
1.072958e+12 -1.454068e+09 1.870686e+09 
1.079270e+12 -1.438670e+09 1.857008e+09 
1.085581e+12 -1.423963e+09 1.849707e+09 
1.091893e+12 -1.410802e+09 1.841152e+09 
1.098204e+12 -1.396317e+09 1.827963e+09 
1.104516e+12 -1.382361e+09 1.814429e+09 
1.110828e+12 -1.369552e+09 1.803315e+09 
1.117139e+12 -1.357093e+09 1.787387e+09 
1.123451e+12 -1.343024e+09 1.775417e+09 
1.129762e+12 -1.327340e+09 1.765229e+09 
1.136074e+12 -1.311271e+09 1.757137e+09 
1.142385e+12 -1.295895e+09 1.739058e+09 
1.148697e+12 -1.280133e+09 1.723476e+09 
1.155008e+12 -1.266915e+09 1.703634e+09 
1.161320e+12 -1.254793e+09 1.688701e+09 
1.167631e+12 -1.241331e+09 1.674231e+09 
1.173943e+12 -1.226961e+09 1.665281e+09 
1.180254e+12 -1.213131e+09 1.646827e+09 
1.186566e+12 -1.196097e+09 1.633331e+09 
1.192877e+12 -1.185747e+09 1.620753e+09 
1.199189e+12 -1.171387e+09 1.603781e+09 
1.205500e+12 -1.157831e+09 1.589777e+09 
1.211812e+12 -1.144091e+09 1.579240e+09 
1.218123e+12 -1.129923e+09 1.563934e+09 
1.224435e+12 -1.119223e+09 1.555522e+09 
1.230746e+12 -1.105922e+09 1.529878e+09 
1.237058e+12 -1.092400e+09 1.514961e+09 
1.243369e+12 -1.078998e+09 1.501049e+09 
1.249681e+12 -1.065777e+09 1.482223e+09 
1.255992e+12 -1.053939e+09 1.472661e+09 
1.262304e+12 -1.042469e+09 1.459728e+09 
1.268616e+12 -1.030910e+09 1.440648e+09 
1.274927e+12 -1.017902e+09 1.427161e+09 
1.281239e+12 -1.006001e+09 1.407704e+09 
1.287550e+12 -9.957398e+08 1.396564e+09 
1.293862e+12 -9.851322e+08 1.387680e+09 
1.300173e+12 -9.715123e+08 1.377032e+09 
1.306485e+12 -9.609065e+08 1.367201e+09 
1.312796e+12 -9.479491e+08 1.358648e+09 
1.319108e+12 -9.347981e+08 1.351693e+09 
1.325419e+12 -9.236129e+08 1.350734e+09 
1.331731e+12 -9.121823e+08 1.346691e+09 
1.338042e+12 -9.018635e+08 1.343892e+09 
1.344354e+12 -8.904597e+08 1.339865e+09 
1.350665e+12 -8.807961e+08 1.339612e+09 
1.356977e+12 -8.684509e+08 1.337617e+09 
1.363288e+12 -8.592341e+08 1.335933e+09 
1.369600e+12 -8.483872e+08 1.332702e+09 
1.375911e+12 -8.370553e+08 1.330368e+09 
1.382223e+12 -8.267003e+08 1.327541e+09 
1.388534e+12 -8.159477e+08 1.321565e+09 
1.394846e+12 -8.034583e+08 1.311345e+09 
1.401157e+12 -7.941372e+08 1.305821e+09 
1.407469e+12 -7.842417e+08 1.298449e+09 
1.413780e+12 -7.726389e+08 1.295807e+09 
1.420092e+12 -7.638417e+08 1.292573e+09 
1.426404e+12 -7.525430e+08 1.292217e+09 
1.432715e+12 -7.435849e+08 1.287236e+09 
1.439027e+12 -7.335411e+08 1.284432e+09 
1.445338e+12 -7.252305e+08 1.284629e+09 
1.451650e+12 -7.142561e+08 1.278872e+09 
1.457961e+12 -7.050759e+08 1.275134e+09 
1.464273e+12 -6.974617e+08 1.270233e+09 
1.470584e+12 -6.875808e+08 1.270136e+09 
1.476896e+12 -6.788625e+08 1.266729e+09 
1.483207e+12 -6.710278e+08 1.264357e+09 
1.489519e+12 -6.640616e+08 1.263884e+09 
1.495830e+12 -6.556082e+08 1.262532e+09 
1.502142e+12 -6.468883e+08 1.264438e+09 
1.508453e+12 -6.382688e+08 1.263484e+09 
1.514765e+12 -6.305183e+08 1.261808e+09 
1.521076e+12 -6.219349e+08 1.263561e+09 
1.527388e+12 -6.139095e+08 1.264652e+09 
1.533699e+12 -6.061598e+08 1.264945e+09 
1.540011e+12 -5.991288e+08 1.263415e+09 
1.546322e+12 -5.906949e+08 1.261709e+09 
1.552634e+12 -5.851454e+08 1.260030e+09 
1.558945e+12 -5.763376e+08 1.260551e+09 
1.565257e+12 -5.695140e+08 1.258386e+09 
1.571568e+12 -5.625686e+08 1.255501e+09 
1.577880e+12 -5.563610e+08 1.254893e+09 
1.584192e+12 -5.492161e+08 1.254308e+09 
1.590503e+12 -5.422034e+08 1.257103e+09 
1.596815e+12 -5.354128e+08 1.258971e+09 
1.603126e+12 -5.293881e+08 1.256361e+09 
1.609438e+12 -5.226971e+08 1.254277e+09 
1.615749e+12 -5.175992e+08 1.252075e+09 
1.622061e+12 -5.104588e+08 1.252567e+09 
1.628372e+12 -5.039929e+08 1.249663e+09 
1.634684e+12 -4.982841e+08 1.250043e+09 
1.640995e+12 -4.917707e+08 1.247682e+09 
1.647307e+12 -4.854158e+08 1.247977e+09 
1.653618e+12 -4.788770e+08 1.246055e+09 
1.659930e+12 -4.730875e+08 1.247167e+09 
1.666241e+12 -4.691997e+08 1.245047e+09 
1.672553e+12 -4.642500e+08 1.246539e+09 
1.678864e+12 -4.591246e+08 1.244739e+09 
1.685176e+12 -4.546958e+08 1.242947e+09 
