6.311520e+09 -5.090935e+09 5.090935e+09 
1.262304e+10 -5.482644e+09 4.839717e+09 
1.893456e+10 -5.894136e+09 4.631087e+09 
2.524608e+10 -5.957135e+09 4.453037e+09 
3.155760e+10 -5.812942e+09 4.332231e+09 
3.786912e+10 -5.544811e+09 4.201558e+09 
4.418064e+10 -5.197443e+09 4.200342e+09 
5.049216e+10 -4.887384e+09 4.188268e+09 
5.680368e+10 -4.605625e+09 4.235899e+09 
6.311520e+10 -4.346101e+09 4.286766e+09 
6.942672e+10 -4.320072e+09 4.316670e+09 
7.573824e+10 -4.309812e+09 4.289979e+09 
8.204976e+10 -4.256699e+09 4.028299e+09 
8.836128e+10 -4.143912e+09 3.872742e+09 
9.467280e+10 -4.087101e+09 3.749651e+09 
1.009843e+11 -4.040087e+09 3.665563e+09 
1.072958e+11 -3.967379e+09 3.723621e+09 
1.136074e+11 -3.933236e+09 3.603839e+09 
1.199189e+11 -3.826206e+09 3.633752e+09 
1.262304e+11 -3.692608e+09 3.758212e+09 
1.325419e+11 -3.467301e+09 3.591550e+09 
1.388534e+11 -3.397517e+09 3.420522e+09 
1.451650e+11 -3.271724e+09 3.233265e+09 
1.514765e+11 -3.143278e+09 3.136587e+09 
1.577880e+11 -3.131438e+09 3.065583e+09 
1.640995e+11 -3.125798e+09 3.033735e+09 
1.704110e+11 -3.049070e+09 3.098397e+09 
1.767226e+11 -3.055613e+09 3.096629e+09 
1.830341e+11 -3.071610e+09 3.120667e+09 
1.893456e+11 -3.012183e+09 3.176013e+09 
1.956571e+11 -2.953125e+09 3.176289e+09 
2.019686e+11 -2.870004e+09 3.219905e+09 
2.082802e+11 -2.801666e+09 3.234857e+09 
2.145917e+11 -2.777069e+09 3.201790e+09 
2.209032e+11 -2.755567e+09 3.231554e+09 
2.272147e+11 -2.734526e+09 3.196863e+09 
2.335262e+11 -2.715005e+09 3.227155e+09 
2.398378e+11 -2.691739e+09 3.131563e+09 
2.461493e+11 -2.673532e+09 3.152891e+09 
2.524608e+11 -2.652744e+09 3.088826e+09 
2.587723e+11 -2.627768e+09 3.049676e+09 
2.650838e+11 -2.608561e+09 3.082039e+09 
2.713954e+11 -2.588591e+09 3.131069e+09 
2.777069e+11 -2.570947e+09 3.158234e+09 
2.840184e+11 -2.553563e+09 3.136857e+09 
2.903299e+11 -2.539866e+09 3.145417e+09 
2.966414e+11 -2.525703e+09 3.171474e+09 
3.029530e+11 -2.508454e+09 3.135933e+09 
3.092645e+11 -2.490257e+09 3.139653e+09 
3.155760e+11 -2.502632e+09 3.188926e+09 
3.218875e+11 -2.519391e+09 3.222176e+09 
3.281990e+11 -2.527108e+09 3.274407e+09 
3.345106e+11 -2.540553e+09 3.262814e+09 
3.408221e+11 -2.548003e+09 3.268643e+09 
3.471336e+11 -2.543311e+09 3.269697e+09 
3.534451e+11 -2.548468e+09 3.282279e+09 
3.597566e+11 -2.560687e+09 3.250188e+09 
3.660682e+11 -2.574226e+09 3.246259e+09 
3.723797e+11 -2.583139e+09 3.225458e+09 
3.786912e+11 -2.597739e+09 3.216826e+09 
3.850027e+11 -2.619446e+09 3.215612e+09 
3.913142e+11 -2.618577e+09 3.188159e+09 
3.976258e+11 -2.630040e+09 3.206463e+09 
4.039373e+11 -2.634018e+09 3.227856e+09 
4.102488e+11 -2.639754e+09 3.235308e+09 
4.165603e+11 -2.655865e+09 3.252659e+09 
4.228718e+11 -2.663983e+09 3.239628e+09 
4.291834e+11 -2.675562e+09 3.227560e+09 
4.354949e+11 -2.679548e+09 3.257270e+09 
4.418064e+11 -2.689694e+09 3.276381e+09 
4.481179e+11 -2.698995e+09 3.282531e+09 
4.544294e+11 -2.704778e+09 3.361791e+09 
4.607410e+11 -2.709576e+09 3.369902e+09 
4.670525e+11 -2.717762e+09 3.385013e+09 
4.733640e+11 -2.726793e+09 3.391482e+09 
4.796755e+11 -2.735552e+09 3.383175e+09 
4.859870e+11 -2.743684e+09 3.423312e+09 
4.922986e+11 -2.750288e+09 3.413586e+09 
4.986101e+11 -2.759982e+09 3.414691e+09 
5.049216e+11 -2.769352e+09 3.411340e+09 
5.112331e+11 -2.773643e+09 3.391492e+09 
5.175446e+11 -2.778734e+09 3.373712e+09 
5.238562e+11 -2.783777e+09 3.363578e+09 
5.301677e+11 -2.794074e+09 3.359261e+09 
5.364792e+11 -2.801135e+09 3.350040e+09 
5.427907e+11 -2.805555e+09 3.327861e+09 
5.491022e+11 -2.809420e+09 3.315193e+09 
5.554138e+11 -2.818069e+09 3.306881e+09 
5.617253e+11 -2.823421e+09 3.320916e+09 
5.680368e+11 -2.828044e+09 3.313490e+09 
5.743483e+11 -2.831649e+09 3.297101e+09 
5.806598e+11 -2.835253e+09 3.285325e+09 
5.869714e+11 -2.840944e+09 3.280172e+09 
5.932829e+11 -2.846759e+09 3.281199e+09 
5.995944e+11 -2.848055e+09 3.286517e+09 
6.059059e+11 -2.852208e+09 3.277941e+09 
6.122174e+11 -2.854735e+09 3.264122e+09 
6.185290e+11 -2.860449e+09 3.247975e+09 
6.248405e+11 -2.864408e+09 3.246198e+09 
6.311520e+11 -2.867763e+09 3.260222e+09 
6.374635e+11 -4.372002e+09 3.343682e+09 
6.437750e+11 -4.642820e+09 3.250957e+09 
6.500866e+11 -4.895337e+09 3.157392e+09 
6.563981e+11 -5.135005e+09 3.036682e+09 
6.627096e+11 -5.282642e+09 2.948039e+09 
6.690211e+11 -5.362686e+09 2.870871e+09 
6.753326e+11 -5.455075e+09 2.908150e+09 
6.816442e+11 -5.536364e+09 2.922068e+09 
6.879557e+11 -5.556637e+09 2.971554e+09 
6.942672e+11 -5.544666e+09 2.999462e+09 
7.005787e+11 -5.500636e+09 3.033159e+09 
7.068902e+11 -5.445229e+09 3.065294e+09 
7.132018e+11 -5.426024e+09 3.028054e+09 
7.195133e+11 -5.440947e+09 2.997333e+09 
7.258248e+11 -5.522971e+09 2.962625e+09 
7.321363e+11 -5.467710e+09 2.920900e+09 
7.384478e+11 -5.525117e+09 2.861627e+09 
7.447594e+11 -5.426483e+09 2.810322e+09 
7.510709e+11 -5.416326e+09 2.773785e+09 
7.573824e+11 -5.395819e+09 2.766674e+09 
7.636939e+11 -5.353980e+09 2.833376e+09 
7.700054e+11 -5.264172e+09 2.866423e+09 
7.763170e+11 -5.235910e+09 2.875282e+09 
7.826285e+11 -5.241636e+09 2.910071e+09 
7.889400e+11 -5.226363e+09 2.907749e+09 
7.952515e+11 -5.192164e+09 2.913849e+09 
8.015630e+11 -5.206869e+09 2.929008e+09 
8.078746e+11 -5.198044e+09 2.954936e+09 
8.141861e+11 -5.125032e+09 2.995578e+09 
8.204976e+11 -5.129110e+09 3.019554e+09 
8.268091e+11 -5.093585e+09 2.980140e+09 
8.331206e+11 -5.038216e+09 2.969541e+09 
8.394322e+11 -5.066342e+09 2.977761e+09 
8.457437e+11 -5.090468e+09 2.929072e+09 
8.520552e+11 -5.105940e+09 2.944095e+09 
8.583667e+11 -5.150119e+09 2.920332e+09 
8.646782e+11 -5.137401e+09 2.877176e+09 
8.709898e+11 -5.153716e+09 2.869279e+09 
8.773013e+11 -5.126185e+09 2.869838e+09 
8.836128e+11 -5.127717e+09 2.834925e+09 
8.899243e+11 -5.136760e+09 2.837777e+09 
8.962358e+11 -5.140232e+09 2.837634e+09 
9.025474e+11 -5.074204e+09 2.848017e+09 
9.088589e+11 -5.090893e+09 2.847101e+09 
9.151704e+11 -5.005503e+09 2.853233e+09 
9.214819e+11 -4.968516e+09 2.850868e+09 
9.277934e+11 -4.891557e+09 2.849355e+09 
9.341050e+11 -4.845847e+09 2.856337e+09 
9.404165e+11 -4.777576e+09 2.854194e+09 
9.467280e+11 -4.713046e+09 2.879574e+09 
9.530395e+11 -4.623321e+09 2.881579e+09 
9.593510e+11 -4.529165e+09 2.885504e+09 
9.656626e+11 -4.429898e+09 2.884048e+09 
9.719741e+11 -4.349459e+09 2.827538e+09 
9.782856e+11 -4.275308e+09 2.806304e+09 
9.845971e+11 -4.208826e+09 2.786074e+09 
9.909086e+11 -4.146064e+09 2.771950e+09 
9.972202e+11 -4.074517e+09 2.720684e+09 
1.003532e+12 -3.996030e+09 2.697009e+09 
1.009843e+12 -3.964777e+09 2.663596e+09 
1.016155e+12 -3.962640e+09 2.665209e+09 
1.022466e+12 -3.965580e+09 2.658338e+09 
1.028778e+12 -3.928648e+09 2.647080e+09 
1.035089e+12 -3.941137e+09 2.635875e+09 
1.041401e+12 -3.942448e+09 2.594187e+09 
1.047712e+12 -3.904153e+09 2.589186e+09 
1.054024e+12 -3.906301e+09 2.582564e+09 
1.060335e+12 -3.916897e+09 2.581505e+09 
1.066647e+12 -3.893846e+09 2.576807e+09 
1.072958e+12 -3.896462e+09 2.590631e+09 
1.079270e+12 -3.904076e+09 2.599012e+09 
1.085581e+12 -3.886527e+09 2.606431e+09 
1.091893e+12 -3.875221e+09 2.622946e+09 
1.098204e+12 -3.848511e+09 2.607337e+09 
1.104516e+12 -3.838350e+09 2.599439e+09 
1.110828e+12 -3.831250e+09 2.624952e+09 
1.117139e+12 -3.836385e+09 2.619183e+09 
1.123451e+12 -3.867776e+09 2.640902e+09 
1.129762e+12 -3.854334e+09 2.658415e+09 
1.136074e+12 -3.865429e+09 2.658676e+09 
1.142385e+12 -3.887565e+09 2.646788e+09 
1.148697e+12 -3.900021e+09 2.628390e+09 
1.155008e+12 -3.909525e+09 2.632722e+09 
1.161320e+12 -3.935040e+09 2.634132e+09 
1.167631e+12 -3.948780e+09 2.612084e+09 
1.173943e+12 -4.017879e+09 2.607379e+09 
1.180254e+12 -4.019610e+09 2.614158e+09 
1.186566e+12 -4.069144e+09 2.602990e+09 
1.192877e+12 -4.040397e+09 2.600848e+09 
1.199189e+12 -4.025197e+09 2.622849e+09 
1.205500e+12 -4.062737e+09 2.611065e+09 
1.211812e+12 -4.056069e+09 2.609053e+09 
1.218123e+12 -4.074087e+09 2.597478e+09 
1.224435e+12 -4.013761e+09 2.590137e+09 
1.230746e+12 -3.990486e+09 2.561935e+09 
1.237058e+12 -3.981502e+09 2.542049e+09 
1.243369e+12 -3.983285e+09 2.527863e+09 
1.249681e+12 -3.965513e+09 2.524165e+09 
1.255992e+12 -3.953370e+09 2.489761e+09 
1.262304e+12 -3.920533e+09 2.480213e+09 
1.268616e+12 -3.901900e+09 2.479003e+09 
1.274927e+12 -3.924670e+09 2.481823e+09 
1.281239e+12 -3.909138e+09 2.468275e+09 
1.287550e+12 -3.943815e+09 2.455261e+09 
1.293862e+12 -3.965843e+09 2.457180e+09 
1.300173e+12 -3.939478e+09 2.449125e+09 
1.306485e+12 -3.938150e+09 2.437588e+09 
1.312796e+12 -3.945115e+09 2.449747e+09 
1.319108e+12 -3.940304e+09 2.433937e+09 
1.325419e+12 -3.920305e+09 2.419682e+09 
1.331731e+12 -3.920846e+09 2.399997e+09 
1.338042e+12 -3.917307e+09 2.402141e+09 
1.344354e+12 -3.899231e+09 2.388699e+09 
1.350665e+12 -3.895008e+09 2.357641e+09 
1.356977e+12 -3.885178e+09 2.376946e+09 
1.363288e+12 -3.875159e+09 2.382899e+09 
1.369600e+12 -3.845379e+09 2.352674e+09 
1.375911e+12 -3.837236e+09 2.351068e+09 
1.382223e+12 -3.821426e+09 2.341213e+09 
1.388534e+12 -3.797672e+09 2.327671e+09 
1.394846e+12 -3.791355e+09 2.330311e+09 
1.401157e+12 -3.784469e+09 2.337924e+09 
1.407469e+12 -3.780977e+09 2.304382e+09 
1.413780e+12 -3.768948e+09 2.301120e+09 
1.420092e+12 -3.747634e+09 2.323191e+09 
1.426404e+12 -3.740901e+09 2.314690e+09 
1.432715e+12 -3.728005e+09 2.302047e+09 
1.439027e+12 -3.722171e+09 2.293461e+09 
1.445338e+12 -3.699218e+09 2.294398e+09 
1.451650e+12 -3.688002e+09 2.271855e+09 
1.457961e+12 -3.673729e+09 2.282479e+09 
1.464273e+12 -3.678727e+09 2.283497e+09 
1.470584e+12 -3.686655e+09 2.273924e+09 
1.476896e+12 -3.680706e+09 2.254047e+09 
1.483207e+12 -3.680946e+09 2.257347e+09 
1.489519e+12 -3.678782e+09 2.255186e+09 
1.495830e+12 -3.674248e+09 2.257451e+09 
1.502142e+12 -3.667978e+09 2.246606e+09 
1.508453e+12 -3.679932e+09 2.235927e+09 
1.514765e+12 -3.667662e+09 2.225050e+09 
1.521076e+12 -3.654450e+09 2.216184e+09 
1.527388e+12 -3.669713e+09 2.213337e+09 
1.533699e+12 -3.671558e+09 2.190728e+09 
1.540011e+12 -3.637331e+09 2.197518e+09 
1.546322e+12 -3.629167e+09 2.191587e+09 
1.552634e+12 -3.626777e+09 2.180854e+09 
1.558945e+12 -3.629795e+09 2.183405e+09 
1.565257e+12 -3.623286e+09 2.178654e+09 
1.571568e+12 -3.614131e+09 2.186634e+09 
1.577880e+12 -3.608411e+09 2.190525e+09 
1.584192e+12 -3.625993e+09 2.201750e+09 
1.590503e+12 -3.629579e+09 2.193292e+09 
1.596815e+12 -3.628198e+09 2.193608e+09 
1.603126e+12 -3.635715e+09 2.189816e+09 
1.609438e+12 -3.640293e+09 2.190483e+09 
1.615749e+12 -3.626636e+09 2.199534e+09 
1.622061e+12 -3.624493e+09 2.189241e+09 
1.628372e+12 -3.628675e+09 2.184475e+09 
1.634684e+12 -3.649819e+09 2.186309e+09 
1.640995e+12 -3.649934e+09 2.183105e+09 
1.647307e+12 -3.628906e+09 2.180434e+09 
1.653618e+12 -3.595281e+09 2.186906e+09 
1.659930e+12 -3.594145e+09 2.186791e+09 
1.666241e+12 -3.623518e+09 2.175265e+09 
1.672553e+12 -3.599465e+09 2.162600e+09 
1.678864e+12 -3.593432e+09 2.157649e+09 
1.685176e+12 -3.590655e+09 2.160194e+09 
1.691487e+12 -3.576302e+09 2.158417e+09 
