6.311520e+09 -1.969274e-02 1.045376e-03 
1.262304e+10 -1.258247e-02 4.938671e-04 
1.893456e+10 -8.385646e-03 6.059873e-04 
2.524608e+10 -8.631369e-03 6.702129e-04 
3.155760e+10 -9.089649e-03 7.107577e-04 
3.786912e+10 -9.480750e-03 7.366094e-04 
4.418064e+10 -9.611315e-03 7.446710e-04 
5.049216e+10 -9.901110e-03 7.528247e-04 
5.680368e+10 -1.008100e-02 7.511114e-04 
6.311520e+10 -1.029566e-02 7.410037e-04 
6.942672e+10 -1.091174e-02 7.306117e-04 
7.573824e+10 -1.151766e-02 7.243509e-04 
8.204976e+10 -1.201086e-02 7.143237e-04 
8.836128e+10 -1.249157e-02 7.039470e-04 
9.467280e+10 -1.291153e-02 6.994597e-04 
1.009843e+11 -1.330723e-02 6.815331e-04 
1.072958e+11 -1.367460e-02 6.738038e-04 
1.136074e+11 -1.397524e-02 6.687975e-04 
1.199189e+11 -1.420663e-02 6.547036e-04 
1.262304e+11 -1.446258e-02 6.528283e-04 
1.325419e+11 -1.466682e-02 6.425476e-04 
1.388534e+11 -1.482108e-02 6.334279e-04 
1.451650e+11 -1.496116e-02 6.344906e-04 
1.514765e+11 -1.507875e-02 6.224235e-04 
1.577880e+11 -1.512287e-02 6.549786e-04 
1.640995e+11 -1.518275e-02 6.774447e-04 
1.704110e+11 -1.519730e-02 7.438756e-04 
1.767226e+11 -1.519457e-02 7.856463e-04 
1.830341e+11 -1.515679e-02 8.498898e-04 
1.893456e+11 -1.521129e-02 8.875968e-04 
1.956571e+11 -1.517602e-02 9.260259e-04 
2.019686e+11 -1.515205e-02 9.651103e-04 
2.082802e+11 -1.523949e-02 9.943476e-04 
2.145917e+11 -1.548311e-02 1.041199e-03 
2.209032e+11 -1.555946e-02 1.054440e-03 
2.272147e+11 -1.560059e-02 1.076037e-03 
2.335262e+11 -1.557432e-02 1.114830e-03 
2.398378e+11 -1.558400e-02 1.134234e-03 
2.461493e+11 -1.544086e-02 1.151930e-03 
2.524608e+11 -1.558304e-02 1.177524e-03 
2.587723e+11 -1.550704e-02 1.173951e-03 
2.650838e+11 -1.552481e-02 1.191429e-03 
2.713954e+11 -1.561689e-02 1.204333e-03 
2.777069e+11 -1.552024e-02 1.206803e-03 
2.840184e+11 -1.554107e-02 1.203358e-03 
2.903299e+11 -1.542159e-02 1.199031e-03 
2.966414e+11 -1.532951e-02 1.219901e-03 
3.029530e+11 -1.516805e-02 1.222036e-03 
3.092645e+11 -1.502798e-02 1.220696e-03 
3.155760e+11 -1.483928e-02 1.221008e-03 
3.218875e+11 -1.480613e-02 1.218799e-03 
3.281990e+11 -1.480865e-02 1.224813e-03 
3.345106e+11 -1.486889e-02 1.224918e-03 
3.408221e+11 -1.466926e-02 1.205845e-03 
3.471336e+11 -1.459140e-02 1.191869e-03 
3.534451e+11 -1.453709e-02 1.179228e-03 
3.597566e+11 -1.439473e-02 1.176494e-03 
3.660682e+11 -1.435746e-02 1.167425e-03 
3.723797e+11 -1.425876e-02 1.218880e-03 
3.786912e+11 -1.412462e-02 1.251891e-03 
3.850027e+11 -1.415306e-02 1.301607e-03 
3.913142e+11 -1.417167e-02 1.376461e-03 
3.976258e+11 -1.418015e-02 1.396523e-03 
4.039373e+11 -1.428289e-02 1.440401e-03 
4.102488e+11 -1.424782e-02 1.422682e-03 
4.165603e+11 -1.414695e-02 1.459215e-03 
4.228718e+11 -1.429705e-02 1.489923e-03 
4.291834e+11 -1.419373e-02 1.533431e-03 
4.354949e+11 -1.402865e-02 1.525760e-03 
4.418064e+11 -1.382066e-02 1.557567e-03 
4.481179e+11 -1.383372e-02 1.570970e-03 
4.544294e+11 -1.372065e-02 1.600108e-03 
4.607410e+11 -1.371144e-02 1.578111e-03 
4.670525e+11 -1.370556e-02 1.592766e-03 
4.733640e+11 -1.363045e-02 1.583743e-03 
4.796755e+11 -1.378179e-02 1.599916e-03 
4.859870e+11 -1.369015e-02 1.618287e-03 
4.922986e+11 -1.345357e-02 1.643307e-03 
4.986101e+11 -1.345026e-02 1.655150e-03 
5.049216e+11 -1.339901e-02 1.628942e-03 
5.112331e+11 -1.354222e-02 1.620576e-03 
5.175446e+11 -1.342426e-02 1.637285e-03 
5.238562e+11 -1.343906e-02 1.631992e-03 
5.301677e+11 -1.335548e-02 1.617410e-03 
5.364792e+11 -1.336853e-02 1.634288e-03 
5.427907e+11 -1.338011e-02 1.634477e-03 
5.491022e+11 -1.337312e-02 1.636096e-03 
5.554138e+11 -1.306807e-02 1.632744e-03 
5.617253e+11 -1.318381e-02 1.627425e-03 
5.680368e+11 -1.324974e-02 1.618430e-03 
5.743483e+11 -1.333261e-02 1.607705e-03 
5.806598e+11 -1.329141e-02 1.615755e-03 
5.869714e+11 -1.325550e-02 1.614032e-03 
5.932829e+11 -1.335601e-02 1.574340e-03 
5.995944e+11 -1.319688e-02 1.576611e-03 
6.059059e+11 -1.325482e-02 1.600019e-03 
6.122174e+11 -1.314932e-02 1.612628e-03 
6.185290e+11 -1.309162e-02 1.609448e-03 
6.248405e+11 -1.320030e-02 1.605468e-03 
6.311520e+11 -1.323727e-02 1.596681e-03 
6.374635e+11 -7.966086e-03 3.473786e-02 
6.437750e+11 -7.698879e-03 2.791318e-02 
6.500866e+11 -6.369908e-03 2.308138e-02 
6.563981e+11 -4.974183e-03 2.068107e-02 
6.627096e+11 -4.570140e-03 1.824808e-02 
6.690211e+11 -4.177941e-03 1.567313e-02 
6.753326e+11 -3.489053e-03 1.353991e-02 
6.816442e+11 -3.127082e-03 1.200074e-02 
6.879557e+11 -2.692624e-03 1.055607e-02 
6.942672e+11 -2.625939e-03 9.506697e-03 
7.005787e+11 -2.223419e-03 8.716794e-03 
7.068902e+11 -2.054312e-03 8.232964e-03 
7.132018e+11 -2.165020e-03 7.521927e-03 
7.195133e+11 -2.357416e-03 6.950488e-03 
7.258248e+11 -2.543163e-03 6.509253e-03 
7.321363e+11 -2.369044e-03 5.941642e-03 
7.384478e+11 -2.287774e-03 5.624819e-03 
7.447594e+11 -2.055157e-03 5.109029e-03 
7.510709e+11 -1.996217e-03 4.803604e-03 
7.573824e+11 -2.158136e-03 4.601617e-03 
7.636939e+11 -2.101288e-03 4.453165e-03 
7.700054e+11 -2.046342e-03 4.155195e-03 
7.763170e+11 -2.005183e-03 3.838812e-03 
7.826285e+11 -2.028305e-03 3.594682e-03 
7.889400e+11 -1.990819e-03 3.367442e-03 
7.952515e+11 -1.906621e-03 3.217608e-03 
8.015630e+11 -1.832050e-03 3.174557e-03 
8.078746e+11 -1.800682e-03 2.812137e-03 
8.141861e+11 -1.818756e-03 2.736270e-03 
8.204976e+11 -1.770103e-03 2.614827e-03 
8.268091e+11 -1.766755e-03 2.587260e-03 
8.331206e+11 -1.723763e-03 2.430137e-03 
8.394322e+11 -1.741125e-03 2.302734e-03 
8.457437e+11 -1.629611e-03 2.238491e-03 
8.520552e+11 -1.596311e-03 2.226723e-03 
8.583667e+11 -1.528632e-03 2.034889e-03 
8.646782e+11 -1.594044e-03 1.830497e-03 
8.709898e+11 -1.497802e-03 1.835849e-03 
8.773013e+11 -1.440308e-03 1.878585e-03 
8.836128e+11 -1.411725e-03 1.725360e-03 
8.899243e+11 -1.374735e-03 1.687470e-03 
8.962358e+11 -1.374768e-03 1.629245e-03 
9.025474e+11 -1.269757e-03 1.439506e-03 
9.088589e+11 -1.213531e-03 1.429571e-03 
9.151704e+11 -1.246134e-03 1.517060e-03 
9.214819e+11 -1.138753e-03 1.364592e-03 
9.277934e+11 -1.108195e-03 1.328511e-03 
9.341050e+11 -1.086173e-03 1.211967e-03 
9.404165e+11 -1.005994e-03 1.164040e-03 
9.467280e+11 -9.771444e-04 1.253751e-03 
9.530395e+11 -9.773530e-04 1.062354e-03 
9.593510e+11 -8.880321e-04 1.174312e-03 
9.656626e+11 -8.665380e-04 1.065755e-03 
9.719741e+11 -9.249359e-04 1.031523e-03 
9.782856e+11 -8.383694e-04 1.087087e-03 
9.845971e+11 -8.823616e-04 1.078672e-03 
9.909086e+11 -8.197843e-04 9.400650e-04 
9.972202e+11 -8.388179e-04 8.447892e-04 
1.003532e+12 -8.109853e-04 8.483171e-04 
1.009843e+12 -7.880923e-04 8.732485e-04 
1.016155e+12 -7.589216e-04 8.675951e-04 
1.022466e+12 -7.328923e-04 8.466186e-04 
1.028778e+12 -6.830831e-04 7.997388e-04 
1.035089e+12 -6.669457e-04 7.277154e-04 
1.041401e+12 -6.800196e-04 6.884023e-04 
1.047712e+12 -6.179855e-04 6.485634e-04 
1.054024e+12 -6.033218e-04 6.772172e-04 
1.060335e+12 -5.915821e-04 6.083740e-04 
1.066647e+12 -5.725579e-04 5.772166e-04 
1.072958e+12 -5.329662e-04 6.049272e-04 
1.079270e+12 -5.150340e-04 6.318270e-04 
1.085581e+12 -5.053571e-04 5.438631e-04 
1.091893e+12 -4.864897e-04 5.380575e-04 
1.098204e+12 -4.748338e-04 5.153782e-04 
1.104516e+12 -4.507911e-04 5.096775e-04 
1.110828e+12 -4.505303e-04 4.768980e-04 
1.117139e+12 -4.250127e-04 4.622782e-04 
1.123451e+12 -4.203119e-04 4.614969e-04 
1.129762e+12 -4.217893e-04 4.738766e-04 
1.136074e+12 -4.020968e-04 4.419260e-04 
1.142385e+12 -3.724803e-04 4.357887e-04 
1.148697e+12 -3.568922e-04 4.024698e-04 
1.155008e+12 -3.421911e-04 3.928787e-04 
1.161320e+12 -3.246565e-04 3.818708e-04 
1.167631e+12 -3.248730e-04 3.527262e-04 
1.173943e+12 -3.185973e-04 3.503589e-04 
1.180254e+12 -3.058116e-04 3.900029e-04 
1.186566e+12 -3.052034e-04 3.326659e-04 
1.192877e+12 -2.988721e-04 3.380304e-04 
1.199189e+12 -2.819240e-04 3.265679e-04 
1.205500e+12 -2.701044e-04 3.188058e-04 
1.211812e+12 -2.668880e-04 2.865263e-04 
1.218123e+12 -2.502769e-04 3.009611e-04 
1.224435e+12 -2.488386e-04 2.779705e-04 
1.230746e+12 -2.515102e-04 3.447067e-04 
1.237058e+12 -2.365618e-04 2.810302e-04 
1.243369e+12 -2.097441e-04 2.746326e-04 
1.249681e+12 -2.262781e-04 2.713584e-04 
1.255992e+12 -2.096890e-04 2.548177e-04 
1.262304e+12 -2.095916e-04 2.362241e-04 
1.268616e+12 -2.089377e-04 2.690778e-04 
1.274927e+12 -1.987300e-04 2.288702e-04 
1.281239e+12 -1.887070e-04 2.267670e-04 
1.287550e+12 -1.797567e-04 2.426249e-04 
1.293862e+12 -1.778664e-04 2.013242e-04 
1.300173e+12 -1.742396e-04 2.196143e-04 
1.306485e+12 -1.764271e-04 1.932565e-04 
1.312796e+12 -1.688324e-04 1.906728e-04 
1.319108e+12 -1.586324e-04 1.755970e-04 
1.325419e+12 -1.527296e-04 1.788370e-04 
1.331731e+12 -1.467353e-04 1.601751e-04 
1.338042e+12 -1.432726e-04 1.773218e-04 
1.344354e+12 -1.417676e-04 1.699018e-04 
1.350665e+12 -1.354350e-04 1.557543e-04 
1.356977e+12 -1.316786e-04 1.675115e-04 
1.363288e+12 -1.307731e-04 1.544587e-04 
1.369600e+12 -1.281361e-04 1.657312e-04 
1.375911e+12 -1.235721e-04 1.438405e-04 
1.382223e+12 -1.223708e-04 1.749205e-04 
1.388534e+12 -1.193291e-04 1.451134e-04 
1.394846e+12 -1.186126e-04 1.408482e-04 
1.401157e+12 -1.216749e-04 1.405031e-04 
1.407469e+12 -1.161679e-04 1.364630e-04 
1.413780e+12 -1.131933e-04 1.332720e-04 
1.420092e+12 -1.114617e-04 1.181484e-04 
1.426404e+12 -1.098781e-04 1.094790e-04 
1.432715e+12 -1.070106e-04 1.129852e-04 
1.439027e+12 -1.031506e-04 1.033446e-04 
1.445338e+12 -1.064571e-04 1.035159e-04 
1.451650e+12 -1.023177e-04 1.128212e-04 
1.457961e+12 -1.006112e-04 1.064571e-04 
1.464273e+12 -1.002295e-04 1.121567e-04 
1.470584e+12 -9.784132e-05 1.086277e-04 
1.476896e+12 -9.589099e-05 1.065078e-04 
1.483207e+12 -9.617529e-05 1.036939e-04 
1.489519e+12 -9.566664e-05 1.063229e-04 
1.495830e+12 -9.334967e-05 1.046754e-04 
1.502142e+12 -9.333395e-05 1.025666e-04 
1.508453e+12 -9.234494e-05 1.078940e-04 
1.514765e+12 -9.238460e-05 9.680567e-05 
1.521076e+12 -8.940423e-05 9.616052e-05 
1.527388e+12 -8.719290e-05 9.810898e-05 
1.533699e+12 -8.442167e-05 9.797644e-05 
1.540011e+12 -8.475595e-05 9.715221e-05 
1.546322e+12 -8.216489e-05 9.629643e-05 
1.552634e+12 -8.238354e-05 9.533890e-05 
1.558945e+12 -7.751916e-05 9.310743e-05 
1.565257e+12 -7.919779e-05 8.975476e-05 
1.571568e+12 -7.813586e-05 9.224519e-05 
1.577880e+12 -7.759968e-05 9.179346e-05 
1.584192e+12 -7.465078e-05 9.293306e-05 
1.590503e+12 -7.294056e-05 8.994621e-05 
1.596815e+12 -7.389472e-05 8.550332e-05 
1.603126e+12 -7.246606e-05 8.542901e-05 
1.609438e+12 -7.317832e-05 8.666758e-05 
1.615749e+12 -7.230615e-05 8.541226e-05 
1.622061e+12 -6.965919e-05 8.399179e-05 
1.628372e+12 -6.772346e-05 7.778367e-05 
1.634684e+12 -6.862825e-05 7.943423e-05 
1.640995e+12 -6.804859e-05 7.631785e-05 
1.647307e+12 -6.715302e-05 7.119745e-05 
1.653618e+12 -6.427857e-05 7.458887e-05 
1.659930e+12 -6.278530e-05 7.531219e-05 
1.666241e+12 -6.064458e-05 7.546421e-05 
1.672553e+12 -6.159450e-05 6.948744e-05 
1.678864e+12 -5.985752e-05 6.979387e-05 
1.685176e+12 -6.055141e-05 7.099939e-05 
1.691487e+12 -5.933250e-05 6.687275e-05 
