6.311520e+09 -5.089688e+09 5.089688e+09 
1.262304e+10 -4.838279e+09 4.818229e+09 
1.893456e+10 -4.629517e+09 4.574445e+09 
2.524608e+10 -4.451469e+09 4.389186e+09 
3.155760e+10 -4.312375e+09 4.230189e+09 
3.786912e+10 -4.184669e+09 4.102715e+09 
4.418064e+10 -4.076225e+09 3.986745e+09 
5.049216e+10 -3.972407e+09 3.886556e+09 
5.680368e+10 -3.882922e+09 3.794295e+09 
6.311520e+10 -3.799509e+09 3.715912e+09 
6.942672e+10 -3.725280e+09 3.644972e+09 
7.573824e+10 -3.654522e+09 3.584585e+09 
8.204976e+10 -3.589529e+09 3.521311e+09 
8.836128e+10 -3.521430e+09 3.471221e+09 
9.467280e+10 -3.461804e+09 3.427549e+09 
1.009843e+11 -3.412034e+09 3.375161e+09 
1.072958e+11 -3.362266e+09 3.325472e+09 
1.136074e+11 -3.320713e+09 3.278727e+09 
1.199189e+11 -3.279189e+09 3.237595e+09 
1.262304e+11 -3.242632e+09 3.198346e+09 
1.325419e+11 -3.203299e+09 3.156189e+09 
1.388534e+11 -3.166033e+09 3.120606e+09 
1.451650e+11 -3.132011e+09 3.081861e+09 
1.514765e+11 -3.095701e+09 3.054919e+09 
1.577880e+11 -3.064378e+09 3.027568e+09 
1.640995e+11 -3.033088e+09 3.004516e+09 
1.704110e+11 -3.008811e+09 2.972938e+09 
1.767226e+11 -2.986762e+09 2.943341e+09 
1.830341e+11 -2.961411e+09 2.912714e+09 
1.893456e+11 -2.938524e+09 2.881373e+09 
1.956571e+11 -2.914424e+09 2.856919e+09 
2.019686e+11 -2.891642e+09 2.830231e+09 
2.082802e+11 -2.867428e+09 2.800884e+09 
2.145917e+11 -2.844513e+09 2.776173e+09 
2.209032e+11 -2.886993e+09 2.754682e+09 
2.272147e+11 -2.924783e+09 2.733649e+09 
2.335262e+11 -2.970206e+09 2.714134e+09 
2.398378e+11 -3.034127e+09 2.690878e+09 
2.461493e+11 -3.104579e+09 2.676047e+09 
2.524608e+11 -3.141935e+09 2.718803e+09 
2.587723e+11 -3.211527e+09 2.758371e+09 
2.650838e+11 -3.285624e+09 2.796579e+09 
2.713954e+11 -3.355565e+09 2.839317e+09 
2.777069e+11 -3.400588e+09 2.872581e+09 
2.840184e+11 -3.446513e+09 2.910766e+09 
2.903299e+11 -3.475134e+09 2.947911e+09 
2.966414e+11 -3.517336e+09 2.984743e+09 
3.029530e+11 -3.550730e+09 3.018619e+09 
3.092645e+11 -3.610363e+09 3.052534e+09 
3.155760e+11 -3.637266e+09 3.086399e+09 
3.218875e+11 -3.674459e+09 3.119421e+09 
3.281990e+11 -3.713277e+09 3.149097e+09 
3.345106e+11 -3.753818e+09 3.181175e+09 
3.408221e+11 -3.797885e+09 3.210873e+09 
3.471336e+11 -3.843724e+09 3.235128e+09 
3.534451e+11 -3.889629e+09 3.256428e+09 
3.597566e+11 -3.918439e+09 3.320048e+09 
3.660682e+11 -3.982166e+09 3.316834e+09 
3.723797e+11 -4.023367e+09 3.376444e+09 
3.786912e+11 -4.076042e+09 3.377436e+09 
3.850027e+11 -4.107659e+09 3.406911e+09 
3.913142e+11 -4.164626e+09 3.441648e+09 
3.976258e+11 -4.207751e+09 3.433141e+09 
4.039373e+11 -4.242892e+09 3.459573e+09 
4.102488e+11 -4.288353e+09 3.480483e+09 
4.165603e+11 -4.327348e+09 3.501820e+09 
4.228718e+11 -4.389600e+09 3.496377e+09 
4.291834e+11 -4.424118e+09 3.523198e+09 
4.354949e+11 -4.475968e+09 3.542139e+09 
4.418064e+11 -4.543181e+09 3.540736e+09 
4.481179e+11 -4.590682e+09 3.570763e+09 
4.544294e+11 -4.639985e+09 3.583879e+09 
4.607410e+11 -4.708158e+09 3.584079e+09 
4.670525e+11 -4.763414e+09 3.598258e+09 
4.733640e+11 -4.764679e+09 3.608304e+09 
4.796755e+11 -4.785532e+09 3.635358e+09 
4.859870e+11 -4.853723e+09 3.650715e+09 
4.922986e+11 -4.867784e+09 3.702259e+09 
4.986101e+11 -4.893691e+09 3.727000e+09 
5.049216e+11 -4.905509e+09 3.714501e+09 
5.112331e+11 -4.924054e+09 3.731689e+09 
5.175446e+11 -4.936333e+09 3.747198e+09 
5.238562e+11 -4.949072e+09 3.735671e+09 
5.301677e+11 -4.968182e+09 3.739787e+09 
5.364792e+11 -4.996834e+09 3.740870e+09 
5.427907e+11 -5.011739e+09 3.769376e+09 
5.491022e+11 -5.022559e+09 3.768479e+09 
5.554138e+11 -5.028567e+09 3.784749e+09 
5.617253e+11 -5.090624e+09 3.788753e+09 
5.680368e+11 -5.129472e+09 3.791770e+09 
5.743483e+11 -5.132316e+09 3.821568e+09 
5.806598e+11 -5.140469e+09 3.831600e+09 
5.869714e+11 -5.147069e+09 3.821749e+09 
5.932829e+11 -5.197918e+09 3.827833e+09 
5.995944e+11 -5.261048e+09 3.841186e+09 
6.059059e+11 -5.273419e+09 3.858329e+09 
6.122174e+11 -5.257500e+09 3.867395e+09 
6.185290e+11 -5.268221e+09 3.875145e+09 
6.248405e+11 -5.301008e+09 3.887919e+09 
6.311520e+11 -5.357401e+09 3.895135e+09 
6.374635e+11 -5.335319e+09 3.854994e+09 
6.437750e+11 -5.307739e+09 3.862909e+09 
6.500866e+11 -5.213535e+09 3.967151e+09 
6.563981e+11 -5.118650e+09 4.018734e+09 
6.627096e+11 -5.069545e+09 4.033085e+09 
6.690211e+11 -4.984565e+09 4.047869e+09 
6.753326e+11 -4.874845e+09 4.024101e+09 
6.816442e+11 -4.770613e+09 3.993761e+09 
6.879557e+11 -4.699673e+09 3.970764e+09 
6.942672e+11 -4.626660e+09 3.975597e+09 
7.005787e+11 -4.524921e+09 3.972900e+09 
7.068902e+11 -4.427172e+09 3.985857e+09 
7.132018e+11 -4.331975e+09 4.007540e+09 
7.195133e+11 -4.248284e+09 4.025389e+09 
7.258248e+11 -4.162324e+09 4.015451e+09 
7.321363e+11 -4.059020e+09 4.026212e+09 
7.384478e+11 -3.973001e+09 4.039063e+09 
7.447594e+11 -3.885221e+09 3.997270e+09 
7.510709e+11 -3.812539e+09 3.997422e+09 
7.573824e+11 -3.724217e+09 3.928269e+09 
7.636939e+11 -3.630585e+09 3.928816e+09 
7.700054e+11 -3.603054e+09 3.894125e+09 
7.763170e+11 -3.537771e+09 3.890797e+09 
7.826285e+11 -3.500108e+09 3.899626e+09 
7.889400e+11 -3.513862e+09 3.903124e+09 
7.952515e+11 -3.347818e+09 3.901097e+09 
8.015630e+11 -3.310685e+09 3.901872e+09 
8.078746e+11 -3.259617e+09 3.894176e+09 
8.141861e+11 -3.258111e+09 3.797422e+09 
8.204976e+11 -3.202641e+09 3.788199e+09 
8.268091e+11 -3.094335e+09 3.745200e+09 
8.331206e+11 -2.983782e+09 3.722047e+09 
8.394322e+11 -2.930056e+09 3.737571e+09 
8.457437e+11 -2.889975e+09 3.787661e+09 
8.520552e+11 -2.872027e+09 3.845541e+09 
8.583667e+11 -2.771640e+09 3.919030e+09 
8.646782e+11 -2.728537e+09 3.906802e+09 
8.709898e+11 -2.671062e+09 3.923697e+09 
8.773013e+11 -2.619394e+09 3.889338e+09 
8.836128e+11 -2.564246e+09 3.883039e+09 
8.899243e+11 -2.536271e+09 3.865675e+09 
8.962358e+11 -2.480141e+09 3.854832e+09 
9.025474e+11 -2.419932e+09 3.804522e+09 
9.088589e+11 -2.390407e+09 3.857928e+09 
9.151704e+11 -2.375289e+09 3.834690e+09 
9.214819e+11 -2.362696e+09 3.843140e+09 
9.277934e+11 -2.334155e+09 3.820880e+09 
9.341050e+11 -2.309312e+09 3.813054e+09 
9.404165e+11 -2.303979e+09 3.785546e+09 
9.467280e+11 -2.277569e+09 3.754939e+09 
9.530395e+11 -2.270732e+09 3.702059e+09 
9.593510e+11 -2.256926e+09 3.649570e+09 
9.656626e+11 -2.240871e+09 3.589758e+09 
9.719741e+11 -2.233658e+09 3.528625e+09 
9.782856e+11 -2.230708e+09 3.472694e+09 
9.845971e+11 -2.221500e+09 3.414218e+09 
9.909086e+11 -2.203124e+09 3.360710e+09 
9.972202e+11 -2.203208e+09 3.290186e+09 
1.003532e+12 -2.192035e+09 3.226530e+09 
1.009843e+12 -2.171647e+09 3.180882e+09 
1.016155e+12 -2.177444e+09 3.141124e+09 
1.022466e+12 -2.163649e+09 3.110557e+09 
1.028778e+12 -2.193984e+09 3.076473e+09 
1.035089e+12 -2.224101e+09 3.089364e+09 
1.041401e+12 -2.267232e+09 3.088156e+09 
1.047712e+12 -2.305660e+09 3.075752e+09 
1.054024e+12 -2.321046e+09 3.054949e+09 
1.060335e+12 -2.313677e+09 3.027698e+09 
1.066647e+12 -2.324403e+09 3.002818e+09 
1.072958e+12 -2.359539e+09 2.962738e+09 
1.079270e+12 -2.362350e+09 2.931475e+09 
1.085581e+12 -2.362038e+09 2.893532e+09 
1.091893e+12 -2.370672e+09 2.853703e+09 
1.098204e+12 -2.336247e+09 2.815081e+09 
1.104516e+12 -2.338781e+09 2.766256e+09 
1.110828e+12 -2.345646e+09 2.776033e+09 
1.117139e+12 -2.279930e+09 2.768995e+09 
1.123451e+12 -2.256195e+09 2.749186e+09 
1.129762e+12 -2.239906e+09 2.742707e+09 
1.136074e+12 -2.227257e+09 2.762449e+09 
1.142385e+12 -2.238495e+09 2.789184e+09 
1.148697e+12 -2.252930e+09 2.803700e+09 
1.155008e+12 -2.276048e+09 2.799643e+09 
1.161320e+12 -2.306266e+09 2.824294e+09 
1.167631e+12 -2.316044e+09 2.845918e+09 
1.173943e+12 -2.327928e+09 2.895052e+09 
1.180254e+12 -2.338273e+09 2.881599e+09 
1.186566e+12 -2.294924e+09 2.921067e+09 
1.192877e+12 -2.293853e+09 2.891406e+09 
1.199189e+12 -2.273007e+09 2.867551e+09 
1.205500e+12 -2.259943e+09 2.898894e+09 
1.211812e+12 -2.243772e+09 2.890029e+09 
1.218123e+12 -2.225236e+09 2.896980e+09 
1.224435e+12 -2.227309e+09 2.832304e+09 
1.230746e+12 -2.180846e+09 2.804917e+09 
1.237058e+12 -2.179896e+09 2.810444e+09 
1.243369e+12 -2.170570e+09 2.796890e+09 
1.249681e+12 -2.132102e+09 2.775354e+09 
1.255992e+12 -2.131842e+09 2.763513e+09 
1.262304e+12 -2.133354e+09 2.709109e+09 
1.268616e+12 -2.135785e+09 2.699778e+09 
1.274927e+12 -2.093326e+09 2.725792e+09 
1.281239e+12 -2.091366e+09 2.733044e+09 
1.287550e+12 -2.089946e+09 2.756304e+09 
1.293862e+12 -2.081094e+09 2.773085e+09 
1.300173e+12 -2.066876e+09 2.771681e+09 
1.306485e+12 -2.066424e+09 2.789018e+09 
1.312796e+12 -2.071302e+09 2.807255e+09 
1.319108e+12 -2.080351e+09 2.818835e+09 
1.325419e+12 -2.071464e+09 2.817661e+09 
1.331731e+12 -2.063688e+09 2.828634e+09 
1.338042e+12 -2.072595e+09 2.836853e+09 
1.344354e+12 -2.097024e+09 2.833802e+09 
1.350665e+12 -2.134681e+09 2.834500e+09 
1.356977e+12 -2.145514e+09 2.831786e+09 
1.363288e+12 -2.159805e+09 2.825914e+09 
1.369600e+12 -2.181044e+09 2.814142e+09 
1.375911e+12 -2.229131e+09 2.817546e+09 
1.382223e+12 -2.256107e+09 2.806852e+09 
1.388534e+12 -2.269807e+09 2.793771e+09 
1.394846e+12 -2.278011e+09 2.790369e+09 
1.401157e+12 -2.292506e+09 2.790163e+09 
1.407469e+12 -2.311593e+09 2.791405e+09 
1.413780e+12 -2.325302e+09 2.789187e+09 
1.420092e+12 -2.342397e+09 2.779307e+09 
1.426404e+12 -2.339388e+09 2.775877e+09 
1.432715e+12 -2.355663e+09 2.760082e+09 
1.439027e+12 -2.386414e+09 2.758773e+09 
1.445338e+12 -2.374092e+09 2.747765e+09 
1.451650e+12 -2.380402e+09 2.744669e+09 
1.457961e+12 -2.381779e+09 2.731898e+09 
1.464273e+12 -2.386583e+09 2.734847e+09 
1.470584e+12 -2.379237e+09 2.745181e+09 
1.476896e+12 -2.382716e+09 2.733878e+09 
1.483207e+12 -2.376414e+09 2.728917e+09 
1.489519e+12 -2.382143e+09 2.728134e+09 
1.495830e+12 -2.379766e+09 2.717162e+09 
1.502142e+12 -2.374025e+09 2.711684e+09 
1.508453e+12 -2.376544e+09 2.713242e+09 
1.514765e+12 -2.391943e+09 2.707837e+09 
1.521076e+12 -2.402898e+09 2.708623e+09 
1.527388e+12 -2.419261e+09 2.713416e+09 
1.533699e+12 -2.424510e+09 2.710576e+09 
1.540011e+12 -2.428735e+09 2.688818e+09 
1.546322e+12 -2.458963e+09 2.676854e+09 
1.552634e+12 -2.461386e+09 2.670466e+09 
1.558945e+12 -2.446605e+09 2.669595e+09 
1.565257e+12 -2.475167e+09 2.664933e+09 
1.571568e+12 -2.482209e+09 2.654592e+09 
1.577880e+12 -2.426515e+09 2.647403e+09 
1.584192e+12 -2.420066e+09 2.654933e+09 
1.590503e+12 -2.428530e+09 2.647403e+09 
1.596815e+12 -2.429419e+09 2.632669e+09 
1.603126e+12 -2.423515e+09 2.629768e+09 
1.609438e+12 -2.423462e+09 2.633461e+09 
1.615749e+12 -2.419187e+09 2.629948e+09 
1.622061e+12 -2.417630e+09 2.621743e+09 
1.628372e+12 -2.393270e+09 2.615725e+09 
1.634684e+12 -2.374657e+09 2.626422e+09 
1.640995e+12 -2.398089e+09 2.622030e+09 
1.647307e+12 -2.402046e+09 2.593015e+09 
1.653618e+12 -2.410183e+09 2.578260e+09 
1.659930e+12 -2.420721e+09 2.575731e+09 
1.666241e+12 -2.446389e+09 2.586555e+09 
1.672553e+12 -2.489511e+09 2.574665e+09 
1.678864e+12 -2.510135e+09 2.566586e+09 
1.685176e+12 -2.521176e+09 2.559088e+09 
1.691487e+12 -2.474755e+09 2.546638e+09 
