6.311520e+09 -1.558553e-02 1.403595e-02 
1.262304e+10 -1.115205e-02 1.117334e-02 
1.893456e+10 -8.250936e-03 9.348498e-03 
2.524608e+10 -7.660766e-03 7.860962e-03 
3.155760e+10 -6.942128e-03 7.453363e-03 
3.786912e+10 -6.318079e-03 7.119949e-03 
4.418064e+10 -5.963168e-03 6.595595e-03 
5.049216e+10 -5.461551e-03 6.286550e-03 
5.680368e+10 -5.209451e-03 5.965922e-03 
6.311520e+10 -4.980086e-03 5.894420e-03 
6.942672e+10 -4.848858e-03 5.578390e-03 
7.573824e+10 -4.766081e-03 5.349746e-03 
8.204976e+10 -4.625600e-03 5.226412e-03 
8.836128e+10 -4.517731e-03 5.016970e-03 
9.467280e+10 -4.346811e-03 5.105017e-03 
1.009843e+11 -4.151020e-03 4.939672e-03 
1.072958e+11 -4.026329e-03 4.921306e-03 
1.136074e+11 -3.902883e-03 4.868728e-03 
1.199189e+11 -3.780207e-03 4.803164e-03 
1.262304e+11 -3.688893e-03 4.718071e-03 
1.325419e+11 -3.565440e-03 4.663875e-03 
1.388534e+11 -3.486428e-03 4.634096e-03 
1.451650e+11 -3.379135e-03 4.464998e-03 
1.514765e+11 -3.309020e-03 4.481958e-03 
1.577880e+11 -3.196724e-03 4.375050e-03 
1.640995e+11 -3.112864e-03 4.284795e-03 
1.704110e+11 -3.037581e-03 4.221634e-03 
1.767226e+11 -2.993164e-03 4.172230e-03 
1.830341e+11 -2.907436e-03 4.037647e-03 
1.893456e+11 -2.838579e-03 4.004704e-03 
1.956571e+11 -2.761761e-03 4.032176e-03 
2.019686e+11 -2.678653e-03 4.103905e-03 
2.082802e+11 -2.634959e-03 4.081650e-03 
2.145917e+11 -2.527683e-03 4.135713e-03 
2.209032e+11 -2.462804e-03 4.095551e-03 
2.272147e+11 -2.411824e-03 4.221937e-03 
2.335262e+11 -2.358100e-03 4.231215e-03 
2.398378e+11 -2.305512e-03 4.473748e-03 
2.461493e+11 -2.257576e-03 4.444933e-03 
2.524608e+11 -2.195509e-03 4.384917e-03 
2.587723e+11 -2.146788e-03 4.471820e-03 
2.650838e+11 -2.109195e-03 4.510824e-03 
2.713954e+11 -2.054842e-03 4.535005e-03 
2.777069e+11 -2.010494e-03 4.565400e-03 
2.840184e+11 -2.025893e-03 4.580379e-03 
2.903299e+11 -2.010145e-03 4.626908e-03 
2.966414e+11 -1.964257e-03 4.634234e-03 
3.029530e+11 -1.988916e-03 4.624363e-03 
3.092645e+11 -1.967295e-03 4.572251e-03 
3.155760e+11 -2.153519e-03 4.595420e-03 
3.218875e+11 -1.920913e-03 4.621120e-03 
3.281990e+11 -2.254062e-03 4.621112e-03 
3.345106e+11 -2.207386e-03 4.559569e-03 
3.408221e+11 -2.164362e-03 4.540691e-03 
3.471336e+11 -2.239808e-03 4.572446e-03 
3.534451e+11 -2.355488e-03 4.508536e-03 
3.597566e+11 -2.274490e-03 4.598773e-03 
3.660682e+11 -2.048223e-03 4.666631e-03 
3.723797e+11 -2.107649e-03 4.758973e-03 
3.786912e+11 -2.096509e-03 4.590930e-03 
3.850027e+11 -2.004866e-03 4.596754e-03 
3.913142e+11 -2.047631e-03 4.690494e-03 
3.976258e+11 -2.042085e-03 4.666450e-03 
4.039373e+11 -1.833307e-03 4.671599e-03 
4.102488e+11 -1.806804e-03 4.566880e-03 
4.165603e+11 -1.736202e-03 4.572820e-03 
4.228718e+11 -1.713773e-03 4.412323e-03 
4.291834e+11 -1.740456e-03 4.488552e-03 
4.354949e+11 -1.846079e-03 4.462357e-03 
4.418064e+11 -1.763320e-03 4.496553e-03 
4.481179e+11 -1.741667e-03 4.500195e-03 
4.544294e+11 -1.808033e-03 4.499948e-03 
4.607410e+11 -2.085891e-03 4.466400e-03 
4.670525e+11 -1.816842e-03 4.435935e-03 
4.733640e+11 -1.913994e-03 4.456449e-03 
4.796755e+11 -1.771082e-03 4.374965e-03 
4.859870e+11 -2.444772e-03 4.432080e-03 
4.922986e+11 -2.938042e-03 4.492037e-03 
4.986101e+11 -2.622047e-03 4.543109e-03 
5.049216e+11 -2.337364e-03 4.452064e-03 
5.112331e+11 -2.527036e-03 4.493584e-03 
5.175446e+11 -2.578794e-03 4.335934e-03 
5.238562e+11 -2.791524e-03 4.354938e-03 
5.301677e+11 -2.414589e-03 4.409688e-03 
5.364792e+11 -2.465663e-03 4.327635e-03 
5.427907e+11 -2.398659e-03 4.250651e-03 
5.491022e+11 -2.413506e-03 4.242679e-03 
5.554138e+11 -2.246236e-03 4.252183e-03 
5.617253e+11 -2.290061e-03 4.155375e-03 
5.680368e+11 -1.994882e-03 4.104215e-03 
5.743483e+11 -2.055543e-03 4.074992e-03 
5.806598e+11 -2.045062e-03 4.011175e-03 
5.869714e+11 -2.015409e-03 3.954288e-03 
5.932829e+11 -1.875053e-03 4.007137e-03 
5.995944e+11 -1.717917e-03 3.924486e-03 
6.059059e+11 -1.942712e-03 3.995314e-03 
6.122174e+11 -1.889847e-03 3.966138e-03 
6.185290e+11 -1.780615e-03 4.065238e-03 
6.248405e+11 -1.796272e-03 3.988829e-03 
6.311520e+11 -1.912996e-03 3.903653e-03 
6.374635e+11 -6.680692e-03 5.948212e-03 
6.437750e+11 -6.005725e-03 6.360313e-03 
6.500866e+11 -5.410510e-03 6.532799e-03 
6.563981e+11 -4.709185e-03 6.527585e-03 
6.627096e+11 -4.213428e-03 6.438542e-03 
6.690211e+11 -3.597902e-03 6.188051e-03 
6.753326e+11 -3.366218e-03 6.176915e-03 
6.816442e+11 -3.366515e-03 5.952981e-03 
6.879557e+11 -3.303682e-03 5.937164e-03 
6.942672e+11 -3.193531e-03 5.804531e-03 
7.005787e+11 -3.074277e-03 5.882588e-03 
7.068902e+11 -3.468807e-03 5.798287e-03 
7.132018e+11 -3.450074e-03 5.682642e-03 
7.195133e+11 -3.658456e-03 5.460655e-03 
7.258248e+11 -3.778833e-03 5.568883e-03 
7.321363e+11 -3.644666e-03 5.485033e-03 
7.384478e+11 -3.962040e-03 5.117067e-03 
7.447594e+11 -3.865010e-03 5.025144e-03 
7.510709e+11 -3.469102e-03 4.678913e-03 
7.573824e+11 -3.711241e-03 4.205737e-03 
7.636939e+11 -3.601519e-03 4.437460e-03 
7.700054e+11 -3.437690e-03 3.864718e-03 
7.763170e+11 -3.349807e-03 3.844248e-03 
7.826285e+11 -3.374130e-03 3.627907e-03 
7.889400e+11 -2.835421e-03 3.546623e-03 
7.952515e+11 -2.803721e-03 3.382342e-03 
8.015630e+11 -2.645243e-03 3.112953e-03 
8.078746e+11 -2.589231e-03 3.390093e-03 
8.141861e+11 -2.562624e-03 3.172320e-03 
8.204976e+11 -2.677420e-03 2.968645e-03 
8.268091e+11 -2.676074e-03 2.908570e-03 
8.331206e+11 -2.575120e-03 2.807352e-03 
8.394322e+11 -2.460428e-03 2.933237e-03 
8.457437e+11 -2.486049e-03 2.988216e-03 
8.520552e+11 -2.436475e-03 2.961988e-03 
8.583667e+11 -2.279273e-03 2.978665e-03 
8.646782e+11 -2.321234e-03 2.929052e-03 
8.709898e+11 -2.194933e-03 2.616865e-03 
8.773013e+11 -2.166578e-03 2.654371e-03 
8.836128e+11 -2.026770e-03 2.443619e-03 
8.899243e+11 -1.990868e-03 2.149564e-03 
8.962358e+11 -2.014740e-03 2.092502e-03 
9.025474e+11 -1.857952e-03 2.031955e-03 
9.088589e+11 -1.749662e-03 1.844070e-03 
9.151704e+11 -1.746872e-03 1.859212e-03 
9.214819e+11 -1.651989e-03 1.767194e-03 
9.277934e+11 -1.599302e-03 1.987163e-03 
9.341050e+11 -1.559698e-03 1.914277e-03 
9.404165e+11 -1.526507e-03 2.053888e-03 
9.467280e+11 -1.449776e-03 1.873186e-03 
9.530395e+11 -1.549891e-03 1.737343e-03 
9.593510e+11 -1.374177e-03 1.582852e-03 
9.656626e+11 -1.279442e-03 1.539015e-03 
9.719741e+11 -1.229039e-03 1.478285e-03 
9.782856e+11 -1.228144e-03 1.310520e-03 
9.845971e+11 -1.123614e-03 1.279607e-03 
9.909086e+11 -1.131974e-03 1.218344e-03 
9.972202e+11 -1.105307e-03 1.246840e-03 
1.003532e+12 -1.015421e-03 1.158303e-03 
1.009843e+12 -1.015619e-03 1.095709e-03 
1.016155e+12 -1.072171e-03 1.139524e-03 
1.022466e+12 -1.100002e-03 1.199438e-03 
1.028778e+12 -1.050112e-03 1.140441e-03 
1.035089e+12 -9.653289e-04 1.041561e-03 
1.041401e+12 -9.987354e-04 9.931640e-04 
1.047712e+12 -9.515848e-04 9.332141e-04 
1.054024e+12 -9.126809e-04 1.017773e-03 
1.060335e+12 -9.197395e-04 9.679432e-04 
1.066647e+12 -8.919263e-04 9.337053e-04 
1.072958e+12 -8.993241e-04 8.997332e-04 
1.079270e+12 -8.507979e-04 9.793834e-04 
1.085581e+12 -8.724791e-04 8.638118e-04 
1.091893e+12 -8.862260e-04 8.653429e-04 
1.098204e+12 -9.150464e-04 7.995166e-04 
1.104516e+12 -8.228106e-04 8.125981e-04 
1.110828e+12 -9.137605e-04 8.105232e-04 
1.117139e+12 -8.954280e-04 8.101557e-04 
1.123451e+12 -9.306992e-04 7.669391e-04 
1.129762e+12 -9.290253e-04 8.096351e-04 
1.136074e+12 -8.654668e-04 7.852553e-04 
1.142385e+12 -9.106550e-04 7.580550e-04 
1.148697e+12 -8.779433e-04 6.892936e-04 
1.155008e+12 -8.482484e-04 7.170323e-04 
1.161320e+12 -8.256837e-04 6.750976e-04 
1.167631e+12 -8.154112e-04 7.408458e-04 
1.173943e+12 -7.951059e-04 6.465394e-04 
1.180254e+12 -7.846201e-04 7.454031e-04 
1.186566e+12 -8.092354e-04 6.834255e-04 
1.192877e+12 -7.757556e-04 6.280600e-04 
1.199189e+12 -7.240339e-04 6.543540e-04 
1.205500e+12 -6.818576e-04 6.254872e-04 
1.211812e+12 -6.522665e-04 6.043717e-04 
1.218123e+12 -6.651454e-04 6.097534e-04 
1.224435e+12 -6.484080e-04 6.536737e-04 
1.230746e+12 -6.284075e-04 7.093682e-04 
1.237058e+12 -5.811887e-04 6.270014e-04 
1.243369e+12 -5.669132e-04 6.155483e-04 
1.249681e+12 -5.390099e-04 5.659797e-04 
1.255992e+12 -5.312994e-04 5.723072e-04 
1.262304e+12 -4.925138e-04 5.197640e-04 
1.268616e+12 -4.820981e-04 6.000235e-04 
1.274927e+12 -4.900421e-04 4.979695e-04 
1.281239e+12 -5.162115e-04 4.930390e-04 
1.287550e+12 -4.639968e-04 5.270344e-04 
1.293862e+12 -4.649946e-04 4.597565e-04 
1.300173e+12 -4.823605e-04 5.567661e-04 
1.306485e+12 -4.695489e-04 4.961737e-04 
1.312796e+12 -4.272413e-04 5.250064e-04 
1.319108e+12 -4.480065e-04 4.429930e-04 
1.325419e+12 -4.446530e-04 5.194786e-04 
1.331731e+12 -4.118079e-04 4.555213e-04 
1.338042e+12 -4.555114e-04 4.458709e-04 
1.344354e+12 -4.245147e-04 5.478095e-04 
1.350665e+12 -4.031291e-04 3.619703e-04 
1.356977e+12 -3.706548e-04 3.832861e-04 
1.363288e+12 -3.741480e-04 4.131826e-04 
1.369600e+12 -3.756194e-04 4.776610e-04 
1.375911e+12 -3.445770e-04 3.472431e-04 
1.382223e+12 -3.543949e-04 4.533130e-04 
1.388534e+12 -3.554437e-04 3.977315e-04 
1.394846e+12 -3.311877e-04 3.951819e-04 
1.401157e+12 -2.946884e-04 4.090545e-04 
1.407469e+12 -3.006067e-04 3.454623e-04 
1.413780e+12 -2.879369e-04 3.305010e-04 
1.420092e+12 -2.820924e-04 3.093178e-04 
1.426404e+12 -2.923109e-04 3.906231e-04 
1.432715e+12 -2.728628e-04 3.510833e-04 
1.439027e+12 -2.918355e-04 3.181630e-04 
1.445338e+12 -2.624147e-04 3.059273e-04 
1.451650e+12 -2.734094e-04 2.627827e-04 
1.457961e+12 -2.626445e-04 2.966423e-04 
1.464273e+12 -2.609645e-04 3.269449e-04 
1.470584e+12 -2.539306e-04 2.904970e-04 
1.476896e+12 -2.553349e-04 2.540018e-04 
1.483207e+12 -2.321937e-04 2.987292e-04 
1.489519e+12 -2.293909e-04 2.707600e-04 
1.495830e+12 -2.283362e-04 2.763715e-04 
1.502142e+12 -2.370805e-04 2.753612e-04 
1.508453e+12 -2.082471e-04 3.232185e-04 
1.514765e+12 -2.047418e-04 1.987292e-04 
1.521076e+12 -2.143211e-04 2.280469e-04 
1.527388e+12 -1.966125e-04 2.472525e-04 
1.533699e+12 -1.939341e-04 2.331287e-04 
1.540011e+12 -1.984347e-04 2.158657e-04 
1.546322e+12 -1.927610e-04 2.315221e-04 
1.552634e+12 -1.925192e-04 1.913288e-04 
1.558945e+12 -1.796531e-04 2.178557e-04 
1.565257e+12 -1.803992e-04 2.180935e-04 
1.571568e+12 -1.754304e-04 1.748150e-04 
1.577880e+12 -1.741608e-04 1.769351e-04 
1.584192e+12 -1.701695e-04 1.873638e-04 
1.590503e+12 -1.695396e-04 1.947687e-04 
1.596815e+12 -1.540537e-04 1.658492e-04 
1.603126e+12 -1.519210e-04 2.124440e-04 
1.609438e+12 -1.587117e-04 1.619791e-04 
1.615749e+12 -1.504586e-04 1.769124e-04 
1.622061e+12 -1.447387e-04 1.726579e-04 
1.628372e+12 -1.466705e-04 1.969215e-04 
1.634684e+12 -1.331661e-04 1.496971e-04 
1.640995e+12 -1.355268e-04 1.453666e-04 
1.647307e+12 -1.306358e-04 1.826575e-04 
1.653618e+12 -1.359024e-04 1.459008e-04 
1.659930e+12 -1.273533e-04 1.562160e-04 
1.666241e+12 -1.266126e-04 1.351710e-04 
1.672553e+12 -1.177626e-04 1.373267e-04 
1.678864e+12 -1.203531e-04 1.505928e-04 
1.685176e+12 -1.289780e-04 1.481512e-04 
1.691487e+12 -1.124045e-04 1.312477e-04 
