  0 1.000000e+00 6.501696e+12 3.973436e+11 1.353563e+12
  1 8.282656e-02 2.975082e+11 3.891936e+11 2.523203e+11
  2 6.416384e-02 2.987729e+11 2.940199e+11 8.070884e+10
  3 4.762336e-02 1.892734e+11 2.512052e+11 3.817331e+10
  4 4.276662e-02 1.773710e+11 2.211014e+11 2.466345e+10
  5 4.157297e-02 1.887075e+11 2.013748e+11 1.833870e+10
  6 4.065603e-02 1.969220e+11 1.848370e+11 1.477638e+10
  7 3.907443e-02 1.982583e+11 1.676785e+11 1.254433e+10
  8 3.557910e-02 1.821638e+11 1.507473e+11 1.103422e+10
  9 3.229451e-02 1.646913e+11 1.376237e+11 9.949684e+09
