  0 1.000000e+00 6.486722e+12 3.971989e+11 1.353563e+12
  1 8.299184e-02 2.975042e+11 3.890328e+11 2.523207e+11
  2 6.428320e-02 2.986787e+11 2.938938e+11 8.073851e+10
  3 4.771732e-02 1.892369e+11 2.511351e+11 3.820483e+10
  4 4.285858e-02 1.773776e+11 2.210725e+11 2.469446e+10
  5 4.167117e-02 1.887395e+11 2.014012e+11 1.837114e+10
  6 4.075602e-02 1.969650e+11 1.848886e+11 1.481170e+10
  7 3.917868e-02 1.983321e+11 1.677743e+11 1.258293e+10
  8 3.567881e-02 1.822721e+11 1.508346e+11 1.107596e+10
  9 3.239108e-02 1.648312e+11 1.377156e+11 9.994270e+09
