  0 1.000000e+00 8.397365e+12 2.700221e+11 1.059146e+12
  1 5.154384e-02 2.507582e+11 3.186333e+11 1.615894e+11
  2 4.574699e-02 3.145802e+11 2.203038e+11 5.079570e+10
  3 2.908723e-02 1.675239e+11 1.789771e+11 2.397426e+10
  4 2.302442e-02 1.214964e+11 1.516859e+11 1.566608e+10
  5 2.149012e-02 1.217498e+11 1.347551e+11 1.165064e+10
  6 2.064618e-02 1.250209e+11 1.218614e+11 9.339742e+09
  7 1.965254e-02 1.250276e+11 1.095555e+11 7.866270e+09
  8 1.802077e-02 1.162036e+11 9.867722e+10 6.881770e+09
  9 1.637814e-02 1.052233e+11 9.014162e+10 6.196016e+09
