  0 1.000000e+00 1.186862e+13 3.344143e+11 1.059146e+12
  1 3.935997e-02 3.708353e+11 2.874375e+11 7.143801e-03
  2 2.297284e-03 1.211306e+10 2.456008e+10 1.016249e-02
  3 1.800069e-03 9.318642e+09 1.932861e+10 9.108548e-03
  4 1.723856e-03 8.792994e+09 1.857289e+10 9.023785e-03
  5 1.708246e-03 8.701511e+09 1.841032e+10 1.022701e-02
  6 1.700778e-03 8.645534e+09 1.833831e+10 1.018455e-02
  7 1.695931e-03 8.572804e+09 1.830865e+10 1.080724e-02
  8 1.528678e-03 8.513693e+09 1.611146e+10 1.211863e-02
  9 1.381970e-03 8.671927e+09 1.400649e+10 1.143259e-02
