  0 1.000000e+00 7.509587e+12 3.160279e+11 1.179697e+12
  1 5.815810e-02 2.768332e+11 3.451856e+11 4.600086e-03
  2 4.487111e-02 2.808623e+11 1.940720e+11 8.759312e-03
  3 2.903576e-02 1.672976e+11 1.442682e+11 8.525650e-03
  4 2.390242e-02 1.376192e+11 1.188798e+11 1.010183e-02
  5 2.118450e-02 1.236356e+11 1.034033e+11 1.020901e-02
  6 2.028627e-02 1.219209e+11 9.464170e+10 1.132751e-02
  7 1.988615e-02 1.226256e+11 8.862449e+10 1.039393e-02
  8 1.928323e-02 1.204136e+11 8.381442e+10 1.121618e-02
  9 1.844965e-02 1.152781e+11 8.009091e+10 1.109288e-02
