  0 1.000000e+00 6.488219e+12 3.972134e+11 1.353563e+12
  1 8.327280e-02 3.053284e+11 3.857762e+11 2.523206e+11
  2 6.221007e-02 3.098946e+11 2.608952e+11 8.074278e+10
  3 4.458611e-02 1.853489e+11 2.276936e+11 3.798291e+10
  4 4.015915e-02 1.615833e+11 2.107059e+11 2.439930e+10
  5 3.913538e-02 1.678280e+11 1.975417e+11 1.826314e+10
  6 3.876259e-02 1.792661e+11 1.840603e+11 1.509146e+10
  7 3.851347e-02 1.888190e+11 1.719510e+11 1.318311e+10
  8 3.639678e-02 1.830666e+11 1.573171e+11 1.187338e+10
  9 3.417507e-02 1.730650e+11 1.463581e+11 1.088436e+10
