  0 1.000000e+00 9.693449e+12 2.848835e+11 1.059146e+12
  1 4.668892e-02 3.594355e+11 2.797393e+11 5.834423e-03
  2 2.782597e-03 1.184887e+10 2.442252e+10 8.760082e-03
  3 2.191651e-03 9.259013e+09 1.927134e+10 9.535327e-03
  4 2.099101e-03 8.786280e+09 1.849659e+10 9.340100e-03
  5 2.077340e-03 8.692340e+09 1.830619e+10 1.057039e-02
  6 2.065979e-03 8.625999e+09 1.821499e+10 9.865266e-03
  7 2.057533e-03 8.540046e+09 1.816444e+10 1.135746e-02
  8 1.862597e-03 8.481624e+09 1.606916e+10 1.149544e-02
  9 1.677367e-03 8.612055e+09 1.391357e+10 1.284388e-02
