  0 1.000000e+00 9.180800e+12 2.410925e+11 9.692857e+11
  1 4.336944e-02 2.649186e+11 3.003846e+11 5.750288e-03
  2 3.458696e-02 2.816308e+11 1.506870e+11 1.048403e-02
  3 1.964704e-02 1.478570e+11 1.051605e+11 1.187232e-02
  4 1.462098e-02 1.057776e+11 8.392064e+10 1.321828e-02
  5 1.230697e-02 8.779143e+10 7.218050e+10 1.384697e-02
  6 1.163345e-02 8.478269e+10 6.598545e+10 1.360523e-02
  7 1.139953e-02 8.494242e+10 6.218909e+10 1.406626e-02
  8 1.109337e-02 8.338937e+10 5.951133e+10 1.411769e-02
  9 1.069703e-02 8.046061e+10 5.731424e+10 1.505781e-02
