  0 1.000000e+00 1.082528e+13 3.757096e+11 1.179697e+12
  1 4.284375e-02 3.685923e+11 2.864609e+11 5.065033e-03
  2 2.670191e-03 1.329727e+10 2.587748e+10 8.190157e-03
  3 2.203566e-03 1.092236e+10 2.138152e+10 8.211166e-03
  4 2.100896e-03 1.055553e+10 2.031209e+10 9.144937e-03
  5 2.062710e-03 1.049466e+10 1.987429e+10 8.290128e-03
  6 2.037053e-03 1.044933e+10 1.958184e+10 8.679343e-03
  7 2.015345e-03 1.037149e+10 1.935525e+10 9.508671e-03
  8 1.904070e-03 1.028490e+10 1.801767e+10 9.312366e-03
  9 1.684477e-03 1.033636e+10 1.516647e+10 1.005176e-02
