  0 1.000000e+00 9.187643e+12 4.428547e+11 1.353563e+12
  1 4.979248e-02 3.648906e+11 2.848989e+11 4.525001e-03
  2 3.633982e-03 1.668732e+10 2.937786e+10 5.445979e-03
  3 3.183345e-03 1.427853e+10 2.592470e+10 6.055933e-03
  4 3.096573e-03 1.411122e+10 2.509454e+10 6.674278e-03
  5 3.072384e-03 1.411268e+10 2.483538e+10 7.135464e-03
  6 3.053877e-03 1.410771e+10 2.464012e+10 7.705738e-03
  7 3.035779e-03 1.398550e+10 2.451617e+10 7.527590e-03
  8 2.752447e-03 1.385478e+10 2.151556e+10 8.012123e-03
  9 2.522788e-03 1.404832e+10 1.878285e+10 8.576970e-03
