  0 1.000000e+00 8.379960e+12 2.698318e+11 1.059146e+12
  1 5.163791e-02 2.507794e+11 3.184863e+11 1.615896e+11
  2 4.583174e-02 3.145475e+11 2.202174e+11 5.081170e+10
  3 2.913744e-02 1.674909e+11 1.788986e+11 2.399100e+10
  4 2.306680e-02 1.214919e+11 1.516373e+11 1.568227e+10
  5 2.153214e-02 1.217507e+11 1.347313e+11 1.166739e+10
  6 2.068932e-02 1.250373e+11 1.218548e+11 9.357926e+09
  7 1.969445e-02 1.250444e+11 1.095574e+11 7.886246e+09
  8 1.806302e-02 1.162548e+11 9.868633e+10 6.903647e+09
  9 1.641927e-02 1.052821e+11 9.017115e+10 6.219777e+09
