  0 1.000000e+00 6.488219e+12 3.972134e+11 1.353563e+12
  1 7.409631e-02 3.053284e+11 3.857762e+11 3.190098e-03
  2 5.685860e-02 2.928904e+11 2.382096e+11 6.929541e-03
  3 4.047382e-02 1.975488e+11 1.821937e+11 7.764241e-03
  4 3.466938e-02 1.730945e+11 1.517539e+11 8.248371e-03
  5 3.134045e-02 1.600224e+11 1.330265e+11 8.313248e-03
  6 3.006141e-02 1.585282e+11 1.212832e+11 8.349892e-03
  7 2.937976e-02 1.596523e+11 1.120966e+11 8.678940e-03
  8 2.825125e-02 1.551579e+11 1.054194e+11 9.605049e-03
  9 2.671253e-02 1.472102e+11 9.893312e+10 8.735100e-03
