  0 1.000000e+00 1.051580e+13 3.131974e+11 1.059146e+12
  1 4.216041e-02 2.579365e+11 3.256984e+11 1.616082e+11
  2 3.848428e-02 3.049422e+11 2.646330e+11 5.062285e+10
  3 2.661765e-02 1.541775e+11 2.342473e+11 2.385572e+10
  4 2.151568e-02 1.012110e+11 2.031489e+11 1.557904e+10
  5 1.948553e-02 1.011956e+11 1.790955e+11 1.156970e+10
  6 1.821050e-02 1.071126e+11 1.597427e+11 9.229264e+09
  7 1.714344e-02 1.103995e+11 1.435641e+11 7.719898e+09
  8 1.573861e-02 1.035938e+11 1.300660e+11 6.702991e+09
  9 1.445450e-02 9.396381e+10 1.203910e+11 5.989200e+09
