  0 1.000000e+00 5.293457e+12 5.676184e+11 1.636415e+12
  1 1.088856e-01 3.927268e+11 4.621147e+11 2.640258e-03
  2 8.464166e-02 3.423450e+11 3.240971e+11 4.991277e-03
  3 6.650398e-02 2.693046e+11 2.543086e+11 6.239934e-03
  4 5.858316e-02 2.467667e+11 2.134688e+11 7.057433e-03
  5 5.363257e-02 2.326121e+11 1.874066e+11 6.867867e-03
  6 5.115450e-02 2.298214e+11 1.683943e+11 6.852724e-03
  7 4.910091e-02 2.274168e+11 1.518862e+11 7.010638e-03
  8 4.631880e-02 2.169778e+11 1.395475e+11 6.571284e-03
  9 4.332463e-02 2.040494e+11 1.288040e+11 6.912907e-03
 10 4.090699e-02 1.932535e+11 1.206756e+11 7.187825e-03
 11 3.849043e-02 1.814584e+11 1.141510e+11 7.101828e-03
 12 3.644223e-02 1.717414e+11 1.081738e+11 6.806635e-03
 13 3.443998e-02 1.623712e+11 1.021257e+11 6.941530e-03
 14 3.284763e-02 1.543234e+11 9.825799e+10 6.859205e-03
 15 3.115750e-02 1.463067e+11 9.332189e+10 6.454974e-03
 16 2.989047e-02 1.405022e+11 8.929889e+10 6.748765e-03
 17 2.854309e-02 1.335243e+11 8.627919e+10 6.741146e-03
 18 2.744749e-02 1.289915e+11 8.204347e+10 7.245747e-03
 19 2.636172e-02 1.229348e+11 8.027829e+10 7.071189e-03
 20 2.529098e-02 1.183817e+11 7.633915e+10 6.894251e-03
 21 2.444096e-02 1.139197e+11 7.451746e+10 6.586287e-03
 22 2.358593e-02 1.098402e+11 7.205442e+10 6.369997e-03
 23 2.259232e-02 1.048353e+11 6.959124e+10 6.493637e-03
 24 2.201506e-02 1.010780e+11 6.941061e+10 7.084325e-03
 25 2.104034e-02 9.698054e+10 6.578389e+10 6.929585e-03
 26 2.027392e-02 9.231474e+10 6.502687e+10 7.101987e-03
 27 1.962708e-02 8.935784e+10 6.296863e+10 6.460367e-03
 28 1.901590e-02 8.601360e+10 6.179722e+10 6.934078e-03
 29 1.809756e-02 8.149272e+10 5.932031e+10 7.146026e-03
 30 1.768362e-02 7.918356e+10 5.857026e+10 6.759555e-03
 31 1.710292e-02 7.550678e+10 5.807410e+10 7.215764e-03
 32 1.655508e-02 7.283942e+10 5.653572e+10 6.473002e-03
 33 1.605996e-02 7.042530e+10 5.514723e+10 6.547280e-03
 34 1.560828e-02 6.718507e+10 5.516693e+10 6.918619e-03
 35 1.501300e-02 6.427089e+10 5.348853e+10 6.698232e-03
 36 1.459740e-02 6.288811e+10 5.152774e+10 7.660955e-03
 37 1.423077e-02 6.145975e+10 5.004852e+10 7.583601e-03
 38 1.384895e-02 5.976633e+10 4.876017e+10 7.193694e-03
 39 1.329436e-02 5.720878e+10 4.700812e+10 7.217833e-03
 40 1.303463e-02 5.560688e+10 4.667274e+10 7.215212e-03
 41 1.283359e-02 5.466883e+10 4.604852e+10 7.335612e-03
 42 1.252678e-02 5.347715e+10 4.481039e+10 6.905505e-03
 43 1.215015e-02 5.218073e+10 4.308874e+10 6.981234e-03
 44 1.181329e-02 5.054647e+10 4.212021e+10 6.762988e-03
 45 1.161597e-02 4.916079e+10 4.205791e+10 6.862696e-03
 46 1.135831e-02 4.772744e+10 4.152247e+10 7.373128e-03
 47 1.107215e-02 4.620187e+10 4.084481e+10 6.636899e-03
 48 1.079882e-02 4.524997e+10 3.962210e+10 7.646655e-03
 49 1.058094e-02 4.418627e+10 3.899411e+10 7.122251e-03
 50 1.032232e-02 4.327943e+10 3.784383e+10 6.892566e-03
 51 9.986638e-03 4.191718e+10 3.656144e+10 7.906723e-03
 52 9.834975e-03 4.104555e+10 3.627392e+10 7.161540e-03
 53 9.674716e-03 4.041142e+10 3.564354e+10 7.616731e-03
 54 9.538673e-03 3.986876e+10 3.511329e+10 7.551050e-03
 55 9.430065e-03 3.938913e+10 3.474263e+10 7.641251e-03
 56 9.175731e-03 3.856773e+10 3.353045e+10 7.662520e-03
 57 8.863093e-03 3.674565e+10 3.296321e+10 7.323317e-03
 58 8.670869e-03 3.600715e+10 3.218302e+10 6.940796e-03
 59 8.523568e-03 3.541661e+10 3.161261e+10 7.355130e-03
 60 8.432006e-03 3.504899e+10 3.125864e+10 7.278300e-03
 61 8.309670e-03 3.438850e+10 3.097469e+10 7.242052e-03
 62 8.196691e-03 3.385691e+10 3.062451e+10 7.594426e-03
 63 7.987835e-03 3.277139e+10 3.008869e+10 7.445256e-03
 64 7.813634e-03 3.219611e+10 2.927995e+10 7.218353e-03
 65 7.667184e-03 3.142338e+10 2.891621e+10 7.036618e-03
 66 7.467195e-03 3.054621e+10 2.822435e+10 6.977110e-03
 67 7.395102e-03 3.024973e+10 2.795356e+10 6.984837e-03
 68 7.289425e-03 2.977618e+10 2.759870e+10 7.369821e-03
 69 7.202990e-03 2.936106e+10 2.733823e+10 7.882914e-03
 70 7.082856e-03 2.869023e+10 2.707550e+10 7.101649e-03
 71 6.989258e-03 2.826659e+10 2.676480e+10 7.337863e-03
 72 6.903263e-03 2.779757e+10 2.656293e+10 7.227404e-03
 73 6.817787e-03 2.759332e+10 2.608679e+10 6.759642e-03
 74 6.641540e-03 2.681288e+10 2.548324e+10 7.195047e-03
 75 6.546298e-03 2.614114e+10 2.541660e+10 6.931488e-03
 76 6.472639e-03 2.587277e+10 2.510408e+10 7.702048e-03
 77 6.407950e-03 2.558859e+10 2.487955e+10 6.942221e-03
 78 6.345014e-03 2.529457e+10 2.467903e+10 7.400735e-03
 79 6.204284e-03 2.473306e+10 2.413216e+10 7.176374e-03
 80 6.180123e-03 2.450637e+10 2.417108e+10 6.823295e-03
 81 5.404828e-03 2.124212e+10 2.132968e+10 7.542694e-03
 82 5.263690e-03 2.057331e+10 2.088570e+10 7.013898e-03
 83 5.179148e-03 2.012562e+10 2.066510e+10 6.988444e-03
 84 5.095447e-03 1.972485e+10 2.040441e+10 7.329335e-03
 85 5.019534e-03 1.936420e+10 2.016476e+10 7.485016e-03
 86 4.949310e-03 1.903042e+10 1.994284e+10 7.530941e-03
 87 4.883380e-03 1.871611e+10 1.973502e+10 7.319362e-03
 88 4.806965e-03 1.845757e+10 1.939359e+10 7.443483e-03
 89 4.755531e-03 1.822557e+10 1.921887e+10 7.405897e-03
 90 4.697711e-03 1.794223e+10 1.904356e+10 7.523976e-03
 91 4.649110e-03 1.774042e+10 1.886178e+10 7.421381e-03
 92 4.586827e-03 1.743583e+10 1.867181e+10 7.819815e-03
 93 4.525573e-03 1.712973e+10 1.849059e+10 7.042650e-03
 94 4.473400e-03 1.688637e+10 1.831982e+10 7.358852e-03
 95 4.336624e-03 1.600353e+10 1.809067e+10 7.505138e-03
 96 4.279357e-03 1.565996e+10 1.796789e+10 6.909519e-03
 97 4.198285e-03 1.533570e+10 1.765150e+10 7.302027e-03
 98 4.137012e-03 1.513243e+10 1.737600e+10 7.481698e-03
 99 4.095958e-03 1.498749e+10 1.719901e+10 7.358087e-03
100 4.053602e-03 1.479806e+10 1.705111e+10 7.031742e-03
101 4.002283e-03 1.453507e+10 1.690060e+10 7.000197e-03
102 3.956737e-03 1.429647e+10 1.677093e+10 6.898738e-03
103 3.902213e-03 1.399773e+10 1.662601e+10 7.521072e-03
104 3.854715e-03 1.373972e+10 1.649702e+10 7.172943e-03
105 3.812045e-03 1.349097e+10 1.639443e+10 6.971945e-03
106 3.771853e-03 1.325429e+10 1.629883e+10 7.203310e-03
107 3.733449e-03 1.302661e+10 1.620784e+10 7.462168e-03
108 3.696504e-03 1.280578e+10 1.612091e+10 7.229964e-03
109 3.660824e-03 1.259070e+10 1.603754e+10 7.216411e-03
110 3.628034e-03 1.239306e+10 1.596016e+10 7.667673e-03
111 3.601234e-03 1.222871e+10 1.589853e+10 7.522063e-03
112 3.571916e-03 1.206471e+10 1.581846e+10 6.741448e-03
113 3.504637e-03 1.160442e+10 1.569551e+10 7.632110e-03
114 3.464957e-03 1.137056e+10 1.559304e+10 7.307667e-03
115 3.426718e-03 1.115186e+10 1.548850e+10 7.383917e-03
116 3.387183e-03 1.098349e+10 1.533832e+10 7.659015e-03
117 3.358195e-03 1.083518e+10 1.524579e+10 7.596173e-03
118 3.297132e-03 1.052685e+10 1.504707e+10 7.414479e-03
119 3.248446e-03 1.025675e+10 1.490444e+10 7.442977e-03
120 3.007667e-03 9.994255e+09 1.344359e+10 7.179568e-03
121 2.452859e-03 9.576316e+09 9.743251e+09 7.527988e-03
122 2.403235e-03 9.380772e+09 9.547911e+09 6.959610e-03
123 2.354741e-03 9.190991e+09 9.355727e+09 7.349164e-03
124 2.307362e-03 9.004596e+09 9.168922e+09 7.274620e-03
125 2.261335e-03 8.823254e+09 8.987708e+09 7.836063e-03
126 2.216375e-03 8.645848e+09 8.810957e+09 6.974746e-03
127 2.172352e-03 8.471874e+09 8.638154e+09 7.238717e-03
128 2.129216e-03 8.301194e+09 8.469036e+09 6.899926e-03
129 2.086938e-03 8.133759e+09 8.303426e+09 7.306239e-03
130 2.045498e-03 7.969544e+09 8.141195e+09 7.075649e-03
131 2.004880e-03 7.808518e+09 7.982246e+09 7.360848e-03
132 1.965070e-03 7.650649e+09 7.826503e+09 6.979513e-03
133 1.926500e-03 7.499876e+09 7.673477e+09 7.192863e-03
134 1.880751e-03 7.313141e+09 7.499683e+09 7.993622e-03
135 1.843372e-03 7.181691e+09 7.337058e+09 7.263105e-03
136 1.806579e-03 7.043745e+09 7.185322e+09 7.018467e-03
137 1.770919e-03 6.907801e+09 7.040460e+09 7.360405e-03
138 1.736166e-03 6.774175e+09 6.900399e+09 7.518973e-03
139 1.702770e-03 6.645292e+09 6.766270e+09 7.950077e-03
140 1.669959e-03 6.518115e+09 6.635030e+09 7.233893e-03
141 1.637731e-03 6.393031e+09 6.506288e+09 7.554343e-03
142 1.606640e-03 6.270965e+09 6.383461e+09 6.882534e-03
143 1.576856e-03 6.152580e+09 6.267220e+09 6.997827e-03
144 1.546610e-03 6.034447e+09 6.147124e+09 7.383148e-03
145 1.516850e-03 5.917725e+09 6.029439e+09 7.120861e-03
146 1.487590e-03 5.802436e+09 5.914245e+09 7.983684e-03
147 1.458868e-03 5.688737e+09 5.801684e+09 7.564266e-03
148 1.430709e-03 5.576790e+09 5.691806e+09 7.297060e-03
149 1.403149e-03 5.466750e+09 5.584720e+09 7.407255e-03
150 1.376201e-03 5.358733e+09 5.480420e+09 6.886865e-03
151 1.349875e-03 5.252844e+09 5.378892e+09 6.792413e-03
152 1.324121e-03 5.149723e+09 5.279101e+09 7.672182e-03
153 1.299089e-03 5.048778e+09 5.182801e+09 7.594249e-03
154 1.274707e-03 4.949908e+09 5.089527e+09 7.278534e-03
155 1.250963e-03 4.853256e+09 4.999054e+09 7.733243e-03
156 1.227857e-03 4.758912e+09 4.911276e+09 8.186506e-03
157 1.205387e-03 4.666930e+09 4.826135e+09 7.084310e-03
158 1.177911e-03 4.556184e+09 4.720344e+09 7.778980e-03
159 1.158196e-03 4.477260e+09 4.643910e+09 7.458611e-03
160 1.137954e-03 4.394997e+09 4.566612e+09 8.116450e-03
161 1.118119e-03 4.313691e+09 4.491538e+09 7.761227e-03
162 1.098839e-03 4.234177e+09 4.419010e+09 7.657591e-03
163 1.080138e-03 4.156703e+09 4.348983e+09 7.583021e-03
164 1.062024e-03 4.081394e+09 4.281399e+09 6.852140e-03
165 1.044502e-03 4.008328e+09 4.216211e+09 7.003283e-03
166 1.027571e-03 3.937550e+09 4.153377e+09 7.596938e-03
167 1.011229e-03 3.869084e+09 4.092857e+09 7.322869e-03
168 9.954710e-04 3.802937e+09 4.034607e+09 7.650382e-03
169 9.802916e-04 3.739105e+09 3.978584e+09 6.963830e-03
170 9.656824e-04 3.677573e+09 3.924742e+09 7.380018e-03
171 9.505358e-04 3.618110e+09 3.864852e+09 7.308899e-03
172 9.325446e-04 3.561652e+09 3.780408e+09 7.323534e-03
173 9.178321e-04 3.510143e+09 3.716349e+09 7.308981e-03
174 9.062618e-04 3.463920e+09 3.671363e+09 7.445014e-03
175 8.977226e-04 3.423193e+09 3.644385e+09 7.581557e-03
176 8.916230e-04 3.386065e+09 3.632600e+09 8.033220e-03
177 8.879743e-04 3.353386e+09 3.635189e+09 7.833633e-03
178 8.866312e-04 3.325145e+09 3.650928e+09 7.396333e-03
179 8.873197e-04 3.300758e+09 3.678145e+09 7.348973e-03
180 8.897841e-04 3.279913e+09 3.715074e+09 7.281375e-03
181 8.937918e-04 3.262376e+09 3.760085e+09 7.387110e-03
182 8.991195e-04 3.247905e+09 3.811662e+09 7.341105e-03
183 9.055531e-04 3.236247e+09 3.868401e+09 7.176846e-03
184 9.128893e-04 3.227139e+09 3.929023e+09 7.333733e-03
185 9.209369e-04 3.220317e+09 3.992369e+09 7.480123e-03
186 9.295184e-04 3.215516e+09 4.057402e+09 7.598051e-03
187 9.384700e-04 3.212472e+09 4.123201e+09 7.557170e-03
188 9.476422e-04 3.210931e+09 4.188954e+09 7.643752e-03
189 9.568993e-04 3.210645e+09 4.253950e+09 7.034963e-03
190 9.661192e-04 3.211375e+09 4.317569e+09 7.707545e-03
191 9.751927e-04 3.212894e+09 4.379275e+09 7.999170e-03
192 9.840225e-04 3.214989e+09 4.438607e+09 7.462382e-03
193 9.925230e-04 3.217457e+09 4.495170e+09 7.626713e-03
194 1.000619e-03 3.220111e+09 4.548628e+09 7.112832e-03
195 1.008244e-03 3.222775e+09 4.598699e+09 7.393965e-03
196 1.015343e-03 3.225290e+09 4.645149e+09 6.917761e-03
197 1.021866e-03 3.227507e+09 4.687785e+09 7.208297e-03
198 1.027772e-03 3.229294e+09 4.726453e+09 7.532003e-03
199 1.030623e-03 3.216507e+09 4.754348e+09 7.091734e-03
200 1.032754e-03 3.201825e+09 4.778536e+09 7.076206e-03
201 1.037048e-03 3.204195e+09 4.805721e+09 7.123716e-03
202 1.040552e-03 3.205085e+09 4.828569e+09 7.830474e-03
203 1.043299e-03 3.204810e+09 4.847106e+09 7.854825e-03
204 1.045290e-03 3.203426e+09 4.861303e+09 6.955101e-03
205 1.046522e-03 3.200929e+09 4.871164e+09 8.150528e-03
206 1.046998e-03 3.197286e+09 4.876724e+09 7.856443e-03
207 1.046722e-03 3.192472e+09 4.878037e+09 7.378029e-03
208 1.045701e-03 3.186466e+09 4.875172e+09 7.297709e-03
209 1.043947e-03 3.179253e+09 4.868214e+09 7.376470e-03
210 1.041472e-03 3.170827e+09 4.857258e+09 6.606323e-03
211 1.038294e-03 3.161186e+09 4.842410e+09 7.292152e-03
212 1.034429e-03 3.150337e+09 4.823784e+09 7.278822e-03
213 1.029897e-03 3.138292e+09 4.801504e+09 7.298582e-03
214 1.024719e-03 3.125079e+09 4.775685e+09 8.120162e-03
215 1.018924e-03 3.110727e+09 4.746505e+09 7.311356e-03
216 1.012533e-03 3.095246e+09 4.714088e+09 7.414359e-03
217 1.005570e-03 3.078667e+09 4.678574e+09 7.758336e-03
218 9.980602e-04 3.061023e+09 4.640112e+09 6.866800e-03
219 9.900315e-04 3.042351e+09 4.598853e+09 7.773468e-03
220 9.815101e-04 3.022673e+09 4.554958e+09 8.050783e-03
221 9.725290e-04 3.002073e+09 4.508587e+09 7.446016e-03
222 9.631143e-04 2.980579e+09 4.459893e+09 6.715029e-03
223 9.532942e-04 2.958228e+09 4.409036e+09 7.724005e-03
224 9.430984e-04 2.935069e+09 4.356178e+09 7.769828e-03
225 9.325564e-04 2.911155e+09 4.301478e+09 7.911025e-03
226 9.216977e-04 2.886535e+09 4.245098e+09 7.891713e-03
227 9.105513e-04 2.861261e+09 4.187193e+09 7.336920e-03
228 8.991457e-04 2.835383e+09 4.127919e+09 7.412949e-03
229 8.875092e-04 2.808951e+09 4.067429e+09 6.663271e-03
230 8.756693e-04 2.782015e+09 4.005870e+09 7.226321e-03
231 8.636530e-04 2.754622e+09 3.943388e+09 8.718741e-03
232 8.514863e-04 2.726821e+09 3.880125e+09 7.451693e-03
233 8.391948e-04 2.698659e+09 3.816219e+09 7.882707e-03
234 8.268030e-04 2.670180e+09 3.751801e+09 7.561849e-03
235 8.143347e-04 2.641430e+09 3.687000e+09 8.127874e-03
236 8.018128e-04 2.612450e+09 3.621940e+09 7.495659e-03
237 7.892590e-04 2.583283e+09 3.556738e+09 7.131341e-03
238 7.766942e-04 2.553967e+09 3.491509e+09 8.336361e-03
239 7.641385e-04 2.524541e+09 3.426359e+09 8.078569e-03
240 7.516107e-04 2.495040e+09 3.361393e+09 7.003337e-03
241 7.391286e-04 2.465500e+09 3.296707e+09 7.490775e-03
242 7.267093e-04 2.435953e+09 3.232395e+09 7.390860e-03
243 7.143685e-04 2.406431e+09 3.168543e+09 7.771063e-03
244 7.021212e-04 2.376961e+09 3.105234e+09 7.584688e-03
245 6.899814e-04 2.347573e+09 3.042545e+09 7.926201e-03
246 6.779621e-04 2.318291e+09 2.980548e+09 7.182513e-03
247 6.660752e-04 2.289140e+09 2.919311e+09 7.028006e-03
248 6.543321e-04 2.260142e+09 2.858898e+09 7.809703e-03
249 6.427429e-04 2.231318e+09 2.799367e+09 8.037763e-03
