  0 1.000000e+00 8.378026e+12 2.698106e+11 1.059146e+12
  1 4.925122e-02 2.675601e+11 3.187023e+11 5.802802e-03
  2 3.856933e-02 2.795466e+11 1.674719e+11 9.882122e-03
  3 2.312931e-02 1.534895e+11 1.209543e+11 1.076311e-02
  4 1.813573e-02 1.176449e+11 9.817750e+10 1.192076e-02
  5 1.570040e-02 1.019426e+11 8.487943e+10 1.179513e-02
  6 1.495949e-02 9.970490e+10 7.767957e+10 1.248091e-02
  7 1.467230e-02 1.001270e+11 7.309102e+10 1.285706e-02
  8 1.426216e-02 9.836779e+10 6.960123e+10 1.328552e-02
  9 1.371636e-02 9.466340e+10 6.685263e+10 1.363095e-02
