  0 1.000000e+00 9.371302e+12 4.457522e+11 1.353563e+12
  1 4.883770e-02 3.648869e+11 2.848960e+11 4.439632e-03
  2 3.491326e-03 1.627294e+10 2.881720e+10 5.876404e-03
  3 3.037957e-03 1.397062e+10 2.518101e+10 5.916168e-03
  4 2.924500e-03 1.371588e+10 2.409051e+10 6.780123e-03
  5 2.877642e-03 1.375974e+10 2.355248e+10 7.306582e-03
  6 2.841768e-03 1.373989e+10 2.316958e+10 7.249097e-03
  7 2.807933e-03 1.364912e+10 2.285037e+10 8.172135e-03
  8 2.653516e-03 1.352363e+10 2.120786e+10 7.714461e-03
  9 2.370191e-03 1.355658e+10 1.791621e+10 7.843885e-03
