  0 1.000000e+00 6.488219e+12 3.972134e+11 1.353563e+12
  1 8.297527e-02 2.975046e+11 3.890489e+11 2.523206e+11
  2 6.427124e-02 2.986882e+11 2.939064e+11 8.073554e+10
  3 4.770790e-02 1.892406e+11 2.511421e+11 3.820167e+10
  4 4.284936e-02 1.773769e+11 2.210753e+11 2.469136e+10
  5 4.166131e-02 1.887362e+11 2.013985e+11 1.836788e+10
  6 4.074594e-02 1.969603e+11 1.848832e+11 1.480816e+10
  7 3.916818e-02 1.983243e+11 1.677647e+11 1.257906e+10
  8 3.566874e-02 1.822606e+11 1.508259e+11 1.107177e+10
  9 3.238122e-02 1.648158e+11 1.377062e+11 9.989790e+09
