  0 1.000000e+00 5.294679e+12 5.676287e+11 1.636415e+12
  1 1.271558e-01 3.925357e+11 4.692137e+11 3.571071e+11
  2 8.988320e-02 3.120633e+11 3.739672e+11 1.161283e+11
  3 7.440217e-02 2.386363e+11 3.344442e+11 5.470287e+10
  4 7.067068e-02 2.502050e+11 3.019649e+11 3.475036e+10
  5 6.931464e-02 2.691254e+11 2.757075e+11 2.566630e+10
  6 6.825079e-02 2.815036e+11 2.547344e+11 2.064682e+10
  7 6.481120e-02 2.777086e+11 2.300606e+11 1.751422e+10
  8 5.862266e-02 2.526195e+11 2.063931e+11 1.536571e+10
  9 5.303741e-02 2.277946e+11 1.876599e+11 1.378770e+10
 10 4.860999e-02 2.078718e+11 1.730951e+11 1.256434e+10
 11 4.499502e-02 1.925150e+11 1.601041e+11 1.157296e+10
 12 4.214317e-02 1.809780e+11 1.491604e+11 1.074143e+10
 13 3.946748e-02 1.696203e+11 1.395316e+11 1.002606e+10
 14 3.741252e-02 1.613716e+11 1.315621e+11 9.399225e+09
 15 3.530076e-02 1.518846e+11 1.246005e+11 8.842580e+09
 16 3.349233e-02 1.440687e+11 1.182632e+11 8.343366e+09
 17 3.195657e-02 1.365937e+11 1.138954e+11 7.892377e+09
 18 3.055040e-02 1.314004e+11 1.079005e+11 7.482652e+09
 19 2.927674e-02 1.254407e+11 1.039900e+11 7.108735e+09
 20 2.808328e-02 1.196450e+11 1.005716e+11 6.766184e+09
 21 2.698509e-02 1.147913e+11 9.684997e+10 6.451442e+09
 22 2.578040e-02 1.097702e+11 9.240357e+10 6.161334e+09
 23 2.503936e-02 1.059607e+11 9.052496e+10 5.893328e+09
 24 2.405503e-02 1.010517e+11 8.783020e+10 5.645064e+09
 25 2.321832e-02 9.665729e+10 8.577885e+10 5.414682e+09
 26 2.237756e-02 9.297606e+10 8.287754e+10 5.200373e+09
 27 2.161385e-02 8.949781e+10 8.039145e+10 5.000678e+09
 28 2.107181e-02 8.671987e+10 7.896899e+10 4.814238e+09
 29 2.047991e-02 8.320382e+10 7.792274e+10 4.639844e+09
 30 1.985581e-02 7.990233e+10 7.635909e+10 4.476468e+09
 31 1.935235e-02 7.745643e+10 7.486212e+10 4.323196e+09
 32 1.872613e-02 7.431926e+10 7.308696e+10 4.179127e+09
 33 1.816393e-02 7.156315e+10 7.142306e+10 4.043638e+09
 34 1.772613e-02 6.939598e+10 7.014366e+10 3.916042e+09
 35 1.722286e-02 6.660682e+10 6.895321e+10 3.795770e+09
 36 1.668426e-02 6.386767e+10 6.742428e+10 3.682413e+09
 37 1.617644e-02 6.139350e+10 6.587003e+10 3.575613e+09
 38 1.565575e-02 5.875194e+10 6.436278e+10 3.475027e+09
 39 1.512609e-02 5.638105e+10 6.253169e+10 3.380410e+09
 40 1.457012e-02 5.415879e+10 6.036623e+10 3.291568e+09
 41 1.401816e-02 5.195097e+10 5.821683e+10 3.208260e+09
 42 1.347880e-02 4.989384e+10 5.602631e+10 3.130245e+09
 43 1.290438e-02 4.780269e+10 5.360394e+10 3.057220e+09
 44 1.205848e-02 4.540045e+10 4.942041e+10 2.988841e+09
 45 1.170973e-02 4.380762e+10 4.824531e+10 2.924759e+09
 46 1.138748e-02 4.229133e+10 4.719664e+10 2.864675e+09
 47 1.107634e-02 4.078091e+10 4.622130e+10 2.808250e+09
 48 1.079177e-02 3.940396e+10 4.532097e+10 2.755153e+09
 49 1.051822e-02 3.823164e+10 4.432121e+10 2.705080e+09
 50 1.024273e-02 3.707170e+10 4.329528e+10 2.657738e+09
 51 9.990944e-03 3.605914e+10 4.231621e+10 2.612875e+09
 52 9.732102e-03 3.493183e+10 4.138212e+10 2.570232e+09
 53 9.516899e-03 3.405951e+10 4.055014e+10 2.529588e+09
 54 9.299202e-03 3.317025e+10 3.971364e+10 2.490791e+09
 55 9.108037e-03 3.244693e+10 3.893092e+10 2.453677e+09
 56 8.902138e-03 3.165487e+10 3.809830e+10 2.418086e+09
 57 8.716970e-03 3.087077e+10 3.740888e+10 2.383885e+09
 58 8.543096e-03 3.022490e+10 3.668659e+10 2.350941e+09
 59 8.374540e-03 2.964115e+10 3.595145e+10 2.319156e+09
 60 8.200097e-03 2.897841e+10 3.523874e+10 2.288423e+09
 61 8.019398e-03 2.828218e+10 3.450819e+10 2.258657e+09
 62 7.841925e-03 2.759828e+10 3.379059e+10 2.229782e+09
 63 7.678403e-03 2.693257e+10 3.315824e+10 2.201725e+09
 64 7.530529e-03 2.634960e+10 3.257078e+10 2.174416e+09
 65 7.370052e-03 2.575880e+10 3.189903e+10 2.147801e+09
 66 7.207243e-03 2.513460e+10 3.123738e+10 2.121834e+09
 67 7.053004e-03 2.453696e+10 3.061550e+10 2.096462e+09
 68 6.909272e-03 2.398847e+10 3.002914e+10 2.071643e+09
 69 6.766909e-03 2.343938e+10 2.945283e+10 2.047338e+09
 70 6.630306e-03 2.290798e+10 2.890329e+10 2.023514e+09
 71 6.496425e-03 2.238921e+10 2.836290e+10 2.000141e+09
 72 6.364624e-03 2.188167e+10 2.782821e+10 1.977190e+09
 73 6.235024e-03 2.138465e+10 2.730068e+10 1.954635e+09
 74 6.107720e-03 2.089808e+10 2.678104e+10 1.932450e+09
 75 5.990892e-03 2.043323e+10 2.631835e+10 1.910615e+09
 76 5.874195e-03 1.997697e+10 2.584967e+10 1.889107e+09
 77 5.757358e-03 1.953584e+10 2.536810e+10 1.867908e+09
 78 5.642438e-03 1.911060e+10 2.488767e+10 1.847001e+09
 79 5.529127e-03 1.869638e+10 2.441000e+10 1.826371e+09
 80 5.359752e-03 1.811092e+10 2.366930e+10 1.805997e+09
 81 5.242469e-03 1.776877e+10 2.310833e+10 1.785858e+09
 82 5.144527e-03 1.738859e+10 2.271256e+10 1.765957e+09
 83 5.056432e-03 1.693278e+10 2.244293e+10 1.746295e+09
 84 4.962579e-03 1.656554e+10 2.206520e+10 1.726856e+09
 85 4.871952e-03 1.622489e+10 2.168985e+10 1.707642e+09
 86 4.784107e-03 1.590268e+10 2.132000e+10 1.688637e+09
 87 4.698862e-03 1.559659e+10 2.095615e+10 1.669831e+09
 88 4.615552e-03 1.530046e+10 2.059830e+10 1.651210e+09
 89 4.536639e-03 1.502048e+10 2.025898e+10 1.632767e+09
 90 4.459010e-03 1.475104e+10 1.992074e+10 1.614493e+09
 91 4.382661e-03 1.449000e+10 1.958513e+10 1.596383e+09
 92 4.307536e-03 1.423555e+10 1.925314e+10 1.578432e+09
 93 4.233715e-03 1.398700e+10 1.892582e+10 1.560634e+09
 94 4.161245e-03 1.374399e+10 1.860376e+10 1.542985e+09
 95 4.090139e-03 1.350625e+10 1.828726e+10 1.525482e+09
 96 4.020389e-03 1.327360e+10 1.797640e+10 1.508121e+09
 97 3.951974e-03 1.304583e+10 1.767119e+10 1.490898e+09
 98 3.884878e-03 1.282280e+10 1.737160e+10 1.473812e+09
 99 3.819271e-03 1.260507e+10 1.707844e+10 1.456860e+09
100 3.754904e-03 1.239174e+10 1.679060e+10 1.440039e+09
101 3.691705e-03 1.218261e+10 1.650776e+10 1.423347e+09
102 3.629625e-03 1.197769e+10 1.622958e+10 1.406784e+09
103 3.569331e-03 1.177995e+10 1.595847e+10 1.390347e+09
104 3.510458e-03 1.158777e+10 1.569310e+10 1.374034e+09
105 3.452514e-03 1.139871e+10 1.543187e+10 1.357845e+09
106 3.395445e-03 1.121246e+10 1.517463e+10 1.341778e+09
107 3.339252e-03 1.102914e+10 1.492128e+10 1.325833e+09
108 3.283904e-03 1.084876e+10 1.467162e+10 1.310008e+09
109 3.229339e-03 1.067049e+10 1.442581e+10 1.294302e+09
110 3.175559e-03 1.049444e+10 1.418382e+10 1.278716e+09
111 3.122748e-03 1.032239e+10 1.394558e+10 1.263247e+09
112 3.071741e-03 1.015768e+10 1.371442e+10 1.247896e+09
113 3.021393e-03 9.994685e+09 1.348657e+10 1.232663e+09
114 2.971540e-03 9.832863e+09 1.326127e+10 1.217545e+09
115 2.922245e-03 9.672498e+09 1.303876e+10 1.202544e+09
116 2.873538e-03 9.513755e+09 1.281912e+10 1.187659e+09
117 2.825537e-03 9.356841e+09 1.260302e+10 1.172889e+09
118 2.778162e-03 9.201715e+09 1.238994e+10 1.158234e+09
119 2.731404e-03 9.048447e+09 1.217975e+10 1.143695e+09
120 2.685265e-03 8.897108e+09 1.197243e+10 1.129270e+09
121 2.639750e-03 8.747714e+09 1.176800e+10 1.114960e+09
122 2.594861e-03 8.600269e+09 1.156645e+10 1.100765e+09
123 2.550598e-03 8.454773e+09 1.136781e+10 1.086684e+09
124 2.506962e-03 8.311229e+09 1.117207e+10 1.072718e+09
125 2.463948e-03 8.169814e+09 1.097905e+10 1.058866e+09
126 2.421582e-03 8.031414e+09 1.078830e+10 1.045128e+09
127 2.379960e-03 7.895609e+09 1.060079e+10 1.031505e+09
128 2.339706e-03 7.761894e+09 1.042123e+10 1.017996e+09
129 2.301818e-03 7.633210e+09 1.025440e+10 1.004600e+09
130 2.264456e-03 7.507233e+09 1.008920e+10 9.913175e+08
131 2.227602e-03 7.383560e+09 9.925819e+09 9.781489e+08
132 2.191219e-03 7.261896e+09 9.764212e+09 9.650949e+08
133 2.155284e-03 7.142046e+09 9.604363e+09 9.521557e+08
134 2.119786e-03 7.023868e+09 9.446299e+09 9.393312e+08
135 2.084662e-03 6.906765e+09 9.290026e+09 9.266214e+08
136 2.049844e-03 6.790469e+09 9.135275e+09 9.140260e+08
137 2.015662e-03 6.677165e+09 8.982716e+09 9.015448e+08
138 1.982164e-03 6.566994e+09 8.832581e+09 8.891777e+08
139 1.949209e-03 6.458988e+09 8.684601e+09 8.769244e+08
140 1.916706e-03 6.352617e+09 8.538549e+09 8.647849e+08
141 1.884639e-03 6.247694e+09 8.394436e+09 8.527590e+08
142 1.852997e-03 6.144118e+09 8.252273e+09 8.408468e+08
143 1.821778e-03 6.041838e+09 8.112079e+09 8.290481e+08
144 1.790983e-03 5.940842e+09 7.973869e+09 8.173629e+08
145 1.760614e-03 5.841129e+09 7.837658e+09 8.057911e+08
146 1.730670e-03 5.742703e+09 7.703447e+09 7.943325e+08
147 1.701154e-03 5.645570e+09 7.571235e+09 7.829869e+08
148 1.672067e-03 5.549728e+09 7.441044e+09 7.717542e+08
149 1.643415e-03 5.455207e+09 7.312886e+09 7.606342e+08
150 1.615197e-03 5.362023e+09 7.186749e+09 7.496268e+08
151 1.587414e-03 5.270182e+09 7.062630e+09 7.387317e+08
152 1.560067e-03 5.179695e+09 6.940523e+09 7.279486e+08
153 1.533153e-03 5.090567e+09 6.820422e+09 7.172774e+08
154 1.506674e-03 5.002802e+09 6.702318e+09 7.067178e+08
155 1.480614e-03 4.916254e+09 6.586215e+09 6.962696e+08
156 1.454982e-03 4.831024e+09 6.472105e+09 6.859323e+08
157 1.429790e-03 4.747274e+09 6.359951e+09 6.757058e+08
158 1.405030e-03 4.664928e+09 6.249746e+09 6.655897e+08
159 1.380694e-03 4.583955e+09 6.141464e+09 6.555836e+08
160 1.356778e-03 4.504333e+09 6.035089e+09 6.456872e+08
161 1.333216e-03 4.425574e+09 5.930535e+09 6.359003e+08
162 1.310050e-03 4.348047e+09 5.827807e+09 6.262222e+08
163 1.287339e-03 4.272239e+09 5.726959e+09 6.166528e+08
164 1.265050e-03 4.197886e+09 5.627958e+09 6.071915e+08
165 1.243169e-03 4.124886e+09 5.530779e+09 5.978379e+08
166 1.221686e-03 4.053183e+09 5.435398e+09 5.885916e+08
167 1.200594e-03 3.982745e+09 5.341790e+09 5.794522e+08
168 1.179886e-03 3.913546e+09 5.249930e+09 5.704192e+08
169 1.159558e-03 3.845566e+09 5.159793e+09 5.614922e+08
170 1.139603e-03 3.778785e+09 5.071351e+09 5.526705e+08
171 1.120015e-03 3.713187e+09 4.984580e+09 5.439538e+08
172 1.100789e-03 3.648754e+09 4.899451e+09 5.353414e+08
173 1.081918e-03 3.585468e+09 4.815939e+09 5.268329e+08
174 1.063398e-03 3.523313e+09 4.734015e+09 5.184277e+08
175 1.045223e-03 3.462271e+09 4.653652e+09 5.101253e+08
176 1.027386e-03 3.402326e+09 4.574823e+09 5.019250e+08
177 1.009883e-03 3.343460e+09 4.497500e+09 4.938263e+08
178 9.927060e-04 3.285657e+09 4.421656e+09 4.858286e+08
179 9.758507e-04 3.228898e+09 4.347263e+09 4.779312e+08
180 9.593109e-04 3.173166e+09 4.274294e+09 4.701336e+08
181 9.430808e-04 3.118445e+09 4.202720e+09 4.624351e+08
182 9.271547e-04 3.064716e+09 4.132516e+09 4.548351e+08
183 9.115267e-04 3.011963e+09 4.063652e+09 4.473329e+08
184 8.961912e-04 2.960168e+09 3.996103e+09 4.399279e+08
185 8.811424e-04 2.909314e+09 3.929842e+09 4.326195e+08
186 8.663473e-04 2.859228e+09 3.864766e+09 4.254068e+08
187 8.518182e-04 2.810001e+09 3.800893e+09 4.182892e+08
188 8.375787e-04 2.761781e+09 3.738280e+09 4.112661e+08
189 8.236137e-04 2.714494e+09 3.676875e+09 4.043368e+08
190 8.099133e-04 2.668097e+09 3.616641e+09 3.975005e+08
191 7.964694e-04 2.622556e+09 3.557547e+09 3.907565e+08
192 7.832753e-04 2.577848e+09 3.499566e+09 3.841040e+08
193 7.703252e-04 2.533951e+09 3.442669e+09 3.775425e+08
194 7.576133e-04 2.490847e+09 3.386833e+09 3.710710e+08
195 7.451343e-04 2.448519e+09 3.332031e+09 3.646890e+08
196 7.328830e-04 2.406953e+09 3.278241e+09 3.583956e+08
197 7.208544e-04 2.366131e+09 3.225438e+09 3.521901e+08
198 7.090435e-04 2.326039e+09 3.173599e+09 3.460718e+08
199 6.974417e-04 2.286656e+09 3.122680e+09 3.400399e+08
200 6.860602e-04 2.248050e+09 3.072709e+09 3.340935e+08
201 6.748688e-04 2.210004e+09 3.023636e+09 3.282321e+08
202 6.638768e-04 2.172639e+09 2.975435e+09 3.224547e+08
203 6.530841e-04 2.135974e+09 2.928093e+09 3.167605e+08
204 6.424830e-04 2.099969e+09 2.881586e+09 3.111489e+08
205 6.320685e-04 2.064601e+09 2.835896e+09 3.056191e+08
206 6.218362e-04 2.029857e+09 2.791002e+09 3.001703e+08
207 6.117821e-04 1.995723e+09 2.746886e+09 2.948016e+08
208 6.019022e-04 1.962188e+09 2.703530e+09 2.895124e+08
209 5.921926e-04 1.929239e+09 2.660917e+09 2.843018e+08
210 5.826497e-04 1.896864e+09 2.619028e+09 2.791691e+08
211 5.732696e-04 1.865052e+09 2.577846e+09 2.741134e+08
212 5.640487e-04 1.833791e+09 2.537355e+09 2.691339e+08
213 5.549835e-04 1.803070e+09 2.497539e+09 2.642299e+08
214 5.460706e-04 1.772878e+09 2.458382e+09 2.594006e+08
215 5.373065e-04 1.743204e+09 2.419869e+09 2.546452e+08
216 5.286881e-04 1.714039e+09 2.381985e+09 2.499628e+08
217 5.202122e-04 1.685371e+09 2.344714e+09 2.453528e+08
218 5.118755e-04 1.657190e+09 2.308044e+09 2.408143e+08
219 5.036752e-04 1.629488e+09 2.271961e+09 2.363465e+08
220 4.956082e-04 1.602253e+09 2.236450e+09 2.319486e+08
221 4.876717e-04 1.575478e+09 2.201500e+09 2.276199e+08
222 4.798630e-04 1.549153e+09 2.167098e+09 2.233595e+08
223 4.721793e-04 1.523269e+09 2.133232e+09 2.191667e+08
224 4.646179e-04 1.497818e+09 2.099889e+09 2.150408e+08
225 4.571764e-04 1.472790e+09 2.067060e+09 2.109808e+08
226 4.498523e-04 1.448178e+09 2.034731e+09 2.069861e+08
227 4.426431e-04 1.423974e+09 2.002894e+09 2.030558e+08
228 4.355465e-04 1.400169e+09 1.971538e+09 1.991893e+08
229 4.285603e-04 1.376757e+09 1.940653e+09 1.953857e+08
230 4.216822e-04 1.353729e+09 1.910228e+09 1.916442e+08
231 4.149100e-04 1.331078e+09 1.880255e+09 1.879642e+08
232 4.082418e-04 1.308797e+09 1.850725e+09 1.843447e+08
233 4.016755e-04 1.286879e+09 1.821629e+09 1.807852e+08
234 3.952091e-04 1.265318e+09 1.792959e+09 1.772848e+08
235 3.888408e-04 1.244106e+09 1.764705e+09 1.738428e+08
236 3.825687e-04 1.223237e+09 1.736862e+09 1.704584e+08
237 3.763910e-04 1.202704e+09 1.709420e+09 1.671309e+08
238 3.703059e-04 1.182503e+09 1.682372e+09 1.638596e+08
239 3.643119e-04 1.162626e+09 1.655712e+09 1.606437e+08
240 3.584072e-04 1.143068e+09 1.629433e+09 1.574825e+08
241 3.525904e-04 1.123822e+09 1.603527e+09 1.543752e+08
242 3.468598e-04 1.104885e+09 1.577988e+09 1.513213e+08
243 3.412139e-04 1.086249e+09 1.552811e+09 1.483198e+08
244 3.356514e-04 1.067909e+09 1.527989e+09 1.453702e+08
245 3.301708e-04 1.049861e+09 1.503516e+09 1.424717e+08
246 3.247707e-04 1.032100e+09 1.479386e+09 1.396237e+08
247 3.194499e-04 1.014620e+09 1.455595e+09 1.368254e+08
248 3.142070e-04 9.974162e+08 1.432137e+09 1.340761e+08
249 3.090408e-04 9.804845e+08 1.409007e+09 1.313751e+08
