  0 1.000000e+00 6.234542e+12 5.761399e+11 1.636415e+12
  1 6.846167e-02 3.470806e+11 2.753605e+11 2.656311e-03
  2 6.301552e-03 2.195465e+10 3.436572e+10 3.629415e-03
  3 5.760911e-03 1.963639e+10 3.169080e+10 4.380394e-03
  4 5.643584e-03 1.982660e+10 3.067187e+10 5.464169e-03
  5 5.565128e-03 2.009344e+10 2.988784e+10 5.535893e-03
  6 5.494264e-03 2.002645e+10 2.937941e+10 6.236887e-03
  7 5.424334e-03 1.990897e+10 2.891133e+10 5.902959e-03
  8 5.128567e-03 1.969247e+10 2.671563e+10 6.523799e-03
  9 4.634120e-03 1.962173e+10 2.267926e+10 6.225683e-03
 10 4.374096e-03 1.980296e+10 2.022640e+10 6.547266e-03
 11 4.209070e-03 2.022121e+10 1.824959e+10 6.599336e-03
 12 4.059118e-03 2.036773e+10 1.658847e+10 6.808641e-03
 13 3.867982e-03 1.984638e+10 1.525416e+10 6.622752e-03
 14 3.635482e-03 1.893875e+10 1.395820e+10 6.939776e-03
 15 3.459156e-03 1.816234e+10 1.308613e+10 6.192979e-03
 16 3.281160e-03 1.731776e+10 1.228691e+10 5.896212e-03
 17 3.099789e-03 1.650090e+10 1.140727e+10 6.728366e-03
 18 2.946693e-03 1.564808e+10 1.089842e+10 6.950043e-03
 19 2.772929e-03 1.467742e+10 1.032420e+10 6.388529e-03
 20 2.574382e-03 1.355279e+10 9.688884e+09 6.548729e-03
 21 2.453930e-03 1.276832e+10 9.442346e+09 6.548817e-03
 22 2.330750e-03 1.215915e+10 8.925254e+09 6.743759e-03
 23 2.180249e-03 1.132884e+10 8.410116e+09 6.486508e-03
 24 2.070351e-03 1.068135e+10 8.088152e+09 6.970870e-03
 25 1.978415e-03 1.004414e+10 7.939528e+09 6.301102e-03
 26 1.902340e-03 9.755601e+09 7.509009e+09 6.630710e-03
 27 1.822050e-03 9.250673e+09 7.311548e+09 6.690382e-03
 28 1.705829e-03 8.707699e+09 6.785179e+09 6.742361e-03
 29 1.624277e-03 8.160927e+09 6.624835e+09 6.671749e-03
 30 1.549567e-03 7.759435e+09 6.352165e+09 6.690153e-03
 31 1.492613e-03 7.284076e+09 6.343883e+09 6.826931e-03
 32 1.426036e-03 6.998766e+09 6.015160e+09 6.665307e-03
 33 1.375135e-03 6.742157e+09 5.808346e+09 6.361380e-03
 34 1.318515e-03 6.371846e+09 5.675030e+09 6.911465e-03
 35 1.273821e-03 6.205404e+09 5.426522e+09 6.265745e-03
 36 1.226651e-03 6.038682e+09 5.152570e+09 6.991521e-03
 37 1.163365e-03 5.637989e+09 4.989319e+09 7.168387e-03
 38 1.106074e-03 5.377640e+09 4.723997e+09 6.890530e-03
 39 1.059948e-03 5.085829e+09 4.602748e+09 6.636165e-03
 40 1.036595e-03 4.948515e+09 4.529096e+09 6.234855e-03
 41 9.982753e-04 4.731111e+09 4.399042e+09 7.024723e-03
 42 9.800259e-04 4.634675e+09 4.329297e+09 6.814071e-03
 43 9.468550e-04 4.466304e+09 4.195041e+09 6.439299e-03
 44 9.001268e-04 4.225876e+09 4.009211e+09 6.626566e-03
 45 8.600002e-04 4.040538e+09 3.827271e+09 6.554771e-03
 46 8.213374e-04 3.831278e+09 3.684140e+09 6.776164e-03
 47 7.974778e-04 3.692206e+09 3.605778e+09 6.993312e-03
 48 7.770654e-04 3.594999e+09 3.516247e+09 6.746667e-03
 49 7.601651e-04 3.513613e+09 3.443040e+09 6.186619e-03
 50 7.285367e-04 3.420013e+09 3.245244e+09 6.740301e-03
 51 7.119100e-04 3.326296e+09 3.187608e+09 6.176043e-03
 52 6.765993e-04 3.113003e+09 3.079123e+09 6.377724e-03
 53 6.602276e-04 3.036208e+09 3.006103e+09 6.193368e-03
 54 6.351322e-04 2.898278e+09 2.914413e+09 7.369173e-03
 55 6.083051e-04 2.768168e+09 2.798939e+09 6.144720e-03
 56 5.836823e-04 2.677437e+09 2.664392e+09 7.132061e-03
 57 5.471912e-04 2.402212e+09 2.601693e+09 6.646612e-03
 58 5.322552e-04 2.343953e+09 2.523908e+09 6.456755e-03
 59 5.209953e-04 2.288479e+09 2.475968e+09 6.560448e-03
 60 5.135609e-04 2.240326e+09 2.454871e+09 6.405914e-03
 61 5.088628e-04 2.219101e+09 2.433079e+09 6.838723e-03
 62 5.045962e-04 2.196196e+09 2.416594e+09 7.318971e-03
 63 5.013666e-04 2.176909e+09 2.405869e+09 6.476422e-03
 64 4.592410e-04 2.106358e+09 2.096592e+09 6.872708e-03
 65 4.379641e-04 2.046223e+09 1.961109e+09 7.305827e-03
 66 3.841618e-04 1.726661e+09 1.788632e+09 6.741981e-03
 67 3.674708e-04 1.644808e+09 1.717489e+09 6.393159e-03
 68 3.541857e-04 1.571233e+09 1.668797e+09 6.125754e-03
 69 3.433810e-04 1.530415e+09 1.611161e+09 6.630364e-03
 70 3.328738e-04 1.475747e+09 1.569269e+09 6.294890e-03
 71 3.237225e-04 1.435908e+09 1.525439e+09 7.037616e-03
 72 3.155779e-04 1.401949e+09 1.485016e+09 6.844932e-03
 73 3.080031e-04 1.370548e+09 1.447244e+09 7.073752e-03
 74 3.006337e-04 1.341046e+09 1.409494e+09 7.066635e-03
 75 2.939473e-04 1.321925e+09 1.367880e+09 6.625576e-03
 76 2.854275e-04 1.283963e+09 1.327893e+09 6.645644e-03
 77 2.776962e-04 1.249818e+09 1.291311e+09 6.973008e-03
 78 2.704768e-04 1.217966e+09 1.257122e+09 6.496675e-03
 79 2.636480e-04 1.187732e+09 1.224881e+09 6.828073e-03
 80 2.571372e-04 1.158675e+09 1.194367e+09 6.623981e-03
 81 2.509389e-04 1.130788e+09 1.165536e+09 6.883538e-03
 82 2.439976e-04 1.104197e+09 1.128728e+09 6.872236e-03
 83 2.375325e-04 1.082194e+09 1.091677e+09 6.936470e-03
 84 2.313039e-04 1.054716e+09 1.062158e+09 6.998054e-03
 85 2.153781e-04 9.767239e+08 9.943322e+08 7.085636e-03
 86 2.098025e-04 9.480077e+08 9.719504e+08 6.714165e-03
 87 2.001864e-04 9.175092e+08 9.145890e+08 7.079491e-03
 88 1.930041e-04 8.927259e+08 8.735386e+08 6.937785e-03
 89 1.882549e-04 8.710277e+08 8.517683e+08 7.028483e-03
 90 1.842044e-04 8.519525e+08 8.337833e+08 7.199890e-03
 91 1.782147e-04 8.237645e+08 8.071671e+08 6.756835e-03
 92 1.731245e-04 7.997210e+08 7.846379e+08 6.975565e-03
 93 1.688317e-04 7.795305e+08 7.655495e+08 6.513275e-03
 94 1.651802e-04 7.623337e+08 7.493349e+08 6.762492e-03
 95 1.625449e-04 7.522578e+08 7.352513e+08 6.806542e-03
 96 1.601954e-04 7.434966e+08 7.224561e+08 7.275716e-03
 97 1.148182e-04 5.277522e+08 5.230504e+08 7.003381e-03
 98 1.060150e-04 4.780405e+08 4.921043e+08 6.632320e-03
 99 1.012357e-04 4.518463e+08 4.743859e+08 6.993922e-03
100 9.683276e-05 4.291034e+08 4.566784e+08 6.563168e-03
101 9.283578e-05 4.089624e+08 4.400976e+08 7.024994e-03
102 8.917806e-05 3.908741e+08 4.245847e+08 6.814029e-03
103 8.581377e-05 3.744867e+08 4.100720e+08 6.876711e-03
104 8.270804e-05 3.595577e+08 3.964829e+08 6.308223e-03
105 7.983173e-05 3.459004e+08 3.837371e+08 6.615123e-03
106 7.715933e-05 3.333592e+08 3.717563e+08 6.454206e-03
107 7.466807e-05 3.217989e+08 3.604665e+08 6.771317e-03
108 7.233757e-05 3.110997e+08 3.497998e+08 6.922177e-03
109 7.014961e-05 3.011550e+08 3.396945e+08 6.539026e-03
110 6.808797e-05 2.918705e+08 3.300953e+08 6.698693e-03
111 6.613835e-05 2.831626e+08 3.209530e+08 7.319731e-03
112 6.428817e-05 2.749583e+08 3.122239e+08 6.635912e-03
113 6.252646e-05 2.671943e+08 3.038697e+08 6.651528e-03
114 6.084369e-05 2.598156e+08 2.958566e+08 6.903232e-03
115 5.923164e-05 2.527755e+08 2.881552e+08 6.761982e-03
116 5.768324e-05 2.460339e+08 2.807396e+08 6.858483e-03
117 5.619242e-05 2.395570e+08 2.735873e+08 6.741470e-03
118 5.475636e-05 2.333665e+08 2.666554e+08 7.024072e-03
119 5.336743e-05 2.273626e+08 2.599654e+08 7.227838e-03
120 5.202199e-05 2.215380e+08 2.534924e+08 6.872219e-03
121 5.071707e-05 2.158837e+08 2.472187e+08 7.097840e-03
122 4.945073e-05 2.103961e+08 2.411309e+08 6.974706e-03
123 4.822052e-05 2.050599e+08 2.352211e+08 6.467716e-03
124 4.702435e-05 1.998653e+08 2.294802e+08 7.245830e-03
125 4.586049e-05 1.948043e+08 2.239001e+08 6.362218e-03
126 4.472746e-05 1.898705e+08 2.184735e+08 6.766814e-03
127 4.362397e-05 1.850589e+08 2.131939e+08 6.644308e-03
128 4.254888e-05 1.803650e+08 2.080555e+08 6.739575e-03
129 4.150122e-05 1.757852e+08 2.030529e+08 6.989039e-03
130 4.048009e-05 1.713162e+08 1.981812e+08 6.695226e-03
131 3.948470e-05 1.669554e+08 1.934360e+08 7.084934e-03
132 3.851431e-05 1.627002e+08 1.888131e+08 6.448326e-03
133 3.756824e-05 1.585484e+08 1.843087e+08 6.818044e-03
134 3.664869e-05 1.545006e+08 1.799411e+08 6.423092e-03
135 3.575562e-05 1.505558e+08 1.757105e+08 7.201072e-03
136 3.488371e-05 1.467074e+08 1.715773e+08 6.657478e-03
137 3.403310e-05 1.429552e+08 1.675429e+08 7.126359e-03
138 3.320531e-05 1.393044e+08 1.636158e+08 6.346561e-03
139 3.239667e-05 1.357346e+08 1.597820e+08 6.790918e-03
140 3.160729e-05 1.322501e+08 1.560392e+08 6.609669e-03
141 3.083708e-05 1.288521e+08 1.523851e+08 6.830365e-03
142 3.008578e-05 1.255403e+08 1.488182e+08 7.113841e-03
143 2.935306e-05 1.223133e+08 1.453367e+08 6.461972e-03
144 2.863856e-05 1.191694e+08 1.419390e+08 6.832881e-03
145 2.794189e-05 1.161069e+08 1.386233e+08 6.773307e-03
146 2.726266e-05 1.131239e+08 1.353879e+08 7.121572e-03
147 2.660050e-05 1.102186e+08 1.322312e+08 6.780417e-03
148 2.595500e-05 1.073890e+08 1.291514e+08 7.600384e-03
149 2.532578e-05 1.046334e+08 1.261469e+08 7.201999e-03
150 2.471246e-05 1.019500e+08 1.232158e+08 6.997423e-03
151 2.411466e-05 9.933690e+07 1.203565e+08 7.330864e-03
152 2.353200e-05 9.679243e+07 1.175675e+08 7.225587e-03
153 2.296413e-05 9.431483e+07 1.148469e+08 6.648593e-03
154 2.241067e-05 9.190242e+07 1.121933e+08 6.944318e-03
155 2.187128e-05 8.955350e+07 1.096050e+08 6.976940e-03
156 2.134723e-05 8.728183e+07 1.070816e+08 7.752807e-03
157 2.083885e-05 8.508582e+07 1.046270e+08 7.572555e-03
158 2.034346e-05 8.294373e+07 1.022368e+08 6.695435e-03
159 1.986052e-05 8.085493e+07 9.990677e+07 7.269299e-03
160 1.938965e-05 7.881841e+07 9.763471e+07 6.717362e-03
161 1.893053e-05 7.683321e+07 9.541876e+07 6.921375e-03
162 1.848289e-05 7.489838e+07 9.325735e+07 6.661166e-03
163 1.804646e-05 7.301289e+07 9.114905e+07 7.246674e-03
164 1.762096e-05 7.117569e+07 8.909250e+07 7.427970e-03
165 1.720614e-05 6.938569e+07 8.708645e+07 6.991175e-03
166 1.680174e-05 6.764180e+07 8.512965e+07 7.274198e-03
167 1.640752e-05 6.594290e+07 8.322094e+07 7.178948e-03
168 1.602323e-05 6.428792e+07 8.135917e+07 7.310255e-03
169 1.564862e-05 6.267576e+07 7.954324e+07 6.954015e-03
170 1.528347e-05 6.110537e+07 7.777208e+07 7.361683e-03
171 1.492756e-05 5.957570e+07 7.604463e+07 6.728828e-03
172 1.458065e-05 5.808572e+07 7.435988e+07 7.091215e-03
173 1.424253e-05 5.663443e+07 7.271684e+07 6.955530e-03
174 1.391298e-05 5.522085e+07 7.111455e+07 6.508742e-03
175 1.359181e-05 5.384403e+07 6.955206e+07 7.106771e-03
176 1.327880e-05 5.250303e+07 6.802844e+07 6.971043e-03
177 1.297377e-05 5.119694e+07 6.654281e+07 7.033235e-03
178 1.267652e-05 4.992487e+07 6.509429e+07 6.997196e-03
179 1.238686e-05 4.868596e+07 6.368202e+07 7.314729e-03
180 1.210461e-05 4.747937e+07 6.230516e+07 6.817320e-03
181 1.182959e-05 4.630427e+07 6.096290e+07 7.298262e-03
182 1.156164e-05 4.515988e+07 5.965444e+07 6.791349e-03
183 1.130057e-05 4.404540e+07 5.837900e+07 7.285881e-03
184 1.104622e-05 4.296008e+07 5.713582e+07 6.552274e-03
185 1.079843e-05 4.190318e+07 5.592414e+07 6.555381e-03
186 1.055705e-05 4.087399e+07 5.474325e+07 7.284133e-03
187 1.032192e-05 3.987181e+07 5.359242e+07 6.610121e-03
188 1.009289e-05 3.889596e+07 5.247095e+07 7.536539e-03
189 9.869813e-06 3.794576e+07 5.137817e+07 7.026736e-03
190 9.652545e-06 3.702059e+07 5.031341e+07 7.004059e-03
191 9.440947e-06 3.611981e+07 4.927600e+07 6.670141e-03
192 9.234883e-06 3.524281e+07 4.826531e+07 7.452056e-03
193 9.034218e-06 3.438899e+07 4.728071e+07 7.480699e-03
194 8.838824e-06 3.355777e+07 4.632159e+07 6.779076e-03
195 8.648572e-06 3.274859e+07 4.538733e+07 6.890357e-03
196 8.463338e-06 3.196090e+07 4.447736e+07 7.078011e-03
197 8.283001e-06 3.119417e+07 4.359110e+07 7.169207e-03
198 8.107440e-06 3.044787e+07 4.272797e+07 6.390918e-03
199 7.936541e-06 2.972149e+07 4.188742e+07 6.781022e-03
200 7.770190e-06 2.901453e+07 4.106892e+07 7.263295e-03
201 7.608275e-06 2.832652e+07 4.027192e+07 7.120058e-03
202 7.450687e-06 2.765699e+07 3.949590e+07 7.162133e-03
203 7.297321e-06 2.700547e+07 3.874036e+07 6.885839e-03
204 7.148073e-06 2.637151e+07 3.800479e+07 7.354317e-03
205 7.002839e-06 2.575469e+07 3.728870e+07 6.755166e-03
206 6.861522e-06 2.515458e+07 3.659160e+07 6.929920e-03
207 6.724023e-06 2.457076e+07 3.591303e+07 7.017824e-03
208 6.590247e-06 2.400282e+07 3.525252e+07 7.076370e-03
209 6.460101e-06 2.345038e+07 3.460961e+07 7.038117e-03
210 6.333493e-06 2.291304e+07 3.398387e+07 6.688674e-03
211 6.210334e-06 2.239043e+07 3.337484e+07 6.699737e-03
212 6.090536e-06 2.188219e+07 3.278212e+07 7.206261e-03
213 5.974012e-06 2.138795e+07 3.220526e+07 7.125515e-03
214 5.860680e-06 2.090737e+07 3.164387e+07 6.852043e-03
215 5.750457e-06 2.044010e+07 3.109754e+07 6.717801e-03
216 5.643262e-06 1.998581e+07 3.056588e+07 6.705568e-03
217 5.539016e-06 1.954418e+07 3.004849e+07 7.008318e-03
218 5.437642e-06 1.911488e+07 2.954499e+07 7.267724e-03
219 5.339064e-06 1.869761e+07 2.905503e+07 6.489926e-03
220 5.243208e-06 1.829205e+07 2.857822e+07 6.988398e-03
221 5.150001e-06 1.789792e+07 2.811421e+07 7.139437e-03
222 5.059373e-06 1.751492e+07 2.766266e+07 6.748433e-03
223 4.971252e-06 1.714277e+07 2.722321e+07 7.010940e-03
224 4.885572e-06 1.678119e+07 2.679554e+07 7.321269e-03
225 4.802265e-06 1.642990e+07 2.637932e+07 7.413949e-03
226 4.721266e-06 1.608865e+07 2.597422e+07 6.946053e-03
227 4.642510e-06 1.575716e+07 2.557992e+07 7.136135e-03
228 4.565936e-06 1.543520e+07 2.519613e+07 6.501125e-03
229 4.491481e-06 1.512249e+07 2.482254e+07 6.951692e-03
230 4.419086e-06 1.481881e+07 2.445885e+07 6.620962e-03
231 4.348692e-06 1.452392e+07 2.410478e+07 7.510273e-03
232 4.280241e-06 1.423757e+07 2.376005e+07 6.665094e-03
233 4.213678e-06 1.395955e+07 2.342438e+07 6.869788e-03
234 4.148946e-06 1.368962e+07 2.309750e+07 6.385221e-03
235 4.085993e-06 1.342757e+07 2.277915e+07 7.487810e-03
236 4.024766e-06 1.317318e+07 2.246908e+07 6.869363e-03
237 3.965213e-06 1.292624e+07 2.216703e+07 6.846240e-03
238 3.907285e-06 1.268655e+07 2.187276e+07 6.890090e-03
239 3.850932e-06 1.245390e+07 2.158604e+07 7.190652e-03
240 3.796107e-06 1.222810e+07 2.130663e+07 6.485568e-03
241 3.742763e-06 1.200895e+07 2.103430e+07 6.621206e-03
242 3.690854e-06 1.179627e+07 2.076884e+07 6.373605e-03
243 3.640336e-06 1.158986e+07 2.051004e+07 6.609229e-03
244 3.591166e-06 1.138956e+07 2.025767e+07 6.436010e-03
245 3.543301e-06 1.119517e+07 2.001155e+07 6.845702e-03
246 3.496701e-06 1.100653e+07 1.977148e+07 7.176573e-03
247 3.451325e-06 1.082347e+07 1.953725e+07 7.244871e-03
248 3.407135e-06 1.064581e+07 1.930869e+07 6.774669e-03
249 3.364092e-06 1.047341e+07 1.908561e+07 6.843577e-03
