  0 1.000000e+00 7.495802e+12 5.993431e+11 1.636415e+12
  1 5.916547e-02 3.575121e+11 2.819614e+11 2.730077e-03
  2 5.412362e-03 2.248822e+10 3.505953e+10 3.649910e-03
  3 4.980247e-03 2.003685e+10 3.267188e+10 4.516275e-03
  4 4.921431e-03 2.034351e+10 3.194649e+10 4.962912e-03
  5 4.891212e-03 2.060956e+10 3.149795e+10 5.181582e-03
  6 4.871129e-03 2.062121e+10 3.130542e+10 6.208825e-03
  7 4.837023e-03 2.045976e+10 3.109747e+10 6.154604e-03
  8 4.401033e-03 2.021392e+10 2.717563e+10 6.381187e-03
  9 4.081394e-03 2.041012e+10 2.387403e+10 6.151043e-03
 10 3.906538e-03 2.101188e+10 2.150169e+10 6.134221e-03
 11 3.815565e-03 2.186044e+10 1.960454e+10 6.679731e-03
 12 3.658304e-03 2.158850e+10 1.807054e+10 6.702505e-03
 13 3.477005e-03 2.087624e+10 1.673847e+10 6.418815e-03
 14 3.323917e-03 2.021267e+10 1.567741e+10 6.369509e-03
 15 3.149783e-03 1.935896e+10 1.458771e+10 7.083707e-03
 16 3.001971e-03 1.855333e+10 1.376559e+10 7.029958e-03
 17 2.827455e-03 1.742938e+10 1.302628e+10 6.915087e-03
 18 2.673065e-03 1.646823e+10 1.232762e+10 6.749346e-03
 19 2.488334e-03 1.521387e+10 1.162938e+10 6.900058e-03
 20 2.356246e-03 1.428202e+10 1.117273e+10 7.018116e-03
 21 2.228197e-03 1.346054e+10 1.062324e+10 7.057291e-03
 22 2.082808e-03 1.249764e+10 1.003635e+10 6.612795e-03
 23 1.986704e-03 1.187839e+10 9.626069e+09 6.801248e-03
 24 1.884925e-03 1.119682e+10 9.222319e+09 7.239460e-03
 25 1.810742e-03 1.065101e+10 8.985500e+09 6.755385e-03
 26 1.695435e-03 1.004713e+10 8.324347e+09 7.740934e-03
 27 1.622775e-03 9.553401e+09 8.043206e+09 6.326791e-03
 28 1.547803e-03 8.966075e+09 7.841708e+09 7.098527e-03
 29 1.504343e-03 8.709741e+09 7.626756e+09 7.057225e-03
 30 1.431389e-03 8.175636e+09 7.382533e+09 7.090813e-03
 31 1.370349e-03 7.888977e+09 6.998464e+09 7.153422e-03
 32 1.317327e-03 7.587162e+09 6.723808e+09 7.157179e-03
 33 1.261855e-03 7.285269e+09 6.420750e+09 7.184015e-03
 34 1.210463e-03 6.832571e+09 6.331847e+09 7.331410e-03
 35 1.158167e-03 6.465917e+09 6.134513e+09 6.626696e-03
 36 1.136407e-03 6.348137e+09 6.015350e+09 6.781834e-03
 37 1.082502e-03 6.101428e+09 5.672035e+09 6.933955e-03
 38 1.040423e-03 5.804454e+09 5.515186e+09 7.574716e-03
 39 1.012038e-03 5.617727e+09 5.394409e+09 6.908372e-03
 40 9.653985e-04 5.431826e+09 5.068707e+09 6.735696e-03
 41 9.277012e-04 5.150295e+09 4.944136e+09 6.604836e-03
 42 8.867815e-04 4.921658e+09 4.727581e+09 7.272422e-03
 43 8.554752e-04 4.806345e+09 4.499054e+09 6.908109e-03
 44 8.332535e-04 4.643900e+09 4.422010e+09 7.233583e-03
 45 8.047975e-04 4.419697e+09 4.338856e+09 6.783936e-03
 46 7.866471e-04 4.310553e+09 4.250626e+09 7.343083e-03
 47 7.697729e-04 4.204972e+09 4.172706e+09 6.875627e-03
 48 7.528562e-04 4.108474e+09 4.085122e+09 7.021057e-03
 49 7.450381e-04 4.103839e+09 4.004089e+09 7.693483e-03
 50 7.337305e-04 4.050577e+09 3.934049e+09 7.152989e-03
 51 7.206862e-04 4.030697e+09 3.809700e+09 6.663574e-03
 52 7.022146e-04 3.929030e+09 3.710316e+09 6.977795e-03
 53 6.547394e-04 3.537063e+09 3.588537e+09 6.841500e-03
 54 6.355899e-04 3.434346e+09 3.482858e+09 7.440633e-03
 55 6.284157e-04 3.413908e+09 3.425376e+09 7.328419e-03
 56 6.137495e-04 3.373103e+09 3.306239e+09 6.853707e-03
 57 5.888723e-04 3.233436e+09 3.175227e+09 7.380593e-03
 58 5.787757e-04 3.195846e+09 3.102505e+09 7.180977e-03
 59 5.687589e-04 3.182391e+09 3.005095e+09 7.346159e-03
 60 5.565681e-04 3.136234e+09 2.917152e+09 7.732410e-03
 61 5.475288e-04 3.036997e+09 2.920841e+09 6.962951e-03
 62 5.476006e-04 3.102383e+09 2.852111e+09 7.246148e-03
 63 5.491574e-04 3.173973e+09 2.790401e+09 7.530485e-03
 64 5.534325e-04 3.254153e+09 2.747744e+09 6.880259e-03
 65 5.600090e-04 3.343388e+09 2.719381e+09 7.489184e-03
 66 5.091993e-04 2.971039e+09 2.555149e+09 7.461058e-03
 67 4.206371e-04 2.256659e+09 2.320849e+09 6.732460e-03
 68 4.082737e-04 2.195968e+09 2.247140e+09 7.235331e-03
 69 4.007942e-04 2.157322e+09 2.204425e+09 7.081933e-03
 70 3.942209e-04 2.118239e+09 2.171886e+09 7.698126e-03
 71 3.879069e-04 2.090339e+09 2.131206e+09 6.997365e-03
 72 3.802134e-04 2.062523e+09 2.075468e+09 7.353724e-03
 73 3.746640e-04 2.034814e+09 2.042793e+09 6.926471e-03
 74 3.684666e-04 2.011989e+09 1.998154e+09 7.741962e-03
 75 3.627979e-04 1.992920e+09 1.955373e+09 7.352438e-03
 76 3.575902e-04 1.977050e+09 1.914237e+09 6.748410e-03
 77 3.528103e-04 1.964229e+09 1.874495e+09 6.820850e-03
 78 3.324332e-04 1.807775e+09 1.810225e+09 7.740140e-03
 79 3.184385e-04 1.712442e+09 1.753011e+09 6.795470e-03
 80 3.126777e-04 1.686469e+09 1.716393e+09 7.370267e-03
 81 3.069230e-04 1.660234e+09 1.680071e+09 7.513398e-03
 82 2.985493e-04 1.625897e+09 1.623331e+09 7.369165e-03
 83 2.913832e-04 1.592948e+09 1.578255e+09 7.110529e-03
 84 2.854558e-04 1.566185e+09 1.540435e+09 8.123500e-03
 85 2.800520e-04 1.543090e+09 1.504582e+09 7.305354e-03
 86 2.751281e-04 1.522996e+09 1.470877e+09 7.282313e-03
 87 2.706096e-04 1.505195e+09 1.439216e+09 7.653301e-03
 88 2.651885e-04 1.490654e+09 1.393873e+09 7.225587e-03
 89 2.603885e-04 1.475133e+09 1.356283e+09 7.491132e-03
 90 2.562047e-04 1.459344e+09 1.325834e+09 7.802657e-03
 91 2.370713e-04 1.294845e+09 1.285277e+09 7.026940e-03
 92 2.183912e-04 1.136039e+09 1.238585e+09 6.729331e-03
 93 2.088078e-04 1.059703e+09 1.207991e+09 7.616712e-03
 94 2.040020e-04 1.029466e+09 1.185293e+09 7.498408e-03
 95 1.977554e-04 9.889009e+08 1.156790e+09 7.443404e-03
 96 1.937415e-04 9.659436e+08 1.135771e+09 7.386302e-03
 97 1.896062e-04 9.439422e+08 1.112704e+09 7.797049e-03
 98 1.863823e-04 9.259933e+08 1.095393e+09 6.781487e-03
 99 1.833672e-04 9.104091e+08 1.078184e+09 6.965634e-03
100 1.807778e-04 8.990117e+08 1.061724e+09 7.298580e-03
101 1.784161e-04 8.887551e+08 1.046592e+09 7.039083e-03
102 1.762327e-04 8.793021e+08 1.032574e+09 7.623353e-03
103 1.741953e-04 8.704854e+08 1.019486e+09 7.220388e-03
104 1.722812e-04 8.622093e+08 1.007182e+09 7.670187e-03
105 1.704753e-04 8.544656e+08 9.955150e+08 8.130840e-03
106 1.687975e-04 8.474625e+08 9.845080e+08 7.412453e-03
107 1.671680e-04 8.405453e+08 9.739149e+08 7.447264e-03
108 1.656323e-04 8.340908e+08 9.638728e+08 7.470019e-03
109 1.641733e-04 8.280423e+08 9.542566e+08 7.385429e-03
110 1.627874e-04 8.223952e+08 9.450344e+08 7.284236e-03
111 1.614733e-04 8.171532e+08 9.361884e+08 7.259331e-03
112 1.602292e-04 8.123116e+08 9.277040e+08 7.644722e-03
113 1.590538e-04 8.078677e+08 9.195689e+08 7.433373e-03
114 1.579500e-04 8.038712e+08 9.117714e+08 7.345964e-03
115 1.569149e-04 8.002867e+08 9.043086e+08 7.702683e-03
116 1.559420e-04 7.970554e+08 8.971676e+08 7.436696e-03
117 1.550370e-04 7.942329e+08 8.903553e+08 7.272921e-03
118 1.542851e-04 7.924787e+08 8.841616e+08 7.577083e-03
119 1.535873e-04 7.909929e+08 8.782777e+08 6.868510e-03
120 1.529305e-04 7.897133e+08 8.726226e+08 7.747248e-03
121 1.361979e-04 6.466474e+08 8.248922e+08 7.339819e-03
122 1.349823e-04 6.404153e+08 8.178903e+08 7.181865e-03
123 1.337125e-04 6.330644e+08 8.112333e+08 7.142647e-03
124 1.324777e-04 6.258379e+08 8.048169e+08 7.593585e-03
125 1.312806e-04 6.187998e+08 7.986180e+08 7.668595e-03
126 1.301214e-04 6.119617e+08 7.926286e+08 7.458624e-03
127 1.289994e-04 6.053233e+08 7.868438e+08 7.514679e-03
128 1.279139e-04 5.988799e+08 7.812592e+08 7.116462e-03
129 1.268663e-04 5.926484e+08 7.758754e+08 7.877922e-03
130 1.258537e-04 5.866051e+08 7.706839e+08 7.244606e-03
131 1.248735e-04 5.807292e+08 7.656746e+08 7.406387e-03
132 1.239245e-04 5.750145e+08 7.608413e+08 7.799971e-03
133 1.229293e-04 5.692823e+08 7.555727e+08 7.085995e-03
134 1.219864e-04 5.639689e+08 7.504892e+08 7.221163e-03
135 1.210845e-04 5.586665e+08 7.457905e+08 7.283612e-03
136 1.202304e-04 5.535225e+08 7.414294e+08 7.156947e-03
137 1.194145e-04 5.485285e+08 7.373204e+08 7.510890e-03
138 1.186308e-04 5.436753e+08 7.334128e+08 7.388441e-03
139 1.178928e-04 5.390746e+08 7.297513e+08 8.338603e-03
140 1.171602e-04 5.344382e+08 7.261658e+08 7.185641e-03
141 1.094126e-04 4.682472e+08 6.998025e+08 7.382349e-03
142 1.017101e-04 3.980301e+08 6.739750e+08 6.854078e-03
143 1.011220e-04 3.940115e+08 6.710894e+08 7.418419e-03
144 1.005564e-04 3.901354e+08 6.683147e+08 7.838489e-03
145 1.000118e-04 3.863854e+08 6.656477e+08 6.985982e-03
146 9.948741e-05 3.827563e+08 6.630857e+08 7.607658e-03
147 9.898249e-05 3.792438e+08 6.606242e+08 7.343875e-03
148 9.849617e-05 3.758437e+08 6.582583e+08 7.746381e-03
149 9.802762e-05 3.725520e+08 6.559833e+08 6.889725e-03
150 9.757604e-05 3.693648e+08 6.537946e+08 7.002893e-03
151 9.714068e-05 3.662783e+08 6.516880e+08 7.612240e-03
152 9.672083e-05 3.632890e+08 6.496598e+08 7.679996e-03
153 9.631582e-05 3.603934e+08 6.477060e+08 7.459730e-03
154 9.592499e-05 3.575885e+08 6.458230e+08 7.594284e-03
155 9.554778e-05 3.548709e+08 6.440077e+08 7.567327e-03
156 9.518363e-05 3.522373e+08 6.422575e+08 7.551883e-03
157 9.483199e-05 3.496848e+08 6.405694e+08 7.578178e-03
158 9.449235e-05 3.472110e+08 6.389405e+08 7.529084e-03
159 9.416423e-05 3.448131e+08 6.373683e+08 7.920398e-03
160 9.384885e-05 3.425271e+08 6.358442e+08 7.789623e-03
161 9.354567e-05 3.403328e+08 6.343749e+08 7.194019e-03
162 9.325289e-05 3.382035e+08 6.329591e+08 7.812596e-03
163 9.296969e-05 3.361323e+08 6.315937e+08 7.537536e-03
164 9.269555e-05 3.341170e+08 6.302753e+08 6.837789e-03
165 9.243007e-05 3.321563e+08 6.290012e+08 7.708579e-03
166 9.217607e-05 3.303003e+08 6.277699e+08 7.185195e-03
167 9.192521e-05 3.284733e+08 6.265489e+08 7.782762e-03
168 9.167531e-05 3.267303e+08 6.252905e+08 7.842855e-03
169 9.144087e-05 3.249820e+08 6.241675e+08 7.164631e-03
170 9.121402e-05 3.232763e+08 6.230866e+08 7.719588e-03
171 9.099428e-05 3.216158e+08 6.220421e+08 8.115489e-03
172 9.078134e-05 3.200014e+08 6.210314e+08 8.068274e-03
173 9.057499e-05 3.184327e+08 6.200524e+08 7.636592e-03
174 9.037499e-05 3.169091e+08 6.191040e+08 7.652935e-03
175 9.018114e-05 3.154296e+08 6.181848e+08 7.715540e-03
176 8.999324e-05 3.139931e+08 6.172938e+08 7.483409e-03
177 8.981112e-05 3.125987e+08 6.164300e+08 7.491543e-03
178 8.963459e-05 3.112452e+08 6.155925e+08 7.471193e-03
179 8.946348e-05 3.099317e+08 6.147806e+08 7.302798e-03
180 8.929762e-05 3.086572e+08 6.139932e+08 7.872369e-03
181 8.913687e-05 3.074206e+08 6.132297e+08 7.291851e-03
182 8.898106e-05 3.062210e+08 6.124893e+08 7.772398e-03
183 8.883005e-05 3.050574e+08 6.117714e+08 7.326001e-03
184 8.868371e-05 3.039289e+08 6.110753e+08 7.347324e-03
185 8.854189e-05 3.028346e+08 6.104003e+08 7.533828e-03
186 8.840447e-05 3.017735e+08 6.097458e+08 7.036247e-03
187 8.827132e-05 3.007449e+08 6.091112e+08 7.911821e-03
188 8.814232e-05 2.997478e+08 6.084960e+08 7.677508e-03
189 8.801736e-05 2.987816e+08 6.078997e+08 7.715066e-03
190 8.789633e-05 2.978453e+08 6.073218e+08 7.923613e-03
191 8.777912e-05 2.969382e+08 6.067617e+08 8.223784e-03
192 8.766562e-05 2.960597e+08 6.062189e+08 7.372927e-03
193 8.755574e-05 2.952090e+08 6.056931e+08 7.998393e-03
194 8.744939e-05 2.943853e+08 6.051838e+08 7.707698e-03
195 8.734646e-05 2.935882e+08 6.046906e+08 7.340440e-03
196 8.724688e-05 2.928168e+08 6.042129e+08 8.059603e-03
197 8.715055e-05 2.920706e+08 6.037506e+08 7.424787e-03
198 8.705739e-05 2.913490e+08 6.033031e+08 7.521319e-03
199 8.696732e-05 2.906514e+08 6.028701e+08 7.798298e-03
200 8.688027e-05 2.899772e+08 6.024513e+08 7.553112e-03
201 8.679616e-05 2.893259e+08 6.020462e+08 7.346757e-03
202 8.671490e-05 2.886970e+08 6.016546e+08 7.305074e-03
203 8.663647e-05 2.880905e+08 6.012760e+08 7.838779e-03
204 8.656113e-05 2.875113e+08 6.009105e+08 7.754057e-03
205 8.648829e-05 2.869490e+08 6.005579e+08 7.302413e-03
206 8.641792e-05 2.864058e+08 6.002173e+08 8.027667e-03
207 8.635003e-05 2.858820e+08 5.998882e+08 7.066095e-03
208 8.628456e-05 2.853773e+08 5.995705e+08 7.778839e-03
209 8.622146e-05 2.848915e+08 5.992639e+08 7.351719e-03
210 8.616068e-05 2.844240e+08 5.989681e+08 7.335525e-03
211 8.610216e-05 2.839746e+08 5.986829e+08 7.630810e-03
212 8.604583e-05 2.835428e+08 5.984078e+08 7.614291e-03
213 8.599165e-05 2.831283e+08 5.981428e+08 7.614793e-03
214 8.593955e-05 2.827306e+08 5.978874e+08 7.954440e-03
215 8.588943e-05 2.823503e+08 5.976405e+08 7.756365e-03
216 8.584144e-05 2.819919e+08 5.974013e+08 7.341850e-03
217 8.579528e-05 2.816435e+08 5.971730e+08 8.056161e-03
218 8.575095e-05 2.813095e+08 5.969533e+08 7.907866e-03
219 8.570841e-05 2.809900e+08 5.967419e+08 7.671112e-03
220 8.566760e-05 2.806848e+08 5.965384e+08 7.427510e-03
221 8.562847e-05 2.803936e+08 5.963426e+08 8.091656e-03
222 8.559096e-05 2.801160e+08 5.961541e+08 7.482819e-03
223 8.555501e-05 2.798517e+08 5.959726e+08 7.394054e-03
224 8.552058e-05 2.796002e+08 5.957979e+08 7.619038e-03
225 8.548759e-05 2.793613e+08 5.956296e+08 7.283041e-03
226 8.545599e-05 2.791344e+08 5.954674e+08 7.821564e-03
227 8.542572e-05 2.789191e+08 5.953110e+08 7.719444e-03
228 8.539672e-05 2.787151e+08 5.951601e+08 7.550112e-03
229 8.536892e-05 2.785220e+08 5.950144e+08 7.854860e-03
230 8.534227e-05 2.783392e+08 5.948735e+08 8.091066e-03
231 8.531671e-05 2.781664e+08 5.947371e+08 8.051156e-03
232 8.529216e-05 2.780032e+08 5.946049e+08 7.736674e-03
233 8.526857e-05 2.778491e+08 5.944766e+08 7.461539e-03
234 8.524588e-05 2.777036e+08 5.943518e+08 7.587834e-03
235 8.522401e-05 2.775664e+08 5.942301e+08 7.471220e-03
236 8.520291e-05 2.774369e+08 5.941114e+08 7.617869e-03
237 8.518251e-05 2.773148e+08 5.939951e+08 7.884549e-03
238 8.516273e-05 2.771996e+08 5.938809e+08 7.798662e-03
239 8.514353e-05 2.770907e+08 5.937686e+08 7.840234e-03
240 8.512481e-05 2.769878e+08 5.936577e+08 7.071120e-03
241 8.510653e-05 2.768904e+08 5.935479e+08 7.546725e-03
242 8.508861e-05 2.767980e+08 5.934388e+08 7.463139e-03
243 8.507097e-05 2.767102e+08 5.933300e+08 7.391926e-03
244 8.505356e-05 2.766264e+08 5.932212e+08 7.656281e-03
245 8.492835e-05 2.762266e+08 5.923445e+08 8.124044e-03
246 8.482003e-05 2.758178e+08 5.916153e+08 7.848074e-03
247 8.480575e-05 2.757513e+08 5.915251e+08 7.434438e-03
248 8.479284e-05 2.756909e+08 5.914436e+08 7.508010e-03
249 8.478002e-05 2.756339e+08 5.913613e+08 7.849676e-03
