  0 1.000000e+00 1.126133e+13 2.850971e+11 9.692857e+11
  1 3.724147e-02 2.549850e+11 3.055370e+11 1.375945e+11
  2 3.523612e-02 3.182246e+11 2.357950e+11 4.308004e+10
  3 2.289645e-02 1.568489e+11 2.049462e+11 2.035660e+10
  4 1.761700e-02 9.252665e+10 1.758862e+11 1.336277e+10
  5 1.570270e-02 8.700589e+10 1.544430e+11 9.950780e+09
  6 1.454850e-02 9.096620e+10 1.368208e+11 7.958562e+09
  7 1.366396e-02 9.360069e+10 1.227288e+11 6.666311e+09
  8 1.253058e-02 8.801339e+10 1.108718e+11 5.803154e+09
  9 1.151464e-02 8.002852e+10 1.025573e+11 5.208186e+09
