  0 1.000000e+00 9.212457e+12 3.504781e+11 1.179697e+12
  1 4.738202e-02 2.678202e+11 3.495840e+11 4.960760e-03
  2 3.761515e-02 2.901843e+11 1.949809e+11 8.067601e-03
  3 2.393914e-02 1.681639e+11 1.456914e+11 8.655699e-03
  4 1.952307e-02 1.363435e+11 1.197318e+11 9.974081e-03
  5 1.732072e-02 1.229819e+11 1.038809e+11 1.014574e-02
  6 1.662337e-02 1.216382e+11 9.526365e+10 9.833541e-03
  7 1.631088e-02 1.225223e+11 8.927638e+10 1.008702e-02
  8 1.580924e-02 1.202809e+11 8.439558e+10 1.057346e-02
  9 1.513429e-02 1.152799e+11 8.060068e+10 1.084042e-02
