  0 1.000000e+00 6.501696e+12 3.973436e+11 1.353563e+12
  1 8.312500e-02 3.053464e+11 3.859255e+11 2.523203e+11
  2 6.210009e-02 3.099591e+11 2.609663e+11 8.071610e+10
  3 4.450047e-02 1.853678e+11 2.277060e+11 3.795473e+10
  4 4.007562e-02 1.615717e+11 2.106847e+11 2.436923e+10
  5 3.904787e-02 1.677968e+11 1.974839e+11 1.822891e+10
  6 3.867308e-02 1.792268e+11 1.839833e+11 1.505254e+10
  7 3.841936e-02 1.887736e+11 1.718278e+11 1.313992e+10
  8 3.630557e-02 1.829955e+11 1.572081e+11 1.182649e+10
  9 3.408775e-02 1.729642e+11 1.462785e+11 1.083428e+10
