  0 1.000000e+00 7.665242e+12 3.176713e+11 1.179697e+12
  1 6.253379e-02 2.770131e+11 3.467699e+11 1.965065e+11
  2 5.130317e-02 3.221163e+11 2.257736e+11 6.198782e+10
  3 3.379980e-02 1.793522e+11 1.892575e+11 2.905025e+10
  4 2.762336e-02 1.330435e+11 1.671046e+11 1.865813e+10
  5 2.608100e-02 1.305849e+11 1.540728e+11 1.383141e+10
  6 2.567265e-02 1.382047e+11 1.431105e+11 1.130218e+10
  7 2.546975e-02 1.457817e+11 1.331753e+11 9.784179e+09
  8 2.433252e-02 1.431592e+11 1.228828e+11 8.759193e+09
  9 2.288038e-02 1.355724e+11 1.144421e+11 7.997278e+09
