  0 1.000000e+00 5.305676e+12 5.677211e+11 1.636415e+12
  1 1.269360e-01 3.925557e+11 4.693534e+11 3.571067e+11
  2 8.974033e-02 3.121683e+11 3.740836e+11 1.160882e+11
  3 7.426973e-02 2.386588e+11 3.344838e+11 5.466044e+10
  4 7.053487e-02 2.501875e+11 3.019600e+11 3.470846e+10
  5 6.917079e-02 2.690772e+11 2.756500e+11 2.562272e+10
  6 6.809499e-02 2.814159e+11 2.546030e+11 2.060009e+10
  7 6.466011e-02 2.776018e+11 2.299342e+11 1.746428e+10
  8 5.848491e-02 2.525327e+11 2.062573e+11 1.531295e+10
  9 5.289150e-02 2.276071e+11 1.874831e+11 1.373258e+10
 10 4.846917e-02 2.076873e+11 1.728869e+11 1.250727e+10
 11 4.486421e-02 1.923037e+11 1.599564e+11 1.151430e+10
 12 4.201080e-02 1.807757e+11 1.489415e+11 1.068146e+10
 13 3.933928e-02 1.693962e+11 1.393315e+11 9.965005e+09
 14 3.727795e-02 1.610651e+11 1.313728e+11 9.337269e+09
 15 3.515782e-02 1.514753e+11 1.244277e+11 8.779865e+09
 16 3.335018e-02 1.436858e+11 1.180354e+11 8.280005e+09
 17 3.184253e-02 1.364506e+11 1.135991e+11 7.828462e+09
 18 3.042861e-02 1.310691e+11 1.077404e+11 7.418254e+09
 19 2.912723e-02 1.249717e+11 1.037318e+11 7.043911e+09
 20 2.796087e-02 1.194013e+11 1.002601e+11 6.700986e+09
 21 2.684352e-02 1.143229e+11 9.662124e+10 6.385910e+09
 22 2.565724e-02 1.094111e+11 9.218548e+10 6.095506e+09
 23 2.489218e-02 1.055596e+11 9.013673e+10 5.827231e+09
 24 2.393788e-02 1.007741e+11 8.754022e+10 5.578725e+09
 25 2.311391e-02 9.642178e+10 8.553603e+10 5.348130e+09
 26 2.226438e-02 9.268168e+10 8.261394e+10 5.133633e+09
 27 2.150691e-02 8.922447e+10 8.014464e+10 4.933763e+09
 28 2.094693e-02 8.639985e+10 7.861610e+10 4.747180e+09
 29 2.036463e-02 8.296618e+10 7.755207e+10 4.572661e+09
 30 1.974942e-02 7.966549e+10 7.605159e+10 4.409182e+09
 31 1.923658e-02 7.718748e+10 7.450535e+10 4.255826e+09
 32 1.863658e-02 7.414948e+10 7.282963e+10 4.111683e+09
 33 1.806183e-02 7.136422e+10 7.108806e+10 3.976121e+09
 34 1.762032e-02 6.914452e+10 6.982591e+10 3.848448e+09
 35 1.712924e-02 6.651071e+10 6.857316e+10 3.728062e+09
 36 1.661192e-02 6.376081e+10 6.721325e+10 3.614523e+09
 37 1.610381e-02 6.138888e+10 6.555465e+10 3.507449e+09
 38 1.558919e-02 5.873744e+10 6.409806e+10 3.406462e+09
 39 1.506236e-02 5.635423e+10 6.229337e+10 3.311297e+09
 40 1.450222e-02 5.404882e+10 6.016406e+10 3.221747e+09
 41 1.396139e-02 5.196512e+10 5.797950e+10 3.137594e+09
 42 1.342117e-02 4.982983e+10 5.584517e+10 3.058619e+09
 43 1.285194e-02 4.774873e+10 5.344465e+10 2.984560e+09
 44 1.197898e-02 4.531114e+10 4.907496e+10 2.915115e+09
 45 1.163876e-02 4.371650e+10 4.796248e+10 2.849968e+09
 46 1.130810e-02 4.224724e+10 4.680475e+10 2.788838e+09
 47 1.100514e-02 4.070836e+10 4.591388e+10 2.731413e+09
 48 1.069641e-02 3.926191e+10 4.489259e+10 2.677364e+09
 49 1.043437e-02 3.808427e+10 4.397977e+10 2.626409e+09
 50 1.016399e-02 3.693448e+10 4.297953e+10 2.578256e+09
 51 9.896445e-03 3.581942e+10 4.196915e+10 2.532646e+09
 52 9.640281e-03 3.477008e+10 4.098542e+10 2.489335e+09
 53 9.419099e-03 3.381950e+10 4.017326e+10 2.448086e+09
 54 9.202401e-03 3.293844e+10 3.933447e+10 2.408715e+09
 55 8.995851e-03 3.210426e+10 3.852984e+10 2.371085e+09
 56 8.806173e-03 3.140299e+10 3.773684e+10 2.335031e+09
 57 8.608690e-03 3.062526e+10 3.695051e+10 2.300407e+09
 58 8.431395e-03 2.987957e+10 3.628363e+10 2.267088e+09
 59 8.265504e-03 2.930314e+10 3.555951e+10 2.234954e+09
 60 8.098518e-03 2.870775e+10 3.484301e+10 2.203911e+09
 61 7.926498e-03 2.805034e+10 3.414104e+10 2.173865e+09
 62 7.750969e-03 2.737509e+10 3.342815e+10 2.144735e+09
 63 7.578818e-03 2.671277e+10 3.272886e+10 2.116449e+09
 64 7.426212e-03 2.608095e+10 3.214530e+10 2.088940e+09
 65 7.274246e-03 2.550814e+10 3.151814e+10 2.062144e+09
 66 7.121515e-03 2.494233e+10 3.087970e+10 2.036014e+09
 67 6.963698e-03 2.433696e+10 3.023653e+10 2.010499e+09
 68 6.813923e-03 2.375828e+10 2.962936e+10 1.985558e+09
 69 6.672324e-03 2.321215e+10 2.905445e+10 1.961148e+09
 70 6.537367e-03 2.270126e+10 2.849873e+10 1.937234e+09
 71 6.405623e-03 2.219086e+10 2.796543e+10 1.913784e+09
 72 6.275387e-03 2.168879e+10 2.743607e+10 1.890770e+09
 73 6.147107e-03 2.119654e+10 2.691270e+10 1.868168e+09
 74 6.020830e-03 2.071378e+10 2.639593e+10 1.845951e+09
 75 5.896940e-03 2.024250e+10 2.588694e+10 1.824096e+09
 76 5.777237e-03 1.978391e+10 2.539757e+10 1.802584e+09
 77 5.668333e-03 1.934916e+10 2.496593e+10 1.781394e+09
 78 5.553825e-03 1.891780e+10 2.449183e+10 1.760510e+09
 79 5.443426e-03 1.851285e+10 2.402624e+10 1.739914e+09
 80 5.332943e-03 1.811026e+10 2.355815e+10 1.719594e+09
 81 5.150329e-03 1.748853e+10 2.274981e+10 1.699526e+09
 82 5.042542e-03 1.716307e+10 2.224130e+10 1.679695e+09
 83 4.946922e-03 1.675512e+10 2.188202e+10 1.660108e+09
 84 4.861129e-03 1.633356e+10 2.160148e+10 1.640759e+09
 85 4.770229e-03 1.598247e+10 2.123111e+10 1.621640e+09
 86 4.682413e-03 1.565475e+10 2.086460e+10 1.602749e+09
 87 4.596882e-03 1.534196e+10 2.050276e+10 1.584071e+09
 88 4.513381e-03 1.504091e+10 2.014626e+10 1.565594e+09
 89 4.432212e-03 1.475175e+10 1.979710e+10 1.547309e+09
 90 4.353128e-03 1.447271e+10 1.945490e+10 1.529207e+09
 91 4.275607e-03 1.420121e+10 1.911794e+10 1.511281e+09
 92 4.200902e-03 1.393926e+10 1.879348e+10 1.493525e+09
 93 4.127727e-03 1.368719e+10 1.847231e+10 1.475933e+09
 94 4.055664e-03 1.344277e+10 1.815320e+10 1.458501e+09
 95 3.984895e-03 1.320485e+10 1.783826e+10 1.441226e+09
 96 3.915582e-03 1.297328e+10 1.752874e+10 1.424105e+09
 97 3.847767e-03 1.274767e+10 1.722521e+10 1.407135e+09
 98 3.781211e-03 1.252666e+10 1.692702e+10 1.390311e+09
 99 3.715852e-03 1.230990e+10 1.663399e+10 1.373632e+09
100 3.651700e-03 1.209741e+10 1.634620e+10 1.357095e+09
101 3.588713e-03 1.188908e+10 1.606342e+10 1.340699e+09
102 3.526926e-03 1.168529e+10 1.578561e+10 1.324442e+09
103 3.467248e-03 1.149021e+10 1.551602e+10 1.308321e+09
104 3.408596e-03 1.129857e+10 1.525102e+10 1.292335e+09
105 3.350897e-03 1.111002e+10 1.499033e+10 1.276483e+09
106 3.294134e-03 1.092452e+10 1.473390e+10 1.260763e+09
107 3.238260e-03 1.074174e+10 1.448162e+10 1.245175e+09
108 3.183256e-03 1.056163e+10 1.423341e+10 1.229717e+09
109 3.129108e-03 1.038415e+10 1.398920e+10 1.214389e+09
110 3.075866e-03 1.020985e+10 1.374893e+10 1.199189e+09
111 3.024763e-03 1.004454e+10 1.351687e+10 1.184116e+09
112 2.974271e-03 9.881225e+09 1.328757e+10 1.169171e+09
113 2.924336e-03 9.719397e+09 1.306103e+10 1.154351e+09
114 2.874994e-03 9.559111e+09 1.283748e+10 1.139657e+09
115 2.826275e-03 9.400509e+09 1.261699e+10 1.125087e+09
116 2.778218e-03 9.243731e+09 1.239975e+10 1.110642e+09
117 2.730936e-03 9.088970e+09 1.218640e+10 1.096322e+09
118 2.684297e-03 8.936090e+09 1.197613e+10 1.082124e+09
119 2.638299e-03 8.785140e+09 1.176888e+10 1.068049e+09
120 2.592943e-03 8.636174e+09 1.156461e+10 1.054097e+09
121 2.548231e-03 8.489201e+09 1.136335e+10 1.040268e+09
122 2.504164e-03 8.344219e+09 1.116508e+10 1.026560e+09
123 2.460741e-03 8.201225e+09 1.096982e+10 1.012974e+09
124 2.417956e-03 8.060212e+09 1.077752e+10 9.995090e+08
125 2.375809e-03 7.921810e+09 1.058771e+10 9.861654e+08
126 2.334366e-03 7.786090e+09 1.040081e+10 9.729426e+08
127 2.293490e-03 7.651208e+09 1.021722e+10 9.598402e+08
128 2.253396e-03 7.519296e+09 1.003687e+10 9.468581e+08
129 2.214138e-03 7.390693e+09 9.859869e+09 9.339959e+08
130 2.175615e-03 7.264652e+09 9.686077e+09 9.212533e+08
131 2.137705e-03 7.140489e+09 9.515155e+09 9.086301e+08
132 2.100355e-03 7.017958e+09 9.346915e+09 8.961262e+08
133 2.063469e-03 6.896560e+09 9.181050e+09 8.837412e+08
134 2.027125e-03 6.776543e+09 9.017939e+09 8.714750e+08
135 1.991341e-03 6.658187e+09 8.857484e+09 8.593274e+08
136 1.956150e-03 6.541822e+09 8.699672e+09 8.472980e+08
137 1.921519e-03 6.427205e+09 8.544454e+09 8.353866e+08
138 1.889061e-03 6.317029e+09 8.401104e+09 8.235930e+08
139 1.857716e-03 6.210404e+09 8.262868e+09 8.119160e+08
140 1.826842e-03 6.106076e+09 8.126194e+09 8.003558e+08
141 1.796415e-03 6.003723e+09 7.991147e+09 7.889129e+08
142 1.766402e-03 5.903126e+09 7.857674e+09 7.775873e+08
143 1.736780e-03 5.804062e+09 7.725779e+09 7.663788e+08
144 1.707521e-03 5.706141e+09 7.595549e+09 7.552869e+08
145 1.678667e-03 5.609754e+09 7.466990e+09 7.443113e+08
146 1.650205e-03 5.514761e+09 7.340121e+09 7.334514e+08
147 1.622129e-03 5.421084e+09 7.214957e+09 7.227068e+08
148 1.594440e-03 5.328696e+09 7.091520e+09 7.120770e+08
149 1.567140e-03 5.237583e+09 6.969831e+09 7.015616e+08
150 1.540229e-03 5.147742e+09 6.849904e+09 6.911602e+08
151 1.513709e-03 5.059169e+09 6.731755e+09 6.808723e+08
152 1.487583e-03 4.971866e+09 6.615393e+09 6.706974e+08
153 1.461851e-03 4.885834e+09 6.500826e+09 6.606352e+08
154 1.436514e-03 4.801075e+09 6.388057e+09 6.506851e+08
155 1.411572e-03 4.717590e+09 6.277088e+09 6.408467e+08
156 1.387025e-03 4.635378e+09 6.167916e+09 6.311195e+08
157 1.362872e-03 4.554439e+09 6.060538e+09 6.215031e+08
158 1.339020e-03 4.474046e+09 5.954849e+09 6.119968e+08
159 1.315588e-03 4.395187e+09 5.850933e+09 6.026003e+08
160 1.292587e-03 4.317937e+09 5.748811e+09 5.933129e+08
161 1.269990e-03 4.242089e+09 5.648463e+09 5.841342e+08
162 1.247788e-03 4.167556e+09 5.549874e+09 5.750636e+08
163 1.225971e-03 4.094292e+09 5.453025e+09 5.661006e+08
164 1.204536e-03 4.022270e+09 5.357900e+09 5.572446e+08
165 1.183476e-03 3.951469e+09 5.264479e+09 5.484950e+08
166 1.162788e-03 3.881873e+09 5.172744e+09 5.398513e+08
167 1.142467e-03 3.813470e+09 5.082674e+09 5.313129e+08
168 1.122509e-03 3.746243e+09 4.994249e+09 5.228791e+08
169 1.102908e-03 3.680181e+09 4.907446e+09 5.145494e+08
170 1.083662e-03 3.615270e+09 4.822244e+09 5.063231e+08
171 1.064764e-03 3.551496e+09 4.738621e+09 4.981996e+08
172 1.046210e-03 3.488845e+09 4.656552e+09 4.901783e+08
173 1.027995e-03 3.427303e+09 4.576016e+09 4.822584e+08
174 1.010115e-03 3.366855e+09 4.496988e+09 4.744394e+08
175 9.925634e-04 3.307487e+09 4.419444e+09 4.667205e+08
176 9.753012e-04 3.248986e+09 4.343263e+09 4.591010e+08
177 9.583531e-04 3.191516e+09 4.268496e+09 4.515804e+08
178 9.417448e-04 3.135233e+09 4.195208e+09 4.441577e+08
179 9.254570e-04 3.080037e+09 4.123339e+09 4.368325e+08
180 9.094786e-04 3.025877e+09 4.052848e+09 4.296038e+08
181 8.938012e-04 2.972717e+09 3.983703e+09 4.224711e+08
182 8.784178e-04 2.920530e+09 3.915877e+09 4.154335e+08
183 8.633223e-04 2.869296e+09 3.849342e+09 4.084904e+08
184 8.485092e-04 2.818996e+09 3.784073e+09 4.016409e+08
185 8.339729e-04 2.769613e+09 3.720043e+09 3.948844e+08
186 8.197082e-04 2.721131e+09 3.657229e+09 3.882201e+08
187 8.057097e-04 2.673534e+09 3.595606e+09 3.816473e+08
188 7.919725e-04 2.626806e+09 3.535150e+09 3.751651e+08
189 7.784862e-04 2.580913e+09 3.475814e+09 3.687728e+08
190 7.652637e-04 2.535952e+09 3.417616e+09 3.624696e+08
191 7.522773e-04 2.491704e+09 3.360527e+09 3.562548e+08
192 7.395241e-04 2.448208e+09 3.304496e+09 3.501275e+08
193 7.270155e-04 2.405574e+09 3.249522e+09 3.440869e+08
194 7.147405e-04 2.363738e+09 3.195574e+09 3.381324e+08
195 7.026929e-04 2.322672e+09 3.142632e+09 3.322630e+08
196 6.908678e-04 2.282360e+09 3.090673e+09 3.264780e+08
197 6.792606e-04 2.242786e+09 3.039677e+09 3.207766e+08
198 6.678668e-04 2.203937e+09 2.989622e+09 3.151581e+08
199 6.566819e-04 2.165797e+09 2.940487e+09 3.096215e+08
200 6.457015e-04 2.128354e+09 2.892253e+09 3.041662e+08
201 6.349212e-04 2.091593e+09 2.844899e+09 2.987912e+08
202 6.243368e-04 2.055501e+09 2.798406e+09 2.934958e+08
203 6.139440e-04 2.020065e+09 2.752754e+09 2.882792e+08
204 6.037388e-04 1.985271e+09 2.707924e+09 2.831405e+08
205 5.937171e-04 1.951107e+09 2.663899e+09 2.780790e+08
206 5.838749e-04 1.917560e+09 2.620659e+09 2.730938e+08
207 5.742084e-04 1.884618e+09 2.578186e+09 2.681842e+08
208 5.647136e-04 1.852268e+09 2.536464e+09 2.633493e+08
209 5.553870e-04 1.820498e+09 2.495475e+09 2.585883e+08
210 5.462248e-04 1.789298e+09 2.455202e+09 2.539005e+08
211 5.372235e-04 1.758655e+09 2.415630e+09 2.492849e+08
212 5.283796e-04 1.728563e+09 2.376739e+09 2.447409e+08
213 5.196903e-04 1.699008e+09 2.338519e+09 2.402675e+08
214 5.111520e-04 1.669978e+09 2.300955e+09 2.358640e+08
215 5.027611e-04 1.641462e+09 2.264031e+09 2.315297e+08
216 4.945143e-04 1.613449e+09 2.227730e+09 2.272636e+08
217 4.864085e-04 1.585928e+09 2.192040e+09 2.230651e+08
218 4.784405e-04 1.558888e+09 2.156947e+09 2.189332e+08
219 4.706074e-04 1.532322e+09 2.122436e+09 2.148673e+08
220 4.629064e-04 1.506218e+09 2.088496e+09 2.108665e+08
221 4.553347e-04 1.480568e+09 2.055114e+09 2.069301e+08
222 4.478894e-04 1.455363e+09 2.022277e+09 2.030573e+08
223 4.405680e-04 1.430593e+09 1.989973e+09 1.992472e+08
224 4.333679e-04 1.406251e+09 1.958192e+09 1.954992e+08
225 4.262864e-04 1.382328e+09 1.926921e+09 1.918124e+08
226 4.193212e-04 1.358815e+09 1.896150e+09 1.881861e+08
227 4.124699e-04 1.335705e+09 1.865868e+09 1.846195e+08
228 4.057300e-04 1.312989e+09 1.836065e+09 1.811118e+08
229 3.990994e-04 1.290659e+09 1.806731e+09 1.776624e+08
230 3.925759e-04 1.268709e+09 1.777856e+09 1.742704e+08
231 3.861572e-04 1.247131e+09 1.749430e+09 1.709351e+08
232 3.798413e-04 1.225917e+09 1.721446e+09 1.676558e+08
233 3.736261e-04 1.205060e+09 1.693893e+09 1.644317e+08
234 3.675097e-04 1.184554e+09 1.666763e+09 1.612622e+08
235 3.614901e-04 1.164392e+09 1.640048e+09 1.581463e+08
236 3.555655e-04 1.144567e+09 1.613740e+09 1.550835e+08
237 3.497341e-04 1.125073e+09 1.587831e+09 1.520731e+08
238 3.439940e-04 1.105904e+09 1.562313e+09 1.491142e+08
239 3.383435e-04 1.087053e+09 1.537179e+09 1.462063e+08
240 3.327810e-04 1.068514e+09 1.512422e+09 1.433485e+08
241 3.273049e-04 1.050282e+09 1.488035e+09 1.405403e+08
242 3.219135e-04 1.032351e+09 1.464011e+09 1.377809e+08
243 3.166053e-04 1.014715e+09 1.440343e+09 1.350695e+08
244 3.113789e-04 9.973695e+08 1.417026e+09 1.324057e+08
245 3.062327e-04 9.803085e+08 1.394053e+09 1.297886e+08
246 3.011654e-04 9.635270e+08 1.371418e+09 1.272176e+08
247 2.961756e-04 9.470199e+08 1.349116e+09 1.246920e+08
248 2.912619e-04 9.307823e+08 1.327141e+09 1.222112e+08
249 2.864231e-04 9.148095e+08 1.305487e+09 1.197746e+08
