  0 1.000000e+00 1.152128e+13 2.889981e+11 9.692857e+11
  1 3.454461e-02 2.549690e+11 3.075942e+11 5.742363e-03
  2 2.852962e-02 2.912420e+11 1.550903e+11 1.052753e-02
  3 1.585938e-02 1.489209e+11 1.070822e+11 1.224814e-02
  4 1.165200e-02 1.046816e+11 8.486829e+10 1.222807e-02
  5 9.863672e-03 8.764499e+10 7.302345e+10 1.267546e-02
  6 9.339496e-03 8.484941e+10 6.684468e+10 1.257607e-02
  7 9.160415e-03 8.516703e+10 6.301630e+10 1.339463e-02
  8 8.907380e-03 8.359761e+10 6.020285e+10 1.347666e-02
  9 8.585833e-03 8.063192e+10 5.795717e+10 1.416512e-02
