  0 1.000000e+00 9.191240e+12 3.501622e+11 1.179697e+12
  1 4.747174e-02 2.678096e+11 3.493843e+11 4.904957e-03
  2 3.769936e-02 2.901980e+11 1.949416e+11 8.182594e-03
  3 2.399343e-02 1.681863e+11 1.456651e+11 9.033491e-03
  4 1.956831e-02 1.363612e+11 1.197248e+11 9.886993e-03
  5 1.736143e-02 1.229869e+11 1.038952e+11 1.032765e-02
  6 1.666221e-02 1.216483e+11 9.526755e+10 1.077412e-02
  7 1.634836e-02 1.225277e+11 8.927636e+10 1.041656e-02
  8 1.585325e-02 1.203679e+11 8.440305e+10 1.095987e-02
  9 1.517424e-02 1.153388e+11 8.060730e+10 1.096880e-02
