  0 1.000000e+00 8.668648e+12 3.288433e+11 1.179697e+12
  1 5.178255e-02 3.573614e+11 2.789480e+11 5.385871e-03
  2 3.377408e-03 1.356236e+10 2.627445e+10 7.325643e-03
  3 2.810125e-03 1.112146e+10 2.194460e+10 8.677761e-03
  4 2.705175e-03 1.080251e+10 2.107591e+10 8.343554e-03
  5 2.677942e-03 1.075318e+10 2.083317e+10 8.625066e-03
  6 2.661829e-03 1.069714e+10 2.070335e+10 8.736745e-03
  7 2.647174e-03 1.059538e+10 2.061146e+10 9.303577e-03
  8 2.401181e-03 1.050354e+10 1.820953e+10 9.678623e-03
  9 2.176623e-03 1.065593e+10 1.579786e+10 1.020473e-02
