  0 1.000000e+00 8.378026e+12 2.698106e+11 1.059146e+12
  1 5.283425e-02 2.675601e+11 3.187023e+11 1.615897e+11
  2 4.658660e-02 3.339757e+11 2.020084e+11 5.081755e+10
  3 2.877968e-02 1.810276e+11 1.605756e+11 2.390115e+10
  4 2.181621e-02 1.188247e+11 1.400639e+11 1.545041e+10
  5 1.995932e-02 1.084240e+11 1.286495e+11 1.148225e+10
  6 1.943542e-02 1.130865e+11 1.186923e+11 9.411598e+09
  7 1.922315e-02 1.191711e+11 1.100473e+11 8.187767e+09
  8 1.842073e-02 1.177481e+11 1.015074e+11 7.384365e+09
  9 1.742430e-02 1.122036e+11 9.506468e+10 6.802845e+09
