  0 1.000000e+00 1.061981e+13 2.578087e+11 9.692857e+11
  1 4.283261e-02 3.608265e+11 2.802865e+11 5.996435e-03
  2 2.388673e-03 1.071773e+10 2.311640e+10 1.064090e-02
  3 1.791319e-03 7.969010e+09 1.736709e+10 1.009219e-02
  4 1.708931e-03 7.419979e+09 1.665086e+10 1.033837e-02
  5 1.691503e-03 7.302526e+09 1.649961e+10 1.229677e-02
  6 1.683164e-03 7.227484e+09 1.643549e+10 1.167828e-02
  7 1.677690e-03 7.152561e+09 1.640454e+10 1.190717e-02
  8 1.515110e-03 7.102589e+09 1.451746e+10 1.286758e-02
  9 1.358388e-03 7.227031e+09 1.255910e+10 1.269044e-02
