  0 1.000000e+00 1.128732e+13 2.854856e+11 9.692857e+11
  1 3.716925e-02 2.549828e+11 3.057403e+11 1.375943e+11
  2 3.515842e-02 3.181978e+11 2.358881e+11 4.306494e+10
  3 2.285383e-02 1.568841e+11 2.050598e+11 2.034101e+10
  4 1.758342e-02 9.252229e+10 1.759756e+11 1.334790e+10
  5 1.567069e-02 8.698539e+10 1.545061e+11 9.935628e+09
  6 1.451818e-02 9.094785e+10 1.368739e+11 7.942248e+09
  7 1.363462e-02 9.357044e+10 1.227798e+11 6.648578e+09
  8 1.250525e-02 8.797899e+10 1.109480e+11 5.783857e+09
  9 1.149120e-02 7.997530e+10 1.026412e+11 5.187270e+09
