  0 1.000000e+00 1.063435e+13 3.726047e+11 1.179697e+12
  1 4.360364e-02 3.685956e+11 2.864635e+11 5.673658e-03
  2 2.776286e-03 1.374448e+10 2.635435e+10 8.691159e-03
  3 2.298876e-03 1.114971e+10 2.194152e+10 8.250753e-03
  4 2.210864e-03 1.078529e+10 2.106964e+10 7.824297e-03
  5 2.189163e-03 1.073530e+10 2.083414e+10 8.815975e-03
  6 2.176574e-03 1.068651e+10 2.070765e+10 9.370021e-03
  7 2.165077e-03 1.059269e+10 2.061752e+10 9.532849e-03
  8 1.964287e-03 1.050834e+10 1.821611e+10 9.834351e-03
  9 1.781207e-03 1.066727e+10 1.580708e+10 1.013482e-02
