  0 1.000000e+00 1.060075e+13 2.575789e+11 9.692857e+11
  1 4.290903e-02 3.608268e+11 2.802867e+11 6.169875e-03
  2 2.400061e-03 1.078744e+10 2.316772e+10 9.042324e-03
  3 1.799466e-03 7.992950e+09 1.741412e+10 1.044456e-02
  4 1.718028e-03 7.435403e+09 1.671450e+10 1.048464e-02
  5 1.702172e-03 7.321490e+09 1.658032e+10 1.165652e-02
  6 1.695879e-03 7.257038e+09 1.653547e+10 1.151627e-02
  7 1.691761e-03 7.184143e+09 1.651947e+10 1.176421e-02
  8 1.522145e-03 7.134580e+09 1.455317e+10 1.349452e-02
  9 1.368356e-03 7.268634e+09 1.262785e+10 1.320804e-02
