  0 1.000000e+00 7.494021e+12 3.158649e+11 1.179697e+12
  1 5.825827e-02 2.768156e+11 3.450289e+11 4.557638e-03
  2 4.496055e-02 2.808693e+11 1.940432e+11 8.020100e-03
  3 2.909453e-02 1.673071e+11 1.442571e+11 8.873141e-03
  4 2.395160e-02 1.376266e+11 1.188804e+11 1.027950e-02
  5 2.122858e-02 1.236348e+11 1.034185e+11 1.020293e-02
  6 2.032760e-02 1.219229e+11 9.464243e+10 1.044881e-02
  7 1.992708e-02 1.226302e+11 8.862678e+10 1.183788e-02
  8 1.933065e-02 1.204828e+11 8.382646e+10 1.119014e-02
  9 1.849403e-02 1.153340e+11 8.010408e+10 1.146043e-02
