  0 1.000000e+00 7.510786e+12 5.995549e+11 1.636415e+12
  1 5.905328e-02 3.575117e+11 2.819611e+11 2.945503e-03
  2 5.392028e-03 2.244767e+10 3.499324e+10 3.798652e-03
  3 4.955556e-03 1.998434e+10 3.256612e+10 4.578168e-03
  4 4.891847e-03 2.027450e+10 3.180526e+10 5.045696e-03
  5 4.858260e-03 2.054733e+10 3.132043e+10 5.881148e-03
  6 4.834336e-03 2.053794e+10 3.110577e+10 6.042720e-03
  7 4.798417e-03 2.040078e+10 3.086446e+10 5.684859e-03
  8 4.380224e-03 2.015816e+10 2.709729e+10 6.438558e-03
  9 4.045959e-03 2.027977e+10 2.370448e+10 6.169162e-03
 10 3.867789e-03 2.081725e+10 2.135392e+10 5.721885e-03
 11 3.778577e-03 2.169190e+10 1.944882e+10 6.455063e-03
 12 3.615218e-03 2.140698e+10 1.785303e+10 6.720248e-03
 13 3.439191e-03 2.070571e+10 1.656626e+10 6.344399e-03
 14 3.276549e-03 2.005389e+10 1.536474e+10 6.959038e-03
 15 3.122227e-03 1.928784e+10 1.440514e+10 6.810917e-03
 16 2.958850e-03 1.831751e+10 1.359906e+10 6.527626e-03
 17 2.780424e-03 1.727064e+10 1.270089e+10 6.838804e-03
 18 2.631515e-03 1.619620e+10 1.222135e+10 7.152637e-03
 19 2.454801e-03 1.513568e+10 1.136464e+10 6.671490e-03
 20 2.321372e-03 1.422623e+10 1.086152e+10 6.586601e-03
 21 2.205166e-03 1.342144e+10 1.043801e+10 7.364255e-03
 22 2.067172e-03 1.251629e+10 9.868181e+09 6.927123e-03
 23 1.936074e-03 1.168062e+10 9.295235e+09 6.881625e-03
 24 1.846623e-03 1.098722e+10 9.055600e+09 6.902739e-03
 25 1.762934e-03 1.050615e+10 8.624687e+09 6.780984e-03
 26 1.684116e-03 9.973441e+09 8.315230e+09 6.994977e-03
 27 1.577162e-03 9.337576e+09 7.790127e+09 6.837349e-03
 28 1.506866e-03 8.896117e+09 7.473104e+09 7.005664e-03
 29 1.434541e-03 8.321085e+09 7.287011e+09 7.572597e-03
 30 1.394558e-03 8.081952e+09 7.092134e+09 6.809197e-03
 31 1.330796e-03 7.649742e+09 6.838652e+09 6.667243e-03
 32 1.276983e-03 7.274365e+09 6.635259e+09 6.948197e-03
 33 1.217917e-03 7.060103e+09 6.191714e+09 6.511477e-03
 34 1.162975e-03 6.707816e+09 5.950711e+09 7.347859e-03
 35 1.125338e-03 6.487952e+09 5.761266e+09 7.027160e-03
 36 1.073592e-03 6.033803e+09 5.666952e+09 7.646963e-03
 37 1.028937e-03 5.746760e+09 5.469403e+09 7.072459e-03
 38 1.012185e-03 5.665938e+09 5.366939e+09 6.628005e-03
 39 9.540474e-04 5.409158e+09 4.985186e+09 7.269855e-03
 40 9.261258e-04 5.220490e+09 4.872024e+09 6.941364e-03
 41 8.841833e-04 4.911734e+09 4.727694e+09 7.172539e-03
 42 8.626271e-04 4.807967e+09 4.595774e+09 6.912760e-03
 43 8.245774e-04 4.653729e+09 4.331742e+09 7.383705e-03
 44 7.854894e-04 4.366509e+09 4.196831e+09 7.341708e-03
 45 7.526502e-04 4.175370e+09 4.030288e+09 7.404755e-03
 46 7.244714e-04 4.083839e+09 3.811129e+09 6.941487e-03
 47 7.017924e-04 3.955314e+09 3.692559e+09 7.012662e-03
 48 6.761573e-04 3.748476e+09 3.623319e+09 7.045749e-03
 49 6.629554e-04 3.658408e+09 3.569954e+09 7.299064e-03
 50 6.412797e-04 3.529788e+09 3.462437e+09 7.418504e-03
 51 6.294249e-04 3.490240e+09 3.372027e+09 7.502085e-03
 52 6.180837e-04 3.441966e+09 3.296074e+09 7.634850e-03
 53 6.070403e-04 3.397259e+09 3.219557e+09 7.755472e-03
 54 5.996145e-04 3.370153e+09 3.164853e+09 7.252783e-03
 55 5.950109e-04 3.374851e+09 3.107678e+09 7.300681e-03
 56 5.819080e-04 3.313707e+09 3.024873e+09 7.298508e-03
 57 5.259332e-04 2.853221e+09 2.881515e+09 7.479416e-03
 58 5.107519e-04 2.758640e+09 2.810388e+09 7.128154e-03
 59 4.933386e-04 2.674581e+09 2.704726e+09 6.879224e-03
 60 4.780873e-04 2.605217e+09 2.607873e+09 6.762500e-03
 61 4.672232e-04 2.541689e+09 2.552927e+09 7.230342e-03
 62 4.668537e-04 2.548532e+09 2.542062e+09 7.402864e-03
 63 4.410816e-04 2.410939e+09 2.398624e+09 6.939303e-03
 64 4.199259e-04 2.270687e+09 2.308055e+09 7.223657e-03
 65 4.018747e-04 2.224492e+09 2.157054e+09 7.168322e-03
 66 3.900068e-04 2.178219e+09 2.073138e+09 7.720880e-03
 67 3.584992e-04 1.886800e+09 2.020024e+09 7.557567e-03
 68 3.438412e-04 1.791250e+09 1.954460e+09 7.318926e-03
 69 3.307830e-04 1.741453e+09 1.863364e+09 7.308972e-03
 70 3.215860e-04 1.698616e+09 1.806321e+09 7.520822e-03
 71 3.154458e-04 1.668630e+09 1.769529e+09 7.065511e-03
 72 3.084498e-04 1.642766e+09 1.719708e+09 6.932847e-03
 73 3.019575e-04 1.615032e+09 1.676947e+09 7.483348e-03
 74 2.962972e-04 1.590252e+09 1.640203e+09 7.118182e-03
 75 2.910044e-04 1.567071e+09 1.605821e+09 7.496041e-03
 76 2.861719e-04 1.546306e+09 1.574006e+09 7.180874e-03
 77 2.815803e-04 1.526036e+09 1.544278e+09 7.492010e-03
 78 2.715368e-04 1.473880e+09 1.486944e+09 6.984222e-03
 79 2.660026e-04 1.451615e+09 1.448891e+09 7.010823e-03
 80 2.621557e-04 1.435270e+09 1.423266e+09 7.164340e-03
 81 2.586988e-04 1.422705e+09 1.398054e+09 7.829262e-03
 82 2.557673e-04 1.414682e+09 1.373920e+09 7.193866e-03
 83 2.533079e-04 1.410672e+09 1.350762e+09 7.656914e-03
 84 2.511499e-04 1.409025e+09 1.328339e+09 7.524224e-03
 85 2.491715e-04 1.408714e+09 1.306336e+09 7.327643e-03
 86 2.475097e-04 1.411000e+09 1.284913e+09 7.147282e-03
 87 2.461890e-04 1.416073e+09 1.264080e+09 6.766834e-03
 88 2.452214e-04 1.423991e+09 1.243842e+09 7.258824e-03
 89 2.443680e-04 1.433670e+09 1.222555e+09 7.499321e-03
 90 2.445359e-04 1.447285e+09 1.208428e+09 7.655491e-03
 91 2.443881e-04 1.463270e+09 1.187214e+09 6.941733e-03
 92 2.446279e-04 1.481648e+09 1.167189e+09 7.266577e-03
 93 1.987392e-04 1.086710e+09 1.080344e+09 7.359425e-03
 94 1.888325e-04 1.014611e+09 1.044217e+09 7.800327e-03
 95 1.851016e-04 9.962433e+08 1.021951e+09 6.991690e-03
 96 1.814568e-04 9.780701e+08 1.000419e+09 7.904949e-03
 97 1.777102e-04 9.610667e+08 9.766327e+08 7.260537e-03
 98 1.715969e-04 9.275374e+08 9.434969e+08 6.939966e-03
 99 1.663975e-04 8.988124e+08 9.155180e+08 7.731379e-03
100 1.632179e-04 8.819907e+08 8.976773e+08 6.971521e-03
101 1.601238e-04 8.660779e+08 8.798672e+08 7.123169e-03
102 1.571555e-04 8.510134e+08 8.625795e+08 6.932854e-03
103 1.543218e-04 8.366727e+08 8.460354e+08 7.125309e-03
104 1.515966e-04 8.229136e+08 8.300889e+08 6.948312e-03
105 1.489586e-04 8.096238e+08 8.146212e+08 7.694726e-03
106 1.464214e-04 7.967803e+08 7.998043e+08 7.062765e-03
107 1.439800e-04 7.843361e+08 7.856294e+08 7.347459e-03
108 1.416292e-04 7.722528e+08 7.720801e+08 6.935790e-03
109 1.393644e-04 7.604996e+08 7.591368e+08 6.834671e-03
110 1.371812e-04 7.490519e+08 7.467782e+08 7.556063e-03
111 1.350759e-04 7.378902e+08 7.349824e+08 6.968972e-03
112 1.331033e-04 7.272705e+08 7.240919e+08 7.499406e-03
113 1.312235e-04 7.169340e+08 7.139310e+08 7.386167e-03
114 1.292419e-04 7.064195e+08 7.028372e+08 6.898805e-03
115 1.273537e-04 6.961662e+08 6.925005e+08 7.084345e-03
116 1.255446e-04 6.861359e+08 6.828054e+08 7.541042e-03
117 1.238084e-04 6.763441e+08 6.736669e+08 7.735311e-03
118 1.221414e-04 6.668095e+08 6.650265e+08 7.609862e-03
119 1.205411e-04 6.575459e+08 6.568410e+08 7.248747e-03
120 1.190051e-04 6.485622e+08 6.490757e+08 7.936135e-03
121 1.175313e-04 6.398645e+08 6.417020e+08 7.212640e-03
122 1.161179e-04 6.314574e+08 6.346951e+08 7.251333e-03
123 1.147704e-04 6.234424e+08 6.280121e+08 7.362692e-03
124 9.995391e-05 4.790616e+08 6.036922e+08 7.211744e-03
125 9.806387e-05 4.666210e+08 5.949451e+08 7.692359e-03
126 9.685617e-05 4.597076e+08 5.885313e+08 7.256294e-03
127 9.585634e-05 4.543308e+08 5.829485e+08 7.392134e-03
128 9.498849e-05 4.499557e+08 5.778746e+08 6.658178e-03
129 9.422058e-05 4.463525e+08 5.731763e+08 7.170915e-03
130 9.353584e-05 4.433954e+08 5.687873e+08 7.135102e-03
131 9.292393e-05 4.410026e+08 5.646700e+08 7.466831e-03
132 9.237770e-05 4.391147e+08 5.607999e+08 7.041282e-03
133 9.189175e-05 4.376859e+08 5.571588e+08 7.428723e-03
134 9.146176e-05 4.366793e+08 5.537320e+08 7.465997e-03
135 9.108413e-05 4.360638e+08 5.505070e+08 6.924747e-03
136 9.075573e-05 4.358131e+08 5.474729e+08 7.568666e-03
137 9.047387e-05 4.359038e+08 5.446198e+08 7.183178e-03
138 9.022108e-05 4.362843e+08 5.418149e+08 7.410377e-03
139 8.999044e-05 4.368794e+08 5.390481e+08 7.845777e-03
140 8.983281e-05 4.378744e+08 5.366725e+08 7.420137e-03
141 8.971347e-05 4.391131e+08 5.344691e+08 7.492471e-03
142 8.963160e-05 4.406108e+08 5.324159e+08 7.416218e-03
143 8.958516e-05 4.423547e+08 5.305017e+08 7.484256e-03
144 8.957193e-05 4.443267e+08 5.287180e+08 7.491812e-03
145 8.959077e-05 4.465166e+08 5.270602e+08 7.343201e-03
146 8.961408e-05 4.486120e+08 5.255142e+08 7.487637e-03
147 8.972319e-05 4.513193e+08 5.243015e+08 7.124603e-03
148 8.983386e-05 4.541275e+08 5.230016e+08 7.667477e-03
149 8.996734e-05 4.570828e+08 5.217897e+08 7.509262e-03
150 9.012462e-05 4.601846e+08 5.206758e+08 7.506793e-03
151 9.030459e-05 4.634220e+08 5.196572e+08 7.182515e-03
152 9.050606e-05 4.667848e+08 5.187303e+08 7.812750e-03
153 9.072786e-05 4.702630e+08 5.178916e+08 7.387477e-03
154 9.096861e-05 4.738451e+08 5.171365e+08 7.298861e-03
155 9.122728e-05 4.775232e+08 5.164618e+08 7.302666e-03
156 9.150271e-05 4.812874e+08 5.158640e+08 7.223755e-03
157 9.179425e-05 4.851333e+08 5.153404e+08 7.355520e-03
158 9.210024e-05 4.890459e+08 5.148878e+08 7.339122e-03
159 9.241950e-05 4.930168e+08 5.145016e+08 7.026069e-03
160 9.275091e-05 4.970377e+08 5.141782e+08 7.095345e-03
161 9.309337e-05 5.011008e+08 5.139137e+08 7.421047e-03
162 9.344582e-05 5.051981e+08 5.137048e+08 7.960571e-03
163 9.380732e-05 5.093235e+08 5.135481e+08 7.049144e-03
164 9.417782e-05 5.134795e+08 5.134408e+08 7.124013e-03
165 9.454668e-05 5.175854e+08 5.133482e+08 7.381048e-03
166 9.493227e-05 5.217878e+08 5.133244e+08 7.597470e-03
167 9.532148e-05 5.259856e+08 5.133281e+08 7.014689e-03
168 9.571419e-05 5.301628e+08 5.133750e+08 7.517665e-03
169 9.610975e-05 5.343190e+08 5.134595e+08 7.130832e-03
170 9.650752e-05 5.384513e+08 5.135781e+08 7.038155e-03
171 9.690682e-05 5.425568e+08 5.137274e+08 7.348082e-03
172 9.730704e-05 5.466324e+08 5.139042e+08 7.353666e-03
173 9.770755e-05 5.506751e+08 5.141057e+08 7.819774e-03
174 9.810775e-05 5.546818e+08 5.143293e+08 7.350775e-03
175 9.089628e-05 4.969496e+08 4.941848e+08 7.431302e-03
176 6.066917e-05 2.024347e+08 4.217082e+08 6.815346e-03
177 6.045468e-05 2.012500e+08 4.204421e+08 7.461621e-03
178 6.024524e-05 2.000701e+08 4.192162e+08 7.259265e-03
179 6.003963e-05 1.989188e+08 4.180088e+08 6.913626e-03
180 5.983850e-05 1.978002e+08 4.168234e+08 7.744218e-03
181 5.964211e-05 1.967151e+08 4.156620e+08 7.308734e-03
182 5.945051e-05 1.956631e+08 4.145251e+08 7.304417e-03
183 5.926363e-05 1.946433e+08 4.134129e+08 7.415810e-03
184 5.908137e-05 1.936548e+08 4.123248e+08 7.528918e-03
185 5.890359e-05 1.926964e+08 4.112603e+08 7.139640e-03
186 5.873012e-05 1.917670e+08 4.102186e+08 7.611333e-03
187 5.852477e-05 1.905993e+08 4.090163e+08 7.773412e-03
188 5.835874e-05 1.896950e+08 4.080251e+08 7.353981e-03
189 5.819726e-05 1.888506e+08 4.070445e+08 7.564711e-03
190 5.804063e-05 1.880353e+08 4.060914e+08 7.149811e-03
191 5.788784e-05 1.872448e+08 4.051590e+08 7.746132e-03
192 5.773851e-05 1.864777e+08 4.042451e+08 7.590887e-03
193 5.759246e-05 1.857324e+08 4.033486e+08 7.883745e-03
194 5.744955e-05 1.850080e+08 4.024689e+08 7.486390e-03
195 5.730966e-05 1.843035e+08 4.016056e+08 7.402997e-03
196 5.717270e-05 1.836181e+08 4.007582e+08 7.476889e-03
197 5.703859e-05 1.829511e+08 3.999263e+08 7.308026e-03
198 5.690724e-05 1.823020e+08 3.991095e+08 7.386955e-03
199 5.677858e-05 1.816701e+08 3.983074e+08 6.773880e-03
200 5.665252e-05 1.810548e+08 3.975197e+08 7.310789e-03
201 5.652898e-05 1.804558e+08 3.967458e+08 7.268986e-03
202 5.640790e-05 1.798725e+08 3.959854e+08 6.893708e-03
203 5.628919e-05 1.793044e+08 3.952382e+08 7.752781e-03
204 5.617279e-05 1.787510e+08 3.945036e+08 7.172620e-03
205 5.605862e-05 1.782120e+08 3.937814e+08 7.564360e-03
206 5.594662e-05 1.776867e+08 3.930712e+08 6.943778e-03
207 5.583672e-05 1.771749e+08 3.923726e+08 6.993762e-03
208 5.572885e-05 1.766761e+08 3.916852e+08 7.202848e-03
209 5.562295e-05 1.761898e+08 3.910088e+08 7.091450e-03
210 5.551896e-05 1.757157e+08 3.903429e+08 7.198812e-03
211 5.541681e-05 1.752534e+08 3.896873e+08 7.487887e-03
212 5.531646e-05 1.748025e+08 3.890416e+08 7.726729e-03
213 5.521783e-05 1.743627e+08 3.884056e+08 7.285038e-03
214 5.512088e-05 1.739335e+08 3.877788e+08 7.121329e-03
215 5.502556e-05 1.735147e+08 3.871611e+08 7.301514e-03
216 5.493180e-05 1.731059e+08 3.865521e+08 7.952064e-03
217 5.483957e-05 1.727068e+08 3.859516e+08 7.386302e-03
218 5.474880e-05 1.723171e+08 3.853593e+08 7.390429e-03
219 5.465945e-05 1.719364e+08 3.847748e+08 7.545413e-03
220 5.457148e-05 1.715645e+08 3.841981e+08 7.468951e-03
221 5.448483e-05 1.712011e+08 3.836287e+08 7.329898e-03
222 5.439946e-05 1.708459e+08 3.830664e+08 7.716558e-03
223 5.431535e-05 1.704980e+08 3.825114e+08 7.753525e-03
224 5.423243e-05 1.701581e+08 3.819629e+08 7.806024e-03
225 5.415065e-05 1.698259e+08 3.814206e+08 7.477865e-03
226 5.406998e-05 1.695010e+08 3.808845e+08 7.077874e-03
227 5.399039e-05 1.691829e+08 3.803543e+08 7.230806e-03
228 5.391183e-05 1.688716e+08 3.798298e+08 7.062067e-03
229 5.383426e-05 1.685668e+08 3.793108e+08 7.693017e-03
230 5.375765e-05 1.682682e+08 3.787971e+08 7.176533e-03
231 5.368197e-05 1.679756e+08 3.782885e+08 7.444389e-03
232 5.360716e-05 1.676889e+08 3.777847e+08 7.689132e-03
233 5.353320e-05 1.674078e+08 3.772856e+08 7.384995e-03
234 5.346006e-05 1.671321e+08 3.767910e+08 6.824256e-03
235 5.338770e-05 1.668616e+08 3.763006e+08 7.440857e-03
236 5.331609e-05 1.665962e+08 3.758143e+08 6.855704e-03
237 5.324518e-05 1.663355e+08 3.753318e+08 7.318752e-03
238 5.317496e-05 1.660796e+08 3.748531e+08 7.475211e-03
239 5.310539e-05 1.658281e+08 3.743778e+08 7.551414e-03
240 5.303644e-05 1.655810e+08 3.739058e+08 7.582855e-03
241 5.296808e-05 1.653380e+08 3.734369e+08 7.689409e-03
242 5.290028e-05 1.650989e+08 3.729711e+08 7.679024e-03
243 5.283301e-05 1.648637e+08 3.725079e+08 7.247084e-03
244 5.276624e-05 1.646322e+08 3.720474e+08 7.543264e-03
245 5.269994e-05 1.644042e+08 3.715893e+08 7.611517e-03
246 5.263408e-05 1.641795e+08 3.711335e+08 7.543417e-03
247 5.256865e-05 1.639581e+08 3.706797e+08 7.079505e-03
248 5.250360e-05 1.637397e+08 3.702279e+08 7.132370e-03
249 5.243892e-05 1.635243e+08 3.697779e+08 7.483021e-03
