  0 1.000000e+00 9.199869e+12 2.413052e+11 9.692857e+11
  1 4.329448e-02 2.649319e+11 3.005444e+11 5.881176e-03
  2 3.451361e-02 2.815944e+11 1.507065e+11 1.099285e-02
  3 1.960521e-02 1.478217e+11 1.051851e+11 1.146272e-02
  4 1.459153e-02 1.057695e+11 8.393850e+10 1.243269e-02
  5 1.228227e-02 8.778829e+10 7.219180e+10 1.374026e-02
  6 1.161107e-02 8.478383e+10 6.600610e+10 1.349513e-02
  7 1.137564e-02 8.492992e+10 6.219787e+10 1.450946e-02
  8 1.106908e-02 8.337224e+10 5.951048e+10 1.474946e-02
  9 1.067428e-02 8.045120e+10 5.731424e+10 1.522871e-02
