  0 1.000000e+00 1.061525e+13 3.722958e+11 1.179697e+12
  1 4.368110e-02 3.685959e+11 2.864637e+11 5.414183e-03
  2 2.787719e-03 1.379761e+10 2.640502e+10 6.957180e-03
  3 2.308975e-03 1.117628e+10 2.200015e+10 8.150905e-03
  4 2.222700e-03 1.081248e+10 2.115069e+10 8.153083e-03
  5 2.202870e-03 1.076214e+10 2.093835e+10 8.633907e-03
  6 2.192249e-03 1.071421e+10 2.083536e+10 9.168552e-03
  7 2.182284e-03 1.062353e+10 2.076219e+10 9.120516e-03
  8 1.973137e-03 1.054639e+10 1.826031e+10 9.627514e-03
  9 1.794023e-03 1.071724e+10 1.589781e+10 9.831192e-03
