  0 1.000000e+00 9.206009e+12 4.431427e+11 1.353563e+12
  1 4.969535e-02 3.648902e+11 2.848986e+11 4.890033e-03
  2 3.618965e-03 1.664073e+10 2.931935e+10 5.899833e-03
  3 3.168349e-03 1.424817e+10 2.584794e+10 6.254930e-03
  4 3.078460e-03 1.407318e+10 2.498687e+10 6.766382e-03
  5 3.051299e-03 1.407065e+10 2.469751e+10 7.064315e-03
  6 3.029960e-03 1.405731e+10 2.447614e+10 7.545769e-03
  7 3.009915e-03 1.394242e+10 2.432678e+10 7.721609e-03
  8 2.739169e-03 1.381055e+10 2.145638e+10 7.924884e-03
  9 2.502689e-03 1.396437e+10 1.866904e+10 8.111913e-03
