  0 1.000000e+00 7.956732e+12 4.244817e+11 1.353563e+12
  1 6.823232e-02 2.979417e+11 3.894391e+11 2.523565e+11
  2 5.740649e-02 2.791119e+11 3.617164e+11 8.078674e+10
  3 4.679981e-02 1.635452e+11 3.389047e+11 3.828910e+10
  4 4.199302e-02 1.476868e+11 3.045695e+11 2.481102e+10
  5 3.928689e-02 1.593891e+11 2.739976e+11 1.849683e+10
  6 3.712238e-02 1.706777e+11 2.463023e+11 1.491795e+10
  7 3.514152e-02 1.764356e+11 2.222111e+11 1.266726e+10
  8 3.204045e-02 1.635603e+11 2.004563e+11 1.114165e+10
  9 2.937802e-02 1.481106e+11 1.853094e+11 1.004634e+10
