  0 1.000000e+00 7.492292e+12 3.158468e+11 1.179697e+12
  1 6.376080e-02 2.768136e+11 3.450115e+11 1.965091e+11
  2 5.235063e-02 3.216166e+11 2.249933e+11 6.220613e+10
  3 3.450733e-02 1.791170e+11 1.888867e+11 2.927879e+10
  4 2.824796e-02 1.330808e+11 1.670770e+11 1.889947e+10
  5 2.670123e-02 1.306975e+11 1.542851e+11 1.410506e+10
  6 2.631954e-02 1.385052e+11 1.435268e+11 1.161382e+10
  7 2.613558e-02 1.461697e+11 1.337691e+11 1.013254e+10
  8 2.497053e-02 1.436606e+11 1.233264e+11 9.140523e+09
  9 2.352650e-02 1.362394e+11 1.151687e+11 8.408028e+09
