  0 1.000000e+00 1.030226e+13 3.099608e+11 1.059146e+12
  1 4.289250e-02 2.578951e+11 3.238506e+11 1.616101e+11
  2 3.920462e-02 3.048269e+11 2.636396e+11 5.078063e+10
  3 2.706894e-02 1.537179e+11 2.333567e+11 2.401920e+10
  4 2.190758e-02 1.012380e+11 2.025516e+11 1.573506e+10
  5 1.986892e-02 1.013512e+11 1.788045e+11 1.172925e+10
  6 1.858169e-02 1.072816e+11 1.595917e+11 9.401347e+09
  7 1.749581e-02 1.106844e+11 1.433456e+11 7.907913e+09
  8 1.606003e-02 1.039933e+11 1.297189e+11 6.907793e+09
  9 1.475208e-02 9.449829e+10 1.199765e+11 6.210402e+09
