  0 1.000000e+00 6.112358e+12 5.749643e+11 1.636415e+12
  1 6.973097e-02 3.470841e+11 2.753633e+11 2.510817e-03
  2 6.536149e-03 2.232677e+10 3.501634e+10 3.754369e-03
  3 6.043051e-03 2.010441e+10 3.271146e+10 4.666457e-03
  4 5.965409e-03 2.037509e+10 3.196003e+10 5.311432e-03
  5 5.924327e-03 2.062769e+10 3.148600e+10 5.481886e-03
  6 5.895330e-03 2.060557e+10 3.128009e+10 5.584022e-03
  7 5.848910e-03 2.041958e+10 3.104942e+10 5.992362e-03
  8 5.315994e-03 2.014665e+10 2.710981e+10 6.311103e-03
  9 4.919936e-03 2.031894e+10 2.375525e+10 6.499098e-03
 10 4.696221e-03 2.087634e+10 2.131911e+10 6.395968e-03
 11 4.579521e-03 2.170522e+10 1.937808e+10 6.587002e-03
 12 4.379585e-03 2.139281e+10 1.779502e+10 6.733575e-03
 13 4.151930e-03 2.063115e+10 1.643970e+10 6.750280e-03
 14 3.963297e-03 1.996766e+10 1.534285e+10 5.990629e-03
 15 3.744844e-03 1.903709e+10 1.427316e+10 6.863048e-03
 16 3.566650e-03 1.821566e+10 1.348065e+10 6.386262e-03
 17 3.355100e-03 1.707744e+10 1.275878e+10 6.409744e-03
 18 3.215652e-03 1.640858e+10 1.217352e+10 6.179960e-03
 19 3.002334e-03 1.523063e+10 1.148554e+10 6.762569e-03
 20 2.871245e-03 1.444097e+10 1.114744e+10 6.645366e-03
 21 2.725164e-03 1.367225e+10 1.062418e+10 6.583061e-03
 22 2.542868e-03 1.264636e+10 1.005510e+10 6.671603e-03
 23 2.444276e-03 1.212403e+10 9.705359e+09 6.589442e-03
 24 2.338045e-03 1.147283e+10 9.436705e+09 6.639697e-03
 25 2.232787e-03 1.088135e+10 9.102256e+09 6.817843e-03
 26 2.109078e-03 1.036655e+10 8.491528e+09 6.430326e-03
 27 2.030418e-03 9.842712e+09 8.339518e+09 6.672002e-03
 28 1.945610e-03 9.291935e+09 8.153159e+09 6.464820e-03
 29 1.894912e-03 9.067259e+09 7.920776e+09 6.728486e-03
 30 1.805440e-03 8.498440e+09 7.704870e+09 6.809397e-03
 31 1.724316e-03 8.203848e+09 7.261249e+09 6.799152e-03
 32 1.657531e-03 7.874900e+09 6.992643e+09 7.017604e-03
 33 1.601553e-03 7.661829e+09 6.696465e+09 6.876298e-03
 34 1.543063e-03 7.185129e+09 6.670462e+09 6.429769e-03
 35 1.481080e-03 6.850377e+09 6.451857e+09 6.702222e-03
 36 1.462566e-03 6.818713e+09 6.313415e+09 6.686060e-03
 37 1.417293e-03 6.580758e+09 6.146899e+09 6.894926e-03
 38 1.361309e-03 6.260264e+09 5.968251e+09 6.667682e-03
 39 1.311925e-03 6.039379e+09 5.745215e+09 7.382536e-03
 40 1.263106e-03 5.814877e+09 5.531183e+09 6.852068e-03
 41 1.222307e-03 5.573630e+09 5.408132e+09 7.005565e-03
 42 1.177894e-03 5.427452e+09 5.152918e+09 6.741609e-03
 43 1.152753e-03 5.329328e+09 5.024205e+09 6.743111e-03
 44 1.137679e-03 5.222292e+09 4.997824e+09 6.859495e-03
 45 1.116889e-03 5.085624e+09 4.949225e+09 7.019391e-03
 46 1.093780e-03 4.974416e+09 4.852965e+09 7.201315e-03
 47 1.084287e-03 4.926103e+09 4.816105e+09 6.833800e-03
 48 1.052217e-03 4.858355e+09 4.592577e+09 7.146397e-03
 49 1.018051e-03 4.705035e+09 4.438761e+09 6.635762e-03
 50 9.817866e-04 4.540612e+09 4.277272e+09 6.627421e-03
 51 9.276563e-04 4.253068e+09 4.080577e+09 7.152070e-03
 52 8.874852e-04 4.017752e+09 3.956486e+09 7.192713e-03
 53 8.527094e-04 3.804881e+09 3.856939e+09 6.982131e-03
 54 8.289741e-04 3.706661e+09 3.741979e+09 6.529883e-03
 55 7.990094e-04 3.602032e+09 3.577403e+09 7.126162e-03
 56 7.673691e-04 3.408080e+09 3.486646e+09 6.746159e-03
 57 7.318101e-04 3.216543e+09 3.357603e+09 6.712266e-03
 58 7.105237e-04 3.096340e+09 3.285255e+09 6.857976e-03
 59 6.808073e-04 2.975438e+09 3.139730e+09 7.041450e-03
 60 6.473459e-04 2.778198e+09 3.032930e+09 6.624667e-03
 61 6.325816e-04 2.708768e+09 2.969302e+09 7.508016e-03
 62 6.203032e-04 2.671132e+09 2.897967e+09 6.981491e-03
 63 6.108236e-04 2.647523e+09 2.837719e+09 6.986543e-03
 64 6.040812e-04 2.632757e+09 2.792838e+09 7.045048e-03
 65 5.977799e-04 2.621924e+09 2.747932e+09 7.193192e-03
 66 5.909579e-04 2.603874e+09 2.705195e+09 7.185168e-03
 67 5.804018e-04 2.542236e+09 2.671350e+09 6.929784e-03
 68 5.741675e-04 2.523836e+09 2.634150e+09 7.114126e-03
 69 5.715690e-04 2.511300e+09 2.623295e+09 6.566728e-03
 70 5.674965e-04 2.506846e+09 2.591672e+09 6.977479e-03
 71 5.376769e-04 2.341044e+09 2.488001e+09 7.176393e-03
 72 4.940171e-04 2.073144e+09 2.356763e+09 6.271958e-03
 73 4.881743e-04 2.059861e+09 2.318957e+09 6.971943e-03
 74 4.808878e-04 2.031582e+09 2.282151e+09 6.640016e-03
 75 4.722647e-04 2.000654e+09 2.236318e+09 7.031462e-03
 76 4.567431e-04 1.969520e+09 2.131341e+09 7.096207e-03
 77 4.491171e-04 1.951108e+09 2.082288e+09 7.084706e-03
 78 4.186873e-04 1.799840e+09 1.958899e+09 6.500391e-03
 79 3.968441e-04 1.706364e+09 1.856313e+09 6.682562e-03
 80 3.862319e-04 1.655788e+09 1.811206e+09 7.277944e-03
 81 3.754499e-04 1.606890e+09 1.763087e+09 6.296574e-03
 82 3.625977e-04 1.564338e+09 1.691299e+09 6.771404e-03
 83 3.506377e-04 1.515926e+09 1.632560e+09 6.914346e-03
 84 3.393552e-04 1.470561e+09 1.576852e+09 6.662067e-03
 85 3.291203e-04 1.426195e+09 1.529308e+09 7.114232e-03
 86 3.195262e-04 1.382327e+09 1.486864e+09 6.676243e-03
 87 3.114830e-04 1.340462e+09 1.455975e+09 7.069723e-03
 88 2.955261e-04 1.249110e+09 1.401931e+09 7.006684e-03
 89 2.852612e-04 1.195947e+09 1.361883e+09 6.821111e-03
 90 2.781919e-04 1.165389e+09 1.328941e+09 7.149305e-03
 91 2.702223e-04 1.123316e+09 1.298436e+09 6.826311e-03
 92 2.589697e-04 1.052162e+09 1.265045e+09 7.363727e-03
 93 2.523545e-04 1.020379e+09 1.236793e+09 7.488808e-03
 94 2.443851e-04 9.634908e+08 1.217665e+09 7.261719e-03
 95 2.398142e-04 9.463919e+08 1.194160e+09 7.162885e-03
 96 2.353667e-04 9.309002e+08 1.170378e+09 7.274096e-03
 97 2.312990e-04 9.154874e+08 1.149614e+09 6.909731e-03
 98 2.274896e-04 9.013593e+08 1.129923e+09 6.745615e-03
 99 2.240889e-04 8.897909e+08 1.111509e+09 7.041412e-03
100 2.208060e-04 8.767077e+08 1.095264e+09 7.079872e-03
101 2.176818e-04 8.640455e+08 1.079973e+09 6.796843e-03
102 2.146938e-04 8.518828e+08 1.065391e+09 6.549777e-03
103 2.118258e-04 8.402351e+08 1.051373e+09 6.881092e-03
104 2.090663e-04 8.290996e+08 1.037828e+09 7.248367e-03
105 2.064072e-04 8.184660e+08 1.024698e+09 7.185910e-03
106 2.038426e-04 8.083219e+08 1.011947e+09 7.188569e-03
107 2.014005e-04 7.989806e+08 9.995494e+08 6.671192e-03
108 1.990369e-04 7.899915e+08 9.875084e+08 6.760868e-03
109 1.959331e-04 7.821500e+08 9.685102e+08 7.104029e-03
110 1.936995e-04 7.762009e+08 9.550653e+08 6.745989e-03
111 1.915092e-04 7.687076e+08 9.432210e+08 7.035652e-03
112 1.894803e-04 7.621015e+08 9.319731e+08 7.197078e-03
113 1.875137e-04 7.549344e+08 9.216921e+08 6.962926e-03
114 1.660400e-04 6.431052e+08 8.362831e+08 7.125669e-03
115 1.638205e-04 6.349379e+08 8.247742e+08 6.858843e-03
116 1.613709e-04 6.235238e+08 8.139162e+08 7.334863e-03
117 1.590461e-04 6.125874e+08 8.036826e+08 7.230228e-03
118 1.568238e-04 6.023608e+08 7.937216e+08 6.961592e-03
119 1.544583e-04 5.918168e+08 7.828536e+08 7.039008e-03
120 1.521695e-04 5.815606e+08 7.723741e+08 6.753501e-03
121 1.499578e-04 5.716006e+08 7.622808e+08 7.333821e-03
122 1.462678e-04 5.581759e+08 7.430424e+08 7.444702e-03
123 1.442935e-04 5.458958e+08 7.365544e+08 6.950620e-03
124 1.423373e-04 5.364693e+08 7.280657e+08 6.841755e-03
125 1.404926e-04 5.277034e+08 7.199629e+08 6.900255e-03
126 1.387203e-04 5.192938e+08 7.121614e+08 7.036228e-03
127 1.370078e-04 5.111777e+08 7.046103e+08 7.060926e-03
128 1.353506e-04 5.033272e+08 6.972942e+08 6.744744e-03
129 1.334835e-04 4.942895e+08 6.891827e+08 7.054889e-03
130 1.315234e-04 4.858189e+08 6.799305e+08 6.907973e-03
131 1.299816e-04 4.791065e+08 6.726857e+08 6.415133e-03
132 1.285702e-04 4.728213e+08 6.661510e+08 7.086660e-03
133 1.272183e-04 4.666265e+08 6.600128e+08 7.009912e-03
134 1.259127e-04 4.605199e+08 6.541692e+08 7.041501e-03
135 1.246485e-04 4.545155e+08 6.485710e+08 6.737535e-03
136 1.234232e-04 4.486255e+08 6.431896e+08 7.271977e-03
137 1.222352e-04 4.428591e+08 6.380065e+08 6.849867e-03
138 1.210850e-04 4.372422e+08 6.330071e+08 7.366062e-03
139 1.199718e-04 4.317734e+08 6.281855e+08 7.071091e-03
140 1.188912e-04 4.264164e+08 6.235342e+08 7.145040e-03
141 1.178438e-04 4.211871e+08 6.190453e+08 6.462266e-03
142 1.168292e-04 4.160906e+08 6.147134e+08 6.903397e-03
143 1.158469e-04 4.111283e+08 6.105333e+08 7.497600e-03
144 1.148962e-04 4.062996e+08 6.065000e+08 7.392438e-03
145 1.139764e-04 4.016034e+08 6.026088e+08 7.609159e-03
146 1.130866e-04 3.970380e+08 5.988551e+08 7.147002e-03
147 1.122261e-04 3.926014e+08 5.952342e+08 7.005078e-03
148 1.113940e-04 3.882916e+08 5.917416e+08 6.662558e-03
149 1.105897e-04 3.841063e+08 5.883730e+08 7.229422e-03
150 1.098122e-04 3.800431e+08 5.851241e+08 7.387170e-03
151 1.090699e-04 3.761312e+08 5.820387e+08 7.064968e-03
152 1.083625e-04 3.724034e+08 5.790945e+08 6.914810e-03
153 1.076825e-04 3.688213e+08 5.762594e+08 6.591933e-03
154 1.070265e-04 3.653542e+08 5.735273e+08 6.798040e-03
155 1.063924e-04 3.619907e+08 5.708920e+08 6.993773e-03
156 1.057794e-04 3.587267e+08 5.683477e+08 6.911383e-03
157 1.051862e-04 3.555573e+08 5.658897e+08 6.746423e-03
158 1.046121e-04 3.524788e+08 5.635140e+08 7.111812e-03
159 1.040561e-04 3.494883e+08 5.612169e+08 7.083254e-03
160 1.035178e-04 3.465833e+08 5.589953e+08 6.898382e-03
161 1.029965e-04 3.437617e+08 5.568460e+08 7.256753e-03
162 1.024916e-04 3.410214e+08 5.547665e+08 6.792664e-03
163 1.020027e-04 3.383605e+08 5.527539e+08 7.148334e-03
164 1.015291e-04 3.357772e+08 5.508060e+08 6.331842e-03
165 1.010704e-04 3.332697e+08 5.489205e+08 6.888606e-03
166 1.006262e-04 3.308362e+08 5.470950e+08 6.449957e-03
167 1.001961e-04 3.284751e+08 5.453276e+08 7.290523e-03
168 9.977945e-05 3.261845e+08 5.436161e+08 7.159465e-03
169 9.937601e-05 3.239628e+08 5.419588e+08 6.774042e-03
170 9.898532e-05 3.218084e+08 5.403537e+08 6.711953e-03
171 9.860698e-05 3.197194e+08 5.387990e+08 6.833846e-03
172 9.824062e-05 3.176942e+08 5.372931e+08 7.274743e-03
173 9.788583e-05 3.157312e+08 5.358342e+08 7.221287e-03
174 9.754227e-05 3.138287e+08 5.344208e+08 6.923724e-03
175 9.720956e-05 3.119849e+08 5.330512e+08 7.161807e-03
176 9.688735e-05 3.101983e+08 5.317241e+08 6.734896e-03
177 9.657531e-05 3.084673e+08 5.304379e+08 7.314800e-03
178 9.627309e-05 3.067902e+08 5.291913e+08 7.136440e-03
179 9.598037e-05 3.051654e+08 5.279829e+08 6.481580e-03
180 9.569683e-05 3.035913e+08 5.268113e+08 7.495628e-03
181 9.542216e-05 3.020664e+08 5.256753e+08 6.968126e-03
182 9.515607e-05 3.005892e+08 5.245737e+08 7.196617e-03
183 9.489825e-05 2.991581e+08 5.235053e+08 7.175555e-03
184 9.464843e-05 2.977717e+08 5.224690e+08 7.062292e-03
185 9.440633e-05 2.964285e+08 5.214636e+08 7.724345e-03
186 9.417168e-05 2.951271e+08 5.204880e+08 7.508548e-03
187 9.394423e-05 2.938660e+08 5.195414e+08 6.691727e-03
188 9.372371e-05 2.926439e+08 5.186225e+08 7.021628e-03
189 9.350989e-05 2.914595e+08 5.177306e+08 6.865914e-03
190 9.330253e-05 2.903115e+08 5.168647e+08 6.736444e-03
191 9.310141e-05 2.891985e+08 5.160238e+08 6.590646e-03
192 9.290629e-05 2.881195e+08 5.152072e+08 7.107586e-03
193 9.271698e-05 2.870730e+08 5.144140e+08 7.000698e-03
194 9.253326e-05 2.860580e+08 5.136434e+08 7.383685e-03
195 9.091859e-05 2.738701e+08 5.086216e+08 7.590389e-03
196 8.992560e-05 2.666846e+08 5.053026e+08 7.172044e-03
197 8.977241e-05 2.658404e+08 5.046474e+08 6.981750e-03
198 8.962120e-05 2.649877e+08 5.040104e+08 6.991260e-03
199 8.947472e-05 2.641632e+08 5.033923e+08 7.559437e-03
200 8.933318e-05 2.633693e+08 5.027931e+08 7.286137e-03
201 8.919646e-05 2.626051e+08 5.022126e+08 6.639937e-03
202 8.906436e-05 2.618690e+08 5.016502e+08 7.069148e-03
203 8.893666e-05 2.611595e+08 5.011052e+08 7.124026e-03
204 8.881340e-05 2.604776e+08 5.005773e+08 7.152435e-03
205 8.869528e-05 2.598300e+08 5.000681e+08 6.835586e-03
206 8.857956e-05 2.591917e+08 4.995711e+08 6.750493e-03
207 8.846738e-05 2.585735e+08 4.990887e+08 6.691180e-03
208 8.835859e-05 2.579749e+08 4.986203e+08 6.613518e-03
209 8.825307e-05 2.573950e+08 4.981654e+08 6.985768e-03
210 8.815067e-05 2.568327e+08 4.977235e+08 6.870616e-03
211 8.805127e-05 2.562874e+08 4.972941e+08 7.093950e-03
212 8.795471e-05 2.557580e+08 4.968767e+08 6.842715e-03
213 8.786089e-05 2.552439e+08 4.964708e+08 6.925934e-03
214 8.776969e-05 2.547441e+08 4.960761e+08 7.141092e-03
215 8.768099e-05 2.542580e+08 4.956922e+08 6.921430e-03
216 8.759469e-05 2.537848e+08 4.953185e+08 6.851349e-03
217 8.751069e-05 2.533239e+08 4.949549e+08 6.916921e-03
218 8.742889e-05 2.528747e+08 4.946009e+08 7.319747e-03
219 8.734920e-05 2.524365e+08 4.942562e+08 6.946287e-03
220 8.727153e-05 2.520088e+08 4.939206e+08 7.321602e-03
221 8.719581e-05 2.515910e+08 4.935936e+08 6.583220e-03
222 8.712196e-05 2.511825e+08 4.932750e+08 6.976719e-03
223 8.704989e-05 2.507830e+08 4.929646e+08 7.373618e-03
224 8.697950e-05 2.503919e+08 4.926618e+08 6.797451e-03
225 8.691076e-05 2.500089e+08 4.923664e+08 7.078070e-03
226 8.684363e-05 2.496332e+08 4.920788e+08 7.503660e-03
227 8.677805e-05 2.492646e+08 4.917985e+08 6.857190e-03
228 8.671393e-05 2.489028e+08 4.915251e+08 6.996402e-03
229 8.665122e-05 2.485474e+08 4.912584e+08 6.870719e-03
230 8.658988e-05 2.481980e+08 4.909983e+08 7.148746e-03
231 8.652983e-05 2.478543e+08 4.907445e+08 6.931406e-03
232 8.647103e-05 2.475160e+08 4.904968e+08 7.167852e-03
233 8.641344e-05 2.471827e+08 4.902551e+08 7.347383e-03
234 8.635700e-05 2.468541e+08 4.900191e+08 6.804603e-03
235 8.630167e-05 2.465300e+08 4.897888e+08 6.902002e-03
236 8.624741e-05 2.462101e+08 4.895638e+08 7.144374e-03
237 8.619418e-05 2.458940e+08 4.893442e+08 7.282336e-03
238 8.614194e-05 2.455817e+08 4.891296e+08 6.524993e-03
239 8.609064e-05 2.452727e+08 4.889200e+08 7.028843e-03
240 8.604026e-05 2.449670e+08 4.887152e+08 7.396288e-03
241 8.599075e-05 2.446643e+08 4.885150e+08 6.995601e-03
242 8.594209e-05 2.443643e+08 4.883194e+08 6.652268e-03
243 8.589423e-05 2.440669e+08 4.881282e+08 6.683181e-03
244 8.584714e-05 2.437719e+08 4.879412e+08 6.893386e-03
245 8.580080e-05 2.434791e+08 4.877583e+08 7.165530e-03
246 8.575517e-05 2.431883e+08 4.875794e+08 6.703885e-03
247 8.571023e-05 2.428993e+08 4.874044e+08 7.259200e-03
248 8.566593e-05 2.426120e+08 4.872331e+08 7.099737e-03
249 8.562227e-05 2.423262e+08 4.870654e+08 6.897360e-03
