  0 1.000000e+00 6.636460e+12 3.986584e+11 1.353563e+12
  1 8.167969e-02 3.055293e+11 3.874335e+11 2.523173e+11
  2 6.102478e-02 3.106029e+11 2.616938e+11 8.045253e+10
  3 4.366469e-02 1.855640e+11 2.278473e+11 3.767806e+10
  4 3.926115e-02 1.614698e+11 2.104896e+11 2.407629e+10
  5 3.820415e-02 1.675653e+11 1.969525e+11 1.789753e+10
  6 3.781736e-02 1.789674e+11 1.832768e+11 1.467779e+10
  7 3.751901e-02 1.882686e+11 1.708610e+11 1.272607e+10
  8 3.546578e-02 1.825072e+11 1.564089e+11 1.137943e+10
  9 3.323096e-02 1.720650e+11 1.453311e+11 1.035901e+10
