  0 1.000000e+00 9.178681e+12 2.410688e+11 9.692857e+11
  1 4.337779e-02 2.649171e+11 3.003669e+11 5.771239e-03
  2 3.459513e-02 2.816349e+11 1.506848e+11 1.083905e-02
  3 1.965171e-02 1.478610e+11 1.051578e+11 1.135566e-02
  4 1.462427e-02 1.057786e+11 8.391870e+10 1.350381e-02
  5 1.230975e-02 8.779198e+10 7.217937e+10 1.265887e-02
  6 1.163588e-02 8.478195e+10 6.598304e+10 1.348808e-02
  7 1.140209e-02 8.494256e+10 6.218817e+10 1.390716e-02
  8 1.109612e-02 8.339163e+10 5.951159e+10 1.462613e-02
  9 1.069955e-02 8.046141e+10 5.731434e+10 1.486844e-02
