  0 1.000000e+00 8.651353e+12 3.286426e+11 1.179697e+12
  1 5.188413e-02 3.573617e+11 2.789483e+11 5.394525e-03
  2 3.392841e-03 1.361867e+10 2.633201e+10 8.639779e-03
  3 2.823933e-03 1.114926e+10 2.201180e+10 8.459873e-03
  4 2.721349e-03 1.083283e+10 2.116708e+10 8.892225e-03
  5 2.696597e-03 1.078407e+10 2.094902e+10 8.290751e-03
  6 2.683166e-03 1.073007e+10 2.084482e+10 9.215825e-03
  7 2.670560e-03 1.063232e+10 2.077119e+10 9.499916e-03
  8 2.413275e-03 1.054887e+10 1.825788e+10 9.833969e-03
  9 2.194137e-03 1.071392e+10 1.589836e+10 1.025539e-02
