  0 1.000000e+00 1.027853e+13 3.096032e+11 1.059146e+12
  1 4.297592e-02 2.578912e+11 3.236477e+11 1.616104e+11
  2 3.928689e-02 3.048161e+11 2.635333e+11 5.079841e+10
  3 2.712062e-02 1.536692e+11 2.332612e+11 2.403771e+10
  4 2.195282e-02 1.012437e+11 2.024921e+11 1.575285e+10
  5 1.991184e-02 1.013656e+11 1.787661e+11 1.174758e+10
  6 1.862438e-02 1.073085e+11 1.595758e+11 9.421235e+09
  7 1.753604e-02 1.107103e+11 1.433281e+11 7.929760e+09
  8 1.609807e-02 1.040492e+11 1.296910e+11 6.931709e+09
  9 1.478825e-02 9.456646e+10 1.199543e+11 6.236356e+09
