  0 1.000000e+00 8.378026e+12 2.698106e+11 1.059146e+12
  1 5.164839e-02 2.507818e+11 3.184700e+11 1.615897e+11
  2 4.584118e-02 3.145438e+11 2.202078e+11 5.081348e+10
  3 2.914304e-02 1.674872e+11 1.788899e+11 2.399287e+10
  4 2.307153e-02 1.214914e+11 1.516319e+11 1.568407e+10
  5 2.153684e-02 1.217510e+11 1.347288e+11 1.166925e+10
  6 2.069411e-02 1.250389e+11 1.218540e+11 9.359954e+09
  7 1.969919e-02 1.250469e+11 1.095579e+11 7.888475e+09
  8 1.806766e-02 1.162598e+11 9.868749e+10 6.906090e+09
  9 1.642383e-02 1.052882e+11 9.017471e+10 6.222432e+09
