  0 1.000000e+00 6.506540e+12 5.861576e+11 1.636415e+12
  1 9.027688e-02 3.903597e+11 4.661233e+11 2.455936e-03
  2 7.049225e-02 3.484368e+11 3.224522e+11 4.872156e-03
  3 5.500808e-02 2.704627e+11 2.531671e+11 6.175306e-03
  4 4.832743e-02 2.458657e+11 2.132651e+11 5.943747e-03
  5 4.417184e-02 2.310664e+11 1.873653e+11 6.737338e-03
  6 4.223064e-02 2.287055e+11 1.690674e+11 6.781785e-03
  7 4.060842e-02 2.266282e+11 1.530833e+11 6.535066e-03
  8 3.837289e-02 2.163468e+11 1.413525e+11 6.367218e-03
  9 3.598278e-02 2.035602e+11 1.314878e+11 6.697554e-03
 10 3.407872e-02 1.929555e+11 1.242712e+11 6.594838e-03
 11 3.214136e-02 1.811850e+11 1.184411e+11 7.073598e-03
 12 3.046276e-02 1.709631e+11 1.134087e+11 6.369137e-03
 13 2.888187e-02 1.612573e+11 1.087693e+11 6.522051e-03
 14 2.757714e-02 1.526159e+11 1.058392e+11 6.941276e-03
 15 2.631101e-02 1.448694e+11 1.020380e+11 6.919356e-03
 16 2.537996e-02 1.385629e+11 1.000818e+11 6.826841e-03
 17 2.444785e-02 1.311685e+11 9.952034e+10 7.294926e-03
 18 2.378079e-02 1.263584e+11 9.840649e+10 7.533010e-03
 19 2.316017e-02 1.197609e+11 9.993120e+10 6.876464e-03
 20 2.277834e-02 1.151368e+11 1.013748e+11 7.380499e-03
 21 2.267792e-02 1.102186e+11 1.057269e+11 7.223014e-03
 22 2.285533e-02 1.062079e+11 1.114117e+11 6.521574e-03
 23 2.311047e-02 1.013058e+11 1.181599e+11 6.623790e-03
 24 2.372400e-02 9.747500e+10 1.265959e+11 6.810042e-03
 25 2.431739e-02 9.551392e+10 1.330338e+11 7.394768e-03
 26 2.476233e-02 9.199443e+10 1.390985e+11 6.713695e-03
 27 2.337764e-02 8.959262e+10 1.294647e+11 6.840632e-03
 28 1.582108e-02 8.332871e+10 6.640295e+10 8.000807e-03
 29 1.496019e-02 7.847609e+10 6.318721e+10 7.232487e-03
 30 1.453946e-02 7.591415e+10 6.184838e+10 7.760571e-03
 31 1.401969e-02 7.298086e+10 5.990573e+10 6.996213e-03
 32 1.341684e-02 6.950158e+10 5.774279e+10 7.320855e-03
 33 1.296941e-02 6.682231e+10 5.624942e+10 6.589051e-03
 34 1.248715e-02 6.386813e+10 5.471064e+10 6.860925e-03
 35 1.208248e-02 6.117700e+10 5.365444e+10 7.238430e-03
 36 1.162060e-02 5.884574e+10 5.159505e+10 7.579122e-03
 37 1.131258e-02 5.781828e+10 4.961372e+10 7.095266e-03
 38 1.098878e-02 5.588348e+10 4.851783e+10 7.182570e-03
 39 1.055666e-02 5.345103e+10 4.687917e+10 7.578016e-03
 40 1.018209e-02 5.155545e+10 4.521469e+10 7.197240e-03
 41 9.955467e-03 5.012879e+10 4.452469e+10 6.878580e-03
 42 9.687455e-03 4.867215e+10 4.344633e+10 7.360006e-03
 43 9.347048e-03 4.696701e+10 4.191390e+10 7.311850e-03
 44 9.067752e-03 4.581391e+10 4.037925e+10 7.163070e-03
 45 8.810000e-03 4.449259e+10 3.925307e+10 7.358470e-03
 46 8.633234e-03 4.338379e+10 3.870904e+10 7.513248e-03
 47 8.421606e-03 4.207390e+10 3.803453e+10 7.542382e-03
 48 8.177711e-03 4.089191e+10 3.689262e+10 7.561843e-03
 49 7.964185e-03 3.986149e+10 3.588794e+10 7.525225e-03
 50 7.736764e-03 3.870988e+10 3.487797e+10 7.422244e-03
 51 7.567880e-03 3.775653e+10 3.423651e+10 7.704582e-03
 52 7.413435e-03 3.702004e+10 3.350022e+10 7.103402e-03
 53 7.277483e-03 3.643899e+10 3.277743e+10 7.346101e-03
 54 7.155365e-03 3.591734e+10 3.212729e+10 7.620632e-03
 55 6.999692e-03 3.518965e+10 3.136816e+10 7.040416e-03
 56 6.918580e-03 3.474995e+10 3.104044e+10 7.855732e-03
 57 6.733737e-03 3.416449e+10 2.982276e+10 7.282391e-03
 58 6.553060e-03 3.306681e+10 2.922861e+10 7.820601e-03
 59 6.417270e-03 3.214283e+10 2.889083e+10 8.095344e-03
 60 6.274327e-03 3.139394e+10 2.828389e+10 7.512536e-03
 61 6.186518e-03 3.088007e+10 2.797053e+10 7.278581e-03
 62 6.091934e-03 3.016826e+10 2.780523e+10 7.497368e-03
 63 5.976216e-03 2.937684e+10 2.751209e+10 7.308085e-03
 64 5.878701e-03 2.882511e+10 2.714026e+10 8.022404e-03
 65 5.754690e-03 2.828158e+10 2.649903e+10 7.033992e-03
 66 5.651235e-03 2.760620e+10 2.619968e+10 6.874798e-03
 67 5.528481e-03 2.674719e+10 2.590112e+10 7.409776e-03
 68 5.464142e-03 2.629412e+10 2.574532e+10 7.569859e-03
 69 5.403699e-03 2.589170e+10 2.557396e+10 8.061884e-03
 70 5.325467e-03 2.536320e+10 2.535834e+10 7.516483e-03
 71 5.249814e-03 2.468494e+10 2.531212e+10 7.901906e-03
 72 5.194121e-03 2.420389e+10 2.525549e+10 7.877702e-03
 73 5.106286e-03 2.366912e+10 2.494804e+10 7.437221e-03
 74 5.024678e-03 2.320164e+10 2.463366e+10 7.267981e-03
 75 4.942997e-03 2.269998e+10 2.434987e+10 7.866526e-03
 76 4.837152e-03 2.219555e+10 2.384556e+10 7.631838e-03
 77 4.765891e-03 2.180592e+10 2.355241e+10 7.707085e-03
 78 4.688664e-03 2.135649e+10 2.325936e+10 7.670642e-03
 79 4.617624e-03 2.098103e+10 2.295448e+10 7.387653e-03
 80 4.546397e-03 2.059875e+10 2.265387e+10 7.349197e-03
 81 4.470048e-03 2.016798e+10 2.235030e+10 7.738574e-03
 82 4.394898e-03 1.975306e+10 2.204276e+10 7.045111e-03
 83 4.319750e-03 1.934879e+10 2.172527e+10 7.474307e-03
 84 4.247529e-03 1.898387e+10 2.139888e+10 7.788462e-03
 85 4.181227e-03 1.868531e+10 2.106683e+10 7.432573e-03
 86 4.112126e-03 1.835415e+10 2.073848e+10 8.068214e-03
 87 4.040278e-03 1.787193e+10 2.051796e+10 8.042936e-03
 88 3.961927e-03 1.745153e+10 2.018413e+10 8.082777e-03
 89 3.870497e-03 1.704740e+10 1.971955e+10 7.847095e-03
 90 3.779770e-03 1.655666e+10 1.933572e+10 8.014295e-03
 91 3.705100e-03 1.616267e+10 1.901083e+10 8.013477e-03
 92 3.627841e-03 1.580192e+10 1.863456e+10 7.913406e-03
 93 3.552824e-03 1.545619e+10 1.826530e+10 7.666188e-03
 94 3.480027e-03 1.512549e+10 1.790289e+10 7.538672e-03
 95 3.409167e-03 1.480892e+10 1.754560e+10 7.548447e-03
 96 3.344258e-03 1.454728e+10 1.719437e+10 7.684082e-03
 97 3.276605e-03 1.425671e+10 1.684339e+10 7.402583e-03
 98 3.206799e-03 1.394898e+10 1.648794e+10 7.889572e-03
 99 3.142062e-03 1.368046e+10 1.614402e+10 7.127866e-03
100 3.078267e-03 1.341003e+10 1.581002e+10 7.188247e-03
101 3.013999e-03 1.313465e+10 1.547604e+10 7.698803e-03
102 2.950861e-03 1.286540e+10 1.514684e+10 7.573364e-03
103 2.888934e-03 1.260263e+10 1.482283e+10 7.808925e-03
104 2.824773e-03 1.234014e+10 1.447881e+10 7.694407e-03
105 2.770216e-03 1.209087e+10 1.420849e+10 7.507789e-03
106 2.711994e-03 1.186534e+10 1.388548e+10 7.827656e-03
107 2.651197e-03 1.160627e+10 1.356828e+10 7.661556e-03
108 2.592875e-03 1.137037e+10 1.325316e+10 7.964925e-03
109 2.538520e-03 1.114888e+10 1.296085e+10 7.787409e-03
110 2.488544e-03 1.095340e+10 1.268500e+10 7.725283e-03
111 2.436273e-03 1.074120e+10 1.240309e+10 7.625460e-03
112 2.370982e-03 1.035153e+10 1.215812e+10 7.576374e-03
113 2.315905e-03 1.010399e+10 1.188171e+10 7.192046e-03
114 2.261440e-03 9.869107e+09 1.159995e+10 7.431544e-03
115 2.208940e-03 9.643876e+09 1.132735e+10 7.526678e-03
116 2.158226e-03 9.426806e+09 1.106360e+10 8.054780e-03
117 2.109533e-03 9.229624e+09 1.080075e+10 7.882185e-03
118 2.063232e-03 9.058783e+09 1.053649e+10 8.101171e-03
119 2.017406e-03 8.867410e+09 1.029401e+10 7.039938e-03
120 1.972673e-03 8.681643e+09 1.005639e+10 7.899556e-03
121 1.929194e-03 8.496443e+09 9.829435e+09 7.576451e-03
122 1.888347e-03 8.322467e+09 9.616192e+09 7.345515e-03
123 1.845856e-03 8.137952e+09 9.397432e+09 7.123091e-03
124 1.804129e-03 7.956727e+09 9.182623e+09 7.635325e-03
125 1.765687e-03 7.791356e+09 8.983345e+09 7.987390e-03
126 1.727150e-03 7.627156e+09 8.782205e+09 7.361765e-03
127 1.687929e-03 7.454760e+09 8.582069e+09 7.277259e-03
128 1.649937e-03 7.288294e+09 8.387753e+09 7.085778e-03
129 1.613554e-03 7.131774e+09 8.199142e+09 7.339185e-03
130 1.578211e-03 6.974437e+09 8.020527e+09 7.139340e-03
131 1.542898e-03 6.822493e+09 7.837491e+09 7.565586e-03
132 1.508876e-03 6.675088e+09 7.662026e+09 7.748464e-03
133 1.476459e-03 6.534432e+09 7.495018e+09 7.332297e-03
134 1.447598e-03 6.421476e+09 7.335596e+09 7.406149e-03
135 1.417269e-03 6.290951e+09 7.178390e+09 7.513285e-03
136 1.386963e-03 6.158148e+09 7.023392e+09 7.936510e-03
137 1.357363e-03 6.026824e+09 6.873413e+09 7.277698e-03
138 1.328505e-03 5.897577e+09 6.728256e+09 7.732132e-03
139 1.300408e-03 5.770861e+09 6.587698e+09 7.557864e-03
140 1.273074e-03 5.646917e+09 6.451544e+09 7.472318e-03
141 1.246499e-03 5.525887e+09 6.319627e+09 7.246078e-03
142 1.220668e-03 5.407806e+09 6.191784e+09 7.747058e-03
143 1.195567e-03 5.292682e+09 6.067881e+09 6.923275e-03
144 1.171181e-03 5.180503e+09 5.947795e+09 7.609452e-03
145 1.147496e-03 5.071250e+09 5.831416e+09 7.856103e-03
146 1.124498e-03 4.964897e+09 5.718642e+09 6.980213e-03
147 1.102173e-03 4.861412e+09 5.609378e+09 7.206501e-03
148 1.080510e-03 4.760766e+09 5.503535e+09 7.769658e-03
149 1.059495e-03 4.662926e+09 5.401030e+09 7.529332e-03
150 1.039116e-03 4.567858e+09 5.301780e+09 7.605666e-03
151 1.019354e-03 4.475515e+09 5.205665e+09 7.936534e-03
152 1.000206e-03 4.385884e+09 5.112650e+09 7.772725e-03
153 9.816795e-04 4.299069e+09 5.022730e+09 7.619675e-03
154 9.638068e-04 4.215337e+09 4.935955e+09 8.146266e-03
155 9.464753e-04 4.133932e+09 4.851975e+09 7.615479e-03
156 9.296891e-04 4.054991e+09 4.770708e+09 7.573000e-03
157 9.132305e-04 3.977365e+09 4.691208e+09 7.133945e-03
158 8.983460e-04 3.907912e+09 4.618666e+09 7.335364e-03
159 8.832863e-04 3.836975e+09 4.545825e+09 7.348434e-03
160 8.686302e-04 3.767735e+09 4.475096e+09 7.645902e-03
161 8.544512e-04 3.700609e+09 4.406776e+09 7.853679e-03
162 8.407611e-04 3.635714e+09 4.340870e+09 7.258452e-03
163 8.275601e-04 3.573091e+09 4.277344e+09 7.998813e-03
164 8.148417e-04 3.512737e+09 4.216147e+09 7.388865e-03
165 8.026016e-04 3.454677e+09 4.157219e+09 7.914953e-03
166 7.908558e-04 3.398935e+09 4.100682e+09 7.845689e-03
167 7.795744e-04 3.345447e+09 4.046328e+09 7.400063e-03
168 7.687260e-04 3.294070e+09 3.994002e+09 7.226444e-03
169 7.582952e-04 3.244732e+09 3.943631e+09 7.306051e-03
170 7.482700e-04 3.197382e+09 3.895153e+09 7.666838e-03
171 7.386387e-04 3.151969e+09 3.848507e+09 7.120254e-03
172 7.293893e-04 3.108446e+09 3.803632e+09 7.394703e-03
173 7.205094e-04 3.066759e+09 3.760463e+09 7.427201e-03
174 7.119863e-04 3.026853e+09 3.718935e+09 7.304563e-03
175 7.038071e-04 2.988673e+09 3.678983e+09 7.170809e-03
176 6.959586e-04 2.952160e+09 3.640542e+09 7.684757e-03
177 6.884276e-04 2.917255e+09 3.603547e+09 7.377303e-03
178 6.812010e-04 2.883896e+09 3.567932e+09 7.919607e-03
179 6.742599e-04 2.852010e+09 3.533595e+09 7.963516e-03
180 6.676189e-04 2.821658e+09 3.500616e+09 7.250920e-03
181 6.612393e-04 2.792632e+09 3.468827e+09 7.762406e-03
182 6.551069e-04 2.764877e+09 3.438150e+09 7.081427e-03
183 6.492111e-04 2.738346e+09 3.408532e+09 7.747506e-03
184 6.435405e-04 2.712987e+09 3.379917e+09 7.355269e-03
185 6.380836e-04 2.688744e+09 3.352250e+09 7.665856e-03
186 6.328285e-04 2.665558e+09 3.325478e+09 7.689885e-03
187 6.277638e-04 2.643373e+09 3.299546e+09 7.809704e-03
188 6.228781e-04 2.622130e+09 3.274403e+09 7.143001e-03
189 6.181603e-04 2.601775e+09 3.249998e+09 7.821940e-03
190 6.135996e-04 2.582252e+09 3.226282e+09 7.793577e-03
191 6.091855e-04 2.563507e+09 3.203208e+09 8.490633e-03
192 6.049080e-04 2.545489e+09 3.180730e+09 7.485823e-03
193 6.007572e-04 2.528148e+09 3.158805e+09 7.521533e-03
194 5.967239e-04 2.511434e+09 3.137389e+09 7.516973e-03
195 5.927988e-04 2.495301e+09 3.116443e+09 7.893403e-03
196 5.889735e-04 2.479703e+09 3.095929e+09 7.397150e-03
197 5.852395e-04 2.464596e+09 3.075810e+09 7.628824e-03
198 5.815890e-04 2.449939e+09 3.056050e+09 7.608991e-03
199 5.780144e-04 2.435691e+09 3.036617e+09 7.800969e-03
200 5.745084e-04 2.421815e+09 3.017478e+09 7.688391e-03
201 5.710643e-04 2.408273e+09 2.998605e+09 7.374018e-03
202 5.676757e-04 2.395032e+09 2.979968e+09 7.336747e-03
203 5.643362e-04 2.382057e+09 2.961542e+09 7.760313e-03
204 5.610401e-04 2.369318e+09 2.943300e+09 7.259500e-03
205 5.577822e-04 2.356787e+09 2.925220e+09 7.965631e-03
206 5.545571e-04 2.344434e+09 2.907280e+09 7.847771e-03
207 5.513601e-04 2.332233e+09 2.889458e+09 7.609655e-03
208 5.481866e-04 2.320161e+09 2.871736e+09 8.453057e-03
209 5.450324e-04 2.308193e+09 2.854095e+09 7.568480e-03
210 5.418936e-04 2.296308e+09 2.836520e+09 7.424519e-03
211 5.387665e-04 2.284487e+09 2.818993e+09 7.905813e-03
212 5.356477e-04 2.272710e+09 2.801501e+09 7.521151e-03
213 5.325341e-04 2.260959e+09 2.784031e+09 7.444484e-03
214 5.294227e-04 2.249219e+09 2.766570e+09 7.411152e-03
215 5.263109e-04 2.237475e+09 2.749108e+09 7.373987e-03
216 5.231961e-04 2.225713e+09 2.731634e+09 7.314577e-03
217 5.200762e-04 2.213920e+09 2.714139e+09 6.996533e-03
218 5.169491e-04 2.202085e+09 2.696614e+09 7.497761e-03
219 5.138137e-04 2.190206e+09 2.679052e+09 7.565848e-03
220 5.106675e-04 2.178255e+09 2.661452e+09 7.256482e-03
221 5.075084e-04 2.166231e+09 2.643800e+09 8.448986e-03
222 5.043354e-04 2.154128e+09 2.626090e+09 7.599965e-03
223 5.011476e-04 2.141939e+09 2.608320e+09 7.107516e-03
224 4.979439e-04 2.129658e+09 2.590485e+09 7.558936e-03
225 4.947234e-04 2.117280e+09 2.572583e+09 8.731310e-03
226 4.914854e-04 2.104799e+09 2.554612e+09 8.087083e-03
227 4.882292e-04 2.092211e+09 2.536568e+09 7.662430e-03
228 4.849542e-04 2.079514e+09 2.518450e+09 7.198520e-03
229 4.816600e-04 2.066703e+09 2.500256e+09 8.196192e-03
230 4.783463e-04 2.053777e+09 2.481986e+09 7.665506e-03
231 4.750128e-04 2.040733e+09 2.463639e+09 7.763111e-03
232 4.716593e-04 2.027570e+09 2.445215e+09 7.452928e-03
233 4.682858e-04 2.014287e+09 2.426715e+09 7.483250e-03
234 4.648922e-04 2.000884e+09 2.408137e+09 7.842113e-03
235 4.614787e-04 1.987360e+09 2.389484e+09 7.715430e-03
236 4.580453e-04 1.973717e+09 2.370756e+09 7.885922e-03
237 4.545924e-04 1.959953e+09 2.351955e+09 7.916482e-03
238 4.511201e-04 1.946071e+09 2.333083e+09 7.313514e-03
239 4.476287e-04 1.932072e+09 2.314141e+09 7.682810e-03
240 4.441187e-04 1.917956e+09 2.295131e+09 7.202671e-03
241 4.405905e-04 1.903726e+09 2.276055e+09 7.403733e-03
242 4.370445e-04 1.889385e+09 2.256917e+09 7.439892e-03
243 4.334812e-04 1.874933e+09 2.237718e+09 7.771119e-03
244 4.299012e-04 1.860374e+09 2.218461e+09 7.221776e-03
245 4.263051e-04 1.845711e+09 2.199150e+09 8.581138e-03
246 4.226935e-04 1.830946e+09 2.179788e+09 7.247188e-03
247 4.190670e-04 1.816081e+09 2.160376e+09 7.331770e-03
248 4.154262e-04 1.801122e+09 2.140920e+09 7.205684e-03
249 4.117720e-04 1.786070e+09 2.121422e+09 7.641645e-03
