  0 1.000000e+00 1.061313e+13 3.722615e+11 1.179697e+12
  1 4.368973e-02 3.685960e+11 2.864638e+11 5.447333e-03
  2 2.789001e-03 1.380364e+10 2.641069e+10 8.095636e-03
  3 2.310105e-03 1.117930e+10 2.200670e+10 8.235379e-03
  4 2.224033e-03 1.081569e+10 2.115978e+10 8.657284e-03
  5 2.204413e-03 1.076532e+10 2.095004e+10 8.667846e-03
  6 2.194073e-03 1.071835e+10 2.084996e+10 8.938553e-03
  7 2.184281e-03 1.062854e+10 2.077843e+10 9.066695e-03
  8 1.974267e-03 1.055281e+10 1.826575e+10 1.010964e-02
  9 1.795729e-03 1.072529e+10 1.590980e+10 1.045534e-02
