  0 1.000000e+00 6.486722e+12 3.971989e+11 1.353563e+12
  1 7.411051e-02 3.053264e+11 3.857596e+11 3.329531e-03
  2 5.687080e-02 2.928905e+11 2.382058e+11 6.791212e-03
  3 4.048276e-02 1.975498e+11 1.821927e+11 7.790431e-03
  4 3.467729e-02 1.730957e+11 1.517551e+11 8.362979e-03
  5 3.134789e-02 1.600234e+11 1.330308e+11 8.493816e-03
  6 3.006815e-02 1.585288e+11 1.212837e+11 8.823009e-03
  7 2.938667e-02 1.596545e+11 1.120984e+11 9.297226e-03
  8 2.825677e-02 1.551525e+11 1.054189e+11 8.978576e-03
  9 2.671949e-02 1.472164e+11 9.893663e+10 8.978175e-03
