  0 1.000000e+00 7.497300e+12 5.993643e+11 1.636415e+12
  1 5.915423e-02 3.575120e+11 2.819614e+11 2.496649e-03
  2 5.410320e-03 2.248414e+10 3.505288e+10 3.770551e-03
  3 4.977764e-03 2.003154e+10 3.266125e+10 4.142920e-03
  4 4.918439e-03 2.033641e+10 3.193223e+10 4.601982e-03
  5 4.887889e-03 2.060361e+10 3.147982e+10 5.152189e-03
  6 4.867479e-03 2.061334e+10 3.128549e+10 6.036479e-03
  7 4.833147e-03 2.045536e+10 3.107310e+10 5.837114e-03
  8 4.398686e-03 2.020715e+10 2.716616e+10 6.208024e-03
  9 4.078372e-03 2.040532e+10 2.385537e+10 6.481432e-03
 10 3.902125e-03 2.098827e+10 2.148525e+10 6.206959e-03
 11 3.811683e-03 2.184543e+10 1.958486e+10 6.353884e-03
 12 3.653235e-03 2.156312e+10 1.804839e+10 6.570896e-03
 13 3.470649e-03 2.083860e+10 1.671532e+10 6.504575e-03
 14 3.322040e-03 2.022237e+10 1.564922e+10 6.390713e-03
 15 3.148335e-03 1.936573e+10 1.456783e+10 6.747419e-03
 16 2.998074e-03 1.853307e+10 1.374992e+10 7.261529e-03
 17 2.821296e-03 1.739430e+10 1.300093e+10 6.972770e-03
 18 2.668362e-03 1.644395e+10 1.230616e+10 6.572249e-03
 19 2.485411e-03 1.521832e+10 1.159244e+10 6.666796e-03
 20 2.355451e-03 1.428936e+10 1.115900e+10 6.540473e-03
 21 2.225132e-03 1.346262e+10 1.058775e+10 6.851434e-03
 22 2.082338e-03 1.250727e+10 1.002344e+10 7.256288e-03
 23 1.983886e-03 1.188950e+10 9.582411e+09 6.805036e-03
 24 1.878591e-03 1.115963e+10 9.195120e+09 6.967681e-03
 25 1.805331e-03 1.062095e+10 8.960653e+09 6.744029e-03
 26 1.693034e-03 1.006716e+10 8.274936e+09 7.019813e-03
 27 1.618746e-03 9.531610e+09 8.024621e+09 7.034949e-03
 28 1.542786e-03 8.936999e+09 7.819727e+09 7.235680e-03
 29 1.499744e-03 8.683534e+09 7.606289e+09 7.307332e-03
 30 1.427529e-03 8.178678e+09 7.337867e+09 7.167359e-03
 31 1.365977e-03 7.837123e+09 7.009088e+09 7.082716e-03
 32 1.312258e-03 7.572532e+09 6.684358e+09 7.336472e-03
 33 1.255835e-03 7.249112e+09 6.394483e+09 6.997844e-03
 34 1.203201e-03 6.835748e+09 6.248475e+09 7.278417e-03
 35 1.152062e-03 6.437421e+09 6.098725e+09 6.905017e-03
 36 1.130749e-03 6.303560e+09 6.001452e+09 7.471953e-03
 37 1.073036e-03 6.062301e+09 5.609403e+09 7.493600e-03
 38 1.039798e-03 5.825456e+09 5.488193e+09 7.527318e-03
 39 1.000722e-03 5.550885e+09 5.340402e+09 6.799987e-03
 40 9.604718e-04 5.403080e+09 5.045996e+09 7.282137e-03
 41 9.252219e-04 5.156056e+09 4.912462e+09 7.050953e-03
 42 8.812871e-04 4.865036e+09 4.727187e+09 7.562115e-03
 43 8.484772e-04 4.761024e+09 4.470467e+09 7.611411e-03
 44 8.234623e-04 4.610904e+09 4.349035e+09 6.898182e-03
 45 7.981461e-04 4.401209e+09 4.286216e+09 7.234143e-03
 46 7.764077e-04 4.261884e+09 4.189358e+09 6.978942e-03
 47 7.594053e-04 4.148552e+09 4.117866e+09 6.842454e-03
 48 7.422361e-04 4.057558e+09 4.021944e+09 7.419597e-03
 49 7.302991e-04 3.998101e+09 3.951403e+09 6.755770e-03
 50 7.212516e-04 3.979822e+09 3.870572e+09 6.979802e-03
 51 7.071978e-04 3.932830e+09 3.763480e+09 7.025929e-03
 52 6.959537e-04 3.913873e+09 3.657565e+09 7.584717e-03
 53 6.501807e-04 3.513781e+09 3.563559e+09 7.536896e-03
 54 6.265716e-04 3.381013e+09 3.439256e+09 7.094162e-03
 55 6.088916e-04 3.282680e+09 3.345091e+09 7.858757e-03
 56 6.033429e-04 3.268360e+09 3.299231e+09 7.253770e-03
 57 5.804007e-04 3.192344e+09 3.125227e+09 7.506050e-03
 58 5.581673e-04 3.050760e+09 3.025092e+09 7.818392e-03
 59 5.469618e-04 3.008084e+09 2.945518e+09 7.494415e-03
 60 5.352245e-04 2.985111e+09 2.839226e+09 7.384798e-03
 61 5.128968e-04 2.811250e+09 2.771726e+09 7.011382e-03
 62 5.074354e-04 2.773055e+09 2.750566e+09 6.908393e-03
 63 5.055352e-04 2.815435e+09 2.686026e+09 6.520007e-03
 64 5.048338e-04 2.861034e+09 2.629431e+09 6.617392e-03
 65 5.067520e-04 2.918546e+09 2.587754e+09 8.266455e-03
 66 5.110272e-04 2.986102e+09 2.560346e+09 7.177660e-03
 67 5.166234e-04 3.062855e+09 2.536103e+09 7.765660e-03
 68 5.233300e-04 3.147189e+09 2.514224e+09 6.677209e-03
 69 4.978125e-04 2.989528e+09 2.396885e+09 6.733654e-03
 70 3.858406e-04 2.087207e+09 2.112767e+09 7.319864e-03
 71 3.798333e-04 2.053441e+09 2.081126e+09 7.197232e-03
 72 3.743550e-04 2.026883e+09 2.048087e+09 6.956022e-03
 73 3.676519e-04 2.002100e+09 1.999959e+09 6.773148e-03
 74 3.621546e-04 1.979013e+09 1.963173e+09 7.360434e-03
 75 3.562741e-04 1.959084e+09 1.918914e+09 7.061604e-03
 76 3.509712e-04 1.943140e+09 1.876765e+09 7.134461e-03
 77 3.461533e-04 1.930466e+09 1.836397e+09 7.853215e-03
 78 3.417816e-04 1.920916e+09 1.797486e+09 7.319809e-03
 79 3.085642e-04 1.643968e+09 1.714161e+09 7.501234e-03
 80 3.027748e-04 1.622800e+09 1.672666e+09 7.772471e-03
 81 2.972060e-04 1.601826e+09 1.633245e+09 7.559956e-03
 82 2.912495e-04 1.574758e+09 1.595559e+09 7.459815e-03
 83 2.857323e-04 1.548202e+09 1.562093e+09 7.045984e-03
 84 2.772283e-04 1.514254e+09 1.503484e+09 7.439888e-03
 85 2.710370e-04 1.484566e+09 1.465736e+09 7.105140e-03
 86 2.654216e-04 1.458936e+09 1.430157e+09 7.173671e-03
 87 2.603309e-04 1.436695e+09 1.396846e+09 7.791788e-03
 88 2.556555e-04 1.416902e+09 1.365552e+09 7.028400e-03
 89 2.513246e-04 1.398932e+09 1.336131e+09 7.357274e-03
 90 2.472887e-04 1.382354e+09 1.308483e+09 7.534583e-03
 91 2.426093e-04 1.367529e+09 1.271643e+09 6.995002e-03
 92 2.382065e-04 1.352891e+09 1.237529e+09 6.998824e-03
 93 2.274180e-04 1.270831e+09 1.203811e+09 7.326943e-03
 94 2.007313e-04 1.033758e+09 1.148291e+09 7.043449e-03
 95 1.921915e-04 9.722198e+08 1.114995e+09 7.140579e-03
 96 1.870351e-04 9.338375e+08 1.095682e+09 6.967860e-03
 97 1.832901e-04 9.157222e+08 1.073246e+09 7.368664e-03
 98 1.782610e-04 8.818952e+08 1.051161e+09 7.571724e-03
 99 1.747125e-04 8.598636e+08 1.033975e+09 7.268178e-03
100 1.708676e-04 8.376312e+08 1.013964e+09 7.754838e-03
101 1.679161e-04 8.200094e+08 9.990448e+08 7.625770e-03
102 1.652663e-04 8.069958e+08 9.833401e+08 7.538546e-03
103 1.629326e-04 7.960791e+08 9.690614e+08 7.051083e-03
104 1.608209e-04 7.864693e+08 9.559192e+08 7.304783e-03
105 1.588593e-04 7.770764e+08 9.440954e+08 7.961190e-03
106 1.570822e-04 7.694025e+08 9.326946e+08 6.964262e-03
107 1.554040e-04 7.622640e+08 9.218369e+08 7.480505e-03
108 1.538287e-04 7.556380e+08 9.115804e+08 7.971459e-03
109 1.523475e-04 7.494958e+08 9.018626e+08 6.818445e-03
110 1.509536e-04 7.438158e+08 8.926312e+08 7.187230e-03
111 1.496414e-04 7.385827e+08 8.838432e+08 8.025311e-03
112 1.484068e-04 7.337866e+08 8.754646e+08 7.531064e-03
113 1.472465e-04 7.294205e+08 8.674690e+08 7.360375e-03
114 1.461590e-04 7.254910e+08 8.598351e+08 7.014536e-03
115 1.451505e-04 7.220824e+08 8.525510e+08 7.673373e-03
116 1.442105e-04 7.191092e+08 8.455854e+08 7.860052e-03
117 1.433534e-04 7.166042e+08 8.390518e+08 7.194159e-03
118 1.425409e-04 7.143297e+08 8.327665e+08 7.487071e-03
119 1.417896e-04 7.124498e+08 8.267568e+08 7.377511e-03
120 1.410913e-04 7.109391e+08 8.209585e+08 7.495327e-03
121 1.404564e-04 7.098166e+08 8.154618e+08 7.267084e-03
122 1.398821e-04 7.090639e+08 8.102511e+08 7.540385e-03
123 1.393650e-04 7.086663e+08 8.053041e+08 7.685881e-03
124 1.317496e-04 6.447681e+08 7.827345e+08 7.184660e-03
125 1.211197e-04 5.516303e+08 7.515654e+08 7.744153e-03
126 1.200439e-04 5.456495e+08 7.456820e+08 7.544874e-03
127 1.189948e-04 5.395925e+08 7.401069e+08 7.230958e-03
128 1.179873e-04 5.337460e+08 7.347703e+08 7.585788e-03
129 1.170243e-04 5.281687e+08 7.296587e+08 7.176463e-03
130 1.161023e-04 5.228362e+08 7.247563e+08 6.986454e-03
131 1.152170e-04 5.177184e+08 7.200440e+08 7.472796e-03
132 1.143664e-04 5.128001e+08 7.155153e+08 7.985467e-03
133 1.135686e-04 5.082423e+08 7.112253e+08 7.073249e-03
134 1.128346e-04 5.041347e+08 7.072164e+08 7.414377e-03
135 1.121219e-04 5.000909e+08 7.033614e+08 7.706438e-03
136 1.114276e-04 4.961119e+08 6.996321e+08 7.551404e-03
137 1.107518e-04 4.922126e+08 6.960199e+08 7.926727e-03
138 1.100951e-04 4.884046e+08 6.925210e+08 7.305061e-03
139 1.094578e-04 4.846957e+08 6.891330e+08 7.564871e-03
140 1.088400e-04 4.810901e+08 6.858541e+08 7.360204e-03
141 1.082416e-04 4.775898e+08 6.826823e+08 7.666943e-03
142 1.076624e-04 4.741953e+08 6.796154e+08 7.608935e-03
143 1.071020e-04 4.709057e+08 6.766509e+08 7.687945e-03
144 1.065602e-04 4.677196e+08 6.737862e+08 7.094612e-03
145 1.060363e-04 4.646349e+08 6.710184e+08 7.156260e-03
146 1.055300e-04 4.616493e+08 6.683446e+08 7.769377e-03
147 1.050407e-04 4.587602e+08 6.657618e+08 7.619998e-03
148 1.045677e-04 4.559648e+08 6.632668e+08 7.379306e-03
149 1.041107e-04 4.532603e+08 6.608568e+08 7.181562e-03
150 1.036691e-04 4.506439e+08 6.585285e+08 7.069166e-03
151 1.032422e-04 4.481126e+08 6.562791e+08 7.378436e-03
152 1.028011e-04 4.455669e+08 6.539055e+08 7.467852e-03
153 1.023819e-04 4.432620e+08 6.515712e+08 6.951755e-03
154 1.019780e-04 4.409490e+08 6.493839e+08 7.687692e-03
155 1.015958e-04 4.387165e+08 6.473437e+08 8.247192e-03
156 1.012312e-04 4.365608e+08 6.454138e+08 7.767363e-03
157 1.008814e-04 4.344776e+08 6.435720e+08 7.046371e-03
158 1.005447e-04 4.324630e+08 6.418050e+08 7.594084e-03
159 1.002200e-04 4.305138e+08 6.401042e+08 7.080984e-03
160 9.990638e-05 4.286275e+08 6.384635e+08 7.171873e-03
161 9.960324e-05 4.268015e+08 6.368787e+08 7.628033e-03
162 9.931002e-05 4.250335e+08 6.353463e+08 7.226510e-03
163 9.902626e-05 4.233214e+08 6.338635e+08 7.639642e-03
164 9.875155e-05 4.216633e+08 6.324280e+08 7.215907e-03
165 9.848551e-05 4.200571e+08 6.310375e+08 7.507159e-03
166 9.822780e-05 4.185010e+08 6.296901e+08 7.356492e-03
167 9.797810e-05 4.169932e+08 6.283843e+08 8.282569e-03
168 9.773611e-05 4.155321e+08 6.271182e+08 7.775726e-03
169 9.750155e-05 4.141160e+08 6.258904e+08 7.748133e-03
170 9.727413e-05 4.127434e+08 6.246995e+08 7.308684e-03
171 9.705361e-05 4.114127e+08 6.235441e+08 7.503142e-03
172 9.683974e-05 4.101224e+08 6.224230e+08 7.804737e-03
173 8.971658e-05 3.425855e+08 5.995956e+08 7.409439e-03
174 8.523531e-05 2.962794e+08 5.853619e+08 7.310264e-03
175 8.503885e-05 2.949192e+08 5.843549e+08 8.072804e-03
176 8.484938e-05 2.936084e+08 5.833825e+08 7.509399e-03
177 8.466591e-05 2.923395e+08 5.824397e+08 8.090505e-03
178 8.448838e-05 2.911113e+08 5.815268e+08 7.539762e-03
179 8.431661e-05 2.899226e+08 5.806429e+08 7.867880e-03
180 8.415039e-05 2.887723e+08 5.797869e+08 7.401441e-03
181 8.398951e-05 2.876590e+08 5.789576e+08 7.334142e-03
182 8.383377e-05 2.865817e+08 5.781540e+08 8.273927e-03
183 8.368298e-05 2.855389e+08 5.773751e+08 7.577418e-03
184 8.353694e-05 2.845295e+08 5.766200e+08 7.409368e-03
185 8.339548e-05 2.835525e+08 5.758877e+08 7.936683e-03
186 8.325844e-05 2.826067e+08 5.751774e+08 7.112181e-03
187 8.312567e-05 2.816910e+08 5.744884e+08 7.264269e-03
188 8.299702e-05 2.808045e+08 5.738200e+08 7.701261e-03
189 8.287235e-05 2.799462e+08 5.731714e+08 7.535662e-03
190 8.275152e-05 2.791153e+08 5.725420e+08 7.584392e-03
191 8.263442e-05 2.783108e+08 5.719313e+08 7.751398e-03
192 8.252093e-05 2.775320e+08 5.713386e+08 7.460629e-03
193 8.241092e-05 2.767780e+08 5.707633e+08 7.593233e-03
194 8.230431e-05 2.760482e+08 5.702050e+08 7.606867e-03
195 8.220097e-05 2.753418e+08 5.696631e+08 7.708497e-03
196 8.210081e-05 2.746582e+08 5.691372e+08 7.563605e-03
197 8.200374e-05 2.739966e+08 5.686267e+08 6.935677e-03
198 8.190966e-05 2.733564e+08 5.681313e+08 7.253458e-03
199 8.181849e-05 2.727372e+08 5.676504e+08 7.381081e-03
200 8.173015e-05 2.721382e+08 5.671836e+08 7.312722e-03
201 8.164454e-05 2.715590e+08 5.667306e+08 7.403190e-03
202 8.156159e-05 2.709989e+08 5.662909e+08 6.932478e-03
203 8.148123e-05 2.704576e+08 5.658641e+08 6.896582e-03
204 8.140338e-05 2.699344e+08 5.654499e+08 7.577025e-03
205 8.132796e-05 2.694290e+08 5.650479e+08 8.464201e-03
206 8.125492e-05 2.689409e+08 5.646576e+08 7.203900e-03
207 8.118438e-05 2.684717e+08 5.642797e+08 7.738262e-03
208 8.111649e-05 2.680241e+08 5.639139e+08 7.086754e-03
209 8.105019e-05 2.675875e+08 5.635563e+08 7.426772e-03
210 8.098611e-05 2.671678e+08 5.632095e+08 7.472353e-03
211 8.092410e-05 2.667634e+08 5.628731e+08 7.824246e-03
212 8.086407e-05 2.663733e+08 5.625466e+08 7.500608e-03
213 8.080595e-05 2.659973e+08 5.622296e+08 7.447864e-03
214 8.074966e-05 2.656348e+08 5.619218e+08 7.406047e-03
215 8.069514e-05 2.652855e+08 5.616227e+08 7.637305e-03
216 8.064235e-05 2.649492e+08 5.613321e+08 7.463687e-03
217 8.059120e-05 2.646254e+08 5.610496e+08 7.440217e-03
218 8.054166e-05 2.643140e+08 5.607748e+08 7.522311e-03
219 8.049367e-05 2.640146e+08 5.605075e+08 7.519937e-03
220 8.044717e-05 2.637269e+08 5.602474e+08 7.392229e-03
221 8.040211e-05 2.634507e+08 5.599940e+08 7.382715e-03
222 8.035843e-05 2.631857e+08 5.597472e+08 7.354631e-03
223 8.031609e-05 2.629315e+08 5.595065e+08 8.044305e-03
224 8.027503e-05 2.626879e+08 5.592718e+08 7.580984e-03
225 8.023519e-05 2.624545e+08 5.590426e+08 7.199288e-03
226 8.019653e-05 2.622311e+08 5.588187e+08 7.157754e-03
227 8.015898e-05 2.620174e+08 5.585998e+08 7.492473e-03
228 8.012250e-05 2.618130e+08 5.583855e+08 7.355289e-03
229 8.008703e-05 2.616176e+08 5.581755e+08 8.013871e-03
230 8.005252e-05 2.614310e+08 5.579696e+08 6.939694e-03
231 8.001890e-05 2.612527e+08 5.577674e+08 7.424355e-03
232 7.998614e-05 2.610826e+08 5.575686e+08 7.211050e-03
233 7.995416e-05 2.609201e+08 5.573729e+08 7.034408e-03
234 7.992292e-05 2.607651e+08 5.571799e+08 8.297699e-03
235 7.989235e-05 2.606172e+08 5.569894e+08 7.826189e-03
236 7.986241e-05 2.604760e+08 5.568010e+08 7.369277e-03
237 7.983303e-05 2.603412e+08 5.566144e+08 7.095943e-03
238 7.980416e-05 2.602125e+08 5.564292e+08 7.945368e-03
239 7.977574e-05 2.600896e+08 5.562452e+08 7.370045e-03
240 7.974771e-05 2.599719e+08 5.560621e+08 7.456645e-03
241 7.972001e-05 2.598594e+08 5.558794e+08 7.528459e-03
242 7.969259e-05 2.597514e+08 5.556968e+08 7.720865e-03
243 7.966539e-05 2.596478e+08 5.555141e+08 8.333372e-03
244 7.963834e-05 2.595482e+08 5.553309e+08 7.145098e-03
245 7.961139e-05 2.594522e+08 5.551468e+08 7.146677e-03
246 7.958448e-05 2.593594e+08 5.549615e+08 7.419424e-03
247 7.955755e-05 2.592695e+08 5.547747e+08 7.400797e-03
248 7.953054e-05 2.591821e+08 5.545861e+08 7.617687e-03
249 7.950338e-05 2.590968e+08 5.543952e+08 7.872087e-03
