  0 1.000000e+00 7.665242e+12 3.176713e+11 1.179697e+12
  1 6.165467e-02 2.633967e+11 3.478938e+11 1.965065e+11
  2 5.154096e-02 3.053127e+11 2.509797e+11 6.198251e+10
  3 3.519410e-02 1.731077e+11 2.093016e+11 2.918752e+10
  4 2.945294e-02 1.416288e+11 1.784569e+11 1.893543e+10
  5 2.806821e-02 1.469808e+11 1.602027e+11 1.403564e+10
  6 2.721615e-02 1.522946e+11 1.459712e+11 1.122589e+10
  7 2.602318e-02 1.528501e+11 1.317131e+11 9.441387e+09
  8 2.380115e-02 1.413742e+11 1.186422e+11 8.236645e+09
  9 2.159682e-02 1.277821e+11 1.082522e+11 7.381155e+09
