  0 1.000000e+00 6.491555e+12 5.859702e+11 1.636415e+12
  1 9.044926e-02 3.903369e+11 4.659468e+11 2.367238e-03
  2 7.064231e-02 3.484451e+11 3.224237e+11 5.274130e-03
  3 5.513249e-02 2.704985e+11 2.531859e+11 6.415655e-03
  4 4.843776e-02 2.458838e+11 2.133069e+11 6.234587e-03
  5 4.427205e-02 2.310756e+11 1.874066e+11 6.672651e-03
  6 4.232494e-02 2.287285e+11 1.690727e+11 6.583695e-03
  7 4.071218e-02 2.267078e+11 1.531597e+11 6.596008e-03
  8 3.847415e-02 2.164516e+11 1.414194e+11 6.650513e-03
  9 3.608585e-02 2.037046e+11 1.315798e+11 6.805363e-03
 10 3.416723e-02 1.930347e+11 1.243347e+11 6.763191e-03
 11 3.221895e-02 1.812256e+11 1.184806e+11 7.314213e-03
 12 3.054450e-02 1.710785e+11 1.134297e+11 6.710101e-03
 13 2.898161e-02 1.615279e+11 1.088182e+11 6.809108e-03
 14 2.768448e-02 1.529733e+11 1.058882e+11 6.991318e-03
 15 2.640823e-02 1.450319e+11 1.022797e+11 6.370811e-03
 16 2.546918e-02 1.387615e+11 1.002027e+11 7.344645e-03
 17 2.453029e-02 1.313733e+11 9.958067e+10 6.611475e-03
 18 2.386577e-02 1.265351e+11 9.854810e+10 6.608943e-03
 19 2.326748e-02 1.200809e+11 1.001494e+11 6.893553e-03
 20 2.284589e-02 1.152390e+11 1.014462e+11 7.142017e-03
 21 2.277679e-02 1.104805e+11 1.059388e+11 7.493078e-03
 22 2.293261e-02 1.063521e+11 1.115342e+11 7.201064e-03
 23 2.321458e-02 1.015654e+11 1.184178e+11 6.884566e-03
 24 2.382915e-02 9.782427e+10 1.267848e+11 7.290211e-03
 25 2.437356e-02 9.541237e+10 1.331375e+11 7.552613e-03
 26 2.485147e-02 9.224898e+10 1.392181e+11 7.293444e-03
 27 2.317905e-02 8.983830e+10 1.272514e+11 6.854787e-03
 28 1.586471e-02 8.347519e+10 6.632151e+10 6.983796e-03
 29 1.501160e-02 7.849556e+10 6.336799e+10 7.084201e-03
 30 1.460400e-02 7.613965e+10 6.192458e+10 6.734339e-03
 31 1.403697e-02 7.284265e+10 5.993678e+10 7.236122e-03
 32 1.346715e-02 6.959107e+10 5.785982e+10 7.346758e-03
 33 1.306046e-02 6.716738e+10 5.649774e+10 6.973662e-03
 34 1.255818e-02 6.385702e+10 5.517789e+10 7.404422e-03
 35 1.214468e-02 6.137625e+10 5.379563e+10 7.718014e-03
 36 1.163893e-02 5.894013e+10 5.141841e+10 7.217513e-03
 37 1.138649e-02 5.805098e+10 4.985345e+10 7.542626e-03
 38 1.101143e-02 5.590215e+10 4.848562e+10 7.388500e-03
 39 1.057485e-02 5.341014e+10 4.687909e+10 7.605218e-03
 40 1.024265e-02 5.172810e+10 4.541121e+10 7.180065e-03
 41 1.005309e-02 5.040822e+10 4.498049e+10 7.593500e-03
 42 9.740106e-03 4.884493e+10 4.357327e+10 7.223505e-03
 43 9.384087e-03 4.712967e+10 4.190185e+10 6.952039e-03
 44 9.132771e-03 4.612633e+10 4.048666e+10 7.300077e-03
 45 8.910755e-03 4.484519e+10 3.968377e+10 6.957832e-03
 46 8.713719e-03 4.362648e+10 3.906140e+10 7.125907e-03
 47 8.479310e-03 4.217743e+10 3.831602e+10 7.076737e-03
 48 8.249495e-03 4.127457e+10 3.701132e+10 7.490135e-03
 49 8.036659e-03 4.002576e+10 3.626051e+10 7.440277e-03
 50 7.799250e-03 3.891513e+10 3.510996e+10 7.168704e-03
 51 7.645037e-03 3.806688e+10 3.450288e+10 7.752559e-03
 52 7.506541e-03 3.748601e+10 3.375746e+10 7.688579e-03
 53 7.365319e-03 3.686211e+10 3.303184e+10 7.542489e-03
 54 7.226316e-03 3.624848e+10 3.231664e+10 6.732539e-03
 55 7.101626e-03 3.558608e+10 3.180040e+10 7.061111e-03
 56 6.949373e-03 3.510255e+10 3.080310e+10 7.499406e-03
 57 6.803119e-03 3.443188e+10 3.007706e+10 7.840287e-03
 58 6.614828e-03 3.316728e+10 2.959756e+10 7.063348e-03
 59 6.472791e-03 3.236077e+10 2.906739e+10 7.509008e-03
 60 6.359425e-03 3.178062e+10 2.857317e+10 7.872409e-03
 61 6.277430e-03 3.119957e+10 2.839413e+10 7.638664e-03
 62 6.149127e-03 3.026540e+10 2.813613e+10 7.331990e-03
 63 6.057556e-03 2.970273e+10 2.783708e+10 7.219988e-03
 64 5.913972e-03 2.909063e+10 2.707880e+10 7.313319e-03
 65 5.814373e-03 2.845996e+10 2.677317e+10 7.361477e-03
 66 5.695788e-03 2.764203e+10 2.647730e+10 8.272410e-03
 67 5.617983e-03 2.708865e+10 2.629792e+10 7.844018e-03
 68 5.552964e-03 2.665830e+10 2.611338e+10 7.014944e-03
 69 5.475881e-03 2.614141e+10 2.589993e+10 8.369224e-03
 70 5.400041e-03 2.545128e+10 2.586816e+10 7.354544e-03
 71 5.342028e-03 2.494526e+10 2.581704e+10 7.399546e-03
 72 5.254293e-03 2.439360e+10 2.552944e+10 7.645967e-03
 73 5.168928e-03 2.391153e+10 2.519634e+10 8.166983e-03
 74 5.086288e-03 2.339916e+10 2.491631e+10 7.689466e-03
 75 4.979296e-03 2.286604e+10 2.443053e+10 7.647578e-03
 76 4.907730e-03 2.248769e+10 2.412582e+10 7.435549e-03
 77 4.829984e-03 2.203198e+10 2.383596e+10 8.014940e-03
 78 4.764015e-03 2.170713e+10 2.353251e+10 6.998762e-03
 79 4.685539e-03 2.125098e+10 2.323540e+10 8.024741e-03
 80 4.607402e-03 2.080460e+10 2.293173e+10 6.771987e-03
 81 4.531123e-03 2.038113e+10 2.262352e+10 7.569903e-03
 82 4.455521e-03 1.997699e+10 2.230360e+10 7.348662e-03
 83 4.384993e-03 1.963592e+10 2.197279e+10 7.251037e-03
 84 4.321484e-03 1.935219e+10 2.165396e+10 7.667941e-03
 85 4.238731e-03 1.887446e+10 2.133458e+10 8.377949e-03
 86 4.170460e-03 1.841804e+10 2.112482e+10 7.658534e-03
 87 4.084661e-03 1.797616e+10 2.074494e+10 7.676224e-03
 88 3.984289e-03 1.752512e+10 2.024324e+10 7.913213e-03
 89 3.905665e-03 1.706337e+10 1.994354e+10 7.925681e-03
 90 3.825484e-03 1.668339e+10 1.955946e+10 7.599608e-03
 91 3.747315e-03 1.631828e+10 1.918041e+10 7.539355e-03
 92 3.671469e-03 1.596882e+10 1.880849e+10 8.030973e-03
 93 3.597794e-03 1.563758e+10 1.844023e+10 7.885218e-03
 94 3.533360e-03 1.538396e+10 1.808752e+10 8.026791e-03
 95 3.458098e-03 1.504353e+10 1.771308e+10 7.039170e-03
 96 3.388517e-03 1.474771e+10 1.735084e+10 7.646981e-03
 97 3.320725e-03 1.445653e+10 1.700042e+10 7.460185e-03
 98 3.252212e-03 1.415883e+10 1.664918e+10 7.644761e-03
 99 3.184914e-03 1.386856e+10 1.630236e+10 7.491234e-03
100 3.118904e-03 1.358591e+10 1.596040e+10 7.682849e-03
101 3.054164e-03 1.331041e+10 1.562357e+10 7.425580e-03
102 2.996369e-03 1.306407e+10 1.532319e+10 7.977540e-03
103 2.932389e-03 1.280285e+10 1.498087e+10 7.863667e-03
104 2.866913e-03 1.252393e+10 1.464043e+10 7.149563e-03
105 2.808623e-03 1.230435e+10 1.431269e+10 7.890736e-03
106 2.746441e-03 1.203857e+10 1.399011e+10 7.763940e-03
107 2.697370e-03 1.186851e+10 1.370127e+10 7.753672e-03
108 2.635766e-03 1.159217e+10 1.339292e+10 8.120604e-03
109 2.563850e-03 1.119330e+10 1.309853e+10 8.034309e-03
110 2.507145e-03 1.091213e+10 1.283747e+10 7.760901e-03
111 2.448435e-03 1.065870e+10 1.253507e+10 7.390294e-03
112 2.391742e-03 1.041614e+10 1.224121e+10 7.410892e-03
113 2.336312e-03 1.020206e+10 1.193421e+10 7.785291e-03
114 2.284766e-03 1.000277e+10 1.164881e+10 7.664215e-03
115 2.233168e-03 9.787503e+09 1.137660e+10 7.816143e-03
116 2.185020e-03 9.591609e+09 1.111828e+10 7.918904e-03
117 2.138492e-03 9.394656e+09 1.087523e+10 7.766492e-03
118 2.089421e-03 9.182417e+09 1.062280e+10 7.435116e-03
119 2.041918e-03 8.976410e+09 1.037891e+10 8.275415e-03
120 1.999780e-03 8.803615e+09 1.015394e+10 8.063798e-03
121 1.953486e-03 8.601700e+09 9.917254e+09 7.417380e-03
122 1.908992e-03 8.409863e+09 9.687832e+09 7.676975e-03
123 1.866410e-03 8.229590e+09 9.465377e+09 8.010199e-03
124 1.822830e-03 8.033083e+09 9.248145e+09 7.825393e-03
125 1.783117e-03 7.865483e+09 9.040212e+09 7.612142e-03
126 1.742912e-03 7.693415e+09 8.831779e+09 7.544370e-03
127 1.707677e-03 7.541762e+09 8.649859e+09 7.970194e-03
128 1.671617e-03 7.405337e+09 8.447246e+09 7.481256e-03
129 1.634820e-03 7.247770e+09 8.256515e+09 7.367898e-03
130 1.598963e-03 7.092140e+09 8.072497e+09 8.034165e-03
131 1.563997e-03 6.938414e+09 7.894767e+09 7.618564e-03
132 1.529931e-03 6.787248e+09 7.722843e+09 6.892811e-03
133 1.496769e-03 6.639059e+09 7.556384e+09 7.245729e-03
134 1.464500e-03 6.494063e+09 7.395119e+09 7.716940e-03
135 1.433110e-03 6.352354e+09 7.238821e+09 7.548154e-03
136 1.402581e-03 6.213963e+09 7.087303e+09 7.117153e-03
137 1.372893e-03 6.078888e+09 6.940392e+09 7.719923e-03
138 1.344026e-03 5.947105e+09 6.797933e+09 7.399860e-03
139 1.315962e-03 5.818582e+09 6.659791e+09 7.402783e-03
140 1.288683e-03 5.693267e+09 6.525837e+09 7.414132e-03
141 1.262176e-03 5.571158e+09 6.395973e+09 8.159628e-03
142 1.236424e-03 5.452201e+09 6.270081e+09 6.971252e-03
143 1.211412e-03 5.336356e+09 6.148061e+09 7.236713e-03
144 1.187125e-03 5.223585e+09 6.029821e+09 7.399767e-03
145 1.163551e-03 5.113852e+09 5.915275e+09 7.241549e-03
146 1.140677e-03 5.007125e+09 5.804339e+09 7.164656e-03
147 1.118130e-03 4.901871e+09 5.695019e+09 7.630534e-03
148 1.097676e-03 4.806897e+09 5.595400e+09 7.243447e-03
149 1.076891e-03 4.709321e+09 5.495074e+09 7.360738e-03
150 1.056643e-03 4.613893e+09 5.397641e+09 7.624931e-03
151 1.037002e-03 4.521045e+09 5.303355e+09 7.797177e-03
152 1.017973e-03 4.430911e+09 5.212149e+09 7.328132e-03
153 9.995733e-04 4.343563e+09 5.124102e+09 7.741415e-03
154 9.818080e-04 4.259100e+09 5.039181e+09 7.603126e-03
155 9.647357e-04 4.178048e+09 4.957459e+09 7.814385e-03
156 9.482495e-04 4.099576e+09 4.878695e+09 7.772518e-03
157 9.323677e-04 4.023875e+09 4.802889e+09 7.711290e-03
158 9.170540e-04 3.950840e+09 4.729815e+09 7.399745e-03
159 9.022942e-04 3.880393e+09 4.659410e+09 7.833268e-03
160 8.880787e-04 3.812494e+09 4.591625e+09 7.900303e-03
161 8.743979e-04 3.747111e+09 4.526407e+09 7.671645e-03
162 8.612416e-04 3.684209e+09 4.463693e+09 7.762229e-03
163 8.485958e-04 3.623735e+09 4.403409e+09 7.171818e-03
164 8.364778e-04 3.565669e+09 4.345720e+09 7.557814e-03
165 8.249103e-04 3.510005e+09 4.290830e+09 7.292481e-03
166 8.137427e-04 3.456735e+09 4.237440e+09 7.419055e-03
167 8.030302e-04 3.405688e+09 4.186170e+09 7.635461e-03
168 7.927637e-04 3.356816e+09 4.136983e+09 7.716997e-03
169 7.829315e-04 3.310077e+09 4.089812e+09 7.659792e-03
170 7.735208e-04 3.265423e+09 4.044588e+09 7.807321e-03
171 7.645181e-04 3.222802e+09 4.001237e+09 7.515336e-03
172 7.559095e-04 3.182157e+09 3.959686e+09 7.232342e-03
173 7.476807e-04 3.143429e+09 3.919863e+09 7.295475e-03
174 7.398174e-04 3.106555e+09 3.881693e+09 7.822569e-03
175 7.323048e-04 3.071473e+09 3.845104e+09 7.247162e-03
176 7.251285e-04 3.038116e+09 3.810024e+09 7.197082e-03
177 7.182738e-04 3.006418e+09 3.776380e+09 7.012890e-03
178 7.117259e-04 2.976312e+09 3.744101e+09 7.335941e-03
179 7.054650e-04 2.947710e+09 3.713087e+09 7.480224e-03
180 6.994973e-04 2.920642e+09 3.683369e+09 7.370007e-03
181 6.938009e-04 2.894984e+09 3.654859e+09 7.751737e-03
182 6.883474e-04 2.870604e+09 3.627417e+09 7.380263e-03
183 6.831255e-04 2.847456e+09 3.600983e+09 7.537145e-03
184 6.781230e-04 2.825483e+09 3.575499e+09 7.412331e-03
185 6.733274e-04 2.804623e+09 3.550908e+09 7.475490e-03
186 6.687262e-04 2.784813e+09 3.527152e+09 7.979574e-03
187 6.643068e-04 2.765990e+09 3.504173e+09 7.474426e-03
188 6.579922e-04 2.744625e+09 3.466969e+09 7.265065e-03
189 6.449848e-04 2.711998e+09 3.381197e+09 7.606639e-03
190 6.356993e-04 2.683951e+09 3.323670e+09 7.401865e-03
191 6.293323e-04 2.660597e+09 3.287530e+09 7.063481e-03
192 6.252462e-04 2.641193e+09 3.267906e+09 7.322782e-03
193 6.229239e-04 2.625061e+09 3.260867e+09 7.673528e-03
194 6.219372e-04 2.611622e+09 3.263153e+09 7.233642e-03
195 6.219279e-04 2.600369e+09 3.272047e+09 7.179508e-03
196 6.225950e-04 2.590854e+09 3.285298e+09 7.665708e-03
197 6.236880e-04 2.582683e+09 3.301056e+09 7.517197e-03
198 6.249996e-04 2.575509e+09 3.317821e+09 7.776273e-03
199 6.263606e-04 2.569035e+09 3.334391e+09 7.739863e-03
200 6.276346e-04 2.563005e+09 3.349814e+09 7.999559e-03
201 6.287133e-04 2.557203e+09 3.363357e+09 7.856395e-03
202 6.295129e-04 2.551448e+09 3.374463e+09 7.141407e-03
203 6.299698e-04 2.545592e+09 3.382726e+09 7.526752e-03
204 6.300382e-04 2.539515e+09 3.387866e+09 7.360147e-03
205 6.296870e-04 2.533121e+09 3.389704e+09 7.751064e-03
206 6.288977e-04 2.526338e+09 3.388148e+09 7.482327e-03
207 6.276623e-04 2.519114e+09 3.383177e+09 7.052008e-03
208 6.259814e-04 2.511412e+09 3.374828e+09 7.027701e-03
209 6.238631e-04 2.503212e+09 3.363185e+09 7.401457e-03
210 6.213212e-04 2.494505e+09 3.348371e+09 7.396825e-03
211 6.183746e-04 2.485293e+09 3.330540e+09 7.114532e-03
212 6.150462e-04 2.475586e+09 3.309871e+09 7.405064e-03
213 6.113619e-04 2.465402e+09 3.286564e+09 7.059802e-03
214 6.073504e-04 2.454775e+09 3.260829e+09 7.345730e-03
215 6.030422e-04 2.443716e+09 3.232906e+09 7.646806e-03
216 5.984677e-04 2.432259e+09 3.203018e+09 7.585004e-03
217 5.936599e-04 2.420444e+09 3.171405e+09 7.749113e-03
218 5.886521e-04 2.408308e+09 3.138315e+09 7.740164e-03
219 5.834778e-04 2.395888e+09 3.103996e+09 7.443751e-03
220 5.781703e-04 2.383221e+09 3.068694e+09 7.536053e-03
221 5.727624e-04 2.370346e+09 3.032655e+09 6.988499e-03
222 5.672868e-04 2.357298e+09 2.996124e+09 7.100786e-03
223 5.617750e-04 2.344114e+09 2.959341e+09 7.519603e-03
224 5.562582e-04 2.330829e+09 2.922542e+09 8.037920e-03
225 5.507670e-04 2.317478e+09 2.885963e+09 7.719620e-03
226 5.453306e-04 2.304095e+09 2.849828e+09 7.777522e-03
227 5.399755e-04 2.290707e+09 2.814348e+09 7.689895e-03
228 5.347285e-04 2.277341e+09 2.779739e+09 7.540726e-03
229 5.296151e-04 2.264024e+09 2.746205e+09 7.742212e-03
230 5.246596e-04 2.250781e+09 2.713943e+09 7.878049e-03
231 5.198849e-04 2.237636e+09 2.683141e+09 7.147564e-03
232 5.153123e-04 2.224610e+09 2.653978e+09 7.542905e-03
233 5.109620e-04 2.211722e+09 2.626623e+09 7.012445e-03
234 5.068528e-04 2.198992e+09 2.601232e+09 8.269271e-03
235 5.030018e-04 2.186437e+09 2.577953e+09 7.511596e-03
236 4.994251e-04 2.174070e+09 2.556921e+09 7.670094e-03
237 4.961371e-04 2.161907e+09 2.538257e+09 7.763162e-03
238 4.931508e-04 2.149960e+09 2.522072e+09 7.649221e-03
239 4.904781e-04 2.138240e+09 2.508461e+09 7.093667e-03
240 4.881294e-04 2.126759e+09 2.497507e+09 7.722027e-03
241 4.861137e-04 2.115526e+09 2.489278e+09 7.335663e-03
242 4.844388e-04 2.104550e+09 2.483830e+09 7.749548e-03
243 4.831112e-04 2.093839e+09 2.481203e+09 7.516854e-03
244 4.821362e-04 2.083401e+09 2.481425e+09 8.006617e-03
245 4.815180e-04 2.073244e+09 2.484509e+09 7.606778e-03
246 4.812597e-04 2.063373e+09 2.490459e+09 7.534793e-03
247 4.813633e-04 2.053797e+09 2.499263e+09 8.031993e-03
248 4.818298e-04 2.044520e+09 2.510902e+09 7.439456e-03
249 4.826593e-04 2.035550e+09 2.525344e+09 8.299398e-03
