  0 1.000000e+00 9.390560e+12 2.434460e+11 9.692857e+11
  1 4.361471e-02 2.455607e+11 3.006951e+11 1.375756e+11
  2 4.065938e-02 3.245366e+11 2.006592e+11 4.295635e+10
  3 2.458350e-02 1.669890e+11 1.600146e+11 2.016499e+10
  4 1.835611e-02 1.092873e+11 1.339121e+11 1.316083e+10
  5 1.671679e-02 1.048163e+11 1.176459e+11 9.736858e+09
  6 1.586485e-02 1.062486e+11 1.053450e+11 7.748370e+09
  7 1.500753e-02 1.055823e+11 9.432165e+10 6.461293e+09
  8 1.372684e-02 9.796798e+10 8.470572e+10 5.597594e+09
  9 1.246301e-02 8.863416e+10 7.727382e+10 4.997751e+09
