  0 1.000000e+00 1.030226e+13 3.099608e+11 1.059146e+12
  1 3.995598e-02 2.578951e+11 3.238506e+11 6.735312e-03
  2 3.240220e-02 2.894417e+11 1.701035e+11 9.483575e-03
  3 1.904593e-02 1.546794e+11 1.225431e+11 1.009431e-02
  4 1.475006e-02 1.164708e+11 9.894962e+10 1.165659e-02
  5 1.281249e-02 1.016138e+11 8.542778e+10 1.135427e-02
  6 1.223517e-02 9.966774e+10 7.834045e+10 1.144160e-02
  7 1.201174e-02 1.002482e+11 7.375361e+10 1.234954e-02
  8 1.166961e-02 9.845660e+10 7.018399e+10 1.287405e-02
  9 1.122210e-02 9.479696e+10 6.732958e+10 1.271382e-02
