  0 1.000000e+00 6.636460e+12 3.986584e+11 1.353563e+12
  1 8.137369e-02 2.975474e+11 3.906681e+11 2.523173e+11
  2 6.311584e-02 2.996224e+11 2.951866e+11 8.044503e+10
  3 4.679985e-02 1.896126e+11 2.518633e+11 3.789491e+10
  4 4.194560e-02 1.772379e+11 2.213254e+11 2.439158e+10
  5 4.071909e-02 1.884577e+11 2.012052e+11 1.805645e+10
  6 3.977743e-02 1.965765e+11 1.843496e+11 1.447073e+10
  7 3.817493e-02 1.976192e+11 1.669836e+11 1.221196e+10
  8 3.470700e-02 1.812307e+11 1.499750e+11 1.067639e+10
  9 3.144239e-02 1.635814e+11 1.365999e+11 9.569030e+09
