  0 1.000000e+00 1.059863e+13 2.575534e+11 9.692857e+11
  1 4.291754e-02 3.608269e+11 2.802868e+11 6.003559e-03
  2 2.401345e-03 1.079543e+10 2.317348e+10 9.939084e-03
  3 1.800380e-03 7.995694e+09 1.741939e+10 1.023298e-02
  4 1.719049e-03 7.437299e+09 1.672158e+10 1.049265e-02
  5 1.703374e-03 7.323742e+09 1.658938e+10 1.185113e-02
  6 1.697270e-03 7.260012e+09 1.654643e+10 1.113182e-02
  7 1.693313e-03 7.187096e+09 1.653231e+10 1.209907e-02
  8 1.522951e-03 7.138640e+09 1.455715e+10 1.333805e-02
  9 1.369634e-03 7.274484e+09 1.263685e+10 1.263315e-02
