  0 1.000000e+00 7.509587e+12 3.160279e+11 1.179697e+12
  1 6.363545e-02 2.768332e+11 3.451856e+11 1.965089e+11
  2 5.224361e-02 3.216663e+11 2.250694e+11 6.218405e+10
  3 3.443496e-02 1.791399e+11 1.889224e+11 2.925555e+10
  4 2.818365e-02 1.330752e+11 1.670755e+11 1.887476e+10
  5 2.663753e-02 1.306826e+11 1.542627e+11 1.407687e+10
  6 2.625309e-02 1.384766e+11 1.434789e+11 1.158155e+10
  7 2.606608e-02 1.461200e+11 1.337039e+11 1.009629e+10
  8 2.490570e-02 1.436182e+11 1.232761e+11 9.100653e+09
  9 2.346005e-02 1.361584e+11 1.151068e+11 8.364881e+09
