  0 1.000000e+00 6.506540e+12 5.861576e+11 1.636415e+12
  1 1.047015e-01 3.903597e+11 4.661233e+11 3.571616e+11
  2 8.399692e-02 2.863645e+11 4.738076e+11 1.162484e+11
  3 7.613188e-02 2.047594e+11 4.668594e+11 5.481785e+10
  4 7.088068e-02 2.124666e+11 4.260470e+11 3.487270e+10
  5 6.612580e-02 2.300446e+11 3.804489e+11 2.578642e+10
  6 6.263947e-02 2.452786e+11 3.425980e+11 2.074664e+10
  7 5.861592e-02 2.475757e+11 3.069752e+11 1.759357e+10
  8 5.306004e-02 2.266627e+11 2.758282e+11 1.542774e+10
  9 4.838511e-02 2.046300e+11 2.532193e+11 1.383843e+10
 10 4.505612e-02 1.871900e+11 2.384890e+11 1.261136e+10
 11 4.259690e-02 1.741773e+11 2.276540e+11 1.162312e+10
 12 4.077835e-02 1.642651e+11 2.198237e+11 1.079988e+10
 13 3.933565e-02 1.552094e+11 2.144479e+11 1.009630e+10
 14 3.816133e-02 1.484040e+11 2.096149e+11 9.483451e+09
 15 3.689382e-02 1.414410e+11 2.040874e+11 8.942043e+09
 16 3.541698e-02 1.359156e+11 1.958287e+11 8.458539e+09
 17 3.382870e-02 1.304573e+11 1.866056e+11 8.023098e+09
 18 3.194659e-02 1.250136e+11 1.749387e+11 7.628226e+09
 19 2.996534e-02 1.182054e+11 1.634051e+11 7.268062e+09
 20 2.818814e-02 1.123029e+11 1.529016e+11 6.937998e+09
 21 2.644446e-02 1.054075e+11 1.433997e+11 6.634404e+09
 22 2.475382e-02 9.943201e+10 1.336607e+11 6.354199e+09
 23 2.339399e-02 9.370968e+10 1.265069e+11 6.094971e+09
 24 2.223350e-02 8.834385e+10 1.207564e+11 5.854541e+09
 25 2.112691e-02 8.293643e+10 1.154753e+11 5.631132e+09
 26 2.018337e-02 7.809998e+10 1.111206e+11 5.423116e+09
 27 1.939014e-02 7.387461e+10 1.075557e+11 5.229066e+09
 28 1.877185e-02 7.002727e+10 1.051358e+11 5.047754e+09
 29 1.834371e-02 6.669588e+10 1.038747e+11 4.878043e+09
 30 1.804067e-02 6.332895e+10 1.035816e+11 4.718970e+09
 31 1.783920e-02 6.055152e+10 1.036665e+11 4.569660e+09
 32 1.772658e-02 5.814994e+10 1.041701e+11 4.429300e+09
 33 1.766348e-02 5.563605e+10 1.050586e+11 4.297199e+09
 34 1.772669e-02 5.359321e+10 1.065973e+11 4.172716e+09
 35 1.792306e-02 5.200008e+10 1.088563e+11 4.055224e+09
 36 1.812812e-02 5.026105e+10 1.111923e+11 3.944194e+09
 37 1.838699e-02 4.882043e+10 1.137366e+11 3.839149e+09
 38 1.868491e-02 4.793894e+10 1.162885e+11 3.739628e+09
 39 1.900602e-02 4.727153e+10 1.188957e+11 3.645173e+09
 40 1.922636e-02 4.715004e+10 1.205421e+11 3.555410e+09
 41 1.218891e-02 4.229077e+10 7.027119e+10 3.469932e+09
 42 1.221456e-02 4.252881e+10 7.033349e+10 3.388346e+09
 43 1.210361e-02 4.201328e+10 6.977488e+10 3.310946e+09
 44 1.191836e-02 4.128665e+10 6.875830e+10 3.236995e+09
 45 1.171018e-02 4.051234e+10 6.758986e+10 3.166289e+09
 46 1.033253e-02 3.550970e+10 5.976428e+10 3.098766e+09
 47 9.914912e-03 3.413667e+10 5.730858e+10 3.034206e+09
 48 9.579019e-03 3.303223e+10 5.533387e+10 2.972716e+09
 49 9.239900e-03 3.180552e+10 5.340657e+10 2.914135e+09
 50 8.927410e-03 3.063978e+10 5.165157e+10 2.858425e+09
 51 8.669256e-03 2.959054e+10 5.025278e+10 2.805505e+09
 52 8.422171e-03 2.859534e+10 4.890794e+10 2.755242e+09
 53 8.188229e-03 2.764586e+10 4.763819e+10 2.707482e+09
 54 7.981558e-03 2.681322e+10 4.651249e+10 2.662073e+09
 55 7.795416e-03 2.603362e+10 4.551526e+10 2.618847e+09
 56 7.624380e-03 2.530475e+10 4.460551e+10 2.577648e+09
 57 7.477087e-03 2.465905e+10 4.383179e+10 2.538326e+09
 58 7.356112e-03 2.406354e+10 4.323240e+10 2.500731e+09
 59 7.234659e-03 2.354497e+10 4.258558e+10 2.464725e+09
 60 7.118209e-03 2.308295e+10 4.194563e+10 2.430186e+09
 61 7.013665e-03 2.264703e+10 4.138261e+10 2.396980e+09
 62 6.908842e-03 2.223198e+10 4.080572e+10 2.364988e+09
 63 6.807192e-03 2.184407e+10 4.023818e+10 2.334099e+09
 64 6.712571e-03 2.140909e+10 3.974975e+10 2.304210e+09
 65 6.624871e-03 2.108056e+10 3.925661e+10 2.275223e+09
 66 6.536457e-03 2.079467e+10 3.873501e+10 2.247060e+09
 67 6.448644e-03 2.051336e+10 3.821551e+10 2.219636e+09
 68 6.362199e-03 2.024197e+10 3.770113e+10 2.192881e+09
 69 6.273887e-03 1.995369e+10 3.718148e+10 2.166727e+09
 70 6.193304e-03 1.970887e+10 3.669762e+10 2.141113e+09
 71 6.109957e-03 1.946207e+10 3.619364e+10 2.115984e+09
 72 6.026366e-03 1.921619e+10 3.568726e+10 2.091295e+09
 73 5.946192e-03 1.897751e+10 3.520312e+10 2.067001e+09
 74 5.864548e-03 1.875653e+10 3.469814e+10 2.043060e+09
 75 5.780536e-03 1.850506e+10 3.419143e+10 2.019435e+09
 76 5.695794e-03 1.824360e+10 3.368450e+10 1.996092e+09
 77 5.610687e-03 1.797426e+10 3.317901e+10 1.973002e+09
 78 5.525530e-03 1.769830e+10 3.267672e+10 1.950138e+09
 79 5.440511e-03 1.741570e+10 3.217907e+10 1.927478e+09
 80 5.355869e-03 1.712729e+10 3.168742e+10 1.905001e+09
 81 5.271854e-03 1.683377e+10 3.120332e+10 1.882690e+09
 82 5.188741e-03 1.653583e+10 3.072847e+10 1.860528e+09
 83 5.106778e-03 1.623441e+10 3.026424e+10 1.838502e+09
 84 5.026201e-03 1.593018e+10 2.981202e+10 1.816601e+09
 85 4.947278e-03 1.562413e+10 2.937330e+10 1.794816e+09
 86 4.870271e-03 1.531733e+10 2.894945e+10 1.773138e+09
 87 4.327993e-03 1.188166e+10 2.655851e+10 1.751554e+09
 88 4.180112e-03 1.141732e+10 2.567452e+10 1.730037e+09
 89 4.092433e-03 1.118932e+10 2.512988e+10 1.708503e+09
 90 4.026056e-03 1.096500e+10 2.474089e+10 1.687116e+09
 91 3.974057e-03 1.075051e+10 2.445347e+10 1.665917e+09
 92 3.931837e-03 1.054834e+10 2.423238e+10 1.644879e+09
 93 3.897101e-03 1.035975e+10 2.406004e+10 1.623972e+09
 94 3.868224e-03 1.018636e+10 2.392372e+10 1.603174e+09
 95 3.843258e-03 1.002544e+10 2.381030e+10 1.582477e+09
 96 3.821330e-03 9.873964e+09 2.371469e+10 1.561874e+09
 97 3.802044e-03 9.730521e+09 2.363459e+10 1.541364e+09
 98 3.785239e-03 9.594370e+09 2.356914e+10 1.520944e+09
 99 3.770743e-03 9.464750e+09 2.351740e+10 1.500613e+09
100 3.758534e-03 9.341153e+09 2.347943e+10 1.480371e+09
101 3.748642e-03 9.223152e+09 2.345560e+10 1.460219e+09
102 3.741191e-03 9.110562e+09 2.344688e+10 1.440158e+09
103 3.736552e-03 9.003821e+09 2.345578e+10 1.420189e+09
104 3.734293e-03 8.901536e+09 2.347968e+10 1.400315e+09
105 3.735156e-03 8.808827e+09 2.352200e+10 1.380537e+09
106 3.738427e-03 8.718267e+09 2.358039e+10 1.360858e+09
107 3.744419e-03 8.631539e+09 2.365642e+10 1.341280e+09
108 3.753391e-03 8.549707e+09 2.375153e+10 1.321807e+09
109 3.765292e-03 8.469503e+09 2.386649e+10 1.302440e+09
110 3.780318e-03 8.391214e+09 2.400254e+10 1.283184e+09
111 3.798634e-03 8.314886e+09 2.416075e+10 1.264041e+09
112 3.820748e-03 8.243173e+09 2.434377e+10 1.245014e+09
113 3.846445e-03 8.173848e+09 2.455077e+10 1.226106e+09
114 3.875822e-03 8.106272e+09 2.478257e+10 1.207320e+09
115 3.909034e-03 8.040336e+09 2.504021e+10 1.188660e+09
116 3.946242e-03 7.975964e+09 2.532476e+10 1.170128e+09
117 3.987610e-03 7.913305e+09 2.563725e+10 1.151726e+09
118 4.033274e-03 7.851952e+09 2.597864e+10 1.133458e+09
119 4.083453e-03 7.794269e+09 2.634969e+10 1.115326e+09
120 4.138289e-03 7.740480e+09 2.675128e+10 1.097332e+09
121 4.197901e-03 7.690901e+09 2.718408e+10 1.079478e+09
122 4.262463e-03 7.647828e+09 2.764863e+10 1.061766e+09
123 3.986348e-03 7.266464e+09 2.582377e+10 1.044200e+09
124 3.007878e-03 6.669495e+09 1.910023e+10 1.026756e+09
125 2.919024e-03 6.059413e+09 1.867442e+10 1.009296e+09
126 2.841297e-03 5.752854e+09 1.822312e+10 9.920404e+08
127 2.775448e-03 5.552486e+09 1.782149e+10 9.749575e+08
128 2.719831e-03 5.388663e+09 1.748051e+10 9.580344e+08
129 2.672734e-03 5.245214e+09 1.719320e+10 9.412645e+08
130 2.632747e-03 5.117076e+09 1.695118e+10 9.246491e+08
131 2.598695e-03 5.000619e+09 1.674728e+10 9.081918e+08
132 2.569648e-03 4.894218e+09 1.657541e+10 8.918968e+08
133 2.544808e-03 4.795650e+09 1.643063e+10 8.757687e+08
134 2.523568e-03 4.703657e+09 1.630903e+10 8.598116e+08
135 2.505451e-03 4.617371e+09 1.620750e+10 8.440290e+08
136 2.490078e-03 4.536163e+09 1.612357e+10 8.284244e+08
137 2.477145e-03 4.459566e+09 1.605522e+10 8.130009e+08
138 2.466406e-03 4.387236e+09 1.600082e+10 7.977611e+08
139 2.457657e-03 4.318896e+09 1.595905e+10 7.827076e+08
140 2.450725e-03 4.254184e+09 1.592878e+10 7.678426e+08
141 2.445490e-03 4.193309e+09 1.590912e+10 7.531677e+08
142 2.441831e-03 4.136046e+09 1.589929e+10 7.386848e+08
143 2.439651e-03 4.082294e+09 1.589866e+10 7.243951e+08
144 2.438867e-03 4.031995e+09 1.590667e+10 7.102999e+08
145 2.439410e-03 3.985124e+09 1.592287e+10 6.964000e+08
146 2.441224e-03 3.941672e+09 1.594687e+10 6.826962e+08
147 1.573648e-03 3.547443e+09 9.964294e+09 6.691899e+08
148 1.259354e-03 3.293803e+09 7.788118e+09 6.558854e+08
149 1.186258e-03 3.125400e+09 7.324256e+09 6.427624e+08
150 1.145517e-03 3.031659e+09 7.066086e+09 6.298210e+08
151 1.114779e-03 2.958132e+09 6.872746e+09 6.170781e+08
152 1.088234e-03 2.891860e+09 6.707103e+09 6.045410e+08
153 1.063892e-03 2.829399e+09 6.556012e+09 5.922070e+08
154 1.040945e-03 2.769758e+09 6.413946e+09 5.800707e+08
155 1.018994e-03 2.712417e+09 6.278210e+09 5.681290e+08
156 9.978261e-04 2.657011e+09 6.147377e+09 5.563801e+08
157 9.773173e-04 2.603285e+09 6.020656e+09 5.448228e+08
158 9.573933e-04 2.551052e+09 5.897577e+09 5.334556e+08
159 9.380048e-04 2.500175e+09 5.777837e+09 5.222773e+08
160 9.191169e-04 2.450550e+09 5.661225e+09 5.112866e+08
161 9.007028e-04 2.402096e+09 5.547577e+09 5.004820e+08
162 8.827408e-04 2.354750e+09 5.436762e+09 4.898621e+08
163 8.652126e-04 2.308463e+09 5.328667e+09 4.794255e+08
164 8.481023e-04 2.263194e+09 5.223193e+09 4.691707e+08
165 8.313958e-04 2.218909e+09 5.120248e+09 4.590961e+08
166 8.150801e-04 2.175581e+09 5.019752e+09 4.492000e+08
167 7.991435e-04 2.133184e+09 4.921627e+09 4.394808e+08
168 7.835747e-04 2.091697e+09 4.825801e+09 4.299368e+08
169 7.683633e-04 2.051100e+09 4.732207e+09 4.205663e+08
170 7.534139e-04 2.011285e+09 4.640186e+09 4.113674e+08
171 7.388193e-04 1.972459e+09 4.550335e+09 4.023383e+08
172 7.245959e-04 1.934578e+09 4.462793e+09 3.934771e+08
173 7.107100e-04 1.897532e+09 4.377360e+09 3.847819e+08
174 6.971438e-04 1.861273e+09 4.293924e+09 3.762507e+08
175 6.838846e-04 1.825775e+09 4.212406e+09 3.678816e+08
176 6.709221e-04 1.791021e+09 4.132734e+09 3.596724e+08
177 6.582468e-04 1.756996e+09 4.054848e+09 3.516213e+08
178 6.458502e-04 1.723689e+09 3.978689e+09 3.437260e+08
179 6.337241e-04 1.691084e+09 3.904203e+09 3.359847e+08
180 6.218606e-04 1.659168e+09 3.831339e+09 3.283950e+08
181 6.102523e-04 1.627927e+09 3.760047e+09 3.209549e+08
182 5.988917e-04 1.597348e+09 3.690280e+09 3.136623e+08
183 5.877719e-04 1.567414e+09 3.621993e+09 3.065150e+08
184 5.768858e-04 1.538112e+09 3.555140e+09 2.995109e+08
185 5.662270e-04 1.509428e+09 3.489680e+09 2.926478e+08
186 5.557891e-04 1.481347e+09 3.425572e+09 2.859235e+08
187 5.455655e-04 1.453854e+09 3.362776e+09 2.793359e+08
188 5.355504e-04 1.426935e+09 3.301254e+09 2.728828e+08
189 5.257377e-04 1.400574e+09 3.240968e+09 2.665621e+08
190 5.161218e-04 1.374759e+09 3.181884e+09 2.603716e+08
191 5.066825e-04 1.349424e+09 3.123880e+09 2.543092e+08
192 4.974250e-04 1.324618e+09 3.066974e+09 2.483728e+08
193 4.883611e-04 1.300363e+09 3.011244e+09 2.425602e+08
194 4.794784e-04 1.276610e+09 2.956619e+09 2.368694e+08
195 4.707693e-04 1.253340e+09 2.903053e+09 2.312982e+08
196 4.622340e-04 1.230633e+09 2.850512e+09 2.258446e+08
197 4.538594e-04 1.208331e+09 2.798968e+09 2.205065e+08
198 4.456397e-04 1.186445e+09 2.748375e+09 2.152820e+08
199 4.375733e-04 1.164981e+09 2.698717e+09 2.101688e+08
200 4.296560e-04 1.143929e+09 2.649969e+09 2.051652e+08
201 4.218841e-04 1.123277e+09 2.602109e+09 2.002690e+08
202 4.142544e-04 1.103018e+09 2.555116e+09 1.954785e+08
203 4.067634e-04 1.083145e+09 2.508968e+09 1.907915e+08
204 3.994080e-04 1.063647e+09 2.463647e+09 1.862063e+08
205 3.921857e-04 1.044522e+09 2.419136e+09 1.817209e+08
206 3.850926e-04 1.025756e+09 2.375411e+09 1.773335e+08
207 3.781256e-04 1.007341e+09 2.332455e+09 1.730422e+08
208 3.712819e-04 9.892684e+08 2.290250e+09 1.688452e+08
209 3.645590e-04 9.715296e+08 2.248781e+09 1.647407e+08
210 3.579541e-04 9.541172e+08 2.208032e+09 1.607270e+08
211 3.514649e-04 9.370237e+08 2.167989e+09 1.568022e+08
212 3.450884e-04 9.202375e+08 2.128635e+09 1.529647e+08
213 3.388225e-04 9.037555e+08 2.089956e+09 1.492128e+08
214 3.326655e-04 8.875733e+08 2.051942e+09 1.455448e+08
215 3.266149e-04 8.716827e+08 2.014578e+09 1.419591e+08
216 3.206687e-04 8.560769e+08 1.977852e+09 1.384540e+08
217 3.148249e-04 8.407495e+08 1.941753e+09 1.350279e+08
218 3.090815e-04 8.256944e+08 1.906268e+09 1.316794e+08
219 3.034366e-04 8.109058e+08 1.871386e+09 1.284067e+08
220 2.978883e-04 7.963780e+08 1.837097e+09 1.252085e+08
221 2.924349e-04 7.821056e+08 1.803389e+09 1.220831e+08
222 2.870747e-04 7.680832e+08 1.770253e+09 1.190292e+08
223 2.818059e-04 7.543058e+08 1.737678e+09 1.160453e+08
224 2.766271e-04 7.407684e+08 1.705655e+09 1.131299e+08
225 2.715364e-04 7.274661e+08 1.674174e+09 1.102816e+08
226 2.665326e-04 7.143943e+08 1.643226e+09 1.074992e+08
227 2.616140e-04 7.015485e+08 1.612804e+09 1.047811e+08
228 2.567793e-04 6.889243e+08 1.582897e+09 1.021261e+08
229 2.520270e-04 6.765175e+08 1.553497e+09 9.953294e+07
230 2.473557e-04 6.643238e+08 1.524597e+09 9.700022e+07
231 2.427642e-04 6.523394e+08 1.496188e+09 9.452673e+07
232 2.382510e-04 6.405604e+08 1.468262e+09 9.211121e+07
233 2.338150e-04 6.289829e+08 1.440812e+09 8.975245e+07
234 2.294549e-04 6.176032e+08 1.413831e+09 8.744924e+07
235 2.251695e-04 6.064179e+08 1.387311e+09 8.520042e+07
236 2.209575e-04 5.954234e+08 1.361244e+09 8.300482e+07
237 2.168179e-04 5.846164e+08 1.335625e+09 8.086132e+07
238 2.127494e-04 5.739936e+08 1.310445e+09 7.876878e+07
239 2.087511e-04 5.635518e+08 1.285699e+09 7.672613e+07
240 2.048216e-04 5.532878e+08 1.261380e+09 7.473229e+07
241 2.009601e-04 5.431987e+08 1.237480e+09 7.278620e+07
242 1.971654e-04 5.332814e+08 1.213995e+09 7.088682e+07
243 1.934365e-04 5.235330e+08 1.190916e+09 6.903316e+07
244 1.897723e-04 5.139509e+08 1.168239e+09 6.722420e+07
245 1.861720e-04 5.045321e+08 1.145957e+09 6.545897e+07
246 1.826344e-04 4.952740e+08 1.124065e+09 6.373652e+07
247 1.791586e-04 4.861740e+08 1.102555e+09 6.205590e+07
248 1.757438e-04 4.772294e+08 1.081424e+09 6.041619e+07
249 1.723888e-04 4.684379e+08 1.060663e+09 5.881649e+07
