  0 1.000000e+00 9.403408e+12 3.533411e+11 1.179697e+12
  1 5.099498e-02 2.679215e+11 3.514006e+11 1.965328e+11
  2 4.483946e-02 2.909919e+11 3.038320e+11 6.198728e+10
  3 3.362802e-02 1.542530e+11 2.775959e+11 2.924605e+10
  4 2.838360e-02 1.171136e+11 2.416220e+11 1.902573e+10
  5 2.612783e-02 1.229856e+11 2.146482e+11 1.413686e+10
  6 2.459883e-02 1.311583e+11 1.925952e+11 1.130860e+10
  7 2.321792e-02 1.355018e+11 1.733016e+11 9.502947e+09
  8 2.127534e-02 1.266559e+11 1.568452e+11 8.281169e+09
  9 1.953120e-02 1.147698e+11 1.451978e+11 7.413073e+09
