  0 1.000000e+00 9.390560e+12 2.434460e+11 9.692857e+11
  1 4.498749e-02 2.650690e+11 3.021643e+11 1.375756e+11
  2 4.172119e-02 3.450459e+11 1.852892e+11 4.295956e+10
  3 2.494964e-02 1.853989e+11 1.440043e+11 2.010159e+10
  4 1.755151e-02 1.114502e+11 1.220018e+11 1.293284e+10
  5 1.539296e-02 9.391101e+10 1.105497e+11 9.509401e+09
  6 1.479685e-02 9.578730e+10 1.014465e+11 7.704925e+09
  7 1.456449e-02 1.005570e+11 9.360486e+10 6.630175e+09
  8 1.394619e-02 9.933302e+10 8.627437e+10 5.927723e+09
  9 1.319020e-02 9.467750e+10 8.076313e+10 5.421982e+09
