  0 1.000000e+00 1.128732e+13 2.854856e+11 9.692857e+11
  1 3.513025e-02 2.549828e+11 3.057403e+11 5.916530e-03
  2 2.914061e-02 2.916873e+11 1.548341e+11 1.036464e-02
  3 1.619562e-02 1.493748e+11 1.066429e+11 1.187387e-02
  4 1.189082e-02 1.048882e+11 8.459694e+10 1.218034e-02
  5 1.006033e-02 8.773236e+10 7.280737e+10 1.296014e-02
  6 9.527573e-03 8.492365e+10 6.667593e+10 1.315721e-02
  7 9.348712e-03 8.525215e+10 6.289822e+10 1.359075e-02
  8 9.093572e-03 8.366799e+10 6.016223e+10 1.362753e-02
  9 8.769052e-03 8.076338e+10 5.790211e+10 1.413221e-02
