  0 1.000000e+00 5.293457e+12 5.676184e+11 1.636415e+12
  1 1.271803e-01 3.925335e+11 4.691982e+11 3.571072e+11
  2 8.989911e-02 3.120516e+11 3.739544e+11 1.161328e+11
  3 7.441692e-02 2.386338e+11 3.344399e+11 5.470759e+10
  4 7.068581e-02 2.502070e+11 3.019655e+11 3.475503e+10
  5 6.933068e-02 2.691309e+11 2.757141e+11 2.567116e+10
  6 6.826822e-02 2.815138e+11 2.547491e+11 2.065204e+10
  7 6.482812e-02 2.777210e+11 2.300749e+11 1.751980e+10
  8 5.863753e-02 2.526268e+11 2.064070e+11 1.537160e+10
  9 5.305348e-02 2.278141e+11 1.876797e+11 1.379385e+10
 10 4.862562e-02 2.078931e+11 1.731168e+11 1.257072e+10
 11 4.500969e-02 1.925389e+11 1.601210e+11 1.157951e+10
 12 4.215824e-02 1.810023e+11 1.491856e+11 1.074814e+10
 13 3.948213e-02 1.696471e+11 1.395547e+11 1.003289e+10
 14 3.742601e-02 1.613939e+11 1.315844e+11 9.406157e+09
 15 3.531541e-02 1.519220e+11 1.246185e+11 8.849600e+09
 16 3.350796e-02 1.441070e+11 1.182921e+11 8.350461e+09
 17 3.196890e-02 1.366100e+11 1.139247e+11 7.899537e+09
 18 3.056372e-02 1.314362e+11 1.079174e+11 7.489870e+09
 19 2.929329e-02 1.254936e+11 1.040168e+11 7.116004e+09
 20 2.809616e-02 1.196668e+11 1.006060e+11 6.773498e+09
 21 2.700035e-02 1.148393e+11 9.687578e+10 6.458797e+09
 22 2.579463e-02 1.098129e+11 9.242894e+10 6.168726e+09
 23 2.505516e-02 1.060011e+11 9.056793e+10 5.900753e+09
 24 2.406864e-02 1.010847e+11 8.786484e+10 5.652521e+09
 25 2.323008e-02 9.668521e+10 8.580496e+10 5.422166e+09
 26 2.239052e-02 9.301089e+10 8.290747e+10 5.207881e+09
 27 2.162658e-02 8.952827e+10 8.042565e+10 5.008210e+09
 28 2.108525e-02 8.675218e+10 7.900789e+10 4.821789e+09
 29 2.049269e-02 8.323119e+10 7.796242e+10 4.647414e+09
 30 1.986816e-02 7.993254e+10 7.639323e+10 4.484053e+09
 31 1.936367e-02 7.747800e+10 7.489780e+10 4.330794e+09
 32 1.873660e-02 7.434214e+10 7.311543e+10 4.186738e+09
 33 1.817540e-02 7.158518e+10 7.146115e+10 4.051262e+09
 34 1.773832e-02 6.942115e+10 7.018494e+10 3.923681e+09
 35 1.723223e-02 6.661397e+10 6.899063e+10 3.803428e+09
 36 1.669263e-02 6.388218e+10 6.744765e+10 3.690100e+09
 37 1.618484e-02 6.139624e+10 6.590533e+10 3.583340e+09
 38 1.566354e-02 5.875567e+10 6.439309e+10 3.482810e+09
 39 1.513392e-02 5.638826e+10 6.255983e+10 3.388267e+09
 40 1.457811e-02 5.417272e+10 6.039039e+10 3.299516e+09
 41 1.402529e-02 5.195327e+10 5.824571e+10 3.216316e+09
 42 1.348569e-02 4.990277e+10 5.604832e+10 3.138420e+09
 43 1.291111e-02 4.781403e+10 5.362350e+10 3.065520e+09
 44 1.206746e-02 4.541177e+10 4.945845e+10 2.997268e+09
 45 1.171819e-02 4.382101e+10 4.827790e+10 2.933312e+09
 46 1.139704e-02 4.229739e+10 4.724443e+10 2.873351e+09
 47 1.108475e-02 4.078733e+10 4.626041e+10 2.817042e+09
 48 1.080122e-02 3.942134e+10 4.535850e+10 2.764056e+09
 49 1.052793e-02 3.825099e+10 4.435929e+10 2.714085e+09
 50 1.025174e-02 3.708834e+10 4.333088e+10 2.666837e+09
 51 1.000279e-02 3.609421e+10 4.235724e+10 2.622061e+09
 52 9.744755e-03 3.496262e+10 4.143305e+10 2.579497e+09
 53 9.527936e-03 3.408503e+10 4.059403e+10 2.538924e+09
 54 9.311261e-03 3.320100e+10 3.976087e+10 2.500194e+09
 55 9.119993e-03 3.248384e+10 3.897255e+10 2.463141e+09
 56 8.913966e-03 3.168425e+10 3.814558e+10 2.427606e+09
 57 8.728385e-03 3.089576e+10 3.745702e+10 2.393455e+09
 58 8.555587e-03 3.026532e+10 3.673004e+10 2.360559e+09
 59 8.386457e-03 2.967495e+10 3.599645e+10 2.328816e+09
 60 8.210799e-03 2.900548e+10 3.528076e+10 2.298122e+09
 61 8.029863e-03 2.830829e+10 3.454955e+10 2.268392e+09
 62 7.852204e-03 2.762331e+10 3.383173e+10 2.239549e+09
 63 7.691798e-03 2.696147e+10 3.321884e+10 2.211521e+09
 64 7.542167e-03 2.638475e+10 3.261389e+10 2.184239e+09
 65 7.380071e-03 2.578264e+10 3.193991e+10 2.157649e+09
 66 7.216912e-03 2.515593e+10 3.127799e+10 2.131703e+09
 67 7.063700e-03 2.456157e+10 3.066103e+10 2.106352e+09
 68 6.920445e-03 2.401717e+10 3.007499e+10 2.081551e+09
 69 6.777285e-03 2.346222e+10 2.949785e+10 2.057262e+09
 70 6.640821e-03 2.293118e+10 2.894919e+10 2.033453e+09
 71 6.506689e-03 2.241138e+10 2.840799e+10 2.010092e+09
 72 6.374781e-03 2.190368e+10 2.787284e+10 1.987152e+09
 73 6.245022e-03 2.140594e+10 2.734491e+10 1.964606e+09
 74 6.117600e-03 2.091883e+10 2.682502e+10 1.942429e+09
 75 6.003093e-03 2.045707e+10 2.637646e+10 1.920599e+09
 76 5.884302e-03 1.999766e+10 2.589556e+10 1.899096e+09
 77 5.767807e-03 1.955871e+10 2.541487e+10 1.877900e+09
 78 5.652353e-03 1.913189e+10 2.493204e+10 1.856994e+09
 79 5.538946e-03 1.871752e+10 2.445396e+10 1.836364e+09
 80 5.365149e-03 1.812883e+10 2.368489e+10 1.815987e+09
 81 5.254764e-03 1.780313e+10 2.315998e+10 1.795844e+09
 82 5.156016e-03 1.740388e+10 2.277326e+10 1.775939e+09
 83 5.067986e-03 1.695857e+10 2.249609e+10 1.756271e+09
 84 4.974239e-03 1.659317e+10 2.211782e+10 1.736827e+09
 85 4.883627e-03 1.625334e+10 2.174206e+10 1.717605e+09
 86 4.795777e-03 1.593127e+10 2.137218e+10 1.698591e+09
 87 4.710420e-03 1.562472e+10 2.100800e+10 1.679773e+09
 88 4.627520e-03 1.533022e+10 2.065190e+10 1.661139e+09
 89 4.548970e-03 1.505267e+10 2.031342e+10 1.642681e+09
 90 4.471190e-03 1.478423e+10 1.997348e+10 1.624391e+09
 91 4.394664e-03 1.452348e+10 1.963655e+10 1.606263e+09
 92 4.319578e-03 1.426954e+10 1.930455e+10 1.588293e+09
 93 4.245761e-03 1.402119e+10 1.897722e+10 1.570475e+09
 94 4.173286e-03 1.377824e+10 1.865518e+10 1.552804e+09
 95 4.102172e-03 1.354052e+10 1.833871e+10 1.535278e+09
 96 4.032412e-03 1.330784e+10 1.802790e+10 1.517892e+09
 97 3.963987e-03 1.308004e+10 1.772273e+10 1.500644e+09
 98 3.896866e-03 1.285694e+10 1.742313e+10 1.483531e+09
 99 3.831180e-03 1.263890e+10 1.712973e+10 1.466550e+09
100 3.766789e-03 1.242547e+10 1.684191e+10 1.449699e+09
101 3.703559e-03 1.221618e+10 1.655907e+10 1.432977e+09
102 3.641464e-03 1.201120e+10 1.628091e+10 1.416381e+09
103 3.581109e-03 1.181318e+10 1.600967e+10 1.399910e+09
104 3.522206e-03 1.162089e+10 1.574426e+10 1.383562e+09
105 3.464241e-03 1.143179e+10 1.548300e+10 1.367337e+09
106 3.407145e-03 1.124548e+10 1.522569e+10 1.351233e+09
107 3.350931e-03 1.106236e+10 1.497214e+10 1.335249e+09
108 3.295535e-03 1.088178e+10 1.472238e+10 1.319384e+09
109 3.240917e-03 1.070330e+10 1.447645e+10 1.303638e+09
110 3.187084e-03 1.052706e+10 1.423430e+10 1.288009e+09
111 3.134191e-03 1.035463e+10 1.399585e+10 1.272497e+09
112 3.083005e-03 1.018933e+10 1.376396e+10 1.257102e+09
113 3.032615e-03 1.002623e+10 1.353598e+10 1.241823e+09
114 2.982706e-03 9.864248e+09 1.331048e+10 1.226659e+09
115 2.933345e-03 9.703688e+09 1.308773e+10 1.211610e+09
116 2.884566e-03 9.544730e+09 1.286783e+10 1.196676e+09
117 2.836481e-03 9.387571e+09 1.265140e+10 1.181856e+09
118 2.789022e-03 9.232193e+09 1.243799e+10 1.167151e+09
119 2.742178e-03 9.078663e+09 1.222747e+10 1.152559e+09
120 2.695950e-03 8.927056e+09 1.201980e+10 1.138082e+09
121 2.650344e-03 8.777388e+09 1.181500e+10 1.123718e+09
122 2.605361e-03 8.629665e+09 1.161309e+10 1.109468e+09
123 2.561003e-03 8.483887e+09 1.141406e+10 1.095332e+09
124 2.517270e-03 8.340057e+09 1.121792e+10 1.081309e+09
125 2.474159e-03 8.198291e+09 1.102456e+10 1.067400e+09
126 2.431686e-03 8.059583e+09 1.083336e+10 1.053605e+09
127 2.390664e-03 7.924285e+09 1.064971e+10 1.039923e+09
128 2.351938e-03 7.792480e+09 1.047943e+10 1.026353e+09
129 2.313817e-03 7.663803e+09 1.031104e+10 1.012896e+09
130 2.276280e-03 7.537943e+09 1.014459e+10 9.995526e+08
131 2.239243e-03 7.414276e+09 9.979983e+09 9.863228e+08
132 2.202668e-03 7.292504e+09 9.817179e+09 9.732071e+08
133 2.166538e-03 7.172441e+09 9.656184e+09 9.602055e+08
134 2.130843e-03 7.053976e+09 9.497023e+09 9.473179e+08
135 2.095540e-03 6.936670e+09 9.339710e+09 9.345442e+08
136 2.060559e-03 6.820128e+09 9.184065e+09 9.218843e+08
137 2.026179e-03 6.706387e+09 9.030506e+09 9.093380e+08
138 1.992505e-03 6.595840e+09 8.879476e+09 8.969051e+08
139 1.959367e-03 6.487419e+09 8.730592e+09 8.845856e+08
140 1.926690e-03 6.380634e+09 8.583680e+09 8.723793e+08
141 1.894453e-03 6.275307e+09 8.438744e+09 8.602862e+08
142 1.862648e-03 6.171330e+09 8.295791e+09 8.483063e+08
143 1.831270e-03 6.068658e+09 8.154836e+09 8.364396e+08
144 1.800321e-03 5.967278e+09 8.015895e+09 8.246860e+08
145 1.769803e-03 5.867189e+09 7.878977e+09 8.130454e+08
146 1.739717e-03 5.768400e+09 7.744092e+09 8.015177e+08
147 1.710062e-03 5.670917e+09 7.611225e+09 7.901028e+08
148 1.680840e-03 5.574736e+09 7.480389e+09 7.788005e+08
149 1.652055e-03 5.479878e+09 7.351610e+09 7.676107e+08
150 1.623710e-03 5.386370e+09 7.224872e+09 7.565333e+08
151 1.595803e-03 5.294212e+09 7.100169e+09 7.455679e+08
152 1.568334e-03 5.203417e+09 6.977497e+09 7.347146e+08
153 1.541304e-03 5.113989e+09 6.856846e+09 7.239729e+08
154 1.514710e-03 5.025934e+09 6.738209e+09 7.133428e+08
155 1.488552e-03 4.939250e+09 6.621573e+09 7.028238e+08
156 1.462828e-03 4.853937e+09 6.506926e+09 6.924159e+08
157 1.437510e-03 4.769711e+09 6.394288e+09 6.821186e+08
158 1.412637e-03 4.687020e+09 6.283599e+09 6.719318e+08
159 1.388198e-03 4.605751e+09 6.174860e+09 6.618550e+08
160 1.364184e-03 4.525864e+09 6.068041e+09 6.518879e+08
161 1.340582e-03 4.447275e+09 5.963115e+09 6.420302e+08
162 1.317291e-03 4.369223e+09 5.859949e+09 6.322815e+08
163 1.294479e-03 4.293088e+09 5.758681e+09 6.226415e+08
164 1.272098e-03 4.218471e+09 5.659274e+09 6.131097e+08
165 1.250129e-03 4.145235e+09 5.561699e+09 6.036857e+08
166 1.228562e-03 4.073312e+09 5.465932e+09 5.943692e+08
167 1.207388e-03 4.002664e+09 5.371948e+09 5.851597e+08
168 1.186601e-03 3.933263e+09 5.279722e+09 5.760567e+08
169 1.166195e-03 3.865086e+09 5.189227e+09 5.670599e+08
170 1.146164e-03 3.798115e+09 5.100438e+09 5.581687e+08
171 1.126502e-03 3.732329e+09 5.013327e+09 5.493825e+08
172 1.107204e-03 3.667711e+09 4.927868e+09 5.407010e+08
173 1.088263e-03 3.604244e+09 4.844033e+09 5.321236e+08
174 1.069675e-03 3.541911e+09 4.761795e+09 5.236498e+08
175 1.051432e-03 3.480694e+09 4.681125e+09 5.152790e+08
176 1.033529e-03 3.420576e+09 4.601997e+09 5.070106e+08
177 1.015960e-03 3.361540e+09 4.524382e+09 4.988440e+08
178 9.987199e-04 3.303567e+09 4.448252e+09 4.907788e+08
179 9.818022e-04 3.246641e+09 4.373579e+09 4.828143e+08
180 9.652011e-04 3.190745e+09 4.300337e+09 4.749498e+08
181 9.489108e-04 3.135860e+09 4.228496e+09 4.671849e+08
182 9.329255e-04 3.081969e+09 4.158029e+09 4.595187e+08
183 9.172394e-04 3.029055e+09 4.088909e+09 4.519508e+08
184 9.018466e-04 2.977100e+09 4.021109e+09 4.444804e+08
185 8.867414e-04 2.926088e+09 3.954601e+09 4.371069e+08
186 8.719182e-04 2.876001e+09 3.889358e+09 4.298296e+08
187 8.573585e-04 2.826749e+09 3.825319e+09 4.226479e+08
188 8.430387e-04 2.778218e+09 3.762405e+09 4.155610e+08
189 8.290066e-04 2.730696e+09 3.700734e+09 4.085683e+08
190 8.152457e-04 2.684099e+09 3.640254e+09 4.016690e+08
191 8.017453e-04 2.638380e+09 3.580925e+09 3.948626e+08
192 7.884972e-04 2.593507e+09 3.522715e+09 3.881481e+08
193 7.754946e-04 2.549452e+09 3.465595e+09 3.815250e+08
194 7.627314e-04 2.506194e+09 3.409541e+09 3.749925e+08
195 7.502020e-04 2.463716e+09 3.354525e+09 3.685498e+08
196 7.379010e-04 2.422000e+09 3.300523e+09 3.621963e+08
197 7.258233e-04 2.381031e+09 3.247511e+09 3.559311e+08
198 7.139639e-04 2.340793e+09 3.195467e+09 3.497536e+08
199 7.023179e-04 2.301271e+09 3.144366e+09 3.436630e+08
200 6.908765e-04 2.262439e+09 3.094168e+09 3.376585e+08
201 6.796508e-04 2.224377e+09 3.044890e+09 3.317394e+08
202 6.686138e-04 2.186876e+09 2.996499e+09 3.259048e+08
203 6.577690e-04 2.150021e+09 2.948956e+09 3.201541e+08
204 6.471201e-04 2.113858e+09 2.902255e+09 3.144864e+08
205 6.366591e-04 2.078343e+09 2.856371e+09 3.089010e+08
206 6.263806e-04 2.043453e+09 2.811284e+09 3.033971e+08
207 6.162807e-04 2.009175e+09 2.766976e+09 2.979739e+08
208 6.063551e-04 1.975496e+09 2.723429e+09 2.926307e+08
209 5.966000e-04 1.942404e+09 2.680624e+09 2.873666e+08
210 5.870117e-04 1.909886e+09 2.638545e+09 2.821810e+08
211 5.775865e-04 1.877931e+09 2.597174e+09 2.770729e+08
212 5.683206e-04 1.846529e+09 2.556494e+09 2.720416e+08
213 5.592106e-04 1.815666e+09 2.516489e+09 2.670864e+08
214 5.502530e-04 1.785333e+09 2.477143e+09 2.622064e+08
215 5.414444e-04 1.755519e+09 2.438442e+09 2.574008e+08
216 5.327815e-04 1.726213e+09 2.400369e+09 2.526688e+08
217 5.242613e-04 1.697406e+09 2.362911e+09 2.480097e+08
218 5.158804e-04 1.669086e+09 2.326054e+09 2.434227e+08
219 5.076360e-04 1.641245e+09 2.289783e+09 2.389070e+08
220 4.995251e-04 1.613873e+09 2.254085e+09 2.344617e+08
221 4.915448e-04 1.586961e+09 2.218948e+09 2.300862e+08
222 4.836923e-04 1.560499e+09 2.184359e+09 2.257796e+08
223 4.759650e-04 1.534479e+09 2.150305e+09 2.215411e+08
224 4.683601e-04 1.508892e+09 2.116776e+09 2.173699e+08
225 4.608752e-04 1.483729e+09 2.083760e+09 2.132654e+08
226 4.535078e-04 1.458983e+09 2.051245e+09 2.092266e+08
227 4.462554e-04 1.434645e+09 2.019221e+09 2.052529e+08
228 4.391158e-04 1.410707e+09 1.987679e+09 2.013434e+08
229 4.320866e-04 1.387162e+09 1.956607e+09 1.974975e+08
230 4.251656e-04 1.364002e+09 1.925996e+09 1.937142e+08
231 4.183508e-04 1.341220e+09 1.895837e+09 1.899929e+08
232 4.116400e-04 1.318809e+09 1.866122e+09 1.863327e+08
233 4.050313e-04 1.296761e+09 1.836840e+09 1.827330e+08
234 3.985226e-04 1.275071e+09 1.807984e+09 1.791930e+08
235 3.921122e-04 1.253731e+09 1.779546e+09 1.757119e+08
236 3.857980e-04 1.232734e+09 1.751517e+09 1.722889e+08
237 3.795785e-04 1.212076e+09 1.723891e+09 1.689235e+08
238 3.734518e-04 1.191748e+09 1.696659e+09 1.656147e+08
239 3.674163e-04 1.171747e+09 1.669815e+09 1.623618e+08
240 3.614703e-04 1.152064e+09 1.643353e+09 1.591642e+08
241 3.556123e-04 1.132696e+09 1.617264e+09 1.560211e+08
242 3.498408e-04 1.113636e+09 1.591543e+09 1.529318e+08
243 3.441542e-04 1.094878e+09 1.566184e+09 1.498955e+08
244 3.385511e-04 1.076418e+09 1.541181e+09 1.469116e+08
245 3.330302e-04 1.058251e+09 1.516528e+09 1.439793e+08
246 3.275901e-04 1.040371e+09 1.492219e+09 1.410980e+08
247 3.222294e-04 1.022773e+09 1.468249e+09 1.382669e+08
248 3.169469e-04 1.005452e+09 1.444613e+09 1.354853e+08
249 3.117413e-04 9.884049e+08 1.421305e+09 1.327526e+08
