  0 1.000000e+00 8.571422e+12 2.719393e+11 1.059146e+12
  1 4.832974e-02 2.677390e+11 3.204929e+11 5.755002e-03
  2 3.770857e-02 2.793288e+11 1.677626e+11 9.893369e-03
  3 2.261379e-02 1.532752e+11 1.211989e+11 1.070000e-02
  4 1.773443e-02 1.175734e+11 9.828232e+10 1.294239e-02
  5 1.535545e-02 1.019393e+11 8.493321e+10 1.221503e-02
  6 1.462426e-02 9.962928e+10 7.773371e+10 1.221327e-02
  7 1.434393e-02 1.001148e+11 7.307008e+10 1.352538e-02
  8 1.393073e-02 9.826749e+10 6.952248e+10 1.352991e-02
  9 1.340200e-02 9.462611e+10 6.675887e+10 1.378289e-02
