  0 1.000000e+00 1.028090e+13 3.096390e+11 1.059146e+12
  1 4.002403e-02 2.578916e+11 3.236680e+11 6.780998e-03
  2 3.246964e-02 2.894707e+11 1.700718e+11 9.633872e-03
  3 1.908527e-02 1.547115e+11 1.225061e+11 1.078812e-02
  4 1.478097e-02 1.164915e+11 9.893502e+10 1.155328e-02
  5 1.283894e-02 1.016186e+11 8.542416e+10 1.185795e-02
  6 1.225994e-02 9.967311e+10 7.832756e+10 1.204591e-02
  7 1.203759e-02 1.002620e+11 7.375530e+10 1.263213e-02
  8 1.169670e-02 9.848481e+10 7.019990e+10 1.196229e-02
  9 1.124814e-02 9.481819e+10 6.735288e+10 1.256993e-02
