  0 1.000000e+00 9.212457e+12 3.504781e+11 1.179697e+12
  1 5.188642e-02 2.678202e+11 3.495840e+11 1.965352e+11
  2 4.564154e-02 2.905306e+11 3.027800e+11 6.218399e+10
  3 3.421361e-02 1.537290e+11 2.768004e+11 2.945142e+10
  4 2.893524e-02 1.171709e+11 2.413011e+11 1.922327e+10
  5 2.667816e-02 1.231502e+11 2.147321e+11 1.434029e+10
  6 2.514401e-02 1.314562e+11 1.928732e+11 1.152904e+10
  7 2.374580e-02 1.359539e+11 1.735807e+11 9.744363e+09
  8 2.177374e-02 1.272390e+11 1.571352e+11 8.543651e+09
  9 1.999660e-02 1.154431e+11 1.454492e+11 7.695264e+09
