  0 1.000000e+00 1.210588e+13 3.382515e+11 1.059146e+12
  1 3.859438e-02 3.708315e+11 2.874347e+11 6.593501e-03
  2 2.193105e-03 1.152874e+10 2.403971e+10 1.000886e-02
  3 1.717878e-03 9.088429e+09 1.880265e+10 9.498664e-03
  4 1.627737e-03 8.598700e+09 1.782223e+10 9.017886e-03
  5 1.597759e-03 8.489713e+09 1.747009e+10 9.850333e-03
  6 1.577945e-03 8.434793e+09 1.722888e+10 1.031825e-02
  7 1.562425e-03 8.361575e+09 1.705465e+10 1.040507e-02
  8 1.475895e-03 8.301629e+09 1.590615e+10 1.100235e-02
  9 1.295988e-03 8.356827e+09 1.335614e+10 1.125168e-02
