  0 1.000000e+00 7.639949e+12 4.091317e+11 1.353563e+12
  1 5.789914e-02 3.539248e+11 2.776880e+11 3.191600e-03
  2 4.240678e-03 1.611882e+10 2.873689e+10 5.193743e-03
  3 3.705764e-03 1.398172e+10 2.517004e+10 6.753268e-03
  4 3.570212e-03 1.373602e+10 2.409982e+10 6.645723e-03
  5 3.512034e-03 1.377460e+10 2.355561e+10 6.945332e-03
  6 3.467111e-03 1.374322e+10 2.316901e+10 7.692592e-03
  7 3.424637e-03 1.364118e+10 2.284571e+10 7.513543e-03
  8 3.235525e-03 1.350752e+10 2.120189e+10 8.125230e-03
  9 2.888211e-03 1.353147e+10 1.790189e+10 8.622599e-03
