  0 1.000000e+00 5.415650e+12 5.686549e+11 1.636415e+12
  1 1.068803e-01 3.928952e+11 4.636347e+11 2.544520e-03
  2 8.292759e-02 3.422426e+11 3.243552e+11 5.182432e-03
  3 6.507618e-02 2.689873e+11 2.540915e+11 5.983961e-03
  4 5.727782e-02 2.464281e+11 2.129352e+11 6.422402e-03
  5 5.244936e-02 2.324163e+11 1.868735e+11 6.318504e-03
  6 5.003881e-02 2.294269e+11 1.682707e+11 7.031348e-03
  7 4.789305e-02 2.265326e+11 1.511320e+11 6.530955e-03
  8 4.507601e-02 2.155689e+11 1.386386e+11 6.547941e-03
  9 4.217612e-02 2.027463e+11 1.280790e+11 6.918242e-03
 10 3.981994e-02 1.916266e+11 1.205959e+11 6.806446e-03
 11 3.741482e-02 1.796620e+11 1.139298e+11 6.523941e-03
 12 3.536697e-02 1.702085e+11 1.070924e+11 6.510734e-03
 13 3.334452e-02 1.598586e+11 1.019417e+11 7.146290e-03
 14 3.169853e-02 1.518421e+11 9.710594e+10 7.397698e-03
 15 3.028998e-02 1.454806e+11 9.218496e+10 6.788970e-03
 16 2.902265e-02 1.385865e+11 8.958904e+10 6.550271e-03
 17 2.762186e-02 1.315984e+11 8.572612e+10 6.433407e-03
 18 2.660751e-02 1.271790e+11 8.194018e+10 6.549117e-03
 19 2.530548e-02 1.204385e+11 7.872708e+10 6.883992e-03
 20 2.479540e-02 1.178312e+11 7.741432e+10 7.070610e-03
 21 2.348240e-02 1.116451e+11 7.323355e+10 6.550308e-03
 22 2.290334e-02 1.083491e+11 7.224851e+10 6.819625e-03
 23 2.182448e-02 1.035653e+11 6.836299e+10 7.312078e-03
 24 2.110134e-02 9.943737e+10 6.714089e+10 6.892786e-03
 25 2.055444e-02 9.601048e+10 6.664180e+10 7.303350e-03
 26 1.952012e-02 9.147168e+10 6.286477e+10 7.356195e-03
 27 1.897619e-02 8.784214e+10 6.265648e+10 7.150330e-03
 28 1.837863e-02 8.520763e+10 6.049838e+10 7.393650e-03
 29 1.782895e-02 8.212229e+10 5.943791e+10 7.570695e-03
 30 1.692535e-02 7.777270e+10 5.668366e+10 6.571593e-03
 31 1.657659e-02 7.584732e+10 5.595591e+10 6.451906e-03
 32 1.602582e-02 7.244528e+10 5.527224e+10 7.605449e-03
 33 1.542976e-02 6.932986e+10 5.376363e+10 6.811960e-03
 34 1.498214e-02 6.700553e+10 5.260523e+10 7.281828e-03
 35 1.446181e-02 6.399752e+10 5.163369e+10 7.126088e-03
 36 1.392972e-02 6.082430e+10 5.073185e+10 6.875978e-03
 37 1.349087e-02 5.885725e+10 4.919436e+10 7.065571e-03
 38 1.311056e-02 5.760898e+10 4.731166e+10 7.018495e-03
 39 1.282798e-02 5.638130e+10 4.627482e+10 7.012074e-03
 40 1.245411e-02 5.468551e+10 4.499015e+10 7.068538e-03
 41 1.197434e-02 5.234877e+10 4.353511e+10 6.718378e-03
 42 1.162407e-02 5.052029e+10 4.261647e+10 6.649606e-03
 43 1.149099e-02 4.976346e+10 4.233918e+10 7.715859e-03
 44 1.119326e-02 4.854365e+10 4.116032e+10 7.021937e-03
 45 1.087245e-02 4.710730e+10 4.003365e+10 7.132002e-03
 46 1.054736e-02 4.608285e+10 3.838010e+10 7.129651e-03
 47 1.023701e-02 4.437274e+10 3.767197e+10 6.890496e-03
 48 1.009737e-02 4.335729e+10 3.763590e+10 7.166659e-03
 49 9.837399e-03 4.192535e+10 3.702742e+10 6.685055e-03
 50 9.584398e-03 4.050709e+10 3.645650e+10 7.218220e-03
 51 9.387209e-03 3.990383e+10 3.544908e+10 7.139482e-03
 52 9.183919e-03 3.896444e+10 3.476588e+10 6.348327e-03
 53 8.986810e-03 3.815349e+10 3.399132e+10 7.405887e-03
 54 8.504758e-03 3.620535e+10 3.205723e+10 7.360436e-03
 55 8.349866e-03 3.539100e+10 3.164754e+10 6.824788e-03
 56 8.266814e-03 3.503772e+10 3.133418e+10 7.136827e-03
 57 8.120492e-03 3.439097e+10 3.080927e+10 7.460226e-03
 58 8.002113e-03 3.395430e+10 3.028779e+10 7.156406e-03
 59 7.897966e-03 3.345280e+10 2.996026e+10 6.960849e-03
 60 7.780234e-03 3.315110e+10 2.929223e+10 7.219100e-03
 61 7.438263e-03 3.156144e+10 2.815401e+10 7.073053e-03
 62 7.284315e-03 3.074297e+10 2.775546e+10 7.045154e-03
 63 7.163586e-03 3.020194e+10 2.733030e+10 7.096130e-03
 64 7.008196e-03 2.952991e+10 2.675612e+10 6.706537e-03
 65 6.913653e-03 2.916067e+10 2.636299e+10 7.665806e-03
 66 6.832204e-03 2.878969e+10 2.608274e+10 7.561730e-03
 67 6.762947e-03 2.845071e+10 2.587028e+10 7.052808e-03
 68 6.673757e-03 2.798517e+10 2.562809e+10 7.247456e-03
 69 6.582819e-03 2.759117e+10 2.529270e+10 6.956410e-03
 70 6.375310e-03 2.681694e+10 2.439079e+10 7.189374e-03
 71 6.269110e-03 2.630203e+10 2.405925e+10 7.334078e-03
 72 6.038459e-03 2.503993e+10 2.349187e+10 7.574741e-03
 73 5.964970e-03 2.479223e+10 2.314502e+10 7.134644e-03
 74 5.882118e-03 2.444324e+10 2.282851e+10 7.711835e-03
 75 5.805167e-03 2.410626e+10 2.254827e+10 7.158597e-03
 76 5.745875e-03 2.387751e+10 2.229928e+10 7.125794e-03
 77 5.671772e-03 2.353849e+10 2.204493e+10 7.317007e-03
 78 5.556587e-03 2.291303e+10 2.175358e+10 7.345851e-03
 79 5.485191e-03 2.258982e+10 2.150437e+10 7.206036e-03
 80 5.245826e-03 2.152940e+10 2.064407e+10 7.450283e-03
 81 5.136473e-03 2.099980e+10 2.029766e+10 7.540719e-03
 82 5.054881e-03 2.062839e+10 2.001430e+10 7.012383e-03
 83 4.910879e-03 2.001372e+10 1.947195e+10 7.742311e-03
 84 4.845371e-03 1.971938e+10 1.924029e+10 7.548574e-03
 85 4.778111e-03 1.936436e+10 1.905618e+10 7.082145e-03
 86 4.719356e-03 1.904713e+10 1.890189e+10 7.523746e-03
 87 4.657529e-03 1.878314e+10 1.866883e+10 6.986539e-03
 88 4.607701e-03 1.859565e+10 1.845555e+10 7.396887e-03
 89 4.553722e-03 1.835367e+10 1.826362e+10 7.285647e-03
 90 4.497970e-03 1.808802e+10 1.808107e+10 7.135104e-03
 91 4.387171e-03 1.767190e+10 1.760618e+10 6.824935e-03
 92 4.300825e-03 1.725916e+10 1.732459e+10 7.665867e-03
 93 4.238118e-03 1.702083e+10 1.705873e+10 7.084549e-03
 94 4.188968e-03 1.684508e+10 1.683927e+10 7.084819e-03
 95 4.147511e-03 1.669725e+10 1.665370e+10 7.055302e-03
 96 4.112136e-03 1.656919e+10 1.649726e+10 6.758505e-03
 97 4.081724e-03 1.645769e+10 1.636415e+10 7.724696e-03
 98 4.056830e-03 1.637392e+10 1.624763e+10 7.623693e-03
 99 4.043976e-03 1.635593e+10 1.616193e+10 6.939502e-03
100 4.023594e-03 1.627049e+10 1.608351e+10 6.887929e-03
101 4.006111e-03 1.620405e+10 1.600932e+10 7.742600e-03
102 3.348733e-03 1.307801e+10 1.383908e+10 7.370788e-03
103 3.259823e-03 1.266806e+10 1.353065e+10 7.331931e-03
104 3.212560e-03 1.243676e+10 1.337890e+10 7.422480e-03
105 3.167910e-03 1.222640e+10 1.322773e+10 7.206194e-03
106 2.892144e-03 1.097562e+10 1.224598e+10 7.036797e-03
107 2.841723e-03 1.071542e+10 1.209384e+10 6.910657e-03
108 2.791205e-03 1.046720e+10 1.192975e+10 6.959310e-03
109 2.742055e-03 1.023636e+10 1.176034e+10 6.840637e-03
110 2.695074e-03 1.002062e+10 1.159384e+10 7.537186e-03
111 2.650141e-03 9.816970e+09 1.143206e+10 7.598997e-03
112 2.607176e-03 9.624122e+09 1.127557e+10 7.498755e-03
113 2.566337e-03 9.442458e+09 1.112526e+10 7.429058e-03
114 2.526391e-03 9.264974e+09 1.097791e+10 6.814492e-03
115 2.487794e-03 9.093889e+09 1.083506e+10 7.187677e-03
116 2.450305e-03 8.931833e+09 1.069273e+10 7.088358e-03
117 2.415403e-03 8.774893e+09 1.056517e+10 7.364887e-03
118 2.375717e-03 8.617202e+09 1.040280e+10 7.188005e-03
119 2.344556e-03 8.495773e+09 1.027330e+10 7.406064e-03
120 2.307653e-03 8.313803e+09 1.015131e+10 7.334393e-03
121 2.273031e-03 8.186079e+09 1.000145e+10 7.248488e-03
122 2.236606e-03 8.038127e+09 9.854883e+09 7.252901e-03
123 2.197397e-03 7.907697e+09 9.673559e+09 6.576454e-03
124 2.162937e-03 7.777544e+09 9.526880e+09 7.214584e-03
125 2.129246e-03 7.638754e+09 9.392862e+09 7.470076e-03
126 2.096816e-03 7.502312e+09 9.266108e+09 7.282314e-03
127 2.065517e-03 7.369398e+09 9.144699e+09 7.286473e-03
128 2.035835e-03 7.245467e+09 9.027786e+09 7.205912e-03
129 2.006807e-03 7.121974e+09 8.915227e+09 7.172460e-03
130 1.978523e-03 7.001631e+09 8.805483e+09 7.728023e-03
131 1.950982e-03 6.884795e+09 8.698283e+09 7.250614e-03
132 1.924540e-03 6.777831e+09 8.591181e+09 7.843772e-03
133 1.898409e-03 6.667837e+09 8.488677e+09 7.279234e-03
134 1.872824e-03 6.560170e+09 8.388228e+09 6.995066e-03
135 1.847764e-03 6.455172e+09 8.289421e+09 7.929632e-03
136 1.823209e-03 6.352910e+09 8.192067e+09 7.356040e-03
137 1.799127e-03 6.253321e+09 8.095997e+09 7.798011e-03
138 1.775510e-03 6.156422e+09 8.001140e+09 7.655668e-03
139 1.752330e-03 6.062099e+09 7.907396e+09 7.318002e-03
140 1.729563e-03 5.970248e+09 7.814675e+09 7.534427e-03
141 1.707187e-03 5.880781e+09 7.722902e+09 7.413903e-03
142 1.685194e-03 5.793667e+09 7.632046e+09 7.631263e-03
143 1.663703e-03 5.709002e+09 7.542886e+09 7.085850e-03
144 1.544222e-03 5.121541e+09 7.132023e+09 6.914712e-03
145 1.511107e-03 4.994057e+09 6.991727e+09 7.317753e-03
146 1.487189e-03 4.904796e+09 6.888343e+09 7.059326e-03
147 1.462908e-03 4.805427e+09 6.789574e+09 7.319576e-03
148 1.439034e-03 4.716996e+09 6.685843e+09 7.252290e-03
149 1.416843e-03 4.632225e+09 6.591216e+09 6.848381e-03
150 1.394780e-03 4.544832e+09 6.499276e+09 7.131947e-03
151 1.373285e-03 4.462879e+09 6.407431e+09 7.310743e-03
152 1.352048e-03 4.382483e+09 6.316251e+09 6.410511e-03
153 1.331058e-03 4.303662e+09 6.225667e+09 7.187039e-03
154 1.310323e-03 4.226462e+09 6.135696e+09 7.206081e-03
155 1.289854e-03 4.150929e+09 6.046383e+09 6.990776e-03
156 1.269657e-03 4.077092e+09 5.957768e+09 7.525026e-03
157 1.249738e-03 4.004960e+09 5.869880e+09 7.500831e-03
158 1.230097e-03 3.934519e+09 5.782742e+09 7.439959e-03
159 1.210357e-03 3.862629e+09 5.695883e+09 6.768417e-03
160 1.191435e-03 3.797063e+09 5.610350e+09 7.606992e-03
161 1.172681e-03 3.732754e+09 5.525109e+09 7.110596e-03
162 1.154156e-03 3.669425e+09 5.440768e+09 7.325235e-03
163 1.135879e-03 3.607297e+09 5.357318e+09 7.623284e-03
164 1.117853e-03 3.546436e+09 5.274737e+09 7.508060e-03
165 1.100080e-03 3.486865e+09 5.193009e+09 7.386769e-03
166 1.082557e-03 3.428584e+09 5.112131e+09 7.829258e-03
167 8.732187e-04 3.314370e+09 3.696931e+09 6.587559e-03
168 8.121562e-04 3.244186e+09 3.286392e+09 7.770766e-03
169 7.988404e-04 3.190412e+09 3.233086e+09 7.822328e-03
170 7.858766e-04 3.138493e+09 3.180761e+09 7.323535e-03
171 7.732281e-04 3.087963e+09 3.129583e+09 7.437825e-03
172 7.535925e-04 2.982742e+09 3.076327e+09 7.212723e-03
173 7.392975e-04 2.927834e+09 3.016349e+09 7.152501e-03
174 7.239592e-04 2.888795e+09 2.932545e+09 6.840648e-03
175 7.129348e-04 2.847450e+09 2.885280e+09 7.144553e-03
176 6.994949e-04 2.796085e+09 2.828603e+09 7.079347e-03
177 6.868568e-04 2.747569e+09 2.775516e+09 7.551330e-03
178 6.748129e-04 2.700703e+09 2.725549e+09 7.748325e-03
179 6.632469e-04 2.655171e+09 2.678084e+09 6.985987e-03
180 6.520928e-04 2.610879e+09 2.632687e+09 7.509336e-03
181 6.413081e-04 2.567791e+09 2.589055e+09 7.895423e-03
182 6.308652e-04 2.525896e+09 2.546977e+09 7.601510e-03
183 6.207536e-04 2.485261e+09 2.506302e+09 7.369373e-03
184 6.109331e-04 2.445702e+09 2.466891e+09 7.245859e-03
185 6.013869e-04 2.407187e+09 2.428640e+09 6.928376e-03
186 5.921069e-04 2.369715e+09 2.391488e+09 7.948536e-03
187 5.830814e-04 2.333251e+09 2.355374e+09 7.162226e-03
188 5.742994e-04 2.297760e+09 2.320244e+09 7.060033e-03
189 5.657502e-04 2.263205e+09 2.286052e+09 7.737180e-03
190 5.574242e-04 2.229549e+09 2.252753e+09 6.977960e-03
191 5.493122e-04 2.196759e+09 2.220310e+09 6.805781e-03
192 5.414055e-04 2.164800e+09 2.188686e+09 7.706843e-03
193 5.336960e-04 2.133642e+09 2.157849e+09 7.464390e-03
194 5.261763e-04 2.103252e+09 2.127768e+09 7.007105e-03
195 5.188392e-04 2.073603e+09 2.098415e+09 6.922919e-03
196 5.116778e-04 2.044668e+09 2.069761e+09 7.040081e-03
197 5.046857e-04 2.016419e+09 2.041783e+09 7.360805e-03
198 4.978568e-04 1.988832e+09 2.014455e+09 7.506208e-03
199 4.911854e-04 1.961884e+09 1.987754e+09 7.314072e-03
200 4.846658e-04 1.935551e+09 1.961659e+09 7.418801e-03
201 4.782928e-04 1.909812e+09 1.936148e+09 7.567018e-03
202 4.720613e-04 1.884646e+09 1.911202e+09 7.447850e-03
203 4.660407e-04 1.860468e+09 1.886967e+09 7.115898e-03
204 4.601949e-04 1.837059e+09 1.863369e+09 7.023892e-03
205 4.544438e-04 1.813959e+09 1.840222e+09 7.541295e-03
206 4.487962e-04 1.791212e+09 1.817554e+09 7.885905e-03
207 4.432514e-04 1.768844e+09 1.795333e+09 7.169994e-03
208 4.378085e-04 1.746869e+09 1.773537e+09 7.617436e-03
209 4.326427e-04 1.724597e+09 1.754245e+09 7.840832e-03
210 4.274396e-04 1.703715e+09 1.733288e+09 7.136911e-03
211 4.222601e-04 1.682915e+09 1.712437e+09 7.114488e-03
212 4.171701e-04 1.662446e+09 1.691974e+09 7.275686e-03
213 4.121691e-04 1.642321e+09 1.671883e+09 6.870179e-03
214 4.072569e-04 1.622544e+09 1.652158e+09 6.937547e-03
215 4.024489e-04 1.603207e+09 1.632831e+09 7.560785e-03
216 3.981110e-04 1.586173e+09 1.614989e+09 6.807435e-03
217 3.933514e-04 1.566950e+09 1.595936e+09 6.879868e-03
218 3.886923e-04 1.548141e+09 1.577278e+09 7.565762e-03
219 3.841217e-04 1.529696e+09 1.558967e+09 7.020236e-03
220 3.796341e-04 1.511589e+09 1.540985e+09 7.239963e-03
221 3.752264e-04 1.493807e+09 1.523321e+09 7.284461e-03
222 3.708964e-04 1.476341e+09 1.505966e+09 7.158814e-03
223 3.666414e-04 1.459179e+09 1.488910e+09 6.919039e-03
224 3.624590e-04 1.442312e+09 1.472143e+09 7.220461e-03
225 3.583463e-04 1.425727e+09 1.455653e+09 7.039412e-03
226 3.543008e-04 1.409415e+09 1.439432e+09 6.978659e-03
227 3.503197e-04 1.393363e+09 1.423468e+09 7.715776e-03
228 3.464005e-04 1.377563e+09 1.407752e+09 7.315548e-03
229 3.425409e-04 1.362002e+09 1.392273e+09 6.947018e-03
230 3.387384e-04 1.346673e+09 1.377023e+09 6.665675e-03
231 3.349909e-04 1.331566e+09 1.361992e+09 7.585254e-03
232 3.312962e-04 1.316673e+09 1.347173e+09 7.923457e-03
233 3.276523e-04 1.301985e+09 1.332558e+09 6.917254e-03
234 3.240574e-04 1.287494e+09 1.318138e+09 6.950121e-03
235 3.205095e-04 1.273193e+09 1.303907e+09 7.227545e-03
236 3.170070e-04 1.259075e+09 1.289857e+09 7.610530e-03
237 3.135483e-04 1.245134e+09 1.275983e+09 6.954130e-03
238 3.101317e-04 1.231362e+09 1.262279e+09 7.721055e-03
239 3.067558e-04 1.217755e+09 1.248737e+09 6.966991e-03
240 3.034192e-04 1.204305e+09 1.235354e+09 7.478175e-03
241 3.001206e-04 1.191008e+09 1.222123e+09 7.351583e-03
242 2.968587e-04 1.177859e+09 1.209039e+09 6.927226e-03
243 2.936323e-04 1.164852e+09 1.196099e+09 7.335716e-03
244 2.904402e-04 1.151983e+09 1.183297e+09 7.419742e-03
245 2.872815e-04 1.139247e+09 1.170629e+09 7.624441e-03
246 2.841551e-04 1.126641e+09 1.158092e+09 7.644203e-03
247 2.810600e-04 1.114160e+09 1.145682e+09 7.294341e-03
248 2.779954e-04 1.101800e+09 1.133395e+09 6.793832e-03
249 2.749604e-04 1.089559e+09 1.121227e+09 7.115917e-03
