  0 1.000000e+00 8.397365e+12 2.700221e+11 1.059146e+12
  1 4.915699e-02 2.675776e+11 3.188793e+11 6.034291e-03
  2 3.848131e-02 2.795234e+11 1.675001e+11 9.274464e-03
  3 2.307661e-02 1.534670e+11 1.209786e+11 1.051290e-02
  4 1.809410e-02 1.176326e+11 9.818520e+10 1.211015e-02
  5 1.566470e-02 1.019413e+11 8.487925e+10 1.204488e-02
  6 1.492643e-02 9.970372e+10 7.769260e+10 1.218395e-02
  7 1.463853e-02 1.001233e+11 7.308834e+10 1.323840e-02
  8 1.422832e-02 9.835630e+10 6.959509e+10 1.355361e-02
  9 1.368289e-02 9.465324e+10 6.683181e+10 1.301685e-02
