  0 1.000000e+00 7.958569e+12 4.245077e+11 1.353563e+12
  1 6.065742e-02 2.979434e+11 3.894582e+11 4.223783e-03
  2 4.741142e-02 3.009389e+11 2.373498e+11 6.612368e-03
  3 3.336869e-02 1.982664e+11 1.829124e+11 7.490165e-03
  4 2.842516e-02 1.718979e+11 1.524931e+11 8.252630e-03
  5 2.566666e-02 1.589440e+11 1.333742e+11 8.398763e-03
  6 2.467426e-02 1.578965e+11 1.218841e+11 8.701688e-03
  7 2.414153e-02 1.592656e+11 1.127919e+11 9.111030e-03
  8 2.325381e-02 1.551083e+11 1.062043e+11 9.352110e-03
  9 2.199035e-02 1.471057e+11 9.981045e+10 8.780544e-03
