  0 1.000000e+00 9.676045e+12 2.846754e+11 1.059146e+12
  1 4.677191e-02 3.594358e+11 2.797395e+11 5.783480e-03
  2 2.794979e-03 1.190899e+10 2.447384e+10 9.141894e-03
  3 2.201282e-03 9.281763e+09 1.932239e+10 9.959516e-03
  4 2.110475e-03 8.805763e+09 1.856974e+10 9.629529e-03
  5 2.090732e-03 8.715835e+09 1.839960e+10 1.009781e-02
  6 2.080849e-03 8.652855e+09 1.832294e+10 1.019676e-02
  7 2.074313e-03 8.573255e+09 1.829004e+10 1.105020e-02
  8 1.870250e-03 8.509499e+09 1.610228e+10 1.213175e-02
  9 1.689840e-03 8.661761e+09 1.399153e+10 1.223798e-02
