0.000000e+00 1.188458e-18 1.000000e+25 
6.250000e+02 1.191899e-18 1.000000e+25 
1.250000e+03 1.199165e-18 1.000000e+25 
1.875000e+03 1.213280e-18 1.000000e+25 
2.500000e+03 1.231154e-18 1.000000e+25 
3.125000e+03 1.255795e-18 1.000000e+25 
3.750000e+03 1.284085e-18 1.000000e+25 
4.375000e+03 1.319052e-18 1.000000e+25 
5.000000e+03 1.357556e-18 1.000000e+25 
5.625000e+03 1.402709e-18 1.000000e+25 
6.250000e+03 1.451324e-18 1.000000e+25 
6.875000e+03 1.506708e-18 1.000000e+25 
7.500000e+03 1.565566e-18 1.000000e+25 
8.125000e+03 1.631550e-18 1.000000e+25 
8.750000e+03 1.701150e-18 1.000000e+25 
9.375000e+03 1.778466e-18 1.000000e+25 
1.000000e+04 1.859649e-18 1.000000e+25 
1.062500e+04 1.949119e-18 1.000000e+25 
1.125000e+04 2.042738e-18 1.000000e+25 
1.187500e+04 2.145152e-18 1.000000e+25 
1.250000e+04 2.252134e-18 1.000000e+25 
1.312500e+04 2.368636e-18 1.000000e+25 
1.375000e+04 2.490436e-18 1.000000e+25 
1.437500e+04 2.624153e-18 1.000000e+25 
1.500000e+04 2.764840e-18 1.000000e+25 
1.562500e+04 2.918782e-18 1.000000e+25 
1.625000e+04 3.080338e-18 1.000000e+25 
1.687500e+04 3.257219e-18 1.000000e+25 
1.750000e+04 3.444501e-18 1.000000e+25 
1.812500e+04 3.649203e-18 1.000000e+25 
1.875000e+04 3.865970e-18 1.000000e+25 
1.937500e+04 4.097371e-18 1.000000e+25 
2.000000e+04 4.341133e-18 1.000000e+25 
2.062500e+04 4.592534e-18 1.000000e+25 
2.125000e+04 4.857088e-18 1.000000e+25 
2.187500e+04 5.192410e-18 1.000000e+25 
2.250000e+04 5.572365e-18 1.000000e+25 
2.312500e+04 5.933597e-18 1.000000e+25 
2.375000e+04 6.234190e-18 1.000000e+25 
2.437500e+04 6.696017e-18 1.000000e+25 
2.500000e+04 7.598626e-18 9.317043e+24 
2.562500e+04 8.999250e-18 8.320348e+24 
2.625000e+04 1.011609e-17 7.802196e+24 
2.687500e+04 1.258202e-17 6.741513e+24 
2.750000e+04 1.492951e-17 6.003127e+24 
2.812500e+04 4.162193e-17 2.295885e+24 
2.875000e+04 6.137936e-17 1.546209e+24 
2.937500e+04 2.643233e-16 3.654928e+23 
3.000000e+04 5.477529e-16 1.766264e+23 
3.062500e+04 1.793028e-15 5.485800e+22 
3.125000e+04 4.148145e-15 2.464770e+22 
3.187500e+04 9.607440e-15 1.065623e+22 
3.250000e+04 1.663159e-14 6.177731e+21 
3.312500e+04 2.015420e-14 5.193441e+21 
3.375000e+04 1.803735e-14 5.831088e+21 
3.437500e+04 1.040044e-14 1.034691e+22 
3.500000e+04 3.949531e-15 2.779937e+22 
3.562500e+04 1.627005e-15 6.508261e+22 
3.625000e+04 4.153727e-16 2.511200e+23 
3.687500e+04 2.017165e-16 5.367280e+23 
3.750000e+04 3.080224e-17 3.365816e+24 
3.812500e+04 1.231905e-16 8.059750e+23 
3.875000e+04 2.041213e-16 4.647834e+23 
3.937500e+04 2.021405e-16 5.155207e+23 
4.000000e+04 1.736893e-16 6.584778e+23 
4.062500e+04 2.021405e-16 5.155207e+23 
4.125000e+04 2.041213e-16 4.647834e+23 
4.187500e+04 1.231905e-16 8.059750e+23 
4.250000e+04 3.080224e-17 3.365816e+24 
4.312500e+04 2.017165e-16 5.367280e+23 
4.375000e+04 4.153727e-16 2.511200e+23 
4.437500e+04 1.627005e-15 6.508261e+22 
4.500000e+04 3.949531e-15 2.779937e+22 
4.562500e+04 1.040044e-14 1.034691e+22 
4.625000e+04 1.803735e-14 5.831088e+21 
4.687500e+04 2.015420e-14 5.193441e+21 
4.750000e+04 1.663159e-14 6.177731e+21 
4.812500e+04 9.607440e-15 1.065623e+22 
4.875000e+04 4.148145e-15 2.464770e+22 
4.937500e+04 1.793028e-15 5.485800e+22 
5.000000e+04 5.477529e-16 1.766264e+23 
5.062500e+04 2.643233e-16 3.654928e+23 
5.125000e+04 6.137936e-17 1.546209e+24 
5.187500e+04 4.162193e-17 2.295885e+24 
5.250000e+04 1.492951e-17 6.003127e+24 
5.312500e+04 1.258202e-17 6.741513e+24 
5.375000e+04 1.011609e-17 7.802196e+24 
5.437500e+04 8.999250e-18 8.320348e+24 
5.500000e+04 7.598626e-18 9.317043e+24 
5.562500e+04 6.696017e-18 1.000000e+25 
5.625000e+04 6.234190e-18 1.000000e+25 
5.687500e+04 5.933597e-18 1.000000e+25 
5.750000e+04 5.572365e-18 1.000000e+25 
5.812500e+04 5.192410e-18 1.000000e+25 
5.875000e+04 4.857088e-18 1.000000e+25 
5.937500e+04 4.592534e-18 1.000000e+25 
6.000000e+04 4.341133e-18 1.000000e+25 
6.062500e+04 4.097371e-18 1.000000e+25 
6.125000e+04 3.865970e-18 1.000000e+25 
6.187500e+04 3.649203e-18 1.000000e+25 
6.250000e+04 3.444501e-18 1.000000e+25 
6.312500e+04 3.257219e-18 1.000000e+25 
6.375000e+04 3.080338e-18 1.000000e+25 
6.437500e+04 2.918782e-18 1.000000e+25 
6.500000e+04 2.764840e-18 1.000000e+25 
6.562500e+04 2.624153e-18 1.000000e+25 
6.625000e+04 2.490436e-18 1.000000e+25 
6.687500e+04 2.368636e-18 1.000000e+25 
6.750000e+04 2.252134e-18 1.000000e+25 
6.812500e+04 2.145152e-18 1.000000e+25 
6.875000e+04 2.042738e-18 1.000000e+25 
6.937500e+04 1.949119e-18 1.000000e+25 
7.000000e+04 1.859649e-18 1.000000e+25 
7.062500e+04 1.778466e-18 1.000000e+25 
7.125000e+04 1.701150e-18 1.000000e+25 
7.187500e+04 1.631550e-18 1.000000e+25 
7.250000e+04 1.565566e-18 1.000000e+25 
7.312500e+04 1.506708e-18 1.000000e+25 
7.375000e+04 1.451324e-18 1.000000e+25 
7.437500e+04 1.402709e-18 1.000000e+25 
7.500000e+04 1.357556e-18 1.000000e+25 
7.562500e+04 1.319052e-18 1.000000e+25 
7.625000e+04 1.284085e-18 1.000000e+25 
7.687500e+04 1.255795e-18 1.000000e+25 
7.750000e+04 1.231154e-18 1.000000e+25 
7.812500e+04 1.213280e-18 1.000000e+25 
7.875000e+04 1.199165e-18 1.000000e+25 
7.937500e+04 1.191899e-18 1.000000e+25 
8.000000e+04 1.188458e-18 1.000000e+25 
