0.000000e+00 7.473440e-20 1.000000e+25 
6.250000e+02 7.493272e-20 1.000000e+25 
1.250000e+03 7.536461e-20 1.000000e+25 
1.875000e+03 7.618992e-20 1.000000e+25 
2.500000e+03 7.724368e-20 1.000000e+25 
3.125000e+03 7.868220e-20 1.000000e+25 
3.750000e+03 8.034042e-20 1.000000e+25 
4.375000e+03 8.237166e-20 1.000000e+25 
5.000000e+03 8.461270e-20 1.000000e+25 
5.625000e+03 8.721491e-20 1.000000e+25 
6.250000e+03 9.001838e-20 1.000000e+25 
6.875000e+03 9.317373e-20 1.000000e+25 
7.500000e+03 9.652525e-20 1.000000e+25 
8.125000e+03 1.002238e-19 1.000000e+25 
8.750000e+03 1.041185e-19 1.000000e+25 
9.375000e+03 1.083608e-19 1.000000e+25 
1.000000e+04 1.128057e-19 1.000000e+25 
1.062500e+04 1.176047e-19 1.000000e+25 
1.125000e+04 1.226202e-19 1.000000e+25 
1.187500e+04 1.280022e-19 1.000000e+25 
1.250000e+04 1.336235e-19 1.000000e+25 
1.312500e+04 1.396284e-19 1.000000e+25 
1.375000e+04 1.459066e-19 1.000000e+25 
1.437500e+04 1.525874e-19 1.000000e+25 
1.500000e+04 1.595881e-19 1.000000e+25 
1.562500e+04 1.670083e-19 1.000000e+25 
1.625000e+04 1.748089e-19 1.000000e+25 
1.687500e+04 1.830353e-19 1.000000e+25 
1.750000e+04 1.917157e-19 1.000000e+25 
1.812500e+04 2.008112e-19 1.000000e+25 
1.875000e+04 2.104478e-19 1.000000e+25 
1.937500e+04 2.204581e-19 1.000000e+25 
2.000000e+04 2.311018e-19 1.000000e+25 
2.062500e+04 2.420914e-19 1.000000e+25 
2.125000e+04 2.538484e-19 1.000000e+25 
2.187500e+04 2.658093e-19 1.000000e+25 
2.250000e+04 2.785302e-19 1.000000e+25 
2.312500e+04 2.914445e-19 1.000000e+25 
2.375000e+04 3.049604e-19 1.000000e+25 
2.437500e+04 3.186636e-19 1.000000e+25 
2.500000e+04 3.329470e-19 1.000000e+25 
2.562500e+04 3.614527e-19 1.000000e+25 
2.625000e+04 4.026048e-19 1.000000e+25 
2.687500e+04 4.363202e-19 1.000000e+25 
2.750000e+04 4.604810e-19 1.000000e+25 
2.812500e+04 4.723342e-19 1.000000e+25 
2.875000e+04 4.920387e-19 1.000000e+25 
2.937500e+04 4.406878e-19 1.000000e+25 
3.000000e+04 1.193940e-19 1.000000e+25 
3.062500e+04 5.228101e-18 1.194125e+24 
3.125000e+04 1.369532e-17 3.681805e+23 
3.187500e+04 1.172554e-16 5.030231e+22 
3.250000e+04 8.616670e-17 5.802876e+22 
3.312500e+04 2.004162e-15 2.532431e+21 
3.375000e+04 5.974666e-15 8.378675e+20 
3.437500e+04 1.360276e-14 3.686966e+20 
3.500000e+04 1.954793e-14 2.567820e+20 
3.562500e+04 1.426188e-14 3.517873e+20 
3.625000e+04 6.224295e-15 8.043597e+20 
3.687500e+04 2.165240e-15 2.345422e+21 
3.750000e+04 2.071945e-16 2.433246e+22 
3.812500e+04 1.571109e-16 3.416474e+22 
3.875000e+04 1.094393e-17 4.694960e+23 
3.937500e+04 1.319148e-17 4.132633e+23 
4.000000e+04 2.851956e-18 1.815728e+24 
4.062500e+04 1.319148e-17 4.132633e+23 
4.125000e+04 1.094393e-17 4.694960e+23 
4.187500e+04 1.571109e-16 3.416474e+22 
4.250000e+04 2.071945e-16 2.433246e+22 
4.312500e+04 2.165240e-15 2.345422e+21 
4.375000e+04 6.224295e-15 8.043597e+20 
4.437500e+04 1.426188e-14 3.517873e+20 
4.500000e+04 1.954793e-14 2.567820e+20 
4.562500e+04 1.360276e-14 3.686966e+20 
4.625000e+04 5.974666e-15 8.378675e+20 
4.687500e+04 2.004162e-15 2.532431e+21 
4.750000e+04 8.616670e-17 5.802876e+22 
4.812500e+04 1.172554e-16 5.030231e+22 
4.875000e+04 1.369532e-17 3.681805e+23 
4.937500e+04 5.228101e-18 1.194125e+24 
5.000000e+04 1.193940e-19 1.000000e+25 
5.062500e+04 4.406878e-19 1.000000e+25 
5.125000e+04 4.920387e-19 1.000000e+25 
5.187500e+04 4.723342e-19 1.000000e+25 
5.250000e+04 4.604810e-19 1.000000e+25 
5.312500e+04 4.363202e-19 1.000000e+25 
5.375000e+04 4.026048e-19 1.000000e+25 
5.437500e+04 3.614527e-19 1.000000e+25 
5.500000e+04 3.329470e-19 1.000000e+25 
5.562500e+04 3.186636e-19 1.000000e+25 
5.625000e+04 3.049604e-19 1.000000e+25 
5.687500e+04 2.914445e-19 1.000000e+25 
5.750000e+04 2.785302e-19 1.000000e+25 
5.812500e+04 2.658093e-19 1.000000e+25 
5.875000e+04 2.538484e-19 1.000000e+25 
5.937500e+04 2.420914e-19 1.000000e+25 
6.000000e+04 2.311018e-19 1.000000e+25 
6.062500e+04 2.204581e-19 1.000000e+25 
6.125000e+04 2.104478e-19 1.000000e+25 
6.187500e+04 2.008112e-19 1.000000e+25 
6.250000e+04 1.917157e-19 1.000000e+25 
6.312500e+04 1.830353e-19 1.000000e+25 
6.375000e+04 1.748089e-19 1.000000e+25 
6.437500e+04 1.670083e-19 1.000000e+25 
6.500000e+04 1.595881e-19 1.000000e+25 
6.562500e+04 1.525874e-19 1.000000e+25 
6.625000e+04 1.459066e-19 1.000000e+25 
6.687500e+04 1.396284e-19 1.000000e+25 
6.750000e+04 1.336235e-19 1.000000e+25 
6.812500e+04 1.280022e-19 1.000000e+25 
6.875000e+04 1.226202e-19 1.000000e+25 
6.937500e+04 1.176047e-19 1.000000e+25 
7.000000e+04 1.128057e-19 1.000000e+25 
7.062500e+04 1.083608e-19 1.000000e+25 
7.125000e+04 1.041185e-19 1.000000e+25 
7.187500e+04 1.002238e-19 1.000000e+25 
7.250000e+04 9.652525e-20 1.000000e+25 
7.312500e+04 9.317373e-20 1.000000e+25 
7.375000e+04 9.001838e-20 1.000000e+25 
7.437500e+04 8.721491e-20 1.000000e+25 
7.500000e+04 8.461270e-20 1.000000e+25 
7.562500e+04 8.237166e-20 1.000000e+25 
7.625000e+04 8.034042e-20 1.000000e+25 
7.687500e+04 7.868220e-20 1.000000e+25 
7.750000e+04 7.724368e-20 1.000000e+25 
7.812500e+04 7.618992e-20 1.000000e+25 
7.875000e+04 7.536461e-20 1.000000e+25 
7.937500e+04 7.493272e-20 1.000000e+25 
8.000000e+04 7.473440e-20 1.000000e+25 
