0.000000e+00 8.801981e-19 1.000000e+25 
2.083333e+02 8.805886e-19 1.000000e+25 
4.166667e+02 8.813084e-19 1.000000e+25 
6.250000e+02 8.828095e-19 1.000000e+25 
8.333333e+02 8.846392e-19 1.000000e+25 
1.041667e+03 8.872509e-19 1.000000e+25 
1.250000e+03 8.901898e-19 1.000000e+25 
1.458333e+03 8.939117e-19 1.000000e+25 
1.666667e+03 8.979589e-19 1.000000e+25 
1.875000e+03 9.027900e-19 1.000000e+25 
2.083333e+03 9.079436e-19 1.000000e+25 
2.291667e+03 9.138816e-19 1.000000e+25 
2.500000e+03 9.201389e-19 1.000000e+25 
2.708333e+03 9.271798e-19 1.000000e+25 
2.916667e+03 9.345359e-19 1.000000e+25 
3.125000e+03 9.426734e-19 1.000000e+25 
3.333333e+03 9.511210e-19 1.000000e+25 
3.541667e+03 9.603450e-19 1.000000e+25 
3.750000e+03 9.698734e-19 1.000000e+25 
3.958333e+03 9.801697e-19 1.000000e+25 
4.166667e+03 9.907637e-19 1.000000e+25 
4.375000e+03 1.002113e-18 1.000000e+25 
4.583333e+03 1.013752e-18 1.000000e+25 
4.791667e+03 1.026128e-18 1.000000e+25 
5.000000e+03 1.038785e-18 1.000000e+25 
5.208333e+03 1.052156e-18 1.000000e+25 
5.416667e+03 1.065799e-18 1.000000e+25 
5.625000e+03 1.080125e-18 1.000000e+25 
5.833333e+03 1.094712e-18 1.000000e+25 
6.041667e+03 1.109948e-18 1.000000e+25 
6.250000e+03 1.125434e-18 1.000000e+25 
6.458333e+03 1.141527e-18 1.000000e+25 
6.666667e+03 1.157861e-18 1.000000e+25 
6.875000e+03 1.174757e-18 1.000000e+25 
7.083333e+03 1.191884e-18 1.000000e+25 
7.291667e+03 1.209527e-18 1.000000e+25 
7.500000e+03 1.227394e-18 1.000000e+25 
7.708333e+03 1.245733e-18 1.000000e+25 
7.916667e+03 1.264293e-18 1.000000e+25 
8.125000e+03 1.283285e-18 1.000000e+25 
8.333333e+03 1.302498e-18 1.000000e+25 
8.541667e+03 1.322115e-18 1.000000e+25 
8.750000e+03 1.341960e-18 1.000000e+25 
8.958333e+03 1.362190e-18 1.000000e+25 
9.166667e+03 1.382664e-18 1.000000e+25 
9.375000e+03 1.403523e-18 1.000000e+25 
9.583333e+03 1.424647e-18 1.000000e+25 
9.791667e+03 1.446176e-18 1.000000e+25 
1.000000e+04 1.468003e-18 1.000000e+25 
1.020833e+04 1.490275e-18 1.000000e+25 
1.041667e+04 1.512887e-18 1.000000e+25 
1.062500e+04 1.536008e-18 1.000000e+25 
1.083333e+04 1.559521e-18 1.000000e+25 
1.104167e+04 1.583634e-18 1.000000e+25 
1.125000e+04 1.608200e-18 1.000000e+25 
1.145833e+04 1.633481e-18 1.000000e+25 
1.166667e+04 1.659289e-18 1.000000e+25 
1.187500e+04 1.685957e-18 1.000000e+25 
1.208333e+04 1.713234e-18 1.000000e+25 
1.229167e+04 1.741543e-18 1.000000e+25 
1.250000e+04 1.770555e-18 1.000000e+25 
1.270833e+04 1.800786e-18 1.000000e+25 
1.291667e+04 1.831817e-18 1.000000e+25 
1.312500e+04 1.864278e-18 1.000000e+25 
1.333333e+04 1.897647e-18 1.000000e+25 
1.354167e+04 1.932714e-18 1.000000e+25 
1.375000e+04 1.968832e-18 1.000000e+25 
1.395833e+04 2.006926e-18 1.000000e+25 
1.416667e+04 2.046202e-18 1.000000e+25 
1.437500e+04 2.087600e-18 1.000000e+25 
1.458333e+04 2.130212e-18 1.000000e+25 
1.479167e+04 2.175115e-18 1.000000e+25 
1.500000e+04 2.221363e-18 1.000000e+25 
1.520833e+04 2.270851e-18 1.000000e+25 
1.541667e+04 2.322327e-18 1.000000e+25 
1.562500e+04 2.377108e-18 1.000000e+25 
1.583333e+04 2.433588e-18 1.000000e+25 
1.604167e+04 2.492396e-18 1.000000e+25 
1.625000e+04 2.551049e-18 1.000000e+25 
1.645833e+04 2.615853e-18 1.000000e+25 
1.666667e+04 2.681696e-18 1.000000e+25 
1.687500e+04 2.733095e-18 1.000000e+25 
1.708333e+04 2.776818e-18 1.000000e+25 
1.729167e+04 2.857572e-18 1.000000e+25 
1.750000e+04 3.043028e-18 1.000000e+25 
1.770833e+04 3.474433e-18 1.000000e+25 
1.791667e+04 3.986097e-18 1.000000e+25 
1.812500e+04 4.576152e-18 1.000000e+25 
1.833333e+04 5.190209e-18 1.000000e+25 
1.854167e+04 5.888586e-18 9.381784e+24 
1.875000e+04 6.648314e-18 8.348325e+24 
1.895833e+04 7.525148e-18 7.410174e+24 
1.916667e+04 8.475503e-18 6.609897e+24 
1.937500e+04 9.572053e-18 5.880905e+24 
1.958333e+04 1.076020e-17 5.256563e+24 
1.979167e+04 1.213057e-17 4.684993e+24 
2.000000e+04 1.361470e-17 4.194059e+24 
2.020833e+04 1.532643e-17 3.743043e+24 
2.041667e+04 1.718007e-17 3.354666e+24 
2.062500e+04 1.931928e-17 2.996900e+24 
2.083333e+04 2.163507e-17 2.688310e+24 
2.104167e+04 2.430735e-17 2.403493e+24 
2.125000e+04 2.719896e-17 2.157530e+24 
2.145833e+04 3.053534e-17 1.930155e+24 
2.166667e+04 3.414429e-17 1.733601e+24 
2.187500e+04 3.830846e-17 1.551666e+24 
2.208333e+04 4.281106e-17 1.394280e+24 
2.229167e+04 4.800647e-17 1.248442e+24 
2.250000e+04 5.362166e-17 1.122220e+24 
2.270833e+04 6.010123e-17 1.005148e+24 
2.291667e+04 6.710098e-17 9.037925e+23 
2.312500e+04 7.517959e-17 8.097026e+23 
2.333333e+04 8.390200e-17 7.282336e+23 
2.354167e+04 9.397145e-17 6.525455e+23 
2.375000e+04 1.048364e-16 5.870144e+23 
2.395833e+04 1.173836e-16 5.260910e+23 
2.416667e+04 1.309116e-16 4.733566e+23 
2.437500e+04 1.465398e-16 4.243021e+23 
2.458333e+04 1.633743e-16 3.818593e+23 
2.479167e+04 1.828280e-16 3.423630e+23 
2.500000e+04 2.037598e-16 3.082092e+23 
2.520833e+04 2.279494e-16 2.764223e+23 
2.541667e+04 2.539420e-16 2.489530e+23 
2.562500e+04 2.839674e-16 2.233926e+23 
2.583333e+04 3.161784e-16 2.013184e+23 
2.604167e+04 3.533451e-16 1.807902e+23 
2.625000e+04 3.931402e-16 1.630715e+23 
2.645833e+04 4.389637e-16 1.466093e+23 
2.666667e+04 4.879164e-16 1.324045e+23 
2.687500e+04 5.441087e-16 1.192231e+23 
2.708333e+04 6.039814e-16 1.078483e+23 
2.729167e+04 6.724162e-16 9.730741e+22 
2.750000e+04 7.451174e-16 8.820620e+22 
2.770833e+04 8.277700e-16 7.978384e+22 
2.791667e+04 9.152859e-16 7.250373e+22 
2.812500e+04 1.014145e-15 6.577545e+22 
2.833333e+04 1.118440e-15 5.994994e+22 
2.854167e+04 1.235383e-15 5.457278e+22 
2.875000e+04 1.358265e-15 4.990686e+22 
2.895833e+04 1.494894e-15 4.560594e+22 
2.916667e+04 1.637825e-15 4.186403e+22 
2.937500e+04 1.795229e-15 3.842102e+22 
2.958333e+04 1.959074e-15 3.541658e+22 
2.979167e+04 2.137507e-15 3.265963e+22 
3.000000e+04 2.322186e-15 3.024620e+22 
3.020833e+04 2.520632e-15 2.804114e+22 
3.041667e+04 2.724659e-15 2.610458e+22 
3.062500e+04 2.940287e-15 2.434747e+22 
3.083333e+04 3.160203e-15 2.279963e+22 
3.104167e+04 3.387733e-15 2.141065e+22 
3.125000e+04 3.617485e-15 2.018417e+22 
3.145833e+04 3.848571e-15 1.910289e+22 
3.166667e+04 4.078933e-15 1.814731e+22 
3.187500e+04 4.301726e-15 1.732921e+22 
3.208333e+04 4.519959e-15 1.660831e+22 
3.229167e+04 4.719082e-15 1.602265e+22 
3.250000e+04 4.909090e-15 1.551296e+22 
3.270833e+04 5.066342e-15 1.514180e+22 
3.291667e+04 5.209603e-15 1.483242e+22 
3.312500e+04 5.305669e-15 1.467088e+22 
3.333333e+04 5.383228e-15 1.456462e+22 
3.354167e+04 5.400608e-15 1.462242e+22 
3.375000e+04 5.396250e-15 1.473857e+22 
3.395833e+04 5.323365e-15 1.504263e+22 
3.416667e+04 5.227846e-15 1.542115e+22 
3.437500e+04 5.063844e-15 1.601781e+22 
3.458333e+04 4.879582e-15 1.672314e+22 
3.479167e+04 4.638770e-15 1.767485e+22 
3.500000e+04 4.383830e-15 1.879084e+22 
3.520833e+04 4.097913e-15 2.015069e+22 
3.541667e+04 3.807478e-15 2.174019e+22 
3.562500e+04 3.523202e-15 2.346838e+22 
3.583333e+04 3.246237e-15 2.544265e+22 
3.604167e+04 3.015683e-15 2.724807e+22 
3.625000e+04 2.803907e-15 2.915628e+22 
3.645833e+04 2.662692e-15 3.050367e+22 
3.666667e+04 2.545388e-15 3.170207e+22 
3.687500e+04 2.486303e-15 3.234809e+22 
3.708333e+04 2.444016e-15 3.279921e+22 
3.729167e+04 2.425556e-15 3.306028e+22 
3.750000e+04 2.410966e-15 3.327202e+22 
3.770833e+04 2.399102e-15 3.348694e+22 
3.791667e+04 2.385359e-15 3.373046e+22 
3.812500e+04 2.370353e-15 3.399179e+22 
3.833333e+04 2.354339e-15 3.427109e+22 
3.854167e+04 2.339034e-15 3.453070e+22 
3.875000e+04 2.324283e-15 3.478546e+22 
3.895833e+04 2.311442e-15 3.501128e+22 
3.916667e+04 2.299387e-15 3.522761e+22 
3.937500e+04 2.290664e-15 3.537877e+22 
3.958333e+04 2.283168e-15 3.551205e+22 
3.979167e+04 2.279509e-15 3.556497e+22 
4.000000e+04 2.277306e-15 3.559536e+22 
4.020833e+04 2.279509e-15 3.556497e+22 
4.041667e+04 2.283168e-15 3.551205e+22 
4.062500e+04 2.290664e-15 3.537877e+22 
4.083333e+04 2.299387e-15 3.522761e+22 
4.104167e+04 2.311442e-15 3.501128e+22 
4.125000e+04 2.324283e-15 3.478546e+22 
4.145833e+04 2.339034e-15 3.453070e+22 
4.166667e+04 2.354339e-15 3.427109e+22 
4.187500e+04 2.370353e-15 3.399179e+22 
4.208333e+04 2.385359e-15 3.373046e+22 
4.229167e+04 2.399102e-15 3.348694e+22 
4.250000e+04 2.410966e-15 3.327202e+22 
4.270833e+04 2.425556e-15 3.306028e+22 
4.291667e+04 2.444016e-15 3.279921e+22 
4.312500e+04 2.486303e-15 3.234809e+22 
4.333333e+04 2.545388e-15 3.170207e+22 
4.354167e+04 2.662692e-15 3.050367e+22 
4.375000e+04 2.803907e-15 2.915628e+22 
4.395833e+04 3.015683e-15 2.724807e+22 
4.416667e+04 3.246237e-15 2.544265e+22 
4.437500e+04 3.523202e-15 2.346838e+22 
4.458333e+04 3.807478e-15 2.174019e+22 
4.479167e+04 4.097913e-15 2.015069e+22 
4.500000e+04 4.383830e-15 1.879084e+22 
4.520833e+04 4.638770e-15 1.767485e+22 
4.541667e+04 4.879582e-15 1.672314e+22 
4.562500e+04 5.063844e-15 1.601781e+22 
4.583333e+04 5.227846e-15 1.542115e+22 
4.604167e+04 5.323365e-15 1.504263e+22 
4.625000e+04 5.396250e-15 1.473857e+22 
4.645833e+04 5.400608e-15 1.462242e+22 
4.666667e+04 5.383228e-15 1.456462e+22 
4.687500e+04 5.305669e-15 1.467088e+22 
4.708333e+04 5.209603e-15 1.483242e+22 
4.729167e+04 5.066342e-15 1.514180e+22 
4.750000e+04 4.909090e-15 1.551296e+22 
4.770833e+04 4.719082e-15 1.602265e+22 
4.791667e+04 4.519959e-15 1.660831e+22 
4.812500e+04 4.301726e-15 1.732921e+22 
4.833333e+04 4.078933e-15 1.814731e+22 
4.854167e+04 3.848571e-15 1.910289e+22 
4.875000e+04 3.617485e-15 2.018417e+22 
4.895833e+04 3.387733e-15 2.141065e+22 
4.916667e+04 3.160203e-15 2.279963e+22 
4.937500e+04 2.940287e-15 2.434747e+22 
4.958333e+04 2.724659e-15 2.610458e+22 
4.979167e+04 2.520632e-15 2.804114e+22 
5.000000e+04 2.322186e-15 3.024620e+22 
5.020833e+04 2.137507e-15 3.265963e+22 
5.041667e+04 1.959074e-15 3.541658e+22 
5.062500e+04 1.795229e-15 3.842102e+22 
5.083333e+04 1.637825e-15 4.186403e+22 
5.104167e+04 1.494894e-15 4.560594e+22 
5.125000e+04 1.358265e-15 4.990686e+22 
5.145833e+04 1.235383e-15 5.457278e+22 
5.166667e+04 1.118440e-15 5.994994e+22 
5.187500e+04 1.014145e-15 6.577545e+22 
5.208333e+04 9.152859e-16 7.250373e+22 
5.229167e+04 8.277700e-16 7.978384e+22 
5.250000e+04 7.451174e-16 8.820620e+22 
5.270833e+04 6.724162e-16 9.730741e+22 
5.291667e+04 6.039814e-16 1.078483e+23 
5.312500e+04 5.441087e-16 1.192231e+23 
5.333333e+04 4.879164e-16 1.324045e+23 
5.354167e+04 4.389637e-16 1.466093e+23 
5.375000e+04 3.931402e-16 1.630715e+23 
5.395833e+04 3.533451e-16 1.807902e+23 
5.416667e+04 3.161784e-16 2.013184e+23 
5.437500e+04 2.839674e-16 2.233926e+23 
5.458333e+04 2.539420e-16 2.489530e+23 
5.479167e+04 2.279494e-16 2.764223e+23 
5.500000e+04 2.037598e-16 3.082092e+23 
5.520833e+04 1.828280e-16 3.423630e+23 
5.541667e+04 1.633743e-16 3.818593e+23 
5.562500e+04 1.465398e-16 4.243021e+23 
5.583333e+04 1.309116e-16 4.733566e+23 
5.604167e+04 1.173836e-16 5.260910e+23 
5.625000e+04 1.048364e-16 5.870144e+23 
5.645833e+04 9.397145e-17 6.525455e+23 
5.666667e+04 8.390200e-17 7.282336e+23 
5.687500e+04 7.517959e-17 8.097026e+23 
5.708333e+04 6.710098e-17 9.037925e+23 
5.729167e+04 6.010123e-17 1.005148e+24 
5.750000e+04 5.362166e-17 1.122220e+24 
5.770833e+04 4.800647e-17 1.248442e+24 
5.791667e+04 4.281106e-17 1.394280e+24 
5.812500e+04 3.830846e-17 1.551666e+24 
5.833333e+04 3.414429e-17 1.733601e+24 
5.854167e+04 3.053534e-17 1.930155e+24 
5.875000e+04 2.719896e-17 2.157530e+24 
5.895833e+04 2.430735e-17 2.403493e+24 
5.916667e+04 2.163507e-17 2.688310e+24 
5.937500e+04 1.931928e-17 2.996900e+24 
5.958333e+04 1.718007e-17 3.354666e+24 
5.979167e+04 1.532643e-17 3.743043e+24 
6.000000e+04 1.361470e-17 4.194059e+24 
6.020833e+04 1.213057e-17 4.684993e+24 
6.041667e+04 1.076020e-17 5.256563e+24 
6.062500e+04 9.572053e-18 5.880905e+24 
6.083333e+04 8.475503e-18 6.609897e+24 
6.104167e+04 7.525148e-18 7.410174e+24 
6.125000e+04 6.648314e-18 8.348325e+24 
6.145833e+04 5.888586e-18 9.381784e+24 
6.166667e+04 5.190209e-18 1.000000e+25 
6.187500e+04 4.576152e-18 1.000000e+25 
6.208333e+04 3.986097e-18 1.000000e+25 
6.229167e+04 3.474433e-18 1.000000e+25 
6.250000e+04 3.043028e-18 1.000000e+25 
6.270833e+04 2.857572e-18 1.000000e+25 
6.291667e+04 2.776818e-18 1.000000e+25 
6.312500e+04 2.733095e-18 1.000000e+25 
6.333333e+04 2.681696e-18 1.000000e+25 
6.354167e+04 2.615853e-18 1.000000e+25 
6.375000e+04 2.551049e-18 1.000000e+25 
6.395833e+04 2.492396e-18 1.000000e+25 
6.416667e+04 2.433588e-18 1.000000e+25 
6.437500e+04 2.377108e-18 1.000000e+25 
6.458333e+04 2.322327e-18 1.000000e+25 
6.479167e+04 2.270851e-18 1.000000e+25 
6.500000e+04 2.221363e-18 1.000000e+25 
6.520833e+04 2.175115e-18 1.000000e+25 
6.541667e+04 2.130212e-18 1.000000e+25 
6.562500e+04 2.087600e-18 1.000000e+25 
6.583333e+04 2.046202e-18 1.000000e+25 
6.604167e+04 2.006926e-18 1.000000e+25 
6.625000e+04 1.968832e-18 1.000000e+25 
6.645833e+04 1.932714e-18 1.000000e+25 
6.666667e+04 1.897647e-18 1.000000e+25 
6.687500e+04 1.864278e-18 1.000000e+25 
6.708333e+04 1.831817e-18 1.000000e+25 
6.729167e+04 1.800786e-18 1.000000e+25 
6.750000e+04 1.770555e-18 1.000000e+25 
6.770833e+04 1.741543e-18 1.000000e+25 
6.791667e+04 1.713234e-18 1.000000e+25 
6.812500e+04 1.685957e-18 1.000000e+25 
6.833333e+04 1.659289e-18 1.000000e+25 
6.854167e+04 1.633481e-18 1.000000e+25 
6.875000e+04 1.608200e-18 1.000000e+25 
6.895833e+04 1.583634e-18 1.000000e+25 
6.916667e+04 1.559521e-18 1.000000e+25 
6.937500e+04 1.536008e-18 1.000000e+25 
6.958333e+04 1.512887e-18 1.000000e+25 
6.979167e+04 1.490275e-18 1.000000e+25 
7.000000e+04 1.468003e-18 1.000000e+25 
7.020833e+04 1.446176e-18 1.000000e+25 
7.041667e+04 1.424647e-18 1.000000e+25 
7.062500e+04 1.403523e-18 1.000000e+25 
7.083333e+04 1.382664e-18 1.000000e+25 
7.104167e+04 1.362190e-18 1.000000e+25 
7.125000e+04 1.341960e-18 1.000000e+25 
7.145833e+04 1.322115e-18 1.000000e+25 
7.166667e+04 1.302498e-18 1.000000e+25 
7.187500e+04 1.283285e-18 1.000000e+25 
7.208333e+04 1.264293e-18 1.000000e+25 
7.229167e+04 1.245733e-18 1.000000e+25 
7.250000e+04 1.227394e-18 1.000000e+25 
7.270833e+04 1.209527e-18 1.000000e+25 
7.291667e+04 1.191884e-18 1.000000e+25 
7.312500e+04 1.174757e-18 1.000000e+25 
7.333333e+04 1.157861e-18 1.000000e+25 
7.354167e+04 1.141527e-18 1.000000e+25 
7.375000e+04 1.125434e-18 1.000000e+25 
7.395833e+04 1.109948e-18 1.000000e+25 
7.416667e+04 1.094712e-18 1.000000e+25 
7.437500e+04 1.080125e-18 1.000000e+25 
7.458333e+04 1.065799e-18 1.000000e+25 
7.479167e+04 1.052156e-18 1.000000e+25 
7.500000e+04 1.038785e-18 1.000000e+25 
7.520833e+04 1.026128e-18 1.000000e+25 
7.541667e+04 1.013752e-18 1.000000e+25 
7.562500e+04 1.002113e-18 1.000000e+25 
7.583333e+04 9.907637e-19 1.000000e+25 
7.604167e+04 9.801697e-19 1.000000e+25 
7.625000e+04 9.698734e-19 1.000000e+25 
7.645833e+04 9.603450e-19 1.000000e+25 
7.666667e+04 9.511210e-19 1.000000e+25 
7.687500e+04 9.426734e-19 1.000000e+25 
7.708333e+04 9.345359e-19 1.000000e+25 
7.729167e+04 9.271798e-19 1.000000e+25 
7.750000e+04 9.201389e-19 1.000000e+25 
7.770833e+04 9.138816e-19 1.000000e+25 
7.791667e+04 9.079436e-19 1.000000e+25 
7.812500e+04 9.027900e-19 1.000000e+25 
7.833333e+04 8.979589e-19 1.000000e+25 
7.854167e+04 8.939117e-19 1.000000e+25 
7.875000e+04 8.901898e-19 1.000000e+25 
7.895833e+04 8.872509e-19 1.000000e+25 
7.916667e+04 8.846392e-19 1.000000e+25 
7.937500e+04 8.828095e-19 1.000000e+25 
7.958333e+04 8.813084e-19 1.000000e+25 
7.979167e+04 8.805886e-19 1.000000e+25 
8.000000e+04 8.801981e-19 1.000000e+25 
