0.000000e+00 7.691735e-19 1.000000e+25 
6.250000e+02 7.713157e-19 1.000000e+25 
1.250000e+03 7.759507e-19 1.000000e+25 
1.875000e+03 7.848475e-19 1.000000e+25 
2.500000e+03 7.961897e-19 1.000000e+25 
3.125000e+03 8.117386e-19 1.000000e+25 
3.750000e+03 8.296546e-19 1.000000e+25 
4.375000e+03 8.517233e-19 1.000000e+25 
5.000000e+03 8.760779e-19 1.000000e+25 
5.625000e+03 9.045845e-19 1.000000e+25 
6.250000e+03 9.353258e-19 1.000000e+25 
6.875000e+03 9.703277e-19 1.000000e+25 
7.500000e+03 1.007575e-18 1.000000e+25 
8.125000e+03 1.049337e-18 1.000000e+25 
8.750000e+03 1.093434e-18 1.000000e+25 
9.375000e+03 1.142304e-18 1.000000e+25 
1.000000e+04 1.193624e-18 1.000000e+25 
1.062500e+04 1.249685e-18 1.000000e+25 
1.125000e+04 1.308244e-18 1.000000e+25 
1.187500e+04 1.370996e-18 1.000000e+25 
1.250000e+04 1.436215e-18 1.000000e+25 
1.312500e+04 1.505589e-18 1.000000e+25 
1.375000e+04 1.577793e-18 1.000000e+25 
1.437500e+04 1.655489e-18 1.000000e+25 
1.500000e+04 1.736804e-18 1.000000e+25 
1.562500e+04 1.825569e-18 1.000000e+25 
1.625000e+04 1.918716e-18 1.000000e+25 
1.687500e+04 2.020778e-18 1.000000e+25 
1.750000e+04 2.127719e-18 1.000000e+25 
1.812500e+04 2.244112e-18 1.000000e+25 
1.875000e+04 2.365806e-18 1.000000e+25 
1.937500e+04 2.497682e-18 1.000000e+25 
2.000000e+04 2.635844e-18 1.000000e+25 
2.062500e+04 2.788164e-18 1.000000e+25 
2.125000e+04 2.949191e-18 1.000000e+25 
2.187500e+04 3.128750e-18 1.000000e+25 
2.250000e+04 3.317866e-18 1.000000e+25 
2.312500e+04 3.521634e-18 1.000000e+25 
2.375000e+04 3.731693e-18 1.000000e+25 
2.437500e+04 3.962503e-18 1.000000e+25 
2.500000e+04 4.212465e-18 1.000000e+25 
2.562500e+04 4.505080e-18 1.000000e+25 
2.625000e+04 4.812561e-18 1.000000e+25 
2.687500e+04 5.034200e-18 1.000000e+25 
2.750000e+04 5.232503e-18 1.000000e+25 
2.812500e+04 5.597777e-18 1.000000e+25 
2.875000e+04 6.093695e-18 1.000000e+25 
2.937500e+04 5.766443e-18 1.000000e+25 
3.000000e+04 2.477840e-18 1.000000e+25 
3.062500e+04 3.904902e-17 2.235826e+24 
3.125000e+04 1.193202e-17 9.374468e+24 
3.187500e+04 6.294199e-16 1.214386e+23 
3.250000e+04 1.882467e-15 3.971595e+22 
3.312500e+04 6.159500e-15 1.231373e+22 
3.375000e+04 1.232645e-14 6.237858e+21 
3.437500e+04 1.496259e-14 5.204977e+21 
3.500000e+04 1.283173e-14 6.136211e+21 
3.562500e+04 7.689298e-15 1.022002e+22 
3.625000e+04 3.633176e-15 2.158632e+22 
3.687500e+04 1.418965e-15 5.673896e+22 
3.750000e+04 1.784821e-16 4.541126e+23 
3.812500e+04 4.985698e-16 1.561239e+23 
3.875000e+04 8.568240e-16 8.673535e+22 
3.937500e+04 7.494948e-16 1.053839e+23 
4.000000e+04 4.922338e-16 1.703529e+23 
4.062500e+04 7.494948e-16 1.053839e+23 
4.125000e+04 8.568240e-16 8.673535e+22 
4.187500e+04 4.985698e-16 1.561239e+23 
4.250000e+04 1.784821e-16 4.541126e+23 
4.312500e+04 1.418965e-15 5.673896e+22 
4.375000e+04 3.633176e-15 2.158632e+22 
4.437500e+04 7.689298e-15 1.022002e+22 
4.500000e+04 1.283173e-14 6.136211e+21 
4.562500e+04 1.496259e-14 5.204977e+21 
4.625000e+04 1.232645e-14 6.237858e+21 
4.687500e+04 6.159500e-15 1.231373e+22 
4.750000e+04 1.882467e-15 3.971595e+22 
4.812500e+04 6.294199e-16 1.214386e+23 
4.875000e+04 1.193202e-17 9.374468e+24 
4.937500e+04 3.904902e-17 2.235826e+24 
5.000000e+04 2.477840e-18 1.000000e+25 
5.062500e+04 5.766443e-18 1.000000e+25 
5.125000e+04 6.093695e-18 1.000000e+25 
5.187500e+04 5.597777e-18 1.000000e+25 
5.250000e+04 5.232503e-18 1.000000e+25 
5.312500e+04 5.034200e-18 1.000000e+25 
5.375000e+04 4.812561e-18 1.000000e+25 
5.437500e+04 4.505080e-18 1.000000e+25 
5.500000e+04 4.212465e-18 1.000000e+25 
5.562500e+04 3.962503e-18 1.000000e+25 
5.625000e+04 3.731693e-18 1.000000e+25 
5.687500e+04 3.521634e-18 1.000000e+25 
5.750000e+04 3.317866e-18 1.000000e+25 
5.812500e+04 3.128750e-18 1.000000e+25 
5.875000e+04 2.949191e-18 1.000000e+25 
5.937500e+04 2.788164e-18 1.000000e+25 
6.000000e+04 2.635844e-18 1.000000e+25 
6.062500e+04 2.497682e-18 1.000000e+25 
6.125000e+04 2.365806e-18 1.000000e+25 
6.187500e+04 2.244112e-18 1.000000e+25 
6.250000e+04 2.127719e-18 1.000000e+25 
6.312500e+04 2.020778e-18 1.000000e+25 
6.375000e+04 1.918716e-18 1.000000e+25 
6.437500e+04 1.825569e-18 1.000000e+25 
6.500000e+04 1.736804e-18 1.000000e+25 
6.562500e+04 1.655489e-18 1.000000e+25 
6.625000e+04 1.577793e-18 1.000000e+25 
6.687500e+04 1.505589e-18 1.000000e+25 
6.750000e+04 1.436215e-18 1.000000e+25 
6.812500e+04 1.370996e-18 1.000000e+25 
6.875000e+04 1.308244e-18 1.000000e+25 
6.937500e+04 1.249685e-18 1.000000e+25 
7.000000e+04 1.193624e-18 1.000000e+25 
7.062500e+04 1.142304e-18 1.000000e+25 
7.125000e+04 1.093434e-18 1.000000e+25 
7.187500e+04 1.049337e-18 1.000000e+25 
7.250000e+04 1.007575e-18 1.000000e+25 
7.312500e+04 9.703277e-19 1.000000e+25 
7.375000e+04 9.353258e-19 1.000000e+25 
7.437500e+04 9.045845e-19 1.000000e+25 
7.500000e+04 8.760779e-19 1.000000e+25 
7.562500e+04 8.517233e-19 1.000000e+25 
7.625000e+04 8.296546e-19 1.000000e+25 
7.687500e+04 8.117386e-19 1.000000e+25 
7.750000e+04 7.961897e-19 1.000000e+25 
7.812500e+04 7.848475e-19 1.000000e+25 
7.875000e+04 7.759507e-19 1.000000e+25 
7.937500e+04 7.713157e-19 1.000000e+25 
8.000000e+04 7.691735e-19 1.000000e+25 
