0.000000e+00 8.967327e-20 1.000000e+25 
6.250000e+02 8.990708e-20 1.000000e+25 
1.250000e+03 9.041829e-20 1.000000e+25 
1.875000e+03 9.139335e-20 1.000000e+25 
2.500000e+03 9.264004e-20 1.000000e+25 
3.125000e+03 9.434035e-20 1.000000e+25 
3.750000e+03 9.630260e-20 1.000000e+25 
4.375000e+03 9.870464e-20 1.000000e+25 
5.000000e+03 1.013580e-19 1.000000e+25 
5.625000e+03 1.044372e-19 1.000000e+25 
6.250000e+03 1.077592e-19 1.000000e+25 
6.875000e+03 1.114965e-19 1.000000e+25 
7.500000e+03 1.154730e-19 1.000000e+25 
8.125000e+03 1.198596e-19 1.000000e+25 
8.750000e+03 1.244893e-19 1.000000e+25 
9.375000e+03 1.295306e-19 1.000000e+25 
1.000000e+04 1.348282e-19 1.000000e+25 
1.062500e+04 1.405461e-19 1.000000e+25 
1.125000e+04 1.465446e-19 1.000000e+25 
1.187500e+04 1.529778e-19 1.000000e+25 
1.250000e+04 1.597294e-19 1.000000e+25 
1.312500e+04 1.669329e-19 1.000000e+25 
1.375000e+04 1.745075e-19 1.000000e+25 
1.437500e+04 1.825477e-19 1.000000e+25 
1.500000e+04 1.910271e-19 1.000000e+25 
1.562500e+04 1.999748e-19 1.000000e+25 
1.625000e+04 2.094452e-19 1.000000e+25 
1.687500e+04 2.193650e-19 1.000000e+25 
1.750000e+04 2.299046e-19 1.000000e+25 
1.812500e+04 2.408656e-19 1.000000e+25 
1.875000e+04 2.525734e-19 1.000000e+25 
1.937500e+04 2.646018e-19 1.000000e+25 
2.000000e+04 2.774476e-19 1.000000e+25 
2.062500e+04 2.902609e-19 1.000000e+25 
2.125000e+04 3.036018e-19 1.000000e+25 
2.187500e+04 3.172421e-19 1.000000e+25 
2.250000e+04 3.320226e-19 1.000000e+25 
2.312500e+04 3.565837e-19 1.000000e+25 
2.375000e+04 3.900213e-19 1.000000e+25 
2.437500e+04 4.175827e-19 1.000000e+25 
2.500000e+04 4.419259e-19 1.000000e+25 
2.562500e+04 4.564233e-19 1.000000e+25 
2.625000e+04 4.560533e-19 1.000000e+25 
2.687500e+04 4.237127e-19 1.000000e+25 
2.750000e+04 2.787018e-19 1.000000e+25 
2.812500e+04 3.661618e-18 1.696482e+24 
2.875000e+04 1.022659e-17 5.016596e+23 
2.937500e+04 5.974215e-17 9.471921e+22 
3.000000e+04 1.409896e-16 3.556551e+22 
3.062500e+04 8.005475e-16 6.372732e+21 
3.125000e+04 1.876085e-15 2.765099e+21 
3.187500e+04 3.306781e-15 1.612037e+21 
3.250000e+04 4.642824e-15 1.176925e+21 
3.312500e+04 5.793238e-15 9.631078e+20 
3.375000e+04 6.847161e-15 8.302240e+20 
3.437500e+04 7.415766e-15 7.743071e+20 
3.500000e+04 7.754516e-15 7.447805e+20 
3.562500e+04 7.099259e-15 8.043363e+20 
3.625000e+04 6.105462e-15 9.189473e+20 
3.687500e+04 4.511014e-15 1.208485e+21 
3.750000e+04 2.836286e-15 1.862853e+21 
3.812500e+04 1.919066e-15 2.707279e+21 
3.875000e+04 1.399517e-15 3.672670e+21 
3.937500e+04 1.355285e-15 3.789223e+21 
4.000000e+04 1.326718e-15 3.869583e+21 
4.062500e+04 1.355285e-15 3.789223e+21 
4.125000e+04 1.399517e-15 3.672670e+21 
4.187500e+04 1.919066e-15 2.707279e+21 
4.250000e+04 2.836286e-15 1.862853e+21 
4.312500e+04 4.511014e-15 1.208485e+21 
4.375000e+04 6.105462e-15 9.189473e+20 
4.437500e+04 7.099259e-15 8.043363e+20 
4.500000e+04 7.754516e-15 7.447805e+20 
4.562500e+04 7.415766e-15 7.743071e+20 
4.625000e+04 6.847161e-15 8.302240e+20 
4.687500e+04 5.793238e-15 9.631078e+20 
4.750000e+04 4.642824e-15 1.176925e+21 
4.812500e+04 3.306781e-15 1.612037e+21 
4.875000e+04 1.876085e-15 2.765099e+21 
4.937500e+04 8.005475e-16 6.372732e+21 
5.000000e+04 1.409896e-16 3.556551e+22 
5.062500e+04 5.974215e-17 9.471921e+22 
5.125000e+04 1.022659e-17 5.016596e+23 
5.187500e+04 3.661618e-18 1.696482e+24 
5.250000e+04 2.787018e-19 1.000000e+25 
5.312500e+04 4.237127e-19 1.000000e+25 
5.375000e+04 4.560533e-19 1.000000e+25 
5.437500e+04 4.564233e-19 1.000000e+25 
5.500000e+04 4.419259e-19 1.000000e+25 
5.562500e+04 4.175827e-19 1.000000e+25 
5.625000e+04 3.900213e-19 1.000000e+25 
5.687500e+04 3.565837e-19 1.000000e+25 
5.750000e+04 3.320226e-19 1.000000e+25 
5.812500e+04 3.172421e-19 1.000000e+25 
5.875000e+04 3.036018e-19 1.000000e+25 
5.937500e+04 2.902609e-19 1.000000e+25 
6.000000e+04 2.774476e-19 1.000000e+25 
6.062500e+04 2.646018e-19 1.000000e+25 
6.125000e+04 2.525734e-19 1.000000e+25 
6.187500e+04 2.408656e-19 1.000000e+25 
6.250000e+04 2.299046e-19 1.000000e+25 
6.312500e+04 2.193650e-19 1.000000e+25 
6.375000e+04 2.094452e-19 1.000000e+25 
6.437500e+04 1.999748e-19 1.000000e+25 
6.500000e+04 1.910271e-19 1.000000e+25 
6.562500e+04 1.825477e-19 1.000000e+25 
6.625000e+04 1.745075e-19 1.000000e+25 
6.687500e+04 1.669329e-19 1.000000e+25 
6.750000e+04 1.597294e-19 1.000000e+25 
6.812500e+04 1.529778e-19 1.000000e+25 
6.875000e+04 1.465446e-19 1.000000e+25 
6.937500e+04 1.405461e-19 1.000000e+25 
7.000000e+04 1.348282e-19 1.000000e+25 
7.062500e+04 1.295306e-19 1.000000e+25 
7.125000e+04 1.244893e-19 1.000000e+25 
7.187500e+04 1.198596e-19 1.000000e+25 
7.250000e+04 1.154730e-19 1.000000e+25 
7.312500e+04 1.114965e-19 1.000000e+25 
7.375000e+04 1.077592e-19 1.000000e+25 
7.437500e+04 1.044372e-19 1.000000e+25 
7.500000e+04 1.013580e-19 1.000000e+25 
7.562500e+04 9.870464e-20 1.000000e+25 
7.625000e+04 9.630260e-20 1.000000e+25 
7.687500e+04 9.434035e-20 1.000000e+25 
7.750000e+04 9.264004e-20 1.000000e+25 
7.812500e+04 9.139335e-20 1.000000e+25 
7.875000e+04 9.041829e-20 1.000000e+25 
7.937500e+04 8.990708e-20 1.000000e+25 
8.000000e+04 8.967327e-20 1.000000e+25 
