0.000000e+00 1.077944e-19 1.000000e+25 
2.500000e+02 1.078342e-19 1.000000e+25 
5.000000e+02 1.079365e-19 1.000000e+25 
7.500000e+02 1.081185e-19 1.000000e+25 
1.000000e+03 1.083630e-19 1.000000e+25 
1.250000e+03 1.086872e-19 1.000000e+25 
1.500000e+03 1.090740e-19 1.000000e+25 
1.750000e+03 1.095407e-19 1.000000e+25 
2.000000e+03 1.100700e-19 1.000000e+25 
2.250000e+03 1.106796e-19 1.000000e+25 
2.500000e+03 1.113519e-19 1.000000e+25 
2.750000e+03 1.121052e-19 1.000000e+25 
3.000000e+03 1.129215e-19 1.000000e+25 
3.250000e+03 1.138198e-19 1.000000e+25 
3.500000e+03 1.147815e-19 1.000000e+25 
3.750000e+03 1.158271e-19 1.000000e+25 
4.000000e+03 1.169368e-19 1.000000e+25 
4.250000e+03 1.181331e-19 1.000000e+25 
4.500000e+03 1.193945e-19 1.000000e+25 
4.750000e+03 1.207464e-19 1.000000e+25 
5.000000e+03 1.221647e-19 1.000000e+25 
5.250000e+03 1.236788e-19 1.000000e+25 
5.500000e+03 1.252608e-19 1.000000e+25 
5.750000e+03 1.269450e-19 1.000000e+25 
6.000000e+03 1.286991e-19 1.000000e+25 
6.250000e+03 1.305626e-19 1.000000e+25 
6.500000e+03 1.324982e-19 1.000000e+25 
6.750000e+03 1.345507e-19 1.000000e+25 
7.000000e+03 1.366777e-19 1.000000e+25 
7.250000e+03 1.389290e-19 1.000000e+25 
7.500000e+03 1.412570e-19 1.000000e+25 
7.750000e+03 1.437157e-19 1.000000e+25 
8.000000e+03 1.462534e-19 1.000000e+25 
8.250000e+03 1.489298e-19 1.000000e+25 
8.500000e+03 1.516883e-19 1.000000e+25 
8.750000e+03 1.545911e-19 1.000000e+25 
9.000000e+03 1.575775e-19 1.000000e+25 
9.250000e+03 1.607233e-19 1.000000e+25 
9.500000e+03 1.639626e-19 1.000000e+25 
9.750000e+03 1.673638e-19 1.000000e+25 
1.000000e+04 1.708471e-19 1.000000e+25 
1.025000e+04 1.744463e-19 1.000000e+25 
1.050000e+04 1.781126e-19 1.000000e+25 
1.075000e+04 1.821695e-19 1.000000e+25 
1.100000e+04 1.863003e-19 1.000000e+25 
1.125000e+04 1.906388e-19 1.000000e+25 
1.150000e+04 1.946083e-19 1.000000e+25 
1.175000e+04 1.959851e-19 1.000000e+25 
1.200000e+04 2.011445e-19 1.000000e+25 
1.225000e+04 2.219292e-19 1.000000e+25 
1.250000e+04 2.493302e-19 1.000000e+25 
1.275000e+04 2.793894e-19 1.000000e+25 
1.300000e+04 3.108750e-19 1.000000e+25 
1.325000e+04 3.465569e-19 1.000000e+25 
1.350000e+04 3.854976e-19 1.000000e+25 
1.375000e+04 4.304779e-19 1.000000e+25 
1.400000e+04 4.794281e-19 1.000000e+25 
1.425000e+04 5.355816e-19 9.335712e+24 
1.450000e+04 5.964656e-19 8.382724e+24 
1.475000e+04 6.663049e-19 7.504125e+24 
1.500000e+04 7.421094e-19 6.737562e+24 
1.525000e+04 8.293769e-19 6.028670e+24 
1.550000e+04 9.241099e-19 5.410624e+24 
1.575000e+04 1.033321e-18 4.838807e+24 
1.600000e+04 1.151874e-18 4.340765e+24 
1.625000e+04 1.288707e-18 3.879894e+24 
1.650000e+04 1.437312e-18 3.478727e+24 
1.675000e+04 1.609103e-18 3.107353e+24 
1.700000e+04 1.795776e-18 2.784323e+24 
1.725000e+04 2.011901e-18 2.485240e+24 
1.750000e+04 2.246894e-18 2.225306e+24 
1.775000e+04 2.519371e-18 1.984648e+24 
1.800000e+04 2.815844e-18 1.775678e+24 
1.825000e+04 3.160135e-18 1.582234e+24 
1.850000e+04 3.535036e-18 1.414424e+24 
1.875000e+04 3.971060e-18 1.259130e+24 
1.900000e+04 4.446228e-18 1.124560e+24 
1.925000e+04 4.999663e-18 1.000086e+24 
1.950000e+04 5.603270e-18 8.923470e+23 
1.975000e+04 6.307267e-18 7.927537e+23 
2.000000e+04 7.075714e-18 7.066532e+23 
2.025000e+04 7.973176e-18 6.271187e+23 
2.050000e+04 8.953600e-18 5.584452e+23 
2.075000e+04 1.010017e-17 4.950563e+23 
2.100000e+04 1.135374e-17 4.403942e+23 
2.125000e+04 1.282170e-17 3.899778e+23 
2.150000e+04 1.442794e-17 3.465602e+23 
2.175000e+04 1.631140e-17 3.065473e+23 
2.200000e+04 1.837385e-17 2.721362e+23 
2.225000e+04 2.079539e-17 2.404505e+23 
2.250000e+04 2.344902e-17 2.132387e+23 
2.275000e+04 2.656846e-17 1.882052e+23 
2.300000e+04 2.998929e-17 1.667364e+23 
2.325000e+04 3.401491e-17 1.470060e+23 
2.350000e+04 3.843244e-17 1.301086e+23 
2.375000e+04 4.363544e-17 1.145971e+23 
2.400000e+04 4.934854e-17 1.013302e+23 
2.425000e+04 5.608148e-17 8.916703e+22 
2.450000e+04 6.347883e-17 7.877649e+22 
2.475000e+04 7.219935e-17 6.926351e+22 
2.500000e+04 8.178567e-17 6.114545e+22 
2.525000e+04 9.308804e-17 5.372322e+22 
2.550000e+04 1.055189e-16 4.739491e+22 
2.575000e+04 1.201781e-16 4.161540e+22 
2.600000e+04 1.363086e-16 3.669148e+22 
2.625000e+04 1.553473e-16 3.219632e+22 
2.650000e+04 1.763056e-16 2.836985e+22 
2.675000e+04 2.011006e-16 2.487346e+22 
2.700000e+04 2.284050e-16 2.190093e+22 
2.725000e+04 2.608581e-16 1.917772e+22 
2.750000e+04 2.966021e-16 1.686759e+22 
2.775000e+04 3.393863e-16 1.474262e+22 
2.800000e+04 3.865013e-16 1.294656e+22 
2.825000e+04 4.433479e-16 1.128793e+22 
2.850000e+04 5.058923e-16 9.893517e+21 
2.875000e+04 5.818004e-16 8.604078e+21 
2.900000e+04 6.651283e-16 7.527339e+21 
2.925000e+04 7.663259e-16 6.534678e+21 
2.950000e+04 8.769562e-16 5.711534e+21 
2.975000e+04 1.010522e-15 4.957957e+21 
3.000000e+04 1.155655e-15 4.336548e+21 
3.025000e+04 1.328879e-15 3.772581e+21 
3.050000e+04 1.515688e-15 3.308829e+21 
3.075000e+04 1.735300e-15 2.891350e+21 
3.100000e+04 1.970133e-15 2.547899e+21 
3.125000e+04 2.241355e-15 2.240794e+21 
3.150000e+04 2.528699e-15 1.987300e+21 
3.175000e+04 2.853783e-15 1.762059e+21 
3.200000e+04 3.194612e-15 1.575135e+21 
3.225000e+04 3.570370e-15 1.410414e+21 
3.250000e+04 3.959404e-15 1.272816e+21 
3.275000e+04 4.373478e-15 1.153254e+21 
3.300000e+04 4.795259e-15 1.052696e+21 
3.325000e+04 5.221546e-15 9.675706e+20 
3.350000e+04 5.645993e-15 8.955832e+20 
3.375000e+04 6.040624e-15 8.377295e+20 
3.400000e+04 6.419740e-15 7.888471e+20 
3.425000e+04 6.720092e-15 7.540388e+20 
3.450000e+04 6.988395e-15 7.254711e+20 
3.475000e+04 7.118817e-15 7.123657e+20 
3.500000e+04 7.201110e-15 7.043370e+20 
3.525000e+04 7.090324e-15 7.151880e+20 
3.550000e+04 6.921766e-15 7.323594e+20 
3.575000e+04 6.536411e-15 7.749462e+20 
3.600000e+04 6.097841e-15 8.299638e+20 
3.625000e+04 5.483008e-15 9.219073e+20 
3.650000e+04 4.838501e-15 1.043379e+21 
3.675000e+04 4.143447e-15 1.216729e+21 
3.700000e+04 3.453998e-15 1.457598e+21 
3.725000e+04 2.916091e-15 1.724683e+21 
3.750000e+04 2.427821e-15 2.069475e+21 
3.775000e+04 2.176430e-15 2.307375e+21 
3.800000e+04 1.988415e-15 2.524566e+21 
3.825000e+04 1.904022e-15 2.636019e+21 
3.850000e+04 1.844397e-15 2.720910e+21 
3.875000e+04 1.804143e-15 2.781396e+21 
3.900000e+04 1.764319e-15 2.843954e+21 
3.925000e+04 1.740305e-15 2.883058e+21 
3.950000e+04 1.717701e-15 2.920865e+21 
3.975000e+04 1.708288e-15 2.936904e+21 
4.000000e+04 1.703502e-15 2.945127e+21 
4.025000e+04 1.708288e-15 2.936904e+21 
4.050000e+04 1.717701e-15 2.920865e+21 
4.075000e+04 1.740305e-15 2.883058e+21 
4.100000e+04 1.764319e-15 2.843954e+21 
4.125000e+04 1.804143e-15 2.781396e+21 
4.150000e+04 1.844397e-15 2.720910e+21 
4.175000e+04 1.904022e-15 2.636019e+21 
4.200000e+04 1.988415e-15 2.524566e+21 
4.225000e+04 2.176430e-15 2.307375e+21 
4.250000e+04 2.427821e-15 2.069475e+21 
4.275000e+04 2.916091e-15 1.724683e+21 
4.300000e+04 3.453998e-15 1.457598e+21 
4.325000e+04 4.143447e-15 1.216729e+21 
4.350000e+04 4.838501e-15 1.043379e+21 
4.375000e+04 5.483008e-15 9.219073e+20 
4.400000e+04 6.097841e-15 8.299638e+20 
4.425000e+04 6.536411e-15 7.749462e+20 
4.450000e+04 6.921766e-15 7.323594e+20 
4.475000e+04 7.090324e-15 7.151880e+20 
4.500000e+04 7.201110e-15 7.043370e+20 
4.525000e+04 7.118817e-15 7.123657e+20 
4.550000e+04 6.988395e-15 7.254711e+20 
4.575000e+04 6.720092e-15 7.540388e+20 
4.600000e+04 6.419740e-15 7.888471e+20 
4.625000e+04 6.040624e-15 8.377295e+20 
4.650000e+04 5.645993e-15 8.955832e+20 
4.675000e+04 5.221546e-15 9.675706e+20 
4.700000e+04 4.795259e-15 1.052696e+21 
4.725000e+04 4.373478e-15 1.153254e+21 
4.750000e+04 3.959404e-15 1.272816e+21 
4.775000e+04 3.570370e-15 1.410414e+21 
4.800000e+04 3.194612e-15 1.575135e+21 
4.825000e+04 2.853783e-15 1.762059e+21 
4.850000e+04 2.528699e-15 1.987300e+21 
4.875000e+04 2.241355e-15 2.240794e+21 
4.900000e+04 1.970133e-15 2.547899e+21 
4.925000e+04 1.735300e-15 2.891350e+21 
4.950000e+04 1.515688e-15 3.308829e+21 
4.975000e+04 1.328879e-15 3.772581e+21 
5.000000e+04 1.155655e-15 4.336548e+21 
5.025000e+04 1.010522e-15 4.957957e+21 
5.050000e+04 8.769562e-16 5.711534e+21 
5.075000e+04 7.663259e-16 6.534678e+21 
5.100000e+04 6.651283e-16 7.527339e+21 
5.125000e+04 5.818004e-16 8.604078e+21 
5.150000e+04 5.058923e-16 9.893517e+21 
5.175000e+04 4.433479e-16 1.128793e+22 
5.200000e+04 3.865013e-16 1.294656e+22 
5.225000e+04 3.393863e-16 1.474262e+22 
5.250000e+04 2.966021e-16 1.686759e+22 
5.275000e+04 2.608581e-16 1.917772e+22 
5.300000e+04 2.284050e-16 2.190093e+22 
5.325000e+04 2.011006e-16 2.487346e+22 
5.350000e+04 1.763056e-16 2.836985e+22 
5.375000e+04 1.553473e-16 3.219632e+22 
5.400000e+04 1.363086e-16 3.669148e+22 
5.425000e+04 1.201781e-16 4.161540e+22 
5.450000e+04 1.055189e-16 4.739491e+22 
5.475000e+04 9.308804e-17 5.372322e+22 
5.500000e+04 8.178567e-17 6.114545e+22 
5.525000e+04 7.219935e-17 6.926351e+22 
5.550000e+04 6.347883e-17 7.877649e+22 
5.575000e+04 5.608148e-17 8.916703e+22 
5.600000e+04 4.934854e-17 1.013302e+23 
5.625000e+04 4.363544e-17 1.145971e+23 
5.650000e+04 3.843244e-17 1.301086e+23 
5.675000e+04 3.401491e-17 1.470060e+23 
5.700000e+04 2.998929e-17 1.667364e+23 
5.725000e+04 2.656846e-17 1.882052e+23 
5.750000e+04 2.344902e-17 2.132387e+23 
5.775000e+04 2.079539e-17 2.404505e+23 
5.800000e+04 1.837385e-17 2.721362e+23 
5.825000e+04 1.631140e-17 3.065473e+23 
5.850000e+04 1.442794e-17 3.465602e+23 
5.875000e+04 1.282170e-17 3.899778e+23 
5.900000e+04 1.135374e-17 4.403942e+23 
5.925000e+04 1.010017e-17 4.950563e+23 
5.950000e+04 8.953600e-18 5.584452e+23 
5.975000e+04 7.973176e-18 6.271187e+23 
6.000000e+04 7.075714e-18 7.066532e+23 
6.025000e+04 6.307267e-18 7.927537e+23 
6.050000e+04 5.603270e-18 8.923470e+23 
6.075000e+04 4.999663e-18 1.000086e+24 
6.100000e+04 4.446228e-18 1.124560e+24 
6.125000e+04 3.971060e-18 1.259130e+24 
6.150000e+04 3.535036e-18 1.414424e+24 
6.175000e+04 3.160135e-18 1.582234e+24 
6.200000e+04 2.815844e-18 1.775678e+24 
6.225000e+04 2.519371e-18 1.984648e+24 
6.250000e+04 2.246894e-18 2.225306e+24 
6.275000e+04 2.011901e-18 2.485240e+24 
6.300000e+04 1.795776e-18 2.784323e+24 
6.325000e+04 1.609103e-18 3.107353e+24 
6.350000e+04 1.437312e-18 3.478727e+24 
6.375000e+04 1.288707e-18 3.879894e+24 
6.400000e+04 1.151874e-18 4.340765e+24 
6.425000e+04 1.033321e-18 4.838807e+24 
6.450000e+04 9.241099e-19 5.410624e+24 
6.475000e+04 8.293769e-19 6.028670e+24 
6.500000e+04 7.421094e-19 6.737562e+24 
6.525000e+04 6.663049e-19 7.504125e+24 
6.550000e+04 5.964656e-19 8.382724e+24 
6.575000e+04 5.355816e-19 9.335712e+24 
6.600000e+04 4.794281e-19 1.000000e+25 
6.625000e+04 4.304779e-19 1.000000e+25 
6.650000e+04 3.854976e-19 1.000000e+25 
6.675000e+04 3.465569e-19 1.000000e+25 
6.700000e+04 3.108750e-19 1.000000e+25 
6.725000e+04 2.793894e-19 1.000000e+25 
6.750000e+04 2.493302e-19 1.000000e+25 
6.775000e+04 2.219292e-19 1.000000e+25 
6.800000e+04 2.011445e-19 1.000000e+25 
6.825000e+04 1.959851e-19 1.000000e+25 
6.850000e+04 1.946083e-19 1.000000e+25 
6.875000e+04 1.906388e-19 1.000000e+25 
6.900000e+04 1.863003e-19 1.000000e+25 
6.925000e+04 1.821695e-19 1.000000e+25 
6.950000e+04 1.781126e-19 1.000000e+25 
6.975000e+04 1.744463e-19 1.000000e+25 
7.000000e+04 1.708471e-19 1.000000e+25 
7.025000e+04 1.673638e-19 1.000000e+25 
7.050000e+04 1.639626e-19 1.000000e+25 
7.075000e+04 1.607233e-19 1.000000e+25 
7.100000e+04 1.575775e-19 1.000000e+25 
7.125000e+04 1.545911e-19 1.000000e+25 
7.150000e+04 1.516883e-19 1.000000e+25 
7.175000e+04 1.489298e-19 1.000000e+25 
7.200000e+04 1.462534e-19 1.000000e+25 
7.225000e+04 1.437157e-19 1.000000e+25 
7.250000e+04 1.412570e-19 1.000000e+25 
7.275000e+04 1.389290e-19 1.000000e+25 
7.300000e+04 1.366777e-19 1.000000e+25 
7.325000e+04 1.345507e-19 1.000000e+25 
7.350000e+04 1.324982e-19 1.000000e+25 
7.375000e+04 1.305626e-19 1.000000e+25 
7.400000e+04 1.286991e-19 1.000000e+25 
7.425000e+04 1.269450e-19 1.000000e+25 
7.450000e+04 1.252608e-19 1.000000e+25 
7.475000e+04 1.236788e-19 1.000000e+25 
7.500000e+04 1.221647e-19 1.000000e+25 
7.525000e+04 1.207464e-19 1.000000e+25 
7.550000e+04 1.193945e-19 1.000000e+25 
7.575000e+04 1.181331e-19 1.000000e+25 
7.600000e+04 1.169368e-19 1.000000e+25 
7.625000e+04 1.158271e-19 1.000000e+25 
7.650000e+04 1.147815e-19 1.000000e+25 
7.675000e+04 1.138198e-19 1.000000e+25 
7.700000e+04 1.129215e-19 1.000000e+25 
7.725000e+04 1.121052e-19 1.000000e+25 
7.750000e+04 1.113519e-19 1.000000e+25 
7.775000e+04 1.106796e-19 1.000000e+25 
7.800000e+04 1.100700e-19 1.000000e+25 
7.825000e+04 1.095407e-19 1.000000e+25 
7.850000e+04 1.090740e-19 1.000000e+25 
7.875000e+04 1.086872e-19 1.000000e+25 
7.900000e+04 1.083630e-19 1.000000e+25 
7.925000e+04 1.081185e-19 1.000000e+25 
7.950000e+04 1.079365e-19 1.000000e+25 
7.975000e+04 1.078342e-19 1.000000e+25 
8.000000e+04 1.077944e-19 1.000000e+25 
