0.000000e+00 1.607518e-18 1.000000e+25 
2.083333e+02 1.607935e-18 1.000000e+25 
4.166667e+02 1.608816e-18 1.000000e+25 
6.250000e+02 1.610533e-18 1.000000e+25 
8.333333e+02 1.612715e-18 1.000000e+25 
1.041667e+03 1.615739e-18 1.000000e+25 
1.250000e+03 1.619233e-18 1.000000e+25 
1.458333e+03 1.623582e-18 1.000000e+25 
1.666667e+03 1.628409e-18 1.000000e+25 
1.875000e+03 1.634114e-18 1.000000e+25 
2.083333e+03 1.640310e-18 1.000000e+25 
2.291667e+03 1.647417e-18 1.000000e+25 
2.500000e+03 1.655032e-18 1.000000e+25 
2.708333e+03 1.663599e-18 1.000000e+25 
2.916667e+03 1.672694e-18 1.000000e+25 
3.125000e+03 1.682784e-18 1.000000e+25 
3.333333e+03 1.693424e-18 1.000000e+25 
3.541667e+03 1.705106e-18 1.000000e+25 
3.750000e+03 1.717361e-18 1.000000e+25 
3.958333e+03 1.730707e-18 1.000000e+25 
4.166667e+03 1.744651e-18 1.000000e+25 
4.375000e+03 1.759745e-18 1.000000e+25 
4.583333e+03 1.775467e-18 1.000000e+25 
4.791667e+03 1.792399e-18 1.000000e+25 
5.000000e+03 1.809990e-18 1.000000e+25 
5.208333e+03 1.828856e-18 1.000000e+25 
5.416667e+03 1.848413e-18 1.000000e+25 
5.625000e+03 1.869313e-18 1.000000e+25 
5.833333e+03 1.890940e-18 1.000000e+25 
6.041667e+03 1.913982e-18 1.000000e+25 
6.250000e+03 1.937790e-18 1.000000e+25 
6.458333e+03 1.963097e-18 1.000000e+25 
6.666667e+03 1.989208e-18 1.000000e+25 
6.875000e+03 2.016879e-18 1.000000e+25 
7.083333e+03 2.045386e-18 1.000000e+25 
7.291667e+03 2.075554e-18 1.000000e+25 
7.500000e+03 2.106614e-18 1.000000e+25 
7.708333e+03 2.139438e-18 1.000000e+25 
7.916667e+03 2.173205e-18 1.000000e+25 
8.125000e+03 2.208834e-18 1.000000e+25 
8.333333e+03 2.245440e-18 1.000000e+25 
8.541667e+03 2.283832e-18 1.000000e+25 
8.750000e+03 2.323186e-18 1.000000e+25 
8.958333e+03 2.364442e-18 1.000000e+25 
9.166667e+03 2.406726e-18 1.000000e+25 
9.375000e+03 2.451042e-18 1.000000e+25 
9.583333e+03 2.496411e-18 1.000000e+25 
9.791667e+03 2.543921e-18 1.000000e+25 
1.000000e+04 2.592629e-18 1.000000e+25 
1.020833e+04 2.645693e-18 1.000000e+25 
1.041667e+04 2.700885e-18 1.000000e+25 
1.062500e+04 2.757667e-18 1.000000e+25 
1.083333e+04 2.814612e-18 1.000000e+25 
1.104167e+04 2.869612e-18 1.000000e+25 
1.125000e+04 2.926597e-18 1.000000e+25 
1.145833e+04 2.958796e-18 1.000000e+25 
1.166667e+04 2.988898e-18 1.000000e+25 
1.187500e+04 3.036825e-18 1.000000e+25 
1.208333e+04 3.100802e-18 1.000000e+25 
1.229167e+04 3.256139e-18 1.000000e+25 
1.250000e+04 3.507939e-18 1.000000e+25 
1.270833e+04 3.853388e-18 1.000000e+25 
1.291667e+04 4.250524e-18 1.000000e+25 
1.312500e+04 4.710669e-18 1.000000e+25 
1.333333e+04 5.191247e-18 1.000000e+25 
1.354167e+04 5.686507e-18 1.000000e+25 
1.375000e+04 6.219915e-18 9.729443e+24 
1.395833e+04 6.796175e-18 9.019050e+24 
1.416667e+04 7.419052e-18 8.368683e+24 
1.437500e+04 8.104241e-18 7.753583e+24 
1.458333e+04 8.845188e-18 7.190676e+24 
1.479167e+04 9.658140e-18 6.662786e+24 
1.500000e+04 1.053565e-17 6.180547e+24 
1.520833e+04 1.149520e-17 5.727248e+24 
1.541667e+04 1.253028e-17 5.313164e+24 
1.562500e+04 1.365936e-17 4.923449e+24 
1.583333e+04 1.487711e-17 4.567276e+24 
1.604167e+04 1.620598e-17 4.231882e+24 
1.625000e+04 1.764003e-17 3.925078e+24 
1.645833e+04 1.920763e-17 3.635971e+24 
1.666667e+04 2.089998e-17 3.371450e+24 
1.687500e+04 2.275106e-17 3.122187e+24 
1.708333e+04 2.474966e-17 2.894173e+24 
1.729167e+04 2.693615e-17 2.679288e+24 
1.750000e+04 2.929744e-17 2.482753e+24 
1.770833e+04 3.188190e-17 2.297502e+24 
1.791667e+04 3.467381e-17 2.128110e+24 
1.812500e+04 3.773144e-17 1.968437e+24 
1.833333e+04 4.103562e-17 1.822480e+24 
1.854167e+04 4.465686e-17 1.684904e+24 
1.875000e+04 4.857141e-17 1.559199e+24 
1.895833e+04 5.286456e-17 1.440723e+24 
1.916667e+04 5.750697e-17 1.332528e+24 
1.937500e+04 6.260187e-17 1.230564e+24 
1.958333e+04 6.811310e-17 1.137505e+24 
1.979167e+04 7.416596e-17 1.049815e+24 
2.000000e+04 8.071562e-17 9.698383e+23 
2.020833e+04 8.791481e-17 8.944813e+23 
2.041667e+04 9.570750e-17 8.258063e+23 
2.062500e+04 1.042808e-16 7.611023e+23 
2.083333e+04 1.135638e-16 7.021869e+23 
2.104167e+04 1.237872e-16 6.466805e+23 
2.125000e+04 1.348604e-16 5.961894e+23 
2.145833e+04 1.470696e-16 5.486216e+23 
2.166667e+04 1.602975e-16 5.053995e+23 
2.187500e+04 1.749019e-16 4.646825e+23 
2.208333e+04 1.907285e-16 4.277313e+23 
2.229167e+04 2.082286e-16 3.929273e+23 
2.250000e+04 2.271956e-16 3.613865e+23 
2.270833e+04 2.482028e-16 3.316882e+23 
2.291667e+04 2.709707e-16 3.048171e+23 
2.312500e+04 2.962300e-16 2.795309e+23 
2.333333e+04 3.236001e-16 2.566923e+23 
2.354167e+04 3.540120e-16 2.352219e+23 
2.375000e+04 3.869482e-16 2.158671e+23 
2.395833e+04 4.235883e-16 1.976978e+23 
2.416667e+04 4.632340e-16 1.813520e+23 
2.437500e+04 5.073627e-16 1.660369e+23 
2.458333e+04 5.550463e-16 1.522869e+23 
2.479167e+04 6.081043e-16 1.394338e+23 
2.500000e+04 6.653292e-16 1.279164e+23 
2.520833e+04 7.289136e-16 1.171777e+23 
2.541667e+04 7.973267e-16 1.075709e+23 
2.562500e+04 8.731480e-16 9.863607e+22 
2.583333e+04 9.544904e-16 9.065316e+22 
2.604167e+04 1.044314e-15 8.324444e+22 
2.625000e+04 1.140359e-15 7.662993e+22 
2.645833e+04 1.245945e-15 7.050040e+22 
2.666667e+04 1.358433e-15 6.502878e+22 
2.687500e+04 1.481475e-15 5.996193e+22 
2.708333e+04 1.612058e-15 5.543695e+22 
2.729167e+04 1.754133e-15 5.124649e+22 
2.750000e+04 1.904319e-15 4.750062e+22 
2.770833e+04 2.066835e-15 4.402968e+22 
2.791667e+04 2.237925e-15 4.092285e+22 
2.812500e+04 2.422029e-15 3.804224e+22 
2.833333e+04 2.615008e-15 3.545981e+22 
2.854167e+04 2.821425e-15 3.306527e+22 
2.875000e+04 3.036764e-15 3.091523e+22 
2.895833e+04 3.265509e-15 2.892414e+22 
2.916667e+04 3.502826e-15 2.713388e+22 
2.937500e+04 3.752745e-15 2.548158e+22 
2.958333e+04 4.010295e-15 2.399449e+22 
2.979167e+04 4.278443e-15 2.263069e+22 
3.000000e+04 4.552448e-15 2.140295e+22 
3.020833e+04 4.833354e-15 2.028862e+22 
3.041667e+04 5.117263e-15 1.928646e+22 
3.062500e+04 5.402210e-15 1.839144e+22 
3.083333e+04 5.686027e-15 1.758915e+22 
3.104167e+04 5.962515e-15 1.689077e+22 
3.125000e+04 6.232382e-15 1.626967e+22 
3.145833e+04 6.483953e-15 1.575233e+22 
3.166667e+04 6.722163e-15 1.530072e+22 
3.187500e+04 6.928798e-15 1.495638e+22 
3.208333e+04 7.114448e-15 1.467053e+22 
3.229167e+04 7.253742e-15 1.450010e+22 
3.250000e+04 7.364235e-15 1.438621e+22 
3.270833e+04 7.413624e-15 1.440212e+22 
3.291667e+04 7.427270e-15 1.447989e+22 
3.312500e+04 7.367487e-15 1.471025e+22 
3.333333e+04 7.267317e-15 1.501879e+22 
3.354167e+04 7.087007e-15 1.551423e+22 
3.375000e+04 6.865585e-15 1.612180e+22 
3.395833e+04 6.566500e-15 1.696563e+22 
3.416667e+04 6.230979e-15 1.798451e+22 
3.437500e+04 5.832570e-15 1.930513e+22 
3.458333e+04 5.408640e-15 2.090928e+22 
3.479167e+04 4.950356e-15 2.288204e+22 
3.500000e+04 4.483595e-15 2.530385e+22 
3.520833e+04 4.023376e-15 2.808879e+22 
3.541667e+04 3.576438e-15 3.149379e+22 
3.562500e+04 3.183294e-15 3.495063e+22 
3.583333e+04 2.827132e-15 3.892263e+22 
3.604167e+04 2.564815e-15 4.207894e+22 
3.625000e+04 2.356361e-15 4.499280e+22 
3.645833e+04 2.238811e-15 4.672643e+22 
3.666667e+04 2.165221e-15 4.772823e+22 
3.687500e+04 2.126737e-15 4.851000e+22 
3.708333e+04 2.100525e-15 4.905258e+22 
3.729167e+04 2.075691e-15 4.964495e+22 
3.750000e+04 2.047105e-15 5.035208e+22 
3.770833e+04 2.021110e-15 5.097338e+22 
3.791667e+04 1.995654e-15 5.160423e+22 
3.812500e+04 1.972490e-15 5.219695e+22 
3.833333e+04 1.951382e-15 5.275158e+22 
3.854167e+04 1.933181e-15 5.324856e+22 
3.875000e+04 1.916520e-15 5.371571e+22 
3.895833e+04 1.902083e-15 5.412617e+22 
3.916667e+04 1.889089e-15 5.450641e+22 
3.937500e+04 1.880053e-15 5.475547e+22 
3.958333e+04 1.873147e-15 5.495002e+22 
3.979167e+04 1.869113e-15 5.507529e+22 
4.000000e+04 1.867038e-15 5.514892e+22 
4.020833e+04 1.869113e-15 5.507529e+22 
4.041667e+04 1.873147e-15 5.495002e+22 
4.062500e+04 1.880053e-15 5.475547e+22 
4.083333e+04 1.889089e-15 5.450641e+22 
4.104167e+04 1.902083e-15 5.412617e+22 
4.125000e+04 1.916520e-15 5.371571e+22 
4.145833e+04 1.933181e-15 5.324856e+22 
4.166667e+04 1.951382e-15 5.275158e+22 
4.187500e+04 1.972490e-15 5.219695e+22 
4.208333e+04 1.995654e-15 5.160423e+22 
4.229167e+04 2.021110e-15 5.097338e+22 
4.250000e+04 2.047105e-15 5.035208e+22 
4.270833e+04 2.075691e-15 4.964495e+22 
4.291667e+04 2.100525e-15 4.905258e+22 
4.312500e+04 2.126737e-15 4.851000e+22 
4.333333e+04 2.165221e-15 4.772823e+22 
4.354167e+04 2.238811e-15 4.672643e+22 
4.375000e+04 2.356361e-15 4.499280e+22 
4.395833e+04 2.564815e-15 4.207894e+22 
4.416667e+04 2.827132e-15 3.892263e+22 
4.437500e+04 3.183294e-15 3.495063e+22 
4.458333e+04 3.576438e-15 3.149379e+22 
4.479167e+04 4.023376e-15 2.808879e+22 
4.500000e+04 4.483595e-15 2.530385e+22 
4.520833e+04 4.950356e-15 2.288204e+22 
4.541667e+04 5.408640e-15 2.090928e+22 
4.562500e+04 5.832570e-15 1.930513e+22 
4.583333e+04 6.230979e-15 1.798451e+22 
4.604167e+04 6.566500e-15 1.696563e+22 
4.625000e+04 6.865585e-15 1.612180e+22 
4.645833e+04 7.087007e-15 1.551423e+22 
4.666667e+04 7.267317e-15 1.501879e+22 
4.687500e+04 7.367487e-15 1.471025e+22 
4.708333e+04 7.427270e-15 1.447989e+22 
4.729167e+04 7.413624e-15 1.440212e+22 
4.750000e+04 7.364235e-15 1.438621e+22 
4.770833e+04 7.253742e-15 1.450010e+22 
4.791667e+04 7.114448e-15 1.467053e+22 
4.812500e+04 6.928798e-15 1.495638e+22 
4.833333e+04 6.722163e-15 1.530072e+22 
4.854167e+04 6.483953e-15 1.575233e+22 
4.875000e+04 6.232382e-15 1.626967e+22 
4.895833e+04 5.962515e-15 1.689077e+22 
4.916667e+04 5.686027e-15 1.758915e+22 
4.937500e+04 5.402210e-15 1.839144e+22 
4.958333e+04 5.117263e-15 1.928646e+22 
4.979167e+04 4.833354e-15 2.028862e+22 
5.000000e+04 4.552448e-15 2.140295e+22 
5.020833e+04 4.278443e-15 2.263069e+22 
5.041667e+04 4.010295e-15 2.399449e+22 
5.062500e+04 3.752745e-15 2.548158e+22 
5.083333e+04 3.502826e-15 2.713388e+22 
5.104167e+04 3.265509e-15 2.892414e+22 
5.125000e+04 3.036764e-15 3.091523e+22 
5.145833e+04 2.821425e-15 3.306527e+22 
5.166667e+04 2.615008e-15 3.545981e+22 
5.187500e+04 2.422029e-15 3.804224e+22 
5.208333e+04 2.237925e-15 4.092285e+22 
5.229167e+04 2.066835e-15 4.402968e+22 
5.250000e+04 1.904319e-15 4.750062e+22 
5.270833e+04 1.754133e-15 5.124649e+22 
5.291667e+04 1.612058e-15 5.543695e+22 
5.312500e+04 1.481475e-15 5.996193e+22 
5.333333e+04 1.358433e-15 6.502878e+22 
5.354167e+04 1.245945e-15 7.050040e+22 
5.375000e+04 1.140359e-15 7.662993e+22 
5.395833e+04 1.044314e-15 8.324444e+22 
5.416667e+04 9.544904e-16 9.065316e+22 
5.437500e+04 8.731480e-16 9.863607e+22 
5.458333e+04 7.973267e-16 1.075709e+23 
5.479167e+04 7.289136e-16 1.171777e+23 
5.500000e+04 6.653292e-16 1.279164e+23 
5.520833e+04 6.081043e-16 1.394338e+23 
5.541667e+04 5.550463e-16 1.522869e+23 
5.562500e+04 5.073627e-16 1.660369e+23 
5.583333e+04 4.632340e-16 1.813520e+23 
5.604167e+04 4.235883e-16 1.976978e+23 
5.625000e+04 3.869482e-16 2.158671e+23 
5.645833e+04 3.540120e-16 2.352219e+23 
5.666667e+04 3.236001e-16 2.566923e+23 
5.687500e+04 2.962300e-16 2.795309e+23 
5.708333e+04 2.709707e-16 3.048171e+23 
5.729167e+04 2.482028e-16 3.316882e+23 
5.750000e+04 2.271956e-16 3.613865e+23 
5.770833e+04 2.082286e-16 3.929273e+23 
5.791667e+04 1.907285e-16 4.277313e+23 
5.812500e+04 1.749019e-16 4.646825e+23 
5.833333e+04 1.602975e-16 5.053995e+23 
5.854167e+04 1.470696e-16 5.486216e+23 
5.875000e+04 1.348604e-16 5.961894e+23 
5.895833e+04 1.237872e-16 6.466805e+23 
5.916667e+04 1.135638e-16 7.021869e+23 
5.937500e+04 1.042808e-16 7.611023e+23 
5.958333e+04 9.570750e-17 8.258063e+23 
5.979167e+04 8.791481e-17 8.944813e+23 
6.000000e+04 8.071562e-17 9.698383e+23 
6.020833e+04 7.416596e-17 1.049815e+24 
6.041667e+04 6.811310e-17 1.137505e+24 
6.062500e+04 6.260187e-17 1.230564e+24 
6.083333e+04 5.750697e-17 1.332528e+24 
6.104167e+04 5.286456e-17 1.440723e+24 
6.125000e+04 4.857141e-17 1.559199e+24 
6.145833e+04 4.465686e-17 1.684904e+24 
6.166667e+04 4.103562e-17 1.822480e+24 
6.187500e+04 3.773144e-17 1.968437e+24 
6.208333e+04 3.467381e-17 2.128110e+24 
6.229167e+04 3.188190e-17 2.297502e+24 
6.250000e+04 2.929744e-17 2.482753e+24 
6.270833e+04 2.693615e-17 2.679288e+24 
6.291667e+04 2.474966e-17 2.894173e+24 
6.312500e+04 2.275106e-17 3.122187e+24 
6.333333e+04 2.089998e-17 3.371450e+24 
6.354167e+04 1.920763e-17 3.635971e+24 
6.375000e+04 1.764003e-17 3.925078e+24 
6.395833e+04 1.620598e-17 4.231882e+24 
6.416667e+04 1.487711e-17 4.567276e+24 
6.437500e+04 1.365936e-17 4.923449e+24 
6.458333e+04 1.253028e-17 5.313164e+24 
6.479167e+04 1.149520e-17 5.727248e+24 
6.500000e+04 1.053565e-17 6.180547e+24 
6.520833e+04 9.658140e-18 6.662786e+24 
6.541667e+04 8.845188e-18 7.190676e+24 
6.562500e+04 8.104241e-18 7.753583e+24 
6.583333e+04 7.419052e-18 8.368683e+24 
6.604167e+04 6.796175e-18 9.019050e+24 
6.625000e+04 6.219915e-18 9.729443e+24 
6.645833e+04 5.686507e-18 1.000000e+25 
6.666667e+04 5.191247e-18 1.000000e+25 
6.687500e+04 4.710669e-18 1.000000e+25 
6.708333e+04 4.250524e-18 1.000000e+25 
6.729167e+04 3.853388e-18 1.000000e+25 
6.750000e+04 3.507939e-18 1.000000e+25 
6.770833e+04 3.256139e-18 1.000000e+25 
6.791667e+04 3.100802e-18 1.000000e+25 
6.812500e+04 3.036825e-18 1.000000e+25 
6.833333e+04 2.988898e-18 1.000000e+25 
6.854167e+04 2.958796e-18 1.000000e+25 
6.875000e+04 2.926597e-18 1.000000e+25 
6.895833e+04 2.869612e-18 1.000000e+25 
6.916667e+04 2.814612e-18 1.000000e+25 
6.937500e+04 2.757667e-18 1.000000e+25 
6.958333e+04 2.700885e-18 1.000000e+25 
6.979167e+04 2.645693e-18 1.000000e+25 
7.000000e+04 2.592629e-18 1.000000e+25 
7.020833e+04 2.543921e-18 1.000000e+25 
7.041667e+04 2.496411e-18 1.000000e+25 
7.062500e+04 2.451042e-18 1.000000e+25 
7.083333e+04 2.406726e-18 1.000000e+25 
7.104167e+04 2.364442e-18 1.000000e+25 
7.125000e+04 2.323186e-18 1.000000e+25 
7.145833e+04 2.283832e-18 1.000000e+25 
7.166667e+04 2.245440e-18 1.000000e+25 
7.187500e+04 2.208834e-18 1.000000e+25 
7.208333e+04 2.173205e-18 1.000000e+25 
7.229167e+04 2.139438e-18 1.000000e+25 
7.250000e+04 2.106614e-18 1.000000e+25 
7.270833e+04 2.075554e-18 1.000000e+25 
7.291667e+04 2.045386e-18 1.000000e+25 
7.312500e+04 2.016879e-18 1.000000e+25 
7.333333e+04 1.989208e-18 1.000000e+25 
7.354167e+04 1.963097e-18 1.000000e+25 
7.375000e+04 1.937790e-18 1.000000e+25 
7.395833e+04 1.913982e-18 1.000000e+25 
7.416667e+04 1.890940e-18 1.000000e+25 
7.437500e+04 1.869313e-18 1.000000e+25 
7.458333e+04 1.848413e-18 1.000000e+25 
7.479167e+04 1.828856e-18 1.000000e+25 
7.500000e+04 1.809990e-18 1.000000e+25 
7.520833e+04 1.792399e-18 1.000000e+25 
7.541667e+04 1.775467e-18 1.000000e+25 
7.562500e+04 1.759745e-18 1.000000e+25 
7.583333e+04 1.744651e-18 1.000000e+25 
7.604167e+04 1.730707e-18 1.000000e+25 
7.625000e+04 1.717361e-18 1.000000e+25 
7.645833e+04 1.705106e-18 1.000000e+25 
7.666667e+04 1.693424e-18 1.000000e+25 
7.687500e+04 1.682784e-18 1.000000e+25 
7.708333e+04 1.672694e-18 1.000000e+25 
7.729167e+04 1.663599e-18 1.000000e+25 
7.750000e+04 1.655032e-18 1.000000e+25 
7.770833e+04 1.647417e-18 1.000000e+25 
7.791667e+04 1.640310e-18 1.000000e+25 
7.812500e+04 1.634114e-18 1.000000e+25 
7.833333e+04 1.628409e-18 1.000000e+25 
7.854167e+04 1.623582e-18 1.000000e+25 
7.875000e+04 1.619233e-18 1.000000e+25 
7.895833e+04 1.615739e-18 1.000000e+25 
7.916667e+04 1.612715e-18 1.000000e+25 
7.937500e+04 1.610533e-18 1.000000e+25 
7.958333e+04 1.608816e-18 1.000000e+25 
7.979167e+04 1.607935e-18 1.000000e+25 
8.000000e+04 1.607518e-18 1.000000e+25 
