0.000000e+00 1.068792e-18 4.678231e+24 
1.562500e+02 1.072512e-18 4.662010e+24 
3.125000e+02 1.079332e-18 4.632548e+24 
4.687500e+02 1.093555e-18 4.572303e+24 
6.250000e+02 1.110817e-18 4.501246e+24 
7.812500e+02 1.135377e-18 4.403883e+24 
9.375000e+02 1.162871e-18 4.299760e+24 
1.093750e+03 1.197505e-18 4.175409e+24 
1.250000e+03 1.234947e-18 4.048816e+24 
1.406250e+03 1.279343e-18 3.908319e+24 
1.562500e+03 1.326425e-18 3.769592e+24 
1.718750e+03 1.380274e-18 3.622535e+24 
1.875000e+03 1.436712e-18 3.480234e+24 
2.031250e+03 1.499753e-18 3.333950e+24 
2.187500e+03 1.565322e-18 3.194299e+24 
2.343750e+03 1.637370e-18 3.053747e+24 
2.500000e+03 1.711922e-18 2.920765e+24 
2.656250e+03 1.792868e-18 2.788901e+24 
2.812500e+03 1.876324e-18 2.664859e+24 
2.968750e+03 1.966117e-18 2.543159e+24 
3.125000e+03 2.058452e-18 2.429085e+24 
3.281250e+03 2.157084e-18 2.318021e+24 
3.437500e+03 2.258312e-18 2.214121e+24 
3.593750e+03 2.365810e-18 2.113520e+24 
3.750000e+03 2.475977e-18 2.019485e+24 
3.906250e+03 2.592411e-18 1.928788e+24 
4.062500e+03 2.711606e-18 1.844007e+24 
4.218750e+03 2.837102e-18 1.762444e+24 
4.375000e+03 2.965473e-18 1.686155e+24 
4.531250e+03 3.100230e-18 1.612868e+24 
4.687500e+03 3.237998e-18 1.544249e+24 
4.843750e+03 3.382297e-18 1.478371e+24 
5.000000e+03 3.529768e-18 1.416610e+24 
5.156250e+03 3.683980e-18 1.357314e+24 
5.312500e+03 3.841550e-18 1.301645e+24 
5.468750e+03 4.006137e-18 1.248173e+24 
5.625000e+03 4.174290e-18 1.197897e+24 
5.781250e+03 4.349802e-18 1.149566e+24 
5.937500e+03 4.529111e-18 1.104058e+24 
6.093750e+03 4.716182e-18 1.060269e+24 
6.250000e+03 4.907305e-18 1.018979e+24 
6.406250e+03 5.106650e-18 9.792057e+23 
6.562500e+03 5.310327e-18 9.416521e+23 
6.718750e+03 5.522743e-18 9.054382e+23 
6.875000e+03 5.739796e-18 8.712024e+23 
7.031250e+03 5.966159e-18 8.381518e+23 
7.187500e+03 6.197492e-18 8.068699e+23 
7.343750e+03 6.438763e-18 7.766389e+23 
7.500000e+03 6.685365e-18 7.479948e+23 
7.656250e+03 6.942591e-18 7.202850e+23 
7.812500e+03 7.205541e-18 6.940035e+23 
7.968750e+03 7.479863e-18 6.685548e+23 
8.125000e+03 7.760332e-18 6.443958e+23 
8.281250e+03 8.052989e-18 6.209813e+23 
8.437500e+03 8.352256e-18 5.987347e+23 
8.593750e+03 8.664594e-18 5.771553e+23 
8.750000e+03 8.984043e-18 5.566368e+23 
8.906250e+03 9.317524e-18 5.367179e+23 
9.062500e+03 9.658660e-18 5.177650e+23 
9.218750e+03 1.001487e-17 4.993525e+23 
9.375000e+03 1.037933e-17 4.818219e+23 
9.531250e+03 1.076000e-17 4.647796e+23 
9.687500e+03 1.114955e-17 4.485442e+23 
9.843750e+03 1.155654e-17 4.327511e+23 
1.000000e+04 1.197311e-17 4.176981e+23 
1.015625e+04 1.240847e-17 4.030467e+23 
1.031250e+04 1.285415e-17 3.890754e+23 
1.046875e+04 1.332007e-17 3.754696e+23 
1.062500e+04 1.379715e-17 3.624901e+23 
1.078125e+04 1.429603e-17 3.498440e+23 
1.093750e+04 1.480697e-17 3.377755e+23 
1.109375e+04 1.534142e-17 3.260118e+23 
1.125000e+04 1.588890e-17 3.147819e+23 
1.140625e+04 1.646177e-17 3.038311e+23 
1.156250e+04 1.704872e-17 2.933742e+23 
1.171875e+04 1.766308e-17 2.831736e+23 
1.187500e+04 1.829268e-17 2.734307e+23 
1.203125e+04 1.895189e-17 2.639232e+23 
1.218750e+04 1.962761e-17 2.548406e+23 
1.234375e+04 2.033534e-17 2.459749e+23 
1.250000e+04 2.106095e-17 2.375038e+23 
1.265625e+04 2.182119e-17 2.292327e+23 
1.281250e+04 2.260081e-17 2.213288e+23 
1.296875e+04 2.341792e-17 2.136096e+23 
1.312500e+04 2.425604e-17 2.062322e+23 
1.328125e+04 2.513477e-17 1.990257e+23 
1.343750e+04 2.603629e-17 1.921377e+23 
1.359375e+04 2.698184e-17 1.854080e+23 
1.375000e+04 2.795214e-17 1.789754e+23 
1.390625e+04 2.897019e-17 1.726895e+23 
1.406250e+04 3.001513e-17 1.666810e+23 
1.421875e+04 3.111189e-17 1.608087e+23 
1.437500e+04 3.223789e-17 1.551954e+23 
1.453125e+04 3.342017e-17 1.497088e+23 
1.468750e+04 3.463427e-17 1.444643e+23 
1.484375e+04 3.590951e-17 1.393375e+23 
1.500000e+04 3.721940e-17 1.344372e+23 
1.515625e+04 3.859579e-17 1.296465e+23 
1.531250e+04 4.000991e-17 1.250678e+23 
1.546875e+04 4.149640e-17 1.205912e+23 
1.562500e+04 4.302401e-17 1.163130e+23 
1.578125e+04 4.463042e-17 1.121301e+23 
1.593750e+04 4.628168e-17 1.081330e+23 
1.609375e+04 4.801878e-17 1.042249e+23 
1.625000e+04 4.980483e-17 1.004909e+23 
1.640625e+04 5.168445e-17 9.683993e+22 
1.656250e+04 5.361752e-17 9.335216e+22 
1.671875e+04 5.565263e-17 8.994212e+22 
1.687500e+04 5.774614e-17 8.668501e+22 
1.703125e+04 5.995097e-17 8.350066e+22 
1.718750e+04 6.221963e-17 8.045969e+22 
1.734375e+04 6.460980e-17 7.748687e+22 
1.750000e+04 6.706976e-17 7.464849e+22 
1.765625e+04 6.966240e-17 7.187402e+22 
1.781250e+04 7.233138e-17 6.922560e+22 
1.796875e+04 7.514524e-17 6.663715e+22 
1.812500e+04 7.804265e-17 6.416689e+22 
1.828125e+04 8.109832e-17 6.175295e+22 
1.843750e+04 8.424543e-17 5.944981e+22 
1.859375e+04 8.756542e-17 5.719960e+22 
1.875000e+04 9.098552e-17 5.505325e+22 
1.890625e+04 9.459448e-17 5.295668e+22 
1.906250e+04 9.831306e-17 5.095744e+22 
1.921875e+04 1.022379e-16 4.900505e+22 
1.937500e+04 1.062828e-16 4.714382e+22 
1.953125e+04 1.105530e-16 4.532672e+22 
1.968750e+04 1.149547e-16 4.359497e+22 
1.984375e+04 1.196023e-16 4.190481e+22 
2.000000e+04 1.243939e-16 4.029451e+22 
2.015625e+04 1.294538e-16 3.872343e+22 
2.031250e+04 1.346715e-16 3.722702e+22 
2.046875e+04 1.401818e-16 3.576761e+22 
2.062500e+04 1.458649e-16 3.437796e+22 
2.078125e+04 1.518669e-16 3.302324e+22 
2.093750e+04 1.580580e-16 3.173364e+22 
2.109375e+04 1.645965e-16 3.047702e+22 
2.125000e+04 1.713419e-16 2.928113e+22 
2.140625e+04 1.784653e-16 2.811637e+22 
2.156250e+04 1.858151e-16 2.700820e+22 
2.171875e+04 1.935757e-16 2.592943e+22 
2.187500e+04 2.015840e-16 2.490331e+22 
2.203125e+04 2.100381e-16 2.390497e+22 
2.218750e+04 2.187630e-16 2.295555e+22 
2.234375e+04 2.279713e-16 2.203237e+22 
2.250000e+04 2.374755e-16 2.115459e+22 
2.265625e+04 2.475028e-16 2.030159e+22 
2.281250e+04 2.578535e-16 1.949066e+22 
2.296875e+04 2.687694e-16 1.870312e+22 
2.312500e+04 2.800385e-16 1.795451e+22 
2.328125e+04 2.919174e-16 1.722796e+22 
2.343750e+04 3.041817e-16 1.653738e+22 
2.359375e+04 3.171030e-16 1.586759e+22 
2.375000e+04 3.304447e-16 1.523097e+22 
2.390625e+04 3.444931e-16 1.461393e+22 
2.406250e+04 3.590001e-16 1.402743e+22 
2.421875e+04 3.742664e-16 1.345933e+22 
2.437500e+04 3.900326e-16 1.291931e+22 
2.453125e+04 4.066145e-16 1.239654e+22 
2.468750e+04 4.237411e-16 1.189954e+22 
2.484375e+04 4.417442e-16 1.141866e+22 
2.500000e+04 4.603408e-16 1.096141e+22 
2.515625e+04 4.798805e-16 1.051916e+22 
2.531250e+04 5.000671e-16 1.009856e+22 
2.546875e+04 5.212716e-16 9.691833e+21 
2.562500e+04 5.431814e-16 9.304934e+21 
2.578125e+04 5.661950e-16 8.930791e+21 
2.593750e+04 5.899785e-16 8.574800e+21 
2.609375e+04 6.149669e-16 8.230438e+21 
2.625000e+04 6.407964e-16 7.902711e+21 
2.640625e+04 6.679529e-16 7.585482e+21 
2.656250e+04 6.960299e-16 7.283526e+21 
2.671875e+04 7.255833e-16 6.990938e+21 
2.687500e+04 7.561459e-16 6.712413e+21 
2.703125e+04 7.883692e-16 6.442142e+21 
2.718750e+04 8.217012e-16 6.184875e+21 
2.734375e+04 8.569210e-16 5.934785e+21 
2.750000e+04 8.933608e-16 5.696786e+21 
2.765625e+04 9.319653e-16 5.464952e+21 
2.781250e+04 9.719138e-16 5.244437e+21 
2.796875e+04 1.014358e-15 5.029174e+21 
2.812500e+04 1.058283e-15 4.824586e+21 
2.828125e+04 1.105090e-15 4.624472e+21 
2.843750e+04 1.153524e-15 4.434500e+21 
2.859375e+04 1.205274e-15 4.248391e+21 
2.875000e+04 1.258805e-15 4.071981e+21 
2.890625e+04 1.316120e-15 3.899006e+21 
2.906250e+04 1.375369e-15 3.735350e+21 
2.921875e+04 1.438880e-15 3.574889e+21 
2.937500e+04 1.504469e-15 3.423397e+21 
2.953125e+04 1.574774e-15 3.275026e+21 
2.968750e+04 1.647280e-15 3.135275e+21 
2.984375e+04 1.724892e-15 2.998703e+21 
3.000000e+04 1.804795e-15 2.870370e+21 
3.015625e+04 1.890083e-15 2.745359e+21 
3.031250e+04 1.977705e-15 2.628156e+21 
3.046875e+04 2.070842e-15 2.514452e+21 
3.062500e+04 2.166293e-15 2.408066e+21 
3.078125e+04 2.267196e-15 2.305344e+21 
3.093750e+04 2.370323e-15 2.209395e+21 
3.109375e+04 2.478614e-15 2.117235e+21 
3.125000e+04 2.588958e-15 2.031258e+21 
3.140625e+04 2.703934e-15 1.949138e+21 
3.156250e+04 2.820703e-15 1.872589e+21 
3.171875e+04 2.941310e-15 1.799905e+21 
3.187500e+04 3.063362e-15 1.732176e+21 
3.203125e+04 3.188187e-15 1.668273e+21 
3.218750e+04 3.314022e-15 1.608725e+21 
3.234375e+04 3.441292e-15 1.552927e+21 
3.250000e+04 3.569050e-15 1.500918e+21 
3.265625e+04 3.696627e-15 1.452570e+21 
3.281250e+04 3.824091e-15 1.407486e+21 
3.296875e+04 3.949473e-15 1.365978e+21 
3.312500e+04 4.074067e-15 1.327262e+21 
3.328125e+04 4.194378e-15 1.292059e+21 
3.343750e+04 4.313161e-15 1.259230e+21 
3.359375e+04 4.425138e-15 1.229896e+21 
3.375000e+04 4.534792e-15 1.202574e+21 
3.390625e+04 4.634770e-15 1.178790e+21 
3.406250e+04 4.731583e-15 1.156717e+21 
3.421875e+04 4.815481e-15 1.138307e+21 
3.437500e+04 4.895341e-15 1.121368e+21 
3.453125e+04 4.958675e-15 1.108323e+21 
3.468750e+04 5.017088e-15 1.096583e+21 
3.484375e+04 5.055038e-15 1.089102e+21 
3.500000e+04 5.087203e-15 1.082848e+21 
3.515625e+04 5.094779e-15 1.081386e+21 
3.531250e+04 5.095770e-15 1.081195e+21 
3.546875e+04 5.068122e-15 1.086548e+21 
3.562500e+04 5.033222e-15 1.093389e+21 
3.578125e+04 4.966161e-15 1.106803e+21 
3.593750e+04 4.891417e-15 1.122188e+21 
3.609375e+04 4.782204e-15 1.145532e+21 
3.625000e+04 4.665245e-15 1.171744e+21 
3.640625e+04 4.513692e-15 1.207729e+21 
3.656250e+04 4.354878e-15 1.248126e+21 
3.671875e+04 4.164790e-15 1.300528e+21 
3.687500e+04 3.968723e-15 1.359838e+21 
3.703125e+04 3.749676e-15 1.433434e+21 
3.718750e+04 3.527086e-15 1.517586e+21 
3.734375e+04 3.296363e-15 1.616808e+21 
3.750000e+04 3.066201e-15 1.730665e+21 
3.765625e+04 2.849896e-15 1.854432e+21 
3.781250e+04 2.640313e-15 1.993695e+21 
3.796875e+04 2.469977e-15 2.124291e+21 
3.812500e+04 2.313363e-15 2.261335e+21 
3.828125e+04 2.211172e-15 2.361223e+21 
3.843750e+04 2.125582e-15 2.452275e+21 
3.859375e+04 2.084623e-15 2.498491e+21 
3.875000e+04 2.055339e-15 2.532664e+21 
3.890625e+04 2.046645e-15 2.542997e+21 
3.906250e+04 2.042081e-15 2.548457e+21 
3.921875e+04 2.042366e-15 2.548115e+21 
3.937500e+04 2.042758e-15 2.547646e+21 
3.953125e+04 2.043891e-15 2.546289e+21 
3.968750e+04 2.044314e-15 2.545783e+21 
3.984375e+04 2.044620e-15 2.545417e+21 
4.000000e+04 2.045064e-15 2.544885e+21 
4.015625e+04 2.044620e-15 2.545417e+21 
4.031250e+04 2.044314e-15 2.545783e+21 
4.046875e+04 2.043891e-15 2.546289e+21 
4.062500e+04 2.042758e-15 2.547646e+21 
4.078125e+04 2.042366e-15 2.548115e+21 
4.093750e+04 2.042081e-15 2.548457e+21 
4.109375e+04 2.046645e-15 2.542997e+21 
4.125000e+04 2.055339e-15 2.532664e+21 
4.140625e+04 2.084623e-15 2.498491e+21 
4.156250e+04 2.125582e-15 2.452275e+21 
4.171875e+04 2.211172e-15 2.361223e+21 
4.187500e+04 2.313363e-15 2.261335e+21 
4.203125e+04 2.469977e-15 2.124291e+21 
4.218750e+04 2.640313e-15 1.993695e+21 
4.234375e+04 2.849896e-15 1.854432e+21 
4.250000e+04 3.066201e-15 1.730665e+21 
4.265625e+04 3.296363e-15 1.616808e+21 
4.281250e+04 3.527086e-15 1.517586e+21 
4.296875e+04 3.749676e-15 1.433434e+21 
4.312500e+04 3.968723e-15 1.359838e+21 
4.328125e+04 4.164790e-15 1.300528e+21 
4.343750e+04 4.354878e-15 1.248126e+21 
4.359375e+04 4.513692e-15 1.207729e+21 
4.375000e+04 4.665245e-15 1.171744e+21 
4.390625e+04 4.782204e-15 1.145532e+21 
4.406250e+04 4.891417e-15 1.122188e+21 
4.421875e+04 4.966161e-15 1.106803e+21 
4.437500e+04 5.033222e-15 1.093389e+21 
4.453125e+04 5.068122e-15 1.086548e+21 
4.468750e+04 5.095770e-15 1.081195e+21 
4.484375e+04 5.094779e-15 1.081386e+21 
4.500000e+04 5.087203e-15 1.082848e+21 
4.515625e+04 5.055038e-15 1.089102e+21 
4.531250e+04 5.017088e-15 1.096583e+21 
4.546875e+04 4.958675e-15 1.108323e+21 
4.562500e+04 4.895341e-15 1.121368e+21 
4.578125e+04 4.815481e-15 1.138307e+21 
4.593750e+04 4.731583e-15 1.156717e+21 
4.609375e+04 4.634770e-15 1.178790e+21 
4.625000e+04 4.534792e-15 1.202574e+21 
4.640625e+04 4.425138e-15 1.229896e+21 
4.656250e+04 4.313161e-15 1.259230e+21 
4.671875e+04 4.194378e-15 1.292059e+21 
4.687500e+04 4.074067e-15 1.327262e+21 
4.703125e+04 3.949473e-15 1.365978e+21 
4.718750e+04 3.824091e-15 1.407486e+21 
4.734375e+04 3.696627e-15 1.452570e+21 
4.750000e+04 3.569050e-15 1.500918e+21 
4.765625e+04 3.441292e-15 1.552927e+21 
4.781250e+04 3.314022e-15 1.608725e+21 
4.796875e+04 3.188187e-15 1.668273e+21 
4.812500e+04 3.063362e-15 1.732176e+21 
4.828125e+04 2.941310e-15 1.799905e+21 
4.843750e+04 2.820703e-15 1.872589e+21 
4.859375e+04 2.703934e-15 1.949138e+21 
4.875000e+04 2.588958e-15 2.031258e+21 
4.890625e+04 2.478614e-15 2.117235e+21 
4.906250e+04 2.370323e-15 2.209395e+21 
4.921875e+04 2.267196e-15 2.305344e+21 
4.937500e+04 2.166293e-15 2.408066e+21 
4.953125e+04 2.070842e-15 2.514452e+21 
4.968750e+04 1.977705e-15 2.628156e+21 
4.984375e+04 1.890083e-15 2.745359e+21 
5.000000e+04 1.804795e-15 2.870370e+21 
5.015625e+04 1.724892e-15 2.998703e+21 
5.031250e+04 1.647280e-15 3.135275e+21 
5.046875e+04 1.574774e-15 3.275026e+21 
5.062500e+04 1.504469e-15 3.423397e+21 
5.078125e+04 1.438880e-15 3.574889e+21 
5.093750e+04 1.375369e-15 3.735350e+21 
5.109375e+04 1.316120e-15 3.899006e+21 
5.125000e+04 1.258805e-15 4.071981e+21 
5.140625e+04 1.205274e-15 4.248391e+21 
5.156250e+04 1.153524e-15 4.434500e+21 
5.171875e+04 1.105090e-15 4.624472e+21 
5.187500e+04 1.058283e-15 4.824586e+21 
5.203125e+04 1.014358e-15 5.029174e+21 
5.218750e+04 9.719138e-16 5.244437e+21 
5.234375e+04 9.319653e-16 5.464952e+21 
5.250000e+04 8.933608e-16 5.696786e+21 
5.265625e+04 8.569210e-16 5.934785e+21 
5.281250e+04 8.217012e-16 6.184875e+21 
5.296875e+04 7.883692e-16 6.442142e+21 
5.312500e+04 7.561459e-16 6.712413e+21 
5.328125e+04 7.255833e-16 6.990938e+21 
5.343750e+04 6.960299e-16 7.283526e+21 
5.359375e+04 6.679529e-16 7.585482e+21 
5.375000e+04 6.407964e-16 7.902711e+21 
5.390625e+04 6.149669e-16 8.230438e+21 
5.406250e+04 5.899785e-16 8.574800e+21 
5.421875e+04 5.661950e-16 8.930791e+21 
5.437500e+04 5.431814e-16 9.304934e+21 
5.453125e+04 5.212716e-16 9.691833e+21 
5.468750e+04 5.000671e-16 1.009856e+22 
5.484375e+04 4.798805e-16 1.051916e+22 
5.500000e+04 4.603408e-16 1.096141e+22 
5.515625e+04 4.417442e-16 1.141866e+22 
5.531250e+04 4.237411e-16 1.189954e+22 
5.546875e+04 4.066145e-16 1.239654e+22 
5.562500e+04 3.900326e-16 1.291931e+22 
5.578125e+04 3.742664e-16 1.345933e+22 
5.593750e+04 3.590001e-16 1.402743e+22 
5.609375e+04 3.444931e-16 1.461393e+22 
5.625000e+04 3.304447e-16 1.523097e+22 
5.640625e+04 3.171030e-16 1.586759e+22 
5.656250e+04 3.041817e-16 1.653738e+22 
5.671875e+04 2.919174e-16 1.722796e+22 
5.687500e+04 2.800385e-16 1.795451e+22 
5.703125e+04 2.687694e-16 1.870312e+22 
5.718750e+04 2.578535e-16 1.949066e+22 
5.734375e+04 2.475028e-16 2.030159e+22 
5.750000e+04 2.374755e-16 2.115459e+22 
5.765625e+04 2.279713e-16 2.203237e+22 
5.781250e+04 2.187630e-16 2.295555e+22 
5.796875e+04 2.100381e-16 2.390497e+22 
5.812500e+04 2.015840e-16 2.490331e+22 
5.828125e+04 1.935757e-16 2.592943e+22 
5.843750e+04 1.858151e-16 2.700820e+22 
5.859375e+04 1.784653e-16 2.811637e+22 
5.875000e+04 1.713419e-16 2.928113e+22 
5.890625e+04 1.645965e-16 3.047702e+22 
5.906250e+04 1.580580e-16 3.173364e+22 
5.921875e+04 1.518669e-16 3.302324e+22 
5.937500e+04 1.458649e-16 3.437796e+22 
5.953125e+04 1.401818e-16 3.576761e+22 
5.968750e+04 1.346715e-16 3.722702e+22 
5.984375e+04 1.294538e-16 3.872343e+22 
6.000000e+04 1.243939e-16 4.029451e+22 
6.015625e+04 1.196023e-16 4.190481e+22 
6.031250e+04 1.149547e-16 4.359497e+22 
6.046875e+04 1.105530e-16 4.532672e+22 
6.062500e+04 1.062828e-16 4.714382e+22 
6.078125e+04 1.022379e-16 4.900505e+22 
6.093750e+04 9.831306e-17 5.095744e+22 
6.109375e+04 9.459448e-17 5.295668e+22 
6.125000e+04 9.098552e-17 5.505325e+22 
6.140625e+04 8.756542e-17 5.719960e+22 
6.156250e+04 8.424543e-17 5.944981e+22 
6.171875e+04 8.109832e-17 6.175295e+22 
6.187500e+04 7.804265e-17 6.416689e+22 
6.203125e+04 7.514524e-17 6.663715e+22 
6.218750e+04 7.233138e-17 6.922560e+22 
6.234375e+04 6.966240e-17 7.187402e+22 
6.250000e+04 6.706976e-17 7.464849e+22 
6.265625e+04 6.460980e-17 7.748687e+22 
6.281250e+04 6.221963e-17 8.045969e+22 
6.296875e+04 5.995097e-17 8.350066e+22 
6.312500e+04 5.774614e-17 8.668501e+22 
6.328125e+04 5.565263e-17 8.994212e+22 
6.343750e+04 5.361752e-17 9.335216e+22 
6.359375e+04 5.168445e-17 9.683993e+22 
6.375000e+04 4.980483e-17 1.004909e+23 
6.390625e+04 4.801878e-17 1.042249e+23 
6.406250e+04 4.628168e-17 1.081330e+23 
6.421875e+04 4.463042e-17 1.121301e+23 
6.437500e+04 4.302401e-17 1.163130e+23 
6.453125e+04 4.149640e-17 1.205912e+23 
6.468750e+04 4.000991e-17 1.250678e+23 
6.484375e+04 3.859579e-17 1.296465e+23 
6.500000e+04 3.721940e-17 1.344372e+23 
6.515625e+04 3.590951e-17 1.393375e+23 
6.531250e+04 3.463427e-17 1.444643e+23 
6.546875e+04 3.342017e-17 1.497088e+23 
6.562500e+04 3.223789e-17 1.551954e+23 
6.578125e+04 3.111189e-17 1.608087e+23 
6.593750e+04 3.001513e-17 1.666810e+23 
6.609375e+04 2.897019e-17 1.726895e+23 
6.625000e+04 2.795214e-17 1.789754e+23 
6.640625e+04 2.698184e-17 1.854080e+23 
6.656250e+04 2.603629e-17 1.921377e+23 
6.671875e+04 2.513477e-17 1.990257e+23 
6.687500e+04 2.425604e-17 2.062322e+23 
6.703125e+04 2.341792e-17 2.136096e+23 
6.718750e+04 2.260081e-17 2.213288e+23 
6.734375e+04 2.182119e-17 2.292327e+23 
6.750000e+04 2.106095e-17 2.375038e+23 
6.765625e+04 2.033534e-17 2.459749e+23 
6.781250e+04 1.962761e-17 2.548406e+23 
6.796875e+04 1.895189e-17 2.639232e+23 
6.812500e+04 1.829268e-17 2.734307e+23 
6.828125e+04 1.766308e-17 2.831736e+23 
6.843750e+04 1.704872e-17 2.933742e+23 
6.859375e+04 1.646177e-17 3.038311e+23 
6.875000e+04 1.588890e-17 3.147819e+23 
6.890625e+04 1.534142e-17 3.260118e+23 
6.906250e+04 1.480697e-17 3.377755e+23 
6.921875e+04 1.429603e-17 3.498440e+23 
6.937500e+04 1.379715e-17 3.624901e+23 
6.953125e+04 1.332007e-17 3.754696e+23 
6.968750e+04 1.285415e-17 3.890754e+23 
6.984375e+04 1.240847e-17 4.030467e+23 
7.000000e+04 1.197311e-17 4.176981e+23 
7.015625e+04 1.155654e-17 4.327511e+23 
7.031250e+04 1.114955e-17 4.485442e+23 
7.046875e+04 1.076000e-17 4.647796e+23 
7.062500e+04 1.037933e-17 4.818219e+23 
7.078125e+04 1.001487e-17 4.993525e+23 
7.093750e+04 9.658660e-18 5.177650e+23 
7.109375e+04 9.317524e-18 5.367179e+23 
7.125000e+04 8.984043e-18 5.566368e+23 
7.140625e+04 8.664594e-18 5.771553e+23 
7.156250e+04 8.352256e-18 5.987347e+23 
7.171875e+04 8.052989e-18 6.209813e+23 
7.187500e+04 7.760332e-18 6.443958e+23 
7.203125e+04 7.479863e-18 6.685548e+23 
7.218750e+04 7.205541e-18 6.940035e+23 
7.234375e+04 6.942591e-18 7.202850e+23 
7.250000e+04 6.685365e-18 7.479948e+23 
7.265625e+04 6.438763e-18 7.766389e+23 
7.281250e+04 6.197492e-18 8.068699e+23 
7.296875e+04 5.966159e-18 8.381518e+23 
7.312500e+04 5.739796e-18 8.712024e+23 
7.328125e+04 5.522743e-18 9.054382e+23 
7.343750e+04 5.310327e-18 9.416521e+23 
7.359375e+04 5.106650e-18 9.792057e+23 
7.375000e+04 4.907305e-18 1.018979e+24 
7.390625e+04 4.716182e-18 1.060269e+24 
7.406250e+04 4.529111e-18 1.104058e+24 
7.421875e+04 4.349802e-18 1.149566e+24 
7.437500e+04 4.174290e-18 1.197897e+24 
7.453125e+04 4.006137e-18 1.248173e+24 
7.468750e+04 3.841550e-18 1.301645e+24 
7.484375e+04 3.683980e-18 1.357314e+24 
7.500000e+04 3.529768e-18 1.416610e+24 
7.515625e+04 3.382297e-18 1.478371e+24 
7.531250e+04 3.237998e-18 1.544249e+24 
7.546875e+04 3.100230e-18 1.612868e+24 
7.562500e+04 2.965473e-18 1.686155e+24 
7.578125e+04 2.837102e-18 1.762444e+24 
7.593750e+04 2.711606e-18 1.844007e+24 
7.609375e+04 2.592411e-18 1.928788e+24 
7.625000e+04 2.475977e-18 2.019485e+24 
7.640625e+04 2.365810e-18 2.113520e+24 
7.656250e+04 2.258312e-18 2.214121e+24 
7.671875e+04 2.157084e-18 2.318021e+24 
7.687500e+04 2.058452e-18 2.429085e+24 
7.703125e+04 1.966117e-18 2.543159e+24 
7.718750e+04 1.876324e-18 2.664859e+24 
7.734375e+04 1.792868e-18 2.788901e+24 
7.750000e+04 1.711922e-18 2.920765e+24 
7.765625e+04 1.637370e-18 3.053747e+24 
7.781250e+04 1.565322e-18 3.194299e+24 
7.796875e+04 1.499753e-18 3.333950e+24 
7.812500e+04 1.436712e-18 3.480234e+24 
7.828125e+04 1.380274e-18 3.622535e+24 
7.843750e+04 1.326425e-18 3.769592e+24 
7.859375e+04 1.279343e-18 3.908319e+24 
7.875000e+04 1.234947e-18 4.048816e+24 
7.890625e+04 1.197505e-18 4.175409e+24 
7.906250e+04 1.162871e-18 4.299760e+24 
7.921875e+04 1.135377e-18 4.403883e+24 
7.937500e+04 1.110817e-18 4.501246e+24 
7.953125e+04 1.093555e-18 4.572303e+24 
7.968750e+04 1.079332e-18 4.632548e+24 
7.984375e+04 1.072512e-18 4.662010e+24 
8.000000e+04 1.068792e-18 4.678231e+24 
