0.000000e+00 1.603725e-18 1.000000e+25 
4.166667e+02 1.605339e-18 1.000000e+25 
8.333333e+02 1.608772e-18 1.000000e+25 
1.250000e+03 1.615558e-18 1.000000e+25 
1.666667e+03 1.624265e-18 1.000000e+25 
2.083333e+03 1.636569e-18 1.000000e+25 
2.500000e+03 1.650888e-18 1.000000e+25 
2.916667e+03 1.668908e-18 1.000000e+25 
3.333333e+03 1.689029e-18 1.000000e+25 
3.750000e+03 1.713193e-18 1.000000e+25 
4.166667e+03 1.739713e-18 1.000000e+25 
4.583333e+03 1.771054e-18 1.000000e+25 
5.000000e+03 1.805089e-18 1.000000e+25 
5.416667e+03 1.844311e-18 1.000000e+25 
5.833333e+03 1.886339e-18 1.000000e+25 
6.250000e+03 1.933786e-18 1.000000e+25 
6.666667e+03 1.984286e-18 1.000000e+25 
7.083333e+03 2.040642e-18 1.000000e+25 
7.500000e+03 2.100498e-18 1.000000e+25 
7.916667e+03 2.170180e-18 1.000000e+25 
8.333333e+03 2.244754e-18 1.000000e+25 
8.750000e+03 2.325199e-18 1.000000e+25 
9.166667e+03 2.410082e-18 1.000000e+25 
9.583333e+03 2.495799e-18 1.000000e+25 
1.000000e+04 2.584421e-18 1.000000e+25 
1.041667e+04 2.665470e-18 1.000000e+25 
1.083333e+04 2.710082e-18 1.000000e+25 
1.125000e+04 2.773326e-18 1.000000e+25 
1.166667e+04 2.864349e-18 1.000000e+25 
1.208333e+04 3.034636e-18 1.000000e+25 
1.250000e+04 3.392646e-18 1.000000e+25 
1.291667e+04 4.066616e-18 1.000000e+25 
1.333333e+04 4.916388e-18 1.000000e+25 
1.375000e+04 5.988345e-18 1.000000e+25 
1.416667e+04 7.266917e-18 8.576545e+24 
1.458333e+04 8.689636e-18 7.358799e+24 
1.500000e+04 1.033503e-17 6.349453e+24 
1.541667e+04 1.225539e-17 5.457479e+24 
1.583333e+04 1.448907e-17 4.708429e+24 
1.625000e+04 1.716948e-17 4.037919e+24 
1.666667e+04 2.029342e-17 3.475547e+24 
1.708333e+04 2.405541e-17 2.975942e+24 
1.750000e+04 2.843671e-17 2.558457e+24 
1.791667e+04 3.369626e-17 2.187948e+24 
1.833333e+04 3.982773e-17 1.878594e+24 
1.875000e+04 4.718226e-17 1.603973e+24 
1.916667e+04 5.576641e-17 1.374908e+24 
1.958333e+04 6.608428e-17 1.171434e+24 
2.000000e+04 7.815286e-17 1.001902e+24 
2.041667e+04 9.272820e-17 8.512822e+23 
2.083333e+04 1.098036e-16 7.261711e+23 
2.125000e+04 1.305123e-16 6.150421e+23 
2.166667e+04 1.548071e-16 5.231061e+23 
2.208333e+04 1.844393e-16 4.414187e+23 
2.250000e+04 2.192329e-16 3.742100e+23 
2.291667e+04 2.619593e-16 3.145194e+23 
2.333333e+04 3.121259e-16 2.657472e+23 
2.375000e+04 3.741833e-16 2.225488e+23 
2.416667e+04 4.469175e-16 1.875371e+23 
2.458333e+04 5.372546e-16 1.567474e+23 
2.500000e+04 6.426435e-16 1.319928e+23 
2.541667e+04 7.730544e-16 1.104699e+23 
2.583333e+04 9.239119e-16 9.326967e+22 
2.625000e+04 1.108161e-15 7.848465e+22 
2.666667e+04 1.318689e-15 6.669639e+22 
2.708333e+04 1.570863e-15 5.662180e+22 
2.750000e+04 1.854715e-15 4.857492e+22 
2.791667e+04 2.187593e-15 4.168792e+22 
2.833333e+04 2.556158e-15 3.616044e+22 
2.875000e+04 2.978987e-15 3.141597e+22 
2.916667e+04 3.438445e-15 2.758522e+22 
2.958333e+04 3.950382e-15 2.432051e+22 
3.000000e+04 4.492797e-15 2.167227e+22 
3.041667e+04 5.067738e-15 1.948238e+22 
3.083333e+04 5.652849e-15 1.770900e+22 
3.125000e+04 6.218182e-15 1.634790e+22 
3.166667e+04 6.752563e-15 1.527410e+22 
3.208333e+04 7.175972e-15 1.461418e+22 
3.250000e+04 7.508405e-15 1.417731e+22 
3.291667e+04 7.609493e-15 1.423580e+22 
3.333333e+04 7.556926e-15 1.455023e+22 
3.375000e+04 7.171430e-15 1.558759e+22 
3.416667e+04 6.609997e-15 1.714274e+22 
3.458333e+04 5.757893e-15 1.989107e+22 
3.500000e+04 4.811761e-15 2.402211e+22 
3.541667e+04 3.845898e-15 2.978876e+22 
3.583333e+04 2.944169e-15 3.872061e+22 
3.625000e+04 2.351726e-15 4.653662e+22 
3.666667e+04 1.927530e-15 5.489390e+22 
3.708333e+04 1.815790e-15 5.702950e+22 
3.750000e+04 1.851489e-15 5.475405e+22 
3.791667e+04 1.834831e-15 5.599624e+22 
3.833333e+04 1.761668e-15 5.911248e+22 
3.875000e+04 1.777731e-15 5.746780e+22 
3.916667e+04 1.823289e-15 5.504864e+22 
3.958333e+04 1.780426e-15 5.744205e+22 
4.000000e+04 1.727368e-15 6.033357e+22 
4.041667e+04 1.780426e-15 5.744205e+22 
4.083333e+04 1.823289e-15 5.504864e+22 
4.125000e+04 1.777731e-15 5.746780e+22 
4.166667e+04 1.761668e-15 5.911248e+22 
4.208333e+04 1.834831e-15 5.599624e+22 
4.250000e+04 1.851489e-15 5.475405e+22 
4.291667e+04 1.815790e-15 5.702950e+22 
4.333333e+04 1.927530e-15 5.489390e+22 
4.375000e+04 2.351726e-15 4.653662e+22 
4.416667e+04 2.944169e-15 3.872061e+22 
4.458333e+04 3.845898e-15 2.978876e+22 
4.500000e+04 4.811761e-15 2.402211e+22 
4.541667e+04 5.757893e-15 1.989107e+22 
4.583333e+04 6.609997e-15 1.714274e+22 
4.625000e+04 7.171430e-15 1.558759e+22 
4.666667e+04 7.556926e-15 1.455023e+22 
4.708333e+04 7.609493e-15 1.423580e+22 
4.750000e+04 7.508405e-15 1.417731e+22 
4.791667e+04 7.175972e-15 1.461418e+22 
4.833333e+04 6.752563e-15 1.527410e+22 
4.875000e+04 6.218182e-15 1.634790e+22 
4.916667e+04 5.652849e-15 1.770900e+22 
4.958333e+04 5.067738e-15 1.948238e+22 
5.000000e+04 4.492797e-15 2.167227e+22 
5.041667e+04 3.950382e-15 2.432051e+22 
5.083333e+04 3.438445e-15 2.758522e+22 
5.125000e+04 2.978987e-15 3.141597e+22 
5.166667e+04 2.556158e-15 3.616044e+22 
5.208333e+04 2.187593e-15 4.168792e+22 
5.250000e+04 1.854715e-15 4.857492e+22 
5.291667e+04 1.570863e-15 5.662180e+22 
5.333333e+04 1.318689e-15 6.669639e+22 
5.375000e+04 1.108161e-15 7.848465e+22 
5.416667e+04 9.239119e-16 9.326967e+22 
5.458333e+04 7.730544e-16 1.104699e+23 
5.500000e+04 6.426435e-16 1.319928e+23 
5.541667e+04 5.372546e-16 1.567474e+23 
5.583333e+04 4.469175e-16 1.875371e+23 
5.625000e+04 3.741833e-16 2.225488e+23 
5.666667e+04 3.121259e-16 2.657472e+23 
5.708333e+04 2.619593e-16 3.145194e+23 
5.750000e+04 2.192329e-16 3.742100e+23 
5.791667e+04 1.844393e-16 4.414187e+23 
5.833333e+04 1.548071e-16 5.231061e+23 
5.875000e+04 1.305123e-16 6.150421e+23 
5.916667e+04 1.098036e-16 7.261711e+23 
5.958333e+04 9.272820e-17 8.512822e+23 
6.000000e+04 7.815286e-17 1.001902e+24 
6.041667e+04 6.608428e-17 1.171434e+24 
6.083333e+04 5.576641e-17 1.374908e+24 
6.125000e+04 4.718226e-17 1.603973e+24 
6.166667e+04 3.982773e-17 1.878594e+24 
6.208333e+04 3.369626e-17 2.187948e+24 
6.250000e+04 2.843671e-17 2.558457e+24 
6.291667e+04 2.405541e-17 2.975942e+24 
6.333333e+04 2.029342e-17 3.475547e+24 
6.375000e+04 1.716948e-17 4.037919e+24 
6.416667e+04 1.448907e-17 4.708429e+24 
6.458333e+04 1.225539e-17 5.457479e+24 
6.500000e+04 1.033503e-17 6.349453e+24 
6.541667e+04 8.689636e-18 7.358799e+24 
6.583333e+04 7.266917e-18 8.576545e+24 
6.625000e+04 5.988345e-18 1.000000e+25 
6.666667e+04 4.916388e-18 1.000000e+25 
6.708333e+04 4.066616e-18 1.000000e+25 
6.750000e+04 3.392646e-18 1.000000e+25 
6.791667e+04 3.034636e-18 1.000000e+25 
6.833333e+04 2.864349e-18 1.000000e+25 
6.875000e+04 2.773326e-18 1.000000e+25 
6.916667e+04 2.710082e-18 1.000000e+25 
6.958333e+04 2.665470e-18 1.000000e+25 
7.000000e+04 2.584421e-18 1.000000e+25 
7.041667e+04 2.495799e-18 1.000000e+25 
7.083333e+04 2.410082e-18 1.000000e+25 
7.125000e+04 2.325199e-18 1.000000e+25 
7.166667e+04 2.244754e-18 1.000000e+25 
7.208333e+04 2.170180e-18 1.000000e+25 
7.250000e+04 2.100498e-18 1.000000e+25 
7.291667e+04 2.040642e-18 1.000000e+25 
7.333333e+04 1.984286e-18 1.000000e+25 
7.375000e+04 1.933786e-18 1.000000e+25 
7.416667e+04 1.886339e-18 1.000000e+25 
7.458333e+04 1.844311e-18 1.000000e+25 
7.500000e+04 1.805089e-18 1.000000e+25 
7.541667e+04 1.771054e-18 1.000000e+25 
7.583333e+04 1.739713e-18 1.000000e+25 
7.625000e+04 1.713193e-18 1.000000e+25 
7.666667e+04 1.689029e-18 1.000000e+25 
7.708333e+04 1.668908e-18 1.000000e+25 
7.750000e+04 1.650888e-18 1.000000e+25 
7.791667e+04 1.636569e-18 1.000000e+25 
7.833333e+04 1.624265e-18 1.000000e+25 
7.875000e+04 1.615558e-18 1.000000e+25 
7.916667e+04 1.608772e-18 1.000000e+25 
7.958333e+04 1.605339e-18 1.000000e+25 
8.000000e+04 1.603725e-18 1.000000e+25 
