0.000000e+00 1.065451e-17 5.824897e+24 
1.562500e+02 1.066041e-17 5.821661e+24 
3.125000e+02 1.067586e-17 5.813610e+24 
4.687500e+02 1.070301e-17 5.799279e+24 
6.250000e+02 1.073964e-17 5.780293e+24 
7.812500e+02 1.078776e-17 5.755497e+24 
9.375000e+02 1.084530e-17 5.726323e+24 
1.093750e+03 1.091417e-17 5.691847e+24 
1.250000e+03 1.099245e-17 5.653341e+24 
1.406250e+03 1.108213e-17 5.609903e+24 
1.562500e+03 1.118125e-17 5.562832e+24 
1.718750e+03 1.129201e-17 5.511057e+24 
1.875000e+03 1.141228e-17 5.456112e+24 
2.031250e+03 1.154443e-17 5.396679e+24 
2.187500e+03 1.168610e-17 5.334615e+24 
2.343750e+03 1.183974e-17 5.268423e+24 
2.500000e+03 1.200283e-17 5.200197e+24 
2.656250e+03 1.217773e-17 5.128408e+24 
2.812500e+03 1.236198e-17 5.055189e+24 
2.968750e+03 1.255771e-17 4.979131e+24 
3.125000e+03 1.276273e-17 4.902198e+24 
3.281250e+03 1.297884e-17 4.823194e+24 
3.437500e+03 1.320429e-17 4.743782e+24 
3.593750e+03 1.344058e-17 4.663011e+24 
3.750000e+03 1.368640e-17 4.582192e+24 
3.906250e+03 1.394301e-17 4.500602e+24 
4.062500e+03 1.420951e-17 4.419234e+24 
4.218750e+03 1.448702e-17 4.337541e+24 
4.375000e+03 1.477492e-17 4.256266e+24 
4.531250e+03 1.507430e-17 4.174984e+24 
4.687500e+03 1.538466e-17 4.094271e+24 
4.843750e+03 1.570717e-17 4.013767e+24 
5.000000e+03 1.604137e-17 3.933957e+24 
5.156250e+03 1.638852e-17 3.854499e+24 
5.312500e+03 1.674809e-17 3.775846e+24 
5.468750e+03 1.712154e-17 3.697643e+24 
5.625000e+03 1.750818e-17 3.620348e+24 
5.781250e+03 1.790969e-17 3.543573e+24 
5.937500e+03 1.832517e-17 3.467804e+24 
6.093750e+03 1.875656e-17 3.392610e+24 
6.250000e+03 1.920271e-17 3.318514e+24 
6.406250e+03 1.966584e-17 3.245041e+24 
6.562500e+03 2.014453e-17 3.172749e+24 
6.718750e+03 2.064130e-17 3.101125e+24 
6.875000e+03 2.115444e-17 3.030756e+24 
7.031250e+03 2.168678e-17 2.961096e+24 
7.187500e+03 2.223635e-17 2.892752e+24 
7.343750e+03 2.280625e-17 2.825155e+24 
7.500000e+03 2.339428e-17 2.758922e+24 
7.656250e+03 2.400383e-17 2.693470e+24 
7.812500e+03 2.463247e-17 2.629416e+24 
7.968750e+03 2.528386e-17 2.566169e+24 
8.125000e+03 2.595536e-17 2.504340e+24 
8.281250e+03 2.665094e-17 2.443338e+24 
8.437500e+03 2.736775e-17 2.383762e+24 
8.593750e+03 2.811006e-17 2.325025e+24 
8.750000e+03 2.887481e-17 2.267709e+24 
8.906250e+03 2.966661e-17 2.211236e+24 
9.062500e+03 3.048216e-17 2.156171e+24 
9.218750e+03 3.132646e-17 2.101945e+24 
9.375000e+03 3.219595e-17 2.049106e+24 
9.531250e+03 3.309605e-17 1.997096e+24 
9.687500e+03 3.402293e-17 1.946445e+24 
9.843750e+03 3.498244e-17 1.896609e+24 
1.000000e+04 3.597047e-17 1.848100e+24 
1.015625e+04 3.699333e-17 1.800388e+24 
1.031250e+04 3.804663e-17 1.753966e+24 
1.046875e+04 3.913715e-17 1.708321e+24 
1.062500e+04 4.026020e-17 1.663927e+24 
1.078125e+04 4.142309e-17 1.620288e+24 
1.093750e+04 4.262077e-17 1.577860e+24 
1.109375e+04 4.386113e-17 1.536165e+24 
1.125000e+04 4.513877e-17 1.495639e+24 
1.140625e+04 4.646216e-17 1.455823e+24 
1.156250e+04 4.782553e-17 1.417134e+24 
1.171875e+04 4.923798e-17 1.379131e+24 
1.187500e+04 5.069336e-17 1.342213e+24 
1.203125e+04 5.220146e-17 1.305959e+24 
1.218750e+04 5.375569e-17 1.270748e+24 
1.234375e+04 5.536657e-17 1.236176e+24 
1.250000e+04 5.702710e-17 1.202607e+24 
1.265625e+04 5.874859e-17 1.169653e+24 
1.281250e+04 6.052354e-17 1.137662e+24 
1.296875e+04 6.236416e-17 1.106261e+24 
1.312500e+04 6.426243e-17 1.075784e+24 
1.328125e+04 6.623150e-17 1.045874e+24 
1.343750e+04 6.826282e-17 1.016849e+24 
1.359375e+04 7.037058e-17 9.883677e+23 
1.375000e+04 7.254560e-17 9.607333e+23 
1.390625e+04 7.480324e-17 9.336202e+23 
1.406250e+04 7.713366e-17 9.073176e+23 
1.421875e+04 7.955347e-17 8.815140e+23 
1.437500e+04 8.205210e-17 8.564859e+23 
1.453125e+04 8.464756e-17 8.319351e+23 
1.468750e+04 8.732848e-17 8.081262e+23 
1.484375e+04 9.011437e-17 7.847738e+23 
1.500000e+04 9.299301e-17 7.621311e+23 
1.515625e+04 9.598556e-17 7.399250e+23 
1.531250e+04 9.907883e-17 7.183977e+23 
1.546875e+04 1.022958e-16 6.972879e+23 
1.562500e+04 1.056223e-16 6.768276e+23 
1.578125e+04 1.090832e-16 6.567668e+23 
1.593750e+04 1.126632e-16 6.373274e+23 
1.609375e+04 1.163894e-16 6.182703e+23 
1.625000e+04 1.202452e-16 5.998079e+23 
1.640625e+04 1.242601e-16 5.817116e+23 
1.656250e+04 1.284161e-16 5.641844e+23 
1.671875e+04 1.327452e-16 5.470080e+23 
1.687500e+04 1.372280e-16 5.303763e+23 
1.703125e+04 1.418994e-16 5.140808e+23 
1.718750e+04 1.467382e-16 4.983068e+23 
1.734375e+04 1.517823e-16 4.828550e+23 
1.750000e+04 1.570090e-16 4.679024e+23 
1.765625e+04 1.624593e-16 4.532589e+23 
1.781250e+04 1.681086e-16 4.390932e+23 
1.796875e+04 1.740015e-16 4.252238e+23 
1.812500e+04 1.801114e-16 4.118118e+23 
1.828125e+04 1.864867e-16 3.986839e+23 
1.843750e+04 1.930986e-16 3.859936e+23 
1.859375e+04 1.999995e-16 3.735756e+23 
1.875000e+04 2.071585e-16 3.615762e+23 
1.890625e+04 2.146324e-16 3.498376e+23 
1.906250e+04 2.223877e-16 3.384992e+23 
1.921875e+04 2.304859e-16 3.274104e+23 
1.937500e+04 2.388912e-16 3.167041e+23 
1.953125e+04 2.476698e-16 3.062365e+23 
1.968750e+04 2.567833e-16 2.961341e+23 
1.984375e+04 2.663033e-16 2.862596e+23 
2.000000e+04 2.761886e-16 2.767338e+23 
2.015625e+04 2.865165e-16 2.674253e+23 
2.031250e+04 2.972429e-16 2.584494e+23 
2.046875e+04 3.084510e-16 2.496803e+23 
2.062500e+04 3.200940e-16 2.412282e+23 
2.078125e+04 3.322613e-16 2.329726e+23 
2.093750e+04 3.449030e-16 2.250190e+23 
2.109375e+04 3.581156e-16 2.172517e+23 
2.125000e+04 3.718459e-16 2.097718e+23 
2.140625e+04 3.861979e-16 2.024682e+23 
2.156250e+04 4.011149e-16 1.954379e+23 
2.171875e+04 4.167092e-16 1.885741e+23 
2.187500e+04 4.329203e-16 1.819700e+23 
2.203125e+04 4.498700e-16 1.755228e+23 
2.218750e+04 4.674932e-16 1.693222e+23 
2.234375e+04 4.859227e-16 1.632690e+23 
2.250000e+04 5.050877e-16 1.574500e+23 
2.265625e+04 5.251344e-16 1.517689e+23 
2.281250e+04 5.459849e-16 1.463102e+23 
2.296875e+04 5.678012e-16 1.409804e+23 
2.312500e+04 5.904966e-16 1.358616e+23 
2.328125e+04 6.142528e-16 1.308629e+23 
2.343750e+04 6.389707e-16 1.260646e+23 
2.359375e+04 6.648576e-16 1.213778e+23 
2.375000e+04 6.917975e-16 1.168812e+23 
2.390625e+04 7.200303e-16 1.124882e+23 
2.406250e+04 7.494168e-16 1.082759e+23 
2.421875e+04 7.802395e-16 1.041595e+23 
2.437500e+04 8.123270e-16 1.002149e+23 
2.453125e+04 8.460168e-16 9.635933e+22 
2.468750e+04 8.810942e-16 9.266719e+22 
2.484375e+04 9.179667e-16 8.905782e+22 
2.500000e+04 9.563623e-16 8.560412e+22 
2.515625e+04 9.967769e-16 8.222777e+22 
2.531250e+04 1.038863e-15 7.899986e+22 
2.546875e+04 1.083226e-15 7.584483e+22 
2.562500e+04 1.129423e-15 7.283145e+22 
2.578125e+04 1.178191e-15 6.988751e+22 
2.593750e+04 1.228968e-15 6.707881e+22 
2.609375e+04 1.282646e-15 6.433717e+22 
2.625000e+04 1.338519e-15 6.172462e+22 
2.640625e+04 1.397654e-15 5.917777e+22 
2.656250e+04 1.459180e-15 5.675403e+22 
2.671875e+04 1.524351e-15 5.439548e+22 
2.687500e+04 1.592110e-15 5.215410e+22 
2.703125e+04 1.663907e-15 4.997806e+22 
2.718750e+04 1.738483e-15 4.791317e+22 
2.734375e+04 1.817478e-15 4.591412e+22 
2.750000e+04 1.899429e-15 4.402001e+22 
2.765625e+04 1.986140e-15 4.219227e+22 
2.781250e+04 2.075954e-15 4.046305e+22 
2.796875e+04 2.170802e-15 3.880040e+22 
2.812500e+04 2.268857e-15 3.722959e+22 
2.828125e+04 2.372117e-15 3.572500e+22 
2.843750e+04 2.478630e-15 3.430538e+22 
2.859375e+04 2.590385e-15 3.295089e+22 
2.875000e+04 2.705366e-15 3.167440e+22 
2.890625e+04 2.825464e-15 3.046116e+22 
2.906250e+04 2.948671e-15 2.931896e+22 
2.921875e+04 3.076690e-15 2.823743e+22 
2.937500e+04 3.207601e-15 2.722012e+22 
2.953125e+04 3.342826e-15 2.626036e+22 
2.968750e+04 3.480617e-15 2.535828e+22 
2.984375e+04 3.622023e-15 2.451030e+22 
3.000000e+04 3.765559e-15 2.371384e+22 
3.015625e+04 3.911809e-15 2.296795e+22 
3.031250e+04 4.059638e-15 2.226790e+22 
3.046875e+04 4.209082e-15 2.161506e+22 
3.062500e+04 4.359439e-15 2.100289e+22 
3.078125e+04 4.510110e-15 2.043496e+22 
3.093750e+04 4.660914e-15 1.990310e+22 
3.109375e+04 4.810518e-15 1.941311e+22 
3.125000e+04 4.959360e-15 1.895513e+22 
3.140625e+04 5.105255e-15 1.853742e+22 
3.156250e+04 5.249379e-15 1.814824e+22 
3.171875e+04 5.388546e-15 1.779863e+22 
3.187500e+04 5.524816e-15 1.747465e+22 
3.203125e+04 5.653820e-15 1.719058e+22 
3.218750e+04 5.778684e-15 1.692986e+22 
3.234375e+04 5.893643e-15 1.671056e+22 
3.250000e+04 6.003104e-15 1.651295e+22 
3.265625e+04 6.099673e-15 1.635962e+22 
3.281250e+04 6.189286e-15 1.622710e+22 
3.296875e+04 6.262688e-15 1.614318e+22 
3.312500e+04 6.327605e-15 1.608014e+22 
3.328125e+04 6.372735e-15 1.607172e+22 
3.343750e+04 6.407839e-15 1.608554e+22 
3.359375e+04 6.419476e-15 1.616195e+22 
3.375000e+04 6.419620e-15 1.626368e+22 
3.390625e+04 6.392776e-15 1.643835e+22 
3.406250e+04 6.353170e-15 1.664391e+22 
3.421875e+04 6.283597e-15 1.693557e+22 
3.437500e+04 6.200352e-15 1.726735e+22 
3.453125e+04 6.085196e-15 1.770178e+22 
3.468750e+04 5.956013e-15 1.819097e+22 
3.484375e+04 5.794589e-15 1.880334e+22 
3.500000e+04 5.619552e-15 1.949303e+22 
3.515625e+04 5.414174e-15 2.033060e+22 
3.531250e+04 5.196577e-15 2.127960e+22 
3.546875e+04 4.953345e-15 2.240393e+22 
3.562500e+04 4.700469e-15 2.368959e+22 
3.578125e+04 4.429913e-15 2.517455e+22 
3.593750e+04 4.153667e-15 2.688916e+22 
3.609375e+04 3.871165e-15 2.880436e+22 
3.625000e+04 3.588513e-15 3.102783e+22 
3.640625e+04 3.314377e-15 3.338061e+22 
3.656250e+04 3.047422e-15 3.608766e+22 
3.671875e+04 2.806249e-15 3.867901e+22 
3.687500e+04 2.581184e-15 4.152647e+22 
3.703125e+04 2.398772e-15 4.375497e+22 
3.718750e+04 2.241113e-15 4.588617e+22 
3.734375e+04 2.135241e-15 4.695320e+22 
3.750000e+04 2.057783e-15 4.752867e+22 
3.765625e+04 2.024075e-15 4.747080e+22 
3.781250e+04 2.013041e-15 4.692274e+22 
3.796875e+04 2.020854e-15 4.667838e+22 
3.812500e+04 2.038206e-15 4.622947e+22 
3.828125e+04 2.047793e-15 4.632957e+22 
3.843750e+04 2.055007e-15 4.647236e+22 
3.859375e+04 2.050764e-15 4.674399e+22 
3.875000e+04 2.042810e-15 4.709649e+22 
3.890625e+04 2.037117e-15 4.707586e+22 
3.906250e+04 2.031927e-15 4.704665e+22 
3.921875e+04 2.032807e-15 4.682863e+22 
3.937500e+04 2.034995e-15 4.658459e+22 
3.953125e+04 2.037609e-15 4.669157e+22 
3.968750e+04 2.038008e-15 4.686103e+22 
3.984375e+04 2.036243e-15 4.715922e+22 
4.000000e+04 2.035952e-15 4.741347e+22 
4.015625e+04 2.036243e-15 4.715922e+22 
4.031250e+04 2.038008e-15 4.686103e+22 
4.046875e+04 2.037609e-15 4.669157e+22 
4.062500e+04 2.034995e-15 4.658459e+22 
4.078125e+04 2.032807e-15 4.682863e+22 
4.093750e+04 2.031927e-15 4.704665e+22 
4.109375e+04 2.037117e-15 4.707586e+22 
4.125000e+04 2.042810e-15 4.709649e+22 
4.140625e+04 2.050764e-15 4.674399e+22 
4.156250e+04 2.055007e-15 4.647236e+22 
4.171875e+04 2.047793e-15 4.632957e+22 
4.187500e+04 2.038206e-15 4.622947e+22 
4.203125e+04 2.020854e-15 4.667838e+22 
4.218750e+04 2.013041e-15 4.692274e+22 
4.234375e+04 2.024075e-15 4.747080e+22 
4.250000e+04 2.057783e-15 4.752867e+22 
4.265625e+04 2.135241e-15 4.695320e+22 
4.281250e+04 2.241113e-15 4.588617e+22 
4.296875e+04 2.398772e-15 4.375497e+22 
4.312500e+04 2.581184e-15 4.152647e+22 
4.328125e+04 2.806249e-15 3.867901e+22 
4.343750e+04 3.047422e-15 3.608766e+22 
4.359375e+04 3.314377e-15 3.338061e+22 
4.375000e+04 3.588513e-15 3.102783e+22 
4.390625e+04 3.871165e-15 2.880436e+22 
4.406250e+04 4.153667e-15 2.688916e+22 
4.421875e+04 4.429913e-15 2.517455e+22 
4.437500e+04 4.700469e-15 2.368959e+22 
4.453125e+04 4.953345e-15 2.240393e+22 
4.468750e+04 5.196577e-15 2.127960e+22 
4.484375e+04 5.414174e-15 2.033060e+22 
4.500000e+04 5.619552e-15 1.949303e+22 
4.515625e+04 5.794589e-15 1.880334e+22 
4.531250e+04 5.956013e-15 1.819097e+22 
4.546875e+04 6.085196e-15 1.770178e+22 
4.562500e+04 6.200352e-15 1.726735e+22 
4.578125e+04 6.283597e-15 1.693557e+22 
4.593750e+04 6.353170e-15 1.664391e+22 
4.609375e+04 6.392776e-15 1.643835e+22 
4.625000e+04 6.419620e-15 1.626368e+22 
4.640625e+04 6.419476e-15 1.616195e+22 
4.656250e+04 6.407839e-15 1.608554e+22 
4.671875e+04 6.372735e-15 1.607172e+22 
4.687500e+04 6.327605e-15 1.608014e+22 
4.703125e+04 6.262688e-15 1.614318e+22 
4.718750e+04 6.189286e-15 1.622710e+22 
4.734375e+04 6.099673e-15 1.635962e+22 
4.750000e+04 6.003104e-15 1.651295e+22 
4.765625e+04 5.893643e-15 1.671056e+22 
4.781250e+04 5.778684e-15 1.692986e+22 
4.796875e+04 5.653820e-15 1.719058e+22 
4.812500e+04 5.524816e-15 1.747465e+22 
4.828125e+04 5.388546e-15 1.779863e+22 
4.843750e+04 5.249379e-15 1.814824e+22 
4.859375e+04 5.105255e-15 1.853742e+22 
4.875000e+04 4.959360e-15 1.895513e+22 
4.890625e+04 4.810518e-15 1.941311e+22 
4.906250e+04 4.660914e-15 1.990310e+22 
4.921875e+04 4.510110e-15 2.043496e+22 
4.937500e+04 4.359439e-15 2.100289e+22 
4.953125e+04 4.209082e-15 2.161506e+22 
4.968750e+04 4.059638e-15 2.226790e+22 
4.984375e+04 3.911809e-15 2.296795e+22 
5.000000e+04 3.765559e-15 2.371384e+22 
5.015625e+04 3.622023e-15 2.451030e+22 
5.031250e+04 3.480617e-15 2.535828e+22 
5.046875e+04 3.342826e-15 2.626036e+22 
5.062500e+04 3.207601e-15 2.722012e+22 
5.078125e+04 3.076690e-15 2.823743e+22 
5.093750e+04 2.948671e-15 2.931896e+22 
5.109375e+04 2.825464e-15 3.046116e+22 
5.125000e+04 2.705366e-15 3.167440e+22 
5.140625e+04 2.590385e-15 3.295089e+22 
5.156250e+04 2.478630e-15 3.430538e+22 
5.171875e+04 2.372117e-15 3.572500e+22 
5.187500e+04 2.268857e-15 3.722959e+22 
5.203125e+04 2.170802e-15 3.880040e+22 
5.218750e+04 2.075954e-15 4.046305e+22 
5.234375e+04 1.986140e-15 4.219227e+22 
5.250000e+04 1.899429e-15 4.402001e+22 
5.265625e+04 1.817478e-15 4.591412e+22 
5.281250e+04 1.738483e-15 4.791317e+22 
5.296875e+04 1.663907e-15 4.997806e+22 
5.312500e+04 1.592110e-15 5.215410e+22 
5.328125e+04 1.524351e-15 5.439548e+22 
5.343750e+04 1.459180e-15 5.675403e+22 
5.359375e+04 1.397654e-15 5.917777e+22 
5.375000e+04 1.338519e-15 6.172462e+22 
5.390625e+04 1.282646e-15 6.433717e+22 
5.406250e+04 1.228968e-15 6.707881e+22 
5.421875e+04 1.178191e-15 6.988751e+22 
5.437500e+04 1.129423e-15 7.283145e+22 
5.453125e+04 1.083226e-15 7.584483e+22 
5.468750e+04 1.038863e-15 7.899986e+22 
5.484375e+04 9.967769e-16 8.222777e+22 
5.500000e+04 9.563623e-16 8.560412e+22 
5.515625e+04 9.179667e-16 8.905782e+22 
5.531250e+04 8.810942e-16 9.266719e+22 
5.546875e+04 8.460168e-16 9.635933e+22 
5.562500e+04 8.123270e-16 1.002149e+23 
5.578125e+04 7.802395e-16 1.041595e+23 
5.593750e+04 7.494168e-16 1.082759e+23 
5.609375e+04 7.200303e-16 1.124882e+23 
5.625000e+04 6.917975e-16 1.168812e+23 
5.640625e+04 6.648576e-16 1.213778e+23 
5.656250e+04 6.389707e-16 1.260646e+23 
5.671875e+04 6.142528e-16 1.308629e+23 
5.687500e+04 5.904966e-16 1.358616e+23 
5.703125e+04 5.678012e-16 1.409804e+23 
5.718750e+04 5.459849e-16 1.463102e+23 
5.734375e+04 5.251344e-16 1.517689e+23 
5.750000e+04 5.050877e-16 1.574500e+23 
5.765625e+04 4.859227e-16 1.632690e+23 
5.781250e+04 4.674932e-16 1.693222e+23 
5.796875e+04 4.498700e-16 1.755228e+23 
5.812500e+04 4.329203e-16 1.819700e+23 
5.828125e+04 4.167092e-16 1.885741e+23 
5.843750e+04 4.011149e-16 1.954379e+23 
5.859375e+04 3.861979e-16 2.024682e+23 
5.875000e+04 3.718459e-16 2.097718e+23 
5.890625e+04 3.581156e-16 2.172517e+23 
5.906250e+04 3.449030e-16 2.250190e+23 
5.921875e+04 3.322613e-16 2.329726e+23 
5.937500e+04 3.200940e-16 2.412282e+23 
5.953125e+04 3.084510e-16 2.496803e+23 
5.968750e+04 2.972429e-16 2.584494e+23 
5.984375e+04 2.865165e-16 2.674253e+23 
6.000000e+04 2.761886e-16 2.767338e+23 
6.015625e+04 2.663033e-16 2.862596e+23 
6.031250e+04 2.567833e-16 2.961341e+23 
6.046875e+04 2.476698e-16 3.062365e+23 
6.062500e+04 2.388912e-16 3.167041e+23 
6.078125e+04 2.304859e-16 3.274104e+23 
6.093750e+04 2.223877e-16 3.384992e+23 
6.109375e+04 2.146324e-16 3.498376e+23 
6.125000e+04 2.071585e-16 3.615762e+23 
6.140625e+04 1.999995e-16 3.735756e+23 
6.156250e+04 1.930986e-16 3.859936e+23 
6.171875e+04 1.864867e-16 3.986839e+23 
6.187500e+04 1.801114e-16 4.118118e+23 
6.203125e+04 1.740015e-16 4.252238e+23 
6.218750e+04 1.681086e-16 4.390932e+23 
6.234375e+04 1.624593e-16 4.532589e+23 
6.250000e+04 1.570090e-16 4.679024e+23 
6.265625e+04 1.517823e-16 4.828550e+23 
6.281250e+04 1.467382e-16 4.983068e+23 
6.296875e+04 1.418994e-16 5.140808e+23 
6.312500e+04 1.372280e-16 5.303763e+23 
6.328125e+04 1.327452e-16 5.470080e+23 
6.343750e+04 1.284161e-16 5.641844e+23 
6.359375e+04 1.242601e-16 5.817116e+23 
6.375000e+04 1.202452e-16 5.998079e+23 
6.390625e+04 1.163894e-16 6.182703e+23 
6.406250e+04 1.126632e-16 6.373274e+23 
6.421875e+04 1.090832e-16 6.567668e+23 
6.437500e+04 1.056223e-16 6.768276e+23 
6.453125e+04 1.022958e-16 6.972879e+23 
6.468750e+04 9.907883e-17 7.183977e+23 
6.484375e+04 9.598556e-17 7.399250e+23 
6.500000e+04 9.299301e-17 7.621311e+23 
6.515625e+04 9.011437e-17 7.847738e+23 
6.531250e+04 8.732848e-17 8.081262e+23 
6.546875e+04 8.464756e-17 8.319351e+23 
6.562500e+04 8.205210e-17 8.564859e+23 
6.578125e+04 7.955347e-17 8.815140e+23 
6.593750e+04 7.713366e-17 9.073176e+23 
6.609375e+04 7.480324e-17 9.336202e+23 
6.625000e+04 7.254560e-17 9.607333e+23 
6.640625e+04 7.037058e-17 9.883677e+23 
6.656250e+04 6.826282e-17 1.016849e+24 
6.671875e+04 6.623150e-17 1.045874e+24 
6.687500e+04 6.426243e-17 1.075784e+24 
6.703125e+04 6.236416e-17 1.106261e+24 
6.718750e+04 6.052354e-17 1.137662e+24 
6.734375e+04 5.874859e-17 1.169653e+24 
6.750000e+04 5.702710e-17 1.202607e+24 
6.765625e+04 5.536657e-17 1.236176e+24 
6.781250e+04 5.375569e-17 1.270748e+24 
6.796875e+04 5.220146e-17 1.305959e+24 
6.812500e+04 5.069336e-17 1.342213e+24 
6.828125e+04 4.923798e-17 1.379131e+24 
6.843750e+04 4.782553e-17 1.417134e+24 
6.859375e+04 4.646216e-17 1.455823e+24 
6.875000e+04 4.513877e-17 1.495639e+24 
6.890625e+04 4.386113e-17 1.536165e+24 
6.906250e+04 4.262077e-17 1.577860e+24 
6.921875e+04 4.142309e-17 1.620288e+24 
6.937500e+04 4.026020e-17 1.663927e+24 
6.953125e+04 3.913715e-17 1.708321e+24 
6.968750e+04 3.804663e-17 1.753966e+24 
6.984375e+04 3.699333e-17 1.800388e+24 
7.000000e+04 3.597047e-17 1.848100e+24 
7.015625e+04 3.498244e-17 1.896609e+24 
7.031250e+04 3.402293e-17 1.946445e+24 
7.046875e+04 3.309605e-17 1.997096e+24 
7.062500e+04 3.219595e-17 2.049106e+24 
7.078125e+04 3.132646e-17 2.101945e+24 
7.093750e+04 3.048216e-17 2.156171e+24 
7.109375e+04 2.966661e-17 2.211236e+24 
7.125000e+04 2.887481e-17 2.267709e+24 
7.140625e+04 2.811006e-17 2.325025e+24 
7.156250e+04 2.736775e-17 2.383762e+24 
7.171875e+04 2.665094e-17 2.443338e+24 
7.187500e+04 2.595536e-17 2.504340e+24 
7.203125e+04 2.528386e-17 2.566169e+24 
7.218750e+04 2.463247e-17 2.629416e+24 
7.234375e+04 2.400383e-17 2.693470e+24 
7.250000e+04 2.339428e-17 2.758922e+24 
7.265625e+04 2.280625e-17 2.825155e+24 
7.281250e+04 2.223635e-17 2.892752e+24 
7.296875e+04 2.168678e-17 2.961096e+24 
7.312500e+04 2.115444e-17 3.030756e+24 
7.328125e+04 2.064130e-17 3.101125e+24 
7.343750e+04 2.014453e-17 3.172749e+24 
7.359375e+04 1.966584e-17 3.245041e+24 
7.375000e+04 1.920271e-17 3.318514e+24 
7.390625e+04 1.875656e-17 3.392610e+24 
7.406250e+04 1.832517e-17 3.467804e+24 
7.421875e+04 1.790969e-17 3.543573e+24 
7.437500e+04 1.750818e-17 3.620348e+24 
7.453125e+04 1.712154e-17 3.697643e+24 
7.468750e+04 1.674809e-17 3.775846e+24 
7.484375e+04 1.638852e-17 3.854499e+24 
7.500000e+04 1.604137e-17 3.933957e+24 
7.515625e+04 1.570717e-17 4.013767e+24 
7.531250e+04 1.538466e-17 4.094271e+24 
7.546875e+04 1.507430e-17 4.174984e+24 
7.562500e+04 1.477492e-17 4.256266e+24 
7.578125e+04 1.448702e-17 4.337541e+24 
7.593750e+04 1.420951e-17 4.419234e+24 
7.609375e+04 1.394301e-17 4.500602e+24 
7.625000e+04 1.368640e-17 4.582192e+24 
7.640625e+04 1.344058e-17 4.663011e+24 
7.656250e+04 1.320429e-17 4.743782e+24 
7.671875e+04 1.297884e-17 4.823194e+24 
7.687500e+04 1.276273e-17 4.902198e+24 
7.703125e+04 1.255771e-17 4.979131e+24 
7.718750e+04 1.236198e-17 5.055189e+24 
7.734375e+04 1.217773e-17 5.128408e+24 
7.750000e+04 1.200283e-17 5.200197e+24 
7.765625e+04 1.183974e-17 5.268423e+24 
7.781250e+04 1.168610e-17 5.334615e+24 
7.796875e+04 1.154443e-17 5.396679e+24 
7.812500e+04 1.141228e-17 5.456112e+24 
7.828125e+04 1.129201e-17 5.511057e+24 
7.843750e+04 1.118125e-17 5.562832e+24 
7.859375e+04 1.108213e-17 5.609903e+24 
7.875000e+04 1.099245e-17 5.653341e+24 
7.890625e+04 1.091417e-17 5.691847e+24 
7.906250e+04 1.084530e-17 5.726323e+24 
7.921875e+04 1.078776e-17 5.755497e+24 
7.937500e+04 1.073964e-17 5.780293e+24 
7.953125e+04 1.070301e-17 5.799279e+24 
7.968750e+04 1.067586e-17 5.813610e+24 
7.984375e+04 1.066041e-17 5.821661e+24 
8.000000e+04 1.065451e-17 5.824897e+24 
