0.000000e+00 1.588481e-18 1.000000e+25 
3.125000e+02 1.589410e-18 1.000000e+25 
6.250000e+02 1.591371e-18 1.000000e+25 
9.375000e+02 1.595202e-18 1.000000e+25 
1.250000e+03 1.600076e-18 1.000000e+25 
1.562500e+03 1.606855e-18 1.000000e+25 
1.875000e+03 1.614705e-18 1.000000e+25 
2.187500e+03 1.624548e-18 1.000000e+25 
2.500000e+03 1.635519e-18 1.000000e+25 
2.812500e+03 1.648611e-18 1.000000e+25 
3.125000e+03 1.662884e-18 1.000000e+25 
3.437500e+03 1.679366e-18 1.000000e+25 
3.750000e+03 1.697090e-18 1.000000e+25 
4.062500e+03 1.717228e-18 1.000000e+25 
4.375000e+03 1.738717e-18 1.000000e+25 
4.687500e+03 1.762818e-18 1.000000e+25 
5.000000e+03 1.788355e-18 1.000000e+25 
5.312500e+03 1.816724e-18 1.000000e+25 
5.625000e+03 1.846651e-18 1.000000e+25 
5.937500e+03 1.879649e-18 1.000000e+25 
6.250000e+03 1.914303e-18 1.000000e+25 
6.562500e+03 1.952093e-18 1.000000e+25 
6.875000e+03 1.991618e-18 1.000000e+25 
7.187500e+03 2.034852e-18 1.000000e+25 
7.500000e+03 2.080063e-18 1.000000e+25 
7.812500e+03 2.129006e-18 1.000000e+25 
8.125000e+03 2.179824e-18 1.000000e+25 
8.437500e+03 2.234867e-18 1.000000e+25 
8.750000e+03 2.292159e-18 1.000000e+25 
9.062500e+03 2.355643e-18 1.000000e+25 
9.375000e+03 2.422627e-18 1.000000e+25 
9.687500e+03 2.494606e-18 1.000000e+25 
1.000000e+04 2.570000e-18 1.000000e+25 
1.031250e+04 2.644111e-18 1.000000e+25 
1.062500e+04 2.718035e-18 1.000000e+25 
1.093750e+04 2.786222e-18 1.000000e+25 
1.125000e+04 2.821682e-18 1.000000e+25 
1.156250e+04 2.870143e-18 1.000000e+25 
1.187500e+04 2.940740e-18 1.000000e+25 
1.218750e+04 3.065971e-18 1.000000e+25 
1.250000e+04 3.325269e-18 1.000000e+25 
1.281250e+04 3.802468e-18 1.000000e+25 
1.312500e+04 4.389551e-18 1.000000e+25 
1.343750e+04 5.097597e-18 1.000000e+25 
1.375000e+04 5.920888e-18 1.000000e+25 
1.406250e+04 6.797348e-18 9.034581e+24 
1.437500e+04 7.770097e-18 8.077991e+24 
1.468750e+04 8.855898e-18 7.209264e+24 
1.500000e+04 1.007016e-17 6.450478e+24 
1.531250e+04 1.145932e-17 5.753934e+24 
1.562500e+04 1.301987e-17 5.142740e+24 
1.593750e+04 1.481986e-17 4.582414e+24 
1.625000e+04 1.683899e-17 4.092570e+24 
1.656250e+04 1.915251e-17 3.645278e+24 
1.687500e+04 2.174563e-17 3.254653e+24 
1.718750e+04 2.470733e-17 2.897784e+24 
1.750000e+04 2.802860e-17 2.585955e+24 
1.781250e+04 3.182600e-17 2.300727e+24 
1.812500e+04 3.608958e-17 2.051380e+24 
1.843750e+04 4.097911e-17 1.823178e+24 
1.875000e+04 4.647405e-17 1.623819e+24 
1.906250e+04 5.278745e-17 1.441432e+24 
1.937500e+04 5.988785e-17 1.282296e+24 
1.968750e+04 6.805779e-17 1.136747e+24 
2.000000e+04 7.725290e-17 1.009940e+24 
2.031250e+04 8.784919e-17 8.939824e+23 
2.062500e+04 9.978424e-17 7.931280e+23 
2.093750e+04 1.135660e-16 7.009073e+23 
2.125000e+04 1.291014e-16 6.208572e+23 
2.156250e+04 1.470888e-16 5.476564e+23 
2.187500e+04 1.673792e-16 4.842728e+23 
2.218750e+04 1.909490e-16 4.263122e+23 
2.250000e+04 2.175490e-16 3.762772e+23 
2.281250e+04 2.485673e-16 3.305400e+23 
2.312500e+04 2.835753e-16 2.912020e+23 
2.343750e+04 3.245626e-16 2.552884e+23 
2.375000e+04 3.707918e-16 2.245313e+23 
2.406250e+04 4.250971e-16 1.965292e+23 
2.437500e+04 4.862423e-16 1.726583e+23 
2.468750e+04 5.581569e-16 1.510253e+23 
2.500000e+04 6.388718e-16 1.326668e+23 
2.531250e+04 7.335936e-16 1.161293e+23 
2.562500e+04 8.393877e-16 1.021470e+23 
2.593750e+04 9.627761e-16 8.962839e+22 
2.625000e+04 1.099688e-15 7.906787e+22 
2.656250e+04 1.257860e-15 6.965451e+22 
2.687500e+04 1.432000e-15 6.171673e+22 
2.718750e+04 1.630914e-15 5.465180e+22 
2.750000e+04 1.848037e-15 4.868597e+22 
2.781250e+04 2.093138e-15 4.336991e+22 
2.812500e+04 2.358259e-15 3.886854e+22 
2.843750e+04 2.653951e-15 3.485023e+22 
2.875000e+04 2.970640e-15 3.143635e+22 
2.906250e+04 3.318937e-15 2.839210e+22 
2.937500e+04 3.687545e-15 2.579782e+22 
2.968750e+04 4.085077e-15 2.350297e+22 
3.000000e+04 4.499098e-15 2.154389e+22 
3.031250e+04 4.932193e-15 1.984410e+22 
3.062500e+04 5.372849e-15 1.839508e+22 
3.093750e+04 5.811737e-15 1.718453e+22 
3.125000e+04 6.242401e-15 1.616247e+22 
3.156250e+04 6.636938e-15 1.537328e+22 
3.187500e+04 7.000256e-15 1.473066e+22 
3.218750e+04 7.280248e-15 1.433371e+22 
3.250000e+04 7.501150e-15 1.406417e+22 
3.281250e+04 7.585428e-15 1.408010e+22 
3.312500e+04 7.584436e-15 1.423731e+22 
3.343750e+04 7.403056e-15 1.476498e+22 
3.375000e+04 7.122832e-15 1.550991e+22 
3.406250e+04 6.653279e-15 1.678240e+22 
3.437500e+04 6.097715e-15 1.848125e+22 
3.468750e+04 5.410452e-15 2.095839e+22 
3.500000e+04 4.685530e-15 2.433736e+22 
3.531250e+04 3.955248e-15 2.867654e+22 
3.562500e+04 3.256304e-15 3.471073e+22 
3.593750e+04 2.723245e-15 4.037743e+22 
3.625000e+04 2.291072e-15 4.689562e+22 
3.656250e+04 2.083208e-15 5.032463e+22 
3.687500e+04 1.980202e-15 5.176432e+22 
3.718750e+04 1.937590e-15 5.287379e+22 
3.750000e+04 1.918309e-15 5.337015e+22 
3.781250e+04 1.905737e-15 5.355541e+22 
3.812500e+04 1.888251e-15 5.390549e+22 
3.843750e+04 1.866167e-15 5.471946e+22 
3.875000e+04 1.838016e-15 5.576476e+22 
3.906250e+04 1.829452e-15 5.570957e+22 
3.937500e+04 1.830677e-15 5.536432e+22 
3.968750e+04 1.819555e-15 5.604107e+22 
4.000000e+04 1.808105e-15 5.674824e+22 
4.031250e+04 1.819555e-15 5.604107e+22 
4.062500e+04 1.830677e-15 5.536432e+22 
4.093750e+04 1.829452e-15 5.570957e+22 
4.125000e+04 1.838016e-15 5.576476e+22 
4.156250e+04 1.866167e-15 5.471946e+22 
4.187500e+04 1.888251e-15 5.390549e+22 
4.218750e+04 1.905737e-15 5.355541e+22 
4.250000e+04 1.918309e-15 5.337015e+22 
4.281250e+04 1.937590e-15 5.287379e+22 
4.312500e+04 1.980202e-15 5.176432e+22 
4.343750e+04 2.083208e-15 5.032463e+22 
4.375000e+04 2.291072e-15 4.689562e+22 
4.406250e+04 2.723245e-15 4.037743e+22 
4.437500e+04 3.256304e-15 3.471073e+22 
4.468750e+04 3.955248e-15 2.867654e+22 
4.500000e+04 4.685530e-15 2.433736e+22 
4.531250e+04 5.410452e-15 2.095839e+22 
4.562500e+04 6.097715e-15 1.848125e+22 
4.593750e+04 6.653279e-15 1.678240e+22 
4.625000e+04 7.122832e-15 1.550991e+22 
4.656250e+04 7.403056e-15 1.476498e+22 
4.687500e+04 7.584436e-15 1.423731e+22 
4.718750e+04 7.585428e-15 1.408010e+22 
4.750000e+04 7.501150e-15 1.406417e+22 
4.781250e+04 7.280248e-15 1.433371e+22 
4.812500e+04 7.000256e-15 1.473066e+22 
4.843750e+04 6.636938e-15 1.537328e+22 
4.875000e+04 6.242401e-15 1.616247e+22 
4.906250e+04 5.811737e-15 1.718453e+22 
4.937500e+04 5.372849e-15 1.839508e+22 
4.968750e+04 4.932193e-15 1.984410e+22 
5.000000e+04 4.499098e-15 2.154389e+22 
5.031250e+04 4.085077e-15 2.350297e+22 
5.062500e+04 3.687545e-15 2.579782e+22 
5.093750e+04 3.318937e-15 2.839210e+22 
5.125000e+04 2.970640e-15 3.143635e+22 
5.156250e+04 2.653951e-15 3.485023e+22 
5.187500e+04 2.358259e-15 3.886854e+22 
5.218750e+04 2.093138e-15 4.336991e+22 
5.250000e+04 1.848037e-15 4.868597e+22 
5.281250e+04 1.630914e-15 5.465180e+22 
5.312500e+04 1.432000e-15 6.171673e+22 
5.343750e+04 1.257860e-15 6.965451e+22 
5.375000e+04 1.099688e-15 7.906787e+22 
5.406250e+04 9.627761e-16 8.962839e+22 
5.437500e+04 8.393877e-16 1.021470e+23 
5.468750e+04 7.335936e-16 1.161293e+23 
5.500000e+04 6.388718e-16 1.326668e+23 
5.531250e+04 5.581569e-16 1.510253e+23 
5.562500e+04 4.862423e-16 1.726583e+23 
5.593750e+04 4.250971e-16 1.965292e+23 
5.625000e+04 3.707918e-16 2.245313e+23 
5.656250e+04 3.245626e-16 2.552884e+23 
5.687500e+04 2.835753e-16 2.912020e+23 
5.718750e+04 2.485673e-16 3.305400e+23 
5.750000e+04 2.175490e-16 3.762772e+23 
5.781250e+04 1.909490e-16 4.263122e+23 
5.812500e+04 1.673792e-16 4.842728e+23 
5.843750e+04 1.470888e-16 5.476564e+23 
5.875000e+04 1.291014e-16 6.208572e+23 
5.906250e+04 1.135660e-16 7.009073e+23 
5.937500e+04 9.978424e-17 7.931280e+23 
5.968750e+04 8.784919e-17 8.939824e+23 
6.000000e+04 7.725290e-17 1.009940e+24 
6.031250e+04 6.805779e-17 1.136747e+24 
6.062500e+04 5.988785e-17 1.282296e+24 
6.093750e+04 5.278745e-17 1.441432e+24 
6.125000e+04 4.647405e-17 1.623819e+24 
6.156250e+04 4.097911e-17 1.823178e+24 
6.187500e+04 3.608958e-17 2.051380e+24 
6.218750e+04 3.182600e-17 2.300727e+24 
6.250000e+04 2.802860e-17 2.585955e+24 
6.281250e+04 2.470733e-17 2.897784e+24 
6.312500e+04 2.174563e-17 3.254653e+24 
6.343750e+04 1.915251e-17 3.645278e+24 
6.375000e+04 1.683899e-17 4.092570e+24 
6.406250e+04 1.481986e-17 4.582414e+24 
6.437500e+04 1.301987e-17 5.142740e+24 
6.468750e+04 1.145932e-17 5.753934e+24 
6.500000e+04 1.007016e-17 6.450478e+24 
6.531250e+04 8.855898e-18 7.209264e+24 
6.562500e+04 7.770097e-18 8.077991e+24 
6.593750e+04 6.797348e-18 9.034581e+24 
6.625000e+04 5.920888e-18 1.000000e+25 
6.656250e+04 5.097597e-18 1.000000e+25 
6.687500e+04 4.389551e-18 1.000000e+25 
6.718750e+04 3.802468e-18 1.000000e+25 
6.750000e+04 3.325269e-18 1.000000e+25 
6.781250e+04 3.065971e-18 1.000000e+25 
6.812500e+04 2.940740e-18 1.000000e+25 
6.843750e+04 2.870143e-18 1.000000e+25 
6.875000e+04 2.821682e-18 1.000000e+25 
6.906250e+04 2.786222e-18 1.000000e+25 
6.937500e+04 2.718035e-18 1.000000e+25 
6.968750e+04 2.644111e-18 1.000000e+25 
7.000000e+04 2.570000e-18 1.000000e+25 
7.031250e+04 2.494606e-18 1.000000e+25 
7.062500e+04 2.422627e-18 1.000000e+25 
7.093750e+04 2.355643e-18 1.000000e+25 
7.125000e+04 2.292159e-18 1.000000e+25 
7.156250e+04 2.234867e-18 1.000000e+25 
7.187500e+04 2.179824e-18 1.000000e+25 
7.218750e+04 2.129006e-18 1.000000e+25 
7.250000e+04 2.080063e-18 1.000000e+25 
7.281250e+04 2.034852e-18 1.000000e+25 
7.312500e+04 1.991618e-18 1.000000e+25 
7.343750e+04 1.952093e-18 1.000000e+25 
7.375000e+04 1.914303e-18 1.000000e+25 
7.406250e+04 1.879649e-18 1.000000e+25 
7.437500e+04 1.846651e-18 1.000000e+25 
7.468750e+04 1.816724e-18 1.000000e+25 
7.500000e+04 1.788355e-18 1.000000e+25 
7.531250e+04 1.762818e-18 1.000000e+25 
7.562500e+04 1.738717e-18 1.000000e+25 
7.593750e+04 1.717228e-18 1.000000e+25 
7.625000e+04 1.697090e-18 1.000000e+25 
7.656250e+04 1.679366e-18 1.000000e+25 
7.687500e+04 1.662884e-18 1.000000e+25 
7.718750e+04 1.648611e-18 1.000000e+25 
7.750000e+04 1.635519e-18 1.000000e+25 
7.781250e+04 1.624548e-18 1.000000e+25 
7.812500e+04 1.614705e-18 1.000000e+25 
7.843750e+04 1.606855e-18 1.000000e+25 
7.875000e+04 1.600076e-18 1.000000e+25 
7.906250e+04 1.595202e-18 1.000000e+25 
7.937500e+04 1.591371e-18 1.000000e+25 
7.968750e+04 1.589410e-18 1.000000e+25 
8.000000e+04 1.588481e-18 1.000000e+25 
