0.000000e+00 1.063840e-17 5.832636e+24 
1.562500e+02 1.064429e-17 5.829399e+24 
3.125000e+02 1.065970e-17 5.821342e+24 
4.687500e+02 1.068679e-17 5.807003e+24 
6.250000e+02 1.072335e-17 5.788005e+24 
7.812500e+02 1.077136e-17 5.763193e+24 
9.375000e+02 1.082877e-17 5.734000e+24 
1.093750e+03 1.089749e-17 5.699503e+24 
1.250000e+03 1.097559e-17 5.660971e+24 
1.406250e+03 1.106507e-17 5.617506e+24 
1.562500e+03 1.116397e-17 5.570404e+24 
1.718750e+03 1.127449e-17 5.518595e+24 
1.875000e+03 1.139449e-17 5.463613e+24 
2.031250e+03 1.152635e-17 5.404139e+24 
2.187500e+03 1.166770e-17 5.342030e+24 
2.343750e+03 1.182100e-17 5.275790e+24 
2.500000e+03 1.198372e-17 5.207512e+24 
2.656250e+03 1.215824e-17 5.135667e+24 
2.812500e+03 1.234208e-17 5.062389e+24 
2.968750e+03 1.253738e-17 4.986266e+24 
3.125000e+03 1.274195e-17 4.909267e+24 
3.281250e+03 1.295759e-17 4.830193e+24 
3.437500e+03 1.318254e-17 4.750707e+24 
3.593750e+03 1.341831e-17 4.669860e+24 
3.750000e+03 1.366359e-17 4.588963e+24 
3.906250e+03 1.391965e-17 4.507292e+24 
4.062500e+03 1.418556e-17 4.425841e+24 
4.218750e+03 1.446247e-17 4.344064e+24 
4.375000e+03 1.474974e-17 4.262703e+24 
4.531250e+03 1.504845e-17 4.181334e+24 
4.687500e+03 1.535814e-17 4.100533e+24 
4.843750e+03 1.567995e-17 4.019939e+24 
5.000000e+03 1.601341e-17 3.940039e+24 
5.156250e+03 1.635980e-17 3.860490e+24 
5.312500e+03 1.671859e-17 3.781746e+24 
5.468750e+03 1.709122e-17 3.703450e+24 
5.625000e+03 1.747701e-17 3.626063e+24 
5.781250e+03 1.787765e-17 3.549195e+24 
5.937500e+03 1.829222e-17 3.473332e+24 
6.093750e+03 1.872267e-17 3.398045e+24 
6.250000e+03 1.916784e-17 3.323855e+24 
6.406250e+03 1.962996e-17 3.250288e+24 
6.562500e+03 2.010761e-17 3.177903e+24 
6.718750e+03 2.060329e-17 3.106185e+24 
6.875000e+03 2.111532e-17 3.035722e+24 
7.031250e+03 2.164650e-17 2.965969e+24 
7.187500e+03 2.219488e-17 2.897532e+24 
7.343750e+03 2.276354e-17 2.829842e+24 
7.500000e+03 2.335030e-17 2.763517e+24 
7.656250e+03 2.395852e-17 2.697973e+24 
7.812500e+03 2.458580e-17 2.633827e+24 
7.968750e+03 2.523578e-17 2.570489e+24 
8.125000e+03 2.590583e-17 2.508571e+24 
8.281250e+03 2.659991e-17 2.447479e+24 
8.437500e+03 2.731517e-17 2.387815e+24 
8.593750e+03 2.805588e-17 2.328989e+24 
8.750000e+03 2.881897e-17 2.271588e+24 
8.906250e+03 2.960906e-17 2.215028e+24 
9.062500e+03 3.042286e-17 2.159879e+24 
9.218750e+03 3.126534e-17 2.105568e+24 
9.375000e+03 3.213296e-17 2.052647e+24 
9.531250e+03 3.303112e-17 2.000555e+24 
9.687500e+03 3.395601e-17 1.949825e+24 
9.843750e+03 3.491345e-17 1.899909e+24 
1.000000e+04 3.589936e-17 1.851322e+24 
1.015625e+04 3.692002e-17 1.803533e+24 
1.031250e+04 3.797105e-17 1.757036e+24 
1.046875e+04 3.905924e-17 1.711316e+24 
1.062500e+04 4.017987e-17 1.666849e+24 
1.078125e+04 4.134027e-17 1.623138e+24 
1.093750e+04 4.253538e-17 1.580639e+24 
1.109375e+04 4.377309e-17 1.538874e+24 
1.125000e+04 4.504799e-17 1.498280e+24 
1.140625e+04 4.636854e-17 1.458396e+24 
1.156250e+04 4.772900e-17 1.419641e+24 
1.171875e+04 4.913844e-17 1.381573e+24 
1.187500e+04 5.059071e-17 1.344592e+24 
1.203125e+04 5.209559e-17 1.308275e+24 
1.218750e+04 5.364651e-17 1.273003e+24 
1.234375e+04 5.525397e-17 1.238371e+24 
1.250000e+04 5.691098e-17 1.204743e+24 
1.265625e+04 5.862881e-17 1.171731e+24 
1.281250e+04 6.040001e-17 1.139683e+24 
1.296875e+04 6.223674e-17 1.108227e+24 
1.312500e+04 6.413100e-17 1.077695e+24 
1.328125e+04 6.609593e-17 1.047732e+24 
1.343750e+04 6.812298e-17 1.018654e+24 
1.359375e+04 7.022631e-17 9.901218e+23 
1.375000e+04 7.239678e-17 9.624375e+23 
1.390625e+04 7.464969e-17 9.352752e+23 
1.406250e+04 7.697525e-17 9.089248e+23 
1.421875e+04 7.939002e-17 8.830741e+23 
1.437500e+04 8.188347e-17 8.580002e+23 
1.453125e+04 8.447355e-17 8.334044e+23 
1.468750e+04 8.714894e-17 8.095518e+23 
1.484375e+04 8.992909e-17 7.861563e+23 
1.500000e+04 9.280181e-17 7.634718e+23 
1.515625e+04 9.578823e-17 7.412245e+23 
1.531250e+04 9.887519e-17 7.196573e+23 
1.546875e+04 1.020856e-16 6.985083e+23 
1.562500e+04 1.054054e-16 6.780099e+23 
1.578125e+04 1.088593e-16 6.579116e+23 
1.593750e+04 1.124321e-16 6.384359e+23 
1.609375e+04 1.161508e-16 6.193431e+23 
1.625000e+04 1.199989e-16 6.008461e+23 
1.640625e+04 1.240059e-16 5.827158e+23 
1.656250e+04 1.281536e-16 5.651557e+23 
1.671875e+04 1.324742e-16 5.479468e+23 
1.687500e+04 1.369483e-16 5.312839e+23 
1.703125e+04 1.416105e-16 5.149575e+23 
1.718750e+04 1.464400e-16 4.991537e+23 
1.734375e+04 1.514744e-16 4.836727e+23 
1.750000e+04 1.566911e-16 4.686919e+23 
1.765625e+04 1.621310e-16 4.540205e+23 
1.781250e+04 1.677697e-16 4.398281e+23 
1.796875e+04 1.736516e-16 4.259324e+23 
1.812500e+04 1.797501e-16 4.124950e+23 
1.828125e+04 1.861136e-16 3.993421e+23 
1.843750e+04 1.927134e-16 3.866278e+23 
1.859375e+04 1.996018e-16 3.741862e+23 
1.875000e+04 2.067479e-16 3.621641e+23 
1.890625e+04 2.142084e-16 3.504033e+23 
1.906250e+04 2.219500e-16 3.390435e+23 
1.921875e+04 2.300341e-16 3.279337e+23 
1.937500e+04 2.384247e-16 3.172072e+23 
1.953125e+04 2.471882e-16 3.067199e+23 
1.968750e+04 2.562862e-16 2.965985e+23 
1.984375e+04 2.657902e-16 2.867055e+23 
2.000000e+04 2.756591e-16 2.771619e+23 
2.015625e+04 2.859699e-16 2.678360e+23 
2.031250e+04 2.966788e-16 2.588434e+23 
2.046875e+04 3.078690e-16 2.500581e+23 
2.062500e+04 3.194933e-16 2.415903e+23 
2.078125e+04 3.316415e-16 2.333196e+23 
2.093750e+04 3.442636e-16 2.253514e+23 
2.109375e+04 3.574559e-16 2.175700e+23 
2.125000e+04 3.711654e-16 2.100764e+23 
2.140625e+04 3.854959e-16 2.027597e+23 
2.156250e+04 4.003908e-16 1.957168e+23 
2.171875e+04 4.159625e-16 1.888407e+23 
2.187500e+04 4.321502e-16 1.822249e+23 
2.203125e+04 4.490759e-16 1.757663e+23 
2.218750e+04 4.666743e-16 1.695549e+23 
2.234375e+04 4.850783e-16 1.634911e+23 
2.250000e+04 5.042171e-16 1.576620e+23 
2.265625e+04 5.242368e-16 1.519713e+23 
2.281250e+04 5.450596e-16 1.465033e+23 
2.296875e+04 5.668473e-16 1.411645e+23 
2.312500e+04 5.895132e-16 1.360371e+23 
2.328125e+04 6.132391e-16 1.310301e+23 
2.343750e+04 6.379257e-16 1.262238e+23 
2.359375e+04 6.637804e-16 1.215294e+23 
2.375000e+04 6.906871e-16 1.170255e+23 
2.390625e+04 7.188858e-16 1.126254e+23 
2.406250e+04 7.482370e-16 1.084063e+23 
2.421875e+04 7.790233e-16 1.042834e+23 
2.437500e+04 8.110734e-16 1.003326e+23 
2.453125e+04 8.447243e-16 9.647095e+22 
2.468750e+04 8.797620e-16 9.277304e+22 
2.484375e+04 9.165933e-16 8.915802e+22 
2.500000e+04 9.549467e-16 8.569896e+22 
2.515625e+04 9.953176e-16 8.231736e+22 
2.531250e+04 1.037359e-15 7.908444e+22 
2.546875e+04 1.081676e-15 7.592449e+22 
2.562500e+04 1.127827e-15 7.290642e+22 
2.578125e+04 1.176546e-15 6.995786e+22 
2.593750e+04 1.227275e-15 6.714475e+22 
2.609375e+04 1.280903e-15 6.439874e+22 
2.625000e+04 1.336727e-15 6.178204e+22 
2.640625e+04 1.395812e-15 5.923105e+22 
2.656250e+04 1.457288e-15 5.680338e+22 
2.671875e+04 1.522410e-15 5.444091e+22 
2.687500e+04 1.590121e-15 5.219582e+22 
2.703125e+04 1.661872e-15 5.001607e+22 
2.718750e+04 1.736404e-15 4.794767e+22 
2.734375e+04 1.815359e-15 4.594512e+22 
2.750000e+04 1.897272e-15 4.404773e+22 
2.765625e+04 1.983951e-15 4.221670e+22 
2.781250e+04 2.073738e-15 4.048440e+22 
2.796875e+04 2.168566e-15 3.881870e+22 
2.812500e+04 2.266608e-15 3.724504e+22 
2.828125e+04 2.369865e-15 3.573763e+22 
2.843750e+04 2.476382e-15 3.431540e+22 
2.859375e+04 2.588155e-15 3.295834e+22 
2.875000e+04 2.703161e-15 3.167947e+22 
2.890625e+04 2.823302e-15 3.046391e+22 
2.906250e+04 2.946561e-15 2.931956e+22 
2.921875e+04 3.074652e-15 2.823595e+22 
2.937500e+04 3.205645e-15 2.721673e+22 
2.953125e+04 3.340972e-15 2.625511e+22 
2.968750e+04 3.478878e-15 2.535133e+22 
2.984375e+04 3.620421e-15 2.450170e+22 
3.000000e+04 3.764106e-15 2.370374e+22 
3.015625e+04 3.910529e-15 2.295639e+22 
3.031250e+04 4.058543e-15 2.225500e+22 
3.046875e+04 4.208195e-15 2.160087e+22 
3.062500e+04 4.358773e-15 2.098752e+22 
3.078125e+04 4.509687e-15 2.041844e+22 
3.093750e+04 4.660746e-15 1.988552e+22 
3.109375e+04 4.810624e-15 1.939449e+22 
3.125000e+04 4.959753e-15 1.893556e+22 
3.140625e+04 5.105950e-15 1.851692e+22 
3.156250e+04 5.250386e-15 1.812688e+22 
3.171875e+04 5.389877e-15 1.777641e+22 
3.187500e+04 5.526477e-15 1.745164e+22 
3.203125e+04 5.655818e-15 1.716679e+22 
3.218750e+04 5.781020e-15 1.690532e+22 
3.234375e+04 5.896318e-15 1.668529e+22 
3.250000e+04 6.006113e-15 1.648699e+22 
3.265625e+04 6.103006e-15 1.633298e+22 
3.281250e+04 6.192935e-15 1.619980e+22 
3.296875e+04 6.266628e-15 1.611523e+22 
3.312500e+04 6.331824e-15 1.605157e+22 
3.328125e+04 6.377192e-15 1.604254e+22 
3.343750e+04 6.412516e-15 1.605575e+22 
3.359375e+04 6.424317e-15 1.613159e+22 
3.375000e+04 6.424601e-15 1.623275e+22 
3.390625e+04 6.397828e-15 1.640687e+22 
3.406250e+04 6.358262e-15 1.661189e+22 
3.421875e+04 6.288651e-15 1.690304e+22 
3.437500e+04 6.205334e-15 1.723432e+22 
3.453125e+04 6.090022e-15 1.766828e+22 
3.468750e+04 5.960650e-15 1.815701e+22 
3.484375e+04 5.798957e-15 1.876897e+22 
3.500000e+04 5.623621e-15 1.945828e+22 
3.515625e+04 5.417880e-15 2.029553e+22 
3.531250e+04 5.199897e-15 2.124426e+22 
3.546875e+04 4.956241e-15 2.236838e+22 
3.562500e+04 4.702932e-15 2.365395e+22 
3.578125e+04 4.431938e-15 2.513887e+22 
3.593750e+04 4.155258e-15 2.685361e+22 
3.609375e+04 3.872357e-15 2.876896e+22 
3.625000e+04 3.589328e-15 3.099280e+22 
3.640625e+04 3.314883e-15 3.334579e+22 
3.656250e+04 3.047657e-15 3.605320e+22 
3.671875e+04 2.806304e-15 3.864434e+22 
3.687500e+04 2.581107e-15 4.149136e+22 
3.703125e+04 2.398651e-15 4.371847e+22 
3.718750e+04 2.240995e-15 4.584751e+22 
3.734375e+04 2.135173e-15 4.691234e+22 
3.750000e+04 2.057793e-15 4.748519e+22 
3.765625e+04 2.024149e-15 4.742662e+22 
3.781250e+04 2.013178e-15 4.687827e+22 
3.796875e+04 2.021010e-15 4.663489e+22 
3.812500e+04 2.038363e-15 4.618748e+22 
3.828125e+04 2.047922e-15 4.628860e+22 
3.843750e+04 2.055095e-15 4.643262e+22 
3.859375e+04 2.050821e-15 4.670473e+22 
3.875000e+04 2.042839e-15 4.705759e+22 
3.890625e+04 2.037132e-15 4.703719e+22 
3.906250e+04 2.031934e-15 4.700809e+22 
3.921875e+04 2.032807e-15 4.679051e+22 
3.937500e+04 2.034989e-15 4.654690e+22 
3.953125e+04 2.037596e-15 4.665421e+22 
3.968750e+04 2.037986e-15 4.682402e+22 
3.984375e+04 2.036216e-15 4.712233e+22 
4.000000e+04 2.035922e-15 4.737663e+22 
4.015625e+04 2.036216e-15 4.712233e+22 
4.031250e+04 2.037986e-15 4.682402e+22 
4.046875e+04 2.037596e-15 4.665421e+22 
4.062500e+04 2.034989e-15 4.654690e+22 
4.078125e+04 2.032807e-15 4.679051e+22 
4.093750e+04 2.031934e-15 4.700809e+22 
4.109375e+04 2.037132e-15 4.703719e+22 
4.125000e+04 2.042839e-15 4.705759e+22 
4.140625e+04 2.050821e-15 4.670473e+22 
4.156250e+04 2.055095e-15 4.643262e+22 
4.171875e+04 2.047922e-15 4.628860e+22 
4.187500e+04 2.038363e-15 4.618748e+22 
4.203125e+04 2.021010e-15 4.663489e+22 
4.218750e+04 2.013178e-15 4.687827e+22 
4.234375e+04 2.024149e-15 4.742662e+22 
4.250000e+04 2.057793e-15 4.748519e+22 
4.265625e+04 2.135173e-15 4.691234e+22 
4.281250e+04 2.240995e-15 4.584751e+22 
4.296875e+04 2.398651e-15 4.371847e+22 
4.312500e+04 2.581107e-15 4.149136e+22 
4.328125e+04 2.806304e-15 3.864434e+22 
4.343750e+04 3.047657e-15 3.605320e+22 
4.359375e+04 3.314883e-15 3.334579e+22 
4.375000e+04 3.589328e-15 3.099280e+22 
4.390625e+04 3.872357e-15 2.876896e+22 
4.406250e+04 4.155258e-15 2.685361e+22 
4.421875e+04 4.431938e-15 2.513887e+22 
4.437500e+04 4.702932e-15 2.365395e+22 
4.453125e+04 4.956241e-15 2.236838e+22 
4.468750e+04 5.199897e-15 2.124426e+22 
4.484375e+04 5.417880e-15 2.029553e+22 
4.500000e+04 5.623621e-15 1.945828e+22 
4.515625e+04 5.798957e-15 1.876897e+22 
4.531250e+04 5.960650e-15 1.815701e+22 
4.546875e+04 6.090022e-15 1.766828e+22 
4.562500e+04 6.205334e-15 1.723432e+22 
4.578125e+04 6.288651e-15 1.690304e+22 
4.593750e+04 6.358262e-15 1.661189e+22 
4.609375e+04 6.397828e-15 1.640687e+22 
4.625000e+04 6.424601e-15 1.623275e+22 
4.640625e+04 6.424317e-15 1.613159e+22 
4.656250e+04 6.412516e-15 1.605575e+22 
4.671875e+04 6.377192e-15 1.604254e+22 
4.687500e+04 6.331824e-15 1.605157e+22 
4.703125e+04 6.266628e-15 1.611523e+22 
4.718750e+04 6.192935e-15 1.619980e+22 
4.734375e+04 6.103006e-15 1.633298e+22 
4.750000e+04 6.006113e-15 1.648699e+22 
4.765625e+04 5.896318e-15 1.668529e+22 
4.781250e+04 5.781020e-15 1.690532e+22 
4.796875e+04 5.655818e-15 1.716679e+22 
4.812500e+04 5.526477e-15 1.745164e+22 
4.828125e+04 5.389877e-15 1.777641e+22 
4.843750e+04 5.250386e-15 1.812688e+22 
4.859375e+04 5.105950e-15 1.851692e+22 
4.875000e+04 4.959753e-15 1.893556e+22 
4.890625e+04 4.810624e-15 1.939449e+22 
4.906250e+04 4.660746e-15 1.988552e+22 
4.921875e+04 4.509687e-15 2.041844e+22 
4.937500e+04 4.358773e-15 2.098752e+22 
4.953125e+04 4.208195e-15 2.160087e+22 
4.968750e+04 4.058543e-15 2.225500e+22 
4.984375e+04 3.910529e-15 2.295639e+22 
5.000000e+04 3.764106e-15 2.370374e+22 
5.015625e+04 3.620421e-15 2.450170e+22 
5.031250e+04 3.478878e-15 2.535133e+22 
5.046875e+04 3.340972e-15 2.625511e+22 
5.062500e+04 3.205645e-15 2.721673e+22 
5.078125e+04 3.074652e-15 2.823595e+22 
5.093750e+04 2.946561e-15 2.931956e+22 
5.109375e+04 2.823302e-15 3.046391e+22 
5.125000e+04 2.703161e-15 3.167947e+22 
5.140625e+04 2.588155e-15 3.295834e+22 
5.156250e+04 2.476382e-15 3.431540e+22 
5.171875e+04 2.369865e-15 3.573763e+22 
5.187500e+04 2.266608e-15 3.724504e+22 
5.203125e+04 2.168566e-15 3.881870e+22 
5.218750e+04 2.073738e-15 4.048440e+22 
5.234375e+04 1.983951e-15 4.221670e+22 
5.250000e+04 1.897272e-15 4.404773e+22 
5.265625e+04 1.815359e-15 4.594512e+22 
5.281250e+04 1.736404e-15 4.794767e+22 
5.296875e+04 1.661872e-15 5.001607e+22 
5.312500e+04 1.590121e-15 5.219582e+22 
5.328125e+04 1.522410e-15 5.444091e+22 
5.343750e+04 1.457288e-15 5.680338e+22 
5.359375e+04 1.395812e-15 5.923105e+22 
5.375000e+04 1.336727e-15 6.178204e+22 
5.390625e+04 1.280903e-15 6.439874e+22 
5.406250e+04 1.227275e-15 6.714475e+22 
5.421875e+04 1.176546e-15 6.995786e+22 
5.437500e+04 1.127827e-15 7.290642e+22 
5.453125e+04 1.081676e-15 7.592449e+22 
5.468750e+04 1.037359e-15 7.908444e+22 
5.484375e+04 9.953176e-16 8.231736e+22 
5.500000e+04 9.549467e-16 8.569896e+22 
5.515625e+04 9.165933e-16 8.915802e+22 
5.531250e+04 8.797620e-16 9.277304e+22 
5.546875e+04 8.447243e-16 9.647095e+22 
5.562500e+04 8.110734e-16 1.003326e+23 
5.578125e+04 7.790233e-16 1.042834e+23 
5.593750e+04 7.482370e-16 1.084063e+23 
5.609375e+04 7.188858e-16 1.126254e+23 
5.625000e+04 6.906871e-16 1.170255e+23 
5.640625e+04 6.637804e-16 1.215294e+23 
5.656250e+04 6.379257e-16 1.262238e+23 
5.671875e+04 6.132391e-16 1.310301e+23 
5.687500e+04 5.895132e-16 1.360371e+23 
5.703125e+04 5.668473e-16 1.411645e+23 
5.718750e+04 5.450596e-16 1.465033e+23 
5.734375e+04 5.242368e-16 1.519713e+23 
5.750000e+04 5.042171e-16 1.576620e+23 
5.765625e+04 4.850783e-16 1.634911e+23 
5.781250e+04 4.666743e-16 1.695549e+23 
5.796875e+04 4.490759e-16 1.757663e+23 
5.812500e+04 4.321502e-16 1.822249e+23 
5.828125e+04 4.159625e-16 1.888407e+23 
5.843750e+04 4.003908e-16 1.957168e+23 
5.859375e+04 3.854959e-16 2.027597e+23 
5.875000e+04 3.711654e-16 2.100764e+23 
5.890625e+04 3.574559e-16 2.175700e+23 
5.906250e+04 3.442636e-16 2.253514e+23 
5.921875e+04 3.316415e-16 2.333196e+23 
5.937500e+04 3.194933e-16 2.415903e+23 
5.953125e+04 3.078690e-16 2.500581e+23 
5.968750e+04 2.966788e-16 2.588434e+23 
5.984375e+04 2.859699e-16 2.678360e+23 
6.000000e+04 2.756591e-16 2.771619e+23 
6.015625e+04 2.657902e-16 2.867055e+23 
6.031250e+04 2.562862e-16 2.965985e+23 
6.046875e+04 2.471882e-16 3.067199e+23 
6.062500e+04 2.384247e-16 3.172072e+23 
6.078125e+04 2.300341e-16 3.279337e+23 
6.093750e+04 2.219500e-16 3.390435e+23 
6.109375e+04 2.142084e-16 3.504033e+23 
6.125000e+04 2.067479e-16 3.621641e+23 
6.140625e+04 1.996018e-16 3.741862e+23 
6.156250e+04 1.927134e-16 3.866278e+23 
6.171875e+04 1.861136e-16 3.993421e+23 
6.187500e+04 1.797501e-16 4.124950e+23 
6.203125e+04 1.736516e-16 4.259324e+23 
6.218750e+04 1.677697e-16 4.398281e+23 
6.234375e+04 1.621310e-16 4.540205e+23 
6.250000e+04 1.566911e-16 4.686919e+23 
6.265625e+04 1.514744e-16 4.836727e+23 
6.281250e+04 1.464400e-16 4.991537e+23 
6.296875e+04 1.416105e-16 5.149575e+23 
6.312500e+04 1.369483e-16 5.312839e+23 
6.328125e+04 1.324742e-16 5.479468e+23 
6.343750e+04 1.281536e-16 5.651557e+23 
6.359375e+04 1.240059e-16 5.827158e+23 
6.375000e+04 1.199989e-16 6.008461e+23 
6.390625e+04 1.161508e-16 6.193431e+23 
6.406250e+04 1.124321e-16 6.384359e+23 
6.421875e+04 1.088593e-16 6.579116e+23 
6.437500e+04 1.054054e-16 6.780099e+23 
6.453125e+04 1.020856e-16 6.985083e+23 
6.468750e+04 9.887519e-17 7.196573e+23 
6.484375e+04 9.578823e-17 7.412245e+23 
6.500000e+04 9.280181e-17 7.634718e+23 
6.515625e+04 8.992909e-17 7.861563e+23 
6.531250e+04 8.714894e-17 8.095518e+23 
6.546875e+04 8.447355e-17 8.334044e+23 
6.562500e+04 8.188347e-17 8.580002e+23 
6.578125e+04 7.939002e-17 8.830741e+23 
6.593750e+04 7.697525e-17 9.089248e+23 
6.609375e+04 7.464969e-17 9.352752e+23 
6.625000e+04 7.239678e-17 9.624375e+23 
6.640625e+04 7.022631e-17 9.901218e+23 
6.656250e+04 6.812298e-17 1.018654e+24 
6.671875e+04 6.609593e-17 1.047732e+24 
6.687500e+04 6.413100e-17 1.077695e+24 
6.703125e+04 6.223674e-17 1.108227e+24 
6.718750e+04 6.040001e-17 1.139683e+24 
6.734375e+04 5.862881e-17 1.171731e+24 
6.750000e+04 5.691098e-17 1.204743e+24 
6.765625e+04 5.525397e-17 1.238371e+24 
6.781250e+04 5.364651e-17 1.273003e+24 
6.796875e+04 5.209559e-17 1.308275e+24 
6.812500e+04 5.059071e-17 1.344592e+24 
6.828125e+04 4.913844e-17 1.381573e+24 
6.843750e+04 4.772900e-17 1.419641e+24 
6.859375e+04 4.636854e-17 1.458396e+24 
6.875000e+04 4.504799e-17 1.498280e+24 
6.890625e+04 4.377309e-17 1.538874e+24 
6.906250e+04 4.253538e-17 1.580639e+24 
6.921875e+04 4.134027e-17 1.623138e+24 
6.937500e+04 4.017987e-17 1.666849e+24 
6.953125e+04 3.905924e-17 1.711316e+24 
6.968750e+04 3.797105e-17 1.757036e+24 
6.984375e+04 3.692002e-17 1.803533e+24 
7.000000e+04 3.589936e-17 1.851322e+24 
7.015625e+04 3.491345e-17 1.899909e+24 
7.031250e+04 3.395601e-17 1.949825e+24 
7.046875e+04 3.303112e-17 2.000555e+24 
7.062500e+04 3.213296e-17 2.052647e+24 
7.078125e+04 3.126534e-17 2.105568e+24 
7.093750e+04 3.042286e-17 2.159879e+24 
7.109375e+04 2.960906e-17 2.215028e+24 
7.125000e+04 2.881897e-17 2.271588e+24 
7.140625e+04 2.805588e-17 2.328989e+24 
7.156250e+04 2.731517e-17 2.387815e+24 
7.171875e+04 2.659991e-17 2.447479e+24 
7.187500e+04 2.590583e-17 2.508571e+24 
7.203125e+04 2.523578e-17 2.570489e+24 
7.218750e+04 2.458580e-17 2.633827e+24 
7.234375e+04 2.395852e-17 2.697973e+24 
7.250000e+04 2.335030e-17 2.763517e+24 
7.265625e+04 2.276354e-17 2.829842e+24 
7.281250e+04 2.219488e-17 2.897532e+24 
7.296875e+04 2.164650e-17 2.965969e+24 
7.312500e+04 2.111532e-17 3.035722e+24 
7.328125e+04 2.060329e-17 3.106185e+24 
7.343750e+04 2.010761e-17 3.177903e+24 
7.359375e+04 1.962996e-17 3.250288e+24 
7.375000e+04 1.916784e-17 3.323855e+24 
7.390625e+04 1.872267e-17 3.398045e+24 
7.406250e+04 1.829222e-17 3.473332e+24 
7.421875e+04 1.787765e-17 3.549195e+24 
7.437500e+04 1.747701e-17 3.626063e+24 
7.453125e+04 1.709122e-17 3.703450e+24 
7.468750e+04 1.671859e-17 3.781746e+24 
7.484375e+04 1.635980e-17 3.860490e+24 
7.500000e+04 1.601341e-17 3.940039e+24 
7.515625e+04 1.567995e-17 4.019939e+24 
7.531250e+04 1.535814e-17 4.100533e+24 
7.546875e+04 1.504845e-17 4.181334e+24 
7.562500e+04 1.474974e-17 4.262703e+24 
7.578125e+04 1.446247e-17 4.344064e+24 
7.593750e+04 1.418556e-17 4.425841e+24 
7.609375e+04 1.391965e-17 4.507292e+24 
7.625000e+04 1.366359e-17 4.588963e+24 
7.640625e+04 1.341831e-17 4.669860e+24 
7.656250e+04 1.318254e-17 4.750707e+24 
7.671875e+04 1.295759e-17 4.830193e+24 
7.687500e+04 1.274195e-17 4.909267e+24 
7.703125e+04 1.253738e-17 4.986266e+24 
7.718750e+04 1.234208e-17 5.062389e+24 
7.734375e+04 1.215824e-17 5.135667e+24 
7.750000e+04 1.198372e-17 5.207512e+24 
7.765625e+04 1.182100e-17 5.275790e+24 
7.781250e+04 1.166770e-17 5.342030e+24 
7.796875e+04 1.152635e-17 5.404139e+24 
7.812500e+04 1.139449e-17 5.463613e+24 
7.828125e+04 1.127449e-17 5.518595e+24 
7.843750e+04 1.116397e-17 5.570404e+24 
7.859375e+04 1.106507e-17 5.617506e+24 
7.875000e+04 1.097559e-17 5.660971e+24 
7.890625e+04 1.089749e-17 5.699503e+24 
7.906250e+04 1.082877e-17 5.734000e+24 
7.921875e+04 1.077136e-17 5.763193e+24 
7.937500e+04 1.072335e-17 5.788005e+24 
7.953125e+04 1.068679e-17 5.807003e+24 
7.968750e+04 1.065970e-17 5.821342e+24 
7.984375e+04 1.064429e-17 5.829399e+24 
8.000000e+04 1.063840e-17 5.832636e+24 
