0.000000e+00 8.458567e-19 1.000000e+25 
4.166667e+02 8.473647e-19 1.000000e+25 
8.333333e+02 8.501439e-19 1.000000e+25 
1.250000e+03 8.559413e-19 1.000000e+25 
1.666667e+03 8.629985e-19 1.000000e+25 
2.083333e+03 8.730781e-19 1.000000e+25 
2.500000e+03 8.843952e-19 1.000000e+25 
2.916667e+03 8.987292e-19 1.000000e+25 
3.333333e+03 9.142674e-19 1.000000e+25 
3.750000e+03 9.327925e-19 1.000000e+25 
4.166667e+03 9.524772e-19 1.000000e+25 
4.583333e+03 9.750692e-19 1.000000e+25 
5.000000e+03 9.987630e-19 1.000000e+25 
5.416667e+03 1.025214e-18 1.000000e+25 
5.833333e+03 1.052696e-18 1.000000e+25 
6.250000e+03 1.082707e-18 1.000000e+25 
6.666667e+03 1.113678e-18 1.000000e+25 
7.083333e+03 1.146887e-18 1.000000e+25 
7.500000e+03 1.180994e-18 1.000000e+25 
7.916667e+03 1.217023e-18 1.000000e+25 
8.333333e+03 1.253926e-18 1.000000e+25 
8.750000e+03 1.292498e-18 1.000000e+25 
9.166667e+03 1.331996e-18 1.000000e+25 
9.583333e+03 1.373046e-18 1.000000e+25 
1.000000e+04 1.415167e-18 1.000000e+25 
1.041667e+04 1.458910e-18 1.000000e+25 
1.083333e+04 1.503952e-18 1.000000e+25 
1.125000e+04 1.550899e-18 1.000000e+25 
1.166667e+04 1.599433e-18 1.000000e+25 
1.208333e+04 1.650654e-18 1.000000e+25 
1.250000e+04 1.704136e-18 1.000000e+25 
1.291667e+04 1.762648e-18 1.000000e+25 
1.333333e+04 1.825072e-18 1.000000e+25 
1.375000e+04 1.894704e-18 1.000000e+25 
1.416667e+04 1.968573e-18 1.000000e+25 
1.458333e+04 2.047609e-18 1.000000e+25 
1.500000e+04 2.129558e-18 1.000000e+25 
1.541667e+04 2.217334e-18 1.000000e+25 
1.583333e+04 2.314036e-18 1.000000e+25 
1.625000e+04 2.426648e-18 1.000000e+25 
1.666667e+04 2.514057e-18 1.000000e+25 
1.708333e+04 2.596847e-18 1.000000e+25 
1.750000e+04 2.710110e-18 1.000000e+25 
1.791667e+04 3.256149e-18 1.000000e+25 
1.833333e+04 4.162103e-18 1.000000e+25 
1.875000e+04 5.502276e-18 1.000000e+25 
1.916667e+04 7.067298e-18 7.862528e+24 
1.958333e+04 9.062138e-18 6.187912e+24 
2.000000e+04 1.140446e-17 4.960576e+24 
2.041667e+04 1.454827e-17 3.923450e+24 
2.083333e+04 1.822683e-17 3.158697e+24 
2.125000e+04 2.316334e-17 2.508035e+24 
2.166667e+04 2.894034e-17 2.024957e+24 
2.208333e+04 3.666420e-17 1.612135e+24 
2.250000e+04 4.569279e-17 1.304367e+24 
2.291667e+04 5.776322e-17 1.039874e+24 
2.333333e+04 7.185687e-17 8.422467e+23 
2.375000e+04 9.074064e-17 6.717612e+23 
2.416667e+04 1.127433e-16 5.444211e+23 
2.458333e+04 1.423009e-16 4.342246e+23 
2.500000e+04 1.766292e-16 3.520997e+23 
2.541667e+04 2.228555e-16 2.808866e+23 
2.583333e+04 2.763136e-16 2.279810e+23 
2.625000e+04 3.482584e-16 1.821516e+23 
2.666667e+04 4.309791e-16 1.481976e+23 
2.708333e+04 5.414185e-16 1.189333e+23 
2.750000e+04 6.673940e-16 9.725866e+22 
2.791667e+04 8.326649e-16 7.870872e+22 
2.833333e+04 1.019169e-15 6.491828e+22 
2.875000e+04 1.257655e-15 5.318613e+22 
2.916667e+04 1.523050e-15 4.439465e+22 
2.958333e+04 1.851490e-15 3.695428e+22 
3.000000e+04 2.210492e-15 3.131674e+22 
3.041667e+04 2.635640e-15 2.659707e+22 
3.083333e+04 3.089175e-15 2.297561e+22 
3.125000e+04 3.590777e-15 2.003280e+22 
3.166667e+04 4.106513e-15 1.775017e+22 
3.208333e+04 4.611686e-15 1.603574e+22 
3.250000e+04 5.098322e-15 1.471293e+22 
3.291667e+04 5.461317e-15 1.394984e+22 
3.333333e+04 5.756446e-15 1.343789e+22 
3.375000e+04 5.782347e-15 1.359266e+22 
3.416667e+04 5.697097e-15 1.401347e+22 
3.458333e+04 5.281741e-15 1.532928e+22 
3.500000e+04 4.772526e-15 1.720114e+22 
3.541667e+04 4.082479e-15 2.026079e+22 
3.583333e+04 3.379701e-15 2.465766e+22 
3.625000e+04 2.815340e-15 2.928191e+22 
3.666667e+04 2.306229e-15 3.534930e+22 
3.708333e+04 2.156317e-15 3.705766e+22 
3.750000e+04 2.129113e-15 3.676745e+22 
3.791667e+04 2.142652e-15 3.685176e+22 
3.833333e+04 2.149380e-15 3.705271e+22 
3.875000e+04 2.183802e-15 3.621618e+22 
3.916667e+04 2.215896e-15 3.544378e+22 
3.958333e+04 2.191313e-15 3.618225e+22 
4.000000e+04 2.158439e-15 3.708013e+22 
4.041667e+04 2.191313e-15 3.618225e+22 
4.083333e+04 2.215896e-15 3.544378e+22 
4.125000e+04 2.183802e-15 3.621618e+22 
4.166667e+04 2.149380e-15 3.705271e+22 
4.208333e+04 2.142652e-15 3.685176e+22 
4.250000e+04 2.129113e-15 3.676745e+22 
4.291667e+04 2.156317e-15 3.705766e+22 
4.333333e+04 2.306229e-15 3.534930e+22 
4.375000e+04 2.815340e-15 2.928191e+22 
4.416667e+04 3.379701e-15 2.465766e+22 
4.458333e+04 4.082479e-15 2.026079e+22 
4.500000e+04 4.772526e-15 1.720114e+22 
4.541667e+04 5.281741e-15 1.532928e+22 
4.583333e+04 5.697097e-15 1.401347e+22 
4.625000e+04 5.782347e-15 1.359266e+22 
4.666667e+04 5.756446e-15 1.343789e+22 
4.708333e+04 5.461317e-15 1.394984e+22 
4.750000e+04 5.098322e-15 1.471293e+22 
4.791667e+04 4.611686e-15 1.603574e+22 
4.833333e+04 4.106513e-15 1.775017e+22 
4.875000e+04 3.590777e-15 2.003280e+22 
4.916667e+04 3.089175e-15 2.297561e+22 
4.958333e+04 2.635640e-15 2.659707e+22 
5.000000e+04 2.210492e-15 3.131674e+22 
5.041667e+04 1.851490e-15 3.695428e+22 
5.083333e+04 1.523050e-15 4.439465e+22 
5.125000e+04 1.257655e-15 5.318613e+22 
5.166667e+04 1.019169e-15 6.491828e+22 
5.208333e+04 8.326649e-16 7.870872e+22 
5.250000e+04 6.673940e-16 9.725866e+22 
5.291667e+04 5.414185e-16 1.189333e+23 
5.333333e+04 4.309791e-16 1.481976e+23 
5.375000e+04 3.482584e-16 1.821516e+23 
5.416667e+04 2.763136e-16 2.279810e+23 
5.458333e+04 2.228555e-16 2.808866e+23 
5.500000e+04 1.766292e-16 3.520997e+23 
5.541667e+04 1.423009e-16 4.342246e+23 
5.583333e+04 1.127433e-16 5.444211e+23 
5.625000e+04 9.074064e-17 6.717612e+23 
5.666667e+04 7.185687e-17 8.422467e+23 
5.708333e+04 5.776322e-17 1.039874e+24 
5.750000e+04 4.569279e-17 1.304367e+24 
5.791667e+04 3.666420e-17 1.612135e+24 
5.833333e+04 2.894034e-17 2.024957e+24 
5.875000e+04 2.316334e-17 2.508035e+24 
5.916667e+04 1.822683e-17 3.158697e+24 
5.958333e+04 1.454827e-17 3.923450e+24 
6.000000e+04 1.140446e-17 4.960576e+24 
6.041667e+04 9.062138e-18 6.187912e+24 
6.083333e+04 7.067298e-18 7.862528e+24 
6.125000e+04 5.502276e-18 1.000000e+25 
6.166667e+04 4.162103e-18 1.000000e+25 
6.208333e+04 3.256149e-18 1.000000e+25 
6.250000e+04 2.710110e-18 1.000000e+25 
6.291667e+04 2.596847e-18 1.000000e+25 
6.333333e+04 2.514057e-18 1.000000e+25 
6.375000e+04 2.426648e-18 1.000000e+25 
6.416667e+04 2.314036e-18 1.000000e+25 
6.458333e+04 2.217334e-18 1.000000e+25 
6.500000e+04 2.129558e-18 1.000000e+25 
6.541667e+04 2.047609e-18 1.000000e+25 
6.583333e+04 1.968573e-18 1.000000e+25 
6.625000e+04 1.894704e-18 1.000000e+25 
6.666667e+04 1.825072e-18 1.000000e+25 
6.708333e+04 1.762648e-18 1.000000e+25 
6.750000e+04 1.704136e-18 1.000000e+25 
6.791667e+04 1.650654e-18 1.000000e+25 
6.833333e+04 1.599433e-18 1.000000e+25 
6.875000e+04 1.550899e-18 1.000000e+25 
6.916667e+04 1.503952e-18 1.000000e+25 
6.958333e+04 1.458910e-18 1.000000e+25 
7.000000e+04 1.415167e-18 1.000000e+25 
7.041667e+04 1.373046e-18 1.000000e+25 
7.083333e+04 1.331996e-18 1.000000e+25 
7.125000e+04 1.292498e-18 1.000000e+25 
7.166667e+04 1.253926e-18 1.000000e+25 
7.208333e+04 1.217023e-18 1.000000e+25 
7.250000e+04 1.180994e-18 1.000000e+25 
7.291667e+04 1.146887e-18 1.000000e+25 
7.333333e+04 1.113678e-18 1.000000e+25 
7.375000e+04 1.082707e-18 1.000000e+25 
7.416667e+04 1.052696e-18 1.000000e+25 
7.458333e+04 1.025214e-18 1.000000e+25 
7.500000e+04 9.987630e-19 1.000000e+25 
7.541667e+04 9.750692e-19 1.000000e+25 
7.583333e+04 9.524772e-19 1.000000e+25 
7.625000e+04 9.327925e-19 1.000000e+25 
7.666667e+04 9.142674e-19 1.000000e+25 
7.708333e+04 8.987292e-19 1.000000e+25 
7.750000e+04 8.843952e-19 1.000000e+25 
7.791667e+04 8.730781e-19 1.000000e+25 
7.833333e+04 8.629985e-19 1.000000e+25 
7.875000e+04 8.559413e-19 1.000000e+25 
7.916667e+04 8.501439e-19 1.000000e+25 
7.958333e+04 8.473647e-19 1.000000e+25 
8.000000e+04 8.458567e-19 1.000000e+25 
