0.000000e+00 1.062845e-19 1.000000e+25 
3.125000e+02 1.063454e-19 1.000000e+25 
6.250000e+02 1.065021e-19 1.000000e+25 
9.375000e+02 1.067806e-19 1.000000e+25 
1.250000e+03 1.071551e-19 1.000000e+25 
1.562500e+03 1.076515e-19 1.000000e+25 
1.875000e+03 1.082439e-19 1.000000e+25 
2.187500e+03 1.089586e-19 1.000000e+25 
2.500000e+03 1.097696e-19 1.000000e+25 
2.812500e+03 1.107038e-19 1.000000e+25 
3.125000e+03 1.117348e-19 1.000000e+25 
3.437500e+03 1.128910e-19 1.000000e+25 
3.750000e+03 1.141448e-19 1.000000e+25 
4.062500e+03 1.155275e-19 1.000000e+25 
4.375000e+03 1.170091e-19 1.000000e+25 
4.687500e+03 1.186259e-19 1.000000e+25 
5.000000e+03 1.203437e-19 1.000000e+25 
5.312500e+03 1.222057e-19 1.000000e+25 
5.625000e+03 1.241720e-19 1.000000e+25 
5.937500e+03 1.262946e-19 1.000000e+25 
6.250000e+03 1.285253e-19 1.000000e+25 
6.562500e+03 1.309269e-19 1.000000e+25 
6.875000e+03 1.334412e-19 1.000000e+25 
7.187500e+03 1.361414e-19 1.000000e+25 
7.500000e+03 1.389592e-19 1.000000e+25 
7.812500e+03 1.419800e-19 1.000000e+25 
8.125000e+03 1.451233e-19 1.000000e+25 
8.437500e+03 1.484787e-19 1.000000e+25 
8.750000e+03 1.519606e-19 1.000000e+25 
9.062500e+03 1.556897e-19 1.000000e+25 
9.375000e+03 1.595591e-19 1.000000e+25 
9.687500e+03 1.636159e-19 1.000000e+25 
1.000000e+04 1.677727e-19 1.000000e+25 
1.031250e+04 1.722451e-19 1.000000e+25 
1.062500e+04 1.769887e-19 1.000000e+25 
1.093750e+04 1.820364e-19 1.000000e+25 
1.125000e+04 1.872257e-19 1.000000e+25 
1.156250e+04 1.910831e-19 1.000000e+25 
1.187500e+04 1.932389e-19 1.000000e+25 
1.218750e+04 2.033901e-19 1.000000e+25 
1.250000e+04 2.279950e-19 1.000000e+25 
1.281250e+04 2.650572e-19 1.000000e+25 
1.312500e+04 3.047781e-19 1.000000e+25 
1.343750e+04 3.492038e-19 1.000000e+25 
1.375000e+04 3.986665e-19 1.000000e+25 
1.406250e+04 4.576243e-19 1.000000e+25 
1.437500e+04 5.231905e-19 9.556792e+24 
1.468750e+04 6.015174e-19 8.312470e+24 
1.500000e+04 6.882243e-19 7.265096e+24 
1.531250e+04 7.913826e-19 6.318167e+24 
1.562500e+04 9.056178e-19 5.521110e+24 
1.593750e+04 1.042077e-18 4.798197e+24 
1.625000e+04 1.193352e-18 4.189895e+24 
1.656250e+04 1.374649e-18 3.637363e+24 
1.687500e+04 1.575717e-18 3.173171e+24 
1.718750e+04 1.817143e-18 2.751630e+24 
1.750000e+04 2.085100e-18 2.397976e+24 
1.781250e+04 2.407576e-18 2.076823e+24 
1.812500e+04 2.765888e-18 1.807745e+24 
1.843750e+04 3.198188e-18 1.563421e+24 
1.875000e+04 3.679110e-18 1.359030e+24 
1.906250e+04 4.260728e-18 1.173537e+24 
1.937500e+04 4.908568e-18 1.018632e+24 
1.968750e+04 5.693808e-18 8.781692e+23 
2.000000e+04 6.569566e-18 7.610892e+23 
2.031250e+04 7.633366e-18 6.550363e+23 
2.062500e+04 8.821329e-18 5.668110e+23 
2.093750e+04 1.026750e-17 4.869871e+23 
2.125000e+04 1.188454e-17 4.207168e+23 
2.156250e+04 1.385733e-17 3.608302e+23 
2.187500e+04 1.606603e-17 3.112173e+23 
2.218750e+04 1.876639e-17 2.664416e+23 
2.250000e+04 2.179343e-17 2.294282e+23 
2.281250e+04 2.550174e-17 1.960710e+23 
2.312500e+04 2.966366e-17 1.685573e+23 
2.343750e+04 3.477113e-17 1.438019e+23 
2.375000e+04 4.051001e-17 1.234269e+23 
2.406250e+04 4.756176e-17 1.051298e+23 
2.437500e+04 5.549403e-17 9.010025e+22 
2.468750e+04 6.524796e-17 7.663320e+22 
2.500000e+04 7.623124e-17 6.559022e+22 
2.531250e+04 8.974072e-17 5.571785e+22 
2.562500e+04 1.049674e-16 4.763406e+22 
2.593750e+04 1.237067e-16 4.041946e+22 
2.625000e+04 1.448450e-16 3.451979e+22 
2.656250e+04 1.709235e-16 2.925377e+22 
2.687500e+04 2.003575e-16 2.495546e+22 
2.718750e+04 2.369119e-16 2.110554e+22 
2.750000e+04 2.781827e-16 1.797382e+22 
2.781250e+04 3.300493e-16 1.514969e+22 
2.812500e+04 3.886067e-16 1.286648e+22 
2.843750e+04 4.632085e-16 1.079455e+22 
2.875000e+04 5.473432e-16 9.135037e+21 
2.906250e+04 6.553177e-16 7.630044e+21 
2.937500e+04 7.766234e-16 6.438127e+21 
2.968750e+04 9.315039e-16 5.367744e+21 
3.000000e+04 1.104150e-15 4.528371e+21 
3.031250e+04 1.320966e-15 3.785146e+21 
3.062500e+04 1.559969e-15 3.205194e+21 
3.093750e+04 1.853252e-15 2.697974e+21 
3.125000e+04 2.172358e-15 2.301648e+21 
3.156250e+04 2.553331e-15 1.958230e+21 
3.187500e+04 2.961819e-15 1.688154e+21 
3.218750e+04 3.432797e-15 1.456539e+21 
3.250000e+04 3.928820e-15 1.272649e+21 
3.281250e+04 4.472205e-15 1.118017e+21 
3.312500e+04 5.030392e-15 9.939594e+20 
3.343750e+04 5.592046e-15 8.941292e+20 
3.375000e+04 6.146654e-15 8.134511e+20 
3.406250e+04 6.619826e-15 7.553115e+20 
3.437500e+04 7.052050e-15 7.090137e+20 
3.468750e+04 7.276800e-15 6.871221e+20 
3.500000e+04 7.420849e-15 6.737781e+20 
3.531250e+04 7.232199e-15 6.913588e+20 
3.562500e+04 6.940861e-15 7.203753e+20 
3.593750e+04 6.294328e-15 7.943678e+20 
3.625000e+04 5.571977e-15 8.973541e+20 
3.656250e+04 4.658779e-15 1.073247e+21 
3.687500e+04 3.733848e-15 1.339102e+21 
3.718750e+04 3.003322e-15 1.664981e+21 
3.750000e+04 2.347419e-15 2.130040e+21 
3.781250e+04 2.060180e-15 2.427048e+21 
3.812500e+04 1.868973e-15 2.675266e+21 
3.843750e+04 1.797851e-15 2.781098e+21 
3.875000e+04 1.753047e-15 2.852179e+21 
3.906250e+04 1.723202e-15 2.901577e+21 
3.937500e+04 1.687439e-15 2.963077e+21 
3.968750e+04 1.673991e-15 2.986874e+21 
4.000000e+04 1.666714e-15 2.999915e+21 
4.031250e+04 1.673991e-15 2.986874e+21 
4.062500e+04 1.687439e-15 2.963077e+21 
4.093750e+04 1.723202e-15 2.901577e+21 
4.125000e+04 1.753047e-15 2.852179e+21 
4.156250e+04 1.797851e-15 2.781098e+21 
4.187500e+04 1.868973e-15 2.675266e+21 
4.218750e+04 2.060180e-15 2.427048e+21 
4.250000e+04 2.347419e-15 2.130040e+21 
4.281250e+04 3.003322e-15 1.664981e+21 
4.312500e+04 3.733848e-15 1.339102e+21 
4.343750e+04 4.658779e-15 1.073247e+21 
4.375000e+04 5.571977e-15 8.973541e+20 
4.406250e+04 6.294328e-15 7.943678e+20 
4.437500e+04 6.940861e-15 7.203753e+20 
4.468750e+04 7.232199e-15 6.913588e+20 
4.500000e+04 7.420849e-15 6.737781e+20 
4.531250e+04 7.276800e-15 6.871221e+20 
4.562500e+04 7.052050e-15 7.090137e+20 
4.593750e+04 6.619826e-15 7.553115e+20 
4.625000e+04 6.146654e-15 8.134511e+20 
4.656250e+04 5.592046e-15 8.941292e+20 
4.687500e+04 5.030392e-15 9.939594e+20 
4.718750e+04 4.472205e-15 1.118017e+21 
4.750000e+04 3.928820e-15 1.272649e+21 
4.781250e+04 3.432797e-15 1.456539e+21 
4.812500e+04 2.961819e-15 1.688154e+21 
4.843750e+04 2.553331e-15 1.958230e+21 
4.875000e+04 2.172358e-15 2.301648e+21 
4.906250e+04 1.853252e-15 2.697974e+21 
4.937500e+04 1.559969e-15 3.205194e+21 
4.968750e+04 1.320966e-15 3.785146e+21 
5.000000e+04 1.104150e-15 4.528371e+21 
5.031250e+04 9.315039e-16 5.367744e+21 
5.062500e+04 7.766234e-16 6.438127e+21 
5.093750e+04 6.553177e-16 7.630044e+21 
5.125000e+04 5.473432e-16 9.135037e+21 
5.156250e+04 4.632085e-16 1.079455e+22 
5.187500e+04 3.886067e-16 1.286648e+22 
5.218750e+04 3.300493e-16 1.514969e+22 
5.250000e+04 2.781827e-16 1.797382e+22 
5.281250e+04 2.369119e-16 2.110554e+22 
5.312500e+04 2.003575e-16 2.495546e+22 
5.343750e+04 1.709235e-16 2.925377e+22 
5.375000e+04 1.448450e-16 3.451979e+22 
5.406250e+04 1.237067e-16 4.041946e+22 
5.437500e+04 1.049674e-16 4.763406e+22 
5.468750e+04 8.974072e-17 5.571785e+22 
5.500000e+04 7.623124e-17 6.559022e+22 
5.531250e+04 6.524796e-17 7.663320e+22 
5.562500e+04 5.549403e-17 9.010025e+22 
5.593750e+04 4.756176e-17 1.051298e+23 
5.625000e+04 4.051001e-17 1.234269e+23 
5.656250e+04 3.477113e-17 1.438019e+23 
5.687500e+04 2.966366e-17 1.685573e+23 
5.718750e+04 2.550174e-17 1.960710e+23 
5.750000e+04 2.179343e-17 2.294282e+23 
5.781250e+04 1.876639e-17 2.664416e+23 
5.812500e+04 1.606603e-17 3.112173e+23 
5.843750e+04 1.385733e-17 3.608302e+23 
5.875000e+04 1.188454e-17 4.207168e+23 
5.906250e+04 1.026750e-17 4.869871e+23 
5.937500e+04 8.821329e-18 5.668110e+23 
5.968750e+04 7.633366e-18 6.550363e+23 
6.000000e+04 6.569566e-18 7.610892e+23 
6.031250e+04 5.693808e-18 8.781692e+23 
6.062500e+04 4.908568e-18 1.018632e+24 
6.093750e+04 4.260728e-18 1.173537e+24 
6.125000e+04 3.679110e-18 1.359030e+24 
6.156250e+04 3.198188e-18 1.563421e+24 
6.187500e+04 2.765888e-18 1.807745e+24 
6.218750e+04 2.407576e-18 2.076823e+24 
6.250000e+04 2.085100e-18 2.397976e+24 
6.281250e+04 1.817143e-18 2.751630e+24 
6.312500e+04 1.575717e-18 3.173171e+24 
6.343750e+04 1.374649e-18 3.637363e+24 
6.375000e+04 1.193352e-18 4.189895e+24 
6.406250e+04 1.042077e-18 4.798197e+24 
6.437500e+04 9.056178e-19 5.521110e+24 
6.468750e+04 7.913826e-19 6.318167e+24 
6.500000e+04 6.882243e-19 7.265096e+24 
6.531250e+04 6.015174e-19 8.312470e+24 
6.562500e+04 5.231905e-19 9.556792e+24 
6.593750e+04 4.576243e-19 1.000000e+25 
6.625000e+04 3.986665e-19 1.000000e+25 
6.656250e+04 3.492038e-19 1.000000e+25 
6.687500e+04 3.047781e-19 1.000000e+25 
6.718750e+04 2.650572e-19 1.000000e+25 
6.750000e+04 2.279950e-19 1.000000e+25 
6.781250e+04 2.033901e-19 1.000000e+25 
6.812500e+04 1.932389e-19 1.000000e+25 
6.843750e+04 1.910831e-19 1.000000e+25 
6.875000e+04 1.872257e-19 1.000000e+25 
6.906250e+04 1.820364e-19 1.000000e+25 
6.937500e+04 1.769887e-19 1.000000e+25 
6.968750e+04 1.722451e-19 1.000000e+25 
7.000000e+04 1.677727e-19 1.000000e+25 
7.031250e+04 1.636159e-19 1.000000e+25 
7.062500e+04 1.595591e-19 1.000000e+25 
7.093750e+04 1.556897e-19 1.000000e+25 
7.125000e+04 1.519606e-19 1.000000e+25 
7.156250e+04 1.484787e-19 1.000000e+25 
7.187500e+04 1.451233e-19 1.000000e+25 
7.218750e+04 1.419800e-19 1.000000e+25 
7.250000e+04 1.389592e-19 1.000000e+25 
7.281250e+04 1.361414e-19 1.000000e+25 
7.312500e+04 1.334412e-19 1.000000e+25 
7.343750e+04 1.309269e-19 1.000000e+25 
7.375000e+04 1.285253e-19 1.000000e+25 
7.406250e+04 1.262946e-19 1.000000e+25 
7.437500e+04 1.241720e-19 1.000000e+25 
7.468750e+04 1.222057e-19 1.000000e+25 
7.500000e+04 1.203437e-19 1.000000e+25 
7.531250e+04 1.186259e-19 1.000000e+25 
7.562500e+04 1.170091e-19 1.000000e+25 
7.593750e+04 1.155275e-19 1.000000e+25 
7.625000e+04 1.141448e-19 1.000000e+25 
7.656250e+04 1.128910e-19 1.000000e+25 
7.687500e+04 1.117348e-19 1.000000e+25 
7.718750e+04 1.107038e-19 1.000000e+25 
7.750000e+04 1.097696e-19 1.000000e+25 
7.781250e+04 1.089586e-19 1.000000e+25 
7.812500e+04 1.082439e-19 1.000000e+25 
7.843750e+04 1.076515e-19 1.000000e+25 
7.875000e+04 1.071551e-19 1.000000e+25 
7.906250e+04 1.067806e-19 1.000000e+25 
7.937500e+04 1.065021e-19 1.000000e+25 
7.968750e+04 1.063454e-19 1.000000e+25 
8.000000e+04 1.062845e-19 1.000000e+25 
