0.000000e+00 1.064001e-17 5.831862e+24 
1.562500e+02 1.064590e-17 5.828624e+24 
3.125000e+02 1.066132e-17 5.820568e+24 
4.687500e+02 1.068842e-17 5.806229e+24 
6.250000e+02 1.072498e-17 5.787233e+24 
7.812500e+02 1.077300e-17 5.762423e+24 
9.375000e+02 1.083042e-17 5.733232e+24 
1.093750e+03 1.089916e-17 5.698737e+24 
1.250000e+03 1.097728e-17 5.660208e+24 
1.406250e+03 1.106677e-17 5.616745e+24 
1.562500e+03 1.116570e-17 5.569646e+24 
1.718750e+03 1.127624e-17 5.517841e+24 
1.875000e+03 1.139627e-17 5.462862e+24 
2.031250e+03 1.152815e-17 5.403392e+24 
2.187500e+03 1.166954e-17 5.341288e+24 
2.343750e+03 1.182287e-17 5.275053e+24 
2.500000e+03 1.198563e-17 5.206779e+24 
2.656250e+03 1.216019e-17 5.134940e+24 
2.812500e+03 1.234407e-17 5.061668e+24 
2.968750e+03 1.253941e-17 4.985552e+24 
3.125000e+03 1.274402e-17 4.908559e+24 
3.281250e+03 1.295971e-17 4.829492e+24 
3.437500e+03 1.318472e-17 4.750014e+24 
3.593750e+03 1.342054e-17 4.669174e+24 
3.750000e+03 1.366587e-17 4.588285e+24 
3.906250e+03 1.392198e-17 4.506623e+24 
4.062500e+03 1.418796e-17 4.425180e+24 
4.218750e+03 1.446492e-17 4.343410e+24 
4.375000e+03 1.475225e-17 4.262059e+24 
4.531250e+03 1.505104e-17 4.180698e+24 
4.687500e+03 1.536080e-17 4.099906e+24 
4.843750e+03 1.568267e-17 4.019321e+24 
5.000000e+03 1.601620e-17 3.939430e+24 
5.156250e+03 1.636267e-17 3.859890e+24 
5.312500e+03 1.672153e-17 3.781155e+24 
5.468750e+03 1.709426e-17 3.702869e+24 
5.625000e+03 1.748013e-17 3.625490e+24 
5.781250e+03 1.788086e-17 3.548632e+24 
5.937500e+03 1.829551e-17 3.472779e+24 
6.093750e+03 1.872606e-17 3.397501e+24 
6.250000e+03 1.917133e-17 3.323320e+24 
6.406250e+03 1.963355e-17 3.249763e+24 
6.562500e+03 2.011130e-17 3.177387e+24 
6.718750e+03 2.060709e-17 3.105679e+24 
6.875000e+03 2.111923e-17 3.035225e+24 
7.031250e+03 2.165052e-17 2.965481e+24 
7.187500e+03 2.219902e-17 2.897053e+24 
7.343750e+03 2.276781e-17 2.829373e+24 
7.500000e+03 2.335469e-17 2.763057e+24 
7.656250e+03 2.396305e-17 2.697522e+24 
7.812500e+03 2.459046e-17 2.633385e+24 
7.968750e+03 2.524058e-17 2.570057e+24 
8.125000e+03 2.591078e-17 2.508147e+24 
8.281250e+03 2.660501e-17 2.447065e+24 
8.437500e+03 2.732042e-17 2.387409e+24 
8.593750e+03 2.806130e-17 2.328592e+24 
8.750000e+03 2.882455e-17 2.271199e+24 
8.906250e+03 2.961482e-17 2.214648e+24 
9.062500e+03 3.042879e-17 2.159507e+24 
9.218750e+03 3.127145e-17 2.105206e+24 
9.375000e+03 3.213926e-17 2.052292e+24 
9.531250e+03 3.303761e-17 2.000209e+24 
9.687500e+03 3.396270e-17 1.949486e+24 
9.843750e+03 3.492035e-17 1.899579e+24 
1.000000e+04 3.590647e-17 1.851000e+24 
1.015625e+04 3.692735e-17 1.803218e+24 
1.031250e+04 3.797861e-17 1.756728e+24 
1.046875e+04 3.906703e-17 1.711016e+24 
1.062500e+04 4.018790e-17 1.666556e+24 
1.078125e+04 4.134855e-17 1.622852e+24 
1.093750e+04 4.254392e-17 1.580361e+24 
1.109375e+04 4.378189e-17 1.538603e+24 
1.125000e+04 4.505706e-17 1.498015e+24 
1.140625e+04 4.637790e-17 1.458138e+24 
1.156250e+04 4.773865e-17 1.419390e+24 
1.171875e+04 4.914839e-17 1.381328e+24 
1.187500e+04 5.060098e-17 1.344354e+24 
1.203125e+04 5.210618e-17 1.308043e+24 
1.218750e+04 5.365743e-17 1.272777e+24 
1.234375e+04 5.526523e-17 1.238151e+24 
1.250000e+04 5.692259e-17 1.204529e+24 
1.265625e+04 5.864079e-17 1.171523e+24 
1.281250e+04 6.041236e-17 1.139480e+24 
1.296875e+04 6.224947e-17 1.108030e+24 
1.312500e+04 6.414414e-17 1.077504e+24 
1.328125e+04 6.610948e-17 1.047546e+24 
1.343750e+04 6.813696e-17 1.018474e+24 
1.359375e+04 7.024073e-17 9.899461e+23 
1.375000e+04 7.241166e-17 9.622668e+23 
1.390625e+04 7.466504e-17 9.351095e+23 
1.406250e+04 7.699109e-17 9.087638e+23 
1.421875e+04 7.940636e-17 8.829179e+23 
1.437500e+04 8.190033e-17 8.578486e+23 
1.453125e+04 8.449095e-17 8.332573e+23 
1.468750e+04 8.716689e-17 8.094090e+23 
1.484375e+04 8.994761e-17 7.860179e+23 
1.500000e+04 9.282093e-17 7.633375e+23 
1.515625e+04 9.580796e-17 7.410944e+23 
1.531250e+04 9.889555e-17 7.195312e+23 
1.546875e+04 1.021067e-16 6.983861e+23 
1.562500e+04 1.054271e-16 6.778915e+23 
1.578125e+04 1.088817e-16 6.577970e+23 
1.593750e+04 1.124552e-16 6.383249e+23 
1.609375e+04 1.161747e-16 6.192357e+23 
1.625000e+04 1.200236e-16 6.007422e+23 
1.640625e+04 1.240313e-16 5.826152e+23 
1.656250e+04 1.281798e-16 5.650584e+23 
1.671875e+04 1.325013e-16 5.478528e+23 
1.687500e+04 1.369762e-16 5.311930e+23 
1.703125e+04 1.416394e-16 5.148697e+23 
1.718750e+04 1.464698e-16 4.990689e+23 
1.734375e+04 1.515052e-16 4.835908e+23 
1.750000e+04 1.567229e-16 4.686128e+23 
1.765625e+04 1.621639e-16 4.539442e+23 
1.781250e+04 1.678036e-16 4.397545e+23 
1.796875e+04 1.736865e-16 4.258614e+23 
1.812500e+04 1.797862e-16 4.124266e+23 
1.828125e+04 1.861509e-16 3.992762e+23 
1.843750e+04 1.927519e-16 3.865643e+23 
1.859375e+04 1.996416e-16 3.741251e+23 
1.875000e+04 2.067890e-16 3.621052e+23 
1.890625e+04 2.142508e-16 3.503466e+23 
1.906250e+04 2.219938e-16 3.389889e+23 
1.921875e+04 2.300793e-16 3.278813e+23 
1.937500e+04 2.384714e-16 3.171568e+23 
1.953125e+04 2.472364e-16 3.066714e+23 
1.968750e+04 2.563359e-16 2.965520e+23 
1.984375e+04 2.658415e-16 2.866609e+23 
2.000000e+04 2.757120e-16 2.771190e+23 
2.015625e+04 2.860246e-16 2.677949e+23 
2.031250e+04 2.967352e-16 2.588039e+23 
2.046875e+04 3.079272e-16 2.500202e+23 
2.062500e+04 3.195534e-16 2.415541e+23 
2.078125e+04 3.317035e-16 2.332849e+23 
2.093750e+04 3.443275e-16 2.253181e+23 
2.109375e+04 3.575219e-16 2.175381e+23 
2.125000e+04 3.712334e-16 2.100459e+23 
2.140625e+04 3.855661e-16 2.027305e+23 
2.156250e+04 4.004632e-16 1.956888e+23 
2.171875e+04 4.160371e-16 1.888140e+23 
2.187500e+04 4.322272e-16 1.821994e+23 
2.203125e+04 4.491553e-16 1.757419e+23 
2.218750e+04 4.667562e-16 1.695316e+23 
2.234375e+04 4.851627e-16 1.634689e+23 
2.250000e+04 5.043042e-16 1.576408e+23 
2.265625e+04 5.243266e-16 1.519510e+23 
2.281250e+04 5.451521e-16 1.464839e+23 
2.296875e+04 5.669427e-16 1.411460e+23 
2.312500e+04 5.896116e-16 1.360195e+23 
2.328125e+04 6.133404e-16 1.310134e+23 
2.343750e+04 6.380303e-16 1.262079e+23 
2.359375e+04 6.638882e-16 1.215142e+23 
2.375000e+04 6.907982e-16 1.170111e+23 
2.390625e+04 7.190002e-16 1.126117e+23 
2.406250e+04 7.483550e-16 1.083933e+23 
2.421875e+04 7.791449e-16 1.042710e+23 
2.437500e+04 8.111988e-16 1.003208e+23 
2.453125e+04 8.448536e-16 9.645976e+22 
2.468750e+04 8.798952e-16 9.276243e+22 
2.484375e+04 9.167307e-16 8.914798e+22 
2.500000e+04 9.550884e-16 8.568946e+22 
2.515625e+04 9.954636e-16 8.230838e+22 
2.531250e+04 1.037510e-15 7.907597e+22 
2.546875e+04 1.081831e-15 7.591651e+22 
2.562500e+04 1.127986e-15 7.289891e+22 
2.578125e+04 1.176711e-15 6.995081e+22 
2.593750e+04 1.227444e-15 6.713814e+22 
2.609375e+04 1.281078e-15 6.439257e+22 
2.625000e+04 1.336906e-15 6.177629e+22 
2.640625e+04 1.395997e-15 5.922571e+22 
2.656250e+04 1.457477e-15 5.679843e+22 
2.671875e+04 1.522605e-15 5.443635e+22 
2.687500e+04 1.590320e-15 5.219164e+22 
2.703125e+04 1.662076e-15 5.001226e+22 
2.718750e+04 1.736612e-15 4.794421e+22 
2.734375e+04 1.815571e-15 4.594201e+22 
2.750000e+04 1.897488e-15 4.404494e+22 
2.765625e+04 1.984171e-15 4.221425e+22 
2.781250e+04 2.073960e-15 4.048226e+22 
2.796875e+04 2.168790e-15 3.881686e+22 
2.812500e+04 2.266833e-15 3.724349e+22 
2.828125e+04 2.370090e-15 3.573636e+22 
2.843750e+04 2.476607e-15 3.431439e+22 
2.859375e+04 2.588378e-15 3.295759e+22 
2.875000e+04 2.703382e-15 3.167896e+22 
2.890625e+04 2.823519e-15 3.046363e+22 
2.906250e+04 2.946773e-15 2.931950e+22 
2.921875e+04 3.074856e-15 2.823609e+22 
2.937500e+04 3.205841e-15 2.721706e+22 
2.953125e+04 3.341158e-15 2.625563e+22 
2.968750e+04 3.479053e-15 2.535202e+22 
2.984375e+04 3.620582e-15 2.450256e+22 
3.000000e+04 3.764252e-15 2.370475e+22 
3.015625e+04 3.910657e-15 2.295754e+22 
3.031250e+04 4.058653e-15 2.225629e+22 
3.046875e+04 4.208284e-15 2.160228e+22 
3.062500e+04 4.358840e-15 2.098905e+22 
3.078125e+04 4.509730e-15 2.042009e+22 
3.093750e+04 4.660763e-15 1.988727e+22 
3.109375e+04 4.810614e-15 1.939635e+22 
3.125000e+04 4.959714e-15 1.893752e+22 
3.140625e+04 5.105881e-15 1.851896e+22 
3.156250e+04 5.250285e-15 1.812901e+22 
3.171875e+04 5.389744e-15 1.777863e+22 
3.187500e+04 5.526311e-15 1.745394e+22 
3.203125e+04 5.655618e-15 1.716917e+22 
3.218750e+04 5.780787e-15 1.690777e+22 
3.234375e+04 5.896050e-15 1.668782e+22 
3.250000e+04 6.005812e-15 1.648959e+22 
3.265625e+04 6.102673e-15 1.633564e+22 
3.281250e+04 6.192569e-15 1.620253e+22 
3.296875e+04 6.266234e-15 1.611803e+22 
3.312500e+04 6.331401e-15 1.605443e+22 
3.328125e+04 6.376746e-15 1.604546e+22 
3.343750e+04 6.412047e-15 1.605873e+22 
3.359375e+04 6.423833e-15 1.613463e+22 
3.375000e+04 6.424102e-15 1.623584e+22 
3.390625e+04 6.397322e-15 1.641002e+22 
3.406250e+04 6.357752e-15 1.661510e+22 
3.421875e+04 6.288145e-15 1.690629e+22 
3.437500e+04 6.204835e-15 1.723762e+22 
3.453125e+04 6.089538e-15 1.767163e+22 
3.468750e+04 5.960185e-15 1.816040e+22 
3.484375e+04 5.798520e-15 1.877241e+22 
3.500000e+04 5.623213e-15 1.946175e+22 
3.515625e+04 5.417509e-15 2.029904e+22 
3.531250e+04 5.199565e-15 2.124779e+22 
3.546875e+04 4.955951e-15 2.237194e+22 
3.562500e+04 4.702685e-15 2.365751e+22 
3.578125e+04 4.431735e-15 2.514244e+22 
3.593750e+04 4.155099e-15 2.685717e+22 
3.609375e+04 3.872238e-15 2.877250e+22 
3.625000e+04 3.589246e-15 3.099631e+22 
3.640625e+04 3.314833e-15 3.334927e+22 
3.656250e+04 3.047633e-15 3.605665e+22 
3.671875e+04 2.806299e-15 3.864781e+22 
3.687500e+04 2.581115e-15 4.149487e+22 
3.703125e+04 2.398663e-15 4.372212e+22 
3.718750e+04 2.241007e-15 4.585138e+22 
3.734375e+04 2.135180e-15 4.691643e+22 
3.750000e+04 2.057792e-15 4.748953e+22 
3.765625e+04 2.024141e-15 4.743104e+22 
3.781250e+04 2.013164e-15 4.688272e+22 
3.796875e+04 2.020994e-15 4.663924e+22 
3.812500e+04 2.038348e-15 4.619167e+22 
3.828125e+04 2.047909e-15 4.629270e+22 
3.843750e+04 2.055087e-15 4.643659e+22 
3.859375e+04 2.050816e-15 4.670866e+22 
3.875000e+04 2.042836e-15 4.706148e+22 
3.890625e+04 2.037131e-15 4.704106e+22 
3.906250e+04 2.031933e-15 4.701195e+22 
3.921875e+04 2.032807e-15 4.679432e+22 
3.937500e+04 2.034990e-15 4.655067e+22 
3.953125e+04 2.037598e-15 4.665795e+22 
3.968750e+04 2.037988e-15 4.682772e+22 
3.984375e+04 2.036219e-15 4.712602e+22 
4.000000e+04 2.035926e-15 4.738031e+22 
4.015625e+04 2.036219e-15 4.712602e+22 
4.031250e+04 2.037988e-15 4.682772e+22 
4.046875e+04 2.037598e-15 4.665795e+22 
4.062500e+04 2.034990e-15 4.655067e+22 
4.078125e+04 2.032807e-15 4.679432e+22 
4.093750e+04 2.031933e-15 4.701195e+22 
4.109375e+04 2.037131e-15 4.704106e+22 
4.125000e+04 2.042836e-15 4.706148e+22 
4.140625e+04 2.050816e-15 4.670866e+22 
4.156250e+04 2.055087e-15 4.643659e+22 
4.171875e+04 2.047909e-15 4.629270e+22 
4.187500e+04 2.038348e-15 4.619167e+22 
4.203125e+04 2.020994e-15 4.663924e+22 
4.218750e+04 2.013164e-15 4.688272e+22 
4.234375e+04 2.024141e-15 4.743104e+22 
4.250000e+04 2.057792e-15 4.748953e+22 
4.265625e+04 2.135180e-15 4.691643e+22 
4.281250e+04 2.241007e-15 4.585138e+22 
4.296875e+04 2.398663e-15 4.372212e+22 
4.312500e+04 2.581115e-15 4.149487e+22 
4.328125e+04 2.806299e-15 3.864781e+22 
4.343750e+04 3.047633e-15 3.605665e+22 
4.359375e+04 3.314833e-15 3.334927e+22 
4.375000e+04 3.589246e-15 3.099631e+22 
4.390625e+04 3.872238e-15 2.877250e+22 
4.406250e+04 4.155099e-15 2.685717e+22 
4.421875e+04 4.431735e-15 2.514244e+22 
4.437500e+04 4.702685e-15 2.365751e+22 
4.453125e+04 4.955951e-15 2.237194e+22 
4.468750e+04 5.199565e-15 2.124779e+22 
4.484375e+04 5.417509e-15 2.029904e+22 
4.500000e+04 5.623213e-15 1.946175e+22 
4.515625e+04 5.798520e-15 1.877241e+22 
4.531250e+04 5.960185e-15 1.816040e+22 
4.546875e+04 6.089538e-15 1.767163e+22 
4.562500e+04 6.204835e-15 1.723762e+22 
4.578125e+04 6.288145e-15 1.690629e+22 
4.593750e+04 6.357752e-15 1.661510e+22 
4.609375e+04 6.397322e-15 1.641002e+22 
4.625000e+04 6.424102e-15 1.623584e+22 
4.640625e+04 6.423833e-15 1.613463e+22 
4.656250e+04 6.412047e-15 1.605873e+22 
4.671875e+04 6.376746e-15 1.604546e+22 
4.687500e+04 6.331401e-15 1.605443e+22 
4.703125e+04 6.266234e-15 1.611803e+22 
4.718750e+04 6.192569e-15 1.620253e+22 
4.734375e+04 6.102673e-15 1.633564e+22 
4.750000e+04 6.005812e-15 1.648959e+22 
4.765625e+04 5.896050e-15 1.668782e+22 
4.781250e+04 5.780787e-15 1.690777e+22 
4.796875e+04 5.655618e-15 1.716917e+22 
4.812500e+04 5.526311e-15 1.745394e+22 
4.828125e+04 5.389744e-15 1.777863e+22 
4.843750e+04 5.250285e-15 1.812901e+22 
4.859375e+04 5.105881e-15 1.851896e+22 
4.875000e+04 4.959714e-15 1.893752e+22 
4.890625e+04 4.810614e-15 1.939635e+22 
4.906250e+04 4.660763e-15 1.988727e+22 
4.921875e+04 4.509730e-15 2.042009e+22 
4.937500e+04 4.358840e-15 2.098905e+22 
4.953125e+04 4.208284e-15 2.160228e+22 
4.968750e+04 4.058653e-15 2.225629e+22 
4.984375e+04 3.910657e-15 2.295754e+22 
5.000000e+04 3.764252e-15 2.370475e+22 
5.015625e+04 3.620582e-15 2.450256e+22 
5.031250e+04 3.479053e-15 2.535202e+22 
5.046875e+04 3.341158e-15 2.625563e+22 
5.062500e+04 3.205841e-15 2.721706e+22 
5.078125e+04 3.074856e-15 2.823609e+22 
5.093750e+04 2.946773e-15 2.931950e+22 
5.109375e+04 2.823519e-15 3.046363e+22 
5.125000e+04 2.703382e-15 3.167896e+22 
5.140625e+04 2.588378e-15 3.295759e+22 
5.156250e+04 2.476607e-15 3.431439e+22 
5.171875e+04 2.370090e-15 3.573636e+22 
5.187500e+04 2.266833e-15 3.724349e+22 
5.203125e+04 2.168790e-15 3.881686e+22 
5.218750e+04 2.073960e-15 4.048226e+22 
5.234375e+04 1.984171e-15 4.221425e+22 
5.250000e+04 1.897488e-15 4.404494e+22 
5.265625e+04 1.815571e-15 4.594201e+22 
5.281250e+04 1.736612e-15 4.794421e+22 
5.296875e+04 1.662076e-15 5.001226e+22 
5.312500e+04 1.590320e-15 5.219164e+22 
5.328125e+04 1.522605e-15 5.443635e+22 
5.343750e+04 1.457477e-15 5.679843e+22 
5.359375e+04 1.395997e-15 5.922571e+22 
5.375000e+04 1.336906e-15 6.177629e+22 
5.390625e+04 1.281078e-15 6.439257e+22 
5.406250e+04 1.227444e-15 6.713814e+22 
5.421875e+04 1.176711e-15 6.995081e+22 
5.437500e+04 1.127986e-15 7.289891e+22 
5.453125e+04 1.081831e-15 7.591651e+22 
5.468750e+04 1.037510e-15 7.907597e+22 
5.484375e+04 9.954636e-16 8.230838e+22 
5.500000e+04 9.550884e-16 8.568946e+22 
5.515625e+04 9.167307e-16 8.914798e+22 
5.531250e+04 8.798952e-16 9.276243e+22 
5.546875e+04 8.448536e-16 9.645976e+22 
5.562500e+04 8.111988e-16 1.003208e+23 
5.578125e+04 7.791449e-16 1.042710e+23 
5.593750e+04 7.483550e-16 1.083933e+23 
5.609375e+04 7.190002e-16 1.126117e+23 
5.625000e+04 6.907982e-16 1.170111e+23 
5.640625e+04 6.638882e-16 1.215142e+23 
5.656250e+04 6.380303e-16 1.262079e+23 
5.671875e+04 6.133404e-16 1.310134e+23 
5.687500e+04 5.896116e-16 1.360195e+23 
5.703125e+04 5.669427e-16 1.411460e+23 
5.718750e+04 5.451521e-16 1.464839e+23 
5.734375e+04 5.243266e-16 1.519510e+23 
5.750000e+04 5.043042e-16 1.576408e+23 
5.765625e+04 4.851627e-16 1.634689e+23 
5.781250e+04 4.667562e-16 1.695316e+23 
5.796875e+04 4.491553e-16 1.757419e+23 
5.812500e+04 4.322272e-16 1.821994e+23 
5.828125e+04 4.160371e-16 1.888140e+23 
5.843750e+04 4.004632e-16 1.956888e+23 
5.859375e+04 3.855661e-16 2.027305e+23 
5.875000e+04 3.712334e-16 2.100459e+23 
5.890625e+04 3.575219e-16 2.175381e+23 
5.906250e+04 3.443275e-16 2.253181e+23 
5.921875e+04 3.317035e-16 2.332849e+23 
5.937500e+04 3.195534e-16 2.415541e+23 
5.953125e+04 3.079272e-16 2.500202e+23 
5.968750e+04 2.967352e-16 2.588039e+23 
5.984375e+04 2.860246e-16 2.677949e+23 
6.000000e+04 2.757120e-16 2.771190e+23 
6.015625e+04 2.658415e-16 2.866609e+23 
6.031250e+04 2.563359e-16 2.965520e+23 
6.046875e+04 2.472364e-16 3.066714e+23 
6.062500e+04 2.384714e-16 3.171568e+23 
6.078125e+04 2.300793e-16 3.278813e+23 
6.093750e+04 2.219938e-16 3.389889e+23 
6.109375e+04 2.142508e-16 3.503466e+23 
6.125000e+04 2.067890e-16 3.621052e+23 
6.140625e+04 1.996416e-16 3.741251e+23 
6.156250e+04 1.927519e-16 3.865643e+23 
6.171875e+04 1.861509e-16 3.992762e+23 
6.187500e+04 1.797862e-16 4.124266e+23 
6.203125e+04 1.736865e-16 4.258614e+23 
6.218750e+04 1.678036e-16 4.397545e+23 
6.234375e+04 1.621639e-16 4.539442e+23 
6.250000e+04 1.567229e-16 4.686128e+23 
6.265625e+04 1.515052e-16 4.835908e+23 
6.281250e+04 1.464698e-16 4.990689e+23 
6.296875e+04 1.416394e-16 5.148697e+23 
6.312500e+04 1.369762e-16 5.311930e+23 
6.328125e+04 1.325013e-16 5.478528e+23 
6.343750e+04 1.281798e-16 5.650584e+23 
6.359375e+04 1.240313e-16 5.826152e+23 
6.375000e+04 1.200236e-16 6.007422e+23 
6.390625e+04 1.161747e-16 6.192357e+23 
6.406250e+04 1.124552e-16 6.383249e+23 
6.421875e+04 1.088817e-16 6.577970e+23 
6.437500e+04 1.054271e-16 6.778915e+23 
6.453125e+04 1.021067e-16 6.983861e+23 
6.468750e+04 9.889555e-17 7.195312e+23 
6.484375e+04 9.580796e-17 7.410944e+23 
6.500000e+04 9.282093e-17 7.633375e+23 
6.515625e+04 8.994761e-17 7.860179e+23 
6.531250e+04 8.716689e-17 8.094090e+23 
6.546875e+04 8.449095e-17 8.332573e+23 
6.562500e+04 8.190033e-17 8.578486e+23 
6.578125e+04 7.940636e-17 8.829179e+23 
6.593750e+04 7.699109e-17 9.087638e+23 
6.609375e+04 7.466504e-17 9.351095e+23 
6.625000e+04 7.241166e-17 9.622668e+23 
6.640625e+04 7.024073e-17 9.899461e+23 
6.656250e+04 6.813696e-17 1.018474e+24 
6.671875e+04 6.610948e-17 1.047546e+24 
6.687500e+04 6.414414e-17 1.077504e+24 
6.703125e+04 6.224947e-17 1.108030e+24 
6.718750e+04 6.041236e-17 1.139480e+24 
6.734375e+04 5.864079e-17 1.171523e+24 
6.750000e+04 5.692259e-17 1.204529e+24 
6.765625e+04 5.526523e-17 1.238151e+24 
6.781250e+04 5.365743e-17 1.272777e+24 
6.796875e+04 5.210618e-17 1.308043e+24 
6.812500e+04 5.060098e-17 1.344354e+24 
6.828125e+04 4.914839e-17 1.381328e+24 
6.843750e+04 4.773865e-17 1.419390e+24 
6.859375e+04 4.637790e-17 1.458138e+24 
6.875000e+04 4.505706e-17 1.498015e+24 
6.890625e+04 4.378189e-17 1.538603e+24 
6.906250e+04 4.254392e-17 1.580361e+24 
6.921875e+04 4.134855e-17 1.622852e+24 
6.937500e+04 4.018790e-17 1.666556e+24 
6.953125e+04 3.906703e-17 1.711016e+24 
6.968750e+04 3.797861e-17 1.756728e+24 
6.984375e+04 3.692735e-17 1.803218e+24 
7.000000e+04 3.590647e-17 1.851000e+24 
7.015625e+04 3.492035e-17 1.899579e+24 
7.031250e+04 3.396270e-17 1.949486e+24 
7.046875e+04 3.303761e-17 2.000209e+24 
7.062500e+04 3.213926e-17 2.052292e+24 
7.078125e+04 3.127145e-17 2.105206e+24 
7.093750e+04 3.042879e-17 2.159507e+24 
7.109375e+04 2.961482e-17 2.214648e+24 
7.125000e+04 2.882455e-17 2.271199e+24 
7.140625e+04 2.806130e-17 2.328592e+24 
7.156250e+04 2.732042e-17 2.387409e+24 
7.171875e+04 2.660501e-17 2.447065e+24 
7.187500e+04 2.591078e-17 2.508147e+24 
7.203125e+04 2.524058e-17 2.570057e+24 
7.218750e+04 2.459046e-17 2.633385e+24 
7.234375e+04 2.396305e-17 2.697522e+24 
7.250000e+04 2.335469e-17 2.763057e+24 
7.265625e+04 2.276781e-17 2.829373e+24 
7.281250e+04 2.219902e-17 2.897053e+24 
7.296875e+04 2.165052e-17 2.965481e+24 
7.312500e+04 2.111923e-17 3.035225e+24 
7.328125e+04 2.060709e-17 3.105679e+24 
7.343750e+04 2.011130e-17 3.177387e+24 
7.359375e+04 1.963355e-17 3.249763e+24 
7.375000e+04 1.917133e-17 3.323320e+24 
7.390625e+04 1.872606e-17 3.397501e+24 
7.406250e+04 1.829551e-17 3.472779e+24 
7.421875e+04 1.788086e-17 3.548632e+24 
7.437500e+04 1.748013e-17 3.625490e+24 
7.453125e+04 1.709426e-17 3.702869e+24 
7.468750e+04 1.672153e-17 3.781155e+24 
7.484375e+04 1.636267e-17 3.859890e+24 
7.500000e+04 1.601620e-17 3.939430e+24 
7.515625e+04 1.568267e-17 4.019321e+24 
7.531250e+04 1.536080e-17 4.099906e+24 
7.546875e+04 1.505104e-17 4.180698e+24 
7.562500e+04 1.475225e-17 4.262059e+24 
7.578125e+04 1.446492e-17 4.343410e+24 
7.593750e+04 1.418796e-17 4.425180e+24 
7.609375e+04 1.392198e-17 4.506623e+24 
7.625000e+04 1.366587e-17 4.588285e+24 
7.640625e+04 1.342054e-17 4.669174e+24 
7.656250e+04 1.318472e-17 4.750014e+24 
7.671875e+04 1.295971e-17 4.829492e+24 
7.687500e+04 1.274402e-17 4.908559e+24 
7.703125e+04 1.253941e-17 4.985552e+24 
7.718750e+04 1.234407e-17 5.061668e+24 
7.734375e+04 1.216019e-17 5.134940e+24 
7.750000e+04 1.198563e-17 5.206779e+24 
7.765625e+04 1.182287e-17 5.275053e+24 
7.781250e+04 1.166954e-17 5.341288e+24 
7.796875e+04 1.152815e-17 5.403392e+24 
7.812500e+04 1.139627e-17 5.462862e+24 
7.828125e+04 1.127624e-17 5.517841e+24 
7.843750e+04 1.116570e-17 5.569646e+24 
7.859375e+04 1.106677e-17 5.616745e+24 
7.875000e+04 1.097728e-17 5.660208e+24 
7.890625e+04 1.089916e-17 5.698737e+24 
7.906250e+04 1.083042e-17 5.733232e+24 
7.921875e+04 1.077300e-17 5.762423e+24 
7.937500e+04 1.072498e-17 5.787233e+24 
7.953125e+04 1.068842e-17 5.806229e+24 
7.968750e+04 1.066132e-17 5.820568e+24 
7.984375e+04 1.064590e-17 5.828624e+24 
8.000000e+04 1.064001e-17 5.831862e+24 
