0.000000e+00 1.079181e-19 1.000000e+25 
2.083333e+02 1.079458e-19 1.000000e+25 
4.166667e+02 1.080170e-19 1.000000e+25 
6.250000e+02 1.081436e-19 1.000000e+25 
8.333333e+02 1.083136e-19 1.000000e+25 
1.041667e+03 1.085391e-19 1.000000e+25 
1.250000e+03 1.088081e-19 1.000000e+25 
1.458333e+03 1.091326e-19 1.000000e+25 
1.666667e+03 1.095006e-19 1.000000e+25 
1.875000e+03 1.099243e-19 1.000000e+25 
2.083333e+03 1.103916e-19 1.000000e+25 
2.291667e+03 1.109148e-19 1.000000e+25 
2.500000e+03 1.114816e-19 1.000000e+25 
2.708333e+03 1.121047e-19 1.000000e+25 
2.916667e+03 1.127717e-19 1.000000e+25 
3.125000e+03 1.134956e-19 1.000000e+25 
3.333333e+03 1.142635e-19 1.000000e+25 
3.541667e+03 1.150894e-19 1.000000e+25 
3.750000e+03 1.159596e-19 1.000000e+25 
3.958333e+03 1.168892e-19 1.000000e+25 
4.166667e+03 1.178635e-19 1.000000e+25 
4.375000e+03 1.188991e-19 1.000000e+25 
4.583333e+03 1.199801e-19 1.000000e+25 
4.791667e+03 1.211249e-19 1.000000e+25 
5.000000e+03 1.223159e-19 1.000000e+25 
5.208333e+03 1.235736e-19 1.000000e+25 
5.416667e+03 1.248786e-19 1.000000e+25 
5.625000e+03 1.262540e-19 1.000000e+25 
5.833333e+03 1.276777e-19 1.000000e+25 
6.041667e+03 1.291759e-19 1.000000e+25 
6.250000e+03 1.307236e-19 1.000000e+25 
6.458333e+03 1.323500e-19 1.000000e+25 
6.666667e+03 1.340272e-19 1.000000e+25 
6.875000e+03 1.357874e-19 1.000000e+25 
7.083333e+03 1.375997e-19 1.000000e+25 
7.291667e+03 1.394990e-19 1.000000e+25 
7.500000e+03 1.414519e-19 1.000000e+25 
7.708333e+03 1.434958e-19 1.000000e+25 
7.916667e+03 1.455946e-19 1.000000e+25 
8.125000e+03 1.477887e-19 1.000000e+25 
8.333333e+03 1.500391e-19 1.000000e+25 
8.541667e+03 1.523890e-19 1.000000e+25 
8.750000e+03 1.547968e-19 1.000000e+25 
8.958333e+03 1.573099e-19 1.000000e+25 
9.166667e+03 1.598832e-19 1.000000e+25 
9.375000e+03 1.625609e-19 1.000000e+25 
9.583333e+03 1.652974e-19 1.000000e+25 
9.791667e+03 1.681556e-19 1.000000e+25 
1.000000e+04 1.710847e-19 1.000000e+25 
1.020833e+04 1.741214e-19 1.000000e+25 
1.041667e+04 1.772109e-19 1.000000e+25 
1.062500e+04 1.804239e-19 1.000000e+25 
1.083333e+04 1.837506e-19 1.000000e+25 
1.104167e+04 1.872675e-19 1.000000e+25 
1.125000e+04 1.908599e-19 1.000000e+25 
1.145833e+04 1.943919e-19 1.000000e+25 
1.166667e+04 1.965715e-19 1.000000e+25 
1.187500e+04 1.989695e-19 1.000000e+25 
1.208333e+04 2.079625e-19 1.000000e+25 
1.229167e+04 2.288359e-19 1.000000e+25 
1.250000e+04 2.524865e-19 1.000000e+25 
1.270833e+04 2.766923e-19 1.000000e+25 
1.291667e+04 3.022561e-19 1.000000e+25 
1.312500e+04 3.308882e-19 1.000000e+25 
1.333333e+04 3.616694e-19 1.000000e+25 
1.354167e+04 3.964967e-19 1.000000e+25 
1.375000e+04 4.338078e-19 1.000000e+25 
1.395833e+04 4.755414e-19 1.000000e+25 
1.416667e+04 5.202077e-19 9.611551e+24 
1.437500e+04 5.702703e-19 8.767801e+24 
1.458333e+04 6.239004e-19 8.014107e+24 
1.479167e+04 6.841561e-19 7.308301e+24 
1.500000e+04 7.486746e-19 6.678476e+24 
1.520833e+04 8.211941e-19 6.088720e+24 
1.541667e+04 8.988363e-19 5.562756e+24 
1.562500e+04 9.861958e-19 5.070010e+24 
1.583333e+04 1.079751e-18 4.630708e+24 
1.604167e+04 1.185141e-18 4.218929e+24 
1.625000e+04 1.298036e-18 3.851983e+24 
1.645833e+04 1.425343e-18 3.507946e+24 
1.666667e+04 1.561759e-18 3.201527e+24 
1.687500e+04 1.715742e-18 2.914209e+24 
1.708333e+04 1.880806e-18 2.658444e+24 
1.729167e+04 2.067320e-18 2.418608e+24 
1.750000e+04 2.267346e-18 2.205231e+24 
1.770833e+04 2.493605e-18 2.005146e+24 
1.791667e+04 2.736377e-18 1.827243e+24 
1.812500e+04 3.011281e-18 1.660439e+24 
1.833333e+04 3.306405e-18 1.512226e+24 
1.854167e+04 3.640940e-18 1.373287e+24 
1.875000e+04 4.000279e-18 1.249923e+24 
1.895833e+04 4.408014e-18 1.134312e+24 
1.916667e+04 4.846227e-18 1.031740e+24 
1.937500e+04 5.343943e-18 9.356523e+23 
1.958333e+04 5.879165e-18 8.504709e+23 
1.979167e+04 6.487635e-18 7.707099e+23 
2.000000e+04 7.142330e-18 7.000616e+23 
2.020833e+04 7.887317e-18 6.339417e+23 
2.041667e+04 8.689355e-18 5.754267e+23 
2.062500e+04 9.602854e-18 5.206908e+23 
2.083333e+04 1.058686e-17 4.722936e+23 
2.104167e+04 1.170866e-17 4.270463e+23 
2.125000e+04 1.291771e-17 3.870756e+23 
2.145833e+04 1.429734e-17 3.497271e+23 
2.166667e+04 1.578508e-17 3.167649e+23 
2.187500e+04 1.748427e-17 2.859827e+23 
2.208333e+04 1.931757e-17 2.588418e+23 
2.229167e+04 2.141329e-17 2.335109e+23 
2.250000e+04 2.367556e-17 2.111983e+23 
2.270833e+04 2.626383e-17 1.903868e+23 
2.291667e+04 2.905911e-17 1.720731e+23 
2.312500e+04 3.225963e-17 1.550032e+23 
2.333333e+04 3.571771e-17 1.399966e+23 
2.354167e+04 3.967968e-17 1.260197e+23 
2.375000e+04 4.396230e-17 1.137438e+23 
2.395833e+04 4.887143e-17 1.023198e+23 
2.416667e+04 5.417998e-17 9.229501e+22 
2.437500e+04 6.026717e-17 8.297432e+22 
2.458333e+04 6.685212e-17 7.480194e+22 
2.479167e+04 7.440428e-17 6.721078e+22 
2.500000e+04 8.257688e-17 6.055963e+22 
2.520833e+04 9.195067e-17 5.438726e+22 
2.541667e+04 1.020980e-16 4.898253e+22 
2.562500e+04 1.137382e-16 4.397081e+22 
2.583333e+04 1.263432e-16 3.958472e+22 
2.604167e+04 1.408086e-16 3.551937e+22 
2.625000e+04 1.564781e-16 3.196335e+22 
2.645833e+04 1.744794e-16 2.866682e+22 
2.666667e+04 1.939851e-16 2.578516e+22 
2.687500e+04 2.164417e-16 2.311102e+22 
2.708333e+04 2.407816e-16 2.077569e+22 
2.729167e+04 2.689030e-16 1.860415e+22 
2.750000e+04 2.993874e-16 1.671076e+22 
2.770833e+04 3.347796e-16 1.494526e+22 
2.791667e+04 3.731421e-16 1.340971e+22 
2.812500e+04 4.179249e-16 1.197392e+22 
2.833333e+04 4.664380e-16 1.072953e+22 
2.854167e+04 5.233346e-16 9.564150e+21 
2.875000e+04 5.848873e-16 8.558647e+21 
2.895833e+04 6.572381e-16 7.617615e+21 
2.916667e+04 7.353230e-16 6.809726e+21 
2.937500e+04 8.269841e-16 6.056078e+21 
2.958333e+04 9.255615e-16 5.412121e+21 
2.979167e+04 1.040693e-15 4.814500e+21 
3.000000e+04 1.163949e-15 4.305717e+21 
3.020833e+04 1.306730e-15 3.836347e+21 
3.041667e+04 1.458779e-15 3.437521e+21 
3.062500e+04 1.633095e-15 3.071672e+21 
3.083333e+04 1.817646e-15 2.760808e+21 
3.104167e+04 2.026713e-15 2.477048e+21 
3.125000e+04 2.246675e-15 2.235509e+21 
3.145833e+04 2.492520e-15 2.016000e+21 
3.166667e+04 2.749424e-15 1.828562e+21 
3.187500e+04 3.032081e-15 1.659031e+21 
3.208333e+04 3.325189e-15 1.513673e+21 
3.229167e+04 3.641494e-15 1.383062e+21 
3.250000e+04 3.966508e-15 1.270554e+21 
3.270833e+04 4.308482e-15 1.170500e+21 
3.291667e+04 4.655891e-15 1.083908e+21 
3.312500e+04 5.008916e-15 1.008219e+21 
3.333333e+04 5.362229e-15 9.424472e+20 
3.354167e+04 5.703433e-15 8.866647e+20 
3.375000e+04 6.037803e-15 8.381150e+20 
3.395833e+04 6.335329e-15 7.992251e+20 
3.416667e+04 6.617237e-15 7.656016e+20 
3.437500e+04 6.831307e-15 7.419247e+20 
3.458333e+04 7.020229e-15 7.222268e+20 
3.479167e+04 7.107171e-15 7.135153e+20 
3.500000e+04 7.160339e-15 7.082904e+20 
3.520833e+04 7.080929e-15 7.161225e+20 
3.541667e+04 6.962472e-15 7.281354e+20 
3.562500e+04 6.695260e-15 7.567970e+20 
3.583333e+04 6.389988e-15 7.924742e+20 
3.604167e+04 5.947951e-15 8.506250e+20 
3.625000e+04 5.477451e-15 9.228338e+20 
3.645833e+04 4.921776e-15 1.025893e+21 
3.666667e+04 4.355813e-15 1.157891e+21 
3.687500e+04 3.798363e-15 1.326361e+21 
3.708333e+04 3.253446e-15 1.546832e+21 
3.729167e+04 2.833078e-15 1.774892e+21 
3.750000e+04 2.450094e-15 2.050744e+21 
3.770833e+04 2.231264e-15 2.250899e+21 
3.791667e+04 2.056290e-15 2.441564e+21 
3.812500e+04 1.967161e-15 2.551733e+21 
3.833333e+04 1.899467e-15 2.642315e+21 
3.854167e+04 1.854828e-15 2.705665e+21 
3.875000e+04 1.813338e-15 2.767344e+21 
3.895833e+04 1.783367e-15 2.813682e+21 
3.916667e+04 1.755051e-15 2.858917e+21 
3.937500e+04 1.737094e-15 2.888368e+21 
3.958333e+04 1.720808e-15 2.915609e+21 
3.979167e+04 1.713472e-15 2.928049e+21 
4.000000e+04 1.709743e-15 2.934413e+21 
4.020833e+04 1.713472e-15 2.928049e+21 
4.041667e+04 1.720808e-15 2.915609e+21 
4.062500e+04 1.737094e-15 2.888368e+21 
4.083333e+04 1.755051e-15 2.858917e+21 
4.104167e+04 1.783367e-15 2.813682e+21 
4.125000e+04 1.813338e-15 2.767344e+21 
4.145833e+04 1.854828e-15 2.705665e+21 
4.166667e+04 1.899467e-15 2.642315e+21 
4.187500e+04 1.967161e-15 2.551733e+21 
4.208333e+04 2.056290e-15 2.441564e+21 
4.229167e+04 2.231264e-15 2.250899e+21 
4.250000e+04 2.450094e-15 2.050744e+21 
4.270833e+04 2.833078e-15 1.774892e+21 
4.291667e+04 3.253446e-15 1.546832e+21 
4.312500e+04 3.798363e-15 1.326361e+21 
4.333333e+04 4.355813e-15 1.157891e+21 
4.354167e+04 4.921776e-15 1.025893e+21 
4.375000e+04 5.477451e-15 9.228338e+20 
4.395833e+04 5.947951e-15 8.506250e+20 
4.416667e+04 6.389988e-15 7.924742e+20 
4.437500e+04 6.695260e-15 7.567970e+20 
4.458333e+04 6.962472e-15 7.281354e+20 
4.479167e+04 7.080929e-15 7.161225e+20 
4.500000e+04 7.160339e-15 7.082904e+20 
4.520833e+04 7.107171e-15 7.135153e+20 
4.541667e+04 7.020229e-15 7.222268e+20 
4.562500e+04 6.831307e-15 7.419247e+20 
4.583333e+04 6.617237e-15 7.656016e+20 
4.604167e+04 6.335329e-15 7.992251e+20 
4.625000e+04 6.037803e-15 8.381150e+20 
4.645833e+04 5.703433e-15 8.866647e+20 
4.666667e+04 5.362229e-15 9.424472e+20 
4.687500e+04 5.008916e-15 1.008219e+21 
4.708333e+04 4.655891e-15 1.083908e+21 
4.729167e+04 4.308482e-15 1.170500e+21 
4.750000e+04 3.966508e-15 1.270554e+21 
4.770833e+04 3.641494e-15 1.383062e+21 
4.791667e+04 3.325189e-15 1.513673e+21 
4.812500e+04 3.032081e-15 1.659031e+21 
4.833333e+04 2.749424e-15 1.828562e+21 
4.854167e+04 2.492520e-15 2.016000e+21 
4.875000e+04 2.246675e-15 2.235509e+21 
4.895833e+04 2.026713e-15 2.477048e+21 
4.916667e+04 1.817646e-15 2.760808e+21 
4.937500e+04 1.633095e-15 3.071672e+21 
4.958333e+04 1.458779e-15 3.437521e+21 
4.979167e+04 1.306730e-15 3.836347e+21 
5.000000e+04 1.163949e-15 4.305717e+21 
5.020833e+04 1.040693e-15 4.814500e+21 
5.041667e+04 9.255615e-16 5.412121e+21 
5.062500e+04 8.269841e-16 6.056078e+21 
5.083333e+04 7.353230e-16 6.809726e+21 
5.104167e+04 6.572381e-16 7.617615e+21 
5.125000e+04 5.848873e-16 8.558647e+21 
5.145833e+04 5.233346e-16 9.564150e+21 
5.166667e+04 4.664380e-16 1.072953e+22 
5.187500e+04 4.179249e-16 1.197392e+22 
5.208333e+04 3.731421e-16 1.340971e+22 
5.229167e+04 3.347796e-16 1.494526e+22 
5.250000e+04 2.993874e-16 1.671076e+22 
5.270833e+04 2.689030e-16 1.860415e+22 
5.291667e+04 2.407816e-16 2.077569e+22 
5.312500e+04 2.164417e-16 2.311102e+22 
5.333333e+04 1.939851e-16 2.578516e+22 
5.354167e+04 1.744794e-16 2.866682e+22 
5.375000e+04 1.564781e-16 3.196335e+22 
5.395833e+04 1.408086e-16 3.551937e+22 
5.416667e+04 1.263432e-16 3.958472e+22 
5.437500e+04 1.137382e-16 4.397081e+22 
5.458333e+04 1.020980e-16 4.898253e+22 
5.479167e+04 9.195067e-17 5.438726e+22 
5.500000e+04 8.257688e-17 6.055963e+22 
5.520833e+04 7.440428e-17 6.721078e+22 
5.541667e+04 6.685212e-17 7.480194e+22 
5.562500e+04 6.026717e-17 8.297432e+22 
5.583333e+04 5.417998e-17 9.229501e+22 
5.604167e+04 4.887143e-17 1.023198e+23 
5.625000e+04 4.396230e-17 1.137438e+23 
5.645833e+04 3.967968e-17 1.260197e+23 
5.666667e+04 3.571771e-17 1.399966e+23 
5.687500e+04 3.225963e-17 1.550032e+23 
5.708333e+04 2.905911e-17 1.720731e+23 
5.729167e+04 2.626383e-17 1.903868e+23 
5.750000e+04 2.367556e-17 2.111983e+23 
5.770833e+04 2.141329e-17 2.335109e+23 
5.791667e+04 1.931757e-17 2.588418e+23 
5.812500e+04 1.748427e-17 2.859827e+23 
5.833333e+04 1.578508e-17 3.167649e+23 
5.854167e+04 1.429734e-17 3.497271e+23 
5.875000e+04 1.291771e-17 3.870756e+23 
5.895833e+04 1.170866e-17 4.270463e+23 
5.916667e+04 1.058686e-17 4.722936e+23 
5.937500e+04 9.602854e-18 5.206908e+23 
5.958333e+04 8.689355e-18 5.754267e+23 
5.979167e+04 7.887317e-18 6.339417e+23 
6.000000e+04 7.142330e-18 7.000616e+23 
6.020833e+04 6.487635e-18 7.707099e+23 
6.041667e+04 5.879165e-18 8.504709e+23 
6.062500e+04 5.343943e-18 9.356523e+23 
6.083333e+04 4.846227e-18 1.031740e+24 
6.104167e+04 4.408014e-18 1.134312e+24 
6.125000e+04 4.000279e-18 1.249923e+24 
6.145833e+04 3.640940e-18 1.373287e+24 
6.166667e+04 3.306405e-18 1.512226e+24 
6.187500e+04 3.011281e-18 1.660439e+24 
6.208333e+04 2.736377e-18 1.827243e+24 
6.229167e+04 2.493605e-18 2.005146e+24 
6.250000e+04 2.267346e-18 2.205231e+24 
6.270833e+04 2.067320e-18 2.418608e+24 
6.291667e+04 1.880806e-18 2.658444e+24 
6.312500e+04 1.715742e-18 2.914209e+24 
6.333333e+04 1.561759e-18 3.201527e+24 
6.354167e+04 1.425343e-18 3.507946e+24 
6.375000e+04 1.298036e-18 3.851983e+24 
6.395833e+04 1.185141e-18 4.218929e+24 
6.416667e+04 1.079751e-18 4.630708e+24 
6.437500e+04 9.861958e-19 5.070010e+24 
6.458333e+04 8.988363e-19 5.562756e+24 
6.479167e+04 8.211941e-19 6.088720e+24 
6.500000e+04 7.486746e-19 6.678476e+24 
6.520833e+04 6.841561e-19 7.308301e+24 
6.541667e+04 6.239004e-19 8.014107e+24 
6.562500e+04 5.702703e-19 8.767801e+24 
6.583333e+04 5.202077e-19 9.611551e+24 
6.604167e+04 4.755414e-19 1.000000e+25 
6.625000e+04 4.338078e-19 1.000000e+25 
6.645833e+04 3.964967e-19 1.000000e+25 
6.666667e+04 3.616694e-19 1.000000e+25 
6.687500e+04 3.308882e-19 1.000000e+25 
6.708333e+04 3.022561e-19 1.000000e+25 
6.729167e+04 2.766923e-19 1.000000e+25 
6.750000e+04 2.524865e-19 1.000000e+25 
6.770833e+04 2.288359e-19 1.000000e+25 
6.791667e+04 2.079625e-19 1.000000e+25 
6.812500e+04 1.989695e-19 1.000000e+25 
6.833333e+04 1.965715e-19 1.000000e+25 
6.854167e+04 1.943919e-19 1.000000e+25 
6.875000e+04 1.908599e-19 1.000000e+25 
6.895833e+04 1.872675e-19 1.000000e+25 
6.916667e+04 1.837506e-19 1.000000e+25 
6.937500e+04 1.804239e-19 1.000000e+25 
6.958333e+04 1.772109e-19 1.000000e+25 
6.979167e+04 1.741214e-19 1.000000e+25 
7.000000e+04 1.710847e-19 1.000000e+25 
7.020833e+04 1.681556e-19 1.000000e+25 
7.041667e+04 1.652974e-19 1.000000e+25 
7.062500e+04 1.625609e-19 1.000000e+25 
7.083333e+04 1.598832e-19 1.000000e+25 
7.104167e+04 1.573099e-19 1.000000e+25 
7.125000e+04 1.547968e-19 1.000000e+25 
7.145833e+04 1.523890e-19 1.000000e+25 
7.166667e+04 1.500391e-19 1.000000e+25 
7.187500e+04 1.477887e-19 1.000000e+25 
7.208333e+04 1.455946e-19 1.000000e+25 
7.229167e+04 1.434958e-19 1.000000e+25 
7.250000e+04 1.414519e-19 1.000000e+25 
7.270833e+04 1.394990e-19 1.000000e+25 
7.291667e+04 1.375997e-19 1.000000e+25 
7.312500e+04 1.357874e-19 1.000000e+25 
7.333333e+04 1.340272e-19 1.000000e+25 
7.354167e+04 1.323500e-19 1.000000e+25 
7.375000e+04 1.307236e-19 1.000000e+25 
7.395833e+04 1.291759e-19 1.000000e+25 
7.416667e+04 1.276777e-19 1.000000e+25 
7.437500e+04 1.262540e-19 1.000000e+25 
7.458333e+04 1.248786e-19 1.000000e+25 
7.479167e+04 1.235736e-19 1.000000e+25 
7.500000e+04 1.223159e-19 1.000000e+25 
7.520833e+04 1.211249e-19 1.000000e+25 
7.541667e+04 1.199801e-19 1.000000e+25 
7.562500e+04 1.188991e-19 1.000000e+25 
7.583333e+04 1.178635e-19 1.000000e+25 
7.604167e+04 1.168892e-19 1.000000e+25 
7.625000e+04 1.159596e-19 1.000000e+25 
7.645833e+04 1.150894e-19 1.000000e+25 
7.666667e+04 1.142635e-19 1.000000e+25 
7.687500e+04 1.134956e-19 1.000000e+25 
7.708333e+04 1.127717e-19 1.000000e+25 
7.729167e+04 1.121047e-19 1.000000e+25 
7.750000e+04 1.114816e-19 1.000000e+25 
7.770833e+04 1.109148e-19 1.000000e+25 
7.791667e+04 1.103916e-19 1.000000e+25 
7.812500e+04 1.099243e-19 1.000000e+25 
7.833333e+04 1.095006e-19 1.000000e+25 
7.854167e+04 1.091326e-19 1.000000e+25 
7.875000e+04 1.088081e-19 1.000000e+25 
7.895833e+04 1.085391e-19 1.000000e+25 
7.916667e+04 1.083136e-19 1.000000e+25 
7.937500e+04 1.081436e-19 1.000000e+25 
7.958333e+04 1.080170e-19 1.000000e+25 
7.979167e+04 1.079458e-19 1.000000e+25 
8.000000e+04 1.079181e-19 1.000000e+25 
