0.000000e+00 1.107140e-18 1.000000e+25 
1.562500e+02 1.107357e-18 1.000000e+25 
3.125000e+02 1.107762e-18 1.000000e+25 
4.687500e+02 1.108602e-18 1.000000e+25 
6.250000e+02 1.109630e-18 1.000000e+25 
7.812500e+02 1.111095e-18 1.000000e+25 
9.375000e+02 1.112750e-18 1.000000e+25 
1.093750e+03 1.114847e-18 1.000000e+25 
1.250000e+03 1.117138e-18 1.000000e+25 
1.406250e+03 1.119879e-18 1.000000e+25 
1.562500e+03 1.122818e-18 1.000000e+25 
1.718750e+03 1.126223e-18 1.000000e+25 
1.875000e+03 1.129835e-18 1.000000e+25 
2.031250e+03 1.133934e-18 1.000000e+25 
2.187500e+03 1.138249e-18 1.000000e+25 
2.343750e+03 1.143080e-18 1.000000e+25 
2.500000e+03 1.148139e-18 1.000000e+25 
2.656250e+03 1.153745e-18 1.000000e+25 
2.812500e+03 1.159589e-18 1.000000e+25 
2.968750e+03 1.165995e-18 1.000000e+25 
3.125000e+03 1.172643e-18 1.000000e+25 
3.281250e+03 1.179865e-18 1.000000e+25 
3.437500e+03 1.187336e-18 1.000000e+25 
3.593750e+03 1.195421e-18 1.000000e+25 
3.750000e+03 1.203776e-18 1.000000e+25 
3.906250e+03 1.212841e-18 1.000000e+25 
4.062500e+03 1.222241e-18 1.000000e+25 
4.218750e+03 1.232510e-18 1.000000e+25 
4.375000e+03 1.243161e-18 1.000000e+25 
4.531250e+03 1.254440e-18 1.000000e+25 
4.687500e+03 1.265858e-18 1.000000e+25 
4.843750e+03 1.277725e-18 1.000000e+25 
5.000000e+03 1.289753e-18 1.000000e+25 
5.156250e+03 1.302559e-18 1.000000e+25 
5.312500e+03 1.315999e-18 1.000000e+25 
5.468750e+03 1.331655e-18 1.000000e+25 
5.625000e+03 1.345938e-18 1.000000e+25 
5.781250e+03 1.357890e-18 1.000000e+25 
5.937500e+03 1.372035e-18 1.000000e+25 
6.093750e+03 1.395163e-18 1.000000e+25 
6.250000e+03 1.436100e-18 1.000000e+25 
6.406250e+03 1.506776e-18 1.000000e+25 
6.562500e+03 1.581963e-18 1.000000e+25 
6.718750e+03 1.666515e-18 1.000000e+25 
6.875000e+03 1.749654e-18 1.000000e+25 
7.031250e+03 1.838599e-18 1.000000e+25 
7.187500e+03 1.931400e-18 1.000000e+25 
7.343750e+03 2.031511e-18 1.000000e+25 
7.500000e+03 2.134872e-18 1.000000e+25 
7.656250e+03 2.245253e-18 1.000000e+25 
7.812500e+03 2.359474e-18 1.000000e+25 
7.968750e+03 2.481588e-18 1.000000e+25 
8.125000e+03 2.608136e-18 1.000000e+25 
8.281250e+03 2.743535e-18 1.000000e+25 
8.437500e+03 2.883682e-18 1.000000e+25 
8.593750e+03 3.033255e-18 1.000000e+25 
8.750000e+03 3.188003e-18 1.000000e+25 
8.906250e+03 3.353015e-18 1.000000e+25 
9.062500e+03 3.523725e-18 1.000000e+25 
9.218750e+03 3.705642e-18 1.000000e+25 
9.375000e+03 3.893801e-18 1.000000e+25 
9.531250e+03 4.094177e-18 1.000000e+25 
9.687500e+03 4.301389e-18 1.000000e+25 
9.843750e+03 4.521933e-18 1.000000e+25 
1.000000e+04 4.749965e-18 1.000000e+25 
1.015625e+04 4.992571e-18 9.665924e+24 
1.031250e+04 5.243383e-18 9.220071e+24 
1.046875e+04 5.510149e-18 8.790187e+24 
1.062500e+04 5.785905e-18 8.386950e+24 
1.078125e+04 6.079144e-18 7.997983e+24 
1.093750e+04 6.382237e-18 7.633009e+24 
1.109375e+04 6.704506e-18 7.280779e+24 
1.125000e+04 7.037580e-18 6.950169e+24 
1.140625e+04 7.391700e-18 6.630945e+24 
1.156250e+04 7.757670e-18 6.331221e+24 
1.171875e+04 8.146746e-18 6.041683e+24 
1.187500e+04 8.548825e-18 5.769749e+24 
1.203125e+04 8.976273e-18 5.506939e+24 
1.218750e+04 9.417994e-18 5.260036e+24 
1.234375e+04 9.887577e-18 5.021319e+24 
1.250000e+04 1.037284e-17 4.796987e+24 
1.265625e+04 1.088871e-17 4.580008e+24 
1.281250e+04 1.142181e-17 4.376046e+24 
1.296875e+04 1.198856e-17 4.178695e+24 
1.312500e+04 1.257426e-17 3.993134e+24 
1.328125e+04 1.319700e-17 3.813518e+24 
1.343750e+04 1.384060e-17 3.644588e+24 
1.359375e+04 1.452499e-17 3.481009e+24 
1.375000e+04 1.523236e-17 3.327123e+24 
1.390625e+04 1.598471e-17 3.178056e+24 
1.406250e+04 1.676241e-17 3.037789e+24 
1.421875e+04 1.758973e-17 2.901866e+24 
1.437500e+04 1.844504e-17 2.773940e+24 
1.453125e+04 1.935514e-17 2.649937e+24 
1.468750e+04 2.029614e-17 2.533207e+24 
1.484375e+04 2.129766e-17 2.420026e+24 
1.500000e+04 2.233334e-17 2.313467e+24 
1.515625e+04 2.343586e-17 2.210126e+24 
1.531250e+04 2.457614e-17 2.112819e+24 
1.546875e+04 2.579023e-17 2.018436e+24 
1.562500e+04 2.704608e-17 1.929556e+24 
1.578125e+04 2.838341e-17 1.843340e+24 
1.593750e+04 2.976691e-17 1.762145e+24 
1.609375e+04 3.124033e-17 1.683381e+24 
1.625000e+04 3.276480e-17 1.609201e+24 
1.640625e+04 3.438846e-17 1.537244e+24 
1.656250e+04 3.606855e-17 1.469472e+24 
1.671875e+04 3.785804e-17 1.403735e+24 
1.687500e+04 3.970991e-17 1.341819e+24 
1.703125e+04 4.168238e-17 1.281768e+24 
1.718750e+04 4.372381e-17 1.225206e+24 
1.734375e+04 4.589819e-17 1.170352e+24 
1.750000e+04 4.814880e-17 1.118686e+24 
1.765625e+04 5.054595e-17 1.068583e+24 
1.781250e+04 5.302736e-17 1.021392e+24 
1.796875e+04 5.567029e-17 9.756326e+23 
1.812500e+04 5.840635e-17 9.325315e+23 
1.828125e+04 6.132045e-17 8.907418e+23 
1.843750e+04 6.433748e-17 8.513793e+23 
1.859375e+04 6.755075e-17 8.132172e+23 
1.875000e+04 7.087777e-17 7.772711e+23 
1.890625e+04 7.442108e-17 7.424238e+23 
1.906250e+04 7.809009e-17 7.095995e+23 
1.921875e+04 8.199745e-17 6.777807e+23 
1.937500e+04 8.604370e-17 6.478088e+23 
1.953125e+04 9.035257e-17 6.187569e+23 
1.968750e+04 9.481486e-17 5.913911e+23 
1.984375e+04 9.956647e-17 5.648669e+23 
2.000000e+04 1.044875e-16 5.398819e+23 
2.015625e+04 1.097272e-16 5.156667e+23 
2.031250e+04 1.151539e-16 4.928568e+23 
2.046875e+04 1.209314e-16 4.707508e+23 
2.062500e+04 1.269153e-16 4.499276e+23 
2.078125e+04 1.332853e-16 4.297482e+23 
2.093750e+04 1.398830e-16 4.107397e+23 
2.109375e+04 1.469054e-16 3.923198e+23 
2.125000e+04 1.541789e-16 3.749686e+23 
2.140625e+04 1.619195e-16 3.581554e+23 
2.156250e+04 1.699369e-16 3.423177e+23 
2.171875e+04 1.784676e-16 3.269713e+23 
2.187500e+04 1.873033e-16 3.125153e+23 
2.203125e+04 1.967031e-16 2.985080e+23 
2.218750e+04 2.064388e-16 2.853131e+23 
2.234375e+04 2.167941e-16 2.725278e+23 
2.250000e+04 2.275192e-16 2.604839e+23 
2.265625e+04 2.389249e-16 2.488133e+23 
2.281250e+04 2.507373e-16 2.378196e+23 
2.296875e+04 2.632973e-16 2.271658e+23 
2.312500e+04 2.763046e-16 2.171299e+23 
2.328125e+04 2.901332e-16 2.074032e+23 
2.343750e+04 3.044535e-16 1.982407e+23 
2.359375e+04 3.196765e-16 1.893590e+23 
2.375000e+04 3.354398e-16 1.809928e+23 
2.390625e+04 3.521961e-16 1.728812e+23 
2.406250e+04 3.695456e-16 1.652407e+23 
2.421875e+04 3.879889e-16 1.578307e+23 
2.437500e+04 4.070835e-16 1.508516e+23 
2.453125e+04 4.273845e-16 1.440809e+23 
2.468750e+04 4.484001e-16 1.377045e+23 
2.484375e+04 4.707491e-16 1.315163e+23 
2.500000e+04 4.938817e-16 1.256893e+23 
2.515625e+04 5.184914e-16 1.200320e+23 
2.531250e+04 5.439599e-16 1.147060e+23 
2.546875e+04 5.710683e-16 1.095329e+23 
2.562500e+04 5.991174e-16 1.046641e+23 
2.578125e+04 6.289914e-16 9.993326e+22 
2.593750e+04 6.598948e-16 9.548220e+22 
2.609375e+04 6.928330e-16 9.115572e+22 
2.625000e+04 7.268963e-16 8.708693e+22 
2.640625e+04 7.632312e-16 8.313110e+22 
2.656250e+04 8.007935e-16 7.941288e+22 
2.671875e+04 8.408922e-16 7.579768e+22 
2.687500e+04 8.823266e-16 7.240180e+22 
2.703125e+04 9.265894e-16 6.910061e+22 
2.718750e+04 9.723006e-16 6.600197e+22 
2.734375e+04 1.021155e-15 6.299124e+22 
2.750000e+04 1.071573e-15 6.016754e+22 
2.765625e+04 1.125466e-15 5.742635e+22 
2.781250e+04 1.181034e-15 5.485772e+22 
2.796875e+04 1.240412e-15 5.236736e+22 
2.812500e+04 1.301573e-15 5.003591e+22 
2.828125e+04 1.366864e-15 4.777944e+22 
2.843750e+04 1.434032e-15 4.566888e+22 
2.859375e+04 1.505614e-15 4.363066e+22 
2.875000e+04 1.579146e-15 4.172589e+22 
2.890625e+04 1.657315e-15 3.989120e+22 
2.906250e+04 1.737475e-15 3.817798e+22 
2.921875e+04 1.822402e-15 3.653275e+22 
2.937500e+04 1.909323e-15 3.499746e+22 
2.953125e+04 2.001015e-15 3.352804e+22 
2.968750e+04 2.094653e-15 3.215750e+22 
2.984375e+04 2.192913e-15 3.085063e+22 
3.000000e+04 2.293010e-15 2.963211e+22 
3.015625e+04 2.397396e-15 2.847495e+22 
3.031250e+04 2.503438e-15 2.739622e+22 
3.046875e+04 2.613229e-15 2.637649e+22 
3.062500e+04 2.724418e-15 2.542592e+22 
3.078125e+04 2.838582e-15 2.453205e+22 
3.093750e+04 2.953802e-15 2.369883e+22 
3.109375e+04 3.070973e-15 2.292020e+22 
3.125000e+04 3.188766e-15 2.219448e+22 
3.140625e+04 3.307216e-15 2.152162e+22 
3.156250e+04 3.425761e-15 2.089470e+22 
3.171875e+04 3.543383e-15 2.031942e+22 
3.187500e+04 3.660476e-15 1.978396e+22 
3.203125e+04 3.774763e-15 1.929955e+22 
3.218750e+04 3.887806e-15 1.884965e+22 
3.234375e+04 3.995847e-15 1.845104e+22 
3.250000e+04 4.101841e-15 1.808244e+22 
3.265625e+04 4.200325e-15 1.776632e+22 
3.281250e+04 4.295887e-15 1.747656e+22 
3.296875e+04 4.381140e-15 1.724156e+22 
3.312500e+04 4.462544e-15 1.703021e+22 
3.328125e+04 4.530605e-15 1.687713e+22 
3.343750e+04 4.593875e-15 1.674603e+22 
3.359375e+04 4.640639e-15 1.667815e+22 
3.375000e+04 4.681704e-15 1.663184e+22 
3.390625e+04 4.703138e-15 1.665532e+22 
3.406250e+04 4.718066e-15 1.670158e+22 
3.421875e+04 4.710535e-15 1.682600e+22 
3.437500e+04 4.695874e-15 1.697656e+22 
3.453125e+04 4.656559e-15 1.721557e+22 
3.468750e+04 4.609772e-15 1.748696e+22 
3.484375e+04 4.537203e-15 1.785895e+22 
3.500000e+04 4.457206e-15 1.827344e+22 
3.515625e+04 4.351853e-15 1.880184e+22 
3.531250e+04 4.239609e-15 1.938792e+22 
3.546875e+04 4.104498e-15 2.010028e+22 
3.562500e+04 3.963622e-15 2.089148e+22 
3.578125e+04 3.804868e-15 2.181533e+22 
3.593750e+04 3.642151e-15 2.284446e+22 
3.609375e+04 3.469298e-15 2.399563e+22 
3.625000e+04 3.295019e-15 2.527847e+22 
3.640625e+04 3.120990e-15 2.663526e+22 
3.656250e+04 2.948810e-15 2.813465e+22 
3.671875e+04 2.789140e-15 2.959396e+22 
3.687500e+04 2.635131e-15 3.116338e+22 
3.703125e+04 2.505833e-15 3.250313e+22 
3.718750e+04 2.385852e-15 3.385588e+22 
3.734375e+04 2.299073e-15 3.479381e+22 
3.750000e+04 2.223708e-15 3.562149e+22 
3.765625e+04 2.181674e-15 3.603583e+22 
3.781250e+04 2.150047e-15 3.628990e+22 
3.796875e+04 2.141502e-15 3.635362e+22 
3.812500e+04 2.139130e-15 3.631275e+22 
3.828125e+04 2.144486e-15 3.626889e+22 
3.843750e+04 2.151128e-15 3.620359e+22 
3.859375e+04 2.156398e-15 3.612887e+22 
3.875000e+04 2.160982e-15 3.606597e+22 
3.890625e+04 2.165177e-15 3.593934e+22 
3.906250e+04 2.169301e-15 3.581437e+22 
3.921875e+04 2.174603e-15 3.574084e+22 
3.937500e+04 2.179733e-15 3.567049e+22 
3.953125e+04 2.183370e-15 3.585067e+22 
3.968750e+04 2.185198e-15 3.606009e+22 
3.984375e+04 2.184393e-15 3.628649e+22 
4.000000e+04 2.184078e-15 3.650486e+22 
4.015625e+04 2.184393e-15 3.628649e+22 
4.031250e+04 2.185198e-15 3.606009e+22 
4.046875e+04 2.183370e-15 3.585067e+22 
4.062500e+04 2.179733e-15 3.567049e+22 
4.078125e+04 2.174603e-15 3.574084e+22 
4.093750e+04 2.169301e-15 3.581437e+22 
4.109375e+04 2.165177e-15 3.593934e+22 
4.125000e+04 2.160982e-15 3.606597e+22 
4.140625e+04 2.156398e-15 3.612887e+22 
4.156250e+04 2.151128e-15 3.620359e+22 
4.171875e+04 2.144486e-15 3.626889e+22 
4.187500e+04 2.139130e-15 3.631275e+22 
4.203125e+04 2.141502e-15 3.635362e+22 
4.218750e+04 2.150047e-15 3.628990e+22 
4.234375e+04 2.181674e-15 3.603583e+22 
4.250000e+04 2.223708e-15 3.562149e+22 
4.265625e+04 2.299073e-15 3.479381e+22 
4.281250e+04 2.385852e-15 3.385588e+22 
4.296875e+04 2.505833e-15 3.250313e+22 
4.312500e+04 2.635131e-15 3.116338e+22 
4.328125e+04 2.789140e-15 2.959396e+22 
4.343750e+04 2.948810e-15 2.813465e+22 
4.359375e+04 3.120990e-15 2.663526e+22 
4.375000e+04 3.295019e-15 2.527847e+22 
4.390625e+04 3.469298e-15 2.399563e+22 
4.406250e+04 3.642151e-15 2.284446e+22 
4.421875e+04 3.804868e-15 2.181533e+22 
4.437500e+04 3.963622e-15 2.089148e+22 
4.453125e+04 4.104498e-15 2.010028e+22 
4.468750e+04 4.239609e-15 1.938792e+22 
4.484375e+04 4.351853e-15 1.880184e+22 
4.500000e+04 4.457206e-15 1.827344e+22 
4.515625e+04 4.537203e-15 1.785895e+22 
4.531250e+04 4.609772e-15 1.748696e+22 
4.546875e+04 4.656559e-15 1.721557e+22 
4.562500e+04 4.695874e-15 1.697656e+22 
4.578125e+04 4.710535e-15 1.682600e+22 
4.593750e+04 4.718066e-15 1.670158e+22 
4.609375e+04 4.703138e-15 1.665532e+22 
4.625000e+04 4.681704e-15 1.663184e+22 
4.640625e+04 4.640639e-15 1.667815e+22 
4.656250e+04 4.593875e-15 1.674603e+22 
4.671875e+04 4.530605e-15 1.687713e+22 
4.687500e+04 4.462544e-15 1.703021e+22 
4.703125e+04 4.381140e-15 1.724156e+22 
4.718750e+04 4.295887e-15 1.747656e+22 
4.734375e+04 4.200325e-15 1.776632e+22 
4.750000e+04 4.101841e-15 1.808244e+22 
4.765625e+04 3.995847e-15 1.845104e+22 
4.781250e+04 3.887806e-15 1.884965e+22 
4.796875e+04 3.774763e-15 1.929955e+22 
4.812500e+04 3.660476e-15 1.978396e+22 
4.828125e+04 3.543383e-15 2.031942e+22 
4.843750e+04 3.425761e-15 2.089470e+22 
4.859375e+04 3.307216e-15 2.152162e+22 
4.875000e+04 3.188766e-15 2.219448e+22 
4.890625e+04 3.070973e-15 2.292020e+22 
4.906250e+04 2.953802e-15 2.369883e+22 
4.921875e+04 2.838582e-15 2.453205e+22 
4.937500e+04 2.724418e-15 2.542592e+22 
4.953125e+04 2.613229e-15 2.637649e+22 
4.968750e+04 2.503438e-15 2.739622e+22 
4.984375e+04 2.397396e-15 2.847495e+22 
5.000000e+04 2.293010e-15 2.963211e+22 
5.015625e+04 2.192913e-15 3.085063e+22 
5.031250e+04 2.094653e-15 3.215750e+22 
5.046875e+04 2.001015e-15 3.352804e+22 
5.062500e+04 1.909323e-15 3.499746e+22 
5.078125e+04 1.822402e-15 3.653275e+22 
5.093750e+04 1.737475e-15 3.817798e+22 
5.109375e+04 1.657315e-15 3.989120e+22 
5.125000e+04 1.579146e-15 4.172589e+22 
5.140625e+04 1.505614e-15 4.363066e+22 
5.156250e+04 1.434032e-15 4.566888e+22 
5.171875e+04 1.366864e-15 4.777944e+22 
5.187500e+04 1.301573e-15 5.003591e+22 
5.203125e+04 1.240412e-15 5.236736e+22 
5.218750e+04 1.181034e-15 5.485772e+22 
5.234375e+04 1.125466e-15 5.742635e+22 
5.250000e+04 1.071573e-15 6.016754e+22 
5.265625e+04 1.021155e-15 6.299124e+22 
5.281250e+04 9.723006e-16 6.600197e+22 
5.296875e+04 9.265894e-16 6.910061e+22 
5.312500e+04 8.823266e-16 7.240180e+22 
5.328125e+04 8.408922e-16 7.579768e+22 
5.343750e+04 8.007935e-16 7.941288e+22 
5.359375e+04 7.632312e-16 8.313110e+22 
5.375000e+04 7.268963e-16 8.708693e+22 
5.390625e+04 6.928330e-16 9.115572e+22 
5.406250e+04 6.598948e-16 9.548220e+22 
5.421875e+04 6.289914e-16 9.993326e+22 
5.437500e+04 5.991174e-16 1.046641e+23 
5.453125e+04 5.710683e-16 1.095329e+23 
5.468750e+04 5.439599e-16 1.147060e+23 
5.484375e+04 5.184914e-16 1.200320e+23 
5.500000e+04 4.938817e-16 1.256893e+23 
5.515625e+04 4.707491e-16 1.315163e+23 
5.531250e+04 4.484001e-16 1.377045e+23 
5.546875e+04 4.273845e-16 1.440809e+23 
5.562500e+04 4.070835e-16 1.508516e+23 
5.578125e+04 3.879889e-16 1.578307e+23 
5.593750e+04 3.695456e-16 1.652407e+23 
5.609375e+04 3.521961e-16 1.728812e+23 
5.625000e+04 3.354398e-16 1.809928e+23 
5.640625e+04 3.196765e-16 1.893590e+23 
5.656250e+04 3.044535e-16 1.982407e+23 
5.671875e+04 2.901332e-16 2.074032e+23 
5.687500e+04 2.763046e-16 2.171299e+23 
5.703125e+04 2.632973e-16 2.271658e+23 
5.718750e+04 2.507373e-16 2.378196e+23 
5.734375e+04 2.389249e-16 2.488133e+23 
5.750000e+04 2.275192e-16 2.604839e+23 
5.765625e+04 2.167941e-16 2.725278e+23 
5.781250e+04 2.064388e-16 2.853131e+23 
5.796875e+04 1.967031e-16 2.985080e+23 
5.812500e+04 1.873033e-16 3.125153e+23 
5.828125e+04 1.784676e-16 3.269713e+23 
5.843750e+04 1.699369e-16 3.423177e+23 
5.859375e+04 1.619195e-16 3.581554e+23 
5.875000e+04 1.541789e-16 3.749686e+23 
5.890625e+04 1.469054e-16 3.923198e+23 
5.906250e+04 1.398830e-16 4.107397e+23 
5.921875e+04 1.332853e-16 4.297482e+23 
5.937500e+04 1.269153e-16 4.499276e+23 
5.953125e+04 1.209314e-16 4.707508e+23 
5.968750e+04 1.151539e-16 4.928568e+23 
5.984375e+04 1.097272e-16 5.156667e+23 
6.000000e+04 1.044875e-16 5.398819e+23 
6.015625e+04 9.956647e-17 5.648669e+23 
6.031250e+04 9.481486e-17 5.913911e+23 
6.046875e+04 9.035257e-17 6.187569e+23 
6.062500e+04 8.604370e-17 6.478088e+23 
6.078125e+04 8.199745e-17 6.777807e+23 
6.093750e+04 7.809009e-17 7.095995e+23 
6.109375e+04 7.442108e-17 7.424238e+23 
6.125000e+04 7.087777e-17 7.772711e+23 
6.140625e+04 6.755075e-17 8.132172e+23 
6.156250e+04 6.433748e-17 8.513793e+23 
6.171875e+04 6.132045e-17 8.907418e+23 
6.187500e+04 5.840635e-17 9.325315e+23 
6.203125e+04 5.567029e-17 9.756326e+23 
6.218750e+04 5.302736e-17 1.021392e+24 
6.234375e+04 5.054595e-17 1.068583e+24 
6.250000e+04 4.814880e-17 1.118686e+24 
6.265625e+04 4.589819e-17 1.170352e+24 
6.281250e+04 4.372381e-17 1.225206e+24 
6.296875e+04 4.168238e-17 1.281768e+24 
6.312500e+04 3.970991e-17 1.341819e+24 
6.328125e+04 3.785804e-17 1.403735e+24 
6.343750e+04 3.606855e-17 1.469472e+24 
6.359375e+04 3.438846e-17 1.537244e+24 
6.375000e+04 3.276480e-17 1.609201e+24 
6.390625e+04 3.124033e-17 1.683381e+24 
6.406250e+04 2.976691e-17 1.762145e+24 
6.421875e+04 2.838341e-17 1.843340e+24 
6.437500e+04 2.704608e-17 1.929556e+24 
6.453125e+04 2.579023e-17 2.018436e+24 
6.468750e+04 2.457614e-17 2.112819e+24 
6.484375e+04 2.343586e-17 2.210126e+24 
6.500000e+04 2.233334e-17 2.313467e+24 
6.515625e+04 2.129766e-17 2.420026e+24 
6.531250e+04 2.029614e-17 2.533207e+24 
6.546875e+04 1.935514e-17 2.649937e+24 
6.562500e+04 1.844504e-17 2.773940e+24 
6.578125e+04 1.758973e-17 2.901866e+24 
6.593750e+04 1.676241e-17 3.037789e+24 
6.609375e+04 1.598471e-17 3.178056e+24 
6.625000e+04 1.523236e-17 3.327123e+24 
6.640625e+04 1.452499e-17 3.481009e+24 
6.656250e+04 1.384060e-17 3.644588e+24 
6.671875e+04 1.319700e-17 3.813518e+24 
6.687500e+04 1.257426e-17 3.993134e+24 
6.703125e+04 1.198856e-17 4.178695e+24 
6.718750e+04 1.142181e-17 4.376046e+24 
6.734375e+04 1.088871e-17 4.580008e+24 
6.750000e+04 1.037284e-17 4.796987e+24 
6.765625e+04 9.887577e-18 5.021319e+24 
6.781250e+04 9.417994e-18 5.260036e+24 
6.796875e+04 8.976273e-18 5.506939e+24 
6.812500e+04 8.548825e-18 5.769749e+24 
6.828125e+04 8.146746e-18 6.041683e+24 
6.843750e+04 7.757670e-18 6.331221e+24 
6.859375e+04 7.391700e-18 6.630945e+24 
6.875000e+04 7.037580e-18 6.950169e+24 
6.890625e+04 6.704506e-18 7.280779e+24 
6.906250e+04 6.382237e-18 7.633009e+24 
6.921875e+04 6.079144e-18 7.997983e+24 
6.937500e+04 5.785905e-18 8.386950e+24 
6.953125e+04 5.510149e-18 8.790187e+24 
6.968750e+04 5.243383e-18 9.220071e+24 
6.984375e+04 4.992571e-18 9.665924e+24 
7.000000e+04 4.749965e-18 1.000000e+25 
7.015625e+04 4.521933e-18 1.000000e+25 
7.031250e+04 4.301389e-18 1.000000e+25 
7.046875e+04 4.094177e-18 1.000000e+25 
7.062500e+04 3.893801e-18 1.000000e+25 
7.078125e+04 3.705642e-18 1.000000e+25 
7.093750e+04 3.523725e-18 1.000000e+25 
7.109375e+04 3.353015e-18 1.000000e+25 
7.125000e+04 3.188003e-18 1.000000e+25 
7.140625e+04 3.033255e-18 1.000000e+25 
7.156250e+04 2.883682e-18 1.000000e+25 
7.171875e+04 2.743535e-18 1.000000e+25 
7.187500e+04 2.608136e-18 1.000000e+25 
7.203125e+04 2.481588e-18 1.000000e+25 
7.218750e+04 2.359474e-18 1.000000e+25 
7.234375e+04 2.245253e-18 1.000000e+25 
7.250000e+04 2.134872e-18 1.000000e+25 
7.265625e+04 2.031511e-18 1.000000e+25 
7.281250e+04 1.931400e-18 1.000000e+25 
7.296875e+04 1.838599e-18 1.000000e+25 
7.312500e+04 1.749654e-18 1.000000e+25 
7.328125e+04 1.666515e-18 1.000000e+25 
7.343750e+04 1.581963e-18 1.000000e+25 
7.359375e+04 1.506776e-18 1.000000e+25 
7.375000e+04 1.436100e-18 1.000000e+25 
7.390625e+04 1.395163e-18 1.000000e+25 
7.406250e+04 1.372035e-18 1.000000e+25 
7.421875e+04 1.357890e-18 1.000000e+25 
7.437500e+04 1.345938e-18 1.000000e+25 
7.453125e+04 1.331655e-18 1.000000e+25 
7.468750e+04 1.315999e-18 1.000000e+25 
7.484375e+04 1.302559e-18 1.000000e+25 
7.500000e+04 1.289753e-18 1.000000e+25 
7.515625e+04 1.277725e-18 1.000000e+25 
7.531250e+04 1.265858e-18 1.000000e+25 
7.546875e+04 1.254440e-18 1.000000e+25 
7.562500e+04 1.243161e-18 1.000000e+25 
7.578125e+04 1.232510e-18 1.000000e+25 
7.593750e+04 1.222241e-18 1.000000e+25 
7.609375e+04 1.212841e-18 1.000000e+25 
7.625000e+04 1.203776e-18 1.000000e+25 
7.640625e+04 1.195421e-18 1.000000e+25 
7.656250e+04 1.187336e-18 1.000000e+25 
7.671875e+04 1.179865e-18 1.000000e+25 
7.687500e+04 1.172643e-18 1.000000e+25 
7.703125e+04 1.165995e-18 1.000000e+25 
7.718750e+04 1.159589e-18 1.000000e+25 
7.734375e+04 1.153745e-18 1.000000e+25 
7.750000e+04 1.148139e-18 1.000000e+25 
7.765625e+04 1.143080e-18 1.000000e+25 
7.781250e+04 1.138249e-18 1.000000e+25 
7.796875e+04 1.133934e-18 1.000000e+25 
7.812500e+04 1.129835e-18 1.000000e+25 
7.828125e+04 1.126223e-18 1.000000e+25 
7.843750e+04 1.122818e-18 1.000000e+25 
7.859375e+04 1.119879e-18 1.000000e+25 
7.875000e+04 1.117138e-18 1.000000e+25 
7.890625e+04 1.114847e-18 1.000000e+25 
7.906250e+04 1.112750e-18 1.000000e+25 
7.921875e+04 1.111095e-18 1.000000e+25 
7.937500e+04 1.109630e-18 1.000000e+25 
7.953125e+04 1.108602e-18 1.000000e+25 
7.968750e+04 1.107762e-18 1.000000e+25 
7.984375e+04 1.107357e-18 1.000000e+25 
8.000000e+04 1.107140e-18 1.000000e+25 
