0.000000e+00 1.591779e-18 1.000000e+25 
3.125000e+02 1.592709e-18 1.000000e+25 
6.250000e+02 1.594671e-18 1.000000e+25 
9.375000e+02 1.598504e-18 1.000000e+25 
1.250000e+03 1.603380e-18 1.000000e+25 
1.562500e+03 1.610166e-18 1.000000e+25 
1.875000e+03 1.618024e-18 1.000000e+25 
2.187500e+03 1.627882e-18 1.000000e+25 
2.500000e+03 1.638868e-18 1.000000e+25 
2.812500e+03 1.651981e-18 1.000000e+25 
3.125000e+03 1.666278e-18 1.000000e+25 
3.437500e+03 1.682800e-18 1.000000e+25 
3.750000e+03 1.700567e-18 1.000000e+25 
4.062500e+03 1.720748e-18 1.000000e+25 
4.375000e+03 1.742280e-18 1.000000e+25 
4.687500e+03 1.766438e-18 1.000000e+25 
5.000000e+03 1.792046e-18 1.000000e+25 
5.312500e+03 1.820502e-18 1.000000e+25 
5.625000e+03 1.850517e-18 1.000000e+25 
5.937500e+03 1.883583e-18 1.000000e+25 
6.250000e+03 1.918300e-18 1.000000e+25 
6.562500e+03 1.956188e-18 1.000000e+25 
6.875000e+03 1.995841e-18 1.000000e+25 
7.187500e+03 2.039187e-18 1.000000e+25 
7.500000e+03 2.084529e-18 1.000000e+25 
7.812500e+03 2.133743e-18 1.000000e+25 
8.125000e+03 2.184889e-18 1.000000e+25 
8.437500e+03 2.240152e-18 1.000000e+25 
8.750000e+03 2.297553e-18 1.000000e+25 
9.062500e+03 2.360636e-18 1.000000e+25 
9.375000e+03 2.427111e-18 1.000000e+25 
9.687500e+03 2.498507e-18 1.000000e+25 
1.000000e+04 2.572389e-18 1.000000e+25 
1.031250e+04 2.646414e-18 1.000000e+25 
1.062500e+04 2.721956e-18 1.000000e+25 
1.093750e+04 2.790378e-18 1.000000e+25 
1.125000e+04 2.825898e-18 1.000000e+25 
1.156250e+04 2.879574e-18 1.000000e+25 
1.187500e+04 2.954970e-18 1.000000e+25 
1.218750e+04 3.087670e-18 1.000000e+25 
1.250000e+04 3.353802e-18 1.000000e+25 
1.281250e+04 3.829371e-18 1.000000e+25 
1.312500e+04 4.410960e-18 1.000000e+25 
1.343750e+04 5.123673e-18 1.000000e+25 
1.375000e+04 5.951928e-18 1.000000e+25 
1.406250e+04 6.827223e-18 9.004743e+24 
1.437500e+04 7.802106e-18 8.050994e+24 
1.468750e+04 8.896451e-18 7.181690e+24 
1.500000e+04 1.012177e-17 6.422310e+24 
1.531250e+04 1.152494e-17 5.725886e+24 
1.562500e+04 1.310060e-17 5.115787e+24 
1.593750e+04 1.491130e-17 4.558536e+24 
1.625000e+04 1.694022e-17 4.071853e+24 
1.656250e+04 1.926270e-17 3.627546e+24 
1.687500e+04 2.186619e-17 3.239295e+24 
1.718750e+04 2.484232e-17 2.884235e+24 
1.750000e+04 2.818044e-17 2.573901e+24 
1.781250e+04 3.199935e-17 2.289897e+24 
1.812500e+04 3.628686e-17 2.041659e+24 
1.843750e+04 4.120424e-17 1.814478e+24 
1.875000e+04 4.672962e-17 1.616057e+24 
1.906250e+04 5.307805e-17 1.434516e+24 
1.937500e+04 6.021672e-17 1.276149e+24 
1.968750e+04 6.843165e-17 1.131278e+24 
2.000000e+04 7.767602e-17 1.005087e+24 
2.031250e+04 8.833127e-17 8.896632e+23 
2.062500e+04 1.003310e-16 7.892946e+23 
2.093750e+04 1.141908e-16 6.974948e+23 
2.125000e+04 1.298118e-16 6.178291e+23 
2.156250e+04 1.479024e-16 5.449638e+23 
2.187500e+04 1.683059e-16 4.818854e+23 
2.218750e+04 1.920121e-16 4.241944e+23 
2.250000e+04 2.187625e-16 3.744014e+23 
2.281250e+04 2.499610e-16 3.288823e+23 
2.312500e+04 2.851692e-16 2.897362e+23 
2.343750e+04 3.263946e-16 2.539998e+23 
2.375000e+04 3.728898e-16 2.233954e+23 
2.406250e+04 4.275070e-16 1.955370e+23 
2.437500e+04 4.889994e-16 1.717885e+23 
2.468750e+04 5.613161e-16 1.502710e+23 
2.500000e+04 6.424703e-16 1.320110e+23 
2.531250e+04 7.376967e-16 1.155645e+23 
2.562500e+04 8.440219e-16 1.016611e+23 
2.593750e+04 9.680200e-16 8.921234e+22 
2.625000e+04 1.105540e-15 7.871389e+22 
2.656250e+04 1.264413e-15 6.935282e+22 
2.687500e+04 1.439211e-15 6.146253e+22 
2.718750e+04 1.638882e-15 5.443627e+22 
2.750000e+04 1.856674e-15 4.850574e+22 
2.781250e+04 2.102525e-15 4.321831e+22 
2.812500e+04 2.368277e-15 3.874263e+22 
2.843750e+04 2.664615e-15 3.474579e+22 
2.875000e+04 2.981817e-15 3.135052e+22 
2.906250e+04 3.330519e-15 2.832267e+22 
2.937500e+04 3.699380e-15 2.574211e+22 
2.968750e+04 4.096892e-15 2.345999e+22 
3.000000e+04 4.510682e-15 2.151144e+22 
3.031250e+04 4.943091e-15 1.982175e+22 
3.062500e+04 5.382739e-15 1.838129e+22 
3.093750e+04 5.819985e-15 1.717915e+22 
3.125000e+04 6.248560e-15 1.616458e+22 
3.156250e+04 6.640210e-15 1.538312e+22 
3.187500e+04 7.000115e-15 1.474786e+22 
3.218750e+04 7.275804e-15 1.435913e+22 
3.250000e+04 7.491904e-15 1.409810e+22 
3.281250e+04 7.570555e-15 1.412456e+22 
3.312500e+04 7.563499e-15 1.429401e+22 
3.343750e+04 7.375732e-15 1.483732e+22 
3.375000e+04 7.088735e-15 1.560316e+22 
3.406250e+04 6.613660e-15 1.690173e+22 
3.437500e+04 6.052429e-15 1.863968e+22 
3.468750e+04 5.362384e-15 2.116341e+22 
3.500000e+04 4.634519e-15 2.462083e+22 
3.531250e+04 3.905090e-15 2.904057e+22 
3.562500e+04 3.211968e-15 3.515245e+22 
3.593750e+04 2.687549e-15 4.081418e+22 
3.625000e+04 2.275665e-15 4.699577e+22 
3.656250e+04 2.086194e-15 5.008311e+22 
3.687500e+04 2.000038e-15 5.115137e+22 
3.718750e+04 1.968109e-15 5.199609e+22 
3.750000e+04 1.946200e-15 5.263122e+22 
3.781250e+04 1.933587e-15 5.287029e+22 
3.812500e+04 1.913705e-15 5.333443e+22 
3.843750e+04 1.883783e-15 5.429895e+22 
3.875000e+04 1.853735e-15 5.530995e+22 
3.906250e+04 1.847026e-15 5.529048e+22 
3.937500e+04 1.848405e-15 5.503591e+22 
3.968750e+04 1.832953e-15 5.575684e+22 
4.000000e+04 1.818273e-15 5.647739e+22 
4.031250e+04 1.832953e-15 5.575684e+22 
4.062500e+04 1.848405e-15 5.503591e+22 
4.093750e+04 1.847026e-15 5.529048e+22 
4.125000e+04 1.853735e-15 5.530995e+22 
4.156250e+04 1.883783e-15 5.429895e+22 
4.187500e+04 1.913705e-15 5.333443e+22 
4.218750e+04 1.933587e-15 5.287029e+22 
4.250000e+04 1.946200e-15 5.263122e+22 
4.281250e+04 1.968109e-15 5.199609e+22 
4.312500e+04 2.000038e-15 5.115137e+22 
4.343750e+04 2.086194e-15 5.008311e+22 
4.375000e+04 2.275665e-15 4.699577e+22 
4.406250e+04 2.687549e-15 4.081418e+22 
4.437500e+04 3.211968e-15 3.515245e+22 
4.468750e+04 3.905090e-15 2.904057e+22 
4.500000e+04 4.634519e-15 2.462083e+22 
4.531250e+04 5.362384e-15 2.116341e+22 
4.562500e+04 6.052429e-15 1.863968e+22 
4.593750e+04 6.613660e-15 1.690173e+22 
4.625000e+04 7.088735e-15 1.560316e+22 
4.656250e+04 7.375732e-15 1.483732e+22 
4.687500e+04 7.563499e-15 1.429401e+22 
4.718750e+04 7.570555e-15 1.412456e+22 
4.750000e+04 7.491904e-15 1.409810e+22 
4.781250e+04 7.275804e-15 1.435913e+22 
4.812500e+04 7.000115e-15 1.474786e+22 
4.843750e+04 6.640210e-15 1.538312e+22 
4.875000e+04 6.248560e-15 1.616458e+22 
4.906250e+04 5.819985e-15 1.717915e+22 
4.937500e+04 5.382739e-15 1.838129e+22 
4.968750e+04 4.943091e-15 1.982175e+22 
5.000000e+04 4.510682e-15 2.151144e+22 
5.031250e+04 4.096892e-15 2.345999e+22 
5.062500e+04 3.699380e-15 2.574211e+22 
5.093750e+04 3.330519e-15 2.832267e+22 
5.125000e+04 2.981817e-15 3.135052e+22 
5.156250e+04 2.664615e-15 3.474579e+22 
5.187500e+04 2.368277e-15 3.874263e+22 
5.218750e+04 2.102525e-15 4.321831e+22 
5.250000e+04 1.856674e-15 4.850574e+22 
5.281250e+04 1.638882e-15 5.443627e+22 
5.312500e+04 1.439211e-15 6.146253e+22 
5.343750e+04 1.264413e-15 6.935282e+22 
5.375000e+04 1.105540e-15 7.871389e+22 
5.406250e+04 9.680200e-16 8.921234e+22 
5.437500e+04 8.440219e-16 1.016611e+23 
5.468750e+04 7.376967e-16 1.155645e+23 
5.500000e+04 6.424703e-16 1.320110e+23 
5.531250e+04 5.613161e-16 1.502710e+23 
5.562500e+04 4.889994e-16 1.717885e+23 
5.593750e+04 4.275070e-16 1.955370e+23 
5.625000e+04 3.728898e-16 2.233954e+23 
5.656250e+04 3.263946e-16 2.539998e+23 
5.687500e+04 2.851692e-16 2.897362e+23 
5.718750e+04 2.499610e-16 3.288823e+23 
5.750000e+04 2.187625e-16 3.744014e+23 
5.781250e+04 1.920121e-16 4.241944e+23 
5.812500e+04 1.683059e-16 4.818854e+23 
5.843750e+04 1.479024e-16 5.449638e+23 
5.875000e+04 1.298118e-16 6.178291e+23 
5.906250e+04 1.141908e-16 6.974948e+23 
5.937500e+04 1.003310e-16 7.892946e+23 
5.968750e+04 8.833127e-17 8.896632e+23 
6.000000e+04 7.767602e-17 1.005087e+24 
6.031250e+04 6.843165e-17 1.131278e+24 
6.062500e+04 6.021672e-17 1.276149e+24 
6.093750e+04 5.307805e-17 1.434516e+24 
6.125000e+04 4.672962e-17 1.616057e+24 
6.156250e+04 4.120424e-17 1.814478e+24 
6.187500e+04 3.628686e-17 2.041659e+24 
6.218750e+04 3.199935e-17 2.289897e+24 
6.250000e+04 2.818044e-17 2.573901e+24 
6.281250e+04 2.484232e-17 2.884235e+24 
6.312500e+04 2.186619e-17 3.239295e+24 
6.343750e+04 1.926270e-17 3.627546e+24 
6.375000e+04 1.694022e-17 4.071853e+24 
6.406250e+04 1.491130e-17 4.558536e+24 
6.437500e+04 1.310060e-17 5.115787e+24 
6.468750e+04 1.152494e-17 5.725886e+24 
6.500000e+04 1.012177e-17 6.422310e+24 
6.531250e+04 8.896451e-18 7.181690e+24 
6.562500e+04 7.802106e-18 8.050994e+24 
6.593750e+04 6.827223e-18 9.004743e+24 
6.625000e+04 5.951928e-18 1.000000e+25 
6.656250e+04 5.123673e-18 1.000000e+25 
6.687500e+04 4.410960e-18 1.000000e+25 
6.718750e+04 3.829371e-18 1.000000e+25 
6.750000e+04 3.353802e-18 1.000000e+25 
6.781250e+04 3.087670e-18 1.000000e+25 
6.812500e+04 2.954970e-18 1.000000e+25 
6.843750e+04 2.879574e-18 1.000000e+25 
6.875000e+04 2.825898e-18 1.000000e+25 
6.906250e+04 2.790378e-18 1.000000e+25 
6.937500e+04 2.721956e-18 1.000000e+25 
6.968750e+04 2.646414e-18 1.000000e+25 
7.000000e+04 2.572389e-18 1.000000e+25 
7.031250e+04 2.498507e-18 1.000000e+25 
7.062500e+04 2.427111e-18 1.000000e+25 
7.093750e+04 2.360636e-18 1.000000e+25 
7.125000e+04 2.297553e-18 1.000000e+25 
7.156250e+04 2.240152e-18 1.000000e+25 
7.187500e+04 2.184889e-18 1.000000e+25 
7.218750e+04 2.133743e-18 1.000000e+25 
7.250000e+04 2.084529e-18 1.000000e+25 
7.281250e+04 2.039187e-18 1.000000e+25 
7.312500e+04 1.995841e-18 1.000000e+25 
7.343750e+04 1.956188e-18 1.000000e+25 
7.375000e+04 1.918300e-18 1.000000e+25 
7.406250e+04 1.883583e-18 1.000000e+25 
7.437500e+04 1.850517e-18 1.000000e+25 
7.468750e+04 1.820502e-18 1.000000e+25 
7.500000e+04 1.792046e-18 1.000000e+25 
7.531250e+04 1.766438e-18 1.000000e+25 
7.562500e+04 1.742280e-18 1.000000e+25 
7.593750e+04 1.720748e-18 1.000000e+25 
7.625000e+04 1.700567e-18 1.000000e+25 
7.656250e+04 1.682800e-18 1.000000e+25 
7.687500e+04 1.666278e-18 1.000000e+25 
7.718750e+04 1.651981e-18 1.000000e+25 
7.750000e+04 1.638868e-18 1.000000e+25 
7.781250e+04 1.627882e-18 1.000000e+25 
7.812500e+04 1.618024e-18 1.000000e+25 
7.843750e+04 1.610166e-18 1.000000e+25 
7.875000e+04 1.603380e-18 1.000000e+25 
7.906250e+04 1.598504e-18 1.000000e+25 
7.937500e+04 1.594671e-18 1.000000e+25 
7.968750e+04 1.592709e-18 1.000000e+25 
8.000000e+04 1.591779e-18 1.000000e+25 
