0.000000e+00 9.050665e-19 5.524457e+24 
1.562500e+02 9.082535e-19 5.505076e+24 
3.125000e+02 9.140992e-19 5.469867e+24 
4.687500e+02 9.262835e-19 5.397920e+24 
6.250000e+02 9.410713e-19 5.313095e+24 
7.812500e+02 9.620979e-19 5.196981e+24 
9.375000e+02 9.856326e-19 5.072885e+24 
1.093750e+03 1.015259e-18 4.924854e+24 
1.250000e+03 1.047281e-18 4.774268e+24 
1.406250e+03 1.085225e-18 4.607344e+24 
1.562500e+03 1.125455e-18 4.442647e+24 
1.718750e+03 1.171440e-18 4.268255e+24 
1.875000e+03 1.219626e-18 4.099618e+24 
2.031250e+03 1.273422e-18 3.926430e+24 
2.187500e+03 1.329367e-18 3.761189e+24 
2.343750e+03 1.390815e-18 3.595017e+24 
2.500000e+03 1.454391e-18 3.437866e+24 
2.656250e+03 1.523397e-18 3.282140e+24 
2.812500e+03 1.594539e-18 3.135703e+24 
2.968750e+03 1.671063e-18 2.992108e+24 
3.125000e+03 1.749753e-18 2.857547e+24 
3.281250e+03 1.833793e-18 2.726591e+24 
3.437500e+03 1.920044e-18 2.604108e+24 
3.593750e+03 2.011627e-18 2.485552e+24 
3.750000e+03 2.105484e-18 2.374751e+24 
3.906250e+03 2.204674e-18 2.267910e+24 
4.062500e+03 2.306219e-18 2.168051e+24 
4.218750e+03 2.413130e-18 2.071999e+24 
4.375000e+03 2.522494e-18 1.982166e+24 
4.531250e+03 2.637300e-18 1.895879e+24 
4.687500e+03 2.754678e-18 1.815095e+24 
4.843750e+03 2.877626e-18 1.737544e+24 
5.000000e+03 3.003285e-18 1.664844e+24 
5.156250e+03 3.134700e-18 1.595050e+24 
5.312500e+03 3.268985e-18 1.529528e+24 
5.468750e+03 3.409267e-18 1.466592e+24 
5.625000e+03 3.552598e-18 1.407421e+24 
5.781250e+03 3.702224e-18 1.350540e+24 
5.937500e+03 3.855101e-18 1.296984e+24 
6.093750e+03 4.014620e-18 1.245449e+24 
6.250000e+03 4.177611e-18 1.196857e+24 
6.406250e+03 4.347643e-18 1.150049e+24 
6.562500e+03 4.521389e-18 1.105856e+24 
6.718750e+03 4.702623e-18 1.063237e+24 
6.875000e+03 4.887835e-18 1.022949e+24 
7.031250e+03 5.081029e-18 9.840536e+23 
7.187500e+03 5.278487e-18 9.472420e+23 
7.343750e+03 5.484471e-18 9.116659e+23 
7.500000e+03 5.695031e-18 8.779593e+23 
7.656250e+03 5.914709e-18 8.453511e+23 
7.812500e+03 6.139302e-18 8.144258e+23 
7.968750e+03 6.373659e-18 7.844797e+23 
8.125000e+03 6.613299e-18 7.560533e+23 
8.281250e+03 6.863406e-18 7.285022e+23 
8.437500e+03 7.119196e-18 7.023275e+23 
8.593750e+03 7.386217e-18 6.769375e+23 
8.750000e+03 7.659353e-18 6.527976e+23 
8.906250e+03 7.944553e-18 6.293630e+23 
9.062500e+03 8.236338e-18 6.070668e+23 
9.218750e+03 8.541089e-18 5.854064e+23 
9.375000e+03 8.852939e-18 5.647852e+23 
9.531250e+03 9.178734e-18 5.447384e+23 
9.687500e+03 9.512184e-18 5.256426e+23 
9.843750e+03 9.860644e-18 5.070672e+23 
1.000000e+04 1.021736e-17 4.893639e+23 
1.015625e+04 1.059025e-17 4.721332e+23 
1.031250e+04 1.097206e-17 4.557039e+23 
1.046875e+04 1.137129e-17 4.397046e+23 
1.062500e+04 1.178016e-17 4.244433e+23 
1.078125e+04 1.220782e-17 4.095744e+23 
1.093750e+04 1.264590e-17 3.953860e+23 
1.109375e+04 1.310426e-17 3.815563e+23 
1.125000e+04 1.357388e-17 3.683555e+23 
1.140625e+04 1.406540e-17 3.554831e+23 
1.156250e+04 1.456912e-17 3.431927e+23 
1.171875e+04 1.509649e-17 3.312037e+23 
1.187500e+04 1.563707e-17 3.197540e+23 
1.203125e+04 1.620323e-17 3.085814e+23 
1.218750e+04 1.678370e-17 2.979091e+23 
1.234375e+04 1.739184e-17 2.874921e+23 
1.250000e+04 1.801549e-17 2.775399e+23 
1.265625e+04 1.866911e-17 2.678231e+23 
1.281250e+04 1.933954e-17 2.585386e+23 
1.296875e+04 2.004245e-17 2.494715e+23 
1.312500e+04 2.076361e-17 2.408069e+23 
1.328125e+04 2.151997e-17 2.323434e+23 
1.343750e+04 2.229615e-17 2.242549e+23 
1.359375e+04 2.311052e-17 2.163527e+23 
1.375000e+04 2.394645e-17 2.088002e+23 
1.390625e+04 2.482382e-17 2.014204e+23 
1.406250e+04 2.572465e-17 1.943671e+23 
1.421875e+04 2.667050e-17 1.874740e+23 
1.437500e+04 2.764188e-17 1.808859e+23 
1.453125e+04 2.866221e-17 1.744467e+23 
1.468750e+04 2.971035e-17 1.682925e+23 
1.484375e+04 3.081175e-17 1.622768e+23 
1.500000e+04 3.194345e-17 1.565276e+23 
1.515625e+04 3.313314e-17 1.509073e+23 
1.531250e+04 3.435588e-17 1.455365e+23 
1.546875e+04 3.564181e-17 1.402857e+23 
1.562500e+04 3.696382e-17 1.352684e+23 
1.578125e+04 3.835471e-17 1.303631e+23 
1.593750e+04 3.978501e-17 1.256765e+23 
1.609375e+04 4.129047e-17 1.210943e+23 
1.625000e+04 4.283900e-17 1.167171e+23 
1.640625e+04 4.446957e-17 1.124374e+23 
1.656250e+04 4.614726e-17 1.083498e+23 
1.671875e+04 4.791457e-17 1.043534e+23 
1.687500e+04 4.973344e-17 1.005370e+23 
1.703125e+04 5.165026e-17 9.680593e+22 
1.718750e+04 5.362353e-17 9.324364e+22 
1.734375e+04 5.570392e-17 8.976128e+22 
1.750000e+04 5.784616e-17 8.643716e+22 
1.765625e+04 6.010558e-17 8.318795e+22 
1.781250e+04 6.243279e-17 8.008712e+22 
1.796875e+04 6.488826e-17 7.705655e+22 
1.812500e+04 6.741804e-17 7.416512e+22 
1.828125e+04 7.008825e-17 7.133963e+22 
1.843750e+04 7.283999e-17 6.864461e+22 
1.859375e+04 7.574550e-17 6.601152e+22 
1.875000e+04 7.874046e-17 6.350075e+22 
1.890625e+04 8.190384e-17 6.104820e+22 
1.906250e+04 8.516541e-17 5.871028e+22 
1.921875e+04 8.861144e-17 5.642713e+22 
1.937500e+04 9.216527e-17 5.425137e+22 
1.953125e+04 9.592112e-17 5.212716e+22 
1.968750e+04 9.979535e-17 5.010353e+22 
1.984375e+04 1.038908e-16 4.812845e+22 
2.000000e+04 1.081163e-16 4.624750e+22 
2.015625e+04 1.125839e-16 4.441230e+22 
2.031250e+04 1.171944e-16 4.266515e+22 
2.046875e+04 1.220699e-16 4.096114e+22 
2.062500e+04 1.271022e-16 3.933942e+22 
2.078125e+04 1.324244e-16 3.775839e+22 
2.093750e+04 1.379189e-16 3.625419e+22 
2.109375e+04 1.437302e-16 3.478841e+22 
2.125000e+04 1.497306e-16 3.339429e+22 
2.140625e+04 1.560772e-16 3.203644e+22 
2.156250e+04 1.626314e-16 3.074537e+22 
2.171875e+04 1.695631e-16 2.948854e+22 
2.187500e+04 1.767230e-16 2.829387e+22 
2.203125e+04 1.842942e-16 2.713153e+22 
2.218750e+04 1.921158e-16 2.602697e+22 
2.234375e+04 2.003852e-16 2.495294e+22 
2.250000e+04 2.089293e-16 2.393254e+22 
2.265625e+04 2.179601e-16 2.294098e+22 
2.281250e+04 2.272922e-16 2.199912e+22 
2.296875e+04 2.371525e-16 2.108448e+22 
2.312500e+04 2.473433e-16 2.021582e+22 
2.328125e+04 2.581064e-16 1.937286e+22 
2.343750e+04 2.692317e-16 1.857236e+22 
2.359375e+04 2.809762e-16 1.779610e+22 
2.375000e+04 2.931177e-16 1.705899e+22 
2.390625e+04 3.059282e-16 1.634471e+22 
2.406250e+04 3.191736e-16 1.566645e+22 
2.421875e+04 3.331409e-16 1.500966e+22 
2.437500e+04 3.475848e-16 1.438598e+22 
2.453125e+04 3.628073e-16 1.378242e+22 
2.468750e+04 3.785518e-16 1.320923e+22 
2.484375e+04 3.951366e-16 1.265485e+22 
2.500000e+04 4.122933e-16 1.212829e+22 
2.515625e+04 4.303581e-16 1.161923e+22 
2.531250e+04 4.490499e-16 1.113562e+22 
2.546875e+04 4.687262e-16 1.066821e+22 
2.562500e+04 4.890906e-16 1.022405e+22 
2.578125e+04 5.105277e-16 9.794787e+21 
2.593750e+04 5.327210e-16 9.386775e+21 
2.609375e+04 5.560921e-16 8.992316e+21 
2.625000e+04 5.802955e-16 8.617299e+21 
2.640625e+04 6.058047e-16 8.254485e+21 
2.656250e+04 6.322321e-16 7.909487e+21 
2.671875e+04 6.601240e-16 7.575335e+21 
2.687500e+04 6.890315e-16 7.257561e+21 
2.703125e+04 7.196020e-16 6.949285e+21 
2.718750e+04 7.512992e-16 6.656138e+21 
2.734375e+04 7.849075e-16 6.371178e+21 
2.750000e+04 8.197687e-16 6.100281e+21 
2.765625e+04 8.568485e-16 5.836337e+21 
2.781250e+04 8.953243e-16 5.585568e+21 
2.796875e+04 9.363925e-16 5.340641e+21 
2.812500e+04 9.790167e-16 5.108165e+21 
2.828125e+04 1.024676e-15 4.880590e+21 
2.843750e+04 1.072068e-15 4.664885e+21 
2.859375e+04 1.123002e-15 4.453353e+21 
2.875000e+04 1.175855e-15 4.253223e+21 
2.890625e+04 1.232809e-15 4.056777e+21 
2.906250e+04 1.291876e-15 3.871340e+21 
2.921875e+04 1.355626e-15 3.689334e+21 
2.937500e+04 1.421676e-15 3.517975e+21 
2.953125e+04 1.492981e-15 3.350004e+21 
2.968750e+04 1.566757e-15 3.192304e+21 
2.984375e+04 1.646303e-15 3.038107e+21 
3.000000e+04 1.728458e-15 2.893751e+21 
3.015625e+04 1.816792e-15 2.753104e+21 
3.031250e+04 1.907823e-15 2.621788e+21 
3.046875e+04 2.005285e-15 2.494411e+21 
3.062500e+04 2.105468e-15 2.375769e+21 
3.078125e+04 2.212129e-15 2.261266e+21 
3.093750e+04 2.321455e-15 2.154822e+21 
3.109375e+04 2.437061e-15 2.052652e+21 
3.125000e+04 2.555183e-15 1.957807e+21 
3.140625e+04 2.679108e-15 1.867293e+21 
3.156250e+04 2.805300e-15 1.783341e+21 
3.171875e+04 2.936511e-15 1.703701e+21 
3.187500e+04 3.069632e-15 1.629860e+21 
3.203125e+04 3.206662e-15 1.560254e+21 
3.218750e+04 3.345131e-15 1.495710e+21 
3.234375e+04 3.486051e-15 1.435288e+21 
3.250000e+04 3.627823e-15 1.379237e+21 
3.265625e+04 3.770218e-15 1.327183e+21 
3.281250e+04 3.912762e-15 1.278870e+21 
3.296875e+04 4.053698e-15 1.234442e+21 
3.312500e+04 4.193966e-15 1.193189e+21 
3.328125e+04 4.329956e-15 1.155746e+21 
3.343750e+04 4.464348e-15 1.120984e+21 
3.359375e+04 4.591303e-15 1.090016e+21 
3.375000e+04 4.715630e-15 1.061304e+21 
3.390625e+04 4.828830e-15 1.036447e+21 
3.406250e+04 4.938288e-15 1.013497e+21 
3.421875e+04 5.032378e-15 9.945660e+20 
3.437500e+04 5.121554e-15 9.772662e+20 
3.453125e+04 5.190616e-15 9.642768e+20 
3.468750e+04 5.253577e-15 9.527323e+20 
3.484375e+04 5.291323e-15 9.459434e+20 
3.500000e+04 5.321840e-15 9.405246e+20 
3.515625e+04 5.321994e-15 9.404975e+20 
3.531250e+04 5.313952e-15 9.419192e+20 
3.546875e+04 5.270891e-15 9.496062e+20 
3.562500e+04 5.218959e-15 9.590455e+20 
3.578125e+04 5.128629e-15 9.759194e+20 
3.593750e+04 5.029209e-15 9.951922e+20 
3.609375e+04 4.890328e-15 1.023426e+21 
3.625000e+04 4.742778e-15 1.055235e+21 
3.640625e+04 4.558239e-15 1.097915e+21 
3.656250e+04 4.366284e-15 1.146139e+21 
3.671875e+04 4.144623e-15 1.207382e+21 
3.687500e+04 3.917849e-15 1.277211e+21 
3.703125e+04 3.674560e-15 1.361707e+21 
3.718750e+04 3.429793e-15 1.458814e+21 
3.734375e+04 3.188068e-15 1.569349e+21 
3.750000e+04 2.950149e-15 1.695830e+21 
3.765625e+04 2.739617e-15 1.826074e+21 
3.781250e+04 2.539603e-15 1.969812e+21 
3.796875e+04 2.389047e-15 2.093888e+21 
3.812500e+04 2.254681e-15 2.218610e+21 
3.828125e+04 2.175203e-15 2.299638e+21 
3.843750e+04 2.111678e-15 2.368786e+21 
3.859375e+04 2.085744e-15 2.398226e+21 
3.875000e+04 2.069196e-15 2.417398e+21 
3.890625e+04 2.067298e-15 2.419616e+21 
3.906250e+04 2.068008e-15 2.418786e+21 
3.921875e+04 2.071118e-15 2.415155e+21 
3.937500e+04 2.073779e-15 2.412058e+21 
3.953125e+04 2.076272e-15 2.409162e+21 
3.968750e+04 2.077753e-15 2.407446e+21 
3.984375e+04 2.078513e-15 2.406566e+21 
4.000000e+04 2.079272e-15 2.405687e+21 
4.015625e+04 2.078513e-15 2.406566e+21 
4.031250e+04 2.077753e-15 2.407446e+21 
4.046875e+04 2.076272e-15 2.409162e+21 
4.062500e+04 2.073779e-15 2.412058e+21 
4.078125e+04 2.071118e-15 2.415155e+21 
4.093750e+04 2.068008e-15 2.418786e+21 
4.109375e+04 2.067298e-15 2.419616e+21 
4.125000e+04 2.069196e-15 2.417398e+21 
4.140625e+04 2.085744e-15 2.398226e+21 
4.156250e+04 2.111678e-15 2.368786e+21 
4.171875e+04 2.175203e-15 2.299638e+21 
4.187500e+04 2.254681e-15 2.218610e+21 
4.203125e+04 2.389047e-15 2.093888e+21 
4.218750e+04 2.539603e-15 1.969812e+21 
4.234375e+04 2.739617e-15 1.826074e+21 
4.250000e+04 2.950149e-15 1.695830e+21 
4.265625e+04 3.188068e-15 1.569349e+21 
4.281250e+04 3.429793e-15 1.458814e+21 
4.296875e+04 3.674560e-15 1.361707e+21 
4.312500e+04 3.917849e-15 1.277211e+21 
4.328125e+04 4.144623e-15 1.207382e+21 
4.343750e+04 4.366284e-15 1.146139e+21 
4.359375e+04 4.558239e-15 1.097915e+21 
4.375000e+04 4.742778e-15 1.055235e+21 
4.390625e+04 4.890328e-15 1.023426e+21 
4.406250e+04 5.029209e-15 9.951922e+20 
4.421875e+04 5.128629e-15 9.759194e+20 
4.437500e+04 5.218959e-15 9.590455e+20 
4.453125e+04 5.270891e-15 9.496062e+20 
4.468750e+04 5.313952e-15 9.419192e+20 
4.484375e+04 5.321994e-15 9.404975e+20 
4.500000e+04 5.321840e-15 9.405246e+20 
4.515625e+04 5.291323e-15 9.459434e+20 
4.531250e+04 5.253577e-15 9.527323e+20 
4.546875e+04 5.190616e-15 9.642768e+20 
4.562500e+04 5.121554e-15 9.772662e+20 
4.578125e+04 5.032378e-15 9.945660e+20 
4.593750e+04 4.938288e-15 1.013497e+21 
4.609375e+04 4.828830e-15 1.036447e+21 
4.625000e+04 4.715630e-15 1.061304e+21 
4.640625e+04 4.591303e-15 1.090016e+21 
4.656250e+04 4.464348e-15 1.120984e+21 
4.671875e+04 4.329956e-15 1.155746e+21 
4.687500e+04 4.193966e-15 1.193189e+21 
4.703125e+04 4.053698e-15 1.234442e+21 
4.718750e+04 3.912762e-15 1.278870e+21 
4.734375e+04 3.770218e-15 1.327183e+21 
4.750000e+04 3.627823e-15 1.379237e+21 
4.765625e+04 3.486051e-15 1.435288e+21 
4.781250e+04 3.345131e-15 1.495710e+21 
4.796875e+04 3.206662e-15 1.560254e+21 
4.812500e+04 3.069632e-15 1.629860e+21 
4.828125e+04 2.936511e-15 1.703701e+21 
4.843750e+04 2.805300e-15 1.783341e+21 
4.859375e+04 2.679108e-15 1.867293e+21 
4.875000e+04 2.555183e-15 1.957807e+21 
4.890625e+04 2.437061e-15 2.052652e+21 
4.906250e+04 2.321455e-15 2.154822e+21 
4.921875e+04 2.212129e-15 2.261266e+21 
4.937500e+04 2.105468e-15 2.375769e+21 
4.953125e+04 2.005285e-15 2.494411e+21 
4.968750e+04 1.907823e-15 2.621788e+21 
4.984375e+04 1.816792e-15 2.753104e+21 
5.000000e+04 1.728458e-15 2.893751e+21 
5.015625e+04 1.646303e-15 3.038107e+21 
5.031250e+04 1.566757e-15 3.192304e+21 
5.046875e+04 1.492981e-15 3.350004e+21 
5.062500e+04 1.421676e-15 3.517975e+21 
5.078125e+04 1.355626e-15 3.689334e+21 
5.093750e+04 1.291876e-15 3.871340e+21 
5.109375e+04 1.232809e-15 4.056777e+21 
5.125000e+04 1.175855e-15 4.253223e+21 
5.140625e+04 1.123002e-15 4.453353e+21 
5.156250e+04 1.072068e-15 4.664885e+21 
5.171875e+04 1.024676e-15 4.880590e+21 
5.187500e+04 9.790167e-16 5.108165e+21 
5.203125e+04 9.363925e-16 5.340641e+21 
5.218750e+04 8.953243e-16 5.585568e+21 
5.234375e+04 8.568485e-16 5.836337e+21 
5.250000e+04 8.197687e-16 6.100281e+21 
5.265625e+04 7.849075e-16 6.371178e+21 
5.281250e+04 7.512992e-16 6.656138e+21 
5.296875e+04 7.196020e-16 6.949285e+21 
5.312500e+04 6.890315e-16 7.257561e+21 
5.328125e+04 6.601240e-16 7.575335e+21 
5.343750e+04 6.322321e-16 7.909487e+21 
5.359375e+04 6.058047e-16 8.254485e+21 
5.375000e+04 5.802955e-16 8.617299e+21 
5.390625e+04 5.560921e-16 8.992316e+21 
5.406250e+04 5.327210e-16 9.386775e+21 
5.421875e+04 5.105277e-16 9.794787e+21 
5.437500e+04 4.890906e-16 1.022405e+22 
5.453125e+04 4.687262e-16 1.066821e+22 
5.468750e+04 4.490499e-16 1.113562e+22 
5.484375e+04 4.303581e-16 1.161923e+22 
5.500000e+04 4.122933e-16 1.212829e+22 
5.515625e+04 3.951366e-16 1.265485e+22 
5.531250e+04 3.785518e-16 1.320923e+22 
5.546875e+04 3.628073e-16 1.378242e+22 
5.562500e+04 3.475848e-16 1.438598e+22 
5.578125e+04 3.331409e-16 1.500966e+22 
5.593750e+04 3.191736e-16 1.566645e+22 
5.609375e+04 3.059282e-16 1.634471e+22 
5.625000e+04 2.931177e-16 1.705899e+22 
5.640625e+04 2.809762e-16 1.779610e+22 
5.656250e+04 2.692317e-16 1.857236e+22 
5.671875e+04 2.581064e-16 1.937286e+22 
5.687500e+04 2.473433e-16 2.021582e+22 
5.703125e+04 2.371525e-16 2.108448e+22 
5.718750e+04 2.272922e-16 2.199912e+22 
5.734375e+04 2.179601e-16 2.294098e+22 
5.750000e+04 2.089293e-16 2.393254e+22 
5.765625e+04 2.003852e-16 2.495294e+22 
5.781250e+04 1.921158e-16 2.602697e+22 
5.796875e+04 1.842942e-16 2.713153e+22 
5.812500e+04 1.767230e-16 2.829387e+22 
5.828125e+04 1.695631e-16 2.948854e+22 
5.843750e+04 1.626314e-16 3.074537e+22 
5.859375e+04 1.560772e-16 3.203644e+22 
5.875000e+04 1.497306e-16 3.339429e+22 
5.890625e+04 1.437302e-16 3.478841e+22 
5.906250e+04 1.379189e-16 3.625419e+22 
5.921875e+04 1.324244e-16 3.775839e+22 
5.937500e+04 1.271022e-16 3.933942e+22 
5.953125e+04 1.220699e-16 4.096114e+22 
5.968750e+04 1.171944e-16 4.266515e+22 
5.984375e+04 1.125839e-16 4.441230e+22 
6.000000e+04 1.081163e-16 4.624750e+22 
6.015625e+04 1.038908e-16 4.812845e+22 
6.031250e+04 9.979535e-17 5.010353e+22 
6.046875e+04 9.592112e-17 5.212716e+22 
6.062500e+04 9.216527e-17 5.425137e+22 
6.078125e+04 8.861144e-17 5.642713e+22 
6.093750e+04 8.516541e-17 5.871028e+22 
6.109375e+04 8.190384e-17 6.104820e+22 
6.125000e+04 7.874046e-17 6.350075e+22 
6.140625e+04 7.574550e-17 6.601152e+22 
6.156250e+04 7.283999e-17 6.864461e+22 
6.171875e+04 7.008825e-17 7.133963e+22 
6.187500e+04 6.741804e-17 7.416512e+22 
6.203125e+04 6.488826e-17 7.705655e+22 
6.218750e+04 6.243279e-17 8.008712e+22 
6.234375e+04 6.010558e-17 8.318795e+22 
6.250000e+04 5.784616e-17 8.643716e+22 
6.265625e+04 5.570392e-17 8.976128e+22 
6.281250e+04 5.362353e-17 9.324364e+22 
6.296875e+04 5.165026e-17 9.680593e+22 
6.312500e+04 4.973344e-17 1.005370e+23 
6.328125e+04 4.791457e-17 1.043534e+23 
6.343750e+04 4.614726e-17 1.083498e+23 
6.359375e+04 4.446957e-17 1.124374e+23 
6.375000e+04 4.283900e-17 1.167171e+23 
6.390625e+04 4.129047e-17 1.210943e+23 
6.406250e+04 3.978501e-17 1.256765e+23 
6.421875e+04 3.835471e-17 1.303631e+23 
6.437500e+04 3.696382e-17 1.352684e+23 
6.453125e+04 3.564181e-17 1.402857e+23 
6.468750e+04 3.435588e-17 1.455365e+23 
6.484375e+04 3.313314e-17 1.509073e+23 
6.500000e+04 3.194345e-17 1.565276e+23 
6.515625e+04 3.081175e-17 1.622768e+23 
6.531250e+04 2.971035e-17 1.682925e+23 
6.546875e+04 2.866221e-17 1.744467e+23 
6.562500e+04 2.764188e-17 1.808859e+23 
6.578125e+04 2.667050e-17 1.874740e+23 
6.593750e+04 2.572465e-17 1.943671e+23 
6.609375e+04 2.482382e-17 2.014204e+23 
6.625000e+04 2.394645e-17 2.088002e+23 
6.640625e+04 2.311052e-17 2.163527e+23 
6.656250e+04 2.229615e-17 2.242549e+23 
6.671875e+04 2.151997e-17 2.323434e+23 
6.687500e+04 2.076361e-17 2.408069e+23 
6.703125e+04 2.004245e-17 2.494715e+23 
6.718750e+04 1.933954e-17 2.585386e+23 
6.734375e+04 1.866911e-17 2.678231e+23 
6.750000e+04 1.801549e-17 2.775399e+23 
6.765625e+04 1.739184e-17 2.874921e+23 
6.781250e+04 1.678370e-17 2.979091e+23 
6.796875e+04 1.620323e-17 3.085814e+23 
6.812500e+04 1.563707e-17 3.197540e+23 
6.828125e+04 1.509649e-17 3.312037e+23 
6.843750e+04 1.456912e-17 3.431927e+23 
6.859375e+04 1.406540e-17 3.554831e+23 
6.875000e+04 1.357388e-17 3.683555e+23 
6.890625e+04 1.310426e-17 3.815563e+23 
6.906250e+04 1.264590e-17 3.953860e+23 
6.921875e+04 1.220782e-17 4.095744e+23 
6.937500e+04 1.178016e-17 4.244433e+23 
6.953125e+04 1.137129e-17 4.397046e+23 
6.968750e+04 1.097206e-17 4.557039e+23 
6.984375e+04 1.059025e-17 4.721332e+23 
7.000000e+04 1.021736e-17 4.893639e+23 
7.015625e+04 9.860644e-18 5.070672e+23 
7.031250e+04 9.512184e-18 5.256426e+23 
7.046875e+04 9.178734e-18 5.447384e+23 
7.062500e+04 8.852939e-18 5.647852e+23 
7.078125e+04 8.541089e-18 5.854064e+23 
7.093750e+04 8.236338e-18 6.070668e+23 
7.109375e+04 7.944553e-18 6.293630e+23 
7.125000e+04 7.659353e-18 6.527976e+23 
7.140625e+04 7.386217e-18 6.769375e+23 
7.156250e+04 7.119196e-18 7.023275e+23 
7.171875e+04 6.863406e-18 7.285022e+23 
7.187500e+04 6.613299e-18 7.560533e+23 
7.203125e+04 6.373659e-18 7.844797e+23 
7.218750e+04 6.139302e-18 8.144258e+23 
7.234375e+04 5.914709e-18 8.453511e+23 
7.250000e+04 5.695031e-18 8.779593e+23 
7.265625e+04 5.484471e-18 9.116659e+23 
7.281250e+04 5.278487e-18 9.472420e+23 
7.296875e+04 5.081029e-18 9.840536e+23 
7.312500e+04 4.887835e-18 1.022949e+24 
7.328125e+04 4.702623e-18 1.063237e+24 
7.343750e+04 4.521389e-18 1.105856e+24 
7.359375e+04 4.347643e-18 1.150049e+24 
7.375000e+04 4.177611e-18 1.196857e+24 
7.390625e+04 4.014620e-18 1.245449e+24 
7.406250e+04 3.855101e-18 1.296984e+24 
7.421875e+04 3.702224e-18 1.350540e+24 
7.437500e+04 3.552598e-18 1.407421e+24 
7.453125e+04 3.409267e-18 1.466592e+24 
7.468750e+04 3.268985e-18 1.529528e+24 
7.484375e+04 3.134700e-18 1.595050e+24 
7.500000e+04 3.003285e-18 1.664844e+24 
7.515625e+04 2.877626e-18 1.737544e+24 
7.531250e+04 2.754678e-18 1.815095e+24 
7.546875e+04 2.637300e-18 1.895879e+24 
7.562500e+04 2.522494e-18 1.982166e+24 
7.578125e+04 2.413130e-18 2.071999e+24 
7.593750e+04 2.306219e-18 2.168051e+24 
7.609375e+04 2.204674e-18 2.267910e+24 
7.625000e+04 2.105484e-18 2.374751e+24 
7.640625e+04 2.011627e-18 2.485552e+24 
7.656250e+04 1.920044e-18 2.604108e+24 
7.671875e+04 1.833793e-18 2.726591e+24 
7.687500e+04 1.749753e-18 2.857547e+24 
7.703125e+04 1.671063e-18 2.992108e+24 
7.718750e+04 1.594539e-18 3.135703e+24 
7.734375e+04 1.523397e-18 3.282140e+24 
7.750000e+04 1.454391e-18 3.437866e+24 
7.765625e+04 1.390815e-18 3.595017e+24 
7.781250e+04 1.329367e-18 3.761189e+24 
7.796875e+04 1.273422e-18 3.926430e+24 
7.812500e+04 1.219626e-18 4.099618e+24 
7.828125e+04 1.171440e-18 4.268255e+24 
7.843750e+04 1.125455e-18 4.442647e+24 
7.859375e+04 1.085225e-18 4.607344e+24 
7.875000e+04 1.047281e-18 4.774268e+24 
7.890625e+04 1.015259e-18 4.924854e+24 
7.906250e+04 9.856326e-19 5.072885e+24 
7.921875e+04 9.620979e-19 5.196981e+24 
7.937500e+04 9.410713e-19 5.313095e+24 
7.953125e+04 9.262835e-19 5.397920e+24 
7.968750e+04 9.140992e-19 5.469867e+24 
7.984375e+04 9.082535e-19 5.505076e+24 
8.000000e+04 9.050665e-19 5.524457e+24 
