0.000000e+00 1.635837e-18 1.000000e+25 
2.083333e+02 1.636258e-18 1.000000e+25 
4.166667e+02 1.637149e-18 1.000000e+25 
6.250000e+02 1.638883e-18 1.000000e+25 
8.333333e+02 1.641090e-18 1.000000e+25 
1.041667e+03 1.644148e-18 1.000000e+25 
1.250000e+03 1.647684e-18 1.000000e+25 
1.458333e+03 1.652090e-18 1.000000e+25 
1.666667e+03 1.656983e-18 1.000000e+25 
1.875000e+03 1.662774e-18 1.000000e+25 
2.083333e+03 1.669069e-18 1.000000e+25 
2.291667e+03 1.676298e-18 1.000000e+25 
2.500000e+03 1.684047e-18 1.000000e+25 
2.708333e+03 1.692772e-18 1.000000e+25 
2.916667e+03 1.702037e-18 1.000000e+25 
3.125000e+03 1.712321e-18 1.000000e+25 
3.333333e+03 1.723168e-18 1.000000e+25 
3.541667e+03 1.735079e-18 1.000000e+25 
3.750000e+03 1.747576e-18 1.000000e+25 
3.958333e+03 1.761193e-18 1.000000e+25 
4.166667e+03 1.775425e-18 1.000000e+25 
4.375000e+03 1.790835e-18 1.000000e+25 
4.583333e+03 1.806888e-18 1.000000e+25 
4.791667e+03 1.824183e-18 1.000000e+25 
5.000000e+03 1.842153e-18 1.000000e+25 
5.208333e+03 1.861433e-18 1.000000e+25 
5.416667e+03 1.881422e-18 1.000000e+25 
5.625000e+03 1.902787e-18 1.000000e+25 
5.833333e+03 1.924897e-18 1.000000e+25 
6.041667e+03 1.948469e-18 1.000000e+25 
6.250000e+03 1.972827e-18 1.000000e+25 
6.458333e+03 1.998718e-18 1.000000e+25 
6.666667e+03 2.025430e-18 1.000000e+25 
6.875000e+03 2.053760e-18 1.000000e+25 
7.083333e+03 2.082955e-18 1.000000e+25 
7.291667e+03 2.113856e-18 1.000000e+25 
7.500000e+03 2.145675e-18 1.000000e+25 
7.708333e+03 2.179323e-18 1.000000e+25 
7.916667e+03 2.213939e-18 1.000000e+25 
8.125000e+03 2.250353e-18 1.000000e+25 
8.333333e+03 2.287730e-18 1.000000e+25 
8.541667e+03 2.327026e-18 1.000000e+25 
8.750000e+03 2.367334e-18 1.000000e+25 
8.958333e+03 2.409505e-18 1.000000e+25 
9.166667e+03 2.452579e-18 1.000000e+25 
9.375000e+03 2.497874e-18 1.000000e+25 
9.583333e+03 2.544467e-18 1.000000e+25 
9.791667e+03 2.593362e-18 1.000000e+25 
1.000000e+04 2.644385e-18 1.000000e+25 
1.020833e+04 2.700347e-18 1.000000e+25 
1.041667e+04 2.758369e-18 1.000000e+25 
1.062500e+04 2.815828e-18 1.000000e+25 
1.083333e+04 2.869225e-18 1.000000e+25 
1.104167e+04 2.924836e-18 1.000000e+25 
1.125000e+04 2.968487e-18 1.000000e+25 
1.145833e+04 2.995002e-18 1.000000e+25 
1.166667e+04 3.036555e-18 1.000000e+25 
1.187500e+04 3.093361e-18 1.000000e+25 
1.208333e+04 3.198385e-18 1.000000e+25 
1.229167e+04 3.432422e-18 1.000000e+25 
1.250000e+04 3.753677e-18 1.000000e+25 
1.270833e+04 4.140562e-18 1.000000e+25 
1.291667e+04 4.582434e-18 1.000000e+25 
1.312500e+04 5.061970e-18 1.000000e+25 
1.333333e+04 5.553054e-18 1.000000e+25 
1.354167e+04 6.075529e-18 9.933115e+24 
1.375000e+04 6.632988e-18 9.225862e+24 
1.395833e+04 7.239407e-18 8.557502e+24 
1.416667e+04 7.895009e-18 7.944353e+24 
1.437500e+04 8.618522e-18 7.364160e+24 
1.458333e+04 9.401833e-18 6.831938e+24 
1.479167e+04 1.026065e-17 6.332389e+24 
1.500000e+04 1.118773e-17 5.875651e+24 
1.520833e+04 1.219989e-17 5.446173e+24 
1.541667e+04 1.329056e-17 5.053972e+24 
1.562500e+04 1.447833e-17 4.685070e+24 
1.583333e+04 1.575876e-17 4.347735e+24 
1.604167e+04 1.715606e-17 4.029956e+24 
1.625000e+04 1.866364e-17 3.739063e+24 
1.645833e+04 2.031153e-17 3.464835e+24 
1.666667e+04 2.209006e-17 3.213793e+24 
1.687500e+04 2.403472e-17 2.977158e+24 
1.708333e+04 2.613372e-17 2.760592e+24 
1.729167e+04 2.842892e-17 2.556450e+24 
1.750000e+04 3.090681e-17 2.369656e+24 
1.770833e+04 3.361755e-17 2.193557e+24 
1.791667e+04 3.654500e-17 2.032456e+24 
1.812500e+04 3.974963e-17 1.880575e+24 
1.833333e+04 4.321171e-17 1.741670e+24 
1.854167e+04 4.700427e-17 1.610717e+24 
1.875000e+04 5.110295e-17 1.491003e+24 
1.895833e+04 5.559582e-17 1.378152e+24 
1.916667e+04 6.045297e-17 1.275041e+24 
1.937500e+04 6.578076e-17 1.177853e+24 
1.958333e+04 7.154248e-17 1.089106e+24 
1.979167e+04 7.786712e-17 1.005463e+24 
2.000000e+04 8.470926e-17 9.291383e+23 
2.020833e+04 9.222601e-17 8.572079e+23 
2.041667e+04 1.003606e-16 7.916215e+23 
2.062500e+04 1.093055e-16 7.298141e+23 
2.083333e+04 1.189889e-16 6.735075e+23 
2.104167e+04 1.296480e-16 6.204469e+23 
2.125000e+04 1.411908e-16 5.721567e+23 
2.145833e+04 1.539119e-16 5.266523e+23 
2.166667e+04 1.676914e-16 4.852859e+23 
2.187500e+04 1.828987e-16 4.463092e+23 
2.208333e+04 1.993743e-16 4.109225e+23 
2.229167e+04 2.175853e-16 3.775865e+23 
2.250000e+04 2.373170e-16 3.473653e+23 
2.270833e+04 2.591630e-16 3.189066e+23 
2.291667e+04 2.828313e-16 2.931496e+23 
2.312500e+04 3.090788e-16 2.689117e+23 
2.333333e+04 3.375064e-16 2.470149e+23 
2.354167e+04 3.690779e-16 2.264320e+23 
2.375000e+04 4.032499e-16 2.078740e+23 
2.395833e+04 4.412401e-16 1.904569e+23 
2.416667e+04 4.823168e-16 1.747852e+23 
2.437500e+04 5.279988e-16 1.601068e+23 
2.458333e+04 5.773181e-16 1.469260e+23 
2.479167e+04 6.321340e-16 1.346105e+23 
2.500000e+04 6.911953e-16 1.235719e+23 
2.520833e+04 7.567271e-16 1.132847e+23 
2.541667e+04 8.271558e-16 1.040784e+23 
2.562500e+04 9.050779e-16 9.552029e+22 
2.583333e+04 9.885711e-16 8.786991e+22 
2.604167e+04 1.080590e-15 8.077313e+22 
2.625000e+04 1.178851e-15 7.443273e+22 
2.645833e+04 1.286639e-15 6.855980e+22 
2.666667e+04 1.401313e-15 6.331275e+22 
2.687500e+04 1.526448e-15 5.845600e+22 
2.708333e+04 1.659054e-15 5.411437e+22 
2.729167e+04 1.802962e-15 5.009565e+22 
2.750000e+04 1.954840e-15 4.649941e+22 
2.770833e+04 2.118731e-15 4.316909e+22 
2.791667e+04 2.290964e-15 4.018474e+22 
2.812500e+04 2.475737e-15 3.741973e+22 
2.833333e+04 2.669038e-15 3.493805e+22 
2.854167e+04 2.875114e-15 3.263906e+22 
2.875000e+04 3.089631e-15 3.057237e+22 
2.895833e+04 3.316672e-15 2.866059e+22 
2.916667e+04 3.551664e-15 2.693960e+22 
2.937500e+04 3.798150e-15 2.535327e+22 
2.958333e+04 4.051515e-15 2.392386e+22 
2.979167e+04 4.314179e-15 2.261490e+22 
3.000000e+04 4.581861e-15 2.143514e+22 
3.020833e+04 4.855044e-15 2.036625e+22 
3.041667e+04 5.130383e-15 1.940391e+22 
3.062500e+04 5.405424e-15 1.854638e+22 
3.083333e+04 5.678598e-15 1.777703e+22 
3.104167e+04 5.943410e-15 1.710945e+22 
3.125000e+04 6.201128e-15 1.651554e+22 
3.145833e+04 6.440121e-15 1.602336e+22 
3.166667e+04 6.665711e-15 1.559416e+22 
3.187500e+04 6.860218e-15 1.527021e+22 
3.208333e+04 7.034279e-15 1.500270e+22 
3.229167e+04 7.163652e-15 1.484852e+22 
3.250000e+04 7.265424e-15 1.474935e+22 
3.270833e+04 7.309006e-15 1.477765e+22 
3.291667e+04 7.318663e-15 1.486655e+22 
3.312500e+04 7.258796e-15 1.510537e+22 
3.333333e+04 7.160758e-15 1.542088e+22 
3.354167e+04 6.986806e-15 1.592016e+22 
3.375000e+04 6.773946e-15 1.652912e+22 
3.395833e+04 6.486921e-15 1.737074e+22 
3.416667e+04 6.165118e-15 1.838268e+22 
3.437500e+04 5.782017e-15 1.969285e+22 
3.458333e+04 5.373989e-15 2.127795e+22 
3.479167e+04 4.930425e-15 2.323058e+22 
3.500000e+04 4.477542e-15 2.561998e+22 
3.520833e+04 4.027364e-15 2.838187e+22 
3.541667e+04 3.587898e-15 3.176072e+22 
3.562500e+04 3.197097e-15 3.522866e+22 
3.583333e+04 2.838719e-15 3.926938e+22 
3.604167e+04 2.571148e-15 4.252861e+22 
3.625000e+04 2.353463e-15 4.566020e+22 
3.645833e+04 2.228716e-15 4.752543e+22 
3.666667e+04 2.149196e-15 4.863484e+22 
3.687500e+04 2.107877e-15 4.946045e+22 
3.708333e+04 2.083986e-15 4.990686e+22 
3.729167e+04 2.061155e-15 5.045343e+22 
3.750000e+04 2.036358e-15 5.106524e+22 
3.770833e+04 2.014587e-15 5.158498e+22 
3.791667e+04 1.992043e-15 5.214852e+22 
3.812500e+04 1.972038e-15 5.266192e+22 
3.833333e+04 1.953252e-15 5.315846e+22 
3.854167e+04 1.937076e-15 5.359647e+22 
3.875000e+04 1.922428e-15 5.400224e+22 
3.895833e+04 1.909498e-15 5.437505e+22 
3.916667e+04 1.897739e-15 5.472329e+22 
3.937500e+04 1.889679e-15 5.493798e+22 
3.958333e+04 1.883282e-15 5.511357e+22 
3.979167e+04 1.879699e-15 5.523007e+22 
4.000000e+04 1.878030e-15 5.529449e+22 
4.020833e+04 1.879699e-15 5.523007e+22 
4.041667e+04 1.883282e-15 5.511357e+22 
4.062500e+04 1.889679e-15 5.493798e+22 
4.083333e+04 1.897739e-15 5.472329e+22 
4.104167e+04 1.909498e-15 5.437505e+22 
4.125000e+04 1.922428e-15 5.400224e+22 
4.145833e+04 1.937076e-15 5.359647e+22 
4.166667e+04 1.953252e-15 5.315846e+22 
4.187500e+04 1.972038e-15 5.266192e+22 
4.208333e+04 1.992043e-15 5.214852e+22 
4.229167e+04 2.014587e-15 5.158498e+22 
4.250000e+04 2.036358e-15 5.106524e+22 
4.270833e+04 2.061155e-15 5.045343e+22 
4.291667e+04 2.083986e-15 4.990686e+22 
4.312500e+04 2.107877e-15 4.946045e+22 
4.333333e+04 2.149196e-15 4.863484e+22 
4.354167e+04 2.228716e-15 4.752543e+22 
4.375000e+04 2.353463e-15 4.566020e+22 
4.395833e+04 2.571148e-15 4.252861e+22 
4.416667e+04 2.838719e-15 3.926938e+22 
4.437500e+04 3.197097e-15 3.522866e+22 
4.458333e+04 3.587898e-15 3.176072e+22 
4.479167e+04 4.027364e-15 2.838187e+22 
4.500000e+04 4.477542e-15 2.561998e+22 
4.520833e+04 4.930425e-15 2.323058e+22 
4.541667e+04 5.373989e-15 2.127795e+22 
4.562500e+04 5.782017e-15 1.969285e+22 
4.583333e+04 6.165118e-15 1.838268e+22 
4.604167e+04 6.486921e-15 1.737074e+22 
4.625000e+04 6.773946e-15 1.652912e+22 
4.645833e+04 6.986806e-15 1.592016e+22 
4.666667e+04 7.160758e-15 1.542088e+22 
4.687500e+04 7.258796e-15 1.510537e+22 
4.708333e+04 7.318663e-15 1.486655e+22 
4.729167e+04 7.309006e-15 1.477765e+22 
4.750000e+04 7.265424e-15 1.474935e+22 
4.770833e+04 7.163652e-15 1.484852e+22 
4.791667e+04 7.034279e-15 1.500270e+22 
4.812500e+04 6.860218e-15 1.527021e+22 
4.833333e+04 6.665711e-15 1.559416e+22 
4.854167e+04 6.440121e-15 1.602336e+22 
4.875000e+04 6.201128e-15 1.651554e+22 
4.895833e+04 5.943410e-15 1.710945e+22 
4.916667e+04 5.678598e-15 1.777703e+22 
4.937500e+04 5.405424e-15 1.854638e+22 
4.958333e+04 5.130383e-15 1.940391e+22 
4.979167e+04 4.855044e-15 2.036625e+22 
5.000000e+04 4.581861e-15 2.143514e+22 
5.020833e+04 4.314179e-15 2.261490e+22 
5.041667e+04 4.051515e-15 2.392386e+22 
5.062500e+04 3.798150e-15 2.535327e+22 
5.083333e+04 3.551664e-15 2.693960e+22 
5.104167e+04 3.316672e-15 2.866059e+22 
5.125000e+04 3.089631e-15 3.057237e+22 
5.145833e+04 2.875114e-15 3.263906e+22 
5.166667e+04 2.669038e-15 3.493805e+22 
5.187500e+04 2.475737e-15 3.741973e+22 
5.208333e+04 2.290964e-15 4.018474e+22 
5.229167e+04 2.118731e-15 4.316909e+22 
5.250000e+04 1.954840e-15 4.649941e+22 
5.270833e+04 1.802962e-15 5.009565e+22 
5.291667e+04 1.659054e-15 5.411437e+22 
5.312500e+04 1.526448e-15 5.845600e+22 
5.333333e+04 1.401313e-15 6.331275e+22 
5.354167e+04 1.286639e-15 6.855980e+22 
5.375000e+04 1.178851e-15 7.443273e+22 
5.395833e+04 1.080590e-15 8.077313e+22 
5.416667e+04 9.885711e-16 8.786991e+22 
5.437500e+04 9.050779e-16 9.552029e+22 
5.458333e+04 8.271558e-16 1.040784e+23 
5.479167e+04 7.567271e-16 1.132847e+23 
5.500000e+04 6.911953e-16 1.235719e+23 
5.520833e+04 6.321340e-16 1.346105e+23 
5.541667e+04 5.773181e-16 1.469260e+23 
5.562500e+04 5.279988e-16 1.601068e+23 
5.583333e+04 4.823168e-16 1.747852e+23 
5.604167e+04 4.412401e-16 1.904569e+23 
5.625000e+04 4.032499e-16 2.078740e+23 
5.645833e+04 3.690779e-16 2.264320e+23 
5.666667e+04 3.375064e-16 2.470149e+23 
5.687500e+04 3.090788e-16 2.689117e+23 
5.708333e+04 2.828313e-16 2.931496e+23 
5.729167e+04 2.591630e-16 3.189066e+23 
5.750000e+04 2.373170e-16 3.473653e+23 
5.770833e+04 2.175853e-16 3.775865e+23 
5.791667e+04 1.993743e-16 4.109225e+23 
5.812500e+04 1.828987e-16 4.463092e+23 
5.833333e+04 1.676914e-16 4.852859e+23 
5.854167e+04 1.539119e-16 5.266523e+23 
5.875000e+04 1.411908e-16 5.721567e+23 
5.895833e+04 1.296480e-16 6.204469e+23 
5.916667e+04 1.189889e-16 6.735075e+23 
5.937500e+04 1.093055e-16 7.298141e+23 
5.958333e+04 1.003606e-16 7.916215e+23 
5.979167e+04 9.222601e-17 8.572079e+23 
6.000000e+04 8.470926e-17 9.291383e+23 
6.020833e+04 7.786712e-17 1.005463e+24 
6.041667e+04 7.154248e-17 1.089106e+24 
6.062500e+04 6.578076e-17 1.177853e+24 
6.083333e+04 6.045297e-17 1.275041e+24 
6.104167e+04 5.559582e-17 1.378152e+24 
6.125000e+04 5.110295e-17 1.491003e+24 
6.145833e+04 4.700427e-17 1.610717e+24 
6.166667e+04 4.321171e-17 1.741670e+24 
6.187500e+04 3.974963e-17 1.880575e+24 
6.208333e+04 3.654500e-17 2.032456e+24 
6.229167e+04 3.361755e-17 2.193557e+24 
6.250000e+04 3.090681e-17 2.369656e+24 
6.270833e+04 2.842892e-17 2.556450e+24 
6.291667e+04 2.613372e-17 2.760592e+24 
6.312500e+04 2.403472e-17 2.977158e+24 
6.333333e+04 2.209006e-17 3.213793e+24 
6.354167e+04 2.031153e-17 3.464835e+24 
6.375000e+04 1.866364e-17 3.739063e+24 
6.395833e+04 1.715606e-17 4.029956e+24 
6.416667e+04 1.575876e-17 4.347735e+24 
6.437500e+04 1.447833e-17 4.685070e+24 
6.458333e+04 1.329056e-17 5.053972e+24 
6.479167e+04 1.219989e-17 5.446173e+24 
6.500000e+04 1.118773e-17 5.875651e+24 
6.520833e+04 1.026065e-17 6.332389e+24 
6.541667e+04 9.401833e-18 6.831938e+24 
6.562500e+04 8.618522e-18 7.364160e+24 
6.583333e+04 7.895009e-18 7.944353e+24 
6.604167e+04 7.239407e-18 8.557502e+24 
6.625000e+04 6.632988e-18 9.225862e+24 
6.645833e+04 6.075529e-18 9.933115e+24 
6.666667e+04 5.553054e-18 1.000000e+25 
6.687500e+04 5.061970e-18 1.000000e+25 
6.708333e+04 4.582434e-18 1.000000e+25 
6.729167e+04 4.140562e-18 1.000000e+25 
6.750000e+04 3.753677e-18 1.000000e+25 
6.770833e+04 3.432422e-18 1.000000e+25 
6.791667e+04 3.198385e-18 1.000000e+25 
6.812500e+04 3.093361e-18 1.000000e+25 
6.833333e+04 3.036555e-18 1.000000e+25 
6.854167e+04 2.995002e-18 1.000000e+25 
6.875000e+04 2.968487e-18 1.000000e+25 
6.895833e+04 2.924836e-18 1.000000e+25 
6.916667e+04 2.869225e-18 1.000000e+25 
6.937500e+04 2.815828e-18 1.000000e+25 
6.958333e+04 2.758369e-18 1.000000e+25 
6.979167e+04 2.700347e-18 1.000000e+25 
7.000000e+04 2.644385e-18 1.000000e+25 
7.020833e+04 2.593362e-18 1.000000e+25 
7.041667e+04 2.544467e-18 1.000000e+25 
7.062500e+04 2.497874e-18 1.000000e+25 
7.083333e+04 2.452579e-18 1.000000e+25 
7.104167e+04 2.409505e-18 1.000000e+25 
7.125000e+04 2.367334e-18 1.000000e+25 
7.145833e+04 2.327026e-18 1.000000e+25 
7.166667e+04 2.287730e-18 1.000000e+25 
7.187500e+04 2.250353e-18 1.000000e+25 
7.208333e+04 2.213939e-18 1.000000e+25 
7.229167e+04 2.179323e-18 1.000000e+25 
7.250000e+04 2.145675e-18 1.000000e+25 
7.270833e+04 2.113856e-18 1.000000e+25 
7.291667e+04 2.082955e-18 1.000000e+25 
7.312500e+04 2.053760e-18 1.000000e+25 
7.333333e+04 2.025430e-18 1.000000e+25 
7.354167e+04 1.998718e-18 1.000000e+25 
7.375000e+04 1.972827e-18 1.000000e+25 
7.395833e+04 1.948469e-18 1.000000e+25 
7.416667e+04 1.924897e-18 1.000000e+25 
7.437500e+04 1.902787e-18 1.000000e+25 
7.458333e+04 1.881422e-18 1.000000e+25 
7.479167e+04 1.861433e-18 1.000000e+25 
7.500000e+04 1.842153e-18 1.000000e+25 
7.520833e+04 1.824183e-18 1.000000e+25 
7.541667e+04 1.806888e-18 1.000000e+25 
7.562500e+04 1.790835e-18 1.000000e+25 
7.583333e+04 1.775425e-18 1.000000e+25 
7.604167e+04 1.761193e-18 1.000000e+25 
7.625000e+04 1.747576e-18 1.000000e+25 
7.645833e+04 1.735079e-18 1.000000e+25 
7.666667e+04 1.723168e-18 1.000000e+25 
7.687500e+04 1.712321e-18 1.000000e+25 
7.708333e+04 1.702037e-18 1.000000e+25 
7.729167e+04 1.692772e-18 1.000000e+25 
7.750000e+04 1.684047e-18 1.000000e+25 
7.770833e+04 1.676298e-18 1.000000e+25 
7.791667e+04 1.669069e-18 1.000000e+25 
7.812500e+04 1.662774e-18 1.000000e+25 
7.833333e+04 1.656983e-18 1.000000e+25 
7.854167e+04 1.652090e-18 1.000000e+25 
7.875000e+04 1.647684e-18 1.000000e+25 
7.895833e+04 1.644148e-18 1.000000e+25 
7.916667e+04 1.641090e-18 1.000000e+25 
7.937500e+04 1.638883e-18 1.000000e+25 
7.958333e+04 1.637149e-18 1.000000e+25 
7.979167e+04 1.636258e-18 1.000000e+25 
8.000000e+04 1.635837e-18 1.000000e+25 
