0.000000e+00 1.119531e-18 1.000000e+25 
1.562500e+02 1.119755e-18 1.000000e+25 
3.125000e+02 1.120170e-18 1.000000e+25 
4.687500e+02 1.121031e-18 1.000000e+25 
6.250000e+02 1.122084e-18 1.000000e+25 
7.812500e+02 1.123583e-18 1.000000e+25 
9.375000e+02 1.125276e-18 1.000000e+25 
1.093750e+03 1.127421e-18 1.000000e+25 
1.250000e+03 1.129762e-18 1.000000e+25 
1.406250e+03 1.132565e-18 1.000000e+25 
1.562500e+03 1.135571e-18 1.000000e+25 
1.718750e+03 1.139059e-18 1.000000e+25 
1.875000e+03 1.142759e-18 1.000000e+25 
2.031250e+03 1.146960e-18 1.000000e+25 
2.187500e+03 1.151384e-18 1.000000e+25 
2.343750e+03 1.156342e-18 1.000000e+25 
2.500000e+03 1.161535e-18 1.000000e+25 
2.656250e+03 1.167281e-18 1.000000e+25 
2.812500e+03 1.173265e-18 1.000000e+25 
2.968750e+03 1.179811e-18 1.000000e+25 
3.125000e+03 1.186592e-18 1.000000e+25 
3.281250e+03 1.193940e-18 1.000000e+25 
3.437500e+03 1.201529e-18 1.000000e+25 
3.593750e+03 1.209750e-18 1.000000e+25 
3.750000e+03 1.218271e-18 1.000000e+25 
3.906250e+03 1.227592e-18 1.000000e+25 
4.062500e+03 1.237326e-18 1.000000e+25 
4.218750e+03 1.247983e-18 1.000000e+25 
4.375000e+03 1.259006e-18 1.000000e+25 
4.531250e+03 1.270451e-18 1.000000e+25 
4.687500e+03 1.281899e-18 1.000000e+25 
4.843750e+03 1.293569e-18 1.000000e+25 
5.000000e+03 1.305121e-18 1.000000e+25 
5.156250e+03 1.318377e-18 1.000000e+25 
5.312500e+03 1.332771e-18 1.000000e+25 
5.468750e+03 1.349275e-18 1.000000e+25 
5.625000e+03 1.360953e-18 1.000000e+25 
5.781250e+03 1.375027e-18 1.000000e+25 
5.937500e+03 1.389521e-18 1.000000e+25 
6.093750e+03 1.426190e-18 1.000000e+25 
6.250000e+03 1.482420e-18 1.000000e+25 
6.406250e+03 1.556741e-18 1.000000e+25 
6.562500e+03 1.636540e-18 1.000000e+25 
6.718750e+03 1.721558e-18 1.000000e+25 
6.875000e+03 1.806430e-18 1.000000e+25 
7.031250e+03 1.898853e-18 1.000000e+25 
7.187500e+03 1.995251e-18 1.000000e+25 
7.343750e+03 2.098500e-18 1.000000e+25 
7.500000e+03 2.205063e-18 1.000000e+25 
7.656250e+03 2.318809e-18 1.000000e+25 
7.812500e+03 2.436509e-18 1.000000e+25 
7.968750e+03 2.562474e-18 1.000000e+25 
8.125000e+03 2.692991e-18 1.000000e+25 
8.281250e+03 2.832584e-18 1.000000e+25 
8.437500e+03 2.977024e-18 1.000000e+25 
8.593750e+03 3.131098e-18 1.000000e+25 
8.750000e+03 3.290484e-18 1.000000e+25 
8.906250e+03 3.460404e-18 1.000000e+25 
9.062500e+03 3.636175e-18 1.000000e+25 
9.218750e+03 3.823445e-18 1.000000e+25 
9.375000e+03 4.017122e-18 1.000000e+25 
9.531250e+03 4.223329e-18 1.000000e+25 
9.687500e+03 4.436550e-18 1.000000e+25 
9.843750e+03 4.663444e-18 1.000000e+25 
1.000000e+04 4.898021e-18 9.851860e+24 
1.015625e+04 5.147547e-18 9.391360e+24 
1.031250e+04 5.405490e-18 8.959465e+24 
1.046875e+04 5.679794e-18 8.542986e+24 
1.062500e+04 5.963320e-18 8.152255e+24 
1.078125e+04 6.264772e-18 7.775300e+24 
1.093750e+04 6.576330e-18 7.421534e+24 
1.109375e+04 6.907549e-18 7.080075e+24 
1.125000e+04 7.249846e-18 6.759517e+24 
1.140625e+04 7.613719e-18 6.449958e+24 
1.156250e+04 7.989740e-18 6.159256e+24 
1.171875e+04 8.389441e-18 5.878398e+24 
1.187500e+04 8.802469e-18 5.614570e+24 
1.203125e+04 9.241493e-18 5.359564e+24 
1.218750e+04 9.695142e-18 5.119951e+24 
1.234375e+04 1.017733e-17 4.888255e+24 
1.250000e+04 1.067559e-17 4.670482e+24 
1.265625e+04 1.120520e-17 4.459824e+24 
1.281250e+04 1.175245e-17 4.261770e+24 
1.296875e+04 1.233418e-17 4.070113e+24 
1.312500e+04 1.293532e-17 3.889874e+24 
1.328125e+04 1.357438e-17 3.715391e+24 
1.343750e+04 1.423480e-17 3.551259e+24 
1.359375e+04 1.493699e-17 3.392309e+24 
1.375000e+04 1.566272e-17 3.242751e+24 
1.390625e+04 1.643449e-17 3.097862e+24 
1.406250e+04 1.723222e-17 2.961502e+24 
1.421875e+04 1.808073e-17 2.829354e+24 
1.437500e+04 1.895789e-17 2.704957e+24 
1.453125e+04 1.989111e-17 2.584366e+24 
1.468750e+04 2.085597e-17 2.470829e+24 
1.484375e+04 2.188272e-17 2.360735e+24 
1.500000e+04 2.294442e-17 2.257065e+24 
1.515625e+04 2.407445e-17 2.156521e+24 
1.531250e+04 2.524311e-17 2.061831e+24 
1.546875e+04 2.648718e-17 1.969983e+24 
1.562500e+04 2.777395e-17 1.883476e+24 
1.578125e+04 2.914392e-17 1.799560e+24 
1.593750e+04 3.056109e-17 1.720516e+24 
1.609375e+04 3.207002e-17 1.643840e+24 
1.625000e+04 3.363112e-17 1.571613e+24 
1.640625e+04 3.529337e-17 1.501550e+24 
1.656250e+04 3.701328e-17 1.435550e+24 
1.671875e+04 3.884468e-17 1.371532e+24 
1.687500e+04 4.073978e-17 1.311225e+24 
1.703125e+04 4.275773e-17 1.252734e+24 
1.718750e+04 4.484607e-17 1.197632e+24 
1.734375e+04 4.706975e-17 1.144193e+24 
1.750000e+04 4.937120e-17 1.093849e+24 
1.765625e+04 5.182175e-17 1.045030e+24 
1.781250e+04 5.435823e-17 9.990376e+23 
1.796875e+04 5.705896e-17 9.544411e+23 
1.812500e+04 5.985463e-17 9.124260e+23 
1.828125e+04 6.283123e-17 8.716894e+23 
1.843750e+04 6.591270e-17 8.333099e+23 
1.859375e+04 6.919350e-17 7.961009e+23 
1.875000e+04 7.259014e-17 7.610442e+23 
1.890625e+04 7.620634e-17 7.270589e+23 
1.906250e+04 7.995048e-17 6.950387e+23 
1.921875e+04 8.393643e-17 6.639991e+23 
1.937500e+04 8.806367e-17 6.347538e+23 
1.953125e+04 9.245718e-17 6.064058e+23 
1.968750e+04 9.700668e-17 5.796960e+23 
1.984375e+04 1.018493e-16 5.538073e+23 
2.000000e+04 1.068641e-16 5.294143e+23 
2.015625e+04 1.122016e-16 5.057725e+23 
2.031250e+04 1.177290e-16 4.834963e+23 
2.046875e+04 1.236114e-16 4.619073e+23 
2.062500e+04 1.297033e-16 4.415651e+23 
2.078125e+04 1.361856e-16 4.218514e+23 
2.093750e+04 1.428989e-16 4.032760e+23 
2.109375e+04 1.500414e-16 3.852753e+23 
2.125000e+04 1.574385e-16 3.683138e+23 
2.140625e+04 1.653072e-16 3.518776e+23 
2.156250e+04 1.734565e-16 3.363902e+23 
2.171875e+04 1.821237e-16 3.213827e+23 
2.187500e+04 1.910999e-16 3.072413e+23 
2.203125e+04 2.006449e-16 2.935383e+23 
2.218750e+04 2.105300e-16 2.806258e+23 
2.234375e+04 2.210394e-16 2.681134e+23 
2.250000e+04 2.319230e-16 2.563228e+23 
2.265625e+04 2.434920e-16 2.448969e+23 
2.281250e+04 2.554723e-16 2.341300e+23 
2.296875e+04 2.682050e-16 2.236953e+23 
2.312500e+04 2.813898e-16 2.138624e+23 
2.328125e+04 2.954008e-16 2.043318e+23 
2.343750e+04 3.099084e-16 1.953508e+23 
2.359375e+04 3.253237e-16 1.866445e+23 
2.375000e+04 3.412842e-16 1.784405e+23 
2.390625e+04 3.582429e-16 1.704855e+23 
2.406250e+04 3.757998e-16 1.629900e+23 
2.421875e+04 3.944558e-16 1.557199e+23 
2.437500e+04 4.137679e-16 1.488702e+23 
2.453125e+04 4.342920e-16 1.422244e+23 
2.468750e+04 4.555353e-16 1.359636e+23 
2.484375e+04 4.781178e-16 1.298869e+23 
2.500000e+04 5.014884e-16 1.241630e+23 
2.515625e+04 5.263417e-16 1.186054e+23 
2.531250e+04 5.520581e-16 1.133715e+23 
2.546875e+04 5.794200e-16 1.082875e+23 
2.562500e+04 6.077261e-16 1.035011e+23 
2.578125e+04 6.378626e-16 9.885000e+22 
2.593750e+04 6.690311e-16 9.447270e+22 
2.609375e+04 7.022392e-16 9.021771e+22 
2.625000e+04 7.365737e-16 8.621507e+22 
2.640625e+04 7.731832e-16 8.232347e+22 
2.656250e+04 8.110198e-16 7.866467e+22 
2.671875e+04 8.513940e-16 7.510730e+22 
2.687500e+04 8.931012e-16 7.176490e+22 
2.703125e+04 9.376344e-16 6.851588e+22 
2.718750e+04 9.836105e-16 6.546546e+22 
2.734375e+04 1.032723e-15 6.250186e+22 
2.750000e+04 1.083389e-15 5.972168e+22 
2.765625e+04 1.137514e-15 5.702311e+22 
2.781250e+04 1.193303e-15 5.449377e+22 
2.796875e+04 1.252877e-15 5.204193e+22 
2.812500e+04 1.314215e-15 4.974592e+22 
2.828125e+04 1.379646e-15 4.752421e+22 
2.843750e+04 1.446931e-15 4.544555e+22 
2.859375e+04 1.518579e-15 4.343860e+22 
2.875000e+04 1.592147e-15 4.156245e+22 
2.890625e+04 1.670285e-15 3.975578e+22 
2.906250e+04 1.750379e-15 3.806811e+22 
2.921875e+04 1.835154e-15 3.644785e+22 
2.937500e+04 1.921882e-15 3.493525e+22 
2.953125e+04 2.013279e-15 3.348796e+22 
2.968750e+04 2.106575e-15 3.213746e+22 
2.984375e+04 2.204373e-15 3.085009e+22 
3.000000e+04 2.303957e-15 2.964918e+22 
3.015625e+04 2.407696e-15 2.850912e+22 
3.031250e+04 2.513038e-15 2.744578e+22 
3.046875e+04 2.621984e-15 2.644096e+22 
3.062500e+04 2.732273e-15 2.550381e+22 
3.078125e+04 2.845388e-15 2.462291e+22 
3.093750e+04 2.959505e-15 2.380134e+22 
3.109375e+04 3.075426e-15 2.303398e+22 
3.125000e+04 3.191918e-15 2.231838e+22 
3.140625e+04 3.308933e-15 2.165527e+22 
3.156250e+04 3.425998e-15 2.103715e+22 
3.171875e+04 3.542027e-15 2.047033e+22 
3.187500e+04 3.657494e-15 1.994251e+22 
3.203125e+04 3.770077e-15 1.946543e+22 
3.218750e+04 3.881398e-15 1.902218e+22 
3.234375e+04 3.987687e-15 1.862992e+22 
3.250000e+04 4.091931e-15 1.826711e+22 
3.265625e+04 4.188699e-15 1.795647e+22 
3.281250e+04 4.282569e-15 1.767173e+22 
3.296875e+04 4.366243e-15 1.744143e+22 
3.312500e+04 4.446121e-15 1.723439e+22 
3.328125e+04 4.512856e-15 1.708528e+22 
3.343750e+04 4.574885e-15 1.695783e+22 
3.359375e+04 4.620698e-15 1.689321e+22 
3.375000e+04 4.660929e-15 1.684989e+22 
3.390625e+04 4.681906e-15 1.687593e+22 
3.406250e+04 4.696522e-15 1.692448e+22 
3.421875e+04 4.689117e-15 1.705074e+22 
3.437500e+04 4.674751e-15 1.720282e+22 
3.453125e+04 4.636192e-15 1.744291e+22 
3.468750e+04 4.590339e-15 1.771497e+22 
3.484375e+04 4.519126e-15 1.808724e+22 
3.500000e+04 4.440656e-15 1.850147e+22 
3.515625e+04 4.337139e-15 1.902939e+22 
3.531250e+04 4.226873e-15 1.961424e+22 
3.546875e+04 4.093854e-15 2.032559e+22 
3.562500e+04 3.955159e-15 2.111484e+22 
3.578125e+04 3.798434e-15 2.203784e+22 
3.593750e+04 3.637755e-15 2.306523e+22 
3.609375e+04 3.466493e-15 2.421741e+22 
3.625000e+04 3.293708e-15 2.550109e+22 
3.640625e+04 3.120470e-15 2.686406e+22 
3.656250e+04 2.948849e-15 2.837175e+22 
3.671875e+04 2.788945e-15 2.984729e+22 
3.687500e+04 2.634312e-15 3.143946e+22 
3.703125e+04 2.503811e-15 3.280833e+22 
3.718750e+04 2.382113e-15 3.420119e+22 
3.734375e+04 2.293617e-15 3.517343e+22 
3.750000e+04 2.216063e-15 3.604530e+22 
3.765625e+04 2.172529e-15 3.648042e+22 
3.781250e+04 2.139240e-15 3.675690e+22 
3.796875e+04 2.129998e-15 3.681969e+22 
3.812500e+04 2.127230e-15 3.677106e+22 
3.828125e+04 2.132747e-15 3.671545e+22 
3.843750e+04 2.140124e-15 3.662836e+22 
3.859375e+04 2.145894e-15 3.654308e+22 
3.875000e+04 2.151521e-15 3.646068e+22 
3.890625e+04 2.156116e-15 3.632698e+22 
3.906250e+04 2.160973e-15 3.618945e+22 
3.921875e+04 2.166581e-15 3.610922e+22 
3.937500e+04 2.171251e-15 3.604494e+22 
3.953125e+04 2.176731e-15 3.619248e+22 
3.968750e+04 2.177929e-15 3.641052e+22 
3.984375e+04 2.176797e-15 3.664154e+22 
4.000000e+04 2.178625e-15 3.682284e+22 
4.015625e+04 2.176797e-15 3.664154e+22 
4.031250e+04 2.177929e-15 3.641052e+22 
4.046875e+04 2.176731e-15 3.619248e+22 
4.062500e+04 2.171251e-15 3.604494e+22 
4.078125e+04 2.166581e-15 3.610922e+22 
4.093750e+04 2.160973e-15 3.618945e+22 
4.109375e+04 2.156116e-15 3.632698e+22 
4.125000e+04 2.151521e-15 3.646068e+22 
4.140625e+04 2.145894e-15 3.654308e+22 
4.156250e+04 2.140124e-15 3.662836e+22 
4.171875e+04 2.132747e-15 3.671545e+22 
4.187500e+04 2.127230e-15 3.677106e+22 
4.203125e+04 2.129998e-15 3.681969e+22 
4.218750e+04 2.139240e-15 3.675690e+22 
4.234375e+04 2.172529e-15 3.648042e+22 
4.250000e+04 2.216063e-15 3.604530e+22 
4.265625e+04 2.293617e-15 3.517343e+22 
4.281250e+04 2.382113e-15 3.420119e+22 
4.296875e+04 2.503811e-15 3.280833e+22 
4.312500e+04 2.634312e-15 3.143946e+22 
4.328125e+04 2.788945e-15 2.984729e+22 
4.343750e+04 2.948849e-15 2.837175e+22 
4.359375e+04 3.120470e-15 2.686406e+22 
4.375000e+04 3.293708e-15 2.550109e+22 
4.390625e+04 3.466493e-15 2.421741e+22 
4.406250e+04 3.637755e-15 2.306523e+22 
4.421875e+04 3.798434e-15 2.203784e+22 
4.437500e+04 3.955159e-15 2.111484e+22 
4.453125e+04 4.093854e-15 2.032559e+22 
4.468750e+04 4.226873e-15 1.961424e+22 
4.484375e+04 4.337139e-15 1.902939e+22 
4.500000e+04 4.440656e-15 1.850147e+22 
4.515625e+04 4.519126e-15 1.808724e+22 
4.531250e+04 4.590339e-15 1.771497e+22 
4.546875e+04 4.636192e-15 1.744291e+22 
4.562500e+04 4.674751e-15 1.720282e+22 
4.578125e+04 4.689117e-15 1.705074e+22 
4.593750e+04 4.696522e-15 1.692448e+22 
4.609375e+04 4.681906e-15 1.687593e+22 
4.625000e+04 4.660929e-15 1.684989e+22 
4.640625e+04 4.620698e-15 1.689321e+22 
4.656250e+04 4.574885e-15 1.695783e+22 
4.671875e+04 4.512856e-15 1.708528e+22 
4.687500e+04 4.446121e-15 1.723439e+22 
4.703125e+04 4.366243e-15 1.744143e+22 
4.718750e+04 4.282569e-15 1.767173e+22 
4.734375e+04 4.188699e-15 1.795647e+22 
4.750000e+04 4.091931e-15 1.826711e+22 
4.765625e+04 3.987687e-15 1.862992e+22 
4.781250e+04 3.881398e-15 1.902218e+22 
4.796875e+04 3.770077e-15 1.946543e+22 
4.812500e+04 3.657494e-15 1.994251e+22 
4.828125e+04 3.542027e-15 2.047033e+22 
4.843750e+04 3.425998e-15 2.103715e+22 
4.859375e+04 3.308933e-15 2.165527e+22 
4.875000e+04 3.191918e-15 2.231838e+22 
4.890625e+04 3.075426e-15 2.303398e+22 
4.906250e+04 2.959505e-15 2.380134e+22 
4.921875e+04 2.845388e-15 2.462291e+22 
4.937500e+04 2.732273e-15 2.550381e+22 
4.953125e+04 2.621984e-15 2.644096e+22 
4.968750e+04 2.513038e-15 2.744578e+22 
4.984375e+04 2.407696e-15 2.850912e+22 
5.000000e+04 2.303957e-15 2.964918e+22 
5.015625e+04 2.204373e-15 3.085009e+22 
5.031250e+04 2.106575e-15 3.213746e+22 
5.046875e+04 2.013279e-15 3.348796e+22 
5.062500e+04 1.921882e-15 3.493525e+22 
5.078125e+04 1.835154e-15 3.644785e+22 
5.093750e+04 1.750379e-15 3.806811e+22 
5.109375e+04 1.670285e-15 3.975578e+22 
5.125000e+04 1.592147e-15 4.156245e+22 
5.140625e+04 1.518579e-15 4.343860e+22 
5.156250e+04 1.446931e-15 4.544555e+22 
5.171875e+04 1.379646e-15 4.752421e+22 
5.187500e+04 1.314215e-15 4.974592e+22 
5.203125e+04 1.252877e-15 5.204193e+22 
5.218750e+04 1.193303e-15 5.449377e+22 
5.234375e+04 1.137514e-15 5.702311e+22 
5.250000e+04 1.083389e-15 5.972168e+22 
5.265625e+04 1.032723e-15 6.250186e+22 
5.281250e+04 9.836105e-16 6.546546e+22 
5.296875e+04 9.376344e-16 6.851588e+22 
5.312500e+04 8.931012e-16 7.176490e+22 
5.328125e+04 8.513940e-16 7.510730e+22 
5.343750e+04 8.110198e-16 7.866467e+22 
5.359375e+04 7.731832e-16 8.232347e+22 
5.375000e+04 7.365737e-16 8.621507e+22 
5.390625e+04 7.022392e-16 9.021771e+22 
5.406250e+04 6.690311e-16 9.447270e+22 
5.421875e+04 6.378626e-16 9.885000e+22 
5.437500e+04 6.077261e-16 1.035011e+23 
5.453125e+04 5.794200e-16 1.082875e+23 
5.468750e+04 5.520581e-16 1.133715e+23 
5.484375e+04 5.263417e-16 1.186054e+23 
5.500000e+04 5.014884e-16 1.241630e+23 
5.515625e+04 4.781178e-16 1.298869e+23 
5.531250e+04 4.555353e-16 1.359636e+23 
5.546875e+04 4.342920e-16 1.422244e+23 
5.562500e+04 4.137679e-16 1.488702e+23 
5.578125e+04 3.944558e-16 1.557199e+23 
5.593750e+04 3.757998e-16 1.629900e+23 
5.609375e+04 3.582429e-16 1.704855e+23 
5.625000e+04 3.412842e-16 1.784405e+23 
5.640625e+04 3.253237e-16 1.866445e+23 
5.656250e+04 3.099084e-16 1.953508e+23 
5.671875e+04 2.954008e-16 2.043318e+23 
5.687500e+04 2.813898e-16 2.138624e+23 
5.703125e+04 2.682050e-16 2.236953e+23 
5.718750e+04 2.554723e-16 2.341300e+23 
5.734375e+04 2.434920e-16 2.448969e+23 
5.750000e+04 2.319230e-16 2.563228e+23 
5.765625e+04 2.210394e-16 2.681134e+23 
5.781250e+04 2.105300e-16 2.806258e+23 
5.796875e+04 2.006449e-16 2.935383e+23 
5.812500e+04 1.910999e-16 3.072413e+23 
5.828125e+04 1.821237e-16 3.213827e+23 
5.843750e+04 1.734565e-16 3.363902e+23 
5.859375e+04 1.653072e-16 3.518776e+23 
5.875000e+04 1.574385e-16 3.683138e+23 
5.890625e+04 1.500414e-16 3.852753e+23 
5.906250e+04 1.428989e-16 4.032760e+23 
5.921875e+04 1.361856e-16 4.218514e+23 
5.937500e+04 1.297033e-16 4.415651e+23 
5.953125e+04 1.236114e-16 4.619073e+23 
5.968750e+04 1.177290e-16 4.834963e+23 
5.984375e+04 1.122016e-16 5.057725e+23 
6.000000e+04 1.068641e-16 5.294143e+23 
6.015625e+04 1.018493e-16 5.538073e+23 
6.031250e+04 9.700668e-17 5.796960e+23 
6.046875e+04 9.245718e-17 6.064058e+23 
6.062500e+04 8.806367e-17 6.347538e+23 
6.078125e+04 8.393643e-17 6.639991e+23 
6.093750e+04 7.995048e-17 6.950387e+23 
6.109375e+04 7.620634e-17 7.270589e+23 
6.125000e+04 7.259014e-17 7.610442e+23 
6.140625e+04 6.919350e-17 7.961009e+23 
6.156250e+04 6.591270e-17 8.333099e+23 
6.171875e+04 6.283123e-17 8.716894e+23 
6.187500e+04 5.985463e-17 9.124260e+23 
6.203125e+04 5.705896e-17 9.544411e+23 
6.218750e+04 5.435823e-17 9.990376e+23 
6.234375e+04 5.182175e-17 1.045030e+24 
6.250000e+04 4.937120e-17 1.093849e+24 
6.265625e+04 4.706975e-17 1.144193e+24 
6.281250e+04 4.484607e-17 1.197632e+24 
6.296875e+04 4.275773e-17 1.252734e+24 
6.312500e+04 4.073978e-17 1.311225e+24 
6.328125e+04 3.884468e-17 1.371532e+24 
6.343750e+04 3.701328e-17 1.435550e+24 
6.359375e+04 3.529337e-17 1.501550e+24 
6.375000e+04 3.363112e-17 1.571613e+24 
6.390625e+04 3.207002e-17 1.643840e+24 
6.406250e+04 3.056109e-17 1.720516e+24 
6.421875e+04 2.914392e-17 1.799560e+24 
6.437500e+04 2.777395e-17 1.883476e+24 
6.453125e+04 2.648718e-17 1.969983e+24 
6.468750e+04 2.524311e-17 2.061831e+24 
6.484375e+04 2.407445e-17 2.156521e+24 
6.500000e+04 2.294442e-17 2.257065e+24 
6.515625e+04 2.188272e-17 2.360735e+24 
6.531250e+04 2.085597e-17 2.470829e+24 
6.546875e+04 1.989111e-17 2.584366e+24 
6.562500e+04 1.895789e-17 2.704957e+24 
6.578125e+04 1.808073e-17 2.829354e+24 
6.593750e+04 1.723222e-17 2.961502e+24 
6.609375e+04 1.643449e-17 3.097862e+24 
6.625000e+04 1.566272e-17 3.242751e+24 
6.640625e+04 1.493699e-17 3.392309e+24 
6.656250e+04 1.423480e-17 3.551259e+24 
6.671875e+04 1.357438e-17 3.715391e+24 
6.687500e+04 1.293532e-17 3.889874e+24 
6.703125e+04 1.233418e-17 4.070113e+24 
6.718750e+04 1.175245e-17 4.261770e+24 
6.734375e+04 1.120520e-17 4.459824e+24 
6.750000e+04 1.067559e-17 4.670482e+24 
6.765625e+04 1.017733e-17 4.888255e+24 
6.781250e+04 9.695142e-18 5.119951e+24 
6.796875e+04 9.241493e-18 5.359564e+24 
6.812500e+04 8.802469e-18 5.614570e+24 
6.828125e+04 8.389441e-18 5.878398e+24 
6.843750e+04 7.989740e-18 6.159256e+24 
6.859375e+04 7.613719e-18 6.449958e+24 
6.875000e+04 7.249846e-18 6.759517e+24 
6.890625e+04 6.907549e-18 7.080075e+24 
6.906250e+04 6.576330e-18 7.421534e+24 
6.921875e+04 6.264772e-18 7.775300e+24 
6.937500e+04 5.963320e-18 8.152255e+24 
6.953125e+04 5.679794e-18 8.542986e+24 
6.968750e+04 5.405490e-18 8.959465e+24 
6.984375e+04 5.147547e-18 9.391360e+24 
7.000000e+04 4.898021e-18 9.851860e+24 
7.015625e+04 4.663444e-18 1.000000e+25 
7.031250e+04 4.436550e-18 1.000000e+25 
7.046875e+04 4.223329e-18 1.000000e+25 
7.062500e+04 4.017122e-18 1.000000e+25 
7.078125e+04 3.823445e-18 1.000000e+25 
7.093750e+04 3.636175e-18 1.000000e+25 
7.109375e+04 3.460404e-18 1.000000e+25 
7.125000e+04 3.290484e-18 1.000000e+25 
7.140625e+04 3.131098e-18 1.000000e+25 
7.156250e+04 2.977024e-18 1.000000e+25 
7.171875e+04 2.832584e-18 1.000000e+25 
7.187500e+04 2.692991e-18 1.000000e+25 
7.203125e+04 2.562474e-18 1.000000e+25 
7.218750e+04 2.436509e-18 1.000000e+25 
7.234375e+04 2.318809e-18 1.000000e+25 
7.250000e+04 2.205063e-18 1.000000e+25 
7.265625e+04 2.098500e-18 1.000000e+25 
7.281250e+04 1.995251e-18 1.000000e+25 
7.296875e+04 1.898853e-18 1.000000e+25 
7.312500e+04 1.806430e-18 1.000000e+25 
7.328125e+04 1.721558e-18 1.000000e+25 
7.343750e+04 1.636540e-18 1.000000e+25 
7.359375e+04 1.556741e-18 1.000000e+25 
7.375000e+04 1.482420e-18 1.000000e+25 
7.390625e+04 1.426190e-18 1.000000e+25 
7.406250e+04 1.389521e-18 1.000000e+25 
7.421875e+04 1.375027e-18 1.000000e+25 
7.437500e+04 1.360953e-18 1.000000e+25 
7.453125e+04 1.349275e-18 1.000000e+25 
7.468750e+04 1.332771e-18 1.000000e+25 
7.484375e+04 1.318377e-18 1.000000e+25 
7.500000e+04 1.305121e-18 1.000000e+25 
7.515625e+04 1.293569e-18 1.000000e+25 
7.531250e+04 1.281899e-18 1.000000e+25 
7.546875e+04 1.270451e-18 1.000000e+25 
7.562500e+04 1.259006e-18 1.000000e+25 
7.578125e+04 1.247983e-18 1.000000e+25 
7.593750e+04 1.237326e-18 1.000000e+25 
7.609375e+04 1.227592e-18 1.000000e+25 
7.625000e+04 1.218271e-18 1.000000e+25 
7.640625e+04 1.209750e-18 1.000000e+25 
7.656250e+04 1.201529e-18 1.000000e+25 
7.671875e+04 1.193940e-18 1.000000e+25 
7.687500e+04 1.186592e-18 1.000000e+25 
7.703125e+04 1.179811e-18 1.000000e+25 
7.718750e+04 1.173265e-18 1.000000e+25 
7.734375e+04 1.167281e-18 1.000000e+25 
7.750000e+04 1.161535e-18 1.000000e+25 
7.765625e+04 1.156342e-18 1.000000e+25 
7.781250e+04 1.151384e-18 1.000000e+25 
7.796875e+04 1.146960e-18 1.000000e+25 
7.812500e+04 1.142759e-18 1.000000e+25 
7.828125e+04 1.139059e-18 1.000000e+25 
7.843750e+04 1.135571e-18 1.000000e+25 
7.859375e+04 1.132565e-18 1.000000e+25 
7.875000e+04 1.129762e-18 1.000000e+25 
7.890625e+04 1.127421e-18 1.000000e+25 
7.906250e+04 1.125276e-18 1.000000e+25 
7.921875e+04 1.123583e-18 1.000000e+25 
7.937500e+04 1.122084e-18 1.000000e+25 
7.953125e+04 1.121031e-18 1.000000e+25 
7.968750e+04 1.120170e-18 1.000000e+25 
7.984375e+04 1.119755e-18 1.000000e+25 
8.000000e+04 1.119531e-18 1.000000e+25 
