0.000000e+00 1.607009e-18 1.000000e+25 
4.166667e+02 1.608633e-18 1.000000e+25 
8.333333e+02 1.612084e-18 1.000000e+25 
1.250000e+03 1.618911e-18 1.000000e+25 
1.666667e+03 1.627667e-18 1.000000e+25 
2.083333e+03 1.640026e-18 1.000000e+25 
2.500000e+03 1.654393e-18 1.000000e+25 
2.916667e+03 1.672464e-18 1.000000e+25 
3.333333e+03 1.692637e-18 1.000000e+25 
3.750000e+03 1.716876e-18 1.000000e+25 
4.166667e+03 1.743469e-18 1.000000e+25 
4.583333e+03 1.774837e-18 1.000000e+25 
5.000000e+03 1.808874e-18 1.000000e+25 
5.416667e+03 1.848153e-18 1.000000e+25 
5.833333e+03 1.890281e-18 1.000000e+25 
6.250000e+03 1.937849e-18 1.000000e+25 
6.666667e+03 1.988446e-18 1.000000e+25 
7.083333e+03 2.044977e-18 1.000000e+25 
7.500000e+03 2.104887e-18 1.000000e+25 
7.916667e+03 2.173985e-18 1.000000e+25 
8.333333e+03 2.248161e-18 1.000000e+25 
8.750000e+03 2.328393e-18 1.000000e+25 
9.166667e+03 2.412068e-18 1.000000e+25 
9.583333e+03 2.498281e-18 1.000000e+25 
1.000000e+04 2.589241e-18 1.000000e+25 
1.041667e+04 2.669864e-18 1.000000e+25 
1.083333e+04 2.714003e-18 1.000000e+25 
1.125000e+04 2.784018e-18 1.000000e+25 
1.166667e+04 2.879511e-18 1.000000e+25 
1.208333e+04 3.058340e-18 1.000000e+25 
1.250000e+04 3.423552e-18 1.000000e+25 
1.291667e+04 4.092320e-18 1.000000e+25 
1.333333e+04 4.929229e-18 1.000000e+25 
1.375000e+04 6.007187e-18 1.000000e+25 
1.416667e+04 7.292573e-18 8.556604e+24 
1.458333e+04 8.714927e-18 7.343694e+24 
1.500000e+04 1.036592e-17 6.334064e+24 
1.541667e+04 1.230498e-17 5.438377e+24 
1.583333e+04 1.456006e-17 4.687947e+24 
1.625000e+04 1.726464e-17 4.018331e+24 
1.666667e+04 2.041421e-17 3.457784e+24 
1.708333e+04 2.419570e-17 2.961141e+24 
1.750000e+04 2.859656e-17 2.546298e+24 
1.791667e+04 3.387783e-17 2.177927e+24 
1.833333e+04 4.003431e-17 1.870265e+24 
1.875000e+04 4.742375e-17 1.596890e+24 
1.916667e+04 5.604827e-17 1.368873e+24 
1.958333e+04 6.642362e-17 1.166175e+24 
2.000000e+04 7.855595e-17 9.973773e+23 
2.041667e+04 9.321425e-17 8.473607e+23 
2.083333e+04 1.103799e-16 7.228254e+23 
2.125000e+04 1.312064e-16 6.121579e+23 
2.166667e+04 1.556297e-16 5.206538e+23 
2.208333e+04 1.854288e-16 4.393201e+23 
2.250000e+04 2.204094e-16 3.724253e+23 
2.291667e+04 2.633792e-16 3.130021e+23 
2.333333e+04 3.138276e-16 2.644533e+23 
2.375000e+04 3.762396e-16 2.214607e+23 
2.416667e+04 4.493909e-16 1.866126e+23 
2.458333e+04 5.402384e-16 1.559792e+23 
2.500000e+04 6.462087e-16 1.313498e+23 
2.541667e+04 7.773313e-16 1.099402e+23 
2.583333e+04 9.289245e-16 9.283729e+22 
2.625000e+04 1.114107e-15 7.812968e+22 
2.666667e+04 1.325473e-15 6.641397e+22 
2.708333e+04 1.578760e-15 5.639067e+22 
2.750000e+04 1.863492e-15 4.839379e+22 
2.791667e+04 2.197525e-15 4.154129e+22 
2.833333e+04 2.566961e-15 3.604579e+22 
2.875000e+04 2.990757e-15 3.132550e+22 
2.916667e+04 3.450948e-15 2.751473e+22 
2.958333e+04 3.963362e-15 2.426736e+22 
3.000000e+04 4.506014e-15 2.163243e+22 
3.041667e+04 5.080544e-15 1.945507e+22 
3.083333e+04 5.664764e-15 1.769180e+22 
3.125000e+04 6.228209e-15 1.634059e+22 
3.166667e+04 6.759930e-15 1.527565e+22 
3.208333e+04 7.179110e-15 1.462596e+22 
3.250000e+04 7.506186e-15 1.419997e+22 
3.291667e+04 7.599527e-15 1.427391e+22 
3.333333e+04 7.537331e-15 1.460943e+22 
3.375000e+04 7.142444e-15 1.567270e+22 
3.416667e+04 6.570308e-15 1.727117e+22 
3.458333e+04 5.712747e-15 2.007705e+22 
3.500000e+04 4.759600e-15 2.432231e+22 
3.541667e+04 3.782580e-15 3.031874e+22 
3.583333e+04 2.880456e-15 3.957831e+22 
3.625000e+04 2.299834e-15 4.740525e+22 
3.666667e+04 1.912579e-15 5.483387e+22 
3.708333e+04 1.835086e-15 5.623037e+22 
3.750000e+04 1.882229e-15 5.403801e+22 
3.791667e+04 1.866456e-15 5.503210e+22 
3.833333e+04 1.783654e-15 5.818835e+22 
3.875000e+04 1.801671e-15 5.678282e+22 
3.916667e+04 1.858655e-15 5.429212e+22 
3.958333e+04 1.804476e-15 5.683361e+22 
4.000000e+04 1.740002e-15 5.990300e+22 
4.041667e+04 1.804476e-15 5.683361e+22 
4.083333e+04 1.858655e-15 5.429212e+22 
4.125000e+04 1.801671e-15 5.678282e+22 
4.166667e+04 1.783654e-15 5.818835e+22 
4.208333e+04 1.866456e-15 5.503210e+22 
4.250000e+04 1.882229e-15 5.403801e+22 
4.291667e+04 1.835086e-15 5.623037e+22 
4.333333e+04 1.912579e-15 5.483387e+22 
4.375000e+04 2.299834e-15 4.740525e+22 
4.416667e+04 2.880456e-15 3.957831e+22 
4.458333e+04 3.782580e-15 3.031874e+22 
4.500000e+04 4.759600e-15 2.432231e+22 
4.541667e+04 5.712747e-15 2.007705e+22 
4.583333e+04 6.570308e-15 1.727117e+22 
4.625000e+04 7.142444e-15 1.567270e+22 
4.666667e+04 7.537331e-15 1.460943e+22 
4.708333e+04 7.599527e-15 1.427391e+22 
4.750000e+04 7.506186e-15 1.419997e+22 
4.791667e+04 7.179110e-15 1.462596e+22 
4.833333e+04 6.759930e-15 1.527565e+22 
4.875000e+04 6.228209e-15 1.634059e+22 
4.916667e+04 5.664764e-15 1.769180e+22 
4.958333e+04 5.080544e-15 1.945507e+22 
5.000000e+04 4.506014e-15 2.163243e+22 
5.041667e+04 3.963362e-15 2.426736e+22 
5.083333e+04 3.450948e-15 2.751473e+22 
5.125000e+04 2.990757e-15 3.132550e+22 
5.166667e+04 2.566961e-15 3.604579e+22 
5.208333e+04 2.197525e-15 4.154129e+22 
5.250000e+04 1.863492e-15 4.839379e+22 
5.291667e+04 1.578760e-15 5.639067e+22 
5.333333e+04 1.325473e-15 6.641397e+22 
5.375000e+04 1.114107e-15 7.812968e+22 
5.416667e+04 9.289245e-16 9.283729e+22 
5.458333e+04 7.773313e-16 1.099402e+23 
5.500000e+04 6.462087e-16 1.313498e+23 
5.541667e+04 5.402384e-16 1.559792e+23 
5.583333e+04 4.493909e-16 1.866126e+23 
5.625000e+04 3.762396e-16 2.214607e+23 
5.666667e+04 3.138276e-16 2.644533e+23 
5.708333e+04 2.633792e-16 3.130021e+23 
5.750000e+04 2.204094e-16 3.724253e+23 
5.791667e+04 1.854288e-16 4.393201e+23 
5.833333e+04 1.556297e-16 5.206538e+23 
5.875000e+04 1.312064e-16 6.121579e+23 
5.916667e+04 1.103799e-16 7.228254e+23 
5.958333e+04 9.321425e-17 8.473607e+23 
6.000000e+04 7.855595e-17 9.973773e+23 
6.041667e+04 6.642362e-17 1.166175e+24 
6.083333e+04 5.604827e-17 1.368873e+24 
6.125000e+04 4.742375e-17 1.596890e+24 
6.166667e+04 4.003431e-17 1.870265e+24 
6.208333e+04 3.387783e-17 2.177927e+24 
6.250000e+04 2.859656e-17 2.546298e+24 
6.291667e+04 2.419570e-17 2.961141e+24 
6.333333e+04 2.041421e-17 3.457784e+24 
6.375000e+04 1.726464e-17 4.018331e+24 
6.416667e+04 1.456006e-17 4.687947e+24 
6.458333e+04 1.230498e-17 5.438377e+24 
6.500000e+04 1.036592e-17 6.334064e+24 
6.541667e+04 8.714927e-18 7.343694e+24 
6.583333e+04 7.292573e-18 8.556604e+24 
6.625000e+04 6.007187e-18 1.000000e+25 
6.666667e+04 4.929229e-18 1.000000e+25 
6.708333e+04 4.092320e-18 1.000000e+25 
6.750000e+04 3.423552e-18 1.000000e+25 
6.791667e+04 3.058340e-18 1.000000e+25 
6.833333e+04 2.879511e-18 1.000000e+25 
6.875000e+04 2.784018e-18 1.000000e+25 
6.916667e+04 2.714003e-18 1.000000e+25 
6.958333e+04 2.669864e-18 1.000000e+25 
7.000000e+04 2.589241e-18 1.000000e+25 
7.041667e+04 2.498281e-18 1.000000e+25 
7.083333e+04 2.412068e-18 1.000000e+25 
7.125000e+04 2.328393e-18 1.000000e+25 
7.166667e+04 2.248161e-18 1.000000e+25 
7.208333e+04 2.173985e-18 1.000000e+25 
7.250000e+04 2.104887e-18 1.000000e+25 
7.291667e+04 2.044977e-18 1.000000e+25 
7.333333e+04 1.988446e-18 1.000000e+25 
7.375000e+04 1.937849e-18 1.000000e+25 
7.416667e+04 1.890281e-18 1.000000e+25 
7.458333e+04 1.848153e-18 1.000000e+25 
7.500000e+04 1.808874e-18 1.000000e+25 
7.541667e+04 1.774837e-18 1.000000e+25 
7.583333e+04 1.743469e-18 1.000000e+25 
7.625000e+04 1.716876e-18 1.000000e+25 
7.666667e+04 1.692637e-18 1.000000e+25 
7.708333e+04 1.672464e-18 1.000000e+25 
7.750000e+04 1.654393e-18 1.000000e+25 
7.791667e+04 1.640026e-18 1.000000e+25 
7.833333e+04 1.627667e-18 1.000000e+25 
7.875000e+04 1.618911e-18 1.000000e+25 
7.916667e+04 1.612084e-18 1.000000e+25 
7.958333e+04 1.608633e-18 1.000000e+25 
8.000000e+04 1.607009e-18 1.000000e+25 
