0.000000e+00 1.060647e-19 1.000000e+25 
4.166667e+02 1.061726e-19 1.000000e+25 
8.333333e+02 1.064503e-19 1.000000e+25 
1.250000e+03 1.069439e-19 1.000000e+25 
1.666667e+03 1.076076e-19 1.000000e+25 
2.083333e+03 1.084877e-19 1.000000e+25 
2.500000e+03 1.095383e-19 1.000000e+25 
2.916667e+03 1.108075e-19 1.000000e+25 
3.333333e+03 1.122481e-19 1.000000e+25 
3.750000e+03 1.139127e-19 1.000000e+25 
4.166667e+03 1.157511e-19 1.000000e+25 
4.583333e+03 1.178249e-19 1.000000e+25 
5.000000e+03 1.200770e-19 1.000000e+25 
5.416667e+03 1.225842e-19 1.000000e+25 
5.833333e+03 1.252770e-19 1.000000e+25 
6.250000e+03 1.282544e-19 1.000000e+25 
6.666667e+03 1.314271e-19 1.000000e+25 
7.083333e+03 1.349144e-19 1.000000e+25 
7.500000e+03 1.386066e-19 1.000000e+25 
7.916667e+03 1.426590e-19 1.000000e+25 
8.333333e+03 1.469339e-19 1.000000e+25 
8.750000e+03 1.515873e-19 1.000000e+25 
9.166667e+03 1.564658e-19 1.000000e+25 
9.583333e+03 1.618008e-19 1.000000e+25 
1.000000e+04 1.674273e-19 1.000000e+25 
1.041667e+04 1.735417e-19 1.000000e+25 
1.083333e+04 1.797952e-19 1.000000e+25 
1.125000e+04 1.858648e-19 1.000000e+25 
1.166667e+04 1.893096e-19 1.000000e+25 
1.208333e+04 1.965301e-19 1.000000e+25 
1.250000e+04 2.212070e-19 1.000000e+25 
1.291667e+04 2.702172e-19 1.000000e+25 
1.333333e+04 3.263529e-19 1.000000e+25 
1.375000e+04 3.923270e-19 1.000000e+25 
1.416667e+04 4.679310e-19 1.000000e+25 
1.458333e+04 5.631559e-19 8.878999e+24 
1.500000e+04 6.723882e-19 7.436273e+24 
1.541667e+04 8.113198e-19 6.163178e+24 
1.583333e+04 9.703426e-19 5.152878e+24 
1.625000e+04 1.172198e-18 4.265754e+24 
1.666667e+04 1.403491e-18 3.562586e+24 
1.708333e+04 1.698402e-18 2.944137e+24 
1.750000e+04 2.036873e-18 2.454776e+24 
1.791667e+04 2.470548e-18 2.023986e+24 
1.833333e+04 2.969204e-18 1.683978e+24 
1.875000e+04 3.610985e-18 1.384770e+24 
1.916667e+04 4.350423e-18 1.149332e+24 
1.958333e+04 5.305994e-18 9.424077e+23 
2.000000e+04 6.409395e-18 7.801185e+23 
2.041667e+04 7.841025e-18 6.377275e+23 
2.083333e+04 9.497848e-18 5.264450e+23 
2.125000e+04 1.165609e-17 4.290001e+23 
2.166667e+04 1.415942e-17 3.531289e+23 
2.208333e+04 1.743326e-17 2.868363e+23 
2.250000e+04 2.123890e-17 2.354223e+23 
2.291667e+04 2.623442e-17 1.906091e+23 
2.333333e+04 3.205379e-17 1.559915e+23 
2.375000e+04 3.971607e-17 1.259074e+23 
2.416667e+04 4.866020e-17 1.027561e+23 
2.458333e+04 6.045890e-17 8.271032e+22 
2.500000e+04 7.425770e-17 6.733512e+22 
2.541667e+04 9.247372e-17 5.407599e+22 
2.583333e+04 1.138127e-16 4.393339e+22 
2.625000e+04 1.420290e-16 3.520866e+22 
2.666667e+04 1.751216e-16 2.855284e+22 
2.708333e+04 2.192389e-16 2.280942e+22 
2.750000e+04 2.710231e-16 1.844969e+22 
2.791667e+04 3.414650e-16 1.464511e+22 
2.833333e+04 4.242243e-16 1.178723e+22 
2.875000e+04 5.394446e-16 9.270476e+21 
2.916667e+04 6.745318e-16 7.413549e+21 
2.958333e+04 8.630643e-16 5.794603e+21 
3.000000e+04 1.081632e-15 4.623648e+21 
3.041667e+04 1.378828e-15 3.627370e+21 
3.083333e+04 1.716656e-15 2.913647e+21 
3.125000e+04 2.157128e-15 2.318923e+21 
3.166667e+04 2.646417e-15 1.890354e+21 
3.208333e+04 3.250866e-15 1.539054e+21 
3.250000e+04 3.904130e-15 1.281700e+21 
3.291667e+04 4.646048e-15 1.077184e+21 
3.333333e+04 5.415088e-15 9.243485e+20 
3.375000e+04 6.155240e-15 8.133257e+20 
3.416667e+04 6.861629e-15 7.296900e+20 
3.458333e+04 7.275429e-15 6.882653e+20 
3.500000e+04 7.547518e-15 6.634711e+20 
3.541667e+04 7.217853e-15 6.937443e+20 
3.583333e+04 6.686004e-15 7.488431e+20 
3.625000e+04 5.581806e-15 8.967674e+20 
3.666667e+04 4.374346e-15 1.144030e+21 
3.708333e+04 3.261658e-15 1.534267e+21 
3.750000e+04 2.294830e-15 2.179849e+21 
3.791667e+04 1.947386e-15 2.568734e+21 
3.833333e+04 1.761627e-15 2.839310e+21 
3.875000e+04 1.715430e-15 2.915725e+21 
3.916667e+04 1.667230e-15 2.999996e+21 
3.958333e+04 1.662257e-15 3.008958e+21 
4.000000e+04 1.659235e-15 3.014455e+21 
4.041667e+04 1.662257e-15 3.008958e+21 
4.083333e+04 1.667230e-15 2.999996e+21 
4.125000e+04 1.715430e-15 2.915725e+21 
4.166667e+04 1.761627e-15 2.839310e+21 
4.208333e+04 1.947386e-15 2.568734e+21 
4.250000e+04 2.294830e-15 2.179849e+21 
4.291667e+04 3.261658e-15 1.534267e+21 
4.333333e+04 4.374346e-15 1.144030e+21 
4.375000e+04 5.581806e-15 8.967674e+20 
4.416667e+04 6.686004e-15 7.488431e+20 
4.458333e+04 7.217853e-15 6.937443e+20 
4.500000e+04 7.547518e-15 6.634711e+20 
4.541667e+04 7.275429e-15 6.882653e+20 
4.583333e+04 6.861629e-15 7.296900e+20 
4.625000e+04 6.155240e-15 8.133257e+20 
4.666667e+04 5.415088e-15 9.243485e+20 
4.708333e+04 4.646048e-15 1.077184e+21 
4.750000e+04 3.904130e-15 1.281700e+21 
4.791667e+04 3.250866e-15 1.539054e+21 
4.833333e+04 2.646417e-15 1.890354e+21 
4.875000e+04 2.157128e-15 2.318923e+21 
4.916667e+04 1.716656e-15 2.913647e+21 
4.958333e+04 1.378828e-15 3.627370e+21 
5.000000e+04 1.081632e-15 4.623648e+21 
5.041667e+04 8.630643e-16 5.794603e+21 
5.083333e+04 6.745318e-16 7.413549e+21 
5.125000e+04 5.394446e-16 9.270476e+21 
5.166667e+04 4.242243e-16 1.178723e+22 
5.208333e+04 3.414650e-16 1.464511e+22 
5.250000e+04 2.710231e-16 1.844969e+22 
5.291667e+04 2.192389e-16 2.280942e+22 
5.333333e+04 1.751216e-16 2.855284e+22 
5.375000e+04 1.420290e-16 3.520866e+22 
5.416667e+04 1.138127e-16 4.393339e+22 
5.458333e+04 9.247372e-17 5.407599e+22 
5.500000e+04 7.425770e-17 6.733512e+22 
5.541667e+04 6.045890e-17 8.271032e+22 
5.583333e+04 4.866020e-17 1.027561e+23 
5.625000e+04 3.971607e-17 1.259074e+23 
5.666667e+04 3.205379e-17 1.559915e+23 
5.708333e+04 2.623442e-17 1.906091e+23 
5.750000e+04 2.123890e-17 2.354223e+23 
5.791667e+04 1.743326e-17 2.868363e+23 
5.833333e+04 1.415942e-17 3.531289e+23 
5.875000e+04 1.165609e-17 4.290001e+23 
5.916667e+04 9.497848e-18 5.264450e+23 
5.958333e+04 7.841025e-18 6.377275e+23 
6.000000e+04 6.409395e-18 7.801185e+23 
6.041667e+04 5.305994e-18 9.424077e+23 
6.083333e+04 4.350423e-18 1.149332e+24 
6.125000e+04 3.610985e-18 1.384770e+24 
6.166667e+04 2.969204e-18 1.683978e+24 
6.208333e+04 2.470548e-18 2.023986e+24 
6.250000e+04 2.036873e-18 2.454776e+24 
6.291667e+04 1.698402e-18 2.944137e+24 
6.333333e+04 1.403491e-18 3.562586e+24 
6.375000e+04 1.172198e-18 4.265754e+24 
6.416667e+04 9.703426e-19 5.152878e+24 
6.458333e+04 8.113198e-19 6.163178e+24 
6.500000e+04 6.723882e-19 7.436273e+24 
6.541667e+04 5.631559e-19 8.878999e+24 
6.583333e+04 4.679310e-19 1.000000e+25 
6.625000e+04 3.923270e-19 1.000000e+25 
6.666667e+04 3.263529e-19 1.000000e+25 
6.708333e+04 2.702172e-19 1.000000e+25 
6.750000e+04 2.212070e-19 1.000000e+25 
6.791667e+04 1.965301e-19 1.000000e+25 
6.833333e+04 1.893096e-19 1.000000e+25 
6.875000e+04 1.858648e-19 1.000000e+25 
6.916667e+04 1.797952e-19 1.000000e+25 
6.958333e+04 1.735417e-19 1.000000e+25 
7.000000e+04 1.674273e-19 1.000000e+25 
7.041667e+04 1.618008e-19 1.000000e+25 
7.083333e+04 1.564658e-19 1.000000e+25 
7.125000e+04 1.515873e-19 1.000000e+25 
7.166667e+04 1.469339e-19 1.000000e+25 
7.208333e+04 1.426590e-19 1.000000e+25 
7.250000e+04 1.386066e-19 1.000000e+25 
7.291667e+04 1.349144e-19 1.000000e+25 
7.333333e+04 1.314271e-19 1.000000e+25 
7.375000e+04 1.282544e-19 1.000000e+25 
7.416667e+04 1.252770e-19 1.000000e+25 
7.458333e+04 1.225842e-19 1.000000e+25 
7.500000e+04 1.200770e-19 1.000000e+25 
7.541667e+04 1.178249e-19 1.000000e+25 
7.583333e+04 1.157511e-19 1.000000e+25 
7.625000e+04 1.139127e-19 1.000000e+25 
7.666667e+04 1.122481e-19 1.000000e+25 
7.708333e+04 1.108075e-19 1.000000e+25 
7.750000e+04 1.095383e-19 1.000000e+25 
7.791667e+04 1.084877e-19 1.000000e+25 
7.833333e+04 1.076076e-19 1.000000e+25 
7.875000e+04 1.069439e-19 1.000000e+25 
7.916667e+04 1.064503e-19 1.000000e+25 
7.958333e+04 1.061726e-19 1.000000e+25 
8.000000e+04 1.060647e-19 1.000000e+25 
