0.000000e+00 1.327172e-18 1.000000e+25 
2.083333e+02 1.327509e-18 1.000000e+25 
4.166667e+02 1.328225e-18 1.000000e+25 
6.250000e+02 1.329621e-18 1.000000e+25 
8.333333e+02 1.331398e-18 1.000000e+25 
1.041667e+03 1.333866e-18 1.000000e+25 
1.250000e+03 1.336723e-18 1.000000e+25 
1.458333e+03 1.340288e-18 1.000000e+25 
1.666667e+03 1.344249e-18 1.000000e+25 
1.875000e+03 1.348938e-18 1.000000e+25 
2.083333e+03 1.354034e-18 1.000000e+25 
2.291667e+03 1.359883e-18 1.000000e+25 
2.500000e+03 1.366152e-18 1.000000e+25 
2.708333e+03 1.373203e-18 1.000000e+25 
2.916667e+03 1.380691e-18 1.000000e+25 
3.125000e+03 1.388998e-18 1.000000e+25 
3.333333e+03 1.397759e-18 1.000000e+25 
3.541667e+03 1.407378e-18 1.000000e+25 
3.750000e+03 1.417472e-18 1.000000e+25 
3.958333e+03 1.428466e-18 1.000000e+25 
4.166667e+03 1.439955e-18 1.000000e+25 
4.375000e+03 1.452390e-18 1.000000e+25 
4.583333e+03 1.465342e-18 1.000000e+25 
4.791667e+03 1.479290e-18 1.000000e+25 
5.000000e+03 1.493782e-18 1.000000e+25 
5.208333e+03 1.509323e-18 1.000000e+25 
5.416667e+03 1.525434e-18 1.000000e+25 
5.625000e+03 1.542652e-18 1.000000e+25 
5.833333e+03 1.560470e-18 1.000000e+25 
6.041667e+03 1.579453e-18 1.000000e+25 
6.250000e+03 1.599066e-18 1.000000e+25 
6.458333e+03 1.619918e-18 1.000000e+25 
6.666667e+03 1.641438e-18 1.000000e+25 
6.875000e+03 1.664256e-18 1.000000e+25 
7.083333e+03 1.687767e-18 1.000000e+25 
7.291667e+03 1.712631e-18 1.000000e+25 
7.500000e+03 1.738218e-18 1.000000e+25 
7.708333e+03 1.765222e-18 1.000000e+25 
7.916667e+03 1.792988e-18 1.000000e+25 
8.125000e+03 1.822285e-18 1.000000e+25 
8.333333e+03 1.852388e-18 1.000000e+25 
8.541667e+03 1.884015e-18 1.000000e+25 
8.750000e+03 1.916456e-18 1.000000e+25 
8.958333e+03 1.950546e-18 1.000000e+25 
9.166667e+03 1.985542e-18 1.000000e+25 
9.375000e+03 2.022173e-18 1.000000e+25 
9.583333e+03 2.059598e-18 1.000000e+25 
9.791667e+03 2.098817e-18 1.000000e+25 
1.000000e+04 2.138946e-18 1.000000e+25 
1.020833e+04 2.181241e-18 1.000000e+25 
1.041667e+04 2.225228e-18 1.000000e+25 
1.062500e+04 2.271748e-18 1.000000e+25 
1.083333e+04 2.320005e-18 1.000000e+25 
1.104167e+04 2.367360e-18 1.000000e+25 
1.125000e+04 2.412977e-18 1.000000e+25 
1.145833e+04 2.459071e-18 1.000000e+25 
1.166667e+04 2.480350e-18 1.000000e+25 
1.187500e+04 2.506273e-18 1.000000e+25 
1.208333e+04 2.545638e-18 1.000000e+25 
1.229167e+04 2.611576e-18 1.000000e+25 
1.250000e+04 2.747400e-18 1.000000e+25 
1.270833e+04 3.001311e-18 1.000000e+25 
1.291667e+04 3.324344e-18 1.000000e+25 
1.312500e+04 3.697536e-18 1.000000e+25 
1.333333e+04 4.132458e-18 1.000000e+25 
1.354167e+04 4.580046e-18 1.000000e+25 
1.375000e+04 5.048104e-18 1.000000e+25 
1.395833e+04 5.554727e-18 1.000000e+25 
1.416667e+04 6.099252e-18 9.245365e+24 
1.437500e+04 6.697118e-18 8.494322e+24 
1.458333e+04 7.344456e-18 7.815313e+24 
1.479167e+04 8.057768e-18 7.183902e+24 
1.500000e+04 8.830825e-18 6.612065e+24 
1.520833e+04 9.678500e-18 6.082355e+24 
1.541667e+04 1.059579e-17 5.602679e+24 
1.562500e+04 1.159928e-17 5.156914e+24 
1.583333e+04 1.268373e-17 4.753198e+24 
1.604167e+04 1.386807e-17 4.377593e+24 
1.625000e+04 1.514822e-17 4.036833e+24 
1.645833e+04 1.654866e-17 3.719064e+24 
1.666667e+04 1.806338e-17 3.430354e+24 
1.687500e+04 1.972256e-17 3.160717e+24 
1.708333e+04 2.151768e-17 2.915585e+24 
1.729167e+04 2.348483e-17 2.686492e+24 
1.750000e+04 2.561333e-17 2.478175e+24 
1.770833e+04 2.794618e-17 2.283358e+24 
1.791667e+04 3.047092e-17 2.106166e+24 
1.812500e+04 3.323953e-17 1.940342e+24 
1.833333e+04 3.623667e-17 1.789504e+24 
1.854167e+04 3.952536e-17 1.648268e+24 
1.875000e+04 4.308660e-17 1.519797e+24 
1.895833e+04 4.699705e-17 1.399452e+24 
1.916667e+04 5.123290e-17 1.290001e+24 
1.937500e+04 5.588731e-17 1.187439e+24 
1.958333e+04 6.093052e-17 1.094190e+24 
1.979167e+04 6.647587e-17 1.006786e+24 
2.000000e+04 7.248627e-17 9.273516e+23 
2.020833e+04 7.910004e-17 8.528783e+23 
2.041667e+04 8.627063e-17 7.852297e+23 
2.062500e+04 9.416758e-17 7.217924e+23 
2.083333e+04 1.027320e-16 6.642040e+23 
2.104167e+04 1.121727e-16 6.101894e+23 
2.125000e+04 1.224144e-16 5.611911e+23 
2.145833e+04 1.337159e-16 5.152246e+23 
2.166667e+04 1.459795e-16 4.735630e+23 
2.187500e+04 1.595287e-16 4.344728e+23 
2.208333e+04 1.742346e-16 3.990794e+23 
2.229167e+04 1.905043e-16 3.658672e+23 
2.250000e+04 2.081656e-16 3.358315e+23 
2.270833e+04 2.277346e-16 3.076475e+23 
2.291667e+04 2.489778e-16 2.821940e+23 
2.312500e+04 2.725526e-16 2.583155e+23 
2.333333e+04 2.981402e-16 2.367841e+23 
2.354167e+04 3.265790e-16 2.165962e+23 
2.375000e+04 3.574325e-16 1.984244e+23 
2.395833e+04 3.917667e-16 1.814030e+23 
2.416667e+04 4.289873e-16 1.661101e+23 
2.437500e+04 4.704375e-16 1.518056e+23 
2.458333e+04 5.153189e-16 1.389786e+23 
2.479167e+04 5.653004e-16 1.270025e+23 
2.500000e+04 6.193287e-16 1.162836e+23 
2.520833e+04 6.794391e-16 1.062970e+23 
2.541667e+04 7.442747e-16 9.737392e+22 
2.562500e+04 8.162642e-16 8.907891e+22 
2.583333e+04 8.937044e-16 8.167733e+22 
2.604167e+04 9.794271e-16 7.481084e+22 
2.625000e+04 1.071352e-15 6.868954e+22 
2.645833e+04 1.172707e-15 6.302003e+22 
2.666667e+04 1.281016e-15 5.796776e+22 
2.687500e+04 1.399885e-15 5.329327e+22 
2.708333e+04 1.526429e-15 4.912701e+22 
2.729167e+04 1.664609e-15 4.527391e+22 
2.750000e+04 1.811123e-15 4.183745e+22 
2.770833e+04 1.970254e-15 3.865916e+22 
2.791667e+04 2.138274e-15 3.582149e+22 
2.812500e+04 2.319736e-15 3.319656e+22 
2.833333e+04 2.510477e-15 3.084979e+22 
2.854167e+04 2.715224e-15 2.867940e+22 
2.875000e+04 2.929382e-15 2.673616e+22 
2.895833e+04 3.157660e-15 2.494114e+22 
2.916667e+04 3.395091e-15 2.333174e+22 
2.937500e+04 3.646016e-15 2.184941e+22 
2.958333e+04 3.905261e-15 2.051884e+22 
2.979167e+04 4.176235e-15 1.929989e+22 
3.000000e+04 4.453894e-15 1.820506e+22 
3.020833e+04 4.739912e-15 1.721082e+22 
3.041667e+04 5.029938e-15 1.631812e+22 
3.062500e+04 5.322878e-15 1.551843e+22 
3.083333e+04 5.615909e-15 1.480191e+22 
3.104167e+04 5.903970e-15 1.417370e+22 
3.125000e+04 6.186857e-15 1.361400e+22 
3.145833e+04 6.454291e-15 1.314069e+22 
3.166667e+04 6.710000e-15 1.272469e+22 
3.187500e+04 6.937329e-15 1.239627e+22 
3.208333e+04 7.145387e-15 1.211755e+22 
3.229167e+04 7.310311e-15 1.193137e+22 
3.250000e+04 7.448008e-15 1.179145e+22 
3.270833e+04 7.527263e-15 1.175396e+22 
3.291667e+04 7.571871e-15 1.176474e+22 
3.312500e+04 7.544272e-15 1.189450e+22 
3.333333e+04 7.476472e-15 1.208252e+22 
3.354167e+04 7.327227e-15 1.241528e+22 
3.375000e+04 7.135699e-15 1.282907e+22 
3.395833e+04 6.861647e-15 1.342596e+22 
3.416667e+04 6.548321e-15 1.414784e+22 
3.437500e+04 6.163217e-15 1.510689e+22 
3.458333e+04 5.748110e-15 1.626992e+22 
3.479167e+04 5.286326e-15 1.773522e+22 
3.500000e+04 4.810328e-15 1.953463e+22 
3.520833e+04 4.327225e-15 2.167363e+22 
3.541667e+04 3.850942e-15 2.431682e+22 
3.562500e+04 3.416766e-15 2.715913e+22 
3.583333e+04 3.012510e-15 3.056538e+22 
3.604167e+04 2.698092e-15 3.355341e+22 
3.625000e+04 2.433583e-15 3.664735e+22 
3.645833e+04 2.269931e-15 3.870828e+22 
3.666667e+04 2.155506e-15 4.021715e+22 
3.687500e+04 2.091833e-15 4.125997e+22 
3.708333e+04 2.051336e-15 4.190567e+22 
3.729167e+04 2.018714e-15 4.255046e+22 
3.750000e+04 1.987306e-15 4.319637e+22 
3.770833e+04 1.960128e-15 4.376758e+22 
3.791667e+04 1.932607e-15 4.437448e+22 
3.812500e+04 1.908332e-15 4.491960e+22 
3.833333e+04 1.885480e-15 4.545126e+22 
3.854167e+04 1.866001e-15 4.591697e+22 
3.875000e+04 1.848413e-15 4.634930e+22 
3.895833e+04 1.833278e-15 4.673059e+22 
3.916667e+04 1.819691e-15 4.708284e+22 
3.937500e+04 1.810240e-15 4.731838e+22 
3.958333e+04 1.802750e-15 4.751221e+22 
3.979167e+04 1.798606e-15 4.762051e+22 
4.000000e+04 1.796665e-15 4.767532e+22 
4.020833e+04 1.798606e-15 4.762051e+22 
4.041667e+04 1.802750e-15 4.751221e+22 
4.062500e+04 1.810240e-15 4.731838e+22 
4.083333e+04 1.819691e-15 4.708284e+22 
4.104167e+04 1.833278e-15 4.673059e+22 
4.125000e+04 1.848413e-15 4.634930e+22 
4.145833e+04 1.866001e-15 4.591697e+22 
4.166667e+04 1.885480e-15 4.545126e+22 
4.187500e+04 1.908332e-15 4.491960e+22 
4.208333e+04 1.932607e-15 4.437448e+22 
4.229167e+04 1.960128e-15 4.376758e+22 
4.250000e+04 1.987306e-15 4.319637e+22 
4.270833e+04 2.018714e-15 4.255046e+22 
4.291667e+04 2.051336e-15 4.190567e+22 
4.312500e+04 2.091833e-15 4.125997e+22 
4.333333e+04 2.155506e-15 4.021715e+22 
4.354167e+04 2.269931e-15 3.870828e+22 
4.375000e+04 2.433583e-15 3.664735e+22 
4.395833e+04 2.698092e-15 3.355341e+22 
4.416667e+04 3.012510e-15 3.056538e+22 
4.437500e+04 3.416766e-15 2.715913e+22 
4.458333e+04 3.850942e-15 2.431682e+22 
4.479167e+04 4.327225e-15 2.167363e+22 
4.500000e+04 4.810328e-15 1.953463e+22 
4.520833e+04 5.286326e-15 1.773522e+22 
4.541667e+04 5.748110e-15 1.626992e+22 
4.562500e+04 6.163217e-15 1.510689e+22 
4.583333e+04 6.548321e-15 1.414784e+22 
4.604167e+04 6.861647e-15 1.342596e+22 
4.625000e+04 7.135699e-15 1.282907e+22 
4.645833e+04 7.327227e-15 1.241528e+22 
4.666667e+04 7.476472e-15 1.208252e+22 
4.687500e+04 7.544272e-15 1.189450e+22 
4.708333e+04 7.571871e-15 1.176474e+22 
4.729167e+04 7.527263e-15 1.175396e+22 
4.750000e+04 7.448008e-15 1.179145e+22 
4.770833e+04 7.310311e-15 1.193137e+22 
4.791667e+04 7.145387e-15 1.211755e+22 
4.812500e+04 6.937329e-15 1.239627e+22 
4.833333e+04 6.710000e-15 1.272469e+22 
4.854167e+04 6.454291e-15 1.314069e+22 
4.875000e+04 6.186857e-15 1.361400e+22 
4.895833e+04 5.903970e-15 1.417370e+22 
4.916667e+04 5.615909e-15 1.480191e+22 
4.937500e+04 5.322878e-15 1.551843e+22 
4.958333e+04 5.029938e-15 1.631812e+22 
4.979167e+04 4.739912e-15 1.721082e+22 
5.000000e+04 4.453894e-15 1.820506e+22 
5.020833e+04 4.176235e-15 1.929989e+22 
5.041667e+04 3.905261e-15 2.051884e+22 
5.062500e+04 3.646016e-15 2.184941e+22 
5.083333e+04 3.395091e-15 2.333174e+22 
5.104167e+04 3.157660e-15 2.494114e+22 
5.125000e+04 2.929382e-15 2.673616e+22 
5.145833e+04 2.715224e-15 2.867940e+22 
5.166667e+04 2.510477e-15 3.084979e+22 
5.187500e+04 2.319736e-15 3.319656e+22 
5.208333e+04 2.138274e-15 3.582149e+22 
5.229167e+04 1.970254e-15 3.865916e+22 
5.250000e+04 1.811123e-15 4.183745e+22 
5.270833e+04 1.664609e-15 4.527391e+22 
5.291667e+04 1.526429e-15 4.912701e+22 
5.312500e+04 1.399885e-15 5.329327e+22 
5.333333e+04 1.281016e-15 5.796776e+22 
5.354167e+04 1.172707e-15 6.302003e+22 
5.375000e+04 1.071352e-15 6.868954e+22 
5.395833e+04 9.794271e-16 7.481084e+22 
5.416667e+04 8.937044e-16 8.167733e+22 
5.437500e+04 8.162642e-16 8.907891e+22 
5.458333e+04 7.442747e-16 9.737392e+22 
5.479167e+04 6.794391e-16 1.062970e+23 
5.500000e+04 6.193287e-16 1.162836e+23 
5.520833e+04 5.653004e-16 1.270025e+23 
5.541667e+04 5.153189e-16 1.389786e+23 
5.562500e+04 4.704375e-16 1.518056e+23 
5.583333e+04 4.289873e-16 1.661101e+23 
5.604167e+04 3.917667e-16 1.814030e+23 
5.625000e+04 3.574325e-16 1.984244e+23 
5.645833e+04 3.265790e-16 2.165962e+23 
5.666667e+04 2.981402e-16 2.367841e+23 
5.687500e+04 2.725526e-16 2.583155e+23 
5.708333e+04 2.489778e-16 2.821940e+23 
5.729167e+04 2.277346e-16 3.076475e+23 
5.750000e+04 2.081656e-16 3.358315e+23 
5.770833e+04 1.905043e-16 3.658672e+23 
5.791667e+04 1.742346e-16 3.990794e+23 
5.812500e+04 1.595287e-16 4.344728e+23 
5.833333e+04 1.459795e-16 4.735630e+23 
5.854167e+04 1.337159e-16 5.152246e+23 
5.875000e+04 1.224144e-16 5.611911e+23 
5.895833e+04 1.121727e-16 6.101894e+23 
5.916667e+04 1.027320e-16 6.642040e+23 
5.937500e+04 9.416758e-17 7.217924e+23 
5.958333e+04 8.627063e-17 7.852297e+23 
5.979167e+04 7.910004e-17 8.528783e+23 
6.000000e+04 7.248627e-17 9.273516e+23 
6.020833e+04 6.647587e-17 1.006786e+24 
6.041667e+04 6.093052e-17 1.094190e+24 
6.062500e+04 5.588731e-17 1.187439e+24 
6.083333e+04 5.123290e-17 1.290001e+24 
6.104167e+04 4.699705e-17 1.399452e+24 
6.125000e+04 4.308660e-17 1.519797e+24 
6.145833e+04 3.952536e-17 1.648268e+24 
6.166667e+04 3.623667e-17 1.789504e+24 
6.187500e+04 3.323953e-17 1.940342e+24 
6.208333e+04 3.047092e-17 2.106166e+24 
6.229167e+04 2.794618e-17 2.283358e+24 
6.250000e+04 2.561333e-17 2.478175e+24 
6.270833e+04 2.348483e-17 2.686492e+24 
6.291667e+04 2.151768e-17 2.915585e+24 
6.312500e+04 1.972256e-17 3.160717e+24 
6.333333e+04 1.806338e-17 3.430354e+24 
6.354167e+04 1.654866e-17 3.719064e+24 
6.375000e+04 1.514822e-17 4.036833e+24 
6.395833e+04 1.386807e-17 4.377593e+24 
6.416667e+04 1.268373e-17 4.753198e+24 
6.437500e+04 1.159928e-17 5.156914e+24 
6.458333e+04 1.059579e-17 5.602679e+24 
6.479167e+04 9.678500e-18 6.082355e+24 
6.500000e+04 8.830825e-18 6.612065e+24 
6.520833e+04 8.057768e-18 7.183902e+24 
6.541667e+04 7.344456e-18 7.815313e+24 
6.562500e+04 6.697118e-18 8.494322e+24 
6.583333e+04 6.099252e-18 9.245365e+24 
6.604167e+04 5.554727e-18 1.000000e+25 
6.625000e+04 5.048104e-18 1.000000e+25 
6.645833e+04 4.580046e-18 1.000000e+25 
6.666667e+04 4.132458e-18 1.000000e+25 
6.687500e+04 3.697536e-18 1.000000e+25 
6.708333e+04 3.324344e-18 1.000000e+25 
6.729167e+04 3.001311e-18 1.000000e+25 
6.750000e+04 2.747400e-18 1.000000e+25 
6.770833e+04 2.611576e-18 1.000000e+25 
6.791667e+04 2.545638e-18 1.000000e+25 
6.812500e+04 2.506273e-18 1.000000e+25 
6.833333e+04 2.480350e-18 1.000000e+25 
6.854167e+04 2.459071e-18 1.000000e+25 
6.875000e+04 2.412977e-18 1.000000e+25 
6.895833e+04 2.367360e-18 1.000000e+25 
6.916667e+04 2.320005e-18 1.000000e+25 
6.937500e+04 2.271748e-18 1.000000e+25 
6.958333e+04 2.225228e-18 1.000000e+25 
6.979167e+04 2.181241e-18 1.000000e+25 
7.000000e+04 2.138946e-18 1.000000e+25 
7.020833e+04 2.098817e-18 1.000000e+25 
7.041667e+04 2.059598e-18 1.000000e+25 
7.062500e+04 2.022173e-18 1.000000e+25 
7.083333e+04 1.985542e-18 1.000000e+25 
7.104167e+04 1.950546e-18 1.000000e+25 
7.125000e+04 1.916456e-18 1.000000e+25 
7.145833e+04 1.884015e-18 1.000000e+25 
7.166667e+04 1.852388e-18 1.000000e+25 
7.187500e+04 1.822285e-18 1.000000e+25 
7.208333e+04 1.792988e-18 1.000000e+25 
7.229167e+04 1.765222e-18 1.000000e+25 
7.250000e+04 1.738218e-18 1.000000e+25 
7.270833e+04 1.712631e-18 1.000000e+25 
7.291667e+04 1.687767e-18 1.000000e+25 
7.312500e+04 1.664256e-18 1.000000e+25 
7.333333e+04 1.641438e-18 1.000000e+25 
7.354167e+04 1.619918e-18 1.000000e+25 
7.375000e+04 1.599066e-18 1.000000e+25 
7.395833e+04 1.579453e-18 1.000000e+25 
7.416667e+04 1.560470e-18 1.000000e+25 
7.437500e+04 1.542652e-18 1.000000e+25 
7.458333e+04 1.525434e-18 1.000000e+25 
7.479167e+04 1.509323e-18 1.000000e+25 
7.500000e+04 1.493782e-18 1.000000e+25 
7.520833e+04 1.479290e-18 1.000000e+25 
7.541667e+04 1.465342e-18 1.000000e+25 
7.562500e+04 1.452390e-18 1.000000e+25 
7.583333e+04 1.439955e-18 1.000000e+25 
7.604167e+04 1.428466e-18 1.000000e+25 
7.625000e+04 1.417472e-18 1.000000e+25 
7.645833e+04 1.407378e-18 1.000000e+25 
7.666667e+04 1.397759e-18 1.000000e+25 
7.687500e+04 1.388998e-18 1.000000e+25 
7.708333e+04 1.380691e-18 1.000000e+25 
7.729167e+04 1.373203e-18 1.000000e+25 
7.750000e+04 1.366152e-18 1.000000e+25 
7.770833e+04 1.359883e-18 1.000000e+25 
7.791667e+04 1.354034e-18 1.000000e+25 
7.812500e+04 1.348938e-18 1.000000e+25 
7.833333e+04 1.344249e-18 1.000000e+25 
7.854167e+04 1.340288e-18 1.000000e+25 
7.875000e+04 1.336723e-18 1.000000e+25 
7.895833e+04 1.333866e-18 1.000000e+25 
7.916667e+04 1.331398e-18 1.000000e+25 
7.937500e+04 1.329621e-18 1.000000e+25 
7.958333e+04 1.328225e-18 1.000000e+25 
7.979167e+04 1.327509e-18 1.000000e+25 
8.000000e+04 1.327172e-18 1.000000e+25 
