0.000000e+00 1.079980e-17 5.756091e+24 
1.562500e+02 1.080583e-17 5.752871e+24 
3.125000e+02 1.082158e-17 5.744868e+24 
4.687500e+02 1.084928e-17 5.730616e+24 
6.250000e+02 1.088664e-17 5.711740e+24 
7.812500e+02 1.093572e-17 5.687083e+24 
9.375000e+02 1.099440e-17 5.658079e+24 
1.093750e+03 1.106466e-17 5.623799e+24 
1.250000e+03 1.114449e-17 5.585519e+24 
1.406250e+03 1.123597e-17 5.542332e+24 
1.562500e+03 1.133707e-17 5.495543e+24 
1.718750e+03 1.145006e-17 5.444075e+24 
1.875000e+03 1.157274e-17 5.389468e+24 
2.031250e+03 1.170755e-17 5.330403e+24 
2.187500e+03 1.185206e-17 5.268737e+24 
2.343750e+03 1.200878e-17 5.202980e+24 
2.500000e+03 1.217513e-17 5.135216e+24 
2.656250e+03 1.235353e-17 5.063931e+24 
2.812500e+03 1.254147e-17 4.991242e+24 
2.968750e+03 1.274110e-17 4.915753e+24 
3.125000e+03 1.295020e-17 4.839414e+24 
3.281250e+03 1.317061e-17 4.761041e+24 
3.437500e+03 1.340053e-17 4.682279e+24 
3.593750e+03 1.364150e-17 4.602189e+24 
3.750000e+03 1.389218e-17 4.522068e+24 
3.906250e+03 1.415387e-17 4.441200e+24 
4.062500e+03 1.442564e-17 4.360568e+24 
4.218750e+03 1.470864e-17 4.279628e+24 
4.375000e+03 1.500222e-17 4.199119e+24 
4.531250e+03 1.530751e-17 4.118615e+24 
4.687500e+03 1.562400e-17 4.038690e+24 
4.843750e+03 1.595289e-17 3.958982e+24 
5.000000e+03 1.629368e-17 3.879977e+24 
5.156250e+03 1.664770e-17 3.801329e+24 
5.312500e+03 1.701436e-17 3.723494e+24 
5.468750e+03 1.739520e-17 3.646110e+24 
5.625000e+03 1.778946e-17 3.569642e+24 
5.781250e+03 1.819892e-17 3.493694e+24 
5.937500e+03 1.862258e-17 3.418757e+24 
6.093750e+03 1.906249e-17 3.344395e+24 
6.250000e+03 1.951742e-17 3.271134e+24 
6.406250e+03 1.998970e-17 3.198496e+24 
6.562500e+03 2.047780e-17 3.127039e+24 
6.718750e+03 2.098435e-17 3.056250e+24 
6.875000e+03 2.150758e-17 2.986713e+24 
7.031250e+03 2.205038e-17 2.917885e+24 
7.187500e+03 2.261073e-17 2.850369e+24 
7.343750e+03 2.319181e-17 2.783599e+24 
7.500000e+03 2.379136e-17 2.718187e+24 
7.656250e+03 2.441285e-17 2.653554e+24 
7.812500e+03 2.505377e-17 2.590311e+24 
7.968750e+03 2.571791e-17 2.527872e+24 
8.125000e+03 2.640251e-17 2.466843e+24 
8.281250e+03 2.711168e-17 2.406636e+24 
8.437500e+03 2.784246e-17 2.347846e+24 
8.593750e+03 2.859925e-17 2.289888e+24 
8.750000e+03 2.937887e-17 2.233342e+24 
8.906250e+03 3.018609e-17 2.177632e+24 
9.062500e+03 3.101750e-17 2.123319e+24 
9.218750e+03 3.187823e-17 2.069837e+24 
9.375000e+03 3.276461e-17 2.017731e+24 
9.531250e+03 3.368221e-17 1.966446e+24 
9.687500e+03 3.462708e-17 1.916508e+24 
9.843750e+03 3.560523e-17 1.867377e+24 
1.000000e+04 3.661242e-17 1.819559e+24 
1.015625e+04 3.765514e-17 1.772531e+24 
1.031250e+04 3.872885e-17 1.726779e+24 
1.046875e+04 3.984052e-17 1.681797e+24 
1.062500e+04 4.098531e-17 1.638052e+24 
1.078125e+04 4.217072e-17 1.595055e+24 
1.093750e+04 4.339157e-17 1.553254e+24 
1.109375e+04 4.465592e-17 1.512179e+24 
1.125000e+04 4.595823e-17 1.472259e+24 
1.140625e+04 4.730717e-17 1.433041e+24 
1.156250e+04 4.869682e-17 1.394936e+24 
1.171875e+04 5.013649e-17 1.357511e+24 
1.187500e+04 5.161987e-17 1.321157e+24 
1.203125e+04 5.315695e-17 1.285458e+24 
1.218750e+04 5.474100e-17 1.250790e+24 
1.234375e+04 5.638278e-17 1.216754e+24 
1.250000e+04 5.807508e-17 1.183706e+24 
1.265625e+04 5.982949e-17 1.151267e+24 
1.281250e+04 6.163831e-17 1.119777e+24 
1.296875e+04 6.351400e-17 1.088871e+24 
1.312500e+04 6.544837e-17 1.058875e+24 
1.328125e+04 6.745484e-17 1.029440e+24 
1.343750e+04 6.952465e-17 1.000876e+24 
1.359375e+04 7.167229e-17 9.728499e+23 
1.375000e+04 7.388836e-17 9.456578e+23 
1.390625e+04 7.618854e-17 9.189804e+23 
1.406250e+04 7.856276e-17 8.931014e+23 
1.421875e+04 8.102795e-17 8.677148e+23 
1.437500e+04 8.357332e-17 8.430919e+23 
1.453125e+04 8.621721e-17 8.189400e+23 
1.468750e+04 8.894802e-17 7.955185e+23 
1.484375e+04 9.178562e-17 7.725473e+23 
1.500000e+04 9.471752e-17 7.502747e+23 
1.515625e+04 9.776527e-17 7.284326e+23 
1.531250e+04 1.009154e-16 7.072587e+23 
1.546875e+04 1.041914e-16 6.864964e+23 
1.562500e+04 1.075786e-16 6.663733e+23 
1.578125e+04 1.111024e-16 6.466439e+23 
1.593750e+04 1.147473e-16 6.275259e+23 
1.609375e+04 1.185407e-16 6.087848e+23 
1.625000e+04 1.224658e-16 5.906286e+23 
1.640625e+04 1.265524e-16 5.728333e+23 
1.656250e+04 1.307823e-16 5.555976e+23 
1.671875e+04 1.351881e-16 5.387075e+23 
1.687500e+04 1.397498e-16 5.223532e+23 
1.703125e+04 1.445029e-16 5.063300e+23 
1.718750e+04 1.494260e-16 4.908194e+23 
1.734375e+04 1.545574e-16 4.756264e+23 
1.750000e+04 1.598739e-16 4.609240e+23 
1.765625e+04 1.654173e-16 4.465259e+23 
1.781250e+04 1.711624e-16 4.325974e+23 
1.796875e+04 1.771545e-16 4.189608e+23 
1.812500e+04 1.833666e-16 4.057734e+23 
1.828125e+04 1.898476e-16 3.928658e+23 
1.843750e+04 1.965684e-16 3.803880e+23 
1.859375e+04 2.035818e-16 3.681783e+23 
1.875000e+04 2.108568e-16 3.563796e+23 
1.890625e+04 2.184504e-16 3.448376e+23 
1.906250e+04 2.263291e-16 3.336885e+23 
1.921875e+04 2.345547e-16 3.227851e+23 
1.937500e+04 2.430911e-16 3.122571e+23 
1.953125e+04 2.520050e-16 3.019638e+23 
1.968750e+04 2.612579e-16 2.920291e+23 
1.984375e+04 2.709216e-16 2.823184e+23 
2.000000e+04 2.809550e-16 2.729499e+23 
2.015625e+04 2.914354e-16 2.637951e+23 
2.031250e+04 3.023189e-16 2.549665e+23 
2.046875e+04 3.136887e-16 2.463413e+23 
2.062500e+04 3.254982e-16 2.380270e+23 
2.078125e+04 3.378369e-16 2.299058e+23 
2.093750e+04 3.506551e-16 2.220808e+23 
2.109375e+04 3.640493e-16 2.144389e+23 
2.125000e+04 3.779665e-16 2.070789e+23 
2.140625e+04 3.925107e-16 1.998920e+23 
2.156250e+04 4.076256e-16 1.929732e+23 
2.171875e+04 4.234234e-16 1.862179e+23 
2.187500e+04 4.398440e-16 1.797174e+23 
2.203125e+04 4.570090e-16 1.733707e+23 
2.218750e+04 4.748539e-16 1.672661e+23 
2.234375e+04 4.935112e-16 1.613061e+23 
2.250000e+04 5.129110e-16 1.555759e+23 
2.265625e+04 5.331989e-16 1.499811e+23 
2.281250e+04 5.542979e-16 1.446045e+23 
2.296875e+04 5.763699e-16 1.393544e+23 
2.312500e+04 5.993284e-16 1.343115e+23 
2.328125e+04 6.233558e-16 1.293864e+23 
2.343750e+04 6.483527e-16 1.246581e+23 
2.359375e+04 6.745274e-16 1.200393e+23 
2.375000e+04 7.017632e-16 1.156074e+23 
2.390625e+04 7.303018e-16 1.112771e+23 
2.406250e+04 7.600023e-16 1.071245e+23 
2.421875e+04 7.911500e-16 1.030662e+23 
2.437500e+04 8.235709e-16 9.917686e+22 
2.453125e+04 8.576060e-16 9.537512e+22 
2.468750e+04 8.930370e-16 9.173417e+22 
2.484375e+04 9.302761e-16 8.817484e+22 
2.500000e+04 9.690460e-16 8.476872e+22 
2.515625e+04 1.009848e-15 8.143906e+22 
2.531250e+04 1.052329e-15 7.825553e+22 
2.546875e+04 1.097100e-15 7.514423e+22 
2.562500e+04 1.143710e-15 7.217240e+22 
2.578125e+04 1.192903e-15 6.926960e+22 
2.593750e+04 1.244107e-15 6.649996e+22 
2.609375e+04 1.298222e-15 6.379715e+22 
2.625000e+04 1.354530e-15 6.122144e+22 
2.640625e+04 1.414105e-15 5.871133e+22 
2.656250e+04 1.476063e-15 5.632239e+22 
2.671875e+04 1.541663e-15 5.399864e+22 
2.687500e+04 1.609838e-15 5.179016e+22 
2.703125e+04 1.682036e-15 4.964703e+22 
2.718750e+04 1.756992e-15 4.761316e+22 
2.734375e+04 1.836335e-15 4.564511e+22 
2.750000e+04 1.918605e-15 4.378014e+22 
2.765625e+04 2.005584e-15 4.198144e+22 
2.781250e+04 2.095627e-15 4.027940e+22 
2.796875e+04 2.190631e-15 3.864373e+22 
2.812500e+04 2.288791e-15 3.709808e+22 
2.828125e+04 2.392059e-15 3.561833e+22 
2.843750e+04 2.498516e-15 3.422179e+22 
2.859375e+04 2.610095e-15 3.288995e+22 
2.875000e+04 2.724822e-15 3.163443e+22 
2.890625e+04 2.844523e-15 3.044166e+22 
2.906250e+04 2.967244e-15 2.931835e+22 
2.921875e+04 3.094612e-15 2.825516e+22 
2.937500e+04 3.224774e-15 2.725474e+22 
2.953125e+04 3.359066e-15 2.631131e+22 
2.968750e+04 3.495819e-15 2.542424e+22 
2.984375e+04 3.635991e-15 2.459074e+22 
3.000000e+04 3.778182e-15 2.380759e+22 
3.015625e+04 3.922886e-15 2.307452e+22 
3.031250e+04 4.069056e-15 2.238626e+22 
3.046875e+04 4.216641e-15 2.174479e+22 
3.062500e+04 4.365029e-15 2.114309e+22 
3.078125e+04 4.513538e-15 2.058529e+22 
3.093750e+04 4.662077e-15 2.006278e+22 
3.109375e+04 4.809239e-15 1.958187e+22 
3.125000e+04 4.955550e-15 1.913231e+22 
3.140625e+04 5.098764e-15 1.872282e+22 
3.156250e+04 5.240134e-15 1.834130e+22 
3.171875e+04 5.376438e-15 1.799919e+22 
3.187500e+04 5.509796e-15 1.768225e+22 
3.203125e+04 5.635835e-15 1.740511e+22 
3.218750e+04 5.757715e-15 1.715093e+22 
3.234375e+04 5.869710e-15 1.693807e+22 
3.250000e+04 5.976227e-15 1.674661e+22 
3.265625e+04 6.069963e-15 1.659932e+22 
3.281250e+04 6.156810e-15 1.647262e+22 
3.296875e+04 6.227667e-15 1.639439e+22 
3.312500e+04 6.290160e-15 1.633691e+22 
3.328125e+04 6.333209e-15 1.633388e+22 
3.343750e+04 6.366409e-15 1.635300e+22 
3.359375e+04 6.376615e-15 1.643453e+22 
3.375000e+04 6.375558e-15 1.654133e+22 
3.390625e+04 6.348109e-15 1.672082e+22 
3.406250e+04 6.308170e-15 1.693122e+22 
3.421875e+04 6.238951e-15 1.722739e+22 
3.437500e+04 6.156361e-15 1.756369e+22 
3.453125e+04 6.042585e-15 1.800226e+22 
3.468750e+04 5.915082e-15 1.849553e+22 
3.484375e+04 5.756027e-15 1.911152e+22 
3.500000e+04 5.583626e-15 1.980465e+22 
3.515625e+04 5.381443e-15 2.064511e+22 
3.531250e+04 5.167239e-15 2.159655e+22 
3.546875e+04 4.927735e-15 2.272270e+22 
3.562500e+04 4.678681e-15 2.400930e+22 
3.578125e+04 4.411981e-15 2.549465e+22 
3.593750e+04 4.139553e-15 2.720814e+22 
3.609375e+04 3.860568e-15 2.912214e+22 
3.625000e+04 3.581250e-15 3.134243e+22 
3.640625e+04 3.309842e-15 3.369348e+22 
3.656250e+04 3.045287e-15 3.639749e+22 
3.671875e+04 2.805715e-15 3.899073e+22 
3.687500e+04 2.581821e-15 4.184225e+22 
3.703125e+04 2.399807e-15 4.408322e+22 
3.718750e+04 2.242127e-15 4.623364e+22 
3.734375e+04 2.135808e-15 4.732044e+22 
3.750000e+04 2.057673e-15 4.791941e+22 
3.765625e+04 2.023382e-15 4.786800e+22 
3.781250e+04 2.011784e-15 4.732280e+22 
3.796875e+04 2.019421e-15 4.706977e+22 
3.812500e+04 2.036745e-15 4.660768e+22 
3.828125e+04 2.046582e-15 4.669863e+22 
3.843750e+04 2.054142e-15 4.683051e+22 
3.859375e+04 2.050178e-15 4.709798e+22 
3.875000e+04 2.042475e-15 4.744718e+22 
3.890625e+04 2.036898e-15 4.742459e+22 
3.906250e+04 2.031780e-15 4.739433e+22 
3.921875e+04 2.032720e-15 4.717244e+22 
3.937500e+04 2.034962e-15 4.692455e+22 
3.953125e+04 2.037634e-15 4.702855e+22 
3.968750e+04 2.038106e-15 4.719491e+22 
3.984375e+04 2.036394e-15 4.749212e+22 
4.000000e+04 2.036126e-15 4.774592e+22 
4.015625e+04 2.036394e-15 4.749212e+22 
4.031250e+04 2.038106e-15 4.719491e+22 
4.046875e+04 2.037634e-15 4.702855e+22 
4.062500e+04 2.034962e-15 4.692455e+22 
4.078125e+04 2.032720e-15 4.717244e+22 
4.093750e+04 2.031780e-15 4.739433e+22 
4.109375e+04 2.036898e-15 4.742459e+22 
4.125000e+04 2.042475e-15 4.744718e+22 
4.140625e+04 2.050178e-15 4.709798e+22 
4.156250e+04 2.054142e-15 4.683051e+22 
4.171875e+04 2.046582e-15 4.669863e+22 
4.187500e+04 2.036745e-15 4.660768e+22 
4.203125e+04 2.019421e-15 4.706977e+22 
4.218750e+04 2.011784e-15 4.732280e+22 
4.234375e+04 2.023382e-15 4.786800e+22 
4.250000e+04 2.057673e-15 4.791941e+22 
4.265625e+04 2.135808e-15 4.732044e+22 
4.281250e+04 2.242127e-15 4.623364e+22 
4.296875e+04 2.399807e-15 4.408322e+22 
4.312500e+04 2.581821e-15 4.184225e+22 
4.328125e+04 2.805715e-15 3.899073e+22 
4.343750e+04 3.045287e-15 3.639749e+22 
4.359375e+04 3.309842e-15 3.369348e+22 
4.375000e+04 3.581250e-15 3.134243e+22 
4.390625e+04 3.860568e-15 2.912214e+22 
4.406250e+04 4.139553e-15 2.720814e+22 
4.421875e+04 4.411981e-15 2.549465e+22 
4.437500e+04 4.678681e-15 2.400930e+22 
4.453125e+04 4.927735e-15 2.272270e+22 
4.468750e+04 5.167239e-15 2.159655e+22 
4.484375e+04 5.381443e-15 2.064511e+22 
4.500000e+04 5.583626e-15 1.980465e+22 
4.515625e+04 5.756027e-15 1.911152e+22 
4.531250e+04 5.915082e-15 1.849553e+22 
4.546875e+04 6.042585e-15 1.800226e+22 
4.562500e+04 6.156361e-15 1.756369e+22 
4.578125e+04 6.238951e-15 1.722739e+22 
4.593750e+04 6.308170e-15 1.693122e+22 
4.609375e+04 6.348109e-15 1.672082e+22 
4.625000e+04 6.375558e-15 1.654133e+22 
4.640625e+04 6.376615e-15 1.643453e+22 
4.656250e+04 6.366409e-15 1.635300e+22 
4.671875e+04 6.333209e-15 1.633388e+22 
4.687500e+04 6.290160e-15 1.633691e+22 
4.703125e+04 6.227667e-15 1.639439e+22 
4.718750e+04 6.156810e-15 1.647262e+22 
4.734375e+04 6.069963e-15 1.659932e+22 
4.750000e+04 5.976227e-15 1.674661e+22 
4.765625e+04 5.869710e-15 1.693807e+22 
4.781250e+04 5.757715e-15 1.715093e+22 
4.796875e+04 5.635835e-15 1.740511e+22 
4.812500e+04 5.509796e-15 1.768225e+22 
4.828125e+04 5.376438e-15 1.799919e+22 
4.843750e+04 5.240134e-15 1.834130e+22 
4.859375e+04 5.098764e-15 1.872282e+22 
4.875000e+04 4.955550e-15 1.913231e+22 
4.890625e+04 4.809239e-15 1.958187e+22 
4.906250e+04 4.662077e-15 2.006278e+22 
4.921875e+04 4.513538e-15 2.058529e+22 
4.937500e+04 4.365029e-15 2.114309e+22 
4.953125e+04 4.216641e-15 2.174479e+22 
4.968750e+04 4.069056e-15 2.238626e+22 
4.984375e+04 3.922886e-15 2.307452e+22 
5.000000e+04 3.778182e-15 2.380759e+22 
5.015625e+04 3.635991e-15 2.459074e+22 
5.031250e+04 3.495819e-15 2.542424e+22 
5.046875e+04 3.359066e-15 2.631131e+22 
5.062500e+04 3.224774e-15 2.725474e+22 
5.078125e+04 3.094612e-15 2.825516e+22 
5.093750e+04 2.967244e-15 2.931835e+22 
5.109375e+04 2.844523e-15 3.044166e+22 
5.125000e+04 2.724822e-15 3.163443e+22 
5.140625e+04 2.610095e-15 3.288995e+22 
5.156250e+04 2.498516e-15 3.422179e+22 
5.171875e+04 2.392059e-15 3.561833e+22 
5.187500e+04 2.288791e-15 3.709808e+22 
5.203125e+04 2.190631e-15 3.864373e+22 
5.218750e+04 2.095627e-15 4.027940e+22 
5.234375e+04 2.005584e-15 4.198144e+22 
5.250000e+04 1.918605e-15 4.378014e+22 
5.265625e+04 1.836335e-15 4.564511e+22 
5.281250e+04 1.756992e-15 4.761316e+22 
5.296875e+04 1.682036e-15 4.964703e+22 
5.312500e+04 1.609838e-15 5.179016e+22 
5.328125e+04 1.541663e-15 5.399864e+22 
5.343750e+04 1.476063e-15 5.632239e+22 
5.359375e+04 1.414105e-15 5.871133e+22 
5.375000e+04 1.354530e-15 6.122144e+22 
5.390625e+04 1.298222e-15 6.379715e+22 
5.406250e+04 1.244107e-15 6.649996e+22 
5.421875e+04 1.192903e-15 6.926960e+22 
5.437500e+04 1.143710e-15 7.217240e+22 
5.453125e+04 1.097100e-15 7.514423e+22 
5.468750e+04 1.052329e-15 7.825553e+22 
5.484375e+04 1.009848e-15 8.143906e+22 
5.500000e+04 9.690460e-16 8.476872e+22 
5.515625e+04 9.302761e-16 8.817484e+22 
5.531250e+04 8.930370e-16 9.173417e+22 
5.546875e+04 8.576060e-16 9.537512e+22 
5.562500e+04 8.235709e-16 9.917686e+22 
5.578125e+04 7.911500e-16 1.030662e+23 
5.593750e+04 7.600023e-16 1.071245e+23 
5.609375e+04 7.303018e-16 1.112771e+23 
5.625000e+04 7.017632e-16 1.156074e+23 
5.640625e+04 6.745274e-16 1.200393e+23 
5.656250e+04 6.483527e-16 1.246581e+23 
5.671875e+04 6.233558e-16 1.293864e+23 
5.687500e+04 5.993284e-16 1.343115e+23 
5.703125e+04 5.763699e-16 1.393544e+23 
5.718750e+04 5.542979e-16 1.446045e+23 
5.734375e+04 5.331989e-16 1.499811e+23 
5.750000e+04 5.129110e-16 1.555759e+23 
5.765625e+04 4.935112e-16 1.613061e+23 
5.781250e+04 4.748539e-16 1.672661e+23 
5.796875e+04 4.570090e-16 1.733707e+23 
5.812500e+04 4.398440e-16 1.797174e+23 
5.828125e+04 4.234234e-16 1.862179e+23 
5.843750e+04 4.076256e-16 1.929732e+23 
5.859375e+04 3.925107e-16 1.998920e+23 
5.875000e+04 3.779665e-16 2.070789e+23 
5.890625e+04 3.640493e-16 2.144389e+23 
5.906250e+04 3.506551e-16 2.220808e+23 
5.921875e+04 3.378369e-16 2.299058e+23 
5.937500e+04 3.254982e-16 2.380270e+23 
5.953125e+04 3.136887e-16 2.463413e+23 
5.968750e+04 3.023189e-16 2.549665e+23 
5.984375e+04 2.914354e-16 2.637951e+23 
6.000000e+04 2.809550e-16 2.729499e+23 
6.015625e+04 2.709216e-16 2.823184e+23 
6.031250e+04 2.612579e-16 2.920291e+23 
6.046875e+04 2.520050e-16 3.019638e+23 
6.062500e+04 2.430911e-16 3.122571e+23 
6.078125e+04 2.345547e-16 3.227851e+23 
6.093750e+04 2.263291e-16 3.336885e+23 
6.109375e+04 2.184504e-16 3.448376e+23 
6.125000e+04 2.108568e-16 3.563796e+23 
6.140625e+04 2.035818e-16 3.681783e+23 
6.156250e+04 1.965684e-16 3.803880e+23 
6.171875e+04 1.898476e-16 3.928658e+23 
6.187500e+04 1.833666e-16 4.057734e+23 
6.203125e+04 1.771545e-16 4.189608e+23 
6.218750e+04 1.711624e-16 4.325974e+23 
6.234375e+04 1.654173e-16 4.465259e+23 
6.250000e+04 1.598739e-16 4.609240e+23 
6.265625e+04 1.545574e-16 4.756264e+23 
6.281250e+04 1.494260e-16 4.908194e+23 
6.296875e+04 1.445029e-16 5.063300e+23 
6.312500e+04 1.397498e-16 5.223532e+23 
6.328125e+04 1.351881e-16 5.387075e+23 
6.343750e+04 1.307823e-16 5.555976e+23 
6.359375e+04 1.265524e-16 5.728333e+23 
6.375000e+04 1.224658e-16 5.906286e+23 
6.390625e+04 1.185407e-16 6.087848e+23 
6.406250e+04 1.147473e-16 6.275259e+23 
6.421875e+04 1.111024e-16 6.466439e+23 
6.437500e+04 1.075786e-16 6.663733e+23 
6.453125e+04 1.041914e-16 6.864964e+23 
6.468750e+04 1.009154e-16 7.072587e+23 
6.484375e+04 9.776527e-17 7.284326e+23 
6.500000e+04 9.471752e-17 7.502747e+23 
6.515625e+04 9.178562e-17 7.725473e+23 
6.531250e+04 8.894802e-17 7.955185e+23 
6.546875e+04 8.621721e-17 8.189400e+23 
6.562500e+04 8.357332e-17 8.430919e+23 
6.578125e+04 8.102795e-17 8.677148e+23 
6.593750e+04 7.856276e-17 8.931014e+23 
6.609375e+04 7.618854e-17 9.189804e+23 
6.625000e+04 7.388836e-17 9.456578e+23 
6.640625e+04 7.167229e-17 9.728499e+23 
6.656250e+04 6.952465e-17 1.000876e+24 
6.671875e+04 6.745484e-17 1.029440e+24 
6.687500e+04 6.544837e-17 1.058875e+24 
6.703125e+04 6.351400e-17 1.088871e+24 
6.718750e+04 6.163831e-17 1.119777e+24 
6.734375e+04 5.982949e-17 1.151267e+24 
6.750000e+04 5.807508e-17 1.183706e+24 
6.765625e+04 5.638278e-17 1.216754e+24 
6.781250e+04 5.474100e-17 1.250790e+24 
6.796875e+04 5.315695e-17 1.285458e+24 
6.812500e+04 5.161987e-17 1.321157e+24 
6.828125e+04 5.013649e-17 1.357511e+24 
6.843750e+04 4.869682e-17 1.394936e+24 
6.859375e+04 4.730717e-17 1.433041e+24 
6.875000e+04 4.595823e-17 1.472259e+24 
6.890625e+04 4.465592e-17 1.512179e+24 
6.906250e+04 4.339157e-17 1.553254e+24 
6.921875e+04 4.217072e-17 1.595055e+24 
6.937500e+04 4.098531e-17 1.638052e+24 
6.953125e+04 3.984052e-17 1.681797e+24 
6.968750e+04 3.872885e-17 1.726779e+24 
6.984375e+04 3.765514e-17 1.772531e+24 
7.000000e+04 3.661242e-17 1.819559e+24 
7.015625e+04 3.560523e-17 1.867377e+24 
7.031250e+04 3.462708e-17 1.916508e+24 
7.046875e+04 3.368221e-17 1.966446e+24 
7.062500e+04 3.276461e-17 2.017731e+24 
7.078125e+04 3.187823e-17 2.069837e+24 
7.093750e+04 3.101750e-17 2.123319e+24 
7.109375e+04 3.018609e-17 2.177632e+24 
7.125000e+04 2.937887e-17 2.233342e+24 
7.140625e+04 2.859925e-17 2.289888e+24 
7.156250e+04 2.784246e-17 2.347846e+24 
7.171875e+04 2.711168e-17 2.406636e+24 
7.187500e+04 2.640251e-17 2.466843e+24 
7.203125e+04 2.571791e-17 2.527872e+24 
7.218750e+04 2.505377e-17 2.590311e+24 
7.234375e+04 2.441285e-17 2.653554e+24 
7.250000e+04 2.379136e-17 2.718187e+24 
7.265625e+04 2.319181e-17 2.783599e+24 
7.281250e+04 2.261073e-17 2.850369e+24 
7.296875e+04 2.205038e-17 2.917885e+24 
7.312500e+04 2.150758e-17 2.986713e+24 
7.328125e+04 2.098435e-17 3.056250e+24 
7.343750e+04 2.047780e-17 3.127039e+24 
7.359375e+04 1.998970e-17 3.198496e+24 
7.375000e+04 1.951742e-17 3.271134e+24 
7.390625e+04 1.906249e-17 3.344395e+24 
7.406250e+04 1.862258e-17 3.418757e+24 
7.421875e+04 1.819892e-17 3.493694e+24 
7.437500e+04 1.778946e-17 3.569642e+24 
7.453125e+04 1.739520e-17 3.646110e+24 
7.468750e+04 1.701436e-17 3.723494e+24 
7.484375e+04 1.664770e-17 3.801329e+24 
7.500000e+04 1.629368e-17 3.879977e+24 
7.515625e+04 1.595289e-17 3.958982e+24 
7.531250e+04 1.562400e-17 4.038690e+24 
7.546875e+04 1.530751e-17 4.118615e+24 
7.562500e+04 1.500222e-17 4.199119e+24 
7.578125e+04 1.470864e-17 4.279628e+24 
7.593750e+04 1.442564e-17 4.360568e+24 
7.609375e+04 1.415387e-17 4.441200e+24 
7.625000e+04 1.389218e-17 4.522068e+24 
7.640625e+04 1.364150e-17 4.602189e+24 
7.656250e+04 1.340053e-17 4.682279e+24 
7.671875e+04 1.317061e-17 4.761041e+24 
7.687500e+04 1.295020e-17 4.839414e+24 
7.703125e+04 1.274110e-17 4.915753e+24 
7.718750e+04 1.254147e-17 4.991242e+24 
7.734375e+04 1.235353e-17 5.063931e+24 
7.750000e+04 1.217513e-17 5.135216e+24 
7.765625e+04 1.200878e-17 5.202980e+24 
7.781250e+04 1.185206e-17 5.268737e+24 
7.796875e+04 1.170755e-17 5.330403e+24 
7.812500e+04 1.157274e-17 5.389468e+24 
7.828125e+04 1.145006e-17 5.444075e+24 
7.843750e+04 1.133707e-17 5.495543e+24 
7.859375e+04 1.123597e-17 5.542332e+24 
7.875000e+04 1.114449e-17 5.585519e+24 
7.890625e+04 1.106466e-17 5.623799e+24 
7.906250e+04 1.099440e-17 5.658079e+24 
7.921875e+04 1.093572e-17 5.687083e+24 
7.937500e+04 1.088664e-17 5.711740e+24 
7.953125e+04 1.084928e-17 5.730616e+24 
7.968750e+04 1.082158e-17 5.744868e+24 
7.984375e+04 1.080583e-17 5.752871e+24 
8.000000e+04 1.079980e-17 5.756091e+24 
