0.000000e+00 1.186389e-18 1.000000e+25 
6.250000e+02 1.189823e-18 1.000000e+25 
1.250000e+03 1.197075e-18 1.000000e+25 
1.875000e+03 1.211162e-18 1.000000e+25 
2.500000e+03 1.229002e-18 1.000000e+25 
3.125000e+03 1.253594e-18 1.000000e+25 
3.750000e+03 1.281830e-18 1.000000e+25 
4.375000e+03 1.316729e-18 1.000000e+25 
5.000000e+03 1.355159e-18 1.000000e+25 
5.625000e+03 1.400224e-18 1.000000e+25 
6.250000e+03 1.448746e-18 1.000000e+25 
6.875000e+03 1.504019e-18 1.000000e+25 
7.500000e+03 1.562761e-18 1.000000e+25 
8.125000e+03 1.628609e-18 1.000000e+25 
8.750000e+03 1.698066e-18 1.000000e+25 
9.375000e+03 1.775219e-18 1.000000e+25 
1.000000e+04 1.856233e-18 1.000000e+25 
1.062500e+04 1.945520e-18 1.000000e+25 
1.125000e+04 2.038950e-18 1.000000e+25 
1.187500e+04 2.141162e-18 1.000000e+25 
1.250000e+04 2.247934e-18 1.000000e+25 
1.312500e+04 2.364186e-18 1.000000e+25 
1.375000e+04 2.485715e-18 1.000000e+25 
1.437500e+04 2.619068e-18 1.000000e+25 
1.500000e+04 2.759350e-18 1.000000e+25 
1.562500e+04 2.912775e-18 1.000000e+25 
1.625000e+04 3.073764e-18 1.000000e+25 
1.687500e+04 3.249918e-18 1.000000e+25 
1.750000e+04 3.436322e-18 1.000000e+25 
1.812500e+04 3.640466e-18 1.000000e+25 
1.875000e+04 3.856944e-18 1.000000e+25 
1.937500e+04 4.089644e-18 1.000000e+25 
2.000000e+04 4.335344e-18 1.000000e+25 
2.062500e+04 4.587062e-18 1.000000e+25 
2.125000e+04 4.850668e-18 1.000000e+25 
2.187500e+04 5.181550e-18 1.000000e+25 
2.250000e+04 5.554711e-18 1.000000e+25 
2.312500e+04 5.921793e-18 1.000000e+25 
2.375000e+04 6.233550e-18 1.000000e+25 
2.437500e+04 6.679490e-18 1.000000e+25 
2.500000e+04 7.569611e-18 9.366332e+24 
2.562500e+04 9.045714e-18 8.271289e+24 
2.625000e+04 1.025837e-17 7.673715e+24 
2.687500e+04 1.261173e-17 6.692005e+24 
2.750000e+04 1.495491e-17 5.966634e+24 
2.812500e+04 3.907091e-17 2.437788e+24 
2.875000e+04 5.702451e-17 1.665245e+24 
2.937500e+04 2.448694e-16 3.949895e+23 
3.000000e+04 4.988996e-16 1.937353e+23 
3.062500e+04 1.644812e-15 5.980883e+22 
3.125000e+04 3.819623e-15 2.679956e+22 
3.187500e+04 9.198723e-15 1.113792e+22 
3.250000e+04 1.641676e-14 6.265759e+21 
3.312500e+04 2.043734e-14 5.114160e+21 
3.375000e+04 1.860839e-14 5.632307e+21 
3.437500e+04 1.072966e-14 1.000885e+22 
3.500000e+04 4.009050e-15 2.735675e+22 
3.562500e+04 1.621349e-15 6.518606e+22 
3.625000e+04 3.965877e-16 2.623753e+23 
3.687500e+04 1.964179e-16 5.529716e+23 
3.750000e+04 2.306729e-17 4.460458e+24 
3.812500e+04 1.128616e-16 8.751788e+23 
3.875000e+04 1.944644e-16 4.851478e+23 
3.937500e+04 1.950909e-16 5.332866e+23 
4.000000e+04 1.673674e-16 6.849230e+23 
4.062500e+04 1.950909e-16 5.332866e+23 
4.125000e+04 1.944644e-16 4.851478e+23 
4.187500e+04 1.128616e-16 8.751788e+23 
4.250000e+04 2.306729e-17 4.460458e+24 
4.312500e+04 1.964179e-16 5.529716e+23 
4.375000e+04 3.965877e-16 2.623753e+23 
4.437500e+04 1.621349e-15 6.518606e+22 
4.500000e+04 4.009050e-15 2.735675e+22 
4.562500e+04 1.072966e-14 1.000885e+22 
4.625000e+04 1.860839e-14 5.632307e+21 
4.687500e+04 2.043734e-14 5.114160e+21 
4.750000e+04 1.641676e-14 6.265759e+21 
4.812500e+04 9.198723e-15 1.113792e+22 
4.875000e+04 3.819623e-15 2.679956e+22 
4.937500e+04 1.644812e-15 5.980883e+22 
5.000000e+04 4.988996e-16 1.937353e+23 
5.062500e+04 2.448694e-16 3.949895e+23 
5.125000e+04 5.702451e-17 1.665245e+24 
5.187500e+04 3.907091e-17 2.437788e+24 
5.250000e+04 1.495491e-17 5.966634e+24 
5.312500e+04 1.261173e-17 6.692005e+24 
5.375000e+04 1.025837e-17 7.673715e+24 
5.437500e+04 9.045714e-18 8.271289e+24 
5.500000e+04 7.569611e-18 9.366332e+24 
5.562500e+04 6.679490e-18 1.000000e+25 
5.625000e+04 6.233550e-18 1.000000e+25 
5.687500e+04 5.921793e-18 1.000000e+25 
5.750000e+04 5.554711e-18 1.000000e+25 
5.812500e+04 5.181550e-18 1.000000e+25 
5.875000e+04 4.850668e-18 1.000000e+25 
5.937500e+04 4.587062e-18 1.000000e+25 
6.000000e+04 4.335344e-18 1.000000e+25 
6.062500e+04 4.089644e-18 1.000000e+25 
6.125000e+04 3.856944e-18 1.000000e+25 
6.187500e+04 3.640466e-18 1.000000e+25 
6.250000e+04 3.436322e-18 1.000000e+25 
6.312500e+04 3.249918e-18 1.000000e+25 
6.375000e+04 3.073764e-18 1.000000e+25 
6.437500e+04 2.912775e-18 1.000000e+25 
6.500000e+04 2.759350e-18 1.000000e+25 
6.562500e+04 2.619068e-18 1.000000e+25 
6.625000e+04 2.485715e-18 1.000000e+25 
6.687500e+04 2.364186e-18 1.000000e+25 
6.750000e+04 2.247934e-18 1.000000e+25 
6.812500e+04 2.141162e-18 1.000000e+25 
6.875000e+04 2.038950e-18 1.000000e+25 
6.937500e+04 1.945520e-18 1.000000e+25 
7.000000e+04 1.856233e-18 1.000000e+25 
7.062500e+04 1.775219e-18 1.000000e+25 
7.125000e+04 1.698066e-18 1.000000e+25 
7.187500e+04 1.628609e-18 1.000000e+25 
7.250000e+04 1.562761e-18 1.000000e+25 
7.312500e+04 1.504019e-18 1.000000e+25 
7.375000e+04 1.448746e-18 1.000000e+25 
7.437500e+04 1.400224e-18 1.000000e+25 
7.500000e+04 1.355159e-18 1.000000e+25 
7.562500e+04 1.316729e-18 1.000000e+25 
7.625000e+04 1.281830e-18 1.000000e+25 
7.687500e+04 1.253594e-18 1.000000e+25 
7.750000e+04 1.229002e-18 1.000000e+25 
7.812500e+04 1.211162e-18 1.000000e+25 
7.875000e+04 1.197075e-18 1.000000e+25 
7.937500e+04 1.189823e-18 1.000000e+25 
8.000000e+04 1.186389e-18 1.000000e+25 
