0.000000e+00 1.180769e-19 1.000000e+25 
4.166667e+02 1.182057e-19 1.000000e+25 
8.333333e+02 1.185313e-19 1.000000e+25 
1.250000e+03 1.191156e-19 1.000000e+25 
1.666667e+03 1.198968e-19 1.000000e+25 
2.083333e+03 1.209399e-19 1.000000e+25 
2.500000e+03 1.221808e-19 1.000000e+25 
2.916667e+03 1.236907e-19 1.000000e+25 
3.333333e+03 1.254004e-19 1.000000e+25 
3.750000e+03 1.273921e-19 1.000000e+25 
4.166667e+03 1.295874e-19 1.000000e+25 
4.583333e+03 1.320845e-19 1.000000e+25 
5.000000e+03 1.347914e-19 1.000000e+25 
5.416667e+03 1.378257e-19 1.000000e+25 
5.833333e+03 1.410770e-19 1.000000e+25 
6.250000e+03 1.446826e-19 1.000000e+25 
6.666667e+03 1.485158e-19 1.000000e+25 
7.083333e+03 1.527439e-19 1.000000e+25 
7.500000e+03 1.572109e-19 1.000000e+25 
7.916667e+03 1.620720e-19 1.000000e+25 
8.333333e+03 1.671744e-19 1.000000e+25 
8.750000e+03 1.728433e-19 1.000000e+25 
9.166667e+03 1.787434e-19 1.000000e+25 
9.583333e+03 1.851412e-19 1.000000e+25 
1.000000e+04 1.914044e-19 1.000000e+25 
1.041667e+04 1.945025e-19 1.000000e+25 
1.083333e+04 1.998404e-19 1.000000e+25 
1.125000e+04 2.287767e-19 1.000000e+25 
1.166667e+04 2.745526e-19 1.000000e+25 
1.208333e+04 3.344443e-19 1.000000e+25 
1.250000e+04 3.994177e-19 1.000000e+25 
1.291667e+04 4.791936e-19 1.000000e+25 
1.333333e+04 5.705747e-19 8.763181e+24 
1.375000e+04 6.857162e-19 7.292049e+24 
1.416667e+04 8.169942e-19 6.120094e+24 
1.458333e+04 9.826448e-19 5.088629e+24 
1.500000e+04 1.171312e-18 4.268812e+24 
1.541667e+04 1.409817e-18 3.546817e+24 
1.583333e+04 1.681884e-18 2.972956e+24 
1.625000e+04 2.027487e-18 2.466326e+24 
1.666667e+04 2.422388e-18 2.064181e+24 
1.708333e+04 2.926205e-18 1.708887e+24 
1.750000e+04 3.502942e-18 1.427474e+24 
1.791667e+04 4.241649e-18 1.178953e+24 
1.833333e+04 5.089008e-18 9.826123e+23 
1.875000e+04 6.178374e-18 8.094232e+23 
1.916667e+04 7.430583e-18 6.729970e+23 
1.958333e+04 9.045934e-18 5.528700e+23 
2.000000e+04 1.090649e-17 4.585443e+23 
2.041667e+04 1.331422e-17 3.756636e+23 
2.083333e+04 1.609267e-17 3.108018e+23 
2.125000e+04 1.969874e-17 2.539413e+23 
2.166667e+04 2.386718e-17 2.095936e+23 
2.208333e+04 2.929124e-17 1.708119e+23 
2.250000e+04 3.557064e-17 1.406659e+23 
2.291667e+04 4.375727e-17 1.143751e+23 
2.333333e+04 5.324664e-17 9.400293e+22 
2.375000e+04 6.562940e-17 7.629095e+22 
2.416667e+04 7.999582e-17 6.260338e+22 
2.458333e+04 9.873570e-17 5.074385e+22 
2.500000e+04 1.204884e-16 4.159776e+22 
2.541667e+04 1.488242e-16 3.369894e+22 
2.583333e+04 1.817106e-16 2.761620e+22 
2.625000e+04 2.245145e-16 2.237163e+22 
2.666667e+04 2.741349e-16 1.833908e+22 
2.708333e+04 3.389084e-16 1.485401e+22 
2.750000e+04 4.138140e-16 1.218262e+22 
2.791667e+04 5.124272e-16 9.857868e+21 
2.833333e+04 6.260141e-16 8.086960e+21 
2.875000e+04 7.765573e-16 6.538827e+21 
2.916667e+04 9.486217e-16 5.370755e+21 
2.958333e+04 1.174165e-15 4.358376e+21 
3.000000e+04 1.427943e-15 3.601510e+21 
3.041667e+04 1.748793e-15 2.959103e+21 
3.083333e+04 2.101263e-15 2.479504e+21 
3.125000e+04 2.523213e-15 2.081581e+21 
3.166667e+04 2.973647e-15 1.781424e+21 
3.208333e+04 3.477286e-15 1.537888e+21 
3.250000e+04 3.997838e-15 1.350666e+21 
3.291667e+04 4.528875e-15 1.204018e+21 
3.333333e+04 5.055677e-15 1.088977e+21 
3.375000e+04 5.516599e-15 1.006353e+21 
3.416667e+04 5.943612e-15 9.412299e+20 
3.458333e+04 6.187272e-15 9.081113e+20 
3.500000e+04 6.358350e-15 8.863599e+20 
3.541667e+04 6.208701e-15 9.053209e+20 
3.583333e+04 5.957565e-15 9.392693e+20 
3.625000e+04 5.305561e-15 1.042400e+21 
3.666667e+04 4.547613e-15 1.199471e+21 
3.708333e+04 3.629954e-15 1.477488e+21 
3.750000e+04 2.735058e-15 1.928100e+21 
3.791667e+04 2.284174e-15 2.289140e+21 
3.833333e+04 2.007324e-15 2.590878e+21 
3.875000e+04 1.936899e-15 2.681422e+21 
3.916667e+04 1.879931e-15 2.759653e+21 
3.958333e+04 1.868337e-15 2.776148e+21 
4.000000e+04 1.859527e-15 2.788851e+21 
4.041667e+04 1.868337e-15 2.776148e+21 
4.083333e+04 1.879931e-15 2.759653e+21 
4.125000e+04 1.936899e-15 2.681422e+21 
4.166667e+04 2.007324e-15 2.590878e+21 
4.208333e+04 2.284174e-15 2.289140e+21 
4.250000e+04 2.735058e-15 1.928100e+21 
4.291667e+04 3.629954e-15 1.477488e+21 
4.333333e+04 4.547613e-15 1.199471e+21 
4.375000e+04 5.305561e-15 1.042400e+21 
4.416667e+04 5.957565e-15 9.392693e+20 
4.458333e+04 6.208701e-15 9.053209e+20 
4.500000e+04 6.358350e-15 8.863599e+20 
4.541667e+04 6.187272e-15 9.081113e+20 
4.583333e+04 5.943612e-15 9.412299e+20 
4.625000e+04 5.516599e-15 1.006353e+21 
4.666667e+04 5.055677e-15 1.088977e+21 
4.708333e+04 4.528875e-15 1.204018e+21 
4.750000e+04 3.997838e-15 1.350666e+21 
4.791667e+04 3.477286e-15 1.537888e+21 
4.833333e+04 2.973647e-15 1.781424e+21 
4.875000e+04 2.523213e-15 2.081581e+21 
4.916667e+04 2.101263e-15 2.479504e+21 
4.958333e+04 1.748793e-15 2.959103e+21 
5.000000e+04 1.427943e-15 3.601510e+21 
5.041667e+04 1.174165e-15 4.358376e+21 
5.083333e+04 9.486217e-16 5.370755e+21 
5.125000e+04 7.765573e-16 6.538827e+21 
5.166667e+04 6.260141e-16 8.086960e+21 
5.208333e+04 5.124272e-16 9.857868e+21 
5.250000e+04 4.138140e-16 1.218262e+22 
5.291667e+04 3.389084e-16 1.485401e+22 
5.333333e+04 2.741349e-16 1.833908e+22 
5.375000e+04 2.245145e-16 2.237163e+22 
5.416667e+04 1.817106e-16 2.761620e+22 
5.458333e+04 1.488242e-16 3.369894e+22 
5.500000e+04 1.204884e-16 4.159776e+22 
5.541667e+04 9.873570e-17 5.074385e+22 
5.583333e+04 7.999582e-17 6.260338e+22 
5.625000e+04 6.562940e-17 7.629095e+22 
5.666667e+04 5.324664e-17 9.400293e+22 
5.708333e+04 4.375727e-17 1.143751e+23 
5.750000e+04 3.557064e-17 1.406659e+23 
5.791667e+04 2.929124e-17 1.708119e+23 
5.833333e+04 2.386718e-17 2.095936e+23 
5.875000e+04 1.969874e-17 2.539413e+23 
5.916667e+04 1.609267e-17 3.108018e+23 
5.958333e+04 1.331422e-17 3.756636e+23 
6.000000e+04 1.090649e-17 4.585443e+23 
6.041667e+04 9.045934e-18 5.528700e+23 
6.083333e+04 7.430583e-18 6.729970e+23 
6.125000e+04 6.178374e-18 8.094232e+23 
6.166667e+04 5.089008e-18 9.826123e+23 
6.208333e+04 4.241649e-18 1.178953e+24 
6.250000e+04 3.502942e-18 1.427474e+24 
6.291667e+04 2.926205e-18 1.708887e+24 
6.333333e+04 2.422388e-18 2.064181e+24 
6.375000e+04 2.027487e-18 2.466326e+24 
6.416667e+04 1.681884e-18 2.972956e+24 
6.458333e+04 1.409817e-18 3.546817e+24 
6.500000e+04 1.171312e-18 4.268812e+24 
6.541667e+04 9.826448e-19 5.088629e+24 
6.583333e+04 8.169942e-19 6.120094e+24 
6.625000e+04 6.857162e-19 7.292049e+24 
6.666667e+04 5.705747e-19 8.763181e+24 
6.708333e+04 4.791936e-19 1.000000e+25 
6.750000e+04 3.994177e-19 1.000000e+25 
6.791667e+04 3.344443e-19 1.000000e+25 
6.833333e+04 2.745526e-19 1.000000e+25 
6.875000e+04 2.287767e-19 1.000000e+25 
6.916667e+04 1.998404e-19 1.000000e+25 
6.958333e+04 1.945025e-19 1.000000e+25 
7.000000e+04 1.914044e-19 1.000000e+25 
7.041667e+04 1.851412e-19 1.000000e+25 
7.083333e+04 1.787434e-19 1.000000e+25 
7.125000e+04 1.728433e-19 1.000000e+25 
7.166667e+04 1.671744e-19 1.000000e+25 
7.208333e+04 1.620720e-19 1.000000e+25 
7.250000e+04 1.572109e-19 1.000000e+25 
7.291667e+04 1.527439e-19 1.000000e+25 
7.333333e+04 1.485158e-19 1.000000e+25 
7.375000e+04 1.446826e-19 1.000000e+25 
7.416667e+04 1.410770e-19 1.000000e+25 
7.458333e+04 1.378257e-19 1.000000e+25 
7.500000e+04 1.347914e-19 1.000000e+25 
7.541667e+04 1.320845e-19 1.000000e+25 
7.583333e+04 1.295874e-19 1.000000e+25 
7.625000e+04 1.273921e-19 1.000000e+25 
7.666667e+04 1.254004e-19 1.000000e+25 
7.708333e+04 1.236907e-19 1.000000e+25 
7.750000e+04 1.221808e-19 1.000000e+25 
7.791667e+04 1.209399e-19 1.000000e+25 
7.833333e+04 1.198968e-19 1.000000e+25 
7.875000e+04 1.191156e-19 1.000000e+25 
7.916667e+04 1.185313e-19 1.000000e+25 
7.958333e+04 1.182057e-19 1.000000e+25 
8.000000e+04 1.180769e-19 1.000000e+25 
