0.000000e+00 8.651816e-19 1.000000e+25 
2.500000e+02 8.657275e-19 1.000000e+25 
5.000000e+02 8.667374e-19 1.000000e+25 
7.500000e+02 8.688401e-19 1.000000e+25 
1.000000e+03 8.714056e-19 1.000000e+25 
1.250000e+03 8.750669e-19 1.000000e+25 
1.500000e+03 8.791886e-19 1.000000e+25 
1.750000e+03 8.844100e-19 1.000000e+25 
2.000000e+03 8.900886e-19 1.000000e+25 
2.250000e+03 8.968709e-19 1.000000e+25 
2.500000e+03 9.041058e-19 1.000000e+25 
2.750000e+03 9.124475e-19 1.000000e+25 
3.000000e+03 9.212357e-19 1.000000e+25 
3.250000e+03 9.311308e-19 1.000000e+25 
3.500000e+03 9.414651e-19 1.000000e+25 
3.750000e+03 9.529010e-19 1.000000e+25 
4.000000e+03 9.647669e-19 1.000000e+25 
4.250000e+03 9.777216e-19 1.000000e+25 
4.500000e+03 9.910949e-19 1.000000e+25 
4.750000e+03 1.005534e-18 1.000000e+25 
5.000000e+03 1.020377e-18 1.000000e+25 
5.250000e+03 1.036251e-18 1.000000e+25 
5.500000e+03 1.052513e-18 1.000000e+25 
5.750000e+03 1.069755e-18 1.000000e+25 
6.000000e+03 1.087367e-18 1.000000e+25 
6.250000e+03 1.105898e-18 1.000000e+25 
6.500000e+03 1.124780e-18 1.000000e+25 
6.750000e+03 1.144506e-18 1.000000e+25 
7.000000e+03 1.164566e-18 1.000000e+25 
7.250000e+03 1.185392e-18 1.000000e+25 
7.500000e+03 1.206537e-18 1.000000e+25 
7.750000e+03 1.228368e-18 1.000000e+25 
8.000000e+03 1.250511e-18 1.000000e+25 
8.250000e+03 1.273270e-18 1.000000e+25 
8.500000e+03 1.296343e-18 1.000000e+25 
8.750000e+03 1.319979e-18 1.000000e+25 
9.000000e+03 1.343943e-18 1.000000e+25 
9.250000e+03 1.368446e-18 1.000000e+25 
9.500000e+03 1.393307e-18 1.000000e+25 
9.750000e+03 1.418719e-18 1.000000e+25 
1.000000e+04 1.444537e-18 1.000000e+25 
1.025000e+04 1.470962e-18 1.000000e+25 
1.050000e+04 1.497859e-18 1.000000e+25 
1.075000e+04 1.525471e-18 1.000000e+25 
1.100000e+04 1.553643e-18 1.000000e+25 
1.125000e+04 1.582687e-18 1.000000e+25 
1.150000e+04 1.612401e-18 1.000000e+25 
1.175000e+04 1.643190e-18 1.000000e+25 
1.200000e+04 1.674775e-18 1.000000e+25 
1.225000e+04 1.707688e-18 1.000000e+25 
1.250000e+04 1.741544e-18 1.000000e+25 
1.275000e+04 1.777063e-18 1.000000e+25 
1.300000e+04 1.813714e-18 1.000000e+25 
1.325000e+04 1.852433e-18 1.000000e+25 
1.350000e+04 1.892496e-18 1.000000e+25 
1.375000e+04 1.934954e-18 1.000000e+25 
1.400000e+04 1.978884e-18 1.000000e+25 
1.425000e+04 2.025521e-18 1.000000e+25 
1.450000e+04 2.073787e-18 1.000000e+25 
1.475000e+04 2.125647e-18 1.000000e+25 
1.500000e+04 2.179744e-18 1.000000e+25 
1.525000e+04 2.238099e-18 1.000000e+25 
1.550000e+04 2.298805e-18 1.000000e+25 
1.575000e+04 2.362745e-18 1.000000e+25 
1.600000e+04 2.428086e-18 1.000000e+25 
1.625000e+04 2.497697e-18 1.000000e+25 
1.650000e+04 2.571482e-18 1.000000e+25 
1.675000e+04 2.646662e-18 1.000000e+25 
1.700000e+04 2.700921e-18 1.000000e+25 
1.725000e+04 2.756676e-18 1.000000e+25 
1.750000e+04 2.869106e-18 1.000000e+25 
1.775000e+04 3.271196e-18 1.000000e+25 
1.800000e+04 3.819448e-18 1.000000e+25 
1.825000e+04 4.528613e-18 1.000000e+25 
1.850000e+04 5.287705e-18 1.000000e+25 
1.875000e+04 6.154587e-18 8.976781e+24 
1.900000e+04 7.111660e-18 7.811111e+24 
1.925000e+04 8.252362e-18 6.769291e+24 
1.950000e+04 9.506902e-18 5.908718e+24 
1.975000e+04 1.099884e-17 5.136497e+24 
2.000000e+04 1.264095e-17 4.494577e+24 
2.025000e+04 1.459281e-17 3.915447e+24 
2.050000e+04 1.674090e-17 3.432158e+24 
2.075000e+04 1.929427e-17 2.994256e+24 
2.100000e+04 2.210255e-17 2.627975e+24 
2.125000e+04 2.544136e-17 2.295254e+24 
2.150000e+04 2.911203e-17 2.016427e+24 
2.175000e+04 3.347689e-17 1.762570e+24 
2.200000e+04 3.827267e-17 1.549590e+24 
2.225000e+04 4.397463e-17 1.355349e+24 
2.250000e+04 5.023588e-17 1.192246e+24 
2.275000e+04 5.768122e-17 1.043278e+24 
2.300000e+04 6.585155e-17 9.181283e+23 
2.325000e+04 7.556966e-17 8.036811e+23 
2.350000e+04 8.622585e-17 7.075167e+23 
2.375000e+04 9.890604e-17 6.194758e+23 
2.400000e+04 1.127974e-16 5.455111e+23 
2.425000e+04 1.293365e-16 4.777271e+23 
2.450000e+04 1.474347e-16 4.208072e+23 
2.475000e+04 1.689951e-16 3.686045e+23 
2.500000e+04 1.925545e-16 3.248012e+23 
2.525000e+04 2.206293e-16 2.846138e+23 
2.550000e+04 2.512526e-16 2.509237e+23 
2.575000e+04 2.877307e-16 2.200211e+23 
2.600000e+04 3.274320e-16 1.941394e+23 
2.625000e+04 3.746471e-16 1.704201e+23 
2.650000e+04 4.258934e-16 1.505695e+23 
2.675000e+04 4.866391e-16 1.324050e+23 
2.700000e+04 5.523523e-16 1.172072e+23 
2.725000e+04 6.298427e-16 1.033267e+23 
2.750000e+04 7.133421e-16 9.170774e+22 
2.775000e+04 8.111064e-16 8.111709e+22 
2.800000e+04 9.159775e-16 7.223956e+22 
2.825000e+04 1.037674e-15 6.416271e+22 
2.850000e+04 1.167552e-15 5.737637e+22 
2.875000e+04 1.316682e-15 5.121278e+22 
2.900000e+04 1.474923e-15 4.601718e+22 
2.925000e+04 1.654389e-15 4.130781e+22 
2.950000e+04 1.843575e-15 3.732237e+22 
2.975000e+04 2.055008e-15 3.372112e+22 
3.000000e+04 2.276185e-15 3.065999e+22 
3.025000e+04 2.518913e-15 2.790920e+22 
3.050000e+04 2.770474e-15 2.556025e+22 
3.075000e+04 3.040077e-15 2.347026e+22 
3.100000e+04 3.316226e-15 2.167793e+22 
3.125000e+04 3.602741e-15 2.011080e+22 
3.150000e+04 3.891693e-15 1.876282e+22 
3.175000e+04 4.177823e-15 1.762042e+22 
3.200000e+04 4.460169e-15 1.663856e+22 
3.225000e+04 4.720237e-15 1.585480e+22 
3.250000e+04 4.968312e-15 1.518942e+22 
3.275000e+04 5.169080e-15 1.472646e+22 
3.300000e+04 5.348528e-15 1.435503e+22 
3.325000e+04 5.453238e-15 1.420343e+22 
3.350000e+04 5.528026e-15 1.413352e+22 
3.375000e+04 5.504699e-15 1.431642e+22 
3.400000e+04 5.446331e-15 1.459405e+22 
3.425000e+04 5.280088e-15 1.517445e+22 
3.450000e+04 5.080204e-15 1.589707e+22 
3.475000e+04 4.786831e-15 1.698010e+22 
3.500000e+04 4.469771e-15 1.830100e+22 
3.525000e+04 4.103690e-15 1.999688e+22 
3.550000e+04 3.731668e-15 2.206003e+22 
3.575000e+04 3.380019e-15 2.429372e+22 
3.600000e+04 3.044356e-15 2.690394e+22 
3.625000e+04 2.798941e-15 2.902158e+22 
3.650000e+04 2.588021e-15 3.112528e+22 
3.675000e+04 2.481769e-15 3.224101e+22 
3.700000e+04 2.408430e-15 3.299916e+22 
3.725000e+04 2.385559e-15 3.329907e+22 
3.750000e+04 2.373258e-15 3.345515e+22 
3.775000e+04 2.365472e-15 3.363250e+22 
3.800000e+04 2.352921e-15 3.387945e+22 
3.825000e+04 2.338290e-15 3.414130e+22 
3.850000e+04 2.322340e-15 3.442597e+22 
3.875000e+04 2.306152e-15 3.471775e+22 
3.900000e+04 2.290301e-15 3.500851e+22 
3.925000e+04 2.279351e-15 3.519629e+22 
3.950000e+04 2.270291e-15 3.535640e+22 
3.975000e+04 2.264839e-15 3.545090e+22 
4.000000e+04 2.261170e-15 3.551782e+22 
4.025000e+04 2.264839e-15 3.545090e+22 
4.050000e+04 2.270291e-15 3.535640e+22 
4.075000e+04 2.279351e-15 3.519629e+22 
4.100000e+04 2.290301e-15 3.500851e+22 
4.125000e+04 2.306152e-15 3.471775e+22 
4.150000e+04 2.322340e-15 3.442597e+22 
4.175000e+04 2.338290e-15 3.414130e+22 
4.200000e+04 2.352921e-15 3.387945e+22 
4.225000e+04 2.365472e-15 3.363250e+22 
4.250000e+04 2.373258e-15 3.345515e+22 
4.275000e+04 2.385559e-15 3.329907e+22 
4.300000e+04 2.408430e-15 3.299916e+22 
4.325000e+04 2.481769e-15 3.224101e+22 
4.350000e+04 2.588021e-15 3.112528e+22 
4.375000e+04 2.798941e-15 2.902158e+22 
4.400000e+04 3.044356e-15 2.690394e+22 
4.425000e+04 3.380019e-15 2.429372e+22 
4.450000e+04 3.731668e-15 2.206003e+22 
4.475000e+04 4.103690e-15 1.999688e+22 
4.500000e+04 4.469771e-15 1.830100e+22 
4.525000e+04 4.786831e-15 1.698010e+22 
4.550000e+04 5.080204e-15 1.589707e+22 
4.575000e+04 5.280088e-15 1.517445e+22 
4.600000e+04 5.446331e-15 1.459405e+22 
4.625000e+04 5.504699e-15 1.431642e+22 
4.650000e+04 5.528026e-15 1.413352e+22 
4.675000e+04 5.453238e-15 1.420343e+22 
4.700000e+04 5.348528e-15 1.435503e+22 
4.725000e+04 5.169080e-15 1.472646e+22 
4.750000e+04 4.968312e-15 1.518942e+22 
4.775000e+04 4.720237e-15 1.585480e+22 
4.800000e+04 4.460169e-15 1.663856e+22 
4.825000e+04 4.177823e-15 1.762042e+22 
4.850000e+04 3.891693e-15 1.876282e+22 
4.875000e+04 3.602741e-15 2.011080e+22 
4.900000e+04 3.316226e-15 2.167793e+22 
4.925000e+04 3.040077e-15 2.347026e+22 
4.950000e+04 2.770474e-15 2.556025e+22 
4.975000e+04 2.518913e-15 2.790920e+22 
5.000000e+04 2.276185e-15 3.065999e+22 
5.025000e+04 2.055008e-15 3.372112e+22 
5.050000e+04 1.843575e-15 3.732237e+22 
5.075000e+04 1.654389e-15 4.130781e+22 
5.100000e+04 1.474923e-15 4.601718e+22 
5.125000e+04 1.316682e-15 5.121278e+22 
5.150000e+04 1.167552e-15 5.737637e+22 
5.175000e+04 1.037674e-15 6.416271e+22 
5.200000e+04 9.159775e-16 7.223956e+22 
5.225000e+04 8.111064e-16 8.111709e+22 
5.250000e+04 7.133421e-16 9.170774e+22 
5.275000e+04 6.298427e-16 1.033267e+23 
5.300000e+04 5.523523e-16 1.172072e+23 
5.325000e+04 4.866391e-16 1.324050e+23 
5.350000e+04 4.258934e-16 1.505695e+23 
5.375000e+04 3.746471e-16 1.704201e+23 
5.400000e+04 3.274320e-16 1.941394e+23 
5.425000e+04 2.877307e-16 2.200211e+23 
5.450000e+04 2.512526e-16 2.509237e+23 
5.475000e+04 2.206293e-16 2.846138e+23 
5.500000e+04 1.925545e-16 3.248012e+23 
5.525000e+04 1.689951e-16 3.686045e+23 
5.550000e+04 1.474347e-16 4.208072e+23 
5.575000e+04 1.293365e-16 4.777271e+23 
5.600000e+04 1.127974e-16 5.455111e+23 
5.625000e+04 9.890604e-17 6.194758e+23 
5.650000e+04 8.622585e-17 7.075167e+23 
5.675000e+04 7.556966e-17 8.036811e+23 
5.700000e+04 6.585155e-17 9.181283e+23 
5.725000e+04 5.768122e-17 1.043278e+24 
5.750000e+04 5.023588e-17 1.192246e+24 
5.775000e+04 4.397463e-17 1.355349e+24 
5.800000e+04 3.827267e-17 1.549590e+24 
5.825000e+04 3.347689e-17 1.762570e+24 
5.850000e+04 2.911203e-17 2.016427e+24 
5.875000e+04 2.544136e-17 2.295254e+24 
5.900000e+04 2.210255e-17 2.627975e+24 
5.925000e+04 1.929427e-17 2.994256e+24 
5.950000e+04 1.674090e-17 3.432158e+24 
5.975000e+04 1.459281e-17 3.915447e+24 
6.000000e+04 1.264095e-17 4.494577e+24 
6.025000e+04 1.099884e-17 5.136497e+24 
6.050000e+04 9.506902e-18 5.908718e+24 
6.075000e+04 8.252362e-18 6.769291e+24 
6.100000e+04 7.111660e-18 7.811111e+24 
6.125000e+04 6.154587e-18 8.976781e+24 
6.150000e+04 5.287705e-18 1.000000e+25 
6.175000e+04 4.528613e-18 1.000000e+25 
6.200000e+04 3.819448e-18 1.000000e+25 
6.225000e+04 3.271196e-18 1.000000e+25 
6.250000e+04 2.869106e-18 1.000000e+25 
6.275000e+04 2.756676e-18 1.000000e+25 
6.300000e+04 2.700921e-18 1.000000e+25 
6.325000e+04 2.646662e-18 1.000000e+25 
6.350000e+04 2.571482e-18 1.000000e+25 
6.375000e+04 2.497697e-18 1.000000e+25 
6.400000e+04 2.428086e-18 1.000000e+25 
6.425000e+04 2.362745e-18 1.000000e+25 
6.450000e+04 2.298805e-18 1.000000e+25 
6.475000e+04 2.238099e-18 1.000000e+25 
6.500000e+04 2.179744e-18 1.000000e+25 
6.525000e+04 2.125647e-18 1.000000e+25 
6.550000e+04 2.073787e-18 1.000000e+25 
6.575000e+04 2.025521e-18 1.000000e+25 
6.600000e+04 1.978884e-18 1.000000e+25 
6.625000e+04 1.934954e-18 1.000000e+25 
6.650000e+04 1.892496e-18 1.000000e+25 
6.675000e+04 1.852433e-18 1.000000e+25 
6.700000e+04 1.813714e-18 1.000000e+25 
6.725000e+04 1.777063e-18 1.000000e+25 
6.750000e+04 1.741544e-18 1.000000e+25 
6.775000e+04 1.707688e-18 1.000000e+25 
6.800000e+04 1.674775e-18 1.000000e+25 
6.825000e+04 1.643190e-18 1.000000e+25 
6.850000e+04 1.612401e-18 1.000000e+25 
6.875000e+04 1.582687e-18 1.000000e+25 
6.900000e+04 1.553643e-18 1.000000e+25 
6.925000e+04 1.525471e-18 1.000000e+25 
6.950000e+04 1.497859e-18 1.000000e+25 
6.975000e+04 1.470962e-18 1.000000e+25 
7.000000e+04 1.444537e-18 1.000000e+25 
7.025000e+04 1.418719e-18 1.000000e+25 
7.050000e+04 1.393307e-18 1.000000e+25 
7.075000e+04 1.368446e-18 1.000000e+25 
7.100000e+04 1.343943e-18 1.000000e+25 
7.125000e+04 1.319979e-18 1.000000e+25 
7.150000e+04 1.296343e-18 1.000000e+25 
7.175000e+04 1.273270e-18 1.000000e+25 
7.200000e+04 1.250511e-18 1.000000e+25 
7.225000e+04 1.228368e-18 1.000000e+25 
7.250000e+04 1.206537e-18 1.000000e+25 
7.275000e+04 1.185392e-18 1.000000e+25 
7.300000e+04 1.164566e-18 1.000000e+25 
7.325000e+04 1.144506e-18 1.000000e+25 
7.350000e+04 1.124780e-18 1.000000e+25 
7.375000e+04 1.105898e-18 1.000000e+25 
7.400000e+04 1.087367e-18 1.000000e+25 
7.425000e+04 1.069755e-18 1.000000e+25 
7.450000e+04 1.052513e-18 1.000000e+25 
7.475000e+04 1.036251e-18 1.000000e+25 
7.500000e+04 1.020377e-18 1.000000e+25 
7.525000e+04 1.005534e-18 1.000000e+25 
7.550000e+04 9.910949e-19 1.000000e+25 
7.575000e+04 9.777216e-19 1.000000e+25 
7.600000e+04 9.647669e-19 1.000000e+25 
7.625000e+04 9.529010e-19 1.000000e+25 
7.650000e+04 9.414651e-19 1.000000e+25 
7.675000e+04 9.311308e-19 1.000000e+25 
7.700000e+04 9.212357e-19 1.000000e+25 
7.725000e+04 9.124475e-19 1.000000e+25 
7.750000e+04 9.041058e-19 1.000000e+25 
7.775000e+04 8.968709e-19 1.000000e+25 
7.800000e+04 8.900886e-19 1.000000e+25 
7.825000e+04 8.844100e-19 1.000000e+25 
7.850000e+04 8.791886e-19 1.000000e+25 
7.875000e+04 8.750669e-19 1.000000e+25 
7.900000e+04 8.714056e-19 1.000000e+25 
7.925000e+04 8.688401e-19 1.000000e+25 
7.950000e+04 8.667374e-19 1.000000e+25 
7.975000e+04 8.657275e-19 1.000000e+25 
8.000000e+04 8.651816e-19 1.000000e+25 
