0.000000e+00 9.192853e-19 5.439013e+24 
1.562500e+02 9.225184e-19 5.419955e+24 
3.125000e+02 9.284491e-19 5.385330e+24 
4.687500e+02 9.408107e-19 5.314574e+24 
6.250000e+02 9.558140e-19 5.231149e+24 
7.812500e+02 9.771483e-19 5.116939e+24 
9.375000e+02 1.001028e-18 4.994872e+24 
1.093750e+03 1.031091e-18 4.849240e+24 
1.250000e+03 1.063585e-18 4.701087e+24 
1.406250e+03 1.102091e-18 4.536837e+24 
1.562500e+03 1.142920e-18 4.374767e+24 
1.718750e+03 1.189590e-18 4.203138e+24 
1.875000e+03 1.238496e-18 4.037162e+24 
2.031250e+03 1.293098e-18 3.866691e+24 
2.187500e+03 1.349882e-18 3.704033e+24 
2.343750e+03 1.412254e-18 3.540446e+24 
2.500000e+03 1.476788e-18 3.385734e+24 
2.656250e+03 1.546835e-18 3.232415e+24 
2.812500e+03 1.619050e-18 3.088237e+24 
2.968750e+03 1.696732e-18 2.946849e+24 
3.125000e+03 1.776611e-18 2.814355e+24 
3.281250e+03 1.861923e-18 2.685403e+24 
3.437500e+03 1.949480e-18 2.564794e+24 
3.593750e+03 2.042450e-18 2.448048e+24 
3.750000e+03 2.137729e-18 2.338938e+24 
3.906250e+03 2.238423e-18 2.233723e+24 
4.062500e+03 2.341507e-18 2.135385e+24 
4.218750e+03 2.450038e-18 2.040792e+24 
4.375000e+03 2.561060e-18 1.952325e+24 
4.531250e+03 2.677606e-18 1.867348e+24 
4.687500e+03 2.796762e-18 1.787790e+24 
4.843750e+03 2.921572e-18 1.711416e+24 
5.000000e+03 3.049134e-18 1.639818e+24 
5.156250e+03 3.182537e-18 1.571082e+24 
5.312500e+03 3.318853e-18 1.506553e+24 
5.468750e+03 3.461255e-18 1.444571e+24 
5.625000e+03 3.606753e-18 1.386297e+24 
5.781250e+03 3.758637e-18 1.330278e+24 
5.937500e+03 3.913820e-18 1.277533e+24 
6.093750e+03 4.075744e-18 1.226779e+24 
6.250000e+03 4.241191e-18 1.178923e+24 
6.406250e+03 4.413782e-18 1.132824e+24 
6.562500e+03 4.590141e-18 1.089300e+24 
6.718750e+03 4.774098e-18 1.047327e+24 
6.875000e+03 4.962089e-18 1.007649e+24 
7.031250e+03 5.158180e-18 9.693432e+23 
7.187500e+03 5.358597e-18 9.330891e+23 
7.343750e+03 5.567663e-18 8.980520e+23 
7.500000e+03 5.781372e-18 8.648558e+23 
7.656250e+03 6.004330e-18 8.327415e+23 
7.812500e+03 6.232274e-18 8.022845e+23 
7.968750e+03 6.470124e-18 7.727919e+23 
8.125000e+03 6.713333e-18 7.447958e+23 
8.281250e+03 6.967159e-18 7.176619e+23 
8.437500e+03 7.226749e-18 6.918833e+23 
8.593750e+03 7.497733e-18 6.668776e+23 
8.750000e+03 7.774919e-18 6.431029e+23 
8.906250e+03 8.064340e-18 6.200229e+23 
9.062500e+03 8.360442e-18 5.980639e+23 
9.218750e+03 8.669695e-18 5.767310e+23 
9.375000e+03 8.986147e-18 5.564215e+23 
9.531250e+03 9.316743e-18 5.366777e+23 
9.687500e+03 9.655102e-18 5.178704e+23 
9.843750e+03 1.000869e-17 4.995756e+23 
1.000000e+04 1.037065e-17 4.821396e+23 
1.015625e+04 1.074900e-17 4.651690e+23 
1.031250e+04 1.113640e-17 4.489876e+23 
1.046875e+04 1.154148e-17 4.332297e+23 
1.062500e+04 1.195632e-17 4.181985e+23 
1.078125e+04 1.239022e-17 4.035537e+23 
1.093750e+04 1.283468e-17 3.895792e+23 
1.109375e+04 1.329971e-17 3.759578e+23 
1.125000e+04 1.377615e-17 3.629557e+23 
1.140625e+04 1.427481e-17 3.502771e+23 
1.156250e+04 1.478581e-17 3.381716e+23 
1.171875e+04 1.532082e-17 3.263630e+23 
1.187500e+04 1.586920e-17 3.150854e+23 
1.203125e+04 1.644353e-17 3.040807e+23 
1.218750e+04 1.703235e-17 2.935688e+23 
1.234375e+04 1.764924e-17 2.833081e+23 
1.250000e+04 1.828183e-17 2.735053e+23 
1.265625e+04 1.894481e-17 2.639343e+23 
1.281250e+04 1.962483e-17 2.547890e+23 
1.296875e+04 2.033777e-17 2.458578e+23 
1.312500e+04 2.106920e-17 2.373230e+23 
1.328125e+04 2.183631e-17 2.289862e+23 
1.343750e+04 2.262351e-17 2.210188e+23 
1.359375e+04 2.344941e-17 2.132347e+23 
1.375000e+04 2.429715e-17 2.057952e+23 
1.390625e+04 2.518690e-17 1.985257e+23 
1.406250e+04 2.610040e-17 1.915777e+23 
1.421875e+04 2.705954e-17 1.847875e+23 
1.437500e+04 2.804453e-17 1.782977e+23 
1.453125e+04 2.907912e-17 1.719545e+23 
1.468750e+04 3.014187e-17 1.658920e+23 
1.484375e+04 3.125859e-17 1.599659e+23 
1.500000e+04 3.240599e-17 1.543023e+23 
1.515625e+04 3.361214e-17 1.487656e+23 
1.531250e+04 3.485176e-17 1.434746e+23 
1.546875e+04 3.615538e-17 1.383019e+23 
1.562500e+04 3.749553e-17 1.333591e+23 
1.578125e+04 3.890545e-17 1.285266e+23 
1.593750e+04 4.035526e-17 1.239094e+23 
1.609375e+04 4.188119e-17 1.193952e+23 
1.625000e+04 4.345071e-17 1.150828e+23 
1.640625e+04 4.510331e-17 1.108665e+23 
1.656250e+04 4.680359e-17 1.068393e+23 
1.671875e+04 4.859460e-17 1.029020e+23 
1.687500e+04 5.043779e-17 9.914193e+22 
1.703125e+04 5.238013e-17 9.546596e+22 
1.718750e+04 5.437958e-17 9.195619e+22 
1.734375e+04 5.648745e-17 8.852516e+22 
1.750000e+04 5.865787e-17 8.524997e+22 
1.765625e+04 6.094688e-17 8.204858e+22 
1.781250e+04 6.330444e-17 7.899332e+22 
1.796875e+04 6.579177e-17 7.600728e+22 
1.812500e+04 6.835425e-17 7.315827e+22 
1.828125e+04 7.105877e-17 7.037422e+22 
1.843750e+04 7.384572e-17 6.771867e+22 
1.859375e+04 7.678817e-17 6.512414e+22 
1.875000e+04 7.982104e-17 6.265006e+22 
1.890625e+04 8.302419e-17 6.023336e+22 
1.906250e+04 8.632657e-17 5.792954e+22 
1.921875e+04 8.981541e-17 5.567968e+22 
1.937500e+04 9.341317e-17 5.353559e+22 
1.953125e+04 9.721508e-17 5.144230e+22 
1.968750e+04 1.011366e-16 4.944805e+22 
1.984375e+04 1.052816e-16 4.750166e+22 
2.000000e+04 1.095578e-16 4.564795e+22 
2.015625e+04 1.140787e-16 4.383934e+22 
2.031250e+04 1.187438e-16 4.211742e+22 
2.046875e+04 1.236764e-16 4.043803e+22 
2.062500e+04 1.287674e-16 3.883966e+22 
2.078125e+04 1.341510e-16 3.728141e+22 
2.093750e+04 1.397083e-16 3.579881e+22 
2.109375e+04 1.455854e-16 3.435407e+22 
2.125000e+04 1.516533e-16 3.297991e+22 
2.140625e+04 1.580702e-16 3.164148e+22 
2.156250e+04 1.646966e-16 3.036881e+22 
2.171875e+04 1.717037e-16 2.912990e+22 
2.187500e+04 1.789407e-16 2.795219e+22 
2.203125e+04 1.865924e-16 2.680635e+22 
2.218750e+04 1.944964e-16 2.571739e+22 
2.234375e+04 2.028516e-16 2.465854e+22 
2.250000e+04 2.114835e-16 2.365248e+22 
2.265625e+04 2.206056e-16 2.267487e+22 
2.281250e+04 2.300312e-16 2.174616e+22 
2.296875e+04 2.399885e-16 2.084431e+22 
2.312500e+04 2.502786e-16 1.998772e+22 
2.328125e+04 2.611445e-16 1.915647e+22 
2.343750e+04 2.723751e-16 1.836702e+22 
2.359375e+04 2.842284e-16 1.760147e+22 
2.375000e+04 2.964813e-16 1.687445e+22 
2.390625e+04 3.094066e-16 1.616995e+22 
2.406250e+04 3.227695e-16 1.550092e+22 
2.421875e+04 3.368579e-16 1.485304e+22 
2.437500e+04 3.514254e-16 1.423776e+22 
2.453125e+04 3.667750e-16 1.364232e+22 
2.468750e+04 3.826494e-16 1.307678e+22 
2.484375e+04 3.993674e-16 1.252979e+22 
2.500000e+04 4.166600e-16 1.201018e+22 
2.515625e+04 4.348640e-16 1.150784e+22 
2.531250e+04 4.536976e-16 1.103055e+22 
2.546875e+04 4.735189e-16 1.056923e+22 
2.562500e+04 4.940306e-16 1.013082e+22 
2.578125e+04 5.156182e-16 9.707088e+21 
2.593750e+04 5.379639e-16 9.304295e+21 
2.609375e+04 5.614904e-16 8.914863e+21 
2.625000e+04 5.858506e-16 8.544591e+21 
2.640625e+04 6.115193e-16 8.186349e+21 
2.656250e+04 6.381068e-16 7.845671e+21 
2.671875e+04 6.661610e-16 7.515686e+21 
2.687500e+04 6.952304e-16 7.201853e+21 
2.703125e+04 7.259640e-16 6.897387e+21 
2.718750e+04 7.578225e-16 6.607845e+21 
2.734375e+04 7.915919e-16 6.326380e+21 
2.750000e+04 8.266106e-16 6.058791e+21 
2.765625e+04 8.638455e-16 5.798067e+21 
2.781250e+04 9.024703e-16 5.550343e+21 
2.796875e+04 9.436818e-16 5.308391e+21 
2.812500e+04 9.864406e-16 5.078724e+21 
2.828125e+04 1.032224e-15 4.853905e+21 
2.843750e+04 1.079728e-15 4.640793e+21 
2.859375e+04 1.130757e-15 4.431813e+21 
2.875000e+04 1.183690e-15 4.234074e+21 
2.890625e+04 1.240698e-15 4.039985e+21 
2.906250e+04 1.299800e-15 3.856742e+21 
2.921875e+04 1.363549e-15 3.676899e+21 
2.937500e+04 1.429575e-15 3.507539e+21 
2.953125e+04 1.500808e-15 3.341535e+21 
2.968750e+04 1.574486e-15 3.185637e+21 
2.984375e+04 1.653871e-15 3.033208e+21 
3.000000e+04 1.735835e-15 2.890455e+21 
3.015625e+04 1.823902e-15 2.751373e+21 
3.031250e+04 1.914633e-15 2.621465e+21 
3.046875e+04 2.011703e-15 2.495453e+21 
3.062500e+04 2.111459e-15 2.378029e+21 
3.078125e+04 2.217587e-15 2.264700e+21 
3.093750e+04 2.326342e-15 2.159295e+21 
3.109375e+04 2.441261e-15 2.058120e+21 
3.125000e+04 2.558656e-15 1.964149e+21 
3.140625e+04 2.681727e-15 1.874468e+21 
3.156250e+04 2.807026e-15 1.791243e+21 
3.171875e+04 2.937213e-15 1.712292e+21 
3.187500e+04 3.069270e-15 1.639050e+21 
3.203125e+04 3.205109e-15 1.570008e+21 
3.218750e+04 3.342348e-15 1.505953e+21 
3.234375e+04 3.481920e-15 1.445988e+21 
3.250000e+04 3.622312e-15 1.390332e+21 
3.265625e+04 3.763230e-15 1.338645e+21 
3.281250e+04 3.904272e-15 1.290647e+21 
3.296875e+04 4.043644e-15 1.246507e+21 
3.312500e+04 4.182335e-15 1.205503e+21 
3.328125e+04 4.316737e-15 1.168281e+21 
3.343750e+04 4.449546e-15 1.133709e+21 
3.359375e+04 4.574977e-15 1.102901e+21 
3.375000e+04 4.697811e-15 1.074324e+21 
3.390625e+04 4.809667e-15 1.049572e+21 
3.406250e+04 4.917841e-15 1.026705e+21 
3.421875e+04 5.010910e-15 1.007822e+21 
3.437500e+04 5.099161e-15 9.905525e+20 
3.453125e+04 5.167685e-15 9.775504e+20 
3.468750e+04 5.230246e-15 9.659770e+20 
3.484375e+04 5.268101e-15 9.591078e+20 
3.500000e+04 5.298906e-15 9.535901e+20 
3.515625e+04 5.299957e-15 9.534030e+20 
3.531250e+04 5.293024e-15 9.546386e+20 
3.546875e+04 5.251722e-15 9.620678e+20 
3.562500e+04 5.201780e-15 9.712086e+20 
3.578125e+04 5.114032e-15 9.877013e+20 
3.593750e+04 5.017422e-15 1.006527e+21 
3.609375e+04 4.881745e-15 1.034223e+21 
3.625000e+04 4.737597e-15 1.065387e+21 
3.640625e+04 4.556499e-15 1.107333e+21 
3.656250e+04 4.368118e-15 1.154657e+21 
3.671875e+04 4.149575e-15 1.214941e+21 
3.687500e+04 3.925946e-15 1.283577e+21 
3.703125e+04 3.684802e-15 1.366924e+21 
3.718750e+04 3.442029e-15 1.462630e+21 
3.734375e+04 3.200913e-15 1.572054e+21 
3.750000e+04 2.963146e-15 1.697394e+21 
3.765625e+04 2.751526e-15 1.827173e+21 
3.781250e+04 2.549534e-15 1.971141e+21 
3.796875e+04 2.396815e-15 2.096103e+21 
3.812500e+04 2.259227e-15 2.223146e+21 
3.828125e+04 2.177618e-15 2.306086e+21 
3.843750e+04 2.111581e-15 2.377893e+21 
3.859375e+04 2.084146e-15 2.409062e+21 
3.875000e+04 2.066714e-15 2.429297e+21 
3.890625e+04 2.063960e-15 2.432525e+21 
3.906250e+04 2.064673e-15 2.431688e+21 
3.921875e+04 2.067358e-15 2.428544e+21 
3.937500e+04 2.069502e-15 2.426038e+21 
3.953125e+04 2.073053e-15 2.421899e+21 
3.968750e+04 2.073845e-15 2.420978e+21 
3.984375e+04 2.074177e-15 2.420593e+21 
4.000000e+04 2.076514e-15 2.417879e+21 
4.015625e+04 2.074177e-15 2.420593e+21 
4.031250e+04 2.073845e-15 2.420978e+21 
4.046875e+04 2.073053e-15 2.421899e+21 
4.062500e+04 2.069502e-15 2.426038e+21 
4.078125e+04 2.067358e-15 2.428544e+21 
4.093750e+04 2.064673e-15 2.431688e+21 
4.109375e+04 2.063960e-15 2.432525e+21 
4.125000e+04 2.066714e-15 2.429297e+21 
4.140625e+04 2.084146e-15 2.409062e+21 
4.156250e+04 2.111581e-15 2.377893e+21 
4.171875e+04 2.177618e-15 2.306086e+21 
4.187500e+04 2.259227e-15 2.223146e+21 
4.203125e+04 2.396815e-15 2.096103e+21 
4.218750e+04 2.549534e-15 1.971141e+21 
4.234375e+04 2.751526e-15 1.827173e+21 
4.250000e+04 2.963146e-15 1.697394e+21 
4.265625e+04 3.200913e-15 1.572054e+21 
4.281250e+04 3.442029e-15 1.462630e+21 
4.296875e+04 3.684802e-15 1.366924e+21 
4.312500e+04 3.925946e-15 1.283577e+21 
4.328125e+04 4.149575e-15 1.214941e+21 
4.343750e+04 4.368118e-15 1.154657e+21 
4.359375e+04 4.556499e-15 1.107333e+21 
4.375000e+04 4.737597e-15 1.065387e+21 
4.390625e+04 4.881745e-15 1.034223e+21 
4.406250e+04 5.017422e-15 1.006527e+21 
4.421875e+04 5.114032e-15 9.877013e+20 
4.437500e+04 5.201780e-15 9.712086e+20 
4.453125e+04 5.251722e-15 9.620678e+20 
4.468750e+04 5.293024e-15 9.546386e+20 
4.484375e+04 5.299957e-15 9.534030e+20 
4.500000e+04 5.298906e-15 9.535901e+20 
4.515625e+04 5.268101e-15 9.591078e+20 
4.531250e+04 5.230246e-15 9.659770e+20 
4.546875e+04 5.167685e-15 9.775504e+20 
4.562500e+04 5.099161e-15 9.905525e+20 
4.578125e+04 5.010910e-15 1.007822e+21 
4.593750e+04 4.917841e-15 1.026705e+21 
4.609375e+04 4.809667e-15 1.049572e+21 
4.625000e+04 4.697811e-15 1.074324e+21 
4.640625e+04 4.574977e-15 1.102901e+21 
4.656250e+04 4.449546e-15 1.133709e+21 
4.671875e+04 4.316737e-15 1.168281e+21 
4.687500e+04 4.182335e-15 1.205503e+21 
4.703125e+04 4.043644e-15 1.246507e+21 
4.718750e+04 3.904272e-15 1.290647e+21 
4.734375e+04 3.763230e-15 1.338645e+21 
4.750000e+04 3.622312e-15 1.390332e+21 
4.765625e+04 3.481920e-15 1.445988e+21 
4.781250e+04 3.342348e-15 1.505953e+21 
4.796875e+04 3.205109e-15 1.570008e+21 
4.812500e+04 3.069270e-15 1.639050e+21 
4.828125e+04 2.937213e-15 1.712292e+21 
4.843750e+04 2.807026e-15 1.791243e+21 
4.859375e+04 2.681727e-15 1.874468e+21 
4.875000e+04 2.558656e-15 1.964149e+21 
4.890625e+04 2.441261e-15 2.058120e+21 
4.906250e+04 2.326342e-15 2.159295e+21 
4.921875e+04 2.217587e-15 2.264700e+21 
4.937500e+04 2.111459e-15 2.378029e+21 
4.953125e+04 2.011703e-15 2.495453e+21 
4.968750e+04 1.914633e-15 2.621465e+21 
4.984375e+04 1.823902e-15 2.751373e+21 
5.000000e+04 1.735835e-15 2.890455e+21 
5.015625e+04 1.653871e-15 3.033208e+21 
5.031250e+04 1.574486e-15 3.185637e+21 
5.046875e+04 1.500808e-15 3.341535e+21 
5.062500e+04 1.429575e-15 3.507539e+21 
5.078125e+04 1.363549e-15 3.676899e+21 
5.093750e+04 1.299800e-15 3.856742e+21 
5.109375e+04 1.240698e-15 4.039985e+21 
5.125000e+04 1.183690e-15 4.234074e+21 
5.140625e+04 1.130757e-15 4.431813e+21 
5.156250e+04 1.079728e-15 4.640793e+21 
5.171875e+04 1.032224e-15 4.853905e+21 
5.187500e+04 9.864406e-16 5.078724e+21 
5.203125e+04 9.436818e-16 5.308391e+21 
5.218750e+04 9.024703e-16 5.550343e+21 
5.234375e+04 8.638455e-16 5.798067e+21 
5.250000e+04 8.266106e-16 6.058791e+21 
5.265625e+04 7.915919e-16 6.326380e+21 
5.281250e+04 7.578225e-16 6.607845e+21 
5.296875e+04 7.259640e-16 6.897387e+21 
5.312500e+04 6.952304e-16 7.201853e+21 
5.328125e+04 6.661610e-16 7.515686e+21 
5.343750e+04 6.381068e-16 7.845671e+21 
5.359375e+04 6.115193e-16 8.186349e+21 
5.375000e+04 5.858506e-16 8.544591e+21 
5.390625e+04 5.614904e-16 8.914863e+21 
5.406250e+04 5.379639e-16 9.304295e+21 
5.421875e+04 5.156182e-16 9.707088e+21 
5.437500e+04 4.940306e-16 1.013082e+22 
5.453125e+04 4.735189e-16 1.056923e+22 
5.468750e+04 4.536976e-16 1.103055e+22 
5.484375e+04 4.348640e-16 1.150784e+22 
5.500000e+04 4.166600e-16 1.201018e+22 
5.515625e+04 3.993674e-16 1.252979e+22 
5.531250e+04 3.826494e-16 1.307678e+22 
5.546875e+04 3.667750e-16 1.364232e+22 
5.562500e+04 3.514254e-16 1.423776e+22 
5.578125e+04 3.368579e-16 1.485304e+22 
5.593750e+04 3.227695e-16 1.550092e+22 
5.609375e+04 3.094066e-16 1.616995e+22 
5.625000e+04 2.964813e-16 1.687445e+22 
5.640625e+04 2.842284e-16 1.760147e+22 
5.656250e+04 2.723751e-16 1.836702e+22 
5.671875e+04 2.611445e-16 1.915647e+22 
5.687500e+04 2.502786e-16 1.998772e+22 
5.703125e+04 2.399885e-16 2.084431e+22 
5.718750e+04 2.300312e-16 2.174616e+22 
5.734375e+04 2.206056e-16 2.267487e+22 
5.750000e+04 2.114835e-16 2.365248e+22 
5.765625e+04 2.028516e-16 2.465854e+22 
5.781250e+04 1.944964e-16 2.571739e+22 
5.796875e+04 1.865924e-16 2.680635e+22 
5.812500e+04 1.789407e-16 2.795219e+22 
5.828125e+04 1.717037e-16 2.912990e+22 
5.843750e+04 1.646966e-16 3.036881e+22 
5.859375e+04 1.580702e-16 3.164148e+22 
5.875000e+04 1.516533e-16 3.297991e+22 
5.890625e+04 1.455854e-16 3.435407e+22 
5.906250e+04 1.397083e-16 3.579881e+22 
5.921875e+04 1.341510e-16 3.728141e+22 
5.937500e+04 1.287674e-16 3.883966e+22 
5.953125e+04 1.236764e-16 4.043803e+22 
5.968750e+04 1.187438e-16 4.211742e+22 
5.984375e+04 1.140787e-16 4.383934e+22 
6.000000e+04 1.095578e-16 4.564795e+22 
6.015625e+04 1.052816e-16 4.750166e+22 
6.031250e+04 1.011366e-16 4.944805e+22 
6.046875e+04 9.721508e-17 5.144230e+22 
6.062500e+04 9.341317e-17 5.353559e+22 
6.078125e+04 8.981541e-17 5.567968e+22 
6.093750e+04 8.632657e-17 5.792954e+22 
6.109375e+04 8.302419e-17 6.023336e+22 
6.125000e+04 7.982104e-17 6.265006e+22 
6.140625e+04 7.678817e-17 6.512414e+22 
6.156250e+04 7.384572e-17 6.771867e+22 
6.171875e+04 7.105877e-17 7.037422e+22 
6.187500e+04 6.835425e-17 7.315827e+22 
6.203125e+04 6.579177e-17 7.600728e+22 
6.218750e+04 6.330444e-17 7.899332e+22 
6.234375e+04 6.094688e-17 8.204858e+22 
6.250000e+04 5.865787e-17 8.524997e+22 
6.265625e+04 5.648745e-17 8.852516e+22 
6.281250e+04 5.437958e-17 9.195619e+22 
6.296875e+04 5.238013e-17 9.546596e+22 
6.312500e+04 5.043779e-17 9.914193e+22 
6.328125e+04 4.859460e-17 1.029020e+23 
6.343750e+04 4.680359e-17 1.068393e+23 
6.359375e+04 4.510331e-17 1.108665e+23 
6.375000e+04 4.345071e-17 1.150828e+23 
6.390625e+04 4.188119e-17 1.193952e+23 
6.406250e+04 4.035526e-17 1.239094e+23 
6.421875e+04 3.890545e-17 1.285266e+23 
6.437500e+04 3.749553e-17 1.333591e+23 
6.453125e+04 3.615538e-17 1.383019e+23 
6.468750e+04 3.485176e-17 1.434746e+23 
6.484375e+04 3.361214e-17 1.487656e+23 
6.500000e+04 3.240599e-17 1.543023e+23 
6.515625e+04 3.125859e-17 1.599659e+23 
6.531250e+04 3.014187e-17 1.658920e+23 
6.546875e+04 2.907912e-17 1.719545e+23 
6.562500e+04 2.804453e-17 1.782977e+23 
6.578125e+04 2.705954e-17 1.847875e+23 
6.593750e+04 2.610040e-17 1.915777e+23 
6.609375e+04 2.518690e-17 1.985257e+23 
6.625000e+04 2.429715e-17 2.057952e+23 
6.640625e+04 2.344941e-17 2.132347e+23 
6.656250e+04 2.262351e-17 2.210188e+23 
6.671875e+04 2.183631e-17 2.289862e+23 
6.687500e+04 2.106920e-17 2.373230e+23 
6.703125e+04 2.033777e-17 2.458578e+23 
6.718750e+04 1.962483e-17 2.547890e+23 
6.734375e+04 1.894481e-17 2.639343e+23 
6.750000e+04 1.828183e-17 2.735053e+23 
6.765625e+04 1.764924e-17 2.833081e+23 
6.781250e+04 1.703235e-17 2.935688e+23 
6.796875e+04 1.644353e-17 3.040807e+23 
6.812500e+04 1.586920e-17 3.150854e+23 
6.828125e+04 1.532082e-17 3.263630e+23 
6.843750e+04 1.478581e-17 3.381716e+23 
6.859375e+04 1.427481e-17 3.502771e+23 
6.875000e+04 1.377615e-17 3.629557e+23 
6.890625e+04 1.329971e-17 3.759578e+23 
6.906250e+04 1.283468e-17 3.895792e+23 
6.921875e+04 1.239022e-17 4.035537e+23 
6.937500e+04 1.195632e-17 4.181985e+23 
6.953125e+04 1.154148e-17 4.332297e+23 
6.968750e+04 1.113640e-17 4.489876e+23 
6.984375e+04 1.074900e-17 4.651690e+23 
7.000000e+04 1.037065e-17 4.821396e+23 
7.015625e+04 1.000869e-17 4.995756e+23 
7.031250e+04 9.655102e-18 5.178704e+23 
7.046875e+04 9.316743e-18 5.366777e+23 
7.062500e+04 8.986147e-18 5.564215e+23 
7.078125e+04 8.669695e-18 5.767310e+23 
7.093750e+04 8.360442e-18 5.980639e+23 
7.109375e+04 8.064340e-18 6.200229e+23 
7.125000e+04 7.774919e-18 6.431029e+23 
7.140625e+04 7.497733e-18 6.668776e+23 
7.156250e+04 7.226749e-18 6.918833e+23 
7.171875e+04 6.967159e-18 7.176619e+23 
7.187500e+04 6.713333e-18 7.447958e+23 
7.203125e+04 6.470124e-18 7.727919e+23 
7.218750e+04 6.232274e-18 8.022845e+23 
7.234375e+04 6.004330e-18 8.327415e+23 
7.250000e+04 5.781372e-18 8.648558e+23 
7.265625e+04 5.567663e-18 8.980520e+23 
7.281250e+04 5.358597e-18 9.330891e+23 
7.296875e+04 5.158180e-18 9.693432e+23 
7.312500e+04 4.962089e-18 1.007649e+24 
7.328125e+04 4.774098e-18 1.047327e+24 
7.343750e+04 4.590141e-18 1.089300e+24 
7.359375e+04 4.413782e-18 1.132824e+24 
7.375000e+04 4.241191e-18 1.178923e+24 
7.390625e+04 4.075744e-18 1.226779e+24 
7.406250e+04 3.913820e-18 1.277533e+24 
7.421875e+04 3.758637e-18 1.330278e+24 
7.437500e+04 3.606753e-18 1.386297e+24 
7.453125e+04 3.461255e-18 1.444571e+24 
7.468750e+04 3.318853e-18 1.506553e+24 
7.484375e+04 3.182537e-18 1.571082e+24 
7.500000e+04 3.049134e-18 1.639818e+24 
7.515625e+04 2.921572e-18 1.711416e+24 
7.531250e+04 2.796762e-18 1.787790e+24 
7.546875e+04 2.677606e-18 1.867348e+24 
7.562500e+04 2.561060e-18 1.952325e+24 
7.578125e+04 2.450038e-18 2.040792e+24 
7.593750e+04 2.341507e-18 2.135385e+24 
7.609375e+04 2.238423e-18 2.233723e+24 
7.625000e+04 2.137729e-18 2.338938e+24 
7.640625e+04 2.042450e-18 2.448048e+24 
7.656250e+04 1.949480e-18 2.564794e+24 
7.671875e+04 1.861923e-18 2.685403e+24 
7.687500e+04 1.776611e-18 2.814355e+24 
7.703125e+04 1.696732e-18 2.946849e+24 
7.718750e+04 1.619050e-18 3.088237e+24 
7.734375e+04 1.546835e-18 3.232415e+24 
7.750000e+04 1.476788e-18 3.385734e+24 
7.765625e+04 1.412254e-18 3.540446e+24 
7.781250e+04 1.349882e-18 3.704033e+24 
7.796875e+04 1.293098e-18 3.866691e+24 
7.812500e+04 1.238496e-18 4.037162e+24 
7.828125e+04 1.189590e-18 4.203138e+24 
7.843750e+04 1.142920e-18 4.374767e+24 
7.859375e+04 1.102091e-18 4.536837e+24 
7.875000e+04 1.063585e-18 4.701087e+24 
7.890625e+04 1.031091e-18 4.849240e+24 
7.906250e+04 1.001028e-18 4.994872e+24 
7.921875e+04 9.771483e-19 5.116939e+24 
7.937500e+04 9.558140e-19 5.231149e+24 
7.953125e+04 9.408107e-19 5.314574e+24 
7.968750e+04 9.284491e-19 5.385330e+24 
7.984375e+04 9.225184e-19 5.419955e+24 
8.000000e+04 9.192853e-19 5.439013e+24 
