0.000000e+00 1.106710e-18 1.000000e+25 
1.562500e+02 1.106927e-18 1.000000e+25 
3.125000e+02 1.107332e-18 1.000000e+25 
4.687500e+02 1.108171e-18 1.000000e+25 
6.250000e+02 1.109198e-18 1.000000e+25 
7.812500e+02 1.110662e-18 1.000000e+25 
9.375000e+02 1.112316e-18 1.000000e+25 
1.093750e+03 1.114411e-18 1.000000e+25 
1.250000e+03 1.116699e-18 1.000000e+25 
1.406250e+03 1.119437e-18 1.000000e+25 
1.562500e+03 1.122372e-18 1.000000e+25 
1.718750e+03 1.125774e-18 1.000000e+25 
1.875000e+03 1.129381e-18 1.000000e+25 
2.031250e+03 1.133477e-18 1.000000e+25 
2.187500e+03 1.137789e-18 1.000000e+25 
2.343750e+03 1.142620e-18 1.000000e+25 
2.500000e+03 1.147680e-18 1.000000e+25 
2.656250e+03 1.153290e-18 1.000000e+25 
2.812500e+03 1.159139e-18 1.000000e+25 
2.968750e+03 1.165548e-18 1.000000e+25 
3.125000e+03 1.172194e-18 1.000000e+25 
3.281250e+03 1.179403e-18 1.000000e+25 
3.437500e+03 1.186850e-18 1.000000e+25 
3.593750e+03 1.194901e-18 1.000000e+25 
3.750000e+03 1.203222e-18 1.000000e+25 
3.906250e+03 1.212270e-18 1.000000e+25 
4.062500e+03 1.221686e-18 1.000000e+25 
4.218750e+03 1.232032e-18 1.000000e+25 
4.375000e+03 1.242778e-18 1.000000e+25 
4.531250e+03 1.254136e-18 1.000000e+25 
4.687500e+03 1.265544e-18 1.000000e+25 
4.843750e+03 1.277263e-18 1.000000e+25 
5.000000e+03 1.288959e-18 1.000000e+25 
5.156250e+03 1.301372e-18 1.000000e+25 
5.312500e+03 1.314752e-18 1.000000e+25 
5.468750e+03 1.330825e-18 1.000000e+25 
5.625000e+03 1.345676e-18 1.000000e+25 
5.781250e+03 1.357851e-18 1.000000e+25 
5.937500e+03 1.371994e-18 1.000000e+25 
6.093750e+03 1.394411e-18 1.000000e+25 
6.250000e+03 1.435363e-18 1.000000e+25 
6.406250e+03 1.505953e-18 1.000000e+25 
6.562500e+03 1.580823e-18 1.000000e+25 
6.718750e+03 1.665267e-18 1.000000e+25 
6.875000e+03 1.747770e-18 1.000000e+25 
7.031250e+03 1.836683e-18 1.000000e+25 
7.187500e+03 1.929571e-18 1.000000e+25 
7.343750e+03 2.029912e-18 1.000000e+25 
7.500000e+03 2.133296e-18 1.000000e+25 
7.656250e+03 2.243554e-18 1.000000e+25 
7.812500e+03 2.357619e-18 1.000000e+25 
7.968750e+03 2.479582e-18 1.000000e+25 
8.125000e+03 2.605986e-18 1.000000e+25 
8.281250e+03 2.741288e-18 1.000000e+25 
8.437500e+03 2.881344e-18 1.000000e+25 
8.593750e+03 3.030812e-18 1.000000e+25 
8.750000e+03 3.185444e-18 1.000000e+25 
8.906250e+03 3.350324e-18 1.000000e+25 
9.062500e+03 3.520896e-18 1.000000e+25 
9.218750e+03 3.702668e-18 1.000000e+25 
9.375000e+03 3.890679e-18 1.000000e+25 
9.531250e+03 4.090900e-18 1.000000e+25 
9.687500e+03 4.297951e-18 1.000000e+25 
9.843750e+03 4.518321e-18 1.000000e+25 
1.000000e+04 4.746175e-18 1.000000e+25 
1.015625e+04 4.988591e-18 9.672999e+24 
1.031250e+04 5.239207e-18 9.226805e+24 
1.046875e+04 5.505766e-18 8.796594e+24 
1.062500e+04 5.781309e-18 8.393049e+24 
1.078125e+04 6.074320e-18 8.003788e+24 
1.093750e+04 6.377178e-18 7.638537e+24 
1.109375e+04 6.699197e-18 7.286043e+24 
1.125000e+04 7.032012e-18 6.955184e+24 
1.140625e+04 7.385856e-18 6.635722e+24 
1.156250e+04 7.751543e-18 6.335774e+24 
1.171875e+04 8.140315e-18 6.046021e+24 
1.187500e+04 8.542082e-18 5.773885e+24 
1.203125e+04 8.969196e-18 5.510881e+24 
1.218750e+04 9.410573e-18 5.263796e+24 
1.234375e+04 9.879790e-18 5.024904e+24 
1.250000e+04 1.036467e-17 4.800408e+24 
1.265625e+04 1.088014e-17 4.583270e+24 
1.281250e+04 1.141282e-17 4.379160e+24 
1.296875e+04 1.197913e-17 4.181666e+24 
1.312500e+04 1.256438e-17 3.995970e+24 
1.328125e+04 1.318662e-17 3.816225e+24 
1.343750e+04 1.382971e-17 3.647173e+24 
1.359375e+04 1.451357e-17 3.483477e+24 
1.375000e+04 1.522038e-17 3.329480e+24 
1.390625e+04 1.597213e-17 3.180307e+24 
1.406250e+04 1.674922e-17 3.039939e+24 
1.421875e+04 1.757588e-17 2.903920e+24 
1.437500e+04 1.843051e-17 2.775903e+24 
1.453125e+04 1.933988e-17 2.651812e+24 
1.468750e+04 2.028013e-17 2.534999e+24 
1.484375e+04 2.128085e-17 2.421739e+24 
1.500000e+04 2.231570e-17 2.315105e+24 
1.515625e+04 2.341733e-17 2.211691e+24 
1.531250e+04 2.455669e-17 2.114315e+24 
1.546875e+04 2.576980e-17 2.019866e+24 
1.562500e+04 2.702464e-17 1.930923e+24 
1.578125e+04 2.836088e-17 1.844647e+24 
1.593750e+04 2.974326e-17 1.763394e+24 
1.609375e+04 3.121549e-17 1.684575e+24 
1.625000e+04 3.273872e-17 1.610343e+24 
1.640625e+04 3.436105e-17 1.538335e+24 
1.656250e+04 3.603978e-17 1.470516e+24 
1.671875e+04 3.782780e-17 1.404732e+24 
1.687500e+04 3.967816e-17 1.342774e+24 
1.703125e+04 4.164902e-17 1.282680e+24 
1.718750e+04 4.368879e-17 1.226079e+24 
1.734375e+04 4.586138e-17 1.171186e+24 
1.750000e+04 4.811015e-17 1.119483e+24 
1.765625e+04 5.050532e-17 1.069345e+24 
1.781250e+04 5.298469e-17 1.022120e+24 
1.796875e+04 5.562544e-17 9.763291e+23 
1.812500e+04 5.835926e-17 9.331975e+23 
1.828125e+04 6.127094e-17 8.913785e+23 
1.843750e+04 6.428549e-17 8.519880e+23 
1.859375e+04 6.749608e-17 8.137992e+23 
1.875000e+04 7.082037e-17 7.778276e+23 
1.890625e+04 7.436072e-17 7.429559e+23 
1.906250e+04 7.802670e-17 7.101083e+23 
1.921875e+04 8.193079e-17 6.782672e+23 
1.937500e+04 8.597369e-17 6.482740e+23 
1.953125e+04 9.027895e-17 6.192017e+23 
1.968750e+04 9.473754e-17 5.918164e+23 
1.984375e+04 9.948515e-17 5.652736e+23 
2.000000e+04 1.044021e-16 5.402708e+23 
2.015625e+04 1.096373e-16 5.160387e+23 
2.031250e+04 1.150595e-16 4.932124e+23 
2.046875e+04 1.208321e-16 4.710910e+23 
2.062500e+04 1.268111e-16 4.502529e+23 
2.078125e+04 1.331757e-16 4.300594e+23 
2.093750e+04 1.397679e-16 4.110372e+23 
2.109375e+04 1.467843e-16 3.926044e+23 
2.125000e+04 1.540518e-16 3.752408e+23 
2.140625e+04 1.617857e-16 3.584158e+23 
2.156250e+04 1.697964e-16 3.425667e+23 
2.171875e+04 1.783198e-16 3.272096e+23 
2.187500e+04 1.871482e-16 3.127431e+23 
2.203125e+04 1.965399e-16 2.987260e+23 
2.218750e+04 2.062674e-16 2.855216e+23 
2.234375e+04 2.166138e-16 2.727273e+23 
2.250000e+04 2.273299e-16 2.606747e+23 
2.265625e+04 2.387257e-16 2.489960e+23 
2.281250e+04 2.505283e-16 2.379943e+23 
2.296875e+04 2.630774e-16 2.273330e+23 
2.312500e+04 2.760738e-16 2.172898e+23 
2.328125e+04 2.898904e-16 2.075562e+23 
2.343750e+04 3.041986e-16 1.983870e+23 
2.359375e+04 3.194084e-16 1.894991e+23 
2.375000e+04 3.351584e-16 1.811267e+23 
2.390625e+04 3.519001e-16 1.730094e+23 
2.406250e+04 3.692350e-16 1.653632e+23 
2.421875e+04 3.876623e-16 1.579481e+23 
2.437500e+04 4.067407e-16 1.509637e+23 
2.453125e+04 4.270241e-16 1.441882e+23 
2.468750e+04 4.480218e-16 1.378071e+23 
2.484375e+04 4.703514e-16 1.316144e+23 
2.500000e+04 4.934644e-16 1.257831e+23 
2.515625e+04 5.180527e-16 1.201216e+23 
2.531250e+04 5.434996e-16 1.147916e+23 
2.546875e+04 5.705846e-16 1.096148e+23 
2.562500e+04 5.986099e-16 1.047423e+23 
2.578125e+04 6.284584e-16 1.000078e+23 
2.593750e+04 6.593357e-16 9.555336e+22 
2.609375e+04 6.922460e-16 9.122354e+22 
2.625000e+04 7.262807e-16 8.715159e+22 
2.640625e+04 7.625855e-16 8.319263e+22 
2.656250e+04 8.001166e-16 7.947148e+22 
2.671875e+04 8.401830e-16 7.585333e+22 
2.687500e+04 8.815837e-16 7.245470e+22 
2.703125e+04 9.258120e-16 6.915073e+22 
2.718750e+04 9.714871e-16 6.604952e+22 
2.734375e+04 1.020306e-15 6.303615e+22 
2.750000e+04 1.070685e-15 6.021004e+22 
2.765625e+04 1.124540e-15 5.746635e+22 
2.781250e+04 1.180070e-15 5.489544e+22 
2.796875e+04 1.239409e-15 5.240273e+22 
2.812500e+04 1.300530e-15 5.006914e+22 
2.828125e+04 1.365784e-15 4.781045e+22 
2.843750e+04 1.432912e-15 4.569787e+22 
2.859375e+04 1.504459e-15 4.365757e+22 
2.875000e+04 1.577955e-15 4.175091e+22 
2.890625e+04 1.656092e-15 3.991429e+22 
2.906250e+04 1.736221e-15 3.819929e+22 
2.921875e+04 1.821122e-15 3.655227e+22 
2.937500e+04 1.908019e-15 3.501531e+22 
2.953125e+04 1.999695e-15 3.354424e+22 
2.968750e+04 2.093320e-15 3.217216e+22 
2.984375e+04 2.191576e-15 3.086378e+22 
3.000000e+04 2.291673e-15 2.964383e+22 
3.015625e+04 2.396070e-15 2.848529e+22 
3.031250e+04 2.502131e-15 2.740524e+22 
3.046875e+04 2.611951e-15 2.638423e+22 
3.062500e+04 2.723181e-15 2.543245e+22 
3.078125e+04 2.837399e-15 2.453740e+22 
3.093750e+04 2.952685e-15 2.370306e+22 
3.109375e+04 3.069937e-15 2.292334e+22 
3.125000e+04 3.187826e-15 2.219657e+22 
3.140625e+04 3.306390e-15 2.152268e+22 
3.156250e+04 3.425064e-15 2.089478e+22 
3.171875e+04 3.542837e-15 2.031851e+22 
3.187500e+04 3.660097e-15 1.978210e+22 
3.203125e+04 3.774576e-15 1.929674e+22 
3.218750e+04 3.887827e-15 1.884590e+22 
3.234375e+04 3.996104e-15 1.844634e+22 
3.250000e+04 4.102351e-15 1.807681e+22 
3.265625e+04 4.201118e-15 1.775971e+22 
3.281250e+04 4.296978e-15 1.746899e+22 
3.296875e+04 4.382560e-15 1.723296e+22 
3.312500e+04 4.464309e-15 1.702058e+22 
3.328125e+04 4.532743e-15 1.686640e+22 
3.343750e+04 4.596402e-15 1.673417e+22 
3.359375e+04 4.643575e-15 1.666509e+22 
3.375000e+04 4.685066e-15 1.661751e+22 
3.390625e+04 4.706935e-15 1.663964e+22 
3.406250e+04 4.722315e-15 1.668445e+22 
3.421875e+04 4.715225e-15 1.680734e+22 
3.437500e+04 4.701024e-15 1.695621e+22 
3.453125e+04 4.662129e-15 1.719348e+22 
3.468750e+04 4.615785e-15 1.746289e+22 
3.484375e+04 4.543579e-15 1.783292e+22 
3.500000e+04 4.463971e-15 1.824511e+22 
3.515625e+04 4.358879e-15 1.877137e+22 
3.531250e+04 4.246924e-15 1.935486e+22 
3.546875e+04 4.111916e-15 2.006507e+22 
3.562500e+04 3.971169e-15 2.085360e+22 
3.578125e+04 3.812298e-15 2.177575e+22 
3.593750e+04 3.649479e-15 2.280276e+22 
3.609375e+04 3.476224e-15 2.395370e+22 
3.625000e+04 3.301527e-15 2.523642e+22 
3.640625e+04 3.126762e-15 2.659637e+22 
3.656250e+04 2.953760e-15 2.810054e+22 
3.671875e+04 2.793016e-15 2.956902e+22 
3.687500e+04 2.637730e-15 3.115223e+22 
3.703125e+04 2.507120e-15 3.250849e+22 
3.718750e+04 2.385485e-15 3.388579e+22 
3.734375e+04 2.297397e-15 3.484303e+22 
3.750000e+04 2.220346e-15 3.569822e+22 
3.765625e+04 2.177323e-15 3.612449e+22 
3.781250e+04 2.144534e-15 3.639340e+22 
3.796875e+04 2.135527e-15 3.645753e+22 
3.812500e+04 2.132912e-15 3.641275e+22 
3.828125e+04 2.138299e-15 3.636355e+22 
3.843750e+04 2.145476e-15 3.628429e+22 
3.859375e+04 2.150965e-15 3.620520e+22 
3.875000e+04 2.156309e-15 3.612894e+22 
3.890625e+04 2.160682e-15 3.600031e+22 
3.906250e+04 2.165345e-15 3.586739e+22 
3.921875e+04 2.170807e-15 3.579175e+22 
3.937500e+04 2.175328e-15 3.573194e+22 
3.953125e+04 2.180708e-15 3.588267e+22 
3.968750e+04 2.181766e-15 3.610405e+22 
3.984375e+04 2.180538e-15 3.633662e+22 
4.000000e+04 2.182345e-15 3.651862e+22 
4.015625e+04 2.180538e-15 3.633662e+22 
4.031250e+04 2.181766e-15 3.610405e+22 
4.046875e+04 2.180708e-15 3.588267e+22 
4.062500e+04 2.175328e-15 3.573194e+22 
4.078125e+04 2.170807e-15 3.579175e+22 
4.093750e+04 2.165345e-15 3.586739e+22 
4.109375e+04 2.160682e-15 3.600031e+22 
4.125000e+04 2.156309e-15 3.612894e+22 
4.140625e+04 2.150965e-15 3.620520e+22 
4.156250e+04 2.145476e-15 3.628429e+22 
4.171875e+04 2.138299e-15 3.636355e+22 
4.187500e+04 2.132912e-15 3.641275e+22 
4.203125e+04 2.135527e-15 3.645753e+22 
4.218750e+04 2.144534e-15 3.639340e+22 
4.234375e+04 2.177323e-15 3.612449e+22 
4.250000e+04 2.220346e-15 3.569822e+22 
4.265625e+04 2.297397e-15 3.484303e+22 
4.281250e+04 2.385485e-15 3.388579e+22 
4.296875e+04 2.507120e-15 3.250849e+22 
4.312500e+04 2.637730e-15 3.115223e+22 
4.328125e+04 2.793016e-15 2.956902e+22 
4.343750e+04 2.953760e-15 2.810054e+22 
4.359375e+04 3.126762e-15 2.659637e+22 
4.375000e+04 3.301527e-15 2.523642e+22 
4.390625e+04 3.476224e-15 2.395370e+22 
4.406250e+04 3.649479e-15 2.280276e+22 
4.421875e+04 3.812298e-15 2.177575e+22 
4.437500e+04 3.971169e-15 2.085360e+22 
4.453125e+04 4.111916e-15 2.006507e+22 
4.468750e+04 4.246924e-15 1.935486e+22 
4.484375e+04 4.358879e-15 1.877137e+22 
4.500000e+04 4.463971e-15 1.824511e+22 
4.515625e+04 4.543579e-15 1.783292e+22 
4.531250e+04 4.615785e-15 1.746289e+22 
4.546875e+04 4.662129e-15 1.719348e+22 
4.562500e+04 4.701024e-15 1.695621e+22 
4.578125e+04 4.715225e-15 1.680734e+22 
4.593750e+04 4.722315e-15 1.668445e+22 
4.609375e+04 4.706935e-15 1.663964e+22 
4.625000e+04 4.685066e-15 1.661751e+22 
4.640625e+04 4.643575e-15 1.666509e+22 
4.656250e+04 4.596402e-15 1.673417e+22 
4.671875e+04 4.532743e-15 1.686640e+22 
4.687500e+04 4.464309e-15 1.702058e+22 
4.703125e+04 4.382560e-15 1.723296e+22 
4.718750e+04 4.296978e-15 1.746899e+22 
4.734375e+04 4.201118e-15 1.775971e+22 
4.750000e+04 4.102351e-15 1.807681e+22 
4.765625e+04 3.996104e-15 1.844634e+22 
4.781250e+04 3.887827e-15 1.884590e+22 
4.796875e+04 3.774576e-15 1.929674e+22 
4.812500e+04 3.660097e-15 1.978210e+22 
4.828125e+04 3.542837e-15 2.031851e+22 
4.843750e+04 3.425064e-15 2.089478e+22 
4.859375e+04 3.306390e-15 2.152268e+22 
4.875000e+04 3.187826e-15 2.219657e+22 
4.890625e+04 3.069937e-15 2.292334e+22 
4.906250e+04 2.952685e-15 2.370306e+22 
4.921875e+04 2.837399e-15 2.453740e+22 
4.937500e+04 2.723181e-15 2.543245e+22 
4.953125e+04 2.611951e-15 2.638423e+22 
4.968750e+04 2.502131e-15 2.740524e+22 
4.984375e+04 2.396070e-15 2.848529e+22 
5.000000e+04 2.291673e-15 2.964383e+22 
5.015625e+04 2.191576e-15 3.086378e+22 
5.031250e+04 2.093320e-15 3.217216e+22 
5.046875e+04 1.999695e-15 3.354424e+22 
5.062500e+04 1.908019e-15 3.501531e+22 
5.078125e+04 1.821122e-15 3.655227e+22 
5.093750e+04 1.736221e-15 3.819929e+22 
5.109375e+04 1.656092e-15 3.991429e+22 
5.125000e+04 1.577955e-15 4.175091e+22 
5.140625e+04 1.504459e-15 4.365757e+22 
5.156250e+04 1.432912e-15 4.569787e+22 
5.171875e+04 1.365784e-15 4.781045e+22 
5.187500e+04 1.300530e-15 5.006914e+22 
5.203125e+04 1.239409e-15 5.240273e+22 
5.218750e+04 1.180070e-15 5.489544e+22 
5.234375e+04 1.124540e-15 5.746635e+22 
5.250000e+04 1.070685e-15 6.021004e+22 
5.265625e+04 1.020306e-15 6.303615e+22 
5.281250e+04 9.714871e-16 6.604952e+22 
5.296875e+04 9.258120e-16 6.915073e+22 
5.312500e+04 8.815837e-16 7.245470e+22 
5.328125e+04 8.401830e-16 7.585333e+22 
5.343750e+04 8.001166e-16 7.947148e+22 
5.359375e+04 7.625855e-16 8.319263e+22 
5.375000e+04 7.262807e-16 8.715159e+22 
5.390625e+04 6.922460e-16 9.122354e+22 
5.406250e+04 6.593357e-16 9.555336e+22 
5.421875e+04 6.284584e-16 1.000078e+23 
5.437500e+04 5.986099e-16 1.047423e+23 
5.453125e+04 5.705846e-16 1.096148e+23 
5.468750e+04 5.434996e-16 1.147916e+23 
5.484375e+04 5.180527e-16 1.201216e+23 
5.500000e+04 4.934644e-16 1.257831e+23 
5.515625e+04 4.703514e-16 1.316144e+23 
5.531250e+04 4.480218e-16 1.378071e+23 
5.546875e+04 4.270241e-16 1.441882e+23 
5.562500e+04 4.067407e-16 1.509637e+23 
5.578125e+04 3.876623e-16 1.579481e+23 
5.593750e+04 3.692350e-16 1.653632e+23 
5.609375e+04 3.519001e-16 1.730094e+23 
5.625000e+04 3.351584e-16 1.811267e+23 
5.640625e+04 3.194084e-16 1.894991e+23 
5.656250e+04 3.041986e-16 1.983870e+23 
5.671875e+04 2.898904e-16 2.075562e+23 
5.687500e+04 2.760738e-16 2.172898e+23 
5.703125e+04 2.630774e-16 2.273330e+23 
5.718750e+04 2.505283e-16 2.379943e+23 
5.734375e+04 2.387257e-16 2.489960e+23 
5.750000e+04 2.273299e-16 2.606747e+23 
5.765625e+04 2.166138e-16 2.727273e+23 
5.781250e+04 2.062674e-16 2.855216e+23 
5.796875e+04 1.965399e-16 2.987260e+23 
5.812500e+04 1.871482e-16 3.127431e+23 
5.828125e+04 1.783198e-16 3.272096e+23 
5.843750e+04 1.697964e-16 3.425667e+23 
5.859375e+04 1.617857e-16 3.584158e+23 
5.875000e+04 1.540518e-16 3.752408e+23 
5.890625e+04 1.467843e-16 3.926044e+23 
5.906250e+04 1.397679e-16 4.110372e+23 
5.921875e+04 1.331757e-16 4.300594e+23 
5.937500e+04 1.268111e-16 4.502529e+23 
5.953125e+04 1.208321e-16 4.710910e+23 
5.968750e+04 1.150595e-16 4.932124e+23 
5.984375e+04 1.096373e-16 5.160387e+23 
6.000000e+04 1.044021e-16 5.402708e+23 
6.015625e+04 9.948515e-17 5.652736e+23 
6.031250e+04 9.473754e-17 5.918164e+23 
6.046875e+04 9.027895e-17 6.192017e+23 
6.062500e+04 8.597369e-17 6.482740e+23 
6.078125e+04 8.193079e-17 6.782672e+23 
6.093750e+04 7.802670e-17 7.101083e+23 
6.109375e+04 7.436072e-17 7.429559e+23 
6.125000e+04 7.082037e-17 7.778276e+23 
6.140625e+04 6.749608e-17 8.137992e+23 
6.156250e+04 6.428549e-17 8.519880e+23 
6.171875e+04 6.127094e-17 8.913785e+23 
6.187500e+04 5.835926e-17 9.331975e+23 
6.203125e+04 5.562544e-17 9.763291e+23 
6.218750e+04 5.298469e-17 1.022120e+24 
6.234375e+04 5.050532e-17 1.069345e+24 
6.250000e+04 4.811015e-17 1.119483e+24 
6.265625e+04 4.586138e-17 1.171186e+24 
6.281250e+04 4.368879e-17 1.226079e+24 
6.296875e+04 4.164902e-17 1.282680e+24 
6.312500e+04 3.967816e-17 1.342774e+24 
6.328125e+04 3.782780e-17 1.404732e+24 
6.343750e+04 3.603978e-17 1.470516e+24 
6.359375e+04 3.436105e-17 1.538335e+24 
6.375000e+04 3.273872e-17 1.610343e+24 
6.390625e+04 3.121549e-17 1.684575e+24 
6.406250e+04 2.974326e-17 1.763394e+24 
6.421875e+04 2.836088e-17 1.844647e+24 
6.437500e+04 2.702464e-17 1.930923e+24 
6.453125e+04 2.576980e-17 2.019866e+24 
6.468750e+04 2.455669e-17 2.114315e+24 
6.484375e+04 2.341733e-17 2.211691e+24 
6.500000e+04 2.231570e-17 2.315105e+24 
6.515625e+04 2.128085e-17 2.421739e+24 
6.531250e+04 2.028013e-17 2.534999e+24 
6.546875e+04 1.933988e-17 2.651812e+24 
6.562500e+04 1.843051e-17 2.775903e+24 
6.578125e+04 1.757588e-17 2.903920e+24 
6.593750e+04 1.674922e-17 3.039939e+24 
6.609375e+04 1.597213e-17 3.180307e+24 
6.625000e+04 1.522038e-17 3.329480e+24 
6.640625e+04 1.451357e-17 3.483477e+24 
6.656250e+04 1.382971e-17 3.647173e+24 
6.671875e+04 1.318662e-17 3.816225e+24 
6.687500e+04 1.256438e-17 3.995970e+24 
6.703125e+04 1.197913e-17 4.181666e+24 
6.718750e+04 1.141282e-17 4.379160e+24 
6.734375e+04 1.088014e-17 4.583270e+24 
6.750000e+04 1.036467e-17 4.800408e+24 
6.765625e+04 9.879790e-18 5.024904e+24 
6.781250e+04 9.410573e-18 5.263796e+24 
6.796875e+04 8.969196e-18 5.510881e+24 
6.812500e+04 8.542082e-18 5.773885e+24 
6.828125e+04 8.140315e-18 6.046021e+24 
6.843750e+04 7.751543e-18 6.335774e+24 
6.859375e+04 7.385856e-18 6.635722e+24 
6.875000e+04 7.032012e-18 6.955184e+24 
6.890625e+04 6.699197e-18 7.286043e+24 
6.906250e+04 6.377178e-18 7.638537e+24 
6.921875e+04 6.074320e-18 8.003788e+24 
6.937500e+04 5.781309e-18 8.393049e+24 
6.953125e+04 5.505766e-18 8.796594e+24 
6.968750e+04 5.239207e-18 9.226805e+24 
6.984375e+04 4.988591e-18 9.672999e+24 
7.000000e+04 4.746175e-18 1.000000e+25 
7.015625e+04 4.518321e-18 1.000000e+25 
7.031250e+04 4.297951e-18 1.000000e+25 
7.046875e+04 4.090900e-18 1.000000e+25 
7.062500e+04 3.890679e-18 1.000000e+25 
7.078125e+04 3.702668e-18 1.000000e+25 
7.093750e+04 3.520896e-18 1.000000e+25 
7.109375e+04 3.350324e-18 1.000000e+25 
7.125000e+04 3.185444e-18 1.000000e+25 
7.140625e+04 3.030812e-18 1.000000e+25 
7.156250e+04 2.881344e-18 1.000000e+25 
7.171875e+04 2.741288e-18 1.000000e+25 
7.187500e+04 2.605986e-18 1.000000e+25 
7.203125e+04 2.479582e-18 1.000000e+25 
7.218750e+04 2.357619e-18 1.000000e+25 
7.234375e+04 2.243554e-18 1.000000e+25 
7.250000e+04 2.133296e-18 1.000000e+25 
7.265625e+04 2.029912e-18 1.000000e+25 
7.281250e+04 1.929571e-18 1.000000e+25 
7.296875e+04 1.836683e-18 1.000000e+25 
7.312500e+04 1.747770e-18 1.000000e+25 
7.328125e+04 1.665267e-18 1.000000e+25 
7.343750e+04 1.580823e-18 1.000000e+25 
7.359375e+04 1.505953e-18 1.000000e+25 
7.375000e+04 1.435363e-18 1.000000e+25 
7.390625e+04 1.394411e-18 1.000000e+25 
7.406250e+04 1.371994e-18 1.000000e+25 
7.421875e+04 1.357851e-18 1.000000e+25 
7.437500e+04 1.345676e-18 1.000000e+25 
7.453125e+04 1.330825e-18 1.000000e+25 
7.468750e+04 1.314752e-18 1.000000e+25 
7.484375e+04 1.301372e-18 1.000000e+25 
7.500000e+04 1.288959e-18 1.000000e+25 
7.515625e+04 1.277263e-18 1.000000e+25 
7.531250e+04 1.265544e-18 1.000000e+25 
7.546875e+04 1.254136e-18 1.000000e+25 
7.562500e+04 1.242778e-18 1.000000e+25 
7.578125e+04 1.232032e-18 1.000000e+25 
7.593750e+04 1.221686e-18 1.000000e+25 
7.609375e+04 1.212270e-18 1.000000e+25 
7.625000e+04 1.203222e-18 1.000000e+25 
7.640625e+04 1.194901e-18 1.000000e+25 
7.656250e+04 1.186850e-18 1.000000e+25 
7.671875e+04 1.179403e-18 1.000000e+25 
7.687500e+04 1.172194e-18 1.000000e+25 
7.703125e+04 1.165548e-18 1.000000e+25 
7.718750e+04 1.159139e-18 1.000000e+25 
7.734375e+04 1.153290e-18 1.000000e+25 
7.750000e+04 1.147680e-18 1.000000e+25 
7.765625e+04 1.142620e-18 1.000000e+25 
7.781250e+04 1.137789e-18 1.000000e+25 
7.796875e+04 1.133477e-18 1.000000e+25 
7.812500e+04 1.129381e-18 1.000000e+25 
7.828125e+04 1.125774e-18 1.000000e+25 
7.843750e+04 1.122372e-18 1.000000e+25 
7.859375e+04 1.119437e-18 1.000000e+25 
7.875000e+04 1.116699e-18 1.000000e+25 
7.890625e+04 1.114411e-18 1.000000e+25 
7.906250e+04 1.112316e-18 1.000000e+25 
7.921875e+04 1.110662e-18 1.000000e+25 
7.937500e+04 1.109198e-18 1.000000e+25 
7.953125e+04 1.108171e-18 1.000000e+25 
7.968750e+04 1.107332e-18 1.000000e+25 
7.984375e+04 1.106927e-18 1.000000e+25 
8.000000e+04 1.106710e-18 1.000000e+25 
