0.000000e+00 1.302363e-18 1.000000e+25 
4.166667e+02 1.303685e-18 1.000000e+25 
8.333333e+02 1.306503e-18 1.000000e+25 
1.250000e+03 1.312019e-18 1.000000e+25 
1.666667e+03 1.319053e-18 1.000000e+25 
2.083333e+03 1.328887e-18 1.000000e+25 
2.500000e+03 1.340348e-18 1.000000e+25 
2.916667e+03 1.354930e-18 1.000000e+25 
3.333333e+03 1.371262e-18 1.000000e+25 
3.750000e+03 1.390822e-18 1.000000e+25 
4.166667e+03 1.412233e-18 1.000000e+25 
4.583333e+03 1.437398e-18 1.000000e+25 
5.000000e+03 1.464759e-18 1.000000e+25 
5.416667e+03 1.496682e-18 1.000000e+25 
5.833333e+03 1.531052e-18 1.000000e+25 
6.250000e+03 1.569833e-18 1.000000e+25 
6.666667e+03 1.610917e-18 1.000000e+25 
7.083333e+03 1.656806e-18 1.000000e+25 
7.500000e+03 1.705199e-18 1.000000e+25 
7.916667e+03 1.758293e-18 1.000000e+25 
8.333333e+03 1.814959e-18 1.000000e+25 
8.750000e+03 1.879801e-18 1.000000e+25 
9.166667e+03 1.948498e-18 1.000000e+25 
9.583333e+03 2.021283e-18 1.000000e+25 
1.000000e+04 2.090926e-18 1.000000e+25 
1.041667e+04 2.172847e-18 1.000000e+25 
1.083333e+04 2.230831e-18 1.000000e+25 
1.125000e+04 2.265131e-18 1.000000e+25 
1.166667e+04 2.327994e-18 1.000000e+25 
1.208333e+04 2.408065e-18 1.000000e+25 
1.250000e+04 2.576511e-18 1.000000e+25 
1.291667e+04 2.992017e-18 1.000000e+25 
1.333333e+04 3.617483e-18 1.000000e+25 
1.375000e+04 4.444879e-18 1.000000e+25 
1.416667e+04 5.475010e-18 1.000000e+25 
1.458333e+04 6.731976e-18 8.476612e+24 
1.500000e+04 8.117900e-18 7.179226e+24 
1.541667e+04 9.741237e-18 6.073473e+24 
1.583333e+04 1.163201e-17 5.167649e+24 
1.625000e+04 1.390183e-17 4.376566e+24 
1.666667e+04 1.655561e-17 3.724384e+24 
1.708333e+04 1.975310e-17 3.155410e+24 
1.750000e+04 2.349909e-17 2.685277e+24 
1.791667e+04 2.801911e-17 2.274990e+24 
1.833333e+04 3.331035e-17 1.936383e+24 
1.875000e+04 3.968339e-17 1.639872e+24 
1.916667e+04 4.715310e-17 1.394964e+24 
1.958333e+04 5.616896e-17 1.180022e+24 
2.000000e+04 6.674984e-17 1.002578e+24 
2.041667e+04 7.955873e-17 8.465989e+23 
2.083333e+04 9.461771e-17 7.179918e+23 
2.125000e+04 1.129353e-16 6.048042e+23 
2.166667e+04 1.344992e-16 5.117620e+23 
2.208333e+04 1.608570e-16 4.298006e+23 
2.250000e+04 1.919187e-16 3.627125e+23 
2.291667e+04 2.301266e-16 3.035660e+23 
2.333333e+04 2.751670e-16 2.554344e+23 
2.375000e+04 3.309547e-16 2.130377e+23 
2.416667e+04 3.966458e-16 1.787845e+23 
2.458333e+04 4.784358e-16 1.487456e+23 
2.500000e+04 5.744034e-16 1.246642e+23 
2.541667e+04 6.937852e-16 1.037312e+23 
2.583333e+04 8.328670e-16 8.706039e+22 
2.625000e+04 1.004226e-15 7.272016e+22 
2.666667e+04 1.201663e-15 6.134153e+22 
2.708333e+04 1.440875e-15 5.162106e+22 
2.750000e+04 1.712599e-15 4.390650e+22 
2.791667e+04 2.035349e-15 3.732090e+22 
2.833333e+04 2.396071e-15 3.207557e+22 
2.875000e+04 2.815440e-15 2.759082e+22 
2.916667e+04 3.275501e-15 2.399943e+22 
2.958333e+04 3.795480e-15 2.094671e+22 
3.000000e+04 4.352023e-15 1.848975e+22 
3.041667e+04 4.952220e-15 1.645242e+22 
3.083333e+04 5.570509e-15 1.481161e+22 
3.125000e+04 6.183042e-15 1.353173e+22 
3.166667e+04 6.772870e-15 1.251843e+22 
3.208333e+04 7.264101e-15 1.185241e+22 
3.250000e+04 7.669165e-15 1.138177e+22 
3.291667e+04 7.844820e-15 1.131064e+22 
3.333333e+04 7.863047e-15 1.144139e+22 
3.375000e+04 7.528904e-15 1.214052e+22 
3.416667e+04 7.002329e-15 1.322183e+22 
3.458333e+04 6.141658e-15 1.524557e+22 
3.500000e+04 5.164521e-15 1.830107e+22 
3.541667e+04 4.125168e-15 2.279365e+22 
3.583333e+04 3.138574e-15 2.990674e+22 
3.625000e+04 2.458844e-15 3.680597e+22 
3.666667e+04 1.953246e-15 4.502717e+22 
3.708333e+04 1.794668e-15 4.780665e+22 
3.750000e+04 1.796986e-15 4.662606e+22 
3.791667e+04 1.774035e-15 4.784253e+22 
3.833333e+04 1.704242e-15 5.044881e+22 
3.875000e+04 1.708890e-15 4.942169e+22 
3.916667e+04 1.739685e-15 4.776764e+22 
3.958333e+04 1.702520e-15 4.963556e+22 
4.000000e+04 1.658103e-15 5.183590e+22 
4.041667e+04 1.702520e-15 4.963556e+22 
4.083333e+04 1.739685e-15 4.776764e+22 
4.125000e+04 1.708890e-15 4.942169e+22 
4.166667e+04 1.704242e-15 5.044881e+22 
4.208333e+04 1.774035e-15 4.784253e+22 
4.250000e+04 1.796986e-15 4.662606e+22 
4.291667e+04 1.794668e-15 4.780665e+22 
4.333333e+04 1.953246e-15 4.502717e+22 
4.375000e+04 2.458844e-15 3.680597e+22 
4.416667e+04 3.138574e-15 2.990674e+22 
4.458333e+04 4.125168e-15 2.279365e+22 
4.500000e+04 5.164521e-15 1.830107e+22 
4.541667e+04 6.141658e-15 1.524557e+22 
4.583333e+04 7.002329e-15 1.322183e+22 
4.625000e+04 7.528904e-15 1.214052e+22 
4.666667e+04 7.863047e-15 1.144139e+22 
4.708333e+04 7.844820e-15 1.131064e+22 
4.750000e+04 7.669165e-15 1.138177e+22 
4.791667e+04 7.264101e-15 1.185241e+22 
4.833333e+04 6.772870e-15 1.251843e+22 
4.875000e+04 6.183042e-15 1.353173e+22 
4.916667e+04 5.570509e-15 1.481161e+22 
4.958333e+04 4.952220e-15 1.645242e+22 
5.000000e+04 4.352023e-15 1.848975e+22 
5.041667e+04 3.795480e-15 2.094671e+22 
5.083333e+04 3.275501e-15 2.399943e+22 
5.125000e+04 2.815440e-15 2.759082e+22 
5.166667e+04 2.396071e-15 3.207557e+22 
5.208333e+04 2.035349e-15 3.732090e+22 
5.250000e+04 1.712599e-15 4.390650e+22 
5.291667e+04 1.440875e-15 5.162106e+22 
5.333333e+04 1.201663e-15 6.134153e+22 
5.375000e+04 1.004226e-15 7.272016e+22 
5.416667e+04 8.328670e-16 8.706039e+22 
5.458333e+04 6.937852e-16 1.037312e+23 
5.500000e+04 5.744034e-16 1.246642e+23 
5.541667e+04 4.784358e-16 1.487456e+23 
5.583333e+04 3.966458e-16 1.787845e+23 
5.625000e+04 3.309547e-16 2.130377e+23 
5.666667e+04 2.751670e-16 2.554344e+23 
5.708333e+04 2.301266e-16 3.035660e+23 
5.750000e+04 1.919187e-16 3.627125e+23 
5.791667e+04 1.608570e-16 4.298006e+23 
5.833333e+04 1.344992e-16 5.117620e+23 
5.875000e+04 1.129353e-16 6.048042e+23 
5.916667e+04 9.461771e-17 7.179918e+23 
5.958333e+04 7.955873e-17 8.465989e+23 
6.000000e+04 6.674984e-17 1.002578e+24 
6.041667e+04 5.616896e-17 1.180022e+24 
6.083333e+04 4.715310e-17 1.394964e+24 
6.125000e+04 3.968339e-17 1.639872e+24 
6.166667e+04 3.331035e-17 1.936383e+24 
6.208333e+04 2.801911e-17 2.274990e+24 
6.250000e+04 2.349909e-17 2.685277e+24 
6.291667e+04 1.975310e-17 3.155410e+24 
6.333333e+04 1.655561e-17 3.724384e+24 
6.375000e+04 1.390183e-17 4.376566e+24 
6.416667e+04 1.163201e-17 5.167649e+24 
6.458333e+04 9.741237e-18 6.073473e+24 
6.500000e+04 8.117900e-18 7.179226e+24 
6.541667e+04 6.731976e-18 8.476612e+24 
6.583333e+04 5.475010e-18 1.000000e+25 
6.625000e+04 4.444879e-18 1.000000e+25 
6.666667e+04 3.617483e-18 1.000000e+25 
6.708333e+04 2.992017e-18 1.000000e+25 
6.750000e+04 2.576511e-18 1.000000e+25 
6.791667e+04 2.408065e-18 1.000000e+25 
6.833333e+04 2.327994e-18 1.000000e+25 
6.875000e+04 2.265131e-18 1.000000e+25 
6.916667e+04 2.230831e-18 1.000000e+25 
6.958333e+04 2.172847e-18 1.000000e+25 
7.000000e+04 2.090926e-18 1.000000e+25 
7.041667e+04 2.021283e-18 1.000000e+25 
7.083333e+04 1.948498e-18 1.000000e+25 
7.125000e+04 1.879801e-18 1.000000e+25 
7.166667e+04 1.814959e-18 1.000000e+25 
7.208333e+04 1.758293e-18 1.000000e+25 
7.250000e+04 1.705199e-18 1.000000e+25 
7.291667e+04 1.656806e-18 1.000000e+25 
7.333333e+04 1.610917e-18 1.000000e+25 
7.375000e+04 1.569833e-18 1.000000e+25 
7.416667e+04 1.531052e-18 1.000000e+25 
7.458333e+04 1.496682e-18 1.000000e+25 
7.500000e+04 1.464759e-18 1.000000e+25 
7.541667e+04 1.437398e-18 1.000000e+25 
7.583333e+04 1.412233e-18 1.000000e+25 
7.625000e+04 1.390822e-18 1.000000e+25 
7.666667e+04 1.371262e-18 1.000000e+25 
7.708333e+04 1.354930e-18 1.000000e+25 
7.750000e+04 1.340348e-18 1.000000e+25 
7.791667e+04 1.328887e-18 1.000000e+25 
7.833333e+04 1.319053e-18 1.000000e+25 
7.875000e+04 1.312019e-18 1.000000e+25 
7.916667e+04 1.306503e-18 1.000000e+25 
7.958333e+04 1.303685e-18 1.000000e+25 
8.000000e+04 1.302363e-18 1.000000e+25 
