0.000000e+00 1.068720e-18 4.678549e+24 
1.562500e+02 1.072439e-18 4.662328e+24 
3.125000e+02 1.079259e-18 4.632863e+24 
4.687500e+02 1.093480e-18 4.572614e+24 
6.250000e+02 1.110742e-18 4.501552e+24 
7.812500e+02 1.135300e-18 4.404183e+24 
9.375000e+02 1.162792e-18 4.300053e+24 
1.093750e+03 1.197424e-18 4.175692e+24 
1.250000e+03 1.234863e-18 4.049091e+24 
1.406250e+03 1.279256e-18 3.908584e+24 
1.562500e+03 1.326335e-18 3.769848e+24 
1.718750e+03 1.380181e-18 3.622780e+24 
1.875000e+03 1.436615e-18 3.480470e+24 
2.031250e+03 1.499652e-18 3.334176e+24 
2.187500e+03 1.565216e-18 3.194516e+24 
2.343750e+03 1.637260e-18 3.053954e+24 
2.500000e+03 1.711806e-18 2.920963e+24 
2.656250e+03 1.792746e-18 2.789090e+24 
2.812500e+03 1.876197e-18 2.665039e+24 
2.968750e+03 1.965984e-18 2.543331e+24 
3.125000e+03 2.058313e-18 2.429250e+24 
3.281250e+03 2.156938e-18 2.318178e+24 
3.437500e+03 2.258159e-18 2.214271e+24 
3.593750e+03 2.365650e-18 2.113663e+24 
3.750000e+03 2.475809e-18 2.019622e+24 
3.906250e+03 2.592235e-18 1.928918e+24 
4.062500e+03 2.711422e-18 1.844133e+24 
4.218750e+03 2.836910e-18 1.762564e+24 
4.375000e+03 2.965271e-18 1.686269e+24 
4.531250e+03 3.100019e-18 1.612977e+24 
4.687500e+03 3.237778e-18 1.544354e+24 
4.843750e+03 3.382067e-18 1.478471e+24 
5.000000e+03 3.529528e-18 1.416706e+24 
5.156250e+03 3.683730e-18 1.357406e+24 
5.312500e+03 3.841288e-18 1.301734e+24 
5.468750e+03 4.005864e-18 1.248258e+24 
5.625000e+03 4.174006e-18 1.197978e+24 
5.781250e+03 4.349505e-18 1.149645e+24 
5.937500e+03 4.528802e-18 1.104134e+24 
6.093750e+03 4.715860e-18 1.060342e+24 
6.250000e+03 4.906970e-18 1.019049e+24 
6.406250e+03 5.106301e-18 9.792727e+23 
6.562500e+03 5.309964e-18 9.417165e+23 
6.718750e+03 5.522365e-18 9.055002e+23 
6.875000e+03 5.739403e-18 8.712620e+23 
7.031250e+03 5.965750e-18 8.382092e+23 
7.187500e+03 6.197067e-18 8.069252e+23 
7.343750e+03 6.438321e-18 7.766922e+23 
7.500000e+03 6.684906e-18 7.480462e+23 
7.656250e+03 6.942114e-18 7.203345e+23 
7.812500e+03 7.205045e-18 6.940512e+23 
7.968750e+03 7.479348e-18 6.686008e+23 
8.125000e+03 7.759798e-18 6.444402e+23 
8.281250e+03 8.052435e-18 6.210240e+23 
8.437500e+03 8.351680e-18 5.987759e+23 
8.593750e+03 8.663997e-18 5.771951e+23 
8.750000e+03 8.983423e-18 5.566752e+23 
8.906250e+03 9.316881e-18 5.367549e+23 
9.062500e+03 9.657993e-18 5.178007e+23 
9.218750e+03 1.001418e-17 4.993870e+23 
9.375000e+03 1.037861e-17 4.818552e+23 
9.531250e+03 1.075925e-17 4.648117e+23 
9.687500e+03 1.114878e-17 4.485752e+23 
9.843750e+03 1.155574e-17 4.327811e+23 
1.000000e+04 1.197228e-17 4.177271e+23 
1.015625e+04 1.240760e-17 4.030747e+23 
1.031250e+04 1.285326e-17 3.891024e+23 
1.046875e+04 1.331915e-17 3.754957e+23 
1.062500e+04 1.379619e-17 3.625153e+23 
1.078125e+04 1.429503e-17 3.498683e+23 
1.093750e+04 1.480593e-17 3.377991e+23 
1.109375e+04 1.534035e-17 3.260345e+23 
1.125000e+04 1.588779e-17 3.148039e+23 
1.140625e+04 1.646062e-17 3.038523e+23 
1.156250e+04 1.704753e-17 2.933948e+23 
1.171875e+04 1.766184e-17 2.831934e+23 
1.187500e+04 1.829140e-17 2.734498e+23 
1.203125e+04 1.895057e-17 2.639417e+23 
1.218750e+04 1.962623e-17 2.548585e+23 
1.234375e+04 2.033392e-17 2.459921e+23 
1.250000e+04 2.105947e-17 2.375205e+23 
1.265625e+04 2.181966e-17 2.292489e+23 
1.281250e+04 2.259922e-17 2.213444e+23 
1.296875e+04 2.341627e-17 2.136246e+23 
1.312500e+04 2.425432e-17 2.062468e+23 
1.328125e+04 2.513299e-17 1.990397e+23 
1.343750e+04 2.603445e-17 1.921513e+23 
1.359375e+04 2.697993e-17 1.854211e+23 
1.375000e+04 2.795016e-17 1.789881e+23 
1.390625e+04 2.896813e-17 1.727017e+23 
1.406250e+04 3.001300e-17 1.666928e+23 
1.421875e+04 3.110968e-17 1.608201e+23 
1.437500e+04 3.223560e-17 1.552065e+23 
1.453125e+04 3.341779e-17 1.497194e+23 
1.468750e+04 3.463179e-17 1.444746e+23 
1.484375e+04 3.590695e-17 1.393474e+23 
1.500000e+04 3.721674e-17 1.344468e+23 
1.515625e+04 3.859303e-17 1.296558e+23 
1.531250e+04 4.000704e-17 1.250767e+23 
1.546875e+04 4.149342e-17 1.205998e+23 
1.562500e+04 4.302092e-17 1.163214e+23 
1.578125e+04 4.462721e-17 1.121382e+23 
1.593750e+04 4.627835e-17 1.081408e+23 
1.609375e+04 4.801532e-17 1.042324e+23 
1.625000e+04 4.980125e-17 1.004981e+23 
1.640625e+04 5.168073e-17 9.684690e+22 
1.656250e+04 5.361366e-17 9.335889e+22 
1.671875e+04 5.564862e-17 8.994860e+22 
1.687500e+04 5.774197e-17 8.669127e+22 
1.703125e+04 5.994664e-17 8.350668e+22 
1.718750e+04 6.221513e-17 8.046550e+22 
1.734375e+04 6.460513e-17 7.749247e+22 
1.750000e+04 6.706491e-17 7.465389e+22 
1.765625e+04 6.965736e-17 7.187922e+22 
1.781250e+04 7.232614e-17 6.923061e+22 
1.796875e+04 7.513980e-17 6.664197e+22 
1.812500e+04 7.803700e-17 6.417153e+22 
1.828125e+04 8.109244e-17 6.175741e+22 
1.843750e+04 8.423933e-17 5.945411e+22 
1.859375e+04 8.755908e-17 5.720373e+22 
1.875000e+04 9.097893e-17 5.505723e+22 
1.890625e+04 9.458763e-17 5.296051e+22 
1.906250e+04 9.830594e-17 5.096112e+22 
1.921875e+04 1.022305e-16 4.900859e+22 
1.937500e+04 1.062751e-16 4.714722e+22 
1.953125e+04 1.105450e-16 4.532999e+22 
1.968750e+04 1.149464e-16 4.359811e+22 
1.984375e+04 1.195936e-16 4.190783e+22 
2.000000e+04 1.243849e-16 4.029741e+22 
2.015625e+04 1.294445e-16 3.872621e+22 
2.031250e+04 1.346618e-16 3.722969e+22 
2.046875e+04 1.401717e-16 3.577017e+22 
2.062500e+04 1.458544e-16 3.438042e+22 
2.078125e+04 1.518560e-16 3.302560e+22 
2.093750e+04 1.580467e-16 3.173591e+22 
2.109375e+04 1.645847e-16 3.047919e+22 
2.125000e+04 1.713297e-16 2.928321e+22 
2.140625e+04 1.784526e-16 2.811837e+22 
2.156250e+04 1.858019e-16 2.701011e+22 
2.171875e+04 1.935619e-16 2.593127e+22 
2.187500e+04 2.015697e-16 2.490507e+22 
2.203125e+04 2.100232e-16 2.390666e+22 
2.218750e+04 2.187476e-16 2.295717e+22 
2.234375e+04 2.279552e-16 2.203392e+22 
2.250000e+04 2.374588e-16 2.115607e+22 
2.265625e+04 2.474854e-16 2.030301e+22 
2.281250e+04 2.578354e-16 1.949202e+22 
2.296875e+04 2.687506e-16 1.870443e+22 
2.312500e+04 2.800190e-16 1.795575e+22 
2.328125e+04 2.918970e-16 1.722916e+22 
2.343750e+04 3.041606e-16 1.653852e+22 
2.359375e+04 3.170809e-16 1.586869e+22 
2.375000e+04 3.304219e-16 1.523202e+22 
2.390625e+04 3.444692e-16 1.461494e+22 
2.406250e+04 3.589753e-16 1.402839e+22 
2.421875e+04 3.742406e-16 1.346026e+22 
2.437500e+04 3.900058e-16 1.292019e+22 
2.453125e+04 4.065865e-16 1.239738e+22 
2.468750e+04 4.237120e-16 1.190035e+22 
2.484375e+04 4.417137e-16 1.141944e+22 
2.500000e+04 4.603091e-16 1.096216e+22 
2.515625e+04 4.798474e-16 1.051988e+22 
2.531250e+04 5.000327e-16 1.009925e+22 
2.546875e+04 5.212355e-16 9.692496e+21 
2.562500e+04 5.431439e-16 9.305570e+21 
2.578125e+04 5.661558e-16 8.931403e+21 
2.593750e+04 5.899375e-16 8.575388e+21 
2.609375e+04 6.149240e-16 8.231005e+21 
2.625000e+04 6.407515e-16 7.903258e+21 
2.640625e+04 6.679060e-16 7.586009e+21 
2.656250e+04 6.959807e-16 7.284035e+21 
2.671875e+04 7.255318e-16 6.991427e+21 
2.687500e+04 7.560917e-16 6.712887e+21 
2.703125e+04 7.883126e-16 6.442597e+21 
2.718750e+04 8.216414e-16 6.185318e+21 
2.734375e+04 8.568587e-16 5.935209e+21 
2.750000e+04 8.932947e-16 5.697200e+21 
2.765625e+04 9.318966e-16 5.465348e+21 
2.781250e+04 9.718407e-16 5.244824e+21 
2.796875e+04 1.014283e-15 5.029542e+21 
2.812500e+04 1.058202e-15 4.824946e+21 
2.828125e+04 1.105007e-15 4.624814e+21 
2.843750e+04 1.153435e-15 4.434834e+21 
2.859375e+04 1.205183e-15 4.248706e+21 
2.875000e+04 1.258708e-15 4.072288e+21 
2.890625e+04 1.316020e-15 3.899295e+21 
2.906250e+04 1.375263e-15 3.735630e+21 
2.921875e+04 1.438772e-15 3.575151e+21 
2.937500e+04 1.504355e-15 3.423649e+21 
2.953125e+04 1.574657e-15 3.275262e+21 
2.968750e+04 1.647159e-15 3.135498e+21 
2.984375e+04 1.724768e-15 2.998911e+21 
3.000000e+04 1.804667e-15 2.870565e+21 
3.015625e+04 1.889953e-15 2.745541e+21 
3.031250e+04 1.977574e-15 2.628324e+21 
3.046875e+04 2.070708e-15 2.514608e+21 
3.062500e+04 2.166160e-15 2.408208e+21 
3.078125e+04 2.267062e-15 2.305475e+21 
3.093750e+04 2.370192e-15 2.209512e+21 
3.109375e+04 2.478483e-15 2.117342e+21 
3.125000e+04 2.588833e-15 2.031352e+21 
3.140625e+04 2.703811e-15 1.949222e+21 
3.156250e+04 2.820589e-15 1.872661e+21 
3.171875e+04 2.941199e-15 1.799969e+21 
3.187500e+04 3.063263e-15 1.732229e+21 
3.203125e+04 3.188095e-15 1.668318e+21 
3.218750e+04 3.313944e-15 1.608760e+21 
3.234375e+04 3.441225e-15 1.552956e+21 
3.250000e+04 3.568999e-15 1.500938e+21 
3.265625e+04 3.696591e-15 1.452583e+21 
3.281250e+04 3.824074e-15 1.407492e+21 
3.296875e+04 3.949475e-15 1.365977e+21 
3.312500e+04 4.074090e-15 1.327255e+21 
3.328125e+04 4.194423e-15 1.292046e+21 
3.343750e+04 4.313228e-15 1.259212e+21 
3.359375e+04 4.425231e-15 1.229872e+21 
3.375000e+04 4.534909e-15 1.202546e+21 
3.390625e+04 4.634913e-15 1.178757e+21 
3.406250e+04 4.731753e-15 1.156679e+21 
3.421875e+04 4.815677e-15 1.138264e+21 
3.437500e+04 4.895565e-15 1.121321e+21 
3.453125e+04 4.958923e-15 1.108273e+21 
3.468750e+04 5.017366e-15 1.096528e+21 
3.484375e+04 5.055337e-15 1.089043e+21 
3.500000e+04 5.087536e-15 1.082783e+21 
3.515625e+04 5.095128e-15 1.081319e+21 
3.531250e+04 5.096161e-15 1.081120e+21 
3.546875e+04 5.068523e-15 1.086470e+21 
3.562500e+04 5.033677e-15 1.093299e+21 
3.578125e+04 4.966622e-15 1.106710e+21 
3.593750e+04 4.891948e-15 1.122077e+21 
3.609375e+04 4.782734e-15 1.145416e+21 
3.625000e+04 4.665867e-15 1.171601e+21 
3.640625e+04 4.514303e-15 1.207579e+21 
3.656250e+04 4.355605e-15 1.247934e+21 
3.671875e+04 4.165489e-15 1.300326e+21 
3.687500e+04 3.969545e-15 1.359577e+21 
3.703125e+04 3.750444e-15 1.433161e+21 
3.718750e+04 3.527938e-15 1.517243e+21 
3.734375e+04 3.297138e-15 1.616451e+21 
3.750000e+04 3.066908e-15 1.730289e+21 
3.765625e+04 2.850555e-15 1.854027e+21 
3.781250e+04 2.640572e-15 1.993509e+21 
3.796875e+04 2.470358e-15 2.123979e+21 
3.812500e+04 2.313034e-15 2.261642e+21 
3.828125e+04 2.211091e-15 2.361306e+21 
3.843750e+04 2.125019e-15 2.452898e+21 
3.859375e+04 2.083996e-15 2.499213e+21 
3.875000e+04 2.054840e-15 2.533255e+21 
3.890625e+04 2.045791e-15 2.544018e+21 
3.906250e+04 2.041616e-15 2.549015e+21 
3.921875e+04 2.041589e-15 2.549047e+21 
3.937500e+04 2.041696e-15 2.548919e+21 
3.953125e+04 2.043763e-15 2.546442e+21 
3.968750e+04 2.043626e-15 2.546606e+21 
3.984375e+04 2.043585e-15 2.546655e+21 
4.000000e+04 2.045386e-15 2.544501e+21 
4.015625e+04 2.043585e-15 2.546655e+21 
4.031250e+04 2.043626e-15 2.546606e+21 
4.046875e+04 2.043763e-15 2.546442e+21 
4.062500e+04 2.041696e-15 2.548919e+21 
4.078125e+04 2.041589e-15 2.549047e+21 
4.093750e+04 2.041616e-15 2.549015e+21 
4.109375e+04 2.045791e-15 2.544018e+21 
4.125000e+04 2.054840e-15 2.533255e+21 
4.140625e+04 2.083996e-15 2.499213e+21 
4.156250e+04 2.125019e-15 2.452898e+21 
4.171875e+04 2.211091e-15 2.361306e+21 
4.187500e+04 2.313034e-15 2.261642e+21 
4.203125e+04 2.470358e-15 2.123979e+21 
4.218750e+04 2.640572e-15 1.993509e+21 
4.234375e+04 2.850555e-15 1.854027e+21 
4.250000e+04 3.066908e-15 1.730289e+21 
4.265625e+04 3.297138e-15 1.616451e+21 
4.281250e+04 3.527938e-15 1.517243e+21 
4.296875e+04 3.750444e-15 1.433161e+21 
4.312500e+04 3.969545e-15 1.359577e+21 
4.328125e+04 4.165489e-15 1.300326e+21 
4.343750e+04 4.355605e-15 1.247934e+21 
4.359375e+04 4.514303e-15 1.207579e+21 
4.375000e+04 4.665867e-15 1.171601e+21 
4.390625e+04 4.782734e-15 1.145416e+21 
4.406250e+04 4.891948e-15 1.122077e+21 
4.421875e+04 4.966622e-15 1.106710e+21 
4.437500e+04 5.033677e-15 1.093299e+21 
4.453125e+04 5.068523e-15 1.086470e+21 
4.468750e+04 5.096161e-15 1.081120e+21 
4.484375e+04 5.095128e-15 1.081319e+21 
4.500000e+04 5.087536e-15 1.082783e+21 
4.515625e+04 5.055337e-15 1.089043e+21 
4.531250e+04 5.017366e-15 1.096528e+21 
4.546875e+04 4.958923e-15 1.108273e+21 
4.562500e+04 4.895565e-15 1.121321e+21 
4.578125e+04 4.815677e-15 1.138264e+21 
4.593750e+04 4.731753e-15 1.156679e+21 
4.609375e+04 4.634913e-15 1.178757e+21 
4.625000e+04 4.534909e-15 1.202546e+21 
4.640625e+04 4.425231e-15 1.229872e+21 
4.656250e+04 4.313228e-15 1.259212e+21 
4.671875e+04 4.194423e-15 1.292046e+21 
4.687500e+04 4.074090e-15 1.327255e+21 
4.703125e+04 3.949475e-15 1.365977e+21 
4.718750e+04 3.824074e-15 1.407492e+21 
4.734375e+04 3.696591e-15 1.452583e+21 
4.750000e+04 3.568999e-15 1.500938e+21 
4.765625e+04 3.441225e-15 1.552956e+21 
4.781250e+04 3.313944e-15 1.608760e+21 
4.796875e+04 3.188095e-15 1.668318e+21 
4.812500e+04 3.063263e-15 1.732229e+21 
4.828125e+04 2.941199e-15 1.799969e+21 
4.843750e+04 2.820589e-15 1.872661e+21 
4.859375e+04 2.703811e-15 1.949222e+21 
4.875000e+04 2.588833e-15 2.031352e+21 
4.890625e+04 2.478483e-15 2.117342e+21 
4.906250e+04 2.370192e-15 2.209512e+21 
4.921875e+04 2.267062e-15 2.305475e+21 
4.937500e+04 2.166160e-15 2.408208e+21 
4.953125e+04 2.070708e-15 2.514608e+21 
4.968750e+04 1.977574e-15 2.628324e+21 
4.984375e+04 1.889953e-15 2.745541e+21 
5.000000e+04 1.804667e-15 2.870565e+21 
5.015625e+04 1.724768e-15 2.998911e+21 
5.031250e+04 1.647159e-15 3.135498e+21 
5.046875e+04 1.574657e-15 3.275262e+21 
5.062500e+04 1.504355e-15 3.423649e+21 
5.078125e+04 1.438772e-15 3.575151e+21 
5.093750e+04 1.375263e-15 3.735630e+21 
5.109375e+04 1.316020e-15 3.899295e+21 
5.125000e+04 1.258708e-15 4.072288e+21 
5.140625e+04 1.205183e-15 4.248706e+21 
5.156250e+04 1.153435e-15 4.434834e+21 
5.171875e+04 1.105007e-15 4.624814e+21 
5.187500e+04 1.058202e-15 4.824946e+21 
5.203125e+04 1.014283e-15 5.029542e+21 
5.218750e+04 9.718407e-16 5.244824e+21 
5.234375e+04 9.318966e-16 5.465348e+21 
5.250000e+04 8.932947e-16 5.697200e+21 
5.265625e+04 8.568587e-16 5.935209e+21 
5.281250e+04 8.216414e-16 6.185318e+21 
5.296875e+04 7.883126e-16 6.442597e+21 
5.312500e+04 7.560917e-16 6.712887e+21 
5.328125e+04 7.255318e-16 6.991427e+21 
5.343750e+04 6.959807e-16 7.284035e+21 
5.359375e+04 6.679060e-16 7.586009e+21 
5.375000e+04 6.407515e-16 7.903258e+21 
5.390625e+04 6.149240e-16 8.231005e+21 
5.406250e+04 5.899375e-16 8.575388e+21 
5.421875e+04 5.661558e-16 8.931403e+21 
5.437500e+04 5.431439e-16 9.305570e+21 
5.453125e+04 5.212355e-16 9.692496e+21 
5.468750e+04 5.000327e-16 1.009925e+22 
5.484375e+04 4.798474e-16 1.051988e+22 
5.500000e+04 4.603091e-16 1.096216e+22 
5.515625e+04 4.417137e-16 1.141944e+22 
5.531250e+04 4.237120e-16 1.190035e+22 
5.546875e+04 4.065865e-16 1.239738e+22 
5.562500e+04 3.900058e-16 1.292019e+22 
5.578125e+04 3.742406e-16 1.346026e+22 
5.593750e+04 3.589753e-16 1.402839e+22 
5.609375e+04 3.444692e-16 1.461494e+22 
5.625000e+04 3.304219e-16 1.523202e+22 
5.640625e+04 3.170809e-16 1.586869e+22 
5.656250e+04 3.041606e-16 1.653852e+22 
5.671875e+04 2.918970e-16 1.722916e+22 
5.687500e+04 2.800190e-16 1.795575e+22 
5.703125e+04 2.687506e-16 1.870443e+22 
5.718750e+04 2.578354e-16 1.949202e+22 
5.734375e+04 2.474854e-16 2.030301e+22 
5.750000e+04 2.374588e-16 2.115607e+22 
5.765625e+04 2.279552e-16 2.203392e+22 
5.781250e+04 2.187476e-16 2.295717e+22 
5.796875e+04 2.100232e-16 2.390666e+22 
5.812500e+04 2.015697e-16 2.490507e+22 
5.828125e+04 1.935619e-16 2.593127e+22 
5.843750e+04 1.858019e-16 2.701011e+22 
5.859375e+04 1.784526e-16 2.811837e+22 
5.875000e+04 1.713297e-16 2.928321e+22 
5.890625e+04 1.645847e-16 3.047919e+22 
5.906250e+04 1.580467e-16 3.173591e+22 
5.921875e+04 1.518560e-16 3.302560e+22 
5.937500e+04 1.458544e-16 3.438042e+22 
5.953125e+04 1.401717e-16 3.577017e+22 
5.968750e+04 1.346618e-16 3.722969e+22 
5.984375e+04 1.294445e-16 3.872621e+22 
6.000000e+04 1.243849e-16 4.029741e+22 
6.015625e+04 1.195936e-16 4.190783e+22 
6.031250e+04 1.149464e-16 4.359811e+22 
6.046875e+04 1.105450e-16 4.532999e+22 
6.062500e+04 1.062751e-16 4.714722e+22 
6.078125e+04 1.022305e-16 4.900859e+22 
6.093750e+04 9.830594e-17 5.096112e+22 
6.109375e+04 9.458763e-17 5.296051e+22 
6.125000e+04 9.097893e-17 5.505723e+22 
6.140625e+04 8.755908e-17 5.720373e+22 
6.156250e+04 8.423933e-17 5.945411e+22 
6.171875e+04 8.109244e-17 6.175741e+22 
6.187500e+04 7.803700e-17 6.417153e+22 
6.203125e+04 7.513980e-17 6.664197e+22 
6.218750e+04 7.232614e-17 6.923061e+22 
6.234375e+04 6.965736e-17 7.187922e+22 
6.250000e+04 6.706491e-17 7.465389e+22 
6.265625e+04 6.460513e-17 7.749247e+22 
6.281250e+04 6.221513e-17 8.046550e+22 
6.296875e+04 5.994664e-17 8.350668e+22 
6.312500e+04 5.774197e-17 8.669127e+22 
6.328125e+04 5.564862e-17 8.994860e+22 
6.343750e+04 5.361366e-17 9.335889e+22 
6.359375e+04 5.168073e-17 9.684690e+22 
6.375000e+04 4.980125e-17 1.004981e+23 
6.390625e+04 4.801532e-17 1.042324e+23 
6.406250e+04 4.627835e-17 1.081408e+23 
6.421875e+04 4.462721e-17 1.121382e+23 
6.437500e+04 4.302092e-17 1.163214e+23 
6.453125e+04 4.149342e-17 1.205998e+23 
6.468750e+04 4.000704e-17 1.250767e+23 
6.484375e+04 3.859303e-17 1.296558e+23 
6.500000e+04 3.721674e-17 1.344468e+23 
6.515625e+04 3.590695e-17 1.393474e+23 
6.531250e+04 3.463179e-17 1.444746e+23 
6.546875e+04 3.341779e-17 1.497194e+23 
6.562500e+04 3.223560e-17 1.552065e+23 
6.578125e+04 3.110968e-17 1.608201e+23 
6.593750e+04 3.001300e-17 1.666928e+23 
6.609375e+04 2.896813e-17 1.727017e+23 
6.625000e+04 2.795016e-17 1.789881e+23 
6.640625e+04 2.697993e-17 1.854211e+23 
6.656250e+04 2.603445e-17 1.921513e+23 
6.671875e+04 2.513299e-17 1.990397e+23 
6.687500e+04 2.425432e-17 2.062468e+23 
6.703125e+04 2.341627e-17 2.136246e+23 
6.718750e+04 2.259922e-17 2.213444e+23 
6.734375e+04 2.181966e-17 2.292489e+23 
6.750000e+04 2.105947e-17 2.375205e+23 
6.765625e+04 2.033392e-17 2.459921e+23 
6.781250e+04 1.962623e-17 2.548585e+23 
6.796875e+04 1.895057e-17 2.639417e+23 
6.812500e+04 1.829140e-17 2.734498e+23 
6.828125e+04 1.766184e-17 2.831934e+23 
6.843750e+04 1.704753e-17 2.933948e+23 
6.859375e+04 1.646062e-17 3.038523e+23 
6.875000e+04 1.588779e-17 3.148039e+23 
6.890625e+04 1.534035e-17 3.260345e+23 
6.906250e+04 1.480593e-17 3.377991e+23 
6.921875e+04 1.429503e-17 3.498683e+23 
6.937500e+04 1.379619e-17 3.625153e+23 
6.953125e+04 1.331915e-17 3.754957e+23 
6.968750e+04 1.285326e-17 3.891024e+23 
6.984375e+04 1.240760e-17 4.030747e+23 
7.000000e+04 1.197228e-17 4.177271e+23 
7.015625e+04 1.155574e-17 4.327811e+23 
7.031250e+04 1.114878e-17 4.485752e+23 
7.046875e+04 1.075925e-17 4.648117e+23 
7.062500e+04 1.037861e-17 4.818552e+23 
7.078125e+04 1.001418e-17 4.993870e+23 
7.093750e+04 9.657993e-18 5.178007e+23 
7.109375e+04 9.316881e-18 5.367549e+23 
7.125000e+04 8.983423e-18 5.566752e+23 
7.140625e+04 8.663997e-18 5.771951e+23 
7.156250e+04 8.351680e-18 5.987759e+23 
7.171875e+04 8.052435e-18 6.210240e+23 
7.187500e+04 7.759798e-18 6.444402e+23 
7.203125e+04 7.479348e-18 6.686008e+23 
7.218750e+04 7.205045e-18 6.940512e+23 
7.234375e+04 6.942114e-18 7.203345e+23 
7.250000e+04 6.684906e-18 7.480462e+23 
7.265625e+04 6.438321e-18 7.766922e+23 
7.281250e+04 6.197067e-18 8.069252e+23 
7.296875e+04 5.965750e-18 8.382092e+23 
7.312500e+04 5.739403e-18 8.712620e+23 
7.328125e+04 5.522365e-18 9.055002e+23 
7.343750e+04 5.309964e-18 9.417165e+23 
7.359375e+04 5.106301e-18 9.792727e+23 
7.375000e+04 4.906970e-18 1.019049e+24 
7.390625e+04 4.715860e-18 1.060342e+24 
7.406250e+04 4.528802e-18 1.104134e+24 
7.421875e+04 4.349505e-18 1.149645e+24 
7.437500e+04 4.174006e-18 1.197978e+24 
7.453125e+04 4.005864e-18 1.248258e+24 
7.468750e+04 3.841288e-18 1.301734e+24 
7.484375e+04 3.683730e-18 1.357406e+24 
7.500000e+04 3.529528e-18 1.416706e+24 
7.515625e+04 3.382067e-18 1.478471e+24 
7.531250e+04 3.237778e-18 1.544354e+24 
7.546875e+04 3.100019e-18 1.612977e+24 
7.562500e+04 2.965271e-18 1.686269e+24 
7.578125e+04 2.836910e-18 1.762564e+24 
7.593750e+04 2.711422e-18 1.844133e+24 
7.609375e+04 2.592235e-18 1.928918e+24 
7.625000e+04 2.475809e-18 2.019622e+24 
7.640625e+04 2.365650e-18 2.113663e+24 
7.656250e+04 2.258159e-18 2.214271e+24 
7.671875e+04 2.156938e-18 2.318178e+24 
7.687500e+04 2.058313e-18 2.429250e+24 
7.703125e+04 1.965984e-18 2.543331e+24 
7.718750e+04 1.876197e-18 2.665039e+24 
7.734375e+04 1.792746e-18 2.789090e+24 
7.750000e+04 1.711806e-18 2.920963e+24 
7.765625e+04 1.637260e-18 3.053954e+24 
7.781250e+04 1.565216e-18 3.194516e+24 
7.796875e+04 1.499652e-18 3.334176e+24 
7.812500e+04 1.436615e-18 3.480470e+24 
7.828125e+04 1.380181e-18 3.622780e+24 
7.843750e+04 1.326335e-18 3.769848e+24 
7.859375e+04 1.279256e-18 3.908584e+24 
7.875000e+04 1.234863e-18 4.049091e+24 
7.890625e+04 1.197424e-18 4.175692e+24 
7.906250e+04 1.162792e-18 4.300053e+24 
7.921875e+04 1.135300e-18 4.404183e+24 
7.937500e+04 1.110742e-18 4.501552e+24 
7.953125e+04 1.093480e-18 4.572614e+24 
7.968750e+04 1.079259e-18 4.632863e+24 
7.984375e+04 1.072439e-18 4.662328e+24 
8.000000e+04 1.068720e-18 4.678549e+24 
