0.000000e+00 1.064196e-19 1.000000e+25 
3.125000e+02 1.064806e-19 1.000000e+25 
6.250000e+02 1.066377e-19 1.000000e+25 
9.375000e+02 1.069167e-19 1.000000e+25 
1.250000e+03 1.072918e-19 1.000000e+25 
1.562500e+03 1.077891e-19 1.000000e+25 
1.875000e+03 1.083826e-19 1.000000e+25 
2.187500e+03 1.090986e-19 1.000000e+25 
2.500000e+03 1.099111e-19 1.000000e+25 
2.812500e+03 1.108471e-19 1.000000e+25 
3.125000e+03 1.118800e-19 1.000000e+25 
3.437500e+03 1.130384e-19 1.000000e+25 
3.750000e+03 1.142945e-19 1.000000e+25 
4.062500e+03 1.156800e-19 1.000000e+25 
4.375000e+03 1.171645e-19 1.000000e+25 
4.687500e+03 1.187846e-19 1.000000e+25 
5.000000e+03 1.205059e-19 1.000000e+25 
5.312500e+03 1.223719e-19 1.000000e+25 
5.625000e+03 1.243422e-19 1.000000e+25 
5.937500e+03 1.264694e-19 1.000000e+25 
6.250000e+03 1.287049e-19 1.000000e+25 
6.562500e+03 1.311118e-19 1.000000e+25 
6.875000e+03 1.336314e-19 1.000000e+25 
7.187500e+03 1.363375e-19 1.000000e+25 
7.500000e+03 1.391613e-19 1.000000e+25 
7.812500e+03 1.421884e-19 1.000000e+25 
8.125000e+03 1.453382e-19 1.000000e+25 
8.437500e+03 1.487005e-19 1.000000e+25 
8.750000e+03 1.521892e-19 1.000000e+25 
9.062500e+03 1.559251e-19 1.000000e+25 
9.375000e+03 1.598005e-19 1.000000e+25 
9.687500e+03 1.638679e-19 1.000000e+25 
1.000000e+04 1.680379e-19 1.000000e+25 
1.031250e+04 1.725258e-19 1.000000e+25 
1.062500e+04 1.772852e-19 1.000000e+25 
1.093750e+04 1.823326e-19 1.000000e+25 
1.125000e+04 1.875248e-19 1.000000e+25 
1.156250e+04 1.912699e-19 1.000000e+25 
1.187500e+04 1.934043e-19 1.000000e+25 
1.218750e+04 2.042149e-19 1.000000e+25 
1.250000e+04 2.295668e-19 1.000000e+25 
1.281250e+04 2.668327e-19 1.000000e+25 
1.312500e+04 3.067031e-19 1.000000e+25 
1.343750e+04 3.514018e-19 1.000000e+25 
1.375000e+04 4.011699e-19 1.000000e+25 
1.406250e+04 4.604986e-19 1.000000e+25 
1.437500e+04 5.264783e-19 9.497111e+24 
1.468750e+04 6.052959e-19 8.260579e+24 
1.500000e+04 6.925335e-19 7.219889e+24 
1.531250e+04 7.963189e-19 6.279001e+24 
1.562500e+04 9.112471e-19 5.487003e+24 
1.593750e+04 1.048542e-18 4.768615e+24 
1.625000e+04 1.200736e-18 4.164128e+24 
1.656250e+04 1.383136e-18 3.615047e+24 
1.687500e+04 1.585419e-18 3.153753e+24 
1.718750e+04 1.828304e-18 2.734833e+24 
1.750000e+04 2.097874e-18 2.383375e+24 
1.781250e+04 2.422292e-18 2.064206e+24 
1.812500e+04 2.782756e-18 1.796789e+24 
1.843750e+04 3.217651e-18 1.553965e+24 
1.875000e+04 3.701451e-18 1.350829e+24 
1.906250e+04 4.286547e-18 1.166469e+24 
1.937500e+04 4.938248e-18 1.012511e+24 
1.968750e+04 5.728161e-18 8.729035e+23 
2.000000e+04 6.609113e-18 7.565359e+23 
2.031250e+04 7.679211e-18 6.511267e+23 
2.062500e+04 8.874180e-18 5.634362e+23 
2.093750e+04 1.032885e-17 4.840952e+23 
2.125000e+04 1.195537e-17 4.182253e+23 
2.156250e+04 1.393967e-17 3.586998e+23 
2.187500e+04 1.616120e-17 3.093857e+23 
2.218750e+04 1.887716e-17 2.648792e+23 
2.250000e+04 2.192158e-17 2.280879e+23 
2.281250e+04 2.565104e-17 1.949308e+23 
2.312500e+04 2.983655e-17 1.675816e+23 
2.343750e+04 3.497269e-17 1.429741e+23 
2.375000e+04 4.074353e-17 1.227205e+23 
2.406250e+04 4.783411e-17 1.045322e+23 
2.437500e+04 5.580965e-17 8.959169e+22 
2.468750e+04 6.561604e-17 7.620430e+22 
2.500000e+04 7.665773e-17 6.522629e+22 
2.531250e+04 9.023790e-17 5.541186e+22 
2.562500e+04 1.055431e-16 4.737519e+22 
2.593750e+04 1.243774e-16 4.020249e+22 
2.625000e+04 1.456210e-16 3.433681e+22 
2.656250e+04 1.718266e-16 2.910101e+22 
2.687500e+04 2.014011e-16 2.482714e+22 
2.718750e+04 2.381245e-16 2.099906e+22 
2.750000e+04 2.795811e-16 1.788492e+22 
2.781250e+04 3.316694e-16 1.507668e+22 
2.812500e+04 3.904682e-16 1.280614e+22 
2.843750e+04 4.653527e-16 1.074581e+22 
2.875000e+04 5.497904e-16 9.095374e+21 
2.906250e+04 6.581068e-16 7.598704e+21 
2.937500e+04 7.797698e-16 6.413149e+21 
2.968750e+04 9.350272e-16 5.348516e+21 
3.000000e+04 1.108050e-15 4.513431e+21 
3.031250e+04 1.325212e-15 3.774016e+21 
3.062500e+04 1.564529e-15 3.196851e+21 
3.093750e+04 1.857995e-15 2.692086e+21 
3.125000e+04 2.177193e-15 2.297537e+21 
3.156250e+04 2.557960e-15 1.955687e+21 
3.187500e+04 2.966065e-15 1.686737e+21 
3.218750e+04 3.436138e-15 1.456122e+21 
3.250000e+04 3.930985e-15 1.272947e+21 
3.281250e+04 4.472482e-15 1.118948e+21 
3.312500e+04 5.028467e-15 9.953399e+20 
3.343750e+04 5.587273e-15 8.958929e+20 
3.375000e+04 6.138833e-15 8.154874e+20 
3.406250e+04 6.608965e-15 7.575527e+20 
3.437500e+04 7.038308e-15 7.113979e+20 
3.468750e+04 7.261560e-15 6.895640e+20 
3.500000e+04 7.404795e-15 6.762388e+20 
3.531250e+04 7.217989e-15 6.937197e+20 
3.562500e+04 6.929360e-15 7.225709e+20 
3.593750e+04 6.287536e-15 7.962258e+20 
3.625000e+04 5.570110e-15 8.986548e+20 
3.656250e+04 4.660858e-15 1.073768e+21 
3.687500e+04 3.739213e-15 1.338181e+21 
3.718750e+04 3.008989e-15 1.662843e+21 
3.750000e+04 2.352702e-15 2.126256e+21 
3.781250e+04 2.064441e-15 2.423038e+21 
3.812500e+04 1.872276e-15 2.671547e+21 
3.843750e+04 1.800823e-15 2.777508e+21 
3.875000e+04 1.755861e-15 2.848606e+21 
3.906250e+04 1.725923e-15 2.898002e+21 
3.937500e+04 1.690087e-15 2.959434e+21 
3.968750e+04 1.676622e-15 2.983186e+21 
4.000000e+04 1.669331e-15 2.996212e+21 
4.031250e+04 1.676622e-15 2.983186e+21 
4.062500e+04 1.690087e-15 2.959434e+21 
4.093750e+04 1.725923e-15 2.898002e+21 
4.125000e+04 1.755861e-15 2.848606e+21 
4.156250e+04 1.800823e-15 2.777508e+21 
4.187500e+04 1.872276e-15 2.671547e+21 
4.218750e+04 2.064441e-15 2.423038e+21 
4.250000e+04 2.352702e-15 2.126256e+21 
4.281250e+04 3.008989e-15 1.662843e+21 
4.312500e+04 3.739213e-15 1.338181e+21 
4.343750e+04 4.660858e-15 1.073768e+21 
4.375000e+04 5.570110e-15 8.986548e+20 
4.406250e+04 6.287536e-15 7.962258e+20 
4.437500e+04 6.929360e-15 7.225709e+20 
4.468750e+04 7.217989e-15 6.937197e+20 
4.500000e+04 7.404795e-15 6.762388e+20 
4.531250e+04 7.261560e-15 6.895640e+20 
4.562500e+04 7.038308e-15 7.113979e+20 
4.593750e+04 6.608965e-15 7.575527e+20 
4.625000e+04 6.138833e-15 8.154874e+20 
4.656250e+04 5.587273e-15 8.958929e+20 
4.687500e+04 5.028467e-15 9.953399e+20 
4.718750e+04 4.472482e-15 1.118948e+21 
4.750000e+04 3.930985e-15 1.272947e+21 
4.781250e+04 3.436138e-15 1.456122e+21 
4.812500e+04 2.966065e-15 1.686737e+21 
4.843750e+04 2.557960e-15 1.955687e+21 
4.875000e+04 2.177193e-15 2.297537e+21 
4.906250e+04 1.857995e-15 2.692086e+21 
4.937500e+04 1.564529e-15 3.196851e+21 
4.968750e+04 1.325212e-15 3.774016e+21 
5.000000e+04 1.108050e-15 4.513431e+21 
5.031250e+04 9.350272e-16 5.348516e+21 
5.062500e+04 7.797698e-16 6.413149e+21 
5.093750e+04 6.581068e-16 7.598704e+21 
5.125000e+04 5.497904e-16 9.095374e+21 
5.156250e+04 4.653527e-16 1.074581e+22 
5.187500e+04 3.904682e-16 1.280614e+22 
5.218750e+04 3.316694e-16 1.507668e+22 
5.250000e+04 2.795811e-16 1.788492e+22 
5.281250e+04 2.381245e-16 2.099906e+22 
5.312500e+04 2.014011e-16 2.482714e+22 
5.343750e+04 1.718266e-16 2.910101e+22 
5.375000e+04 1.456210e-16 3.433681e+22 
5.406250e+04 1.243774e-16 4.020249e+22 
5.437500e+04 1.055431e-16 4.737519e+22 
5.468750e+04 9.023790e-17 5.541186e+22 
5.500000e+04 7.665773e-17 6.522629e+22 
5.531250e+04 6.561604e-17 7.620430e+22 
5.562500e+04 5.580965e-17 8.959169e+22 
5.593750e+04 4.783411e-17 1.045322e+23 
5.625000e+04 4.074353e-17 1.227205e+23 
5.656250e+04 3.497269e-17 1.429741e+23 
5.687500e+04 2.983655e-17 1.675816e+23 
5.718750e+04 2.565104e-17 1.949308e+23 
5.750000e+04 2.192158e-17 2.280879e+23 
5.781250e+04 1.887716e-17 2.648792e+23 
5.812500e+04 1.616120e-17 3.093857e+23 
5.843750e+04 1.393967e-17 3.586998e+23 
5.875000e+04 1.195537e-17 4.182253e+23 
5.906250e+04 1.032885e-17 4.840952e+23 
5.937500e+04 8.874180e-18 5.634362e+23 
5.968750e+04 7.679211e-18 6.511267e+23 
6.000000e+04 6.609113e-18 7.565359e+23 
6.031250e+04 5.728161e-18 8.729035e+23 
6.062500e+04 4.938248e-18 1.012511e+24 
6.093750e+04 4.286547e-18 1.166469e+24 
6.125000e+04 3.701451e-18 1.350829e+24 
6.156250e+04 3.217651e-18 1.553965e+24 
6.187500e+04 2.782756e-18 1.796789e+24 
6.218750e+04 2.422292e-18 2.064206e+24 
6.250000e+04 2.097874e-18 2.383375e+24 
6.281250e+04 1.828304e-18 2.734833e+24 
6.312500e+04 1.585419e-18 3.153753e+24 
6.343750e+04 1.383136e-18 3.615047e+24 
6.375000e+04 1.200736e-18 4.164128e+24 
6.406250e+04 1.048542e-18 4.768615e+24 
6.437500e+04 9.112471e-19 5.487003e+24 
6.468750e+04 7.963189e-19 6.279001e+24 
6.500000e+04 6.925335e-19 7.219889e+24 
6.531250e+04 6.052959e-19 8.260579e+24 
6.562500e+04 5.264783e-19 9.497111e+24 
6.593750e+04 4.604986e-19 1.000000e+25 
6.625000e+04 4.011699e-19 1.000000e+25 
6.656250e+04 3.514018e-19 1.000000e+25 
6.687500e+04 3.067031e-19 1.000000e+25 
6.718750e+04 2.668327e-19 1.000000e+25 
6.750000e+04 2.295668e-19 1.000000e+25 
6.781250e+04 2.042149e-19 1.000000e+25 
6.812500e+04 1.934043e-19 1.000000e+25 
6.843750e+04 1.912699e-19 1.000000e+25 
6.875000e+04 1.875248e-19 1.000000e+25 
6.906250e+04 1.823326e-19 1.000000e+25 
6.937500e+04 1.772852e-19 1.000000e+25 
6.968750e+04 1.725258e-19 1.000000e+25 
7.000000e+04 1.680379e-19 1.000000e+25 
7.031250e+04 1.638679e-19 1.000000e+25 
7.062500e+04 1.598005e-19 1.000000e+25 
7.093750e+04 1.559251e-19 1.000000e+25 
7.125000e+04 1.521892e-19 1.000000e+25 
7.156250e+04 1.487005e-19 1.000000e+25 
7.187500e+04 1.453382e-19 1.000000e+25 
7.218750e+04 1.421884e-19 1.000000e+25 
7.250000e+04 1.391613e-19 1.000000e+25 
7.281250e+04 1.363375e-19 1.000000e+25 
7.312500e+04 1.336314e-19 1.000000e+25 
7.343750e+04 1.311118e-19 1.000000e+25 
7.375000e+04 1.287049e-19 1.000000e+25 
7.406250e+04 1.264694e-19 1.000000e+25 
7.437500e+04 1.243422e-19 1.000000e+25 
7.468750e+04 1.223719e-19 1.000000e+25 
7.500000e+04 1.205059e-19 1.000000e+25 
7.531250e+04 1.187846e-19 1.000000e+25 
7.562500e+04 1.171645e-19 1.000000e+25 
7.593750e+04 1.156800e-19 1.000000e+25 
7.625000e+04 1.142946e-19 1.000000e+25 
7.656250e+04 1.130384e-19 1.000000e+25 
7.687500e+04 1.118800e-19 1.000000e+25 
7.718750e+04 1.108471e-19 1.000000e+25 
7.750000e+04 1.099111e-19 1.000000e+25 
7.781250e+04 1.090986e-19 1.000000e+25 
7.812500e+04 1.083826e-19 1.000000e+25 
7.843750e+04 1.077891e-19 1.000000e+25 
7.875000e+04 1.072918e-19 1.000000e+25 
7.906250e+04 1.069167e-19 1.000000e+25 
7.937500e+04 1.066377e-19 1.000000e+25 
7.968750e+04 1.064806e-19 1.000000e+25 
8.000000e+04 1.064196e-19 1.000000e+25 
