0.000000e+00 8.602617e-19 1.000000e+25 
4.166667e+02 8.618043e-19 1.000000e+25 
8.333333e+02 8.646414e-19 1.000000e+25 
1.250000e+03 8.705636e-19 1.000000e+25 
1.666667e+03 8.777679e-19 1.000000e+25 
2.083333e+03 8.880543e-19 1.000000e+25 
2.500000e+03 8.995984e-19 1.000000e+25 
2.916667e+03 9.142082e-19 1.000000e+25 
3.333333e+03 9.300399e-19 1.000000e+25 
3.750000e+03 9.488935e-19 1.000000e+25 
4.166667e+03 9.689211e-19 1.000000e+25 
4.583333e+03 9.918760e-19 1.000000e+25 
5.000000e+03 1.015944e-18 1.000000e+25 
5.416667e+03 1.042779e-18 1.000000e+25 
5.833333e+03 1.070656e-18 1.000000e+25 
6.250000e+03 1.101069e-18 1.000000e+25 
6.666667e+03 1.132452e-18 1.000000e+25 
7.083333e+03 1.166078e-18 1.000000e+25 
7.500000e+03 1.200611e-18 1.000000e+25 
7.916667e+03 1.237065e-18 1.000000e+25 
8.333333e+03 1.274399e-18 1.000000e+25 
8.750000e+03 1.313394e-18 1.000000e+25 
9.166667e+03 1.353323e-18 1.000000e+25 
9.583333e+03 1.394803e-18 1.000000e+25 
1.000000e+04 1.437375e-18 1.000000e+25 
1.041667e+04 1.481621e-18 1.000000e+25 
1.083333e+04 1.527229e-18 1.000000e+25 
1.125000e+04 1.574933e-18 1.000000e+25 
1.166667e+04 1.624360e-18 1.000000e+25 
1.208333e+04 1.676898e-18 1.000000e+25 
1.250000e+04 1.731883e-18 1.000000e+25 
1.291667e+04 1.792292e-18 1.000000e+25 
1.333333e+04 1.856634e-18 1.000000e+25 
1.375000e+04 1.927538e-18 1.000000e+25 
1.416667e+04 2.002458e-18 1.000000e+25 
1.458333e+04 2.082528e-18 1.000000e+25 
1.500000e+04 2.165379e-18 1.000000e+25 
1.541667e+04 2.259206e-18 1.000000e+25 
1.583333e+04 2.362121e-18 1.000000e+25 
1.625000e+04 2.472524e-18 1.000000e+25 
1.666667e+04 2.551065e-18 1.000000e+25 
1.708333e+04 2.634285e-18 1.000000e+25 
1.750000e+04 2.807292e-18 1.000000e+25 
1.791667e+04 3.509301e-18 1.000000e+25 
1.833333e+04 4.502780e-18 1.000000e+25 
1.875000e+04 5.945200e-18 9.305794e+24 
1.916667e+04 7.590499e-18 7.355914e+24 
1.958333e+04 9.713655e-18 5.800608e+24 
2.000000e+04 1.220792e-17 4.656224e+24 
2.041667e+04 1.555059e-17 3.688417e+24 
2.083333e+04 1.945875e-17 2.973387e+24 
2.125000e+04 2.468697e-17 2.364903e+24 
2.166667e+04 3.079621e-17 1.912365e+24 
2.208333e+04 3.895910e-17 1.524462e+24 
2.250000e+04 4.848879e-17 1.234880e+24 
2.291667e+04 6.122215e-17 9.855720e+23 
2.333333e+04 7.606561e-17 7.991598e+23 
2.375000e+04 9.593590e-17 6.381025e+23 
2.416667e+04 1.190509e-16 5.177178e+23 
2.458333e+04 1.500685e-16 4.134035e+23 
2.500000e+04 1.860419e-16 3.355882e+23 
2.541667e+04 2.344048e-16 2.680685e+23 
2.583333e+04 2.902576e-16 2.178470e+23 
2.625000e+04 3.652227e-16 1.743518e+23 
2.666667e+04 4.512666e-16 1.420819e+23 
2.708333e+04 5.657016e-16 1.142839e+23 
2.750000e+04 6.958997e-16 9.366397e+22 
2.791667e+04 8.659108e-16 7.601980e+22 
2.833333e+04 1.057078e-15 6.288163e+22 
2.875000e+04 1.300189e-15 5.170168e+22 
2.916667e+04 1.569540e-15 4.330820e+22 
2.958333e+04 1.900623e-15 3.620479e+22 
3.000000e+04 2.260741e-15 3.080928e+22 
3.041667e+04 2.683500e-15 2.629761e+22 
3.083333e+04 3.132111e-15 2.282495e+22 
3.125000e+04 3.622800e-15 2.001230e+22 
3.166667e+04 4.124451e-15 1.782350e+22 
3.208333e+04 4.608864e-15 1.619279e+22 
3.250000e+04 5.072304e-15 1.493319e+22 
3.291667e+04 5.409429e-15 1.422890e+22 
3.333333e+04 5.678643e-15 1.376835e+22 
3.375000e+04 5.687750e-15 1.396919e+22 
3.416667e+04 5.589385e-15 1.443938e+22 
3.458333e+04 5.177900e-15 1.580602e+22 
3.500000e+04 4.673720e-15 1.775180e+22 
3.541667e+04 3.992103e-15 2.092824e+22 
3.583333e+04 3.298003e-15 2.550849e+22 
3.625000e+04 2.752058e-15 3.014220e+22 
3.666667e+04 2.285517e-15 3.577710e+22 
3.708333e+04 2.163048e-15 3.712351e+22 
3.750000e+04 2.161690e-15 3.646877e+22 
3.791667e+04 2.189616e-15 3.631708e+22 
3.833333e+04 2.186770e-15 3.667698e+22 
3.875000e+04 2.222109e-15 3.592979e+22 
3.916667e+04 2.259021e-15 3.518210e+22 
3.958333e+04 2.225739e-15 3.597222e+22 
4.000000e+04 2.188253e-15 3.685710e+22 
4.041667e+04 2.225739e-15 3.597222e+22 
4.083333e+04 2.259021e-15 3.518210e+22 
4.125000e+04 2.222109e-15 3.592979e+22 
4.166667e+04 2.186770e-15 3.667698e+22 
4.208333e+04 2.189616e-15 3.631708e+22 
4.250000e+04 2.161690e-15 3.646877e+22 
4.291667e+04 2.163048e-15 3.712351e+22 
4.333333e+04 2.285517e-15 3.577710e+22 
4.375000e+04 2.752058e-15 3.014220e+22 
4.416667e+04 3.298003e-15 2.550849e+22 
4.458333e+04 3.992103e-15 2.092824e+22 
4.500000e+04 4.673720e-15 1.775180e+22 
4.541667e+04 5.177900e-15 1.580602e+22 
4.583333e+04 5.589385e-15 1.443938e+22 
4.625000e+04 5.687750e-15 1.396919e+22 
4.666667e+04 5.678643e-15 1.376835e+22 
4.708333e+04 5.409429e-15 1.422890e+22 
4.750000e+04 5.072304e-15 1.493319e+22 
4.791667e+04 4.608864e-15 1.619279e+22 
4.833333e+04 4.124451e-15 1.782350e+22 
4.875000e+04 3.622800e-15 2.001230e+22 
4.916667e+04 3.132111e-15 2.282495e+22 
4.958333e+04 2.683500e-15 2.629761e+22 
5.000000e+04 2.260741e-15 3.080928e+22 
5.041667e+04 1.900623e-15 3.620479e+22 
5.083333e+04 1.569540e-15 4.330820e+22 
5.125000e+04 1.300189e-15 5.170168e+22 
5.166667e+04 1.057078e-15 6.288163e+22 
5.208333e+04 8.659108e-16 7.601980e+22 
5.250000e+04 6.958997e-16 9.366397e+22 
5.291667e+04 5.657016e-16 1.142839e+23 
5.333333e+04 4.512666e-16 1.420819e+23 
5.375000e+04 3.652227e-16 1.743518e+23 
5.416667e+04 2.902576e-16 2.178470e+23 
5.458333e+04 2.344048e-16 2.680685e+23 
5.500000e+04 1.860419e-16 3.355882e+23 
5.541667e+04 1.500685e-16 4.134035e+23 
5.583333e+04 1.190509e-16 5.177178e+23 
5.625000e+04 9.593590e-17 6.381025e+23 
5.666667e+04 7.606561e-17 7.991598e+23 
5.708333e+04 6.122215e-17 9.855720e+23 
5.750000e+04 4.848879e-17 1.234880e+24 
5.791667e+04 3.895910e-17 1.524462e+24 
5.833333e+04 3.079621e-17 1.912365e+24 
5.875000e+04 2.468697e-17 2.364903e+24 
5.916667e+04 1.945875e-17 2.973387e+24 
5.958333e+04 1.555059e-17 3.688417e+24 
6.000000e+04 1.220792e-17 4.656224e+24 
6.041667e+04 9.713655e-18 5.800608e+24 
6.083333e+04 7.590499e-18 7.355914e+24 
6.125000e+04 5.945200e-18 9.305794e+24 
6.166667e+04 4.502780e-18 1.000000e+25 
6.208333e+04 3.509301e-18 1.000000e+25 
6.250000e+04 2.807292e-18 1.000000e+25 
6.291667e+04 2.634285e-18 1.000000e+25 
6.333333e+04 2.551065e-18 1.000000e+25 
6.375000e+04 2.472524e-18 1.000000e+25 
6.416667e+04 2.362121e-18 1.000000e+25 
6.458333e+04 2.259206e-18 1.000000e+25 
6.500000e+04 2.165379e-18 1.000000e+25 
6.541667e+04 2.082528e-18 1.000000e+25 
6.583333e+04 2.002458e-18 1.000000e+25 
6.625000e+04 1.927538e-18 1.000000e+25 
6.666667e+04 1.856634e-18 1.000000e+25 
6.708333e+04 1.792292e-18 1.000000e+25 
6.750000e+04 1.731883e-18 1.000000e+25 
6.791667e+04 1.676898e-18 1.000000e+25 
6.833333e+04 1.624360e-18 1.000000e+25 
6.875000e+04 1.574933e-18 1.000000e+25 
6.916667e+04 1.527229e-18 1.000000e+25 
6.958333e+04 1.481621e-18 1.000000e+25 
7.000000e+04 1.437375e-18 1.000000e+25 
7.041667e+04 1.394803e-18 1.000000e+25 
7.083333e+04 1.353323e-18 1.000000e+25 
7.125000e+04 1.313394e-18 1.000000e+25 
7.166667e+04 1.274399e-18 1.000000e+25 
7.208333e+04 1.237065e-18 1.000000e+25 
7.250000e+04 1.200611e-18 1.000000e+25 
7.291667e+04 1.166078e-18 1.000000e+25 
7.333333e+04 1.132452e-18 1.000000e+25 
7.375000e+04 1.101069e-18 1.000000e+25 
7.416667e+04 1.070656e-18 1.000000e+25 
7.458333e+04 1.042779e-18 1.000000e+25 
7.500000e+04 1.015944e-18 1.000000e+25 
7.541667e+04 9.918760e-19 1.000000e+25 
7.583333e+04 9.689211e-19 1.000000e+25 
7.625000e+04 9.488935e-19 1.000000e+25 
7.666667e+04 9.300399e-19 1.000000e+25 
7.708333e+04 9.142082e-19 1.000000e+25 
7.750000e+04 8.995984e-19 1.000000e+25 
7.791667e+04 8.880543e-19 1.000000e+25 
7.833333e+04 8.777679e-19 1.000000e+25 
7.875000e+04 8.705636e-19 1.000000e+25 
7.916667e+04 8.646414e-19 1.000000e+25 
7.958333e+04 8.618043e-19 1.000000e+25 
8.000000e+04 8.602617e-19 1.000000e+25 
