0.000000e+00 1.575907e-18 1.000000e+25 
4.166667e+02 1.577492e-18 1.000000e+25 
8.333333e+02 1.580865e-18 1.000000e+25 
1.250000e+03 1.587515e-18 1.000000e+25 
1.666667e+03 1.596035e-18 1.000000e+25 
2.083333e+03 1.608081e-18 1.000000e+25 
2.500000e+03 1.622122e-18 1.000000e+25 
2.916667e+03 1.639895e-18 1.000000e+25 
3.333333e+03 1.659735e-18 1.000000e+25 
3.750000e+03 1.683443e-18 1.000000e+25 
4.166667e+03 1.709386e-18 1.000000e+25 
4.583333e+03 1.739912e-18 1.000000e+25 
5.000000e+03 1.773054e-18 1.000000e+25 
5.416667e+03 1.811462e-18 1.000000e+25 
5.833333e+03 1.852700e-18 1.000000e+25 
6.250000e+03 1.899190e-18 1.000000e+25 
6.666667e+03 1.948451e-18 1.000000e+25 
7.083333e+03 2.003696e-18 1.000000e+25 
7.500000e+03 2.062170e-18 1.000000e+25 
7.916667e+03 2.128213e-18 1.000000e+25 
8.333333e+03 2.199022e-18 1.000000e+25 
8.750000e+03 2.278733e-18 1.000000e+25 
9.166667e+03 2.362571e-18 1.000000e+25 
9.583333e+03 2.448478e-18 1.000000e+25 
1.000000e+04 2.535158e-18 1.000000e+25 
1.041667e+04 2.625979e-18 1.000000e+25 
1.083333e+04 2.676313e-18 1.000000e+25 
1.125000e+04 2.734554e-18 1.000000e+25 
1.166667e+04 2.820006e-18 1.000000e+25 
1.208333e+04 2.953646e-18 1.000000e+25 
1.250000e+04 3.230020e-18 1.000000e+25 
1.291667e+04 3.802932e-18 1.000000e+25 
1.333333e+04 4.572418e-18 1.000000e+25 
1.375000e+04 5.552096e-18 1.000000e+25 
1.416667e+04 6.766500e-18 9.100648e+24 
1.458333e+04 8.136798e-18 7.773327e+24 
1.500000e+04 9.697338e-18 6.700801e+24 
1.541667e+04 1.152855e-17 5.749278e+24 
1.583333e+04 1.365711e-17 4.954039e+24 
1.625000e+04 1.621102e-17 4.243558e+24 
1.666667e+04 1.918778e-17 3.649187e+24 
1.708333e+04 2.276230e-17 3.122787e+24 
1.750000e+04 2.692594e-17 2.683335e+24 
1.791667e+04 3.193053e-17 2.293554e+24 
1.833333e+04 3.776829e-17 1.968324e+24 
1.875000e+04 4.478226e-17 1.679454e+24 
1.916667e+04 5.297327e-17 1.438761e+24 
1.958333e+04 6.283549e-17 1.224929e+24 
2.000000e+04 7.437343e-17 1.047040e+24 
2.041667e+04 8.832330e-17 8.890329e+23 
2.083333e+04 1.046679e-16 7.579770e+23 
2.125000e+04 1.245126e-16 6.415887e+23 
2.166667e+04 1.477967e-16 5.454280e+23 
2.208333e+04 1.762230e-16 4.600058e+23 
2.250000e+04 2.096123e-16 3.897906e+23 
2.291667e+04 2.506488e-16 3.274360e+23 
2.333333e+04 2.988677e-16 2.765131e+23 
2.375000e+04 3.585709e-16 2.314043e+23 
2.416667e+04 4.286378e-16 1.948508e+23 
2.458333e+04 5.158061e-16 1.626864e+23 
2.500000e+04 6.176829e-16 1.368354e+23 
2.541667e+04 7.441197e-16 1.143352e+23 
2.583333e+04 8.906817e-16 9.637459e+22 
2.625000e+04 1.070458e-15 8.091470e+22 
2.666667e+04 1.276312e-15 6.861605e+22 
2.708333e+04 1.524212e-15 5.808827e+22 
2.750000e+04 1.803915e-15 4.970464e+22 
2.791667e+04 2.133964e-15 4.251531e+22 
2.833333e+04 2.500559e-15 3.676273e+22 
2.875000e+04 2.924135e-15 3.181347e+22 
2.916667e+04 3.386457e-15 2.782788e+22 
2.958333e+04 3.905867e-15 2.442225e+22 
3.000000e+04 4.459279e-15 2.166620e+22 
3.041667e+04 5.051442e-15 1.937955e+22 
3.083333e+04 5.657778e-15 1.753190e+22 
3.125000e+04 6.249805e-15 1.610551e+22 
3.166667e+04 6.813061e-15 1.498086e+22 
3.208333e+04 7.264726e-15 1.427876e+22 
3.250000e+04 7.622354e-15 1.380842e+22 
3.291667e+04 7.736067e-15 1.384460e+22 
3.333333e+04 7.685509e-15 1.414562e+22 
3.375000e+04 7.281949e-15 1.518246e+22 
3.416667e+04 6.690006e-15 1.675935e+22 
3.458333e+04 5.798278e-15 1.955653e+22 
3.500000e+04 4.808452e-15 2.381866e+22 
3.541667e+04 3.802022e-15 2.984873e+22 
3.583333e+04 2.878402e-15 3.920691e+22 
3.625000e+04 2.290934e-15 4.709411e+22 
3.666667e+04 1.902314e-15 5.453712e+22 
3.708333e+04 1.825110e-15 5.594716e+22 
3.750000e+04 1.871825e-15 5.378224e+22 
3.791667e+04 1.854416e-15 5.482898e+22 
3.833333e+04 1.769937e-15 5.805793e+22 
3.875000e+04 1.786554e-15 5.669037e+22 
3.916667e+04 1.842244e-15 5.422146e+22 
3.958333e+04 1.787914e-15 5.678645e+22 
4.000000e+04 1.723669e-15 5.987463e+22 
4.041667e+04 1.787914e-15 5.678645e+22 
4.083333e+04 1.842244e-15 5.422146e+22 
4.125000e+04 1.786554e-15 5.669037e+22 
4.166667e+04 1.769937e-15 5.805793e+22 
4.208333e+04 1.854416e-15 5.482898e+22 
4.250000e+04 1.871825e-15 5.378224e+22 
4.291667e+04 1.825110e-15 5.594716e+22 
4.333333e+04 1.902314e-15 5.453712e+22 
4.375000e+04 2.290934e-15 4.709411e+22 
4.416667e+04 2.878402e-15 3.920691e+22 
4.458333e+04 3.802022e-15 2.984873e+22 
4.500000e+04 4.808452e-15 2.381866e+22 
4.541667e+04 5.798278e-15 1.955653e+22 
4.583333e+04 6.690006e-15 1.675935e+22 
4.625000e+04 7.281949e-15 1.518246e+22 
4.666667e+04 7.685509e-15 1.414562e+22 
4.708333e+04 7.736067e-15 1.384460e+22 
4.750000e+04 7.622354e-15 1.380842e+22 
4.791667e+04 7.264726e-15 1.427876e+22 
4.833333e+04 6.813061e-15 1.498086e+22 
4.875000e+04 6.249805e-15 1.610551e+22 
4.916667e+04 5.657778e-15 1.753190e+22 
4.958333e+04 5.051442e-15 1.937955e+22 
5.000000e+04 4.459279e-15 2.166620e+22 
5.041667e+04 3.905867e-15 2.442225e+22 
5.083333e+04 3.386457e-15 2.782788e+22 
5.125000e+04 2.924135e-15 3.181347e+22 
5.166667e+04 2.500559e-15 3.676273e+22 
5.208333e+04 2.133964e-15 4.251531e+22 
5.250000e+04 1.803915e-15 4.970464e+22 
5.291667e+04 1.524212e-15 5.808827e+22 
5.333333e+04 1.276312e-15 6.861605e+22 
5.375000e+04 1.070458e-15 8.091470e+22 
5.416667e+04 8.906817e-16 9.637459e+22 
5.458333e+04 7.441197e-16 1.143352e+23 
5.500000e+04 6.176829e-16 1.368354e+23 
5.541667e+04 5.158061e-16 1.626864e+23 
5.583333e+04 4.286378e-16 1.948508e+23 
5.625000e+04 3.585709e-16 2.314043e+23 
5.666667e+04 2.988677e-16 2.765131e+23 
5.708333e+04 2.506488e-16 3.274360e+23 
5.750000e+04 2.096123e-16 3.897906e+23 
5.791667e+04 1.762230e-16 4.600058e+23 
5.833333e+04 1.477967e-16 5.454280e+23 
5.875000e+04 1.245126e-16 6.415887e+23 
5.916667e+04 1.046679e-16 7.579770e+23 
5.958333e+04 8.832330e-17 8.890329e+23 
6.000000e+04 7.437343e-17 1.047040e+24 
6.041667e+04 6.283549e-17 1.224929e+24 
6.083333e+04 5.297327e-17 1.438761e+24 
6.125000e+04 4.478226e-17 1.679454e+24 
6.166667e+04 3.776829e-17 1.968324e+24 
6.208333e+04 3.193053e-17 2.293554e+24 
6.250000e+04 2.692594e-17 2.683335e+24 
6.291667e+04 2.276230e-17 3.122787e+24 
6.333333e+04 1.918778e-17 3.649187e+24 
6.375000e+04 1.621102e-17 4.243558e+24 
6.416667e+04 1.365711e-17 4.954039e+24 
6.458333e+04 1.152855e-17 5.749278e+24 
6.500000e+04 9.697338e-18 6.700801e+24 
6.541667e+04 8.136798e-18 7.773327e+24 
6.583333e+04 6.766500e-18 9.100648e+24 
6.625000e+04 5.552096e-18 1.000000e+25 
6.666667e+04 4.572418e-18 1.000000e+25 
6.708333e+04 3.802932e-18 1.000000e+25 
6.750000e+04 3.230020e-18 1.000000e+25 
6.791667e+04 2.953646e-18 1.000000e+25 
6.833333e+04 2.820006e-18 1.000000e+25 
6.875000e+04 2.734554e-18 1.000000e+25 
6.916667e+04 2.676313e-18 1.000000e+25 
6.958333e+04 2.625979e-18 1.000000e+25 
7.000000e+04 2.535158e-18 1.000000e+25 
7.041667e+04 2.448478e-18 1.000000e+25 
7.083333e+04 2.362571e-18 1.000000e+25 
7.125000e+04 2.278733e-18 1.000000e+25 
7.166667e+04 2.199022e-18 1.000000e+25 
7.208333e+04 2.128213e-18 1.000000e+25 
7.250000e+04 2.062170e-18 1.000000e+25 
7.291667e+04 2.003696e-18 1.000000e+25 
7.333333e+04 1.948451e-18 1.000000e+25 
7.375000e+04 1.899190e-18 1.000000e+25 
7.416667e+04 1.852700e-18 1.000000e+25 
7.458333e+04 1.811462e-18 1.000000e+25 
7.500000e+04 1.773054e-18 1.000000e+25 
7.541667e+04 1.739912e-18 1.000000e+25 
7.583333e+04 1.709386e-18 1.000000e+25 
7.625000e+04 1.683443e-18 1.000000e+25 
7.666667e+04 1.659735e-18 1.000000e+25 
7.708333e+04 1.639895e-18 1.000000e+25 
7.750000e+04 1.622122e-18 1.000000e+25 
7.791667e+04 1.608081e-18 1.000000e+25 
7.833333e+04 1.596035e-18 1.000000e+25 
7.875000e+04 1.587515e-18 1.000000e+25 
7.916667e+04 1.580865e-18 1.000000e+25 
7.958333e+04 1.577492e-18 1.000000e+25 
8.000000e+04 1.575907e-18 1.000000e+25 
