0.000000e+00 8.674416e-19 1.000000e+25 
2.083333e+02 8.678248e-19 1.000000e+25 
4.166667e+02 8.685327e-19 1.000000e+25 
6.250000e+02 8.700074e-19 1.000000e+25 
8.333333e+02 8.718061e-19 1.000000e+25 
1.041667e+03 8.743724e-19 1.000000e+25 
1.250000e+03 8.772614e-19 1.000000e+25 
1.458333e+03 8.809191e-19 1.000000e+25 
1.666667e+03 8.848977e-19 1.000000e+25 
1.875000e+03 8.896464e-19 1.000000e+25 
2.083333e+03 8.947132e-19 1.000000e+25 
2.291667e+03 9.005512e-19 1.000000e+25 
2.500000e+03 9.067043e-19 1.000000e+25 
2.708333e+03 9.136287e-19 1.000000e+25 
2.916667e+03 9.208642e-19 1.000000e+25 
3.125000e+03 9.288699e-19 1.000000e+25 
3.333333e+03 9.371821e-19 1.000000e+25 
3.541667e+03 9.462607e-19 1.000000e+25 
3.750000e+03 9.556405e-19 1.000000e+25 
3.958333e+03 9.657799e-19 1.000000e+25 
4.166667e+03 9.762142e-19 1.000000e+25 
4.375000e+03 9.873971e-19 1.000000e+25 
4.583333e+03 9.988677e-19 1.000000e+25 
4.791667e+03 1.011071e-18 1.000000e+25 
5.000000e+03 1.023554e-18 1.000000e+25 
5.208333e+03 1.036748e-18 1.000000e+25 
5.416667e+03 1.050212e-18 1.000000e+25 
5.625000e+03 1.064359e-18 1.000000e+25 
5.833333e+03 1.078767e-18 1.000000e+25 
6.041667e+03 1.093826e-18 1.000000e+25 
6.250000e+03 1.109133e-18 1.000000e+25 
6.458333e+03 1.125052e-18 1.000000e+25 
6.666667e+03 1.141211e-18 1.000000e+25 
6.875000e+03 1.157937e-18 1.000000e+25 
7.083333e+03 1.174893e-18 1.000000e+25 
7.291667e+03 1.192372e-18 1.000000e+25 
7.500000e+03 1.210072e-18 1.000000e+25 
7.708333e+03 1.228250e-18 1.000000e+25 
7.916667e+03 1.246646e-18 1.000000e+25 
8.125000e+03 1.265479e-18 1.000000e+25 
8.333333e+03 1.284528e-18 1.000000e+25 
8.541667e+03 1.303982e-18 1.000000e+25 
8.750000e+03 1.323658e-18 1.000000e+25 
8.958333e+03 1.343716e-18 1.000000e+25 
9.166667e+03 1.364011e-18 1.000000e+25 
9.375000e+03 1.384681e-18 1.000000e+25 
9.583333e+03 1.405609e-18 1.000000e+25 
9.791667e+03 1.426926e-18 1.000000e+25 
1.000000e+04 1.448530e-18 1.000000e+25 
1.020833e+04 1.470560e-18 1.000000e+25 
1.041667e+04 1.492915e-18 1.000000e+25 
1.062500e+04 1.515755e-18 1.000000e+25 
1.083333e+04 1.538971e-18 1.000000e+25 
1.104167e+04 1.562755e-18 1.000000e+25 
1.125000e+04 1.586975e-18 1.000000e+25 
1.145833e+04 1.611872e-18 1.000000e+25 
1.166667e+04 1.637273e-18 1.000000e+25 
1.187500e+04 1.663489e-18 1.000000e+25 
1.208333e+04 1.690289e-18 1.000000e+25 
1.229167e+04 1.718066e-18 1.000000e+25 
1.250000e+04 1.746517e-18 1.000000e+25 
1.270833e+04 1.776127e-18 1.000000e+25 
1.291667e+04 1.806508e-18 1.000000e+25 
1.312500e+04 1.838246e-18 1.000000e+25 
1.333333e+04 1.870857e-18 1.000000e+25 
1.354167e+04 1.905073e-18 1.000000e+25 
1.375000e+04 1.940295e-18 1.000000e+25 
1.395833e+04 1.977413e-18 1.000000e+25 
1.416667e+04 2.015683e-18 1.000000e+25 
1.437500e+04 2.056057e-18 1.000000e+25 
1.458333e+04 2.097654e-18 1.000000e+25 
1.479167e+04 2.141519e-18 1.000000e+25 
1.500000e+04 2.186682e-18 1.000000e+25 
1.520833e+04 2.234734e-18 1.000000e+25 
1.541667e+04 2.284532e-18 1.000000e+25 
1.562500e+04 2.337681e-18 1.000000e+25 
1.583333e+04 2.392641e-18 1.000000e+25 
1.604167e+04 2.449943e-18 1.000000e+25 
1.625000e+04 2.508113e-18 1.000000e+25 
1.645833e+04 2.569551e-18 1.000000e+25 
1.666667e+04 2.634211e-18 1.000000e+25 
1.687500e+04 2.699066e-18 1.000000e+25 
1.708333e+04 2.745024e-18 1.000000e+25 
1.729167e+04 2.793160e-18 1.000000e+25 
1.750000e+04 2.893600e-18 1.000000e+25 
1.770833e+04 3.236323e-18 1.000000e+25 
1.791667e+04 3.689599e-18 1.000000e+25 
1.812500e+04 4.255606e-18 1.000000e+25 
1.833333e+04 4.848981e-18 1.000000e+25 
1.854167e+04 5.508759e-18 9.987233e+24 
1.875000e+04 6.225866e-18 8.876788e+24 
1.895833e+04 7.055829e-18 7.869199e+24 
1.916667e+04 7.954209e-18 7.012755e+24 
1.937500e+04 8.991238e-18 6.233556e+24 
1.958333e+04 1.011518e-17 5.567177e+24 
1.979167e+04 1.141299e-17 4.957750e+24 
2.000000e+04 1.281927e-17 4.434860e+24 
2.020833e+04 1.444285e-17 3.954733e+24 
2.041667e+04 1.620143e-17 3.541836e+24 
2.062500e+04 1.823240e-17 3.161777e+24 
2.083333e+04 2.043169e-17 2.834323e+24 
2.104167e+04 2.297197e-17 2.532260e+24 
2.125000e+04 2.572159e-17 2.271681e+24 
2.145833e+04 2.889718e-17 2.030904e+24 
2.166667e+04 3.233320e-17 1.822982e+24 
2.187500e+04 3.630171e-17 1.630599e+24 
2.208333e+04 4.059396e-17 1.464343e+24 
2.229167e+04 4.555154e-17 1.310343e+24 
2.250000e+04 5.091120e-17 1.177189e+24 
2.270833e+04 5.710193e-17 1.053731e+24 
2.291667e+04 6.379157e-17 9.469491e+23 
2.312500e+04 7.151958e-17 8.478561e+23 
2.333333e+04 7.986592e-17 7.621345e+23 
2.354167e+04 8.951014e-17 6.825213e+23 
2.375000e+04 9.991952e-17 6.136531e+23 
2.395833e+04 1.119515e-16 5.496462e+23 
2.416667e+04 1.249285e-16 4.942896e+23 
2.437500e+04 1.399337e-16 4.428089e+23 
2.458333e+04 1.561033e-16 3.983026e+23 
2.479167e+04 1.748061e-16 3.568937e+23 
2.500000e+04 1.949388e-16 3.211134e+23 
2.520833e+04 2.182285e-16 2.878159e+23 
2.541667e+04 2.432668e-16 2.590623e+23 
2.562500e+04 2.722229e-16 2.323067e+23 
2.583333e+04 3.033053e-16 2.092170e+23 
2.604167e+04 3.392177e-16 1.877419e+23 
2.625000e+04 3.776965e-16 1.692197e+23 
2.645833e+04 4.220737e-16 1.520071e+23 
2.666667e+04 4.695196e-16 1.371665e+23 
2.687500e+04 5.240817e-16 1.233909e+23 
2.708333e+04 5.822708e-16 1.115138e+23 
2.729167e+04 6.489212e-16 1.005034e+23 
2.750000e+04 7.197999e-16 9.100597e+22 
2.770833e+04 8.005725e-16 8.221343e+22 
2.791667e+04 8.861962e-16 7.462153e+22 
2.812500e+04 9.831753e-16 6.760197e+22 
2.833333e+04 1.085617e-15 6.153153e+22 
2.854167e+04 1.200824e-15 5.592543e+22 
2.875000e+04 1.322048e-15 5.106725e+22 
2.895833e+04 1.457277e-15 4.658639e+22 
2.916667e+04 1.598959e-15 4.269350e+22 
2.937500e+04 1.755551e-15 3.910891e+22 
2.958333e+04 1.918823e-15 3.598573e+22 
2.979167e+04 2.097337e-15 3.311719e+22 
3.000000e+04 2.282432e-15 3.061015e+22 
3.020833e+04 2.482189e-15 2.831699e+22 
3.041667e+04 2.687956e-15 2.630647e+22 
3.062500e+04 2.906444e-15 2.447970e+22 
3.083333e+04 3.129729e-15 2.287328e+22 
3.104167e+04 3.361902e-15 2.142920e+22 
3.125000e+04 3.596840e-15 2.015619e+22 
3.145833e+04 3.834397e-15 1.903132e+22 
3.166667e+04 4.071728e-15 1.803869e+22 
3.187500e+04 4.302553e-15 1.718611e+22 
3.208333e+04 4.529173e-15 1.643559e+22 
3.229167e+04 4.737226e-15 1.582265e+22 
3.250000e+04 4.936255e-15 1.528916e+22 
3.270833e+04 5.102243e-15 1.489641e+22 
3.291667e+04 5.253973e-15 1.456781e+22 
3.312500e+04 5.357185e-15 1.438920e+22 
3.333333e+04 5.441237e-15 1.426738e+22 
3.354167e+04 5.462778e-15 1.431177e+22 
3.375000e+04 5.461624e-15 1.441542e+22 
3.395833e+04 5.388986e-15 1.470904e+22 
3.416667e+04 5.292669e-15 1.507782e+22 
3.437500e+04 5.125041e-15 1.566648e+22 
3.458333e+04 4.936313e-15 1.636459e+22 
3.479167e+04 4.689247e-15 1.730990e+22 
3.500000e+04 4.427691e-15 1.842046e+22 
3.520833e+04 4.135051e-15 1.977357e+22 
3.541667e+04 3.838114e-15 2.135668e+22 
3.562500e+04 3.548806e-15 2.307367e+22 
3.583333e+04 3.267456e-15 2.503427e+22 
3.604167e+04 3.034493e-15 2.682110e+22 
3.625000e+04 2.820962e-15 2.870578e+22 
3.645833e+04 2.678883e-15 3.003852e+22 
3.666667e+04 2.560892e-15 3.122386e+22 
3.687500e+04 2.500543e-15 3.187898e+22 
3.708333e+04 2.456709e-15 3.234753e+22 
3.729167e+04 2.435991e-15 3.263801e+22 
3.750000e+04 2.418915e-15 3.288389e+22 
3.770833e+04 2.404422e-15 3.313375e+22 
3.791667e+04 2.388070e-15 3.341261e+22 
3.812500e+04 2.370656e-15 3.370636e+22 
3.833333e+04 2.352344e-15 3.401743e+22 
3.854167e+04 2.335089e-15 3.430442e+22 
3.875000e+04 2.318520e-15 3.458546e+22 
3.895833e+04 2.304255e-15 3.483223e+22 
3.916667e+04 2.290912e-15 3.506794e+22 
3.937500e+04 2.281308e-15 3.523270e+22 
3.958333e+04 2.273066e-15 3.537764e+22 
3.979167e+04 2.269069e-15 3.543583e+22 
4.000000e+04 2.266665e-15 3.546929e+22 
4.020833e+04 2.269069e-15 3.543583e+22 
4.041667e+04 2.273066e-15 3.537764e+22 
4.062500e+04 2.281308e-15 3.523270e+22 
4.083333e+04 2.290912e-15 3.506794e+22 
4.104167e+04 2.304255e-15 3.483223e+22 
4.125000e+04 2.318520e-15 3.458546e+22 
4.145833e+04 2.335089e-15 3.430442e+22 
4.166667e+04 2.352344e-15 3.401743e+22 
4.187500e+04 2.370656e-15 3.370636e+22 
4.208333e+04 2.388070e-15 3.341261e+22 
4.229167e+04 2.404422e-15 3.313375e+22 
4.250000e+04 2.418915e-15 3.288389e+22 
4.270833e+04 2.435991e-15 3.263801e+22 
4.291667e+04 2.456709e-15 3.234753e+22 
4.312500e+04 2.500543e-15 3.187898e+22 
4.333333e+04 2.560892e-15 3.122386e+22 
4.354167e+04 2.678883e-15 3.003852e+22 
4.375000e+04 2.820962e-15 2.870578e+22 
4.395833e+04 3.034493e-15 2.682110e+22 
4.416667e+04 3.267456e-15 2.503427e+22 
4.437500e+04 3.548806e-15 2.307367e+22 
4.458333e+04 3.838114e-15 2.135668e+22 
4.479167e+04 4.135051e-15 1.977357e+22 
4.500000e+04 4.427691e-15 1.842046e+22 
4.520833e+04 4.689247e-15 1.730990e+22 
4.541667e+04 4.936313e-15 1.636459e+22 
4.562500e+04 5.125041e-15 1.566648e+22 
4.583333e+04 5.292669e-15 1.507782e+22 
4.604167e+04 5.388986e-15 1.470904e+22 
4.625000e+04 5.461624e-15 1.441542e+22 
4.645833e+04 5.462778e-15 1.431177e+22 
4.666667e+04 5.441237e-15 1.426738e+22 
4.687500e+04 5.357185e-15 1.438920e+22 
4.708333e+04 5.253973e-15 1.456781e+22 
4.729167e+04 5.102243e-15 1.489641e+22 
4.750000e+04 4.936255e-15 1.528916e+22 
4.770833e+04 4.737226e-15 1.582265e+22 
4.791667e+04 4.529173e-15 1.643559e+22 
4.812500e+04 4.302553e-15 1.718611e+22 
4.833333e+04 4.071728e-15 1.803869e+22 
4.854167e+04 3.834397e-15 1.903132e+22 
4.875000e+04 3.596840e-15 2.015619e+22 
4.895833e+04 3.361902e-15 2.142920e+22 
4.916667e+04 3.129729e-15 2.287328e+22 
4.937500e+04 2.906444e-15 2.447970e+22 
4.958333e+04 2.687956e-15 2.630647e+22 
4.979167e+04 2.482189e-15 2.831699e+22 
5.000000e+04 2.282432e-15 3.061015e+22 
5.020833e+04 2.097337e-15 3.311719e+22 
5.041667e+04 1.918823e-15 3.598573e+22 
5.062500e+04 1.755551e-15 3.910891e+22 
5.083333e+04 1.598959e-15 4.269350e+22 
5.104167e+04 1.457277e-15 4.658639e+22 
5.125000e+04 1.322048e-15 5.106725e+22 
5.145833e+04 1.200824e-15 5.592543e+22 
5.166667e+04 1.085617e-15 6.153153e+22 
5.187500e+04 9.831753e-16 6.760197e+22 
5.208333e+04 8.861962e-16 7.462153e+22 
5.229167e+04 8.005725e-16 8.221343e+22 
5.250000e+04 7.197999e-16 9.100597e+22 
5.270833e+04 6.489212e-16 1.005034e+23 
5.291667e+04 5.822708e-16 1.115138e+23 
5.312500e+04 5.240817e-16 1.233909e+23 
5.333333e+04 4.695196e-16 1.371665e+23 
5.354167e+04 4.220737e-16 1.520071e+23 
5.375000e+04 3.776965e-16 1.692197e+23 
5.395833e+04 3.392177e-16 1.877419e+23 
5.416667e+04 3.033053e-16 2.092170e+23 
5.437500e+04 2.722229e-16 2.323067e+23 
5.458333e+04 2.432668e-16 2.590623e+23 
5.479167e+04 2.182285e-16 2.878159e+23 
5.500000e+04 1.949388e-16 3.211134e+23 
5.520833e+04 1.748061e-16 3.568937e+23 
5.541667e+04 1.561033e-16 3.983026e+23 
5.562500e+04 1.399337e-16 4.428089e+23 
5.583333e+04 1.249285e-16 4.942896e+23 
5.604167e+04 1.119515e-16 5.496462e+23 
5.625000e+04 9.991952e-17 6.136531e+23 
5.645833e+04 8.951014e-17 6.825213e+23 
5.666667e+04 7.986592e-17 7.621345e+23 
5.687500e+04 7.151958e-17 8.478561e+23 
5.708333e+04 6.379157e-17 9.469491e+23 
5.729167e+04 5.710193e-17 1.053731e+24 
5.750000e+04 5.091120e-17 1.177189e+24 
5.770833e+04 4.555154e-17 1.310343e+24 
5.791667e+04 4.059396e-17 1.464343e+24 
5.812500e+04 3.630171e-17 1.630599e+24 
5.833333e+04 3.233320e-17 1.822982e+24 
5.854167e+04 2.889718e-17 2.030904e+24 
5.875000e+04 2.572159e-17 2.271681e+24 
5.895833e+04 2.297197e-17 2.532260e+24 
5.916667e+04 2.043169e-17 2.834323e+24 
5.937500e+04 1.823240e-17 3.161777e+24 
5.958333e+04 1.620143e-17 3.541836e+24 
5.979167e+04 1.444285e-17 3.954733e+24 
6.000000e+04 1.281927e-17 4.434860e+24 
6.020833e+04 1.141299e-17 4.957750e+24 
6.041667e+04 1.011518e-17 5.567177e+24 
6.062500e+04 8.991238e-18 6.233556e+24 
6.083333e+04 7.954209e-18 7.012755e+24 
6.104167e+04 7.055829e-18 7.869199e+24 
6.125000e+04 6.225866e-18 8.876788e+24 
6.145833e+04 5.508759e-18 9.987233e+24 
6.166667e+04 4.848981e-18 1.000000e+25 
6.187500e+04 4.255606e-18 1.000000e+25 
6.208333e+04 3.689599e-18 1.000000e+25 
6.229167e+04 3.236323e-18 1.000000e+25 
6.250000e+04 2.893600e-18 1.000000e+25 
6.270833e+04 2.793160e-18 1.000000e+25 
6.291667e+04 2.745024e-18 1.000000e+25 
6.312500e+04 2.699066e-18 1.000000e+25 
6.333333e+04 2.634211e-18 1.000000e+25 
6.354167e+04 2.569551e-18 1.000000e+25 
6.375000e+04 2.508113e-18 1.000000e+25 
6.395833e+04 2.449943e-18 1.000000e+25 
6.416667e+04 2.392641e-18 1.000000e+25 
6.437500e+04 2.337681e-18 1.000000e+25 
6.458333e+04 2.284532e-18 1.000000e+25 
6.479167e+04 2.234734e-18 1.000000e+25 
6.500000e+04 2.186682e-18 1.000000e+25 
6.520833e+04 2.141519e-18 1.000000e+25 
6.541667e+04 2.097654e-18 1.000000e+25 
6.562500e+04 2.056057e-18 1.000000e+25 
6.583333e+04 2.015683e-18 1.000000e+25 
6.604167e+04 1.977413e-18 1.000000e+25 
6.625000e+04 1.940295e-18 1.000000e+25 
6.645833e+04 1.905073e-18 1.000000e+25 
6.666667e+04 1.870857e-18 1.000000e+25 
6.687500e+04 1.838246e-18 1.000000e+25 
6.708333e+04 1.806508e-18 1.000000e+25 
6.729167e+04 1.776127e-18 1.000000e+25 
6.750000e+04 1.746517e-18 1.000000e+25 
6.770833e+04 1.718066e-18 1.000000e+25 
6.791667e+04 1.690289e-18 1.000000e+25 
6.812500e+04 1.663489e-18 1.000000e+25 
6.833333e+04 1.637273e-18 1.000000e+25 
6.854167e+04 1.611872e-18 1.000000e+25 
6.875000e+04 1.586975e-18 1.000000e+25 
6.895833e+04 1.562755e-18 1.000000e+25 
6.916667e+04 1.538971e-18 1.000000e+25 
6.937500e+04 1.515755e-18 1.000000e+25 
6.958333e+04 1.492915e-18 1.000000e+25 
6.979167e+04 1.470560e-18 1.000000e+25 
7.000000e+04 1.448530e-18 1.000000e+25 
7.020833e+04 1.426926e-18 1.000000e+25 
7.041667e+04 1.405609e-18 1.000000e+25 
7.062500e+04 1.384681e-18 1.000000e+25 
7.083333e+04 1.364011e-18 1.000000e+25 
7.104167e+04 1.343716e-18 1.000000e+25 
7.125000e+04 1.323658e-18 1.000000e+25 
7.145833e+04 1.303982e-18 1.000000e+25 
7.166667e+04 1.284528e-18 1.000000e+25 
7.187500e+04 1.265479e-18 1.000000e+25 
7.208333e+04 1.246646e-18 1.000000e+25 
7.229167e+04 1.228250e-18 1.000000e+25 
7.250000e+04 1.210072e-18 1.000000e+25 
7.270833e+04 1.192372e-18 1.000000e+25 
7.291667e+04 1.174893e-18 1.000000e+25 
7.312500e+04 1.157937e-18 1.000000e+25 
7.333333e+04 1.141211e-18 1.000000e+25 
7.354167e+04 1.125052e-18 1.000000e+25 
7.375000e+04 1.109133e-18 1.000000e+25 
7.395833e+04 1.093826e-18 1.000000e+25 
7.416667e+04 1.078767e-18 1.000000e+25 
7.437500e+04 1.064359e-18 1.000000e+25 
7.458333e+04 1.050212e-18 1.000000e+25 
7.479167e+04 1.036748e-18 1.000000e+25 
7.500000e+04 1.023554e-18 1.000000e+25 
7.520833e+04 1.011071e-18 1.000000e+25 
7.541667e+04 9.988677e-19 1.000000e+25 
7.562500e+04 9.873971e-19 1.000000e+25 
7.583333e+04 9.762142e-19 1.000000e+25 
7.604167e+04 9.657799e-19 1.000000e+25 
7.625000e+04 9.556405e-19 1.000000e+25 
7.645833e+04 9.462607e-19 1.000000e+25 
7.666667e+04 9.371821e-19 1.000000e+25 
7.687500e+04 9.288699e-19 1.000000e+25 
7.708333e+04 9.208642e-19 1.000000e+25 
7.729167e+04 9.136287e-19 1.000000e+25 
7.750000e+04 9.067043e-19 1.000000e+25 
7.770833e+04 9.005512e-19 1.000000e+25 
7.791667e+04 8.947132e-19 1.000000e+25 
7.812500e+04 8.896464e-19 1.000000e+25 
7.833333e+04 8.848977e-19 1.000000e+25 
7.854167e+04 8.809191e-19 1.000000e+25 
7.875000e+04 8.772614e-19 1.000000e+25 
7.895833e+04 8.743724e-19 1.000000e+25 
7.916667e+04 8.718061e-19 1.000000e+25 
7.937500e+04 8.700074e-19 1.000000e+25 
7.958333e+04 8.685327e-19 1.000000e+25 
7.979167e+04 8.678248e-19 1.000000e+25 
8.000000e+04 8.674416e-19 1.000000e+25 
