0.000000e+00 8.790839e-19 1.000000e+25 
2.083333e+02 8.794737e-19 1.000000e+25 
4.166667e+02 8.801922e-19 1.000000e+25 
6.250000e+02 8.816905e-19 1.000000e+25 
8.333333e+02 8.835169e-19 1.000000e+25 
1.041667e+03 8.861237e-19 1.000000e+25 
1.250000e+03 8.890572e-19 1.000000e+25 
1.458333e+03 8.927722e-19 1.000000e+25 
1.666667e+03 8.968117e-19 1.000000e+25 
1.875000e+03 9.016336e-19 1.000000e+25 
2.083333e+03 9.067774e-19 1.000000e+25 
2.291667e+03 9.127040e-19 1.000000e+25 
2.500000e+03 9.189491e-19 1.000000e+25 
2.708333e+03 9.259763e-19 1.000000e+25 
2.916667e+03 9.333180e-19 1.000000e+25 
3.125000e+03 9.414396e-19 1.000000e+25 
3.333333e+03 9.498707e-19 1.000000e+25 
3.541667e+03 9.590769e-19 1.000000e+25 
3.750000e+03 9.685870e-19 1.000000e+25 
3.958333e+03 9.788641e-19 1.000000e+25 
4.166667e+03 9.894385e-19 1.000000e+25 
4.375000e+03 1.000768e-18 1.000000e+25 
4.583333e+03 1.012386e-18 1.000000e+25 
4.791667e+03 1.024743e-18 1.000000e+25 
5.000000e+03 1.037380e-18 1.000000e+25 
5.208333e+03 1.050731e-18 1.000000e+25 
5.416667e+03 1.064355e-18 1.000000e+25 
5.625000e+03 1.078663e-18 1.000000e+25 
5.833333e+03 1.093232e-18 1.000000e+25 
6.041667e+03 1.108451e-18 1.000000e+25 
6.250000e+03 1.123921e-18 1.000000e+25 
6.458333e+03 1.139999e-18 1.000000e+25 
6.666667e+03 1.156317e-18 1.000000e+25 
6.875000e+03 1.173200e-18 1.000000e+25 
7.083333e+03 1.190313e-18 1.000000e+25 
7.291667e+03 1.207943e-18 1.000000e+25 
7.500000e+03 1.225797e-18 1.000000e+25 
7.708333e+03 1.244123e-18 1.000000e+25 
7.916667e+03 1.262669e-18 1.000000e+25 
8.125000e+03 1.281648e-18 1.000000e+25 
8.333333e+03 1.300848e-18 1.000000e+25 
8.541667e+03 1.320450e-18 1.000000e+25 
8.750000e+03 1.340280e-18 1.000000e+25 
8.958333e+03 1.360495e-18 1.000000e+25 
9.166667e+03 1.380952e-18 1.000000e+25 
9.375000e+03 1.401793e-18 1.000000e+25 
9.583333e+03 1.422898e-18 1.000000e+25 
9.791667e+03 1.444406e-18 1.000000e+25 
1.000000e+04 1.466211e-18 1.000000e+25 
1.020833e+04 1.488458e-18 1.000000e+25 
1.041667e+04 1.511044e-18 1.000000e+25 
1.062500e+04 1.534137e-18 1.000000e+25 
1.083333e+04 1.557620e-18 1.000000e+25 
1.104167e+04 1.581699e-18 1.000000e+25 
1.125000e+04 1.606229e-18 1.000000e+25 
1.145833e+04 1.631470e-18 1.000000e+25 
1.166667e+04 1.657236e-18 1.000000e+25 
1.187500e+04 1.683857e-18 1.000000e+25 
1.208333e+04 1.711087e-18 1.000000e+25 
1.229167e+04 1.739345e-18 1.000000e+25 
1.250000e+04 1.768305e-18 1.000000e+25 
1.270833e+04 1.798478e-18 1.000000e+25 
1.291667e+04 1.829446e-18 1.000000e+25 
1.312500e+04 1.861831e-18 1.000000e+25 
1.333333e+04 1.895119e-18 1.000000e+25 
1.354167e+04 1.930103e-18 1.000000e+25 
1.375000e+04 1.966143e-18 1.000000e+25 
1.395833e+04 2.004171e-18 1.000000e+25 
1.416667e+04 2.043385e-18 1.000000e+25 
1.437500e+04 2.084689e-18 1.000000e+25 
1.458333e+04 2.127167e-18 1.000000e+25 
1.479167e+04 2.171865e-18 1.000000e+25 
1.500000e+04 2.217901e-18 1.000000e+25 
1.520833e+04 2.267343e-18 1.000000e+25 
1.541667e+04 2.318897e-18 1.000000e+25 
1.562500e+04 2.373855e-18 1.000000e+25 
1.583333e+04 2.430413e-18 1.000000e+25 
1.604167e+04 2.489020e-18 1.000000e+25 
1.625000e+04 2.547080e-18 1.000000e+25 
1.645833e+04 2.610727e-18 1.000000e+25 
1.666667e+04 2.675745e-18 1.000000e+25 
1.687500e+04 2.730812e-18 1.000000e+25 
1.708333e+04 2.774057e-18 1.000000e+25 
1.729167e+04 2.851023e-18 1.000000e+25 
1.750000e+04 3.028112e-18 1.000000e+25 
1.770833e+04 3.453429e-18 1.000000e+25 
1.791667e+04 3.963198e-18 1.000000e+25 
1.812500e+04 4.551948e-18 1.000000e+25 
1.833333e+04 5.162010e-18 1.000000e+25 
1.854167e+04 5.857111e-18 9.428908e+24 
1.875000e+04 6.613353e-18 8.389483e+24 
1.895833e+04 7.485233e-18 7.447016e+24 
1.916667e+04 8.430845e-18 6.642497e+24 
1.937500e+04 9.522484e-18 5.909362e+24 
1.958333e+04 1.070537e-17 5.281545e+24 
1.979167e+04 1.206927e-17 4.707068e+24 
2.000000e+04 1.354641e-17 4.213670e+24 
2.020833e+04 1.524968e-17 3.760517e+24 
2.041667e+04 1.709443e-17 3.370248e+24 
2.062500e+04 1.922345e-17 3.010752e+24 
2.083333e+04 2.152854e-17 2.700642e+24 
2.104167e+04 2.418825e-17 2.414464e+24 
2.125000e+04 2.706660e-17 2.167308e+24 
2.145833e+04 3.038729e-17 1.938871e+24 
2.166667e+04 3.397974e-17 1.741381e+24 
2.187500e+04 3.812444e-17 1.558608e+24 
2.208333e+04 4.260665e-17 1.400479e+24 
2.229167e+04 4.777798e-17 1.253975e+24 
2.250000e+04 5.336799e-17 1.127163e+24 
2.270833e+04 5.981778e-17 1.009562e+24 
2.291667e+04 6.678644e-17 9.077355e+23 
2.312500e+04 7.482829e-17 8.132233e+23 
2.333333e+04 8.351236e-17 7.313790e+23 
2.354167e+04 9.353659e-17 6.553527e+23 
2.375000e+04 1.043544e-16 5.895216e+23 
2.395833e+04 1.168461e-16 5.283267e+23 
2.416667e+04 1.303162e-16 4.753522e+23 
2.437500e+04 1.458768e-16 4.260793e+23 
2.458333e+04 1.626406e-16 3.834441e+23 
2.479167e+04 1.820123e-16 3.437716e+23 
2.500000e+04 2.028584e-16 3.094637e+23 
2.520833e+04 2.269495e-16 2.775346e+23 
2.541667e+04 2.528391e-16 2.499417e+23 
2.562500e+04 2.827476e-16 2.242667e+23 
2.583333e+04 3.148368e-16 2.020934e+23 
2.604167e+04 3.518669e-16 1.814731e+23 
2.625000e+04 3.915204e-16 1.636751e+23 
2.645833e+04 4.371871e-16 1.471392e+23 
2.666667e+04 4.859792e-16 1.328710e+23 
2.687500e+04 5.419959e-16 1.196311e+23 
2.708333e+04 6.016914e-16 1.082060e+23 
2.729167e+04 6.699351e-16 9.761899e+22 
2.750000e+04 7.424478e-16 8.847806e+22 
2.770833e+04 8.248999e-16 8.001963e+22 
2.791667e+04 9.122240e-16 7.270836e+22 
2.812500e+04 1.010882e-15 6.595206e+22 
2.833333e+04 1.114994e-15 6.010224e+22 
2.854167e+04 1.231751e-15 5.470340e+22 
2.875000e+04 1.354472e-15 5.001862e+22 
2.895833e+04 1.490949e-15 4.570093e+22 
2.916667e+04 1.633763e-15 4.194443e+22 
2.937500e+04 1.791074e-15 3.848841e+22 
2.958333e+04 1.954873e-15 3.547266e+22 
2.979167e+04 2.133305e-15 3.270553e+22 
3.000000e+04 2.318040e-15 3.028326e+22 
3.020833e+04 2.516620e-15 2.807012e+22 
3.041667e+04 2.720846e-15 2.612658e+22 
3.062500e+04 2.936792e-15 2.436293e+22 
3.083333e+04 3.157102e-15 2.280945e+22 
3.104167e+04 3.385188e-15 2.141502e+22 
3.125000e+04 3.615582e-15 2.018382e+22 
3.145833e+04 3.847518e-15 1.909781e+22 
3.166667e+04 4.078824e-15 1.813808e+22 
3.187500e+04 4.302808e-15 1.731568e+22 
3.208333e+04 4.522332e-15 1.659090e+22 
3.229167e+04 4.723011e-15 1.600106e+22 
3.250000e+04 4.914673e-15 1.548747e+22 
3.270833e+04 5.073828e-15 1.511196e+22 
3.291667e+04 5.219079e-15 1.479831e+22 
3.312500e+04 5.317308e-15 1.463194e+22 
3.333333e+04 5.397100e-15 1.452066e+22 
3.354167e+04 5.416717e-15 1.457283e+22 
3.375000e+04 5.414649e-15 1.468275e+22 
3.395833e+04 5.343764e-15 1.498008e+22 
3.416667e+04 5.250286e-15 1.535072e+22 
3.437500e+04 5.087602e-15 1.593962e+22 
3.458333e+04 4.904678e-15 1.663538e+22 
3.479167e+04 4.663944e-15 1.757952e+22 
3.500000e+04 4.409011e-15 1.868612e+22 
3.520833e+04 4.121354e-15 2.004320e+22 
3.541667e+04 3.828786e-15 2.163153e+22 
3.562500e+04 3.540529e-15 2.337369e+22 
3.583333e+04 3.258361e-15 2.537728e+22 
3.604167e+04 3.021871e-15 2.722939e+22 
3.625000e+04 2.802047e-15 2.922153e+22 
3.645833e+04 2.654661e-15 3.063843e+22 
3.666667e+04 2.529996e-15 3.193315e+22 
3.687500e+04 2.466927e-15 3.262484e+22 
3.708333e+04 2.422345e-15 3.309896e+22 
3.729167e+04 2.403171e-15 3.336224e+22 
3.750000e+04 2.390596e-15 3.353721e+22 
3.770833e+04 2.380598e-15 3.372346e+22 
3.791667e+04 2.369764e-15 3.392320e+22 
3.812500e+04 2.357432e-15 3.414848e+22 
3.833333e+04 2.343590e-15 3.439821e+22 
3.854167e+04 2.330263e-15 3.463003e+22 
3.875000e+04 2.317268e-15 3.485953e+22 
3.895833e+04 2.305328e-15 3.507401e+22 
3.916667e+04 2.294021e-15 3.528103e+22 
3.937500e+04 2.286763e-15 3.540961e+22 
3.958333e+04 2.279009e-15 3.554672e+22 
3.979167e+04 2.275450e-15 3.559973e+22 
4.000000e+04 2.274376e-15 3.561406e+22 
4.020833e+04 2.275450e-15 3.559973e+22 
4.041667e+04 2.279009e-15 3.554672e+22 
4.062500e+04 2.286763e-15 3.540961e+22 
4.083333e+04 2.294021e-15 3.528103e+22 
4.104167e+04 2.305328e-15 3.507401e+22 
4.125000e+04 2.317268e-15 3.485953e+22 
4.145833e+04 2.330263e-15 3.463003e+22 
4.166667e+04 2.343590e-15 3.439821e+22 
4.187500e+04 2.357432e-15 3.414848e+22 
4.208333e+04 2.369764e-15 3.392320e+22 
4.229167e+04 2.380598e-15 3.372346e+22 
4.250000e+04 2.390596e-15 3.353721e+22 
4.270833e+04 2.403171e-15 3.336224e+22 
4.291667e+04 2.422345e-15 3.309896e+22 
4.312500e+04 2.466927e-15 3.262484e+22 
4.333333e+04 2.529996e-15 3.193315e+22 
4.354167e+04 2.654661e-15 3.063843e+22 
4.375000e+04 2.802047e-15 2.922153e+22 
4.395833e+04 3.021871e-15 2.722939e+22 
4.416667e+04 3.258361e-15 2.537728e+22 
4.437500e+04 3.540529e-15 2.337369e+22 
4.458333e+04 3.828786e-15 2.163153e+22 
4.479167e+04 4.121354e-15 2.004320e+22 
4.500000e+04 4.409011e-15 1.868612e+22 
4.520833e+04 4.663944e-15 1.757952e+22 
4.541667e+04 4.904678e-15 1.663538e+22 
4.562500e+04 5.087602e-15 1.593962e+22 
4.583333e+04 5.250286e-15 1.535072e+22 
4.604167e+04 5.343764e-15 1.498008e+22 
4.625000e+04 5.414649e-15 1.468275e+22 
4.645833e+04 5.416717e-15 1.457283e+22 
4.666667e+04 5.397100e-15 1.452066e+22 
4.687500e+04 5.317308e-15 1.463194e+22 
4.708333e+04 5.219079e-15 1.479831e+22 
4.729167e+04 5.073828e-15 1.511196e+22 
4.750000e+04 4.914673e-15 1.548747e+22 
4.770833e+04 4.723011e-15 1.600106e+22 
4.791667e+04 4.522332e-15 1.659090e+22 
4.812500e+04 4.302808e-15 1.731568e+22 
4.833333e+04 4.078824e-15 1.813808e+22 
4.854167e+04 3.847518e-15 1.909781e+22 
4.875000e+04 3.615582e-15 2.018382e+22 
4.895833e+04 3.385188e-15 2.141502e+22 
4.916667e+04 3.157102e-15 2.280945e+22 
4.937500e+04 2.936792e-15 2.436293e+22 
4.958333e+04 2.720846e-15 2.612658e+22 
4.979167e+04 2.516620e-15 2.807012e+22 
5.000000e+04 2.318040e-15 3.028326e+22 
5.020833e+04 2.133305e-15 3.270553e+22 
5.041667e+04 1.954873e-15 3.547266e+22 
5.062500e+04 1.791074e-15 3.848841e+22 
5.083333e+04 1.633763e-15 4.194443e+22 
5.104167e+04 1.490949e-15 4.570093e+22 
5.125000e+04 1.354472e-15 5.001862e+22 
5.145833e+04 1.231751e-15 5.470340e+22 
5.166667e+04 1.114994e-15 6.010224e+22 
5.187500e+04 1.010882e-15 6.595206e+22 
5.208333e+04 9.122240e-16 7.270836e+22 
5.229167e+04 8.248999e-16 8.001963e+22 
5.250000e+04 7.424478e-16 8.847806e+22 
5.270833e+04 6.699351e-16 9.761899e+22 
5.291667e+04 6.016914e-16 1.082060e+23 
5.312500e+04 5.419959e-16 1.196311e+23 
5.333333e+04 4.859792e-16 1.328710e+23 
5.354167e+04 4.371871e-16 1.471392e+23 
5.375000e+04 3.915204e-16 1.636751e+23 
5.395833e+04 3.518669e-16 1.814731e+23 
5.416667e+04 3.148368e-16 2.020934e+23 
5.437500e+04 2.827476e-16 2.242667e+23 
5.458333e+04 2.528391e-16 2.499417e+23 
5.479167e+04 2.269495e-16 2.775346e+23 
5.500000e+04 2.028584e-16 3.094637e+23 
5.520833e+04 1.820123e-16 3.437716e+23 
5.541667e+04 1.626406e-16 3.834441e+23 
5.562500e+04 1.458768e-16 4.260793e+23 
5.583333e+04 1.303162e-16 4.753522e+23 
5.604167e+04 1.168461e-16 5.283267e+23 
5.625000e+04 1.043544e-16 5.895216e+23 
5.645833e+04 9.353659e-17 6.553527e+23 
5.666667e+04 8.351236e-17 7.313790e+23 
5.687500e+04 7.482829e-17 8.132233e+23 
5.708333e+04 6.678644e-17 9.077355e+23 
5.729167e+04 5.981778e-17 1.009562e+24 
5.750000e+04 5.336799e-17 1.127163e+24 
5.770833e+04 4.777798e-17 1.253975e+24 
5.791667e+04 4.260665e-17 1.400479e+24 
5.812500e+04 3.812444e-17 1.558608e+24 
5.833333e+04 3.397974e-17 1.741381e+24 
5.854167e+04 3.038729e-17 1.938871e+24 
5.875000e+04 2.706660e-17 2.167308e+24 
5.895833e+04 2.418825e-17 2.414464e+24 
5.916667e+04 2.152854e-17 2.700642e+24 
5.937500e+04 1.922345e-17 3.010752e+24 
5.958333e+04 1.709443e-17 3.370248e+24 
5.979167e+04 1.524968e-17 3.760517e+24 
6.000000e+04 1.354641e-17 4.213670e+24 
6.020833e+04 1.206927e-17 4.707068e+24 
6.041667e+04 1.070537e-17 5.281545e+24 
6.062500e+04 9.522484e-18 5.909362e+24 
6.083333e+04 8.430845e-18 6.642497e+24 
6.104167e+04 7.485233e-18 7.447016e+24 
6.125000e+04 6.613353e-18 8.389483e+24 
6.145833e+04 5.857111e-18 9.428908e+24 
6.166667e+04 5.162010e-18 1.000000e+25 
6.187500e+04 4.551948e-18 1.000000e+25 
6.208333e+04 3.963198e-18 1.000000e+25 
6.229167e+04 3.453429e-18 1.000000e+25 
6.250000e+04 3.028112e-18 1.000000e+25 
6.270833e+04 2.851023e-18 1.000000e+25 
6.291667e+04 2.774057e-18 1.000000e+25 
6.312500e+04 2.730812e-18 1.000000e+25 
6.333333e+04 2.675745e-18 1.000000e+25 
6.354167e+04 2.610727e-18 1.000000e+25 
6.375000e+04 2.547080e-18 1.000000e+25 
6.395833e+04 2.489020e-18 1.000000e+25 
6.416667e+04 2.430413e-18 1.000000e+25 
6.437500e+04 2.373855e-18 1.000000e+25 
6.458333e+04 2.318897e-18 1.000000e+25 
6.479167e+04 2.267343e-18 1.000000e+25 
6.500000e+04 2.217901e-18 1.000000e+25 
6.520833e+04 2.171865e-18 1.000000e+25 
6.541667e+04 2.127167e-18 1.000000e+25 
6.562500e+04 2.084689e-18 1.000000e+25 
6.583333e+04 2.043385e-18 1.000000e+25 
6.604167e+04 2.004171e-18 1.000000e+25 
6.625000e+04 1.966143e-18 1.000000e+25 
6.645833e+04 1.930103e-18 1.000000e+25 
6.666667e+04 1.895119e-18 1.000000e+25 
6.687500e+04 1.861831e-18 1.000000e+25 
6.708333e+04 1.829446e-18 1.000000e+25 
6.729167e+04 1.798478e-18 1.000000e+25 
6.750000e+04 1.768305e-18 1.000000e+25 
6.770833e+04 1.739345e-18 1.000000e+25 
6.791667e+04 1.711087e-18 1.000000e+25 
6.812500e+04 1.683857e-18 1.000000e+25 
6.833333e+04 1.657236e-18 1.000000e+25 
6.854167e+04 1.631470e-18 1.000000e+25 
6.875000e+04 1.606229e-18 1.000000e+25 
6.895833e+04 1.581699e-18 1.000000e+25 
6.916667e+04 1.557620e-18 1.000000e+25 
6.937500e+04 1.534137e-18 1.000000e+25 
6.958333e+04 1.511044e-18 1.000000e+25 
6.979167e+04 1.488458e-18 1.000000e+25 
7.000000e+04 1.466211e-18 1.000000e+25 
7.020833e+04 1.444406e-18 1.000000e+25 
7.041667e+04 1.422898e-18 1.000000e+25 
7.062500e+04 1.401793e-18 1.000000e+25 
7.083333e+04 1.380952e-18 1.000000e+25 
7.104167e+04 1.360495e-18 1.000000e+25 
7.125000e+04 1.340280e-18 1.000000e+25 
7.145833e+04 1.320450e-18 1.000000e+25 
7.166667e+04 1.300848e-18 1.000000e+25 
7.187500e+04 1.281648e-18 1.000000e+25 
7.208333e+04 1.262669e-18 1.000000e+25 
7.229167e+04 1.244123e-18 1.000000e+25 
7.250000e+04 1.225797e-18 1.000000e+25 
7.270833e+04 1.207943e-18 1.000000e+25 
7.291667e+04 1.190313e-18 1.000000e+25 
7.312500e+04 1.173200e-18 1.000000e+25 
7.333333e+04 1.156317e-18 1.000000e+25 
7.354167e+04 1.139999e-18 1.000000e+25 
7.375000e+04 1.123921e-18 1.000000e+25 
7.395833e+04 1.108451e-18 1.000000e+25 
7.416667e+04 1.093232e-18 1.000000e+25 
7.437500e+04 1.078663e-18 1.000000e+25 
7.458333e+04 1.064355e-18 1.000000e+25 
7.479167e+04 1.050731e-18 1.000000e+25 
7.500000e+04 1.037380e-18 1.000000e+25 
7.520833e+04 1.024743e-18 1.000000e+25 
7.541667e+04 1.012386e-18 1.000000e+25 
7.562500e+04 1.000768e-18 1.000000e+25 
7.583333e+04 9.894385e-19 1.000000e+25 
7.604167e+04 9.788641e-19 1.000000e+25 
7.625000e+04 9.685870e-19 1.000000e+25 
7.645833e+04 9.590769e-19 1.000000e+25 
7.666667e+04 9.498707e-19 1.000000e+25 
7.687500e+04 9.414396e-19 1.000000e+25 
7.708333e+04 9.333180e-19 1.000000e+25 
7.729167e+04 9.259763e-19 1.000000e+25 
7.750000e+04 9.189491e-19 1.000000e+25 
7.770833e+04 9.127040e-19 1.000000e+25 
7.791667e+04 9.067774e-19 1.000000e+25 
7.812500e+04 9.016336e-19 1.000000e+25 
7.833333e+04 8.968117e-19 1.000000e+25 
7.854167e+04 8.927722e-19 1.000000e+25 
7.875000e+04 8.890572e-19 1.000000e+25 
7.895833e+04 8.861237e-19 1.000000e+25 
7.916667e+04 8.835169e-19 1.000000e+25 
7.937500e+04 8.816905e-19 1.000000e+25 
7.958333e+04 8.801922e-19 1.000000e+25 
7.979167e+04 8.794737e-19 1.000000e+25 
8.000000e+04 8.790839e-19 1.000000e+25 
