0.000000e+00 7.690161e-19 1.000000e+25 
6.250000e+02 7.711577e-19 1.000000e+25 
1.250000e+03 7.757917e-19 1.000000e+25 
1.875000e+03 7.846864e-19 1.000000e+25 
2.500000e+03 7.960262e-19 1.000000e+25 
3.125000e+03 8.115715e-19 1.000000e+25 
3.750000e+03 8.294835e-19 1.000000e+25 
4.375000e+03 8.515472e-19 1.000000e+25 
5.000000e+03 8.758967e-19 1.000000e+25 
5.625000e+03 9.043970e-19 1.000000e+25 
6.250000e+03 9.351317e-19 1.000000e+25 
6.875000e+03 9.701259e-19 1.000000e+25 
7.500000e+03 1.007366e-18 1.000000e+25 
8.125000e+03 1.049118e-18 1.000000e+25 
8.750000e+03 1.093206e-18 1.000000e+25 
9.375000e+03 1.142065e-18 1.000000e+25 
1.000000e+04 1.193375e-18 1.000000e+25 
1.062500e+04 1.249427e-18 1.000000e+25 
1.125000e+04 1.307975e-18 1.000000e+25 
1.187500e+04 1.370716e-18 1.000000e+25 
1.250000e+04 1.435923e-18 1.000000e+25 
1.312500e+04 1.505280e-18 1.000000e+25 
1.375000e+04 1.577465e-18 1.000000e+25 
1.437500e+04 1.655133e-18 1.000000e+25 
1.500000e+04 1.736416e-18 1.000000e+25 
1.562500e+04 1.825140e-18 1.000000e+25 
1.625000e+04 1.918241e-18 1.000000e+25 
1.687500e+04 2.020252e-18 1.000000e+25 
1.750000e+04 2.127136e-18 1.000000e+25 
1.812500e+04 2.243494e-18 1.000000e+25 
1.875000e+04 2.365152e-18 1.000000e+25 
1.937500e+04 2.497032e-18 1.000000e+25 
2.000000e+04 2.635194e-18 1.000000e+25 
2.062500e+04 2.787642e-18 1.000000e+25 
2.125000e+04 2.948833e-18 1.000000e+25 
2.187500e+04 3.128612e-18 1.000000e+25 
2.250000e+04 3.317826e-18 1.000000e+25 
2.312500e+04 3.521544e-18 1.000000e+25 
2.375000e+04 3.731633e-18 1.000000e+25 
2.437500e+04 3.963365e-18 1.000000e+25 
2.500000e+04 4.214734e-18 1.000000e+25 
2.562500e+04 4.504387e-18 1.000000e+25 
2.625000e+04 4.806379e-18 1.000000e+25 
2.687500e+04 5.023532e-18 1.000000e+25 
2.750000e+04 5.218151e-18 1.000000e+25 
2.812500e+04 5.589936e-18 1.000000e+25 
2.875000e+04 6.092986e-18 1.000000e+25 
2.937500e+04 5.739041e-18 1.000000e+25 
3.000000e+04 2.284407e-18 1.000000e+25 
3.062500e+04 4.271667e-17 2.046133e+24 
3.125000e+04 1.336234e-17 8.199395e+24 
3.187500e+04 6.895003e-16 1.103560e+23 
3.250000e+04 2.107743e-15 3.537456e+22 
3.312500e+04 6.556578e-15 1.154084e+22 
3.375000e+04 1.263730e-14 6.074994e+21 
3.437500e+04 1.480902e-14 5.257721e+21 
3.500000e+04 1.241212e-14 6.346855e+21 
3.562500e+04 7.427541e-15 1.058825e+22 
3.625000e+04 3.521719e-15 2.229460e+22 
3.687500e+04 1.376967e-15 5.861546e+22 
3.750000e+04 1.644112e-16 4.947278e+23 
3.812500e+04 4.794880e-16 1.629375e+23 
3.875000e+04 8.458212e-16 8.818112e+22 
3.937500e+04 7.749288e-16 1.019096e+23 
4.000000e+04 5.462649e-16 1.529026e+23 
4.062500e+04 7.749288e-16 1.019096e+23 
4.125000e+04 8.458212e-16 8.818112e+22 
4.187500e+04 4.794880e-16 1.629375e+23 
4.250000e+04 1.644112e-16 4.947278e+23 
4.312500e+04 1.376967e-15 5.861546e+22 
4.375000e+04 3.521719e-15 2.229460e+22 
4.437500e+04 7.427541e-15 1.058825e+22 
4.500000e+04 1.241212e-14 6.346855e+21 
4.562500e+04 1.480902e-14 5.257721e+21 
4.625000e+04 1.263730e-14 6.074994e+21 
4.687500e+04 6.556578e-15 1.154084e+22 
4.750000e+04 2.107743e-15 3.537456e+22 
4.812500e+04 6.895003e-16 1.103560e+23 
4.875000e+04 1.336234e-17 8.199395e+24 
4.937500e+04 4.271667e-17 2.046133e+24 
5.000000e+04 2.284407e-18 1.000000e+25 
5.062500e+04 5.739041e-18 1.000000e+25 
5.125000e+04 6.092986e-18 1.000000e+25 
5.187500e+04 5.589936e-18 1.000000e+25 
5.250000e+04 5.218151e-18 1.000000e+25 
5.312500e+04 5.023532e-18 1.000000e+25 
5.375000e+04 4.806379e-18 1.000000e+25 
5.437500e+04 4.504387e-18 1.000000e+25 
5.500000e+04 4.214734e-18 1.000000e+25 
5.562500e+04 3.963365e-18 1.000000e+25 
5.625000e+04 3.731633e-18 1.000000e+25 
5.687500e+04 3.521544e-18 1.000000e+25 
5.750000e+04 3.317826e-18 1.000000e+25 
5.812500e+04 3.128612e-18 1.000000e+25 
5.875000e+04 2.948833e-18 1.000000e+25 
5.937500e+04 2.787642e-18 1.000000e+25 
6.000000e+04 2.635194e-18 1.000000e+25 
6.062500e+04 2.497032e-18 1.000000e+25 
6.125000e+04 2.365152e-18 1.000000e+25 
6.187500e+04 2.243494e-18 1.000000e+25 
6.250000e+04 2.127136e-18 1.000000e+25 
6.312500e+04 2.020252e-18 1.000000e+25 
6.375000e+04 1.918241e-18 1.000000e+25 
6.437500e+04 1.825140e-18 1.000000e+25 
6.500000e+04 1.736416e-18 1.000000e+25 
6.562500e+04 1.655133e-18 1.000000e+25 
6.625000e+04 1.577465e-18 1.000000e+25 
6.687500e+04 1.505280e-18 1.000000e+25 
6.750000e+04 1.435923e-18 1.000000e+25 
6.812500e+04 1.370716e-18 1.000000e+25 
6.875000e+04 1.307975e-18 1.000000e+25 
6.937500e+04 1.249427e-18 1.000000e+25 
7.000000e+04 1.193375e-18 1.000000e+25 
7.062500e+04 1.142065e-18 1.000000e+25 
7.125000e+04 1.093206e-18 1.000000e+25 
7.187500e+04 1.049118e-18 1.000000e+25 
7.250000e+04 1.007366e-18 1.000000e+25 
7.312500e+04 9.701259e-19 1.000000e+25 
7.375000e+04 9.351317e-19 1.000000e+25 
7.437500e+04 9.043970e-19 1.000000e+25 
7.500000e+04 8.758967e-19 1.000000e+25 
7.562500e+04 8.515472e-19 1.000000e+25 
7.625000e+04 8.294835e-19 1.000000e+25 
7.687500e+04 8.115715e-19 1.000000e+25 
7.750000e+04 7.960262e-19 1.000000e+25 
7.812500e+04 7.846864e-19 1.000000e+25 
7.875000e+04 7.757917e-19 1.000000e+25 
7.937500e+04 7.711577e-19 1.000000e+25 
8.000000e+04 7.690161e-19 1.000000e+25 
