0.000000e+00 1.182973e-19 1.000000e+25 
3.125000e+02 1.183701e-19 1.000000e+25 
6.250000e+02 1.185538e-19 1.000000e+25 
9.375000e+02 1.188832e-19 1.000000e+25 
1.250000e+03 1.193236e-19 1.000000e+25 
1.562500e+03 1.199108e-19 1.000000e+25 
1.875000e+03 1.206091e-19 1.000000e+25 
2.187500e+03 1.214561e-19 1.000000e+25 
2.500000e+03 1.224147e-19 1.000000e+25 
2.812500e+03 1.235252e-19 1.000000e+25 
3.125000e+03 1.247482e-19 1.000000e+25 
3.437500e+03 1.261283e-19 1.000000e+25 
3.750000e+03 1.276224e-19 1.000000e+25 
4.062500e+03 1.292811e-19 1.000000e+25 
4.375000e+03 1.310558e-19 1.000000e+25 
4.687500e+03 1.330047e-19 1.000000e+25 
5.000000e+03 1.350725e-19 1.000000e+25 
5.312500e+03 1.373258e-19 1.000000e+25 
5.625000e+03 1.397013e-19 1.000000e+25 
5.937500e+03 1.422739e-19 1.000000e+25 
6.250000e+03 1.449726e-19 1.000000e+25 
6.562500e+03 1.478815e-19 1.000000e+25 
6.875000e+03 1.509206e-19 1.000000e+25 
7.187500e+03 1.541779e-19 1.000000e+25 
7.500000e+03 1.575705e-19 1.000000e+25 
7.812500e+03 1.612106e-19 1.000000e+25 
8.125000e+03 1.649961e-19 1.000000e+25 
8.437500e+03 1.689743e-19 1.000000e+25 
8.750000e+03 1.730670e-19 1.000000e+25 
9.062500e+03 1.774839e-19 1.000000e+25 
9.375000e+03 1.821759e-19 1.000000e+25 
9.687500e+03 1.871893e-19 1.000000e+25 
1.000000e+04 1.923239e-19 1.000000e+25 
1.031250e+04 1.964178e-19 1.000000e+25 
1.062500e+04 1.986540e-19 1.000000e+25 
1.093750e+04 2.080828e-19 1.000000e+25 
1.125000e+04 2.321260e-19 1.000000e+25 
1.156250e+04 2.701950e-19 1.000000e+25 
1.187500e+04 3.109516e-19 1.000000e+25 
1.218750e+04 3.562476e-19 1.000000e+25 
1.250000e+04 4.063970e-19 1.000000e+25 
1.281250e+04 4.659296e-19 1.000000e+25 
1.312500e+04 5.318205e-19 9.401711e+24 
1.343750e+04 6.102369e-19 8.193696e+24 
1.375000e+04 6.966993e-19 7.176744e+24 
1.406250e+04 7.991537e-19 6.256751e+24 
1.437500e+04 9.121425e-19 5.481658e+24 
1.468750e+04 1.046522e-18 4.777859e+24 
1.500000e+04 1.194889e-18 4.184560e+24 
1.531250e+04 1.371908e-18 3.644686e+24 
1.562500e+04 1.567440e-18 3.189992e+24 
1.593750e+04 1.801130e-18 2.776156e+24 
1.625000e+04 2.059446e-18 2.427921e+24 
1.656250e+04 2.368818e-18 2.110875e+24 
1.687500e+04 2.711153e-18 1.844322e+24 
1.718750e+04 3.122125e-18 1.601589e+24 
1.750000e+04 3.577411e-18 1.397750e+24 
1.781250e+04 4.125222e-18 1.212169e+24 
1.812500e+04 4.732824e-18 1.056545e+24 
1.843750e+04 5.465424e-18 9.149525e+23 
1.875000e+04 6.278951e-18 7.964067e+23 
1.906250e+04 7.261718e-18 6.886508e+23 
1.937500e+04 8.354328e-18 5.985887e+23 
1.968750e+04 9.676611e-18 5.168167e+23 
2.000000e+04 1.114835e-17 4.485944e+23 
2.031250e+04 1.293249e-17 3.867286e+23 
2.062500e+04 1.492042e-17 3.352094e+23 
2.093750e+04 1.733420e-17 2.885513e+23 
2.125000e+04 2.002638e-17 2.497693e+23 
2.156250e+04 2.330012e-17 2.146944e+23 
2.187500e+04 2.695475e-17 1.855950e+23 
2.218750e+04 3.140454e-17 1.593151e+23 
2.250000e+04 3.637603e-17 1.375524e+23 
2.281250e+04 4.243507e-17 1.179290e+23 
2.312500e+04 4.920905e-17 1.017067e+23 
2.343750e+04 5.746933e-17 8.710432e+22 
2.375000e+04 6.670923e-17 7.505169e+22 
2.406250e+04 7.797653e-17 6.422287e+22 
2.437500e+04 9.058473e-17 5.529659e+22 
2.468750e+04 1.059511e-16 4.729230e+22 
2.500000e+04 1.231490e-16 4.070094e+22 
2.531250e+04 1.440903e-16 3.480096e+22 
2.562500e+04 1.675248e-16 2.994611e+22 
2.593750e+04 1.960393e-16 2.560542e+22 
2.625000e+04 2.279319e-16 2.203619e+22 
2.656250e+04 2.667549e-16 1.884401e+22 
2.687500e+04 3.101291e-16 1.622217e+22 
2.718750e+04 3.630717e-16 1.387151e+22 
2.750000e+04 4.221128e-16 1.194506e+22 
2.781250e+04 4.945407e-16 1.021045e+22 
2.812500e+04 5.750914e-16 8.794182e+21 
2.843750e+04 6.743582e-16 7.514475e+21 
2.875000e+04 7.842999e-16 6.475048e+21 
2.906250e+04 9.196145e-16 5.537052e+21 
2.937500e+04 1.068482e-15 4.779491e+21 
2.968750e+04 1.249597e-15 4.101268e+21 
3.000000e+04 1.446833e-15 3.555790e+21 
3.031250e+04 1.681544e-15 3.073434e+21 
3.062500e+04 1.933713e-15 2.685674e+21 
3.093750e+04 2.224950e-15 2.347219e+21 
3.125000e+04 2.532941e-15 2.073971e+21 
3.156250e+04 2.876216e-15 1.838377e+21 
3.187500e+04 3.232978e-15 1.646547e+21 
3.218750e+04 3.614154e-15 1.483435e+21 
3.250000e+04 4.002679e-15 1.349151e+21 
3.281250e+04 4.395786e-15 1.237442e+21 
3.312500e+04 4.787108e-15 1.144461e+21 
3.343750e+04 5.152600e-15 1.070375e+21 
3.375000e+04 5.504482e-15 1.008341e+21 
3.406250e+04 5.788974e-15 9.637038e+20 
3.437500e+04 6.046400e-15 9.269291e+20 
3.468750e+04 6.184198e-15 9.085062e+20 
3.500000e+04 6.280925e-15 8.960526e+20 
3.531250e+04 6.200637e-15 9.063627e+20 
3.562500e+04 6.067980e-15 9.239904e+20 
3.593750e+04 5.717867e-15 9.744440e+20 
3.625000e+04 5.315220e-15 1.040690e+21 
3.656250e+04 4.706378e-15 1.162377e+21 
3.687500e+04 4.057594e-15 1.332245e+21 
3.718750e+04 3.402041e-15 1.569735e+21 
3.750000e+04 2.763394e-15 1.909365e+21 
3.781250e+04 2.402462e-15 2.181261e+21 
3.812500e+04 2.131385e-15 2.445872e+21 
3.843750e+04 2.029091e-15 2.564132e+21 
3.875000e+04 1.968783e-15 2.639614e+21 
3.906250e+04 1.931749e-15 2.688302e+21 
3.937500e+04 1.891843e-15 2.742904e+21 
3.968750e+04 1.877849e-15 2.762593e+21 
4.000000e+04 1.869879e-15 2.773943e+21 
4.031250e+04 1.877849e-15 2.762593e+21 
4.062500e+04 1.891843e-15 2.742904e+21 
4.093750e+04 1.931749e-15 2.688302e+21 
4.125000e+04 1.968783e-15 2.639614e+21 
4.156250e+04 2.029091e-15 2.564132e+21 
4.187500e+04 2.131385e-15 2.445872e+21 
4.218750e+04 2.402462e-15 2.181261e+21 
4.250000e+04 2.763394e-15 1.909365e+21 
4.281250e+04 3.402041e-15 1.569735e+21 
4.312500e+04 4.057594e-15 1.332245e+21 
4.343750e+04 4.706378e-15 1.162377e+21 
4.375000e+04 5.315220e-15 1.040690e+21 
4.406250e+04 5.717867e-15 9.744440e+20 
4.437500e+04 6.067980e-15 9.239904e+20 
4.468750e+04 6.200637e-15 9.063627e+20 
4.500000e+04 6.280925e-15 8.960526e+20 
4.531250e+04 6.184198e-15 9.085062e+20 
4.562500e+04 6.046400e-15 9.269291e+20 
4.593750e+04 5.788974e-15 9.637038e+20 
4.625000e+04 5.504482e-15 1.008341e+21 
4.656250e+04 5.152600e-15 1.070375e+21 
4.687500e+04 4.787108e-15 1.144461e+21 
4.718750e+04 4.395786e-15 1.237442e+21 
4.750000e+04 4.002679e-15 1.349151e+21 
4.781250e+04 3.614154e-15 1.483435e+21 
4.812500e+04 3.232978e-15 1.646547e+21 
4.843750e+04 2.876216e-15 1.838377e+21 
4.875000e+04 2.532941e-15 2.073971e+21 
4.906250e+04 2.224950e-15 2.347219e+21 
4.937500e+04 1.933713e-15 2.685674e+21 
4.968750e+04 1.681544e-15 3.073434e+21 
5.000000e+04 1.446833e-15 3.555790e+21 
5.031250e+04 1.249597e-15 4.101268e+21 
5.062500e+04 1.068482e-15 4.779491e+21 
5.093750e+04 9.196145e-16 5.537052e+21 
5.125000e+04 7.842999e-16 6.475048e+21 
5.156250e+04 6.743582e-16 7.514475e+21 
5.187500e+04 5.750914e-16 8.794182e+21 
5.218750e+04 4.945407e-16 1.021045e+22 
5.250000e+04 4.221128e-16 1.194506e+22 
5.281250e+04 3.630717e-16 1.387151e+22 
5.312500e+04 3.101291e-16 1.622217e+22 
5.343750e+04 2.667549e-16 1.884401e+22 
5.375000e+04 2.279319e-16 2.203619e+22 
5.406250e+04 1.960393e-16 2.560542e+22 
5.437500e+04 1.675248e-16 2.994611e+22 
5.468750e+04 1.440903e-16 3.480096e+22 
5.500000e+04 1.231490e-16 4.070094e+22 
5.531250e+04 1.059511e-16 4.729230e+22 
5.562500e+04 9.058473e-17 5.529659e+22 
5.593750e+04 7.797653e-17 6.422287e+22 
5.625000e+04 6.670923e-17 7.505169e+22 
5.656250e+04 5.746933e-17 8.710432e+22 
5.687500e+04 4.920905e-17 1.017067e+23 
5.718750e+04 4.243507e-17 1.179290e+23 
5.750000e+04 3.637603e-17 1.375524e+23 
5.781250e+04 3.140454e-17 1.593151e+23 
5.812500e+04 2.695475e-17 1.855950e+23 
5.843750e+04 2.330012e-17 2.146944e+23 
5.875000e+04 2.002638e-17 2.497693e+23 
5.906250e+04 1.733420e-17 2.885513e+23 
5.937500e+04 1.492042e-17 3.352094e+23 
5.968750e+04 1.293249e-17 3.867286e+23 
6.000000e+04 1.114835e-17 4.485944e+23 
6.031250e+04 9.676611e-18 5.168167e+23 
6.062500e+04 8.354328e-18 5.985887e+23 
6.093750e+04 7.261718e-18 6.886508e+23 
6.125000e+04 6.278951e-18 7.964067e+23 
6.156250e+04 5.465424e-18 9.149525e+23 
6.187500e+04 4.732824e-18 1.056545e+24 
6.218750e+04 4.125222e-18 1.212169e+24 
6.250000e+04 3.577411e-18 1.397750e+24 
6.281250e+04 3.122125e-18 1.601589e+24 
6.312500e+04 2.711153e-18 1.844322e+24 
6.343750e+04 2.368818e-18 2.110875e+24 
6.375000e+04 2.059446e-18 2.427921e+24 
6.406250e+04 1.801130e-18 2.776156e+24 
6.437500e+04 1.567440e-18 3.189992e+24 
6.468750e+04 1.371908e-18 3.644686e+24 
6.500000e+04 1.194889e-18 4.184560e+24 
6.531250e+04 1.046522e-18 4.777859e+24 
6.562500e+04 9.121425e-19 5.481658e+24 
6.593750e+04 7.991537e-19 6.256751e+24 
6.625000e+04 6.966993e-19 7.176744e+24 
6.656250e+04 6.102369e-19 8.193696e+24 
6.687500e+04 5.318205e-19 9.401711e+24 
6.718750e+04 4.659296e-19 1.000000e+25 
6.750000e+04 4.063970e-19 1.000000e+25 
6.781250e+04 3.562476e-19 1.000000e+25 
6.812500e+04 3.109516e-19 1.000000e+25 
6.843750e+04 2.701950e-19 1.000000e+25 
6.875000e+04 2.321260e-19 1.000000e+25 
6.906250e+04 2.080828e-19 1.000000e+25 
6.937500e+04 1.986540e-19 1.000000e+25 
6.968750e+04 1.964178e-19 1.000000e+25 
7.000000e+04 1.923239e-19 1.000000e+25 
7.031250e+04 1.871893e-19 1.000000e+25 
7.062500e+04 1.821759e-19 1.000000e+25 
7.093750e+04 1.774839e-19 1.000000e+25 
7.125000e+04 1.730670e-19 1.000000e+25 
7.156250e+04 1.689743e-19 1.000000e+25 
7.187500e+04 1.649961e-19 1.000000e+25 
7.218750e+04 1.612106e-19 1.000000e+25 
7.250000e+04 1.575705e-19 1.000000e+25 
7.281250e+04 1.541779e-19 1.000000e+25 
7.312500e+04 1.509206e-19 1.000000e+25 
7.343750e+04 1.478815e-19 1.000000e+25 
7.375000e+04 1.449726e-19 1.000000e+25 
7.406250e+04 1.422739e-19 1.000000e+25 
7.437500e+04 1.397013e-19 1.000000e+25 
7.468750e+04 1.373258e-19 1.000000e+25 
7.500000e+04 1.350725e-19 1.000000e+25 
7.531250e+04 1.330047e-19 1.000000e+25 
7.562500e+04 1.310558e-19 1.000000e+25 
7.593750e+04 1.292811e-19 1.000000e+25 
7.625000e+04 1.276224e-19 1.000000e+25 
7.656250e+04 1.261283e-19 1.000000e+25 
7.687500e+04 1.247482e-19 1.000000e+25 
7.718750e+04 1.235252e-19 1.000000e+25 
7.750000e+04 1.224147e-19 1.000000e+25 
7.781250e+04 1.214561e-19 1.000000e+25 
7.812500e+04 1.206091e-19 1.000000e+25 
7.843750e+04 1.199108e-19 1.000000e+25 
7.875000e+04 1.193236e-19 1.000000e+25 
7.906250e+04 1.188832e-19 1.000000e+25 
7.937500e+04 1.185538e-19 1.000000e+25 
7.968750e+04 1.183701e-19 1.000000e+25 
8.000000e+04 1.182973e-19 1.000000e+25 
