0.000000e+00 1.065920e-19 1.000000e+25 
2.083333e+02 1.066192e-19 1.000000e+25 
4.166667e+02 1.066891e-19 1.000000e+25 
6.250000e+02 1.068134e-19 1.000000e+25 
8.333333e+02 1.069805e-19 1.000000e+25 
1.041667e+03 1.072020e-19 1.000000e+25 
1.250000e+03 1.074663e-19 1.000000e+25 
1.458333e+03 1.077850e-19 1.000000e+25 
1.666667e+03 1.081466e-19 1.000000e+25 
1.875000e+03 1.085627e-19 1.000000e+25 
2.083333e+03 1.090217e-19 1.000000e+25 
2.291667e+03 1.095354e-19 1.000000e+25 
2.500000e+03 1.100921e-19 1.000000e+25 
2.708333e+03 1.107039e-19 1.000000e+25 
2.916667e+03 1.113588e-19 1.000000e+25 
3.125000e+03 1.120693e-19 1.000000e+25 
3.333333e+03 1.128232e-19 1.000000e+25 
3.541667e+03 1.136335e-19 1.000000e+25 
3.750000e+03 1.144874e-19 1.000000e+25 
3.958333e+03 1.153991e-19 1.000000e+25 
4.166667e+03 1.163547e-19 1.000000e+25 
4.375000e+03 1.173699e-19 1.000000e+25 
4.583333e+03 1.184296e-19 1.000000e+25 
4.791667e+03 1.195512e-19 1.000000e+25 
5.000000e+03 1.207180e-19 1.000000e+25 
5.208333e+03 1.219497e-19 1.000000e+25 
5.416667e+03 1.232276e-19 1.000000e+25 
5.625000e+03 1.245737e-19 1.000000e+25 
5.833333e+03 1.259673e-19 1.000000e+25 
6.041667e+03 1.274331e-19 1.000000e+25 
6.250000e+03 1.289476e-19 1.000000e+25 
6.458333e+03 1.305387e-19 1.000000e+25 
6.666667e+03 1.321797e-19 1.000000e+25 
6.875000e+03 1.339019e-19 1.000000e+25 
7.083333e+03 1.356755e-19 1.000000e+25 
7.291667e+03 1.375346e-19 1.000000e+25 
7.500000e+03 1.394465e-19 1.000000e+25 
7.708333e+03 1.414482e-19 1.000000e+25 
7.916667e+03 1.435039e-19 1.000000e+25 
8.125000e+03 1.456536e-19 1.000000e+25 
8.333333e+03 1.478588e-19 1.000000e+25 
8.541667e+03 1.501617e-19 1.000000e+25 
8.750000e+03 1.525214e-19 1.000000e+25 
8.958333e+03 1.549835e-19 1.000000e+25 
9.166667e+03 1.575046e-19 1.000000e+25 
9.375000e+03 1.601319e-19 1.000000e+25 
9.583333e+03 1.628191e-19 1.000000e+25 
9.791667e+03 1.656214e-19 1.000000e+25 
1.000000e+04 1.684891e-19 1.000000e+25 
1.020833e+04 1.714767e-19 1.000000e+25 
1.041667e+04 1.745276e-19 1.000000e+25 
1.062500e+04 1.776647e-19 1.000000e+25 
1.083333e+04 1.808461e-19 1.000000e+25 
1.104167e+04 1.842650e-19 1.000000e+25 
1.125000e+04 1.877356e-19 1.000000e+25 
1.145833e+04 1.914095e-19 1.000000e+25 
1.166667e+04 1.948687e-19 1.000000e+25 
1.187500e+04 1.963439e-19 1.000000e+25 
1.208333e+04 1.999785e-19 1.000000e+25 
1.229167e+04 2.149849e-19 1.000000e+25 
1.250000e+04 2.361787e-19 1.000000e+25 
1.270833e+04 2.600458e-19 1.000000e+25 
1.291667e+04 2.844565e-19 1.000000e+25 
1.312500e+04 3.113557e-19 1.000000e+25 
1.333333e+04 3.403761e-19 1.000000e+25 
1.354167e+04 3.730196e-19 1.000000e+25 
1.375000e+04 4.080780e-19 1.000000e+25 
1.395833e+04 4.473942e-19 1.000000e+25 
1.416667e+04 4.894961e-19 1.000000e+25 
1.437500e+04 5.366584e-19 9.316944e+24 
1.458333e+04 5.871894e-19 8.515146e+24 
1.479167e+04 6.439404e-19 7.764720e+24 
1.500000e+04 7.047322e-19 7.094898e+24 
1.520833e+04 7.730709e-19 6.467734e+24 
1.541667e+04 8.462604e-19 5.908350e+24 
1.562500e+04 9.286084e-19 5.384420e+24 
1.583333e+04 1.016817e-18 4.917307e+24 
1.604167e+04 1.116180e-18 4.479580e+24 
1.625000e+04 1.222642e-18 4.089507e+24 
1.645833e+04 1.342692e-18 3.723876e+24 
1.666667e+04 1.471357e-18 3.398225e+24 
1.687500e+04 1.616590e-18 3.092943e+24 
1.708333e+04 1.772302e-18 2.821192e+24 
1.729167e+04 1.948244e-18 2.566425e+24 
1.750000e+04 2.136964e-18 2.339770e+24 
1.770833e+04 2.350429e-18 2.127281e+24 
1.791667e+04 2.579508e-18 1.938356e+24 
1.812500e+04 2.838903e-18 1.761252e+24 
1.833333e+04 3.117418e-18 1.603893e+24 
1.854167e+04 3.433124e-18 1.456406e+24 
1.875000e+04 3.772287e-18 1.325457e+24 
1.895833e+04 4.157137e-18 1.202757e+24 
1.916667e+04 4.570812e-18 1.093899e+24 
1.937500e+04 5.040675e-18 9.919355e+23 
1.958333e+04 5.546018e-18 9.015486e+23 
1.979167e+04 6.120554e-18 8.169236e+23 
2.000000e+04 6.738827e-18 7.419696e+23 
2.020833e+04 7.442425e-18 6.718275e+23 
2.041667e+04 8.200019e-18 6.097553e+23 
2.062500e+04 9.062985e-18 5.516975e+23 
2.083333e+04 9.992706e-18 5.003655e+23 
2.104167e+04 1.105275e-17 4.523785e+23 
2.125000e+04 1.219544e-17 4.099897e+23 
2.145833e+04 1.349956e-17 3.703846e+23 
2.166667e+04 1.490612e-17 3.354331e+23 
2.187500e+04 1.651291e-17 3.027950e+23 
2.208333e+04 1.824686e-17 2.740201e+23 
2.229167e+04 2.022949e-17 2.471654e+23 
2.250000e+04 2.237011e-17 2.235127e+23 
2.270833e+04 2.481994e-17 2.014521e+23 
2.291667e+04 2.746628e-17 1.820416e+23 
2.312500e+04 3.049737e-17 1.639496e+23 
2.333333e+04 3.377313e-17 1.480469e+23 
2.354167e+04 3.752781e-17 1.332353e+23 
2.375000e+04 4.158736e-17 1.202290e+23 
2.395833e+04 4.624311e-17 1.081249e+23 
2.416667e+04 5.127896e-17 9.750597e+22 
2.437500e+04 5.705676e-17 8.763258e+22 
2.458333e+04 6.330872e-17 7.897813e+22 
2.479167e+04 7.048358e-17 7.093895e+22 
2.500000e+04 7.825019e-17 6.389767e+22 
2.520833e+04 8.716455e-17 5.736313e+22 
2.541667e+04 9.681773e-17 5.164348e+22 
2.562500e+04 1.078994e-16 4.633975e+22 
2.583333e+04 1.199042e-16 4.170000e+22 
2.604167e+04 1.336917e-16 3.739972e+22 
2.625000e+04 1.486338e-16 3.363974e+22 
2.645833e+04 1.658141e-16 3.015444e+22 
2.666667e+04 1.844413e-16 2.710891e+22 
2.687500e+04 2.059062e-16 2.428305e+22 
2.708333e+04 2.291892e-16 2.181604e+22 
2.729167e+04 2.561182e-16 1.952235e+22 
2.750000e+04 2.853390e-16 1.752302e+22 
2.770833e+04 3.193088e-16 1.565891e+22 
2.791667e+04 3.561742e-16 1.403807e+22 
2.812500e+04 3.992818e-16 1.252255e+22 
2.833333e+04 4.460454e-16 1.120962e+22 
2.854167e+04 5.010083e-16 9.979922e+21 
2.875000e+04 5.605579e-16 8.919685e+21 
2.895833e+04 6.307412e-16 7.927213e+21 
2.916667e+04 7.066002e-16 7.076138e+21 
2.937500e+04 7.959319e-16 6.281966e+21 
2.958333e+04 8.921437e-16 5.604479e+21 
2.979167e+04 1.004923e-15 4.975518e+21 
3.000000e+04 1.125836e-15 4.441143e+21 
3.020833e+04 1.266479e-15 3.947961e+21 
3.041667e+04 1.416479e-15 3.529879e+21 
3.062500e+04 1.589233e-15 3.146176e+21 
3.083333e+04 1.772445e-15 2.820962e+21 
3.104167e+04 1.981048e-15 2.523919e+21 
3.125000e+04 2.200960e-15 2.271737e+21 
3.145833e+04 2.448133e-15 2.042374e+21 
3.166667e+04 2.707018e-15 1.847051e+21 
3.187500e+04 2.993627e-15 1.670215e+21 
3.208333e+04 3.291600e-15 1.519018e+21 
3.229167e+04 3.615327e-15 1.383001e+21 
3.250000e+04 3.948902e-15 1.266175e+21 
3.270833e+04 4.302390e-15 1.162145e+21 
3.291667e+04 4.662538e-15 1.072378e+21 
3.312500e+04 5.031170e-15 9.938048e+20 
3.333333e+04 5.401143e-15 9.257302e+20 
3.354167e+04 5.760923e-15 8.679170e+20 
3.375000e+04 6.114367e-15 8.177462e+20 
3.395833e+04 6.430741e-15 7.775162e+20 
3.416667e+04 6.731005e-15 7.428311e+20 
3.437500e+04 6.959836e-15 7.184089e+20 
3.458333e+04 7.161710e-15 6.981573e+20 
3.479167e+04 7.254060e-15 6.892705e+20 
3.500000e+04 7.309549e-15 6.840368e+20 
3.520833e+04 7.221957e-15 6.923344e+20 
3.541667e+04 7.091566e-15 7.050633e+20 
3.562500e+04 6.802232e-15 7.350537e+20 
3.583333e+04 6.471582e-15 7.726096e+20 
3.604167e+04 5.999234e-15 8.334399e+20 
3.625000e+04 5.496940e-15 9.095982e+20 
3.645833e+04 4.913847e-15 1.017533e+21 
3.666667e+04 4.321721e-15 1.156947e+21 
3.687500e+04 3.750330e-15 1.333223e+21 
3.708333e+04 3.197229e-15 1.563855e+21 
3.729167e+04 2.776757e-15 1.800689e+21 
3.750000e+04 2.402035e-15 2.081575e+21 
3.770833e+04 2.189865e-15 2.283264e+21 
3.791667e+04 2.021815e-15 2.473030e+21 
3.812500e+04 1.938376e-15 2.579481e+21 
3.833333e+04 1.870589e-15 2.672957e+21 
3.854167e+04 1.827597e-15 2.735833e+21 
3.875000e+04 1.786314e-15 2.799060e+21 
3.895833e+04 1.756338e-15 2.846833e+21 
3.916667e+04 1.728668e-15 2.892401e+21 
3.937500e+04 1.710046e-15 2.923899e+21 
3.958333e+04 1.694245e-15 2.951168e+21 
3.979167e+04 1.686983e-15 2.963872e+21 
4.000000e+04 1.682666e-15 2.971476e+21 
4.020833e+04 1.686983e-15 2.963872e+21 
4.041667e+04 1.694245e-15 2.951168e+21 
4.062500e+04 1.710046e-15 2.923899e+21 
4.083333e+04 1.728668e-15 2.892401e+21 
4.104167e+04 1.756338e-15 2.846833e+21 
4.125000e+04 1.786314e-15 2.799060e+21 
4.145833e+04 1.827597e-15 2.735833e+21 
4.166667e+04 1.870589e-15 2.672957e+21 
4.187500e+04 1.938376e-15 2.579481e+21 
4.208333e+04 2.021815e-15 2.473030e+21 
4.229167e+04 2.189865e-15 2.283264e+21 
4.250000e+04 2.402035e-15 2.081575e+21 
4.270833e+04 2.776757e-15 1.800689e+21 
4.291667e+04 3.197229e-15 1.563855e+21 
4.312500e+04 3.750330e-15 1.333223e+21 
4.333333e+04 4.321721e-15 1.156947e+21 
4.354167e+04 4.913847e-15 1.017533e+21 
4.375000e+04 5.496940e-15 9.095982e+20 
4.395833e+04 5.999234e-15 8.334399e+20 
4.416667e+04 6.471582e-15 7.726096e+20 
4.437500e+04 6.802232e-15 7.350537e+20 
4.458333e+04 7.091566e-15 7.050633e+20 
4.479167e+04 7.221957e-15 6.923344e+20 
4.500000e+04 7.309549e-15 6.840368e+20 
4.520833e+04 7.254060e-15 6.892705e+20 
4.541667e+04 7.161710e-15 6.981573e+20 
4.562500e+04 6.959836e-15 7.184089e+20 
4.583333e+04 6.731005e-15 7.428311e+20 
4.604167e+04 6.430741e-15 7.775162e+20 
4.625000e+04 6.114367e-15 8.177462e+20 
4.645833e+04 5.760923e-15 8.679170e+20 
4.666667e+04 5.401143e-15 9.257302e+20 
4.687500e+04 5.031170e-15 9.938048e+20 
4.708333e+04 4.662538e-15 1.072378e+21 
4.729167e+04 4.302390e-15 1.162145e+21 
4.750000e+04 3.948902e-15 1.266175e+21 
4.770833e+04 3.615327e-15 1.383001e+21 
4.791667e+04 3.291600e-15 1.519018e+21 
4.812500e+04 2.993627e-15 1.670215e+21 
4.833333e+04 2.707018e-15 1.847051e+21 
4.854167e+04 2.448133e-15 2.042374e+21 
4.875000e+04 2.200960e-15 2.271737e+21 
4.895833e+04 1.981048e-15 2.523919e+21 
4.916667e+04 1.772445e-15 2.820962e+21 
4.937500e+04 1.589233e-15 3.146176e+21 
4.958333e+04 1.416479e-15 3.529879e+21 
4.979167e+04 1.266479e-15 3.947961e+21 
5.000000e+04 1.125836e-15 4.441143e+21 
5.020833e+04 1.004923e-15 4.975518e+21 
5.041667e+04 8.921437e-16 5.604479e+21 
5.062500e+04 7.959319e-16 6.281966e+21 
5.083333e+04 7.066002e-16 7.076138e+21 
5.104167e+04 6.307412e-16 7.927213e+21 
5.125000e+04 5.605579e-16 8.919685e+21 
5.145833e+04 5.010083e-16 9.979922e+21 
5.166667e+04 4.460454e-16 1.120962e+22 
5.187500e+04 3.992818e-16 1.252255e+22 
5.208333e+04 3.561742e-16 1.403807e+22 
5.229167e+04 3.193088e-16 1.565891e+22 
5.250000e+04 2.853390e-16 1.752302e+22 
5.270833e+04 2.561182e-16 1.952235e+22 
5.291667e+04 2.291892e-16 2.181604e+22 
5.312500e+04 2.059062e-16 2.428305e+22 
5.333333e+04 1.844413e-16 2.710891e+22 
5.354167e+04 1.658141e-16 3.015444e+22 
5.375000e+04 1.486338e-16 3.363974e+22 
5.395833e+04 1.336917e-16 3.739972e+22 
5.416667e+04 1.199042e-16 4.170000e+22 
5.437500e+04 1.078994e-16 4.633975e+22 
5.458333e+04 9.681773e-17 5.164348e+22 
5.479167e+04 8.716455e-17 5.736313e+22 
5.500000e+04 7.825019e-17 6.389767e+22 
5.520833e+04 7.048358e-17 7.093895e+22 
5.541667e+04 6.330872e-17 7.897813e+22 
5.562500e+04 5.705676e-17 8.763258e+22 
5.583333e+04 5.127896e-17 9.750597e+22 
5.604167e+04 4.624311e-17 1.081249e+23 
5.625000e+04 4.158736e-17 1.202290e+23 
5.645833e+04 3.752781e-17 1.332353e+23 
5.666667e+04 3.377313e-17 1.480469e+23 
5.687500e+04 3.049737e-17 1.639496e+23 
5.708333e+04 2.746628e-17 1.820416e+23 
5.729167e+04 2.481994e-17 2.014521e+23 
5.750000e+04 2.237011e-17 2.235127e+23 
5.770833e+04 2.022949e-17 2.471654e+23 
5.791667e+04 1.824686e-17 2.740201e+23 
5.812500e+04 1.651291e-17 3.027950e+23 
5.833333e+04 1.490612e-17 3.354331e+23 
5.854167e+04 1.349956e-17 3.703846e+23 
5.875000e+04 1.219544e-17 4.099897e+23 
5.895833e+04 1.105275e-17 4.523785e+23 
5.916667e+04 9.992706e-18 5.003655e+23 
5.937500e+04 9.062985e-18 5.516975e+23 
5.958333e+04 8.200019e-18 6.097553e+23 
5.979167e+04 7.442425e-18 6.718275e+23 
6.000000e+04 6.738827e-18 7.419696e+23 
6.020833e+04 6.120554e-18 8.169236e+23 
6.041667e+04 5.546018e-18 9.015486e+23 
6.062500e+04 5.040675e-18 9.919355e+23 
6.083333e+04 4.570812e-18 1.093899e+24 
6.104167e+04 4.157137e-18 1.202757e+24 
6.125000e+04 3.772287e-18 1.325457e+24 
6.145833e+04 3.433124e-18 1.456406e+24 
6.166667e+04 3.117418e-18 1.603893e+24 
6.187500e+04 2.838903e-18 1.761252e+24 
6.208333e+04 2.579508e-18 1.938356e+24 
6.229167e+04 2.350429e-18 2.127281e+24 
6.250000e+04 2.136964e-18 2.339770e+24 
6.270833e+04 1.948244e-18 2.566425e+24 
6.291667e+04 1.772302e-18 2.821192e+24 
6.312500e+04 1.616590e-18 3.092943e+24 
6.333333e+04 1.471357e-18 3.398225e+24 
6.354167e+04 1.342692e-18 3.723876e+24 
6.375000e+04 1.222642e-18 4.089507e+24 
6.395833e+04 1.116180e-18 4.479580e+24 
6.416667e+04 1.016817e-18 4.917307e+24 
6.437500e+04 9.286084e-19 5.384420e+24 
6.458333e+04 8.462604e-19 5.908350e+24 
6.479167e+04 7.730709e-19 6.467734e+24 
6.500000e+04 7.047322e-19 7.094898e+24 
6.520833e+04 6.439404e-19 7.764720e+24 
6.541667e+04 5.871894e-19 8.515146e+24 
6.562500e+04 5.366584e-19 9.316944e+24 
6.583333e+04 4.894961e-19 1.000000e+25 
6.604167e+04 4.473942e-19 1.000000e+25 
6.625000e+04 4.080780e-19 1.000000e+25 
6.645833e+04 3.730196e-19 1.000000e+25 
6.666667e+04 3.403761e-19 1.000000e+25 
6.687500e+04 3.113557e-19 1.000000e+25 
6.708333e+04 2.844565e-19 1.000000e+25 
6.729167e+04 2.600458e-19 1.000000e+25 
6.750000e+04 2.361787e-19 1.000000e+25 
6.770833e+04 2.149849e-19 1.000000e+25 
6.791667e+04 1.999785e-19 1.000000e+25 
6.812500e+04 1.963439e-19 1.000000e+25 
6.833333e+04 1.948687e-19 1.000000e+25 
6.854167e+04 1.914095e-19 1.000000e+25 
6.875000e+04 1.877356e-19 1.000000e+25 
6.895833e+04 1.842650e-19 1.000000e+25 
6.916667e+04 1.808461e-19 1.000000e+25 
6.937500e+04 1.776647e-19 1.000000e+25 
6.958333e+04 1.745276e-19 1.000000e+25 
6.979167e+04 1.714767e-19 1.000000e+25 
7.000000e+04 1.684891e-19 1.000000e+25 
7.020833e+04 1.656214e-19 1.000000e+25 
7.041667e+04 1.628191e-19 1.000000e+25 
7.062500e+04 1.601319e-19 1.000000e+25 
7.083333e+04 1.575046e-19 1.000000e+25 
7.104167e+04 1.549835e-19 1.000000e+25 
7.125000e+04 1.525214e-19 1.000000e+25 
7.145833e+04 1.501617e-19 1.000000e+25 
7.166667e+04 1.478588e-19 1.000000e+25 
7.187500e+04 1.456536e-19 1.000000e+25 
7.208333e+04 1.435039e-19 1.000000e+25 
7.229167e+04 1.414482e-19 1.000000e+25 
7.250000e+04 1.394465e-19 1.000000e+25 
7.270833e+04 1.375346e-19 1.000000e+25 
7.291667e+04 1.356755e-19 1.000000e+25 
7.312500e+04 1.339019e-19 1.000000e+25 
7.333333e+04 1.321797e-19 1.000000e+25 
7.354167e+04 1.305387e-19 1.000000e+25 
7.375000e+04 1.289476e-19 1.000000e+25 
7.395833e+04 1.274331e-19 1.000000e+25 
7.416667e+04 1.259673e-19 1.000000e+25 
7.437500e+04 1.245737e-19 1.000000e+25 
7.458333e+04 1.232276e-19 1.000000e+25 
7.479167e+04 1.219497e-19 1.000000e+25 
7.500000e+04 1.207180e-19 1.000000e+25 
7.520833e+04 1.195512e-19 1.000000e+25 
7.541667e+04 1.184296e-19 1.000000e+25 
7.562500e+04 1.173699e-19 1.000000e+25 
7.583333e+04 1.163547e-19 1.000000e+25 
7.604167e+04 1.153991e-19 1.000000e+25 
7.625000e+04 1.144874e-19 1.000000e+25 
7.645833e+04 1.136335e-19 1.000000e+25 
7.666667e+04 1.128232e-19 1.000000e+25 
7.687500e+04 1.120693e-19 1.000000e+25 
7.708333e+04 1.113588e-19 1.000000e+25 
7.729167e+04 1.107039e-19 1.000000e+25 
7.750000e+04 1.100921e-19 1.000000e+25 
7.770833e+04 1.095354e-19 1.000000e+25 
7.791667e+04 1.090217e-19 1.000000e+25 
7.812500e+04 1.085627e-19 1.000000e+25 
7.833333e+04 1.081466e-19 1.000000e+25 
7.854167e+04 1.077850e-19 1.000000e+25 
7.875000e+04 1.074663e-19 1.000000e+25 
7.895833e+04 1.072020e-19 1.000000e+25 
7.916667e+04 1.069805e-19 1.000000e+25 
7.937500e+04 1.068134e-19 1.000000e+25 
7.958333e+04 1.066891e-19 1.000000e+25 
7.979167e+04 1.066192e-19 1.000000e+25 
8.000000e+04 1.065920e-19 1.000000e+25 
