0.000000e+00 1.299059e-18 1.000000e+25 
2.500000e+02 1.299543e-18 1.000000e+25 
5.000000e+02 1.300566e-18 1.000000e+25 
7.500000e+02 1.302558e-18 1.000000e+25 
1.000000e+03 1.305092e-18 1.000000e+25 
1.250000e+03 1.308603e-18 1.000000e+25 
1.500000e+03 1.312663e-18 1.000000e+25 
1.750000e+03 1.317725e-18 1.000000e+25 
2.000000e+03 1.323354e-18 1.000000e+25 
2.250000e+03 1.330029e-18 1.000000e+25 
2.500000e+03 1.337292e-18 1.000000e+25 
2.750000e+03 1.345657e-18 1.000000e+25 
3.000000e+03 1.354638e-18 1.000000e+25 
3.250000e+03 1.364779e-18 1.000000e+25 
3.500000e+03 1.375563e-18 1.000000e+25 
3.750000e+03 1.387566e-18 1.000000e+25 
4.000000e+03 1.400246e-18 1.000000e+25 
4.250000e+03 1.414220e-18 1.000000e+25 
4.500000e+03 1.428910e-18 1.000000e+25 
4.750000e+03 1.444976e-18 1.000000e+25 
5.000000e+03 1.461800e-18 1.000000e+25 
5.250000e+03 1.480107e-18 1.000000e+25 
5.500000e+03 1.499225e-18 1.000000e+25 
5.750000e+03 1.519913e-18 1.000000e+25 
6.000000e+03 1.541452e-18 1.000000e+25 
6.250000e+03 1.564634e-18 1.000000e+25 
6.500000e+03 1.588709e-18 1.000000e+25 
6.750000e+03 1.614531e-18 1.000000e+25 
7.000000e+03 1.641302e-18 1.000000e+25 
7.250000e+03 1.669937e-18 1.000000e+25 
7.500000e+03 1.699570e-18 1.000000e+25 
7.750000e+03 1.731141e-18 1.000000e+25 
8.000000e+03 1.763764e-18 1.000000e+25 
8.250000e+03 1.798531e-18 1.000000e+25 
8.500000e+03 1.834470e-18 1.000000e+25 
8.750000e+03 1.872797e-18 1.000000e+25 
9.000000e+03 1.912316e-18 1.000000e+25 
9.250000e+03 1.954167e-18 1.000000e+25 
9.500000e+03 1.997308e-18 1.000000e+25 
9.750000e+03 2.042238e-18 1.000000e+25 
1.000000e+04 2.088895e-18 1.000000e+25 
1.025000e+04 2.140106e-18 1.000000e+25 
1.050000e+04 2.193062e-18 1.000000e+25 
1.075000e+04 2.247140e-18 1.000000e+25 
1.100000e+04 2.298873e-18 1.000000e+25 
1.125000e+04 2.355066e-18 1.000000e+25 
1.150000e+04 2.402945e-18 1.000000e+25 
1.175000e+04 2.423541e-18 1.000000e+25 
1.200000e+04 2.461520e-18 1.000000e+25 
1.225000e+04 2.507610e-18 1.000000e+25 
1.250000e+04 2.594576e-18 1.000000e+25 
1.275000e+04 2.810450e-18 1.000000e+25 
1.300000e+04 3.138622e-18 1.000000e+25 
1.325000e+04 3.556118e-18 1.000000e+25 
1.350000e+04 4.045729e-18 1.000000e+25 
1.375000e+04 4.619405e-18 1.000000e+25 
1.400000e+04 5.203848e-18 1.000000e+25 
1.425000e+04 5.840839e-18 9.601954e+24 
1.450000e+04 6.536466e-18 8.682405e+24 
1.475000e+04 7.307166e-18 7.846152e+24 
1.500000e+04 8.155729e-18 7.103382e+24 
1.525000e+04 9.107176e-18 6.421316e+24 
1.550000e+04 1.015578e-17 5.814719e+24 
1.575000e+04 1.132865e-17 5.260070e+24 
1.600000e+04 1.261786e-17 4.767518e+24 
1.625000e+04 1.405569e-17 4.315720e+24 
1.650000e+04 1.563539e-17 3.914029e+24 
1.675000e+04 1.739516e-17 3.544745e+24 
1.700000e+04 1.932857e-17 3.216000e+24 
1.725000e+04 2.148360e-17 2.913333e+24 
1.750000e+04 2.385282e-17 2.643516e+24 
1.775000e+04 2.649933e-17 2.394622e+24 
1.800000e+04 2.941067e-17 2.172608e+24 
1.825000e+04 3.266636e-17 1.967622e+24 
1.850000e+04 3.624890e-17 1.784783e+24 
1.875000e+04 4.025752e-17 1.615873e+24 
1.900000e+04 4.467016e-17 1.465237e+24 
1.925000e+04 4.961169e-17 1.325992e+24 
1.950000e+04 5.505356e-17 1.201849e+24 
1.975000e+04 6.115369e-17 1.087041e+24 
2.000000e+04 6.787445e-17 9.847365e+23 
2.025000e+04 7.541672e-17 8.900910e+23 
2.050000e+04 8.373010e-17 8.058106e+23 
2.075000e+04 9.307109e-17 7.278143e+23 
2.100000e+04 1.033717e-16 6.584214e+23 
2.125000e+04 1.149614e-16 5.941821e+23 
2.150000e+04 1.277470e-16 5.370917e+23 
2.175000e+04 1.421555e-16 4.842259e+23 
2.200000e+04 1.580568e-16 4.373055e+23 
2.225000e+04 1.760101e-16 3.938459e+23 
2.250000e+04 1.958294e-16 3.553354e+23 
2.275000e+04 2.182553e-16 3.196610e+23 
2.300000e+04 2.430152e-16 2.881094e+23 
2.325000e+04 2.710980e-16 2.588872e+23 
2.350000e+04 3.020988e-16 2.331001e+23 
2.375000e+04 3.373408e-16 2.092346e+23 
2.400000e+04 3.762217e-16 1.882284e+23 
2.425000e+04 4.205014e-16 1.688164e+23 
2.450000e+04 4.692950e-16 1.517772e+23 
2.475000e+04 5.249071e-16 1.360677e+23 
2.500000e+04 5.860688e-16 1.223169e+23 
2.525000e+04 6.557248e-16 1.096772e+23 
2.550000e+04 7.321164e-16 9.864162e+22 
2.575000e+04 8.188921e-16 8.853112e+22 
2.600000e+04 9.137079e-16 7.972151e+22 
2.625000e+04 1.020939e-15 7.167456e+22 
2.650000e+04 1.137583e-15 6.467164e+22 
2.675000e+04 1.268729e-15 5.828854e+22 
2.700000e+04 1.410669e-15 5.273530e+22 
2.725000e+04 1.569176e-15 4.767828e+22 
2.750000e+04 1.739793e-15 4.327605e+22 
2.775000e+04 1.928947e-15 3.926669e+22 
2.800000e+04 2.131374e-15 3.577171e+22 
2.825000e+04 2.354092e-15 3.258698e+22 
2.850000e+04 2.590952e-15 2.980574e+22 
2.875000e+04 2.849368e-15 2.727193e+22 
2.900000e+04 3.122257e-15 2.505476e+22 
2.925000e+04 3.416930e-15 2.303958e+22 
2.950000e+04 3.725464e-15 2.127315e+22 
2.975000e+04 4.054046e-15 1.967725e+22 
3.000000e+04 4.394349e-15 1.827683e+22 
3.025000e+04 4.749741e-15 1.702589e+22 
3.050000e+04 5.112485e-15 1.592849e+22 
3.075000e+04 5.480764e-15 1.496706e+22 
3.100000e+04 5.849154e-15 1.412632e+22 
3.125000e+04 6.207799e-15 1.341405e+22 
3.150000e+04 6.556097e-15 1.279747e+22 
3.175000e+04 6.873195e-15 1.230796e+22 
3.200000e+04 7.166520e-15 1.189664e+22 
3.225000e+04 7.401789e-15 1.161833e+22 
3.250000e+04 7.598053e-15 1.140913e+22 
3.275000e+04 7.706792e-15 1.134877e+22 
3.300000e+04 7.761906e-15 1.135970e+22 
3.325000e+04 7.703053e-15 1.154939e+22 
3.350000e+04 7.580389e-15 1.183039e+22 
3.375000e+04 7.329125e-15 1.234112e+22 
3.400000e+04 7.013070e-15 1.299496e+22 
3.425000e+04 6.575865e-15 1.396055e+22 
3.450000e+04 6.086199e-15 1.518115e+22 
3.475000e+04 5.514257e-15 1.682725e+22 
3.500000e+04 4.917516e-15 1.894282e+22 
3.525000e+04 4.308891e-15 2.157657e+22 
3.550000e+04 3.713205e-15 2.500786e+22 
3.575000e+04 3.195971e-15 2.865403e+22 
3.600000e+04 2.732556e-15 3.313301e+22 
3.625000e+04 2.421832e-15 3.655005e+22 
3.650000e+04 2.189721e-15 3.962883e+22 
3.675000e+04 2.073406e-15 4.141324e+22 
3.700000e+04 2.009852e-15 4.231236e+22 
3.725000e+04 1.969445e-15 4.312907e+22 
3.750000e+04 1.937346e-15 4.379543e+22 
3.775000e+04 1.909827e-15 4.440768e+22 
3.800000e+04 1.878204e-15 4.515553e+22 
3.825000e+04 1.852211e-15 4.573573e+22 
3.850000e+04 1.829863e-15 4.625252e+22 
3.875000e+04 1.811102e-15 4.676389e+22 
3.900000e+04 1.793426e-15 4.726217e+22 
3.925000e+04 1.780712e-15 4.754782e+22 
3.950000e+04 1.771065e-15 4.776421e+22 
3.975000e+04 1.765464e-15 4.796346e+22 
4.000000e+04 1.762482e-15 4.809964e+22 
4.025000e+04 1.765464e-15 4.796346e+22 
4.050000e+04 1.771065e-15 4.776421e+22 
4.075000e+04 1.780712e-15 4.754782e+22 
4.100000e+04 1.793426e-15 4.726217e+22 
4.125000e+04 1.811102e-15 4.676389e+22 
4.150000e+04 1.829863e-15 4.625252e+22 
4.175000e+04 1.852211e-15 4.573573e+22 
4.200000e+04 1.878204e-15 4.515553e+22 
4.225000e+04 1.909827e-15 4.440768e+22 
4.250000e+04 1.937346e-15 4.379543e+22 
4.275000e+04 1.969445e-15 4.312907e+22 
4.300000e+04 2.009852e-15 4.231236e+22 
4.325000e+04 2.073406e-15 4.141324e+22 
4.350000e+04 2.189721e-15 3.962883e+22 
4.375000e+04 2.421832e-15 3.655005e+22 
4.400000e+04 2.732556e-15 3.313301e+22 
4.425000e+04 3.195971e-15 2.865403e+22 
4.450000e+04 3.713205e-15 2.500786e+22 
4.475000e+04 4.308891e-15 2.157657e+22 
4.500000e+04 4.917516e-15 1.894282e+22 
4.525000e+04 5.514257e-15 1.682725e+22 
4.550000e+04 6.086199e-15 1.518115e+22 
4.575000e+04 6.575865e-15 1.396055e+22 
4.600000e+04 7.013070e-15 1.299496e+22 
4.625000e+04 7.329125e-15 1.234112e+22 
4.650000e+04 7.580389e-15 1.183039e+22 
4.675000e+04 7.703053e-15 1.154939e+22 
4.700000e+04 7.761906e-15 1.135970e+22 
4.725000e+04 7.706792e-15 1.134877e+22 
4.750000e+04 7.598053e-15 1.140913e+22 
4.775000e+04 7.401789e-15 1.161833e+22 
4.800000e+04 7.166520e-15 1.189664e+22 
4.825000e+04 6.873195e-15 1.230796e+22 
4.850000e+04 6.556097e-15 1.279747e+22 
4.875000e+04 6.207799e-15 1.341405e+22 
4.900000e+04 5.849154e-15 1.412632e+22 
4.925000e+04 5.480764e-15 1.496706e+22 
4.950000e+04 5.112485e-15 1.592849e+22 
4.975000e+04 4.749741e-15 1.702589e+22 
5.000000e+04 4.394349e-15 1.827683e+22 
5.025000e+04 4.054046e-15 1.967725e+22 
5.050000e+04 3.725464e-15 2.127315e+22 
5.075000e+04 3.416930e-15 2.303958e+22 
5.100000e+04 3.122257e-15 2.505476e+22 
5.125000e+04 2.849368e-15 2.727193e+22 
5.150000e+04 2.590952e-15 2.980574e+22 
5.175000e+04 2.354092e-15 3.258698e+22 
5.200000e+04 2.131374e-15 3.577171e+22 
5.225000e+04 1.928947e-15 3.926669e+22 
5.250000e+04 1.739793e-15 4.327605e+22 
5.275000e+04 1.569176e-15 4.767828e+22 
5.300000e+04 1.410669e-15 5.273530e+22 
5.325000e+04 1.268729e-15 5.828854e+22 
5.350000e+04 1.137583e-15 6.467164e+22 
5.375000e+04 1.020939e-15 7.167456e+22 
5.400000e+04 9.137079e-16 7.972151e+22 
5.425000e+04 8.188921e-16 8.853112e+22 
5.450000e+04 7.321164e-16 9.864162e+22 
5.475000e+04 6.557248e-16 1.096772e+23 
5.500000e+04 5.860688e-16 1.223169e+23 
5.525000e+04 5.249071e-16 1.360677e+23 
5.550000e+04 4.692950e-16 1.517772e+23 
5.575000e+04 4.205014e-16 1.688164e+23 
5.600000e+04 3.762217e-16 1.882284e+23 
5.625000e+04 3.373408e-16 2.092346e+23 
5.650000e+04 3.020988e-16 2.331001e+23 
5.675000e+04 2.710980e-16 2.588872e+23 
5.700000e+04 2.430152e-16 2.881094e+23 
5.725000e+04 2.182553e-16 3.196610e+23 
5.750000e+04 1.958294e-16 3.553354e+23 
5.775000e+04 1.760101e-16 3.938459e+23 
5.800000e+04 1.580568e-16 4.373055e+23 
5.825000e+04 1.421555e-16 4.842259e+23 
5.850000e+04 1.277470e-16 5.370917e+23 
5.875000e+04 1.149614e-16 5.941821e+23 
5.900000e+04 1.033717e-16 6.584214e+23 
5.925000e+04 9.307109e-17 7.278143e+23 
5.950000e+04 8.373010e-17 8.058106e+23 
5.975000e+04 7.541672e-17 8.900910e+23 
6.000000e+04 6.787445e-17 9.847365e+23 
6.025000e+04 6.115369e-17 1.087041e+24 
6.050000e+04 5.505356e-17 1.201849e+24 
6.075000e+04 4.961169e-17 1.325992e+24 
6.100000e+04 4.467016e-17 1.465237e+24 
6.125000e+04 4.025752e-17 1.615873e+24 
6.150000e+04 3.624890e-17 1.784783e+24 
6.175000e+04 3.266636e-17 1.967622e+24 
6.200000e+04 2.941067e-17 2.172608e+24 
6.225000e+04 2.649933e-17 2.394622e+24 
6.250000e+04 2.385282e-17 2.643516e+24 
6.275000e+04 2.148360e-17 2.913333e+24 
6.300000e+04 1.932857e-17 3.216000e+24 
6.325000e+04 1.739516e-17 3.544745e+24 
6.350000e+04 1.563539e-17 3.914029e+24 
6.375000e+04 1.405569e-17 4.315720e+24 
6.400000e+04 1.261786e-17 4.767518e+24 
6.425000e+04 1.132865e-17 5.260070e+24 
6.450000e+04 1.015578e-17 5.814719e+24 
6.475000e+04 9.107176e-18 6.421316e+24 
6.500000e+04 8.155729e-18 7.103382e+24 
6.525000e+04 7.307166e-18 7.846152e+24 
6.550000e+04 6.536466e-18 8.682405e+24 
6.575000e+04 5.840839e-18 9.601954e+24 
6.600000e+04 5.203848e-18 1.000000e+25 
6.625000e+04 4.619405e-18 1.000000e+25 
6.650000e+04 4.045729e-18 1.000000e+25 
6.675000e+04 3.556118e-18 1.000000e+25 
6.700000e+04 3.138622e-18 1.000000e+25 
6.725000e+04 2.810450e-18 1.000000e+25 
6.750000e+04 2.594576e-18 1.000000e+25 
6.775000e+04 2.507610e-18 1.000000e+25 
6.800000e+04 2.461520e-18 1.000000e+25 
6.825000e+04 2.423541e-18 1.000000e+25 
6.850000e+04 2.402945e-18 1.000000e+25 
6.875000e+04 2.355066e-18 1.000000e+25 
6.900000e+04 2.298873e-18 1.000000e+25 
6.925000e+04 2.247140e-18 1.000000e+25 
6.950000e+04 2.193062e-18 1.000000e+25 
6.975000e+04 2.140106e-18 1.000000e+25 
7.000000e+04 2.088895e-18 1.000000e+25 
7.025000e+04 2.042238e-18 1.000000e+25 
7.050000e+04 1.997308e-18 1.000000e+25 
7.075000e+04 1.954167e-18 1.000000e+25 
7.100000e+04 1.912316e-18 1.000000e+25 
7.125000e+04 1.872797e-18 1.000000e+25 
7.150000e+04 1.834470e-18 1.000000e+25 
7.175000e+04 1.798531e-18 1.000000e+25 
7.200000e+04 1.763764e-18 1.000000e+25 
7.225000e+04 1.731141e-18 1.000000e+25 
7.250000e+04 1.699570e-18 1.000000e+25 
7.275000e+04 1.669937e-18 1.000000e+25 
7.300000e+04 1.641302e-18 1.000000e+25 
7.325000e+04 1.614531e-18 1.000000e+25 
7.350000e+04 1.588709e-18 1.000000e+25 
7.375000e+04 1.564634e-18 1.000000e+25 
7.400000e+04 1.541452e-18 1.000000e+25 
7.425000e+04 1.519913e-18 1.000000e+25 
7.450000e+04 1.499225e-18 1.000000e+25 
7.475000e+04 1.480107e-18 1.000000e+25 
7.500000e+04 1.461800e-18 1.000000e+25 
7.525000e+04 1.444976e-18 1.000000e+25 
7.550000e+04 1.428910e-18 1.000000e+25 
7.575000e+04 1.414220e-18 1.000000e+25 
7.600000e+04 1.400246e-18 1.000000e+25 
7.625000e+04 1.387566e-18 1.000000e+25 
7.650000e+04 1.375563e-18 1.000000e+25 
7.675000e+04 1.364779e-18 1.000000e+25 
7.700000e+04 1.354638e-18 1.000000e+25 
7.725000e+04 1.345657e-18 1.000000e+25 
7.750000e+04 1.337292e-18 1.000000e+25 
7.775000e+04 1.330029e-18 1.000000e+25 
7.800000e+04 1.323354e-18 1.000000e+25 
7.825000e+04 1.317725e-18 1.000000e+25 
7.850000e+04 1.312663e-18 1.000000e+25 
7.875000e+04 1.308603e-18 1.000000e+25 
7.900000e+04 1.305092e-18 1.000000e+25 
7.925000e+04 1.302558e-18 1.000000e+25 
7.950000e+04 1.300566e-18 1.000000e+25 
7.975000e+04 1.299543e-18 1.000000e+25 
8.000000e+04 1.299059e-18 1.000000e+25 
