0.000000e+00 1.604284e-18 1.000000e+25 
2.500000e+02 1.604870e-18 1.000000e+25 
5.000000e+02 1.606112e-18 1.000000e+25 
7.500000e+02 1.608539e-18 1.000000e+25 
1.000000e+03 1.611633e-18 1.000000e+25 
1.250000e+03 1.615949e-18 1.000000e+25 
1.500000e+03 1.620949e-18 1.000000e+25 
1.750000e+03 1.627216e-18 1.000000e+25 
2.000000e+03 1.634189e-18 1.000000e+25 
2.250000e+03 1.642476e-18 1.000000e+25 
2.500000e+03 1.651494e-18 1.000000e+25 
2.750000e+03 1.661883e-18 1.000000e+25 
3.000000e+03 1.673033e-18 1.000000e+25 
3.250000e+03 1.685619e-18 1.000000e+25 
3.500000e+03 1.699001e-18 1.000000e+25 
3.750000e+03 1.713903e-18 1.000000e+25 
4.000000e+03 1.729645e-18 1.000000e+25 
4.250000e+03 1.746996e-18 1.000000e+25 
4.500000e+03 1.765235e-18 1.000000e+25 
4.750000e+03 1.785199e-18 1.000000e+25 
5.000000e+03 1.806109e-18 1.000000e+25 
5.250000e+03 1.828855e-18 1.000000e+25 
5.500000e+03 1.852597e-18 1.000000e+25 
5.750000e+03 1.878272e-18 1.000000e+25 
6.000000e+03 1.904998e-18 1.000000e+25 
6.250000e+03 1.933802e-18 1.000000e+25 
6.500000e+03 1.963736e-18 1.000000e+25 
6.750000e+03 1.995904e-18 1.000000e+25 
7.000000e+03 2.029278e-18 1.000000e+25 
7.250000e+03 2.065027e-18 1.000000e+25 
7.500000e+03 2.102031e-18 1.000000e+25 
7.750000e+03 2.141385e-18 1.000000e+25 
8.000000e+03 2.182023e-18 1.000000e+25 
8.250000e+03 2.225346e-18 1.000000e+25 
8.500000e+03 2.270114e-18 1.000000e+25 
8.750000e+03 2.317634e-18 1.000000e+25 
9.000000e+03 2.366511e-18 1.000000e+25 
9.250000e+03 2.418246e-18 1.000000e+25 
9.500000e+03 2.471525e-18 1.000000e+25 
9.750000e+03 2.529745e-18 1.000000e+25 
1.000000e+04 2.590602e-18 1.000000e+25 
1.025000e+04 2.654449e-18 1.000000e+25 
1.050000e+04 2.719320e-18 1.000000e+25 
1.075000e+04 2.782639e-18 1.000000e+25 
1.100000e+04 2.847583e-18 1.000000e+25 
1.125000e+04 2.893211e-18 1.000000e+25 
1.150000e+04 2.926783e-18 1.000000e+25 
1.175000e+04 2.977742e-18 1.000000e+25 
1.200000e+04 3.049106e-18 1.000000e+25 
1.225000e+04 3.198406e-18 1.000000e+25 
1.250000e+04 3.462733e-18 1.000000e+25 
1.275000e+04 3.870590e-18 1.000000e+25 
1.300000e+04 4.342852e-18 1.000000e+25 
1.325000e+04 4.910070e-18 1.000000e+25 
1.350000e+04 5.526991e-18 1.000000e+25 
1.375000e+04 6.162494e-18 9.809410e+24 
1.400000e+04 6.860470e-18 8.966061e+24 
1.425000e+04 7.625424e-18 8.185635e+24 
1.450000e+04 8.464159e-18 7.484263e+24 
1.475000e+04 9.401154e-18 6.829114e+24 
1.500000e+04 1.042949e-17 6.240065e+24 
1.525000e+04 1.157888e-17 5.693307e+24 
1.550000e+04 1.283773e-17 5.202822e+24 
1.575000e+04 1.423908e-17 4.747246e+24 
1.600000e+04 1.577417e-17 4.338227e+24 
1.625000e+04 1.747993e-17 3.957519e+24 
1.650000e+04 1.934837e-17 3.615632e+24 
1.675000e+04 2.142498e-17 3.297346e+24 
1.700000e+04 2.370104e-17 3.011340e+24 
1.725000e+04 2.623594e-17 2.744923e+24 
1.750000e+04 2.901605e-17 2.505519e+24 
1.775000e+04 3.211590e-17 2.282499e+24 
1.800000e+04 3.551671e-17 2.082200e+24 
1.825000e+04 3.931070e-17 1.895636e+24 
1.850000e+04 4.347474e-17 1.728171e+24 
1.875000e+04 4.812393e-17 1.572188e+24 
1.900000e+04 5.322911e-17 1.432262e+24 
1.925000e+04 5.893472e-17 1.301938e+24 
1.950000e+04 6.520307e-17 1.185123e+24 
1.975000e+04 7.221644e-17 1.076341e+24 
2.000000e+04 7.992537e-17 9.789271e+23 
2.025000e+04 8.856075e-17 8.882222e+23 
2.050000e+04 9.805721e-17 8.070873e+23 
2.075000e+04 1.087090e-16 7.315452e+23 
2.100000e+04 1.204285e-16 6.640599e+23 
2.125000e+04 1.335939e-16 6.012289e+23 
2.150000e+04 1.480855e-16 5.451818e+23 
2.175000e+04 1.643949e-16 4.930022e+23 
2.200000e+04 1.823540e-16 4.465357e+23 
2.225000e+04 2.026093e-16 4.032818e+23 
2.250000e+04 2.249190e-16 3.648401e+23 
2.275000e+04 2.501417e-16 3.290707e+23 
2.300000e+04 2.779227e-16 2.973540e+23 
2.325000e+04 3.094081e-16 2.678684e+23 
2.350000e+04 3.440745e-16 2.417916e+23 
2.375000e+04 3.834484e-16 2.175878e+23 
2.400000e+04 4.267609e-16 1.962433e+23 
2.425000e+04 4.760222e-16 1.764801e+23 
2.450000e+04 5.301232e-16 1.591030e+23 
2.475000e+04 5.916544e-16 1.430653e+23 
2.500000e+04 6.590633e-16 1.290038e+23 
2.525000e+04 7.355898e-16 1.160745e+23 
2.550000e+04 8.191416e-16 1.047657e+23 
2.575000e+04 9.136325e-16 9.440540e+22 
2.600000e+04 1.016359e-15 8.535899e+22 
2.625000e+04 1.131887e-15 7.709562e+22 
2.650000e+04 1.256863e-15 6.988565e+22 
2.675000e+04 1.396451e-15 6.331072e+22 
2.700000e+04 1.546643e-15 5.757243e+22 
2.725000e+04 1.713134e-15 5.234087e+22 
2.750000e+04 1.891261e-15 4.776954e+22 
2.775000e+04 2.087189e-15 4.359856e+22 
2.800000e+04 2.295582e-15 3.994702e+22 
2.825000e+04 2.522972e-15 3.661218e+22 
2.850000e+04 2.763314e-15 3.368603e+22 
2.875000e+04 3.023259e-15 3.101439e+22 
2.900000e+04 3.296056e-15 2.866496e+22 
2.925000e+04 3.587901e-15 2.652645e+22 
2.950000e+04 3.891506e-15 2.464256e+22 
2.975000e+04 4.211522e-15 2.294070e+22 
3.000000e+04 4.540654e-15 2.144041e+22 
3.025000e+04 4.880287e-15 2.010390e+22 
3.050000e+04 5.224212e-15 1.892720e+22 
3.075000e+04 5.568260e-15 1.790365e+22 
3.100000e+04 5.909084e-15 1.700733e+22 
3.125000e+04 6.234371e-15 1.625979e+22 
3.150000e+04 6.546077e-15 1.561512e+22 
3.175000e+04 6.821261e-15 1.512158e+22 
3.200000e+04 7.070130e-15 1.471498e+22 
3.225000e+04 7.257390e-15 1.447060e+22 
3.250000e+04 7.404546e-15 1.430737e+22 
3.275000e+04 7.464029e-15 1.432969e+22 
3.300000e+04 7.470982e-15 1.444190e+22 
3.325000e+04 7.368835e-15 1.478077e+22 
3.350000e+04 7.206642e-15 1.524219e+22 
3.375000e+04 6.926644e-15 1.599753e+22 
3.400000e+04 6.588125e-15 1.695113e+22 
3.425000e+04 6.144681e-15 1.830176e+22 
3.450000e+04 5.656630e-15 2.000528e+22 
3.475000e+04 5.105134e-15 2.223453e+22 
3.500000e+04 4.536568e-15 2.509368e+22 
3.525000e+04 3.972960e-15 2.852013e+22 
3.550000e+04 3.429545e-15 3.291549e+22 
3.575000e+04 2.974723e-15 3.726273e+22 
3.600000e+04 2.581654e-15 4.225186e+22 
3.625000e+04 2.336058e-15 4.558987e+22 
3.650000e+04 2.168941e-15 4.803994e+22 
3.675000e+04 2.096400e-15 4.934433e+22 
3.700000e+04 2.062840e-15 4.983414e+22 
3.725000e+04 2.038984e-15 5.042778e+22 
3.750000e+04 2.011685e-15 5.113704e+22 
3.775000e+04 1.987310e-15 5.174723e+22 
3.800000e+04 1.960117e-15 5.246087e+22 
3.825000e+04 1.935976e-15 5.307029e+22 
3.850000e+04 1.916310e-15 5.357442e+22 
3.875000e+04 1.899238e-15 5.409773e+22 
3.900000e+04 1.882752e-15 5.461860e+22 
3.925000e+04 1.871321e-15 5.490099e+22 
3.950000e+04 1.862958e-15 5.510340e+22 
3.975000e+04 1.857300e-15 5.532104e+22 
4.000000e+04 1.854001e-15 5.547685e+22 
4.025000e+04 1.857300e-15 5.532104e+22 
4.050000e+04 1.862958e-15 5.510340e+22 
4.075000e+04 1.871321e-15 5.490099e+22 
4.100000e+04 1.882752e-15 5.461860e+22 
4.125000e+04 1.899238e-15 5.409773e+22 
4.150000e+04 1.916310e-15 5.357442e+22 
4.175000e+04 1.935976e-15 5.307029e+22 
4.200000e+04 1.960117e-15 5.246087e+22 
4.225000e+04 1.987310e-15 5.174723e+22 
4.250000e+04 2.011685e-15 5.113704e+22 
4.275000e+04 2.038984e-15 5.042778e+22 
4.300000e+04 2.062840e-15 4.983414e+22 
4.325000e+04 2.096400e-15 4.934433e+22 
4.350000e+04 2.168941e-15 4.803994e+22 
4.375000e+04 2.336058e-15 4.558987e+22 
4.400000e+04 2.581654e-15 4.225186e+22 
4.425000e+04 2.974723e-15 3.726273e+22 
4.450000e+04 3.429545e-15 3.291549e+22 
4.475000e+04 3.972960e-15 2.852013e+22 
4.500000e+04 4.536568e-15 2.509368e+22 
4.525000e+04 5.105134e-15 2.223453e+22 
4.550000e+04 5.656630e-15 2.000528e+22 
4.575000e+04 6.144681e-15 1.830176e+22 
4.600000e+04 6.588125e-15 1.695113e+22 
4.625000e+04 6.926644e-15 1.599753e+22 
4.650000e+04 7.206642e-15 1.524219e+22 
4.675000e+04 7.368835e-15 1.478077e+22 
4.700000e+04 7.470982e-15 1.444190e+22 
4.725000e+04 7.464029e-15 1.432969e+22 
4.750000e+04 7.404546e-15 1.430737e+22 
4.775000e+04 7.257390e-15 1.447060e+22 
4.800000e+04 7.070130e-15 1.471498e+22 
4.825000e+04 6.821261e-15 1.512158e+22 
4.850000e+04 6.546077e-15 1.561512e+22 
4.875000e+04 6.234371e-15 1.625979e+22 
4.900000e+04 5.909084e-15 1.700733e+22 
4.925000e+04 5.568260e-15 1.790365e+22 
4.950000e+04 5.224212e-15 1.892720e+22 
4.975000e+04 4.880287e-15 2.010390e+22 
5.000000e+04 4.540654e-15 2.144041e+22 
5.025000e+04 4.211522e-15 2.294070e+22 
5.050000e+04 3.891506e-15 2.464256e+22 
5.075000e+04 3.587901e-15 2.652645e+22 
5.100000e+04 3.296056e-15 2.866496e+22 
5.125000e+04 3.023259e-15 3.101439e+22 
5.150000e+04 2.763314e-15 3.368603e+22 
5.175000e+04 2.522972e-15 3.661218e+22 
5.200000e+04 2.295582e-15 3.994702e+22 
5.225000e+04 2.087189e-15 4.359856e+22 
5.250000e+04 1.891261e-15 4.776954e+22 
5.275000e+04 1.713134e-15 5.234087e+22 
5.300000e+04 1.546643e-15 5.757243e+22 
5.325000e+04 1.396451e-15 6.331072e+22 
5.350000e+04 1.256863e-15 6.988565e+22 
5.375000e+04 1.131887e-15 7.709562e+22 
5.400000e+04 1.016359e-15 8.535899e+22 
5.425000e+04 9.136325e-16 9.440540e+22 
5.450000e+04 8.191416e-16 1.047657e+23 
5.475000e+04 7.355898e-16 1.160745e+23 
5.500000e+04 6.590633e-16 1.290038e+23 
5.525000e+04 5.916544e-16 1.430653e+23 
5.550000e+04 5.301232e-16 1.591030e+23 
5.575000e+04 4.760222e-16 1.764801e+23 
5.600000e+04 4.267609e-16 1.962433e+23 
5.625000e+04 3.834484e-16 2.175878e+23 
5.650000e+04 3.440745e-16 2.417916e+23 
5.675000e+04 3.094081e-16 2.678684e+23 
5.700000e+04 2.779227e-16 2.973540e+23 
5.725000e+04 2.501417e-16 3.290707e+23 
5.750000e+04 2.249190e-16 3.648401e+23 
5.775000e+04 2.026093e-16 4.032818e+23 
5.800000e+04 1.823540e-16 4.465357e+23 
5.825000e+04 1.643949e-16 4.930022e+23 
5.850000e+04 1.480855e-16 5.451818e+23 
5.875000e+04 1.335939e-16 6.012289e+23 
5.900000e+04 1.204285e-16 6.640599e+23 
5.925000e+04 1.087090e-16 7.315452e+23 
5.950000e+04 9.805721e-17 8.070873e+23 
5.975000e+04 8.856075e-17 8.882222e+23 
6.000000e+04 7.992537e-17 9.789271e+23 
6.025000e+04 7.221644e-17 1.076341e+24 
6.050000e+04 6.520307e-17 1.185123e+24 
6.075000e+04 5.893472e-17 1.301938e+24 
6.100000e+04 5.322911e-17 1.432262e+24 
6.125000e+04 4.812393e-17 1.572188e+24 
6.150000e+04 4.347474e-17 1.728171e+24 
6.175000e+04 3.931070e-17 1.895636e+24 
6.200000e+04 3.551671e-17 2.082200e+24 
6.225000e+04 3.211590e-17 2.282499e+24 
6.250000e+04 2.901605e-17 2.505519e+24 
6.275000e+04 2.623594e-17 2.744923e+24 
6.300000e+04 2.370104e-17 3.011340e+24 
6.325000e+04 2.142498e-17 3.297346e+24 
6.350000e+04 1.934837e-17 3.615632e+24 
6.375000e+04 1.747993e-17 3.957519e+24 
6.400000e+04 1.577417e-17 4.338227e+24 
6.425000e+04 1.423908e-17 4.747246e+24 
6.450000e+04 1.283773e-17 5.202822e+24 
6.475000e+04 1.157888e-17 5.693307e+24 
6.500000e+04 1.042949e-17 6.240065e+24 
6.525000e+04 9.401154e-18 6.829114e+24 
6.550000e+04 8.464159e-18 7.484263e+24 
6.575000e+04 7.625424e-18 8.185635e+24 
6.600000e+04 6.860470e-18 8.966061e+24 
6.625000e+04 6.162494e-18 9.809410e+24 
6.650000e+04 5.526991e-18 1.000000e+25 
6.675000e+04 4.910070e-18 1.000000e+25 
6.700000e+04 4.342852e-18 1.000000e+25 
6.725000e+04 3.870590e-18 1.000000e+25 
6.750000e+04 3.462733e-18 1.000000e+25 
6.775000e+04 3.198406e-18 1.000000e+25 
6.800000e+04 3.049106e-18 1.000000e+25 
6.825000e+04 2.977742e-18 1.000000e+25 
6.850000e+04 2.926783e-18 1.000000e+25 
6.875000e+04 2.893211e-18 1.000000e+25 
6.900000e+04 2.847583e-18 1.000000e+25 
6.925000e+04 2.782639e-18 1.000000e+25 
6.950000e+04 2.719320e-18 1.000000e+25 
6.975000e+04 2.654449e-18 1.000000e+25 
7.000000e+04 2.590602e-18 1.000000e+25 
7.025000e+04 2.529745e-18 1.000000e+25 
7.050000e+04 2.471525e-18 1.000000e+25 
7.075000e+04 2.418246e-18 1.000000e+25 
7.100000e+04 2.366511e-18 1.000000e+25 
7.125000e+04 2.317634e-18 1.000000e+25 
7.150000e+04 2.270114e-18 1.000000e+25 
7.175000e+04 2.225346e-18 1.000000e+25 
7.200000e+04 2.182023e-18 1.000000e+25 
7.225000e+04 2.141385e-18 1.000000e+25 
7.250000e+04 2.102031e-18 1.000000e+25 
7.275000e+04 2.065027e-18 1.000000e+25 
7.300000e+04 2.029278e-18 1.000000e+25 
7.325000e+04 1.995904e-18 1.000000e+25 
7.350000e+04 1.963736e-18 1.000000e+25 
7.375000e+04 1.933802e-18 1.000000e+25 
7.400000e+04 1.904998e-18 1.000000e+25 
7.425000e+04 1.878272e-18 1.000000e+25 
7.450000e+04 1.852597e-18 1.000000e+25 
7.475000e+04 1.828855e-18 1.000000e+25 
7.500000e+04 1.806109e-18 1.000000e+25 
7.525000e+04 1.785199e-18 1.000000e+25 
7.550000e+04 1.765235e-18 1.000000e+25 
7.575000e+04 1.746996e-18 1.000000e+25 
7.600000e+04 1.729645e-18 1.000000e+25 
7.625000e+04 1.713903e-18 1.000000e+25 
7.650000e+04 1.699001e-18 1.000000e+25 
7.675000e+04 1.685619e-18 1.000000e+25 
7.700000e+04 1.673033e-18 1.000000e+25 
7.725000e+04 1.661883e-18 1.000000e+25 
7.750000e+04 1.651494e-18 1.000000e+25 
7.775000e+04 1.642476e-18 1.000000e+25 
7.800000e+04 1.634189e-18 1.000000e+25 
7.825000e+04 1.627216e-18 1.000000e+25 
7.850000e+04 1.620949e-18 1.000000e+25 
7.875000e+04 1.615949e-18 1.000000e+25 
7.900000e+04 1.611633e-18 1.000000e+25 
7.925000e+04 1.608539e-18 1.000000e+25 
7.950000e+04 1.606112e-18 1.000000e+25 
7.975000e+04 1.604870e-18 1.000000e+25 
8.000000e+04 1.604284e-18 1.000000e+25 
