0.000000e+00 1.276266e-18 1.000000e+25 
4.166667e+02 1.277565e-18 1.000000e+25 
8.333333e+02 1.280330e-18 1.000000e+25 
1.250000e+03 1.285756e-18 1.000000e+25 
1.666667e+03 1.292678e-18 1.000000e+25 
2.083333e+03 1.302363e-18 1.000000e+25 
2.500000e+03 1.313631e-18 1.000000e+25 
2.916667e+03 1.327916e-18 1.000000e+25 
3.333333e+03 1.343905e-18 1.000000e+25 
3.750000e+03 1.363075e-18 1.000000e+25 
4.166667e+03 1.384066e-18 1.000000e+25 
4.583333e+03 1.408617e-18 1.000000e+25 
5.000000e+03 1.435245e-18 1.000000e+25 
5.416667e+03 1.466159e-18 1.000000e+25 
5.833333e+03 1.499447e-18 1.000000e+25 
6.250000e+03 1.537197e-18 1.000000e+25 
6.666667e+03 1.577345e-18 1.000000e+25 
7.083333e+03 1.622277e-18 1.000000e+25 
7.500000e+03 1.669850e-18 1.000000e+25 
7.916667e+03 1.721591e-18 1.000000e+25 
8.333333e+03 1.776653e-18 1.000000e+25 
8.750000e+03 1.839829e-18 1.000000e+25 
9.166667e+03 1.906546e-18 1.000000e+25 
9.583333e+03 1.977300e-18 1.000000e+25 
1.000000e+04 2.047153e-18 1.000000e+25 
1.041667e+04 2.126900e-18 1.000000e+25 
1.083333e+04 2.200975e-18 1.000000e+25 
1.125000e+04 2.233787e-18 1.000000e+25 
1.166667e+04 2.284093e-18 1.000000e+25 
1.208333e+04 2.351759e-18 1.000000e+25 
1.250000e+04 2.466589e-18 1.000000e+25 
1.291667e+04 2.792052e-18 1.000000e+25 
1.333333e+04 3.333376e-18 1.000000e+25 
1.375000e+04 4.087774e-18 1.000000e+25 
1.416667e+04 5.026817e-18 1.000000e+25 
1.458333e+04 6.220086e-18 9.082631e+24 
1.500000e+04 7.546333e-18 7.653353e+24 
1.541667e+04 9.077009e-18 6.465566e+24 
1.583333e+04 1.086367e-17 5.493455e+24 
1.625000e+04 1.299511e-17 4.649759e+24 
1.666667e+04 1.549100e-17 3.953987e+24 
1.708333e+04 1.850471e-17 3.346356e+24 
1.750000e+04 2.203762e-17 2.845032e+24 
1.791667e+04 2.630451e-17 2.408032e+24 
1.833333e+04 3.130179e-17 2.047904e+24 
1.875000e+04 3.733107e-17 1.732737e+24 
1.916667e+04 4.440302e-17 1.472738e+24 
1.958333e+04 5.294760e-17 1.244754e+24 
2.000000e+04 6.298009e-17 1.056800e+24 
2.041667e+04 7.513164e-17 8.917433e+23 
2.083333e+04 8.942539e-17 7.557932e+23 
2.125000e+04 1.068267e-16 6.362303e+23 
2.166667e+04 1.273232e-16 5.380390e+23 
2.208333e+04 1.523908e-16 4.516086e+23 
2.250000e+04 1.819505e-16 3.809140e+23 
2.291667e+04 2.183325e-16 3.186224e+23 
2.333333e+04 2.612547e-16 2.679584e+23 
2.375000e+04 3.144582e-16 2.233330e+23 
2.416667e+04 3.771814e-16 1.872923e+23 
2.458333e+04 4.553964e-16 1.556639e+23 
2.500000e+04 5.473353e-16 1.303183e+23 
2.541667e+04 6.620228e-16 1.082609e+23 
2.583333e+04 7.959753e-16 9.070708e+22 
2.625000e+04 9.616758e-16 7.559189e+22 
2.666667e+04 1.153208e-15 6.361311e+22 
2.708333e+04 1.386410e-15 5.337367e+22 
2.750000e+04 1.652319e-15 4.526175e+22 
2.791667e+04 1.970031e-15 3.833214e+22 
2.833333e+04 2.326725e-15 3.282525e+22 
2.875000e+04 2.744487e-15 2.810994e+22 
2.916667e+04 3.205274e-15 2.434387e+22 
2.958333e+04 3.730921e-15 2.113482e+22 
3.000000e+04 4.297151e-15 1.855960e+22 
3.041667e+04 4.914552e-15 1.641666e+22 
3.083333e+04 5.555206e-15 1.469568e+22 
3.125000e+04 6.197907e-15 1.334521e+22 
3.166667e+04 6.821849e-15 1.227724e+22 
3.208333e+04 7.349628e-15 1.156411e+22 
3.250000e+04 7.789945e-15 1.105512e+22 
3.291667e+04 7.990835e-15 1.095247e+22 
3.333333e+04 8.024896e-15 1.105599e+22 
3.375000e+04 7.683565e-15 1.173611e+22 
3.416667e+04 7.136569e-15 1.280409e+22 
3.458333e+04 6.237315e-15 1.482714e+22 
3.500000e+04 5.217848e-15 1.790639e+22 
3.541667e+04 4.144115e-15 2.243818e+22 
3.583333e+04 3.131937e-15 2.965594e+22 
3.625000e+04 2.444301e-15 3.662895e+22 
3.666667e+04 1.937490e-15 4.489915e+22 
3.708333e+04 1.780127e-15 4.769089e+22 
3.750000e+04 1.783207e-15 4.650118e+22 
3.791667e+04 1.758955e-15 4.776437e+22 
3.833333e+04 1.687457e-15 5.045101e+22 
3.875000e+04 1.691024e-15 4.945292e+22 
3.916667e+04 1.720796e-15 4.781567e+22 
3.958333e+04 1.683204e-15 4.971219e+22 
4.000000e+04 1.638766e-15 5.193645e+22 
4.041667e+04 1.683204e-15 4.971219e+22 
4.083333e+04 1.720796e-15 4.781567e+22 
4.125000e+04 1.691024e-15 4.945292e+22 
4.166667e+04 1.687457e-15 5.045101e+22 
4.208333e+04 1.758955e-15 4.776437e+22 
4.250000e+04 1.783207e-15 4.650118e+22 
4.291667e+04 1.780127e-15 4.769089e+22 
4.333333e+04 1.937490e-15 4.489915e+22 
4.375000e+04 2.444301e-15 3.662895e+22 
4.416667e+04 3.131937e-15 2.965594e+22 
4.458333e+04 4.144115e-15 2.243818e+22 
4.500000e+04 5.217848e-15 1.790639e+22 
4.541667e+04 6.237315e-15 1.482714e+22 
4.583333e+04 7.136569e-15 1.280409e+22 
4.625000e+04 7.683565e-15 1.173611e+22 
4.666667e+04 8.024896e-15 1.105599e+22 
4.708333e+04 7.990835e-15 1.095247e+22 
4.750000e+04 7.789945e-15 1.105512e+22 
4.791667e+04 7.349628e-15 1.156411e+22 
4.833333e+04 6.821849e-15 1.227724e+22 
4.875000e+04 6.197907e-15 1.334521e+22 
4.916667e+04 5.555206e-15 1.469568e+22 
4.958333e+04 4.914552e-15 1.641666e+22 
5.000000e+04 4.297151e-15 1.855960e+22 
5.041667e+04 3.730921e-15 2.113482e+22 
5.083333e+04 3.205274e-15 2.434387e+22 
5.125000e+04 2.744487e-15 2.810994e+22 
5.166667e+04 2.326725e-15 3.282525e+22 
5.208333e+04 1.970031e-15 3.833214e+22 
5.250000e+04 1.652319e-15 4.526175e+22 
5.291667e+04 1.386410e-15 5.337367e+22 
5.333333e+04 1.153208e-15 6.361311e+22 
5.375000e+04 9.616758e-16 7.559189e+22 
5.416667e+04 7.959753e-16 9.070708e+22 
5.458333e+04 6.620228e-16 1.082609e+23 
5.500000e+04 5.473353e-16 1.303183e+23 
5.541667e+04 4.553964e-16 1.556639e+23 
5.583333e+04 3.771814e-16 1.872923e+23 
5.625000e+04 3.144582e-16 2.233330e+23 
5.666667e+04 2.612547e-16 2.679584e+23 
5.708333e+04 2.183325e-16 3.186224e+23 
5.750000e+04 1.819505e-16 3.809140e+23 
5.791667e+04 1.523908e-16 4.516086e+23 
5.833333e+04 1.273232e-16 5.380390e+23 
5.875000e+04 1.068267e-16 6.362303e+23 
5.916667e+04 8.942539e-17 7.557932e+23 
5.958333e+04 7.513164e-17 8.917433e+23 
6.000000e+04 6.298009e-17 1.056800e+24 
6.041667e+04 5.294760e-17 1.244754e+24 
6.083333e+04 4.440302e-17 1.472738e+24 
6.125000e+04 3.733107e-17 1.732737e+24 
6.166667e+04 3.130179e-17 2.047904e+24 
6.208333e+04 2.630451e-17 2.408032e+24 
6.250000e+04 2.203762e-17 2.845032e+24 
6.291667e+04 1.850471e-17 3.346356e+24 
6.333333e+04 1.549100e-17 3.953987e+24 
6.375000e+04 1.299511e-17 4.649759e+24 
6.416667e+04 1.086367e-17 5.493455e+24 
6.458333e+04 9.077009e-18 6.465566e+24 
6.500000e+04 7.546333e-18 7.653353e+24 
6.541667e+04 6.220086e-18 9.082631e+24 
6.583333e+04 5.026817e-18 1.000000e+25 
6.625000e+04 4.087774e-18 1.000000e+25 
6.666667e+04 3.333376e-18 1.000000e+25 
6.708333e+04 2.792052e-18 1.000000e+25 
6.750000e+04 2.466589e-18 1.000000e+25 
6.791667e+04 2.351759e-18 1.000000e+25 
6.833333e+04 2.284093e-18 1.000000e+25 
6.875000e+04 2.233787e-18 1.000000e+25 
6.916667e+04 2.200975e-18 1.000000e+25 
6.958333e+04 2.126900e-18 1.000000e+25 
7.000000e+04 2.047153e-18 1.000000e+25 
7.041667e+04 1.977300e-18 1.000000e+25 
7.083333e+04 1.906546e-18 1.000000e+25 
7.125000e+04 1.839829e-18 1.000000e+25 
7.166667e+04 1.776653e-18 1.000000e+25 
7.208333e+04 1.721591e-18 1.000000e+25 
7.250000e+04 1.669850e-18 1.000000e+25 
7.291667e+04 1.622277e-18 1.000000e+25 
7.333333e+04 1.577345e-18 1.000000e+25 
7.375000e+04 1.537197e-18 1.000000e+25 
7.416667e+04 1.499447e-18 1.000000e+25 
7.458333e+04 1.466159e-18 1.000000e+25 
7.500000e+04 1.435245e-18 1.000000e+25 
7.541667e+04 1.408617e-18 1.000000e+25 
7.583333e+04 1.384066e-18 1.000000e+25 
7.625000e+04 1.363075e-18 1.000000e+25 
7.666667e+04 1.343905e-18 1.000000e+25 
7.708333e+04 1.327916e-18 1.000000e+25 
7.750000e+04 1.313631e-18 1.000000e+25 
7.791667e+04 1.302363e-18 1.000000e+25 
7.833333e+04 1.292678e-18 1.000000e+25 
7.875000e+04 1.285756e-18 1.000000e+25 
7.916667e+04 1.280330e-18 1.000000e+25 
7.958333e+04 1.277565e-18 1.000000e+25 
8.000000e+04 1.276266e-18 1.000000e+25 
