0.000000e+00 1.314409e-18 1.000000e+25 
3.125000e+02 1.315186e-18 1.000000e+25 
6.250000e+02 1.316824e-18 1.000000e+25 
9.375000e+02 1.320019e-18 1.000000e+25 
1.250000e+03 1.324084e-18 1.000000e+25 
1.562500e+03 1.329729e-18 1.000000e+25 
1.875000e+03 1.336261e-18 1.000000e+25 
2.187500e+03 1.344419e-18 1.000000e+25 
2.500000e+03 1.353504e-18 1.000000e+25 
2.812500e+03 1.364323e-18 1.000000e+25 
3.125000e+03 1.376122e-18 1.000000e+25 
3.437500e+03 1.389750e-18 1.000000e+25 
3.750000e+03 1.404409e-18 1.000000e+25 
4.062500e+03 1.421036e-18 1.000000e+25 
4.375000e+03 1.438773e-18 1.000000e+25 
4.687500e+03 1.458656e-18 1.000000e+25 
5.000000e+03 1.479724e-18 1.000000e+25 
5.312500e+03 1.503113e-18 1.000000e+25 
5.625000e+03 1.527781e-18 1.000000e+25 
5.937500e+03 1.555007e-18 1.000000e+25 
6.250000e+03 1.583611e-18 1.000000e+25 
6.562500e+03 1.614822e-18 1.000000e+25 
6.875000e+03 1.647494e-18 1.000000e+25 
7.187500e+03 1.683314e-18 1.000000e+25 
7.500000e+03 1.720888e-18 1.000000e+25 
7.812500e+03 1.761688e-18 1.000000e+25 
8.125000e+03 1.804118e-18 1.000000e+25 
8.437500e+03 1.849843e-18 1.000000e+25 
8.750000e+03 1.897280e-18 1.000000e+25 
9.062500e+03 1.947927e-18 1.000000e+25 
9.375000e+03 2.001190e-18 1.000000e+25 
9.687500e+03 2.059788e-18 1.000000e+25 
1.000000e+04 2.120984e-18 1.000000e+25 
1.031250e+04 2.184351e-18 1.000000e+25 
1.062500e+04 2.244712e-18 1.000000e+25 
1.093750e+04 2.310271e-18 1.000000e+25 
1.125000e+04 2.350258e-18 1.000000e+25 
1.156250e+04 2.380987e-18 1.000000e+25 
1.187500e+04 2.433526e-18 1.000000e+25 
1.218750e+04 2.508257e-18 1.000000e+25 
1.250000e+04 2.664956e-18 1.000000e+25 
1.281250e+04 3.002461e-18 1.000000e+25 
1.312500e+04 3.473009e-18 1.000000e+25 
1.343750e+04 4.059530e-18 1.000000e+25 
1.375000e+04 4.768069e-18 1.000000e+25 
1.406250e+04 5.573450e-18 1.000000e+25 
1.437500e+04 6.434482e-18 8.833164e+24 
1.468750e+04 7.402165e-18 7.778130e+24 
1.500000e+04 8.483322e-18 6.877532e+24 
1.531250e+04 9.721789e-18 6.068005e+24 
1.562500e+04 1.111461e-17 5.369316e+24 
1.593750e+04 1.271843e-17 4.740252e+24 
1.625000e+04 1.452508e-17 4.195986e+24 
1.656250e+04 1.660028e-17 3.706906e+24 
1.687500e+04 1.893432e-17 3.283911e+24 
1.718750e+04 2.160884e-17 2.902513e+24 
1.750000e+04 2.461714e-17 2.572227e+24 
1.781250e+04 2.806557e-17 2.273616e+24 
1.812500e+04 3.194697e-17 2.014731e+24 
1.843750e+04 3.640445e-17 1.780286e+24 
1.875000e+04 4.142578e-17 1.576941e+24 
1.906250e+04 4.720486e-17 1.392593e+24 
1.937500e+04 5.372055e-17 1.232731e+24 
1.968750e+04 6.123309e-17 1.087693e+24 
2.000000e+04 6.970869e-17 9.620300e+23 
2.031250e+04 7.949438e-17 8.479607e+23 
2.062500e+04 9.054215e-17 7.492407e+23 
2.093750e+04 1.033210e-16 6.595818e+23 
2.125000e+04 1.177580e-16 5.821023e+23 
2.156250e+04 1.344957e-16 5.116958e+23 
2.187500e+04 1.534184e-16 4.509686e+23 
2.218750e+04 1.754226e-16 3.957571e+23 
2.250000e+04 2.003116e-16 3.482545e+23 
2.281250e+04 2.293552e-16 3.050581e+23 
2.312500e+04 2.622110e-16 2.680094e+23 
2.343750e+04 3.006961e-16 2.343370e+23 
2.375000e+04 3.442109e-16 2.055665e+23 
2.406250e+04 3.953479e-16 1.794646e+23 
2.437500e+04 4.530821e-16 1.572577e+23 
2.468750e+04 5.210397e-16 1.371797e+23 
2.500000e+04 5.975457e-16 1.201717e+23 
2.531250e+04 6.874830e-16 1.048695e+23 
2.562500e+04 7.882789e-16 9.195639e+22 
2.593750e+04 9.061903e-16 8.040070e+22 
2.625000e+04 1.037525e-15 7.067473e+22 
2.656250e+04 1.189898e-15 6.200941e+22 
2.687500e+04 1.358337e-15 5.472321e+22 
2.718750e+04 1.551716e-15 4.824627e+22 
2.750000e+04 1.763663e-15 4.279588e+22 
2.781250e+04 2.004186e-15 3.795129e+22 
2.812500e+04 2.265365e-15 3.386544e+22 
2.843750e+04 2.558102e-15 3.023149e+22 
2.875000e+04 2.872728e-15 2.715727e+22 
2.906250e+04 3.220298e-15 2.442710e+22 
2.937500e+04 3.589318e-15 2.211017e+22 
2.968750e+04 3.989063e-15 2.006702e+22 
3.000000e+04 4.406752e-15 1.832916e+22 
3.031250e+04 4.846133e-15 1.682183e+22 
3.062500e+04 5.295024e-15 1.553995e+22 
3.093750e+04 5.746080e-15 1.446358e+22 
3.125000e+04 6.191559e-15 1.355434e+22 
3.156250e+04 6.606476e-15 1.283988e+22 
3.187500e+04 6.993546e-15 1.225258e+22 
3.218750e+04 7.304109e-15 1.186515e+22 
3.250000e+04 7.559204e-15 1.158385e+22 
3.281250e+04 7.683895e-15 1.152933e+22 
3.312500e+04 7.725803e-15 1.158537e+22 
3.343750e+04 7.589042e-15 1.193049e+22 
3.375000e+04 7.352551e-15 1.243635e+22 
3.406250e+04 6.918733e-15 1.335158e+22 
3.437500e+04 6.392340e-15 1.457616e+22 
3.468750e+04 5.713667e-15 1.641417e+22 
3.500000e+04 4.985949e-15 1.891677e+22 
3.531250e+04 4.225516e-15 2.225803e+22 
3.562500e+04 3.484748e-15 2.695192e+22 
3.593750e+04 2.889898e-15 3.176580e+22 
3.625000e+04 2.389796e-15 3.771690e+22 
3.656250e+04 2.125428e-15 4.133931e+22 
3.687500e+04 1.973252e-15 4.352573e+22 
3.718750e+04 1.909115e-15 4.486369e+22 
3.750000e+04 1.878938e-15 4.546370e+22 
3.781250e+04 1.858289e-15 4.583133e+22 
3.812500e+04 1.834959e-15 4.629580e+22 
3.843750e+04 1.810770e-15 4.704009e+22 
3.875000e+04 1.780758e-15 4.798813e+22 
3.906250e+04 1.768099e-15 4.808285e+22 
3.937500e+04 1.765339e-15 4.791903e+22 
3.968750e+04 1.755066e-15 4.845348e+22 
4.000000e+04 1.745218e-15 4.899386e+22 
4.031250e+04 1.755066e-15 4.845348e+22 
4.062500e+04 1.765339e-15 4.791903e+22 
4.093750e+04 1.768099e-15 4.808285e+22 
4.125000e+04 1.780758e-15 4.798813e+22 
4.156250e+04 1.810770e-15 4.704009e+22 
4.187500e+04 1.834959e-15 4.629580e+22 
4.218750e+04 1.858289e-15 4.583133e+22 
4.250000e+04 1.878938e-15 4.546370e+22 
4.281250e+04 1.909115e-15 4.486369e+22 
4.312500e+04 1.973252e-15 4.352573e+22 
4.343750e+04 2.125428e-15 4.133931e+22 
4.375000e+04 2.389796e-15 3.771690e+22 
4.406250e+04 2.889898e-15 3.176580e+22 
4.437500e+04 3.484748e-15 2.695192e+22 
4.468750e+04 4.225516e-15 2.225803e+22 
4.500000e+04 4.985949e-15 1.891677e+22 
4.531250e+04 5.713667e-15 1.641417e+22 
4.562500e+04 6.392340e-15 1.457616e+22 
4.593750e+04 6.918733e-15 1.335158e+22 
4.625000e+04 7.352551e-15 1.243635e+22 
4.656250e+04 7.589042e-15 1.193049e+22 
4.687500e+04 7.725803e-15 1.158537e+22 
4.718750e+04 7.683895e-15 1.152933e+22 
4.750000e+04 7.559204e-15 1.158385e+22 
4.781250e+04 7.304109e-15 1.186515e+22 
4.812500e+04 6.993546e-15 1.225258e+22 
4.843750e+04 6.606476e-15 1.283988e+22 
4.875000e+04 6.191559e-15 1.355434e+22 
4.906250e+04 5.746080e-15 1.446358e+22 
4.937500e+04 5.295024e-15 1.553995e+22 
4.968750e+04 4.846133e-15 1.682183e+22 
5.000000e+04 4.406752e-15 1.832916e+22 
5.031250e+04 3.989063e-15 2.006702e+22 
5.062500e+04 3.589318e-15 2.211017e+22 
5.093750e+04 3.220298e-15 2.442710e+22 
5.125000e+04 2.872728e-15 2.715727e+22 
5.156250e+04 2.558102e-15 3.023149e+22 
5.187500e+04 2.265365e-15 3.386544e+22 
5.218750e+04 2.004186e-15 3.795129e+22 
5.250000e+04 1.763663e-15 4.279588e+22 
5.281250e+04 1.551716e-15 4.824627e+22 
5.312500e+04 1.358337e-15 5.472321e+22 
5.343750e+04 1.189898e-15 6.200941e+22 
5.375000e+04 1.037525e-15 7.067473e+22 
5.406250e+04 9.061903e-16 8.040070e+22 
5.437500e+04 7.882789e-16 9.195639e+22 
5.468750e+04 6.874830e-16 1.048695e+23 
5.500000e+04 5.975457e-16 1.201717e+23 
5.531250e+04 5.210397e-16 1.371797e+23 
5.562500e+04 4.530821e-16 1.572577e+23 
5.593750e+04 3.953479e-16 1.794646e+23 
5.625000e+04 3.442109e-16 2.055665e+23 
5.656250e+04 3.006961e-16 2.343370e+23 
5.687500e+04 2.622110e-16 2.680094e+23 
5.718750e+04 2.293552e-16 3.050581e+23 
5.750000e+04 2.003116e-16 3.482545e+23 
5.781250e+04 1.754226e-16 3.957571e+23 
5.812500e+04 1.534184e-16 4.509686e+23 
5.843750e+04 1.344957e-16 5.116958e+23 
5.875000e+04 1.177580e-16 5.821023e+23 
5.906250e+04 1.033210e-16 6.595818e+23 
5.937500e+04 9.054215e-17 7.492407e+23 
5.968750e+04 7.949438e-17 8.479607e+23 
6.000000e+04 6.970869e-17 9.620300e+23 
6.031250e+04 6.123309e-17 1.087693e+24 
6.062500e+04 5.372055e-17 1.232731e+24 
6.093750e+04 4.720486e-17 1.392593e+24 
6.125000e+04 4.142578e-17 1.576941e+24 
6.156250e+04 3.640445e-17 1.780286e+24 
6.187500e+04 3.194697e-17 2.014731e+24 
6.218750e+04 2.806557e-17 2.273616e+24 
6.250000e+04 2.461714e-17 2.572227e+24 
6.281250e+04 2.160884e-17 2.902513e+24 
6.312500e+04 1.893432e-17 3.283911e+24 
6.343750e+04 1.660028e-17 3.706906e+24 
6.375000e+04 1.452508e-17 4.195986e+24 
6.406250e+04 1.271843e-17 4.740252e+24 
6.437500e+04 1.111461e-17 5.369316e+24 
6.468750e+04 9.721789e-18 6.068005e+24 
6.500000e+04 8.483322e-18 6.877532e+24 
6.531250e+04 7.402165e-18 7.778130e+24 
6.562500e+04 6.434482e-18 8.833164e+24 
6.593750e+04 5.573450e-18 1.000000e+25 
6.625000e+04 4.768069e-18 1.000000e+25 
6.656250e+04 4.059530e-18 1.000000e+25 
6.687500e+04 3.473009e-18 1.000000e+25 
6.718750e+04 3.002461e-18 1.000000e+25 
6.750000e+04 2.664956e-18 1.000000e+25 
6.781250e+04 2.508257e-18 1.000000e+25 
6.812500e+04 2.433526e-18 1.000000e+25 
6.843750e+04 2.380987e-18 1.000000e+25 
6.875000e+04 2.350258e-18 1.000000e+25 
6.906250e+04 2.310271e-18 1.000000e+25 
6.937500e+04 2.244712e-18 1.000000e+25 
6.968750e+04 2.184351e-18 1.000000e+25 
7.000000e+04 2.120984e-18 1.000000e+25 
7.031250e+04 2.059788e-18 1.000000e+25 
7.062500e+04 2.001190e-18 1.000000e+25 
7.093750e+04 1.947927e-18 1.000000e+25 
7.125000e+04 1.897280e-18 1.000000e+25 
7.156250e+04 1.849843e-18 1.000000e+25 
7.187500e+04 1.804118e-18 1.000000e+25 
7.218750e+04 1.761688e-18 1.000000e+25 
7.250000e+04 1.720888e-18 1.000000e+25 
7.281250e+04 1.683314e-18 1.000000e+25 
7.312500e+04 1.647494e-18 1.000000e+25 
7.343750e+04 1.614822e-18 1.000000e+25 
7.375000e+04 1.583611e-18 1.000000e+25 
7.406250e+04 1.555007e-18 1.000000e+25 
7.437500e+04 1.527781e-18 1.000000e+25 
7.468750e+04 1.503113e-18 1.000000e+25 
7.500000e+04 1.479724e-18 1.000000e+25 
7.531250e+04 1.458656e-18 1.000000e+25 
7.562500e+04 1.438773e-18 1.000000e+25 
7.593750e+04 1.421036e-18 1.000000e+25 
7.625000e+04 1.404409e-18 1.000000e+25 
7.656250e+04 1.389750e-18 1.000000e+25 
7.687500e+04 1.376122e-18 1.000000e+25 
7.718750e+04 1.364323e-18 1.000000e+25 
7.750000e+04 1.353504e-18 1.000000e+25 
7.781250e+04 1.344419e-18 1.000000e+25 
7.812500e+04 1.336261e-18 1.000000e+25 
7.843750e+04 1.329729e-18 1.000000e+25 
7.875000e+04 1.324084e-18 1.000000e+25 
7.906250e+04 1.320019e-18 1.000000e+25 
7.937500e+04 1.316824e-18 1.000000e+25 
7.968750e+04 1.315186e-18 1.000000e+25 
8.000000e+04 1.314409e-18 1.000000e+25 
