0.000000e+00 1.184024e-19 1.000000e+25 
2.500000e+02 1.184491e-19 1.000000e+25 
5.000000e+02 1.185668e-19 1.000000e+25 
7.500000e+02 1.187778e-19 1.000000e+25 
1.000000e+03 1.190600e-19 1.000000e+25 
1.250000e+03 1.194359e-19 1.000000e+25 
1.500000e+03 1.198829e-19 1.000000e+25 
1.750000e+03 1.204244e-19 1.000000e+25 
2.000000e+03 1.210372e-19 1.000000e+25 
2.250000e+03 1.217457e-19 1.000000e+25 
2.500000e+03 1.225257e-19 1.000000e+25 
2.750000e+03 1.234031e-19 1.000000e+25 
3.000000e+03 1.243526e-19 1.000000e+25 
3.250000e+03 1.254021e-19 1.000000e+25 
3.500000e+03 1.265243e-19 1.000000e+25 
3.750000e+03 1.277501e-19 1.000000e+25 
4.000000e+03 1.290495e-19 1.000000e+25 
4.250000e+03 1.304569e-19 1.000000e+25 
4.500000e+03 1.319392e-19 1.000000e+25 
4.750000e+03 1.335347e-19 1.000000e+25 
5.000000e+03 1.352067e-19 1.000000e+25 
5.250000e+03 1.369976e-19 1.000000e+25 
5.500000e+03 1.388666e-19 1.000000e+25 
5.750000e+03 1.408605e-19 1.000000e+25 
6.000000e+03 1.429344e-19 1.000000e+25 
6.250000e+03 1.451390e-19 1.000000e+25 
6.500000e+03 1.474255e-19 1.000000e+25 
6.750000e+03 1.498482e-19 1.000000e+25 
7.000000e+03 1.523550e-19 1.000000e+25 
7.250000e+03 1.550044e-19 1.000000e+25 
7.500000e+03 1.577404e-19 1.000000e+25 
7.750000e+03 1.606227e-19 1.000000e+25 
8.000000e+03 1.635930e-19 1.000000e+25 
8.250000e+03 1.667250e-19 1.000000e+25 
8.500000e+03 1.699541e-19 1.000000e+25 
8.750000e+03 1.733505e-19 1.000000e+25 
9.000000e+03 1.768392e-19 1.000000e+25 
9.250000e+03 1.804917e-19 1.000000e+25 
9.500000e+03 1.842547e-19 1.000000e+25 
9.750000e+03 1.882911e-19 1.000000e+25 
1.000000e+04 1.924395e-19 1.000000e+25 
1.025000e+04 1.965547e-19 1.000000e+25 
1.050000e+04 1.995091e-19 1.000000e+25 
1.075000e+04 2.024186e-19 1.000000e+25 
1.100000e+04 2.116749e-19 1.000000e+25 
1.125000e+04 2.363580e-19 1.000000e+25 
1.150000e+04 2.659968e-19 1.000000e+25 
1.175000e+04 2.972098e-19 1.000000e+25 
1.200000e+04 3.305666e-19 1.000000e+25 
1.225000e+04 3.686707e-19 1.000000e+25 
1.250000e+04 4.099994e-19 1.000000e+25 
1.275000e+04 4.575111e-19 1.000000e+25 
1.300000e+04 5.089410e-19 9.824333e+24 
1.325000e+04 5.677567e-19 8.806655e+24 
1.350000e+04 6.313830e-19 7.919152e+24 
1.375000e+04 7.042733e-19 7.099590e+24 
1.400000e+04 7.831647e-19 6.384396e+24 
1.425000e+04 8.737398e-19 5.722607e+24 
1.450000e+04 9.717714e-19 5.145297e+24 
1.475000e+04 1.084448e-18 4.610725e+24 
1.500000e+04 1.206424e-18 4.144544e+24 
1.525000e+04 1.346804e-18 3.712581e+24 
1.550000e+04 1.498844e-18 3.335975e+24 
1.575000e+04 1.674083e-18 2.986801e+24 
1.600000e+04 1.863979e-18 2.682510e+24 
1.625000e+04 2.083158e-18 2.400296e+24 
1.650000e+04 2.320812e-18 2.154499e+24 
1.675000e+04 2.595503e-18 1.926504e+24 
1.700000e+04 2.893555e-18 1.728064e+24 
1.725000e+04 3.238557e-18 1.543995e+24 
1.750000e+04 3.613178e-18 1.383911e+24 
1.775000e+04 4.047430e-18 1.235450e+24 
1.800000e+04 4.519325e-18 1.106450e+24 
1.825000e+04 5.067067e-18 9.868627e+23 
1.850000e+04 5.662746e-18 8.830565e+23 
1.875000e+04 6.355030e-18 7.868775e+23 
1.900000e+04 7.108469e-18 7.034805e+23 
1.925000e+04 7.985128e-18 6.262635e+23 
1.950000e+04 8.939934e-18 5.593836e+23 
1.975000e+04 1.005214e-17 4.975062e+23 
2.000000e+04 1.126435e-17 4.439746e+23 
2.025000e+04 1.267792e-17 3.944863e+23 
2.050000e+04 1.421963e-17 3.517237e+23 
2.075000e+04 1.601930e-17 3.122234e+23 
2.100000e+04 1.798335e-17 2.781327e+23 
2.125000e+04 2.027828e-17 2.466693e+23 
2.150000e+04 2.278427e-17 2.195479e+23 
2.175000e+04 2.571509e-17 1.945384e+23 
2.200000e+04 2.891711e-17 1.730066e+23 
2.225000e+04 3.266490e-17 1.531696e+23 
2.250000e+04 3.676135e-17 1.361113e+23 
2.275000e+04 4.155901e-17 1.204109e+23 
2.300000e+04 4.680495e-17 1.069254e+23 
2.325000e+04 5.295141e-17 9.452625e+22 
2.350000e+04 5.967415e-17 8.388767e+22 
2.375000e+04 6.755210e-17 7.411698e+22 
2.400000e+04 7.617044e-17 6.574170e+22 
2.425000e+04 8.626841e-17 5.805867e+22 
2.450000e+04 9.731661e-17 5.147825e+22 
2.475000e+04 1.102564e-16 4.544883e+22 
2.500000e+04 1.244140e-16 4.028805e+22 
2.525000e+04 1.409860e-16 3.556450e+22 
2.550000e+04 1.591157e-16 3.152340e+22 
2.575000e+04 1.803255e-16 2.782762e+22 
2.600000e+04 2.035231e-16 2.466701e+22 
2.625000e+04 2.306577e-16 2.177712e+22 
2.650000e+04 2.603226e-16 1.930676e+22 
2.675000e+04 2.950460e-16 1.704648e+22 
2.700000e+04 3.329816e-16 1.511570e+22 
2.725000e+04 3.774710e-16 1.334602e+22 
2.750000e+04 4.260249e-16 1.183629e+22 
2.775000e+04 4.831382e-16 1.044897e+22 
2.800000e+04 5.453665e-16 9.268055e+21 
2.825000e+04 6.187836e-16 8.180332e+21 
2.850000e+04 6.985685e-16 7.257421e+21 
2.875000e+04 7.927832e-16 6.406857e+21 
2.900000e+04 8.947619e-16 5.688022e+21 
2.925000e+04 1.014770e-15 5.027191e+21 
2.950000e+04 1.143926e-15 4.470867e+21 
2.975000e+04 1.294546e-15 3.962327e+21 
3.000000e+04 1.455445e-15 3.535342e+21 
3.025000e+04 1.640386e-15 3.148035e+21 
3.050000e+04 1.836210e-15 2.822973e+21 
3.075000e+04 2.057116e-15 2.530563e+21 
3.100000e+04 2.288740e-15 2.284586e+21 
3.125000e+04 2.544355e-15 2.065114e+21 
3.150000e+04 2.809571e-15 1.879613e+21 
3.175000e+04 3.095025e-15 1.715479e+21 
3.200000e+04 3.387868e-15 1.575839e+21 
3.225000e+04 3.693983e-15 1.453538e+21 
3.250000e+04 4.004079e-15 1.348713e+21 
3.275000e+04 4.316690e-15 1.258283e+21 
3.300000e+04 4.628645e-15 1.180218e+21 
3.325000e+04 4.928106e-15 1.114578e+21 
3.350000e+04 5.221142e-15 1.057634e+21 
3.375000e+04 5.482248e-15 1.012025e+21 
3.400000e+04 5.730311e-15 9.725432e+20 
3.425000e+04 5.922783e-15 9.441895e+20 
3.450000e+04 6.095168e-15 9.203127e+20 
3.475000e+04 6.184801e-15 9.084255e+20 
3.500000e+04 6.247414e-15 9.003223e+20 
3.525000e+04 6.198824e-15 9.065967e+20 
3.550000e+04 6.117310e-15 9.173441e+20 
3.575000e+04 5.901019e-15 9.473028e+20 
3.600000e+04 5.648833e-15 9.851303e+20 
3.625000e+04 5.257462e-15 1.051019e+21 
3.650000e+04 4.833938e-15 1.134344e+21 
3.675000e+04 4.311587e-15 1.259654e+21 
3.700000e+04 3.772710e-15 1.425293e+21 
3.725000e+04 3.262459e-15 1.632587e+21 
3.750000e+04 2.778195e-15 1.899714e+21 
3.775000e+04 2.471504e-15 2.123070e+21 
3.800000e+04 2.227228e-15 2.344925e+21 
3.825000e+04 2.117284e-15 2.461495e+21 
3.850000e+04 2.034567e-15 2.557503e+21 
3.875000e+04 1.988477e-15 2.614461e+21 
3.900000e+04 1.944355e-15 2.671522e+21 
3.925000e+04 1.917435e-15 2.707623e+21 
3.950000e+04 1.894515e-15 2.739171e+21 
3.975000e+04 1.884471e-15 2.753238e+21 
4.000000e+04 1.878602e-15 2.761527e+21 
4.025000e+04 1.884471e-15 2.753238e+21 
4.050000e+04 1.894515e-15 2.739171e+21 
4.075000e+04 1.917435e-15 2.707623e+21 
4.100000e+04 1.944355e-15 2.671522e+21 
4.125000e+04 1.988477e-15 2.614461e+21 
4.150000e+04 2.034567e-15 2.557503e+21 
4.175000e+04 2.117284e-15 2.461495e+21 
4.200000e+04 2.227228e-15 2.344925e+21 
4.225000e+04 2.471504e-15 2.123070e+21 
4.250000e+04 2.778195e-15 1.899714e+21 
4.275000e+04 3.262459e-15 1.632587e+21 
4.300000e+04 3.772710e-15 1.425293e+21 
4.325000e+04 4.311587e-15 1.259654e+21 
4.350000e+04 4.833938e-15 1.134344e+21 
4.375000e+04 5.257462e-15 1.051019e+21 
4.400000e+04 5.648833e-15 9.851303e+20 
4.425000e+04 5.901019e-15 9.473028e+20 
4.450000e+04 6.117310e-15 9.173441e+20 
4.475000e+04 6.198824e-15 9.065967e+20 
4.500000e+04 6.247414e-15 9.003223e+20 
4.525000e+04 6.184801e-15 9.084255e+20 
4.550000e+04 6.095168e-15 9.203127e+20 
4.575000e+04 5.922783e-15 9.441895e+20 
4.600000e+04 5.730311e-15 9.725432e+20 
4.625000e+04 5.482248e-15 1.012025e+21 
4.650000e+04 5.221142e-15 1.057634e+21 
4.675000e+04 4.928106e-15 1.114578e+21 
4.700000e+04 4.628645e-15 1.180218e+21 
4.725000e+04 4.316690e-15 1.258283e+21 
4.750000e+04 4.004079e-15 1.348713e+21 
4.775000e+04 3.693983e-15 1.453538e+21 
4.800000e+04 3.387868e-15 1.575839e+21 
4.825000e+04 3.095025e-15 1.715479e+21 
4.850000e+04 2.809571e-15 1.879613e+21 
4.875000e+04 2.544355e-15 2.065114e+21 
4.900000e+04 2.288740e-15 2.284586e+21 
4.925000e+04 2.057116e-15 2.530563e+21 
4.950000e+04 1.836210e-15 2.822973e+21 
4.975000e+04 1.640386e-15 3.148035e+21 
5.000000e+04 1.455445e-15 3.535342e+21 
5.025000e+04 1.294546e-15 3.962327e+21 
5.050000e+04 1.143926e-15 4.470867e+21 
5.075000e+04 1.014770e-15 5.027191e+21 
5.100000e+04 8.947619e-16 5.688022e+21 
5.125000e+04 7.927832e-16 6.406857e+21 
5.150000e+04 6.985685e-16 7.257421e+21 
5.175000e+04 6.187836e-16 8.180332e+21 
5.200000e+04 5.453665e-16 9.268055e+21 
5.225000e+04 4.831382e-16 1.044897e+22 
5.250000e+04 4.260249e-16 1.183629e+22 
5.275000e+04 3.774710e-16 1.334602e+22 
5.300000e+04 3.329816e-16 1.511570e+22 
5.325000e+04 2.950460e-16 1.704648e+22 
5.350000e+04 2.603226e-16 1.930676e+22 
5.375000e+04 2.306577e-16 2.177712e+22 
5.400000e+04 2.035231e-16 2.466701e+22 
5.425000e+04 1.803255e-16 2.782762e+22 
5.450000e+04 1.591157e-16 3.152340e+22 
5.475000e+04 1.409860e-16 3.556450e+22 
5.500000e+04 1.244140e-16 4.028805e+22 
5.525000e+04 1.102564e-16 4.544883e+22 
5.550000e+04 9.731661e-17 5.147825e+22 
5.575000e+04 8.626841e-17 5.805867e+22 
5.600000e+04 7.617044e-17 6.574170e+22 
5.625000e+04 6.755210e-17 7.411698e+22 
5.650000e+04 5.967415e-17 8.388767e+22 
5.675000e+04 5.295141e-17 9.452625e+22 
5.700000e+04 4.680495e-17 1.069254e+23 
5.725000e+04 4.155901e-17 1.204109e+23 
5.750000e+04 3.676135e-17 1.361113e+23 
5.775000e+04 3.266490e-17 1.531696e+23 
5.800000e+04 2.891711e-17 1.730066e+23 
5.825000e+04 2.571509e-17 1.945384e+23 
5.850000e+04 2.278427e-17 2.195479e+23 
5.875000e+04 2.027828e-17 2.466693e+23 
5.900000e+04 1.798335e-17 2.781327e+23 
5.925000e+04 1.601930e-17 3.122234e+23 
5.950000e+04 1.421963e-17 3.517237e+23 
5.975000e+04 1.267792e-17 3.944863e+23 
6.000000e+04 1.126435e-17 4.439746e+23 
6.025000e+04 1.005214e-17 4.975062e+23 
6.050000e+04 8.939934e-18 5.593836e+23 
6.075000e+04 7.985128e-18 6.262635e+23 
6.100000e+04 7.108469e-18 7.034805e+23 
6.125000e+04 6.355030e-18 7.868775e+23 
6.150000e+04 5.662746e-18 8.830565e+23 
6.175000e+04 5.067067e-18 9.868627e+23 
6.200000e+04 4.519325e-18 1.106450e+24 
6.225000e+04 4.047430e-18 1.235450e+24 
6.250000e+04 3.613178e-18 1.383911e+24 
6.275000e+04 3.238557e-18 1.543995e+24 
6.300000e+04 2.893555e-18 1.728064e+24 
6.325000e+04 2.595503e-18 1.926504e+24 
6.350000e+04 2.320812e-18 2.154499e+24 
6.375000e+04 2.083158e-18 2.400296e+24 
6.400000e+04 1.863979e-18 2.682510e+24 
6.425000e+04 1.674083e-18 2.986801e+24 
6.450000e+04 1.498844e-18 3.335975e+24 
6.475000e+04 1.346804e-18 3.712581e+24 
6.500000e+04 1.206424e-18 4.144544e+24 
6.525000e+04 1.084448e-18 4.610725e+24 
6.550000e+04 9.717714e-19 5.145297e+24 
6.575000e+04 8.737398e-19 5.722607e+24 
6.600000e+04 7.831647e-19 6.384396e+24 
6.625000e+04 7.042733e-19 7.099590e+24 
6.650000e+04 6.313830e-19 7.919152e+24 
6.675000e+04 5.677567e-19 8.806655e+24 
6.700000e+04 5.089410e-19 9.824333e+24 
6.725000e+04 4.575111e-19 1.000000e+25 
6.750000e+04 4.099994e-19 1.000000e+25 
6.775000e+04 3.686707e-19 1.000000e+25 
6.800000e+04 3.305666e-19 1.000000e+25 
6.825000e+04 2.972098e-19 1.000000e+25 
6.850000e+04 2.659968e-19 1.000000e+25 
6.875000e+04 2.363580e-19 1.000000e+25 
6.900000e+04 2.116749e-19 1.000000e+25 
6.925000e+04 2.024186e-19 1.000000e+25 
6.950000e+04 1.995091e-19 1.000000e+25 
6.975000e+04 1.965547e-19 1.000000e+25 
7.000000e+04 1.924395e-19 1.000000e+25 
7.025000e+04 1.882911e-19 1.000000e+25 
7.050000e+04 1.842547e-19 1.000000e+25 
7.075000e+04 1.804917e-19 1.000000e+25 
7.100000e+04 1.768392e-19 1.000000e+25 
7.125000e+04 1.733505e-19 1.000000e+25 
7.150000e+04 1.699541e-19 1.000000e+25 
7.175000e+04 1.667250e-19 1.000000e+25 
7.200000e+04 1.635930e-19 1.000000e+25 
7.225000e+04 1.606227e-19 1.000000e+25 
7.250000e+04 1.577404e-19 1.000000e+25 
7.275000e+04 1.550044e-19 1.000000e+25 
7.300000e+04 1.523550e-19 1.000000e+25 
7.325000e+04 1.498482e-19 1.000000e+25 
7.350000e+04 1.474255e-19 1.000000e+25 
7.375000e+04 1.451390e-19 1.000000e+25 
7.400000e+04 1.429344e-19 1.000000e+25 
7.425000e+04 1.408605e-19 1.000000e+25 
7.450000e+04 1.388666e-19 1.000000e+25 
7.475000e+04 1.369976e-19 1.000000e+25 
7.500000e+04 1.352067e-19 1.000000e+25 
7.525000e+04 1.335347e-19 1.000000e+25 
7.550000e+04 1.319392e-19 1.000000e+25 
7.575000e+04 1.304569e-19 1.000000e+25 
7.600000e+04 1.290495e-19 1.000000e+25 
7.625000e+04 1.277501e-19 1.000000e+25 
7.650000e+04 1.265243e-19 1.000000e+25 
7.675000e+04 1.254021e-19 1.000000e+25 
7.700000e+04 1.243526e-19 1.000000e+25 
7.725000e+04 1.234031e-19 1.000000e+25 
7.750000e+04 1.225257e-19 1.000000e+25 
7.775000e+04 1.217457e-19 1.000000e+25 
7.800000e+04 1.210372e-19 1.000000e+25 
7.825000e+04 1.204244e-19 1.000000e+25 
7.850000e+04 1.198829e-19 1.000000e+25 
7.875000e+04 1.194359e-19 1.000000e+25 
7.900000e+04 1.190600e-19 1.000000e+25 
7.925000e+04 1.187778e-19 1.000000e+25 
7.950000e+04 1.185668e-19 1.000000e+25 
7.975000e+04 1.184491e-19 1.000000e+25 
8.000000e+04 1.184024e-19 1.000000e+25 
