0.000000e+00 9.050043e-19 5.524837e+24 
1.562500e+02 9.081909e-19 5.505455e+24 
3.125000e+02 9.140364e-19 5.470243e+24 
4.687500e+02 9.262197e-19 5.398292e+24 
6.250000e+02 9.410065e-19 5.313460e+24 
7.812500e+02 9.620317e-19 5.197338e+24 
9.375000e+02 9.855647e-19 5.073235e+24 
1.093750e+03 1.015190e-18 4.925192e+24 
1.250000e+03 1.047209e-18 4.774597e+24 
1.406250e+03 1.085150e-18 4.607661e+24 
1.562500e+03 1.125378e-18 4.442952e+24 
1.718750e+03 1.171359e-18 4.268549e+24 
1.875000e+03 1.219542e-18 4.099900e+24 
2.031250e+03 1.273335e-18 3.926700e+24 
2.187500e+03 1.329276e-18 3.761447e+24 
2.343750e+03 1.390719e-18 3.595264e+24 
2.500000e+03 1.454291e-18 3.438102e+24 
2.656250e+03 1.523293e-18 3.282365e+24 
2.812500e+03 1.594430e-18 3.135918e+24 
2.968750e+03 1.670949e-18 2.992313e+24 
3.125000e+03 1.749633e-18 2.857743e+24 
3.281250e+03 1.833667e-18 2.726778e+24 
3.437500e+03 1.919912e-18 2.604287e+24 
3.593750e+03 2.011489e-18 2.485722e+24 
3.750000e+03 2.105340e-18 2.374915e+24 
3.906250e+03 2.204523e-18 2.268065e+24 
4.062500e+03 2.306061e-18 2.168200e+24 
4.218750e+03 2.412964e-18 2.072141e+24 
4.375000e+03 2.522321e-18 1.982302e+24 
4.531250e+03 2.637119e-18 1.896010e+24 
4.687500e+03 2.754489e-18 1.815220e+24 
4.843750e+03 2.877428e-18 1.737664e+24 
5.000000e+03 3.003079e-18 1.664959e+24 
5.156250e+03 3.134484e-18 1.595160e+24 
5.312500e+03 3.268759e-18 1.529633e+24 
5.468750e+03 3.409031e-18 1.466693e+24 
5.625000e+03 3.552353e-18 1.407519e+24 
5.781250e+03 3.701969e-18 1.350634e+24 
5.937500e+03 3.854834e-18 1.297074e+24 
6.093750e+03 4.014342e-18 1.245535e+24 
6.250000e+03 4.177322e-18 1.196940e+24 
6.406250e+03 4.347342e-18 1.150129e+24 
6.562500e+03 4.521076e-18 1.105932e+24 
6.718750e+03 4.702297e-18 1.063311e+24 
6.875000e+03 4.887496e-18 1.023020e+24 
7.031250e+03 5.080676e-18 9.841219e+23 
7.187500e+03 5.278120e-18 9.473078e+23 
7.343750e+03 5.484089e-18 9.117293e+23 
7.500000e+03 5.694634e-18 8.780204e+23 
7.656250e+03 5.914297e-18 8.454100e+23 
7.812500e+03 6.138874e-18 8.144826e+23 
7.968750e+03 6.373214e-18 7.845344e+23 
8.125000e+03 6.612837e-18 7.561060e+23 
8.281250e+03 6.862927e-18 7.285531e+23 
8.437500e+03 7.118698e-18 7.023766e+23 
8.593750e+03 7.385700e-18 6.769849e+23 
8.750000e+03 7.658817e-18 6.528433e+23 
8.906250e+03 7.943996e-18 6.294071e+23 
9.062500e+03 8.235761e-18 6.071094e+23 
9.218750e+03 8.540490e-18 5.854475e+23 
9.375000e+03 8.852317e-18 5.648248e+23 
9.531250e+03 9.178089e-18 5.447767e+23 
9.687500e+03 9.511514e-18 5.256796e+23 
9.843750e+03 9.859950e-18 5.071029e+23 
1.000000e+04 1.021664e-17 4.893984e+23 
1.015625e+04 1.058951e-17 4.721665e+23 
1.031250e+04 1.097129e-17 4.557360e+23 
1.046875e+04 1.137049e-17 4.397357e+23 
1.062500e+04 1.177933e-17 4.244734e+23 
1.078125e+04 1.220696e-17 4.096034e+23 
1.093750e+04 1.264500e-17 3.954141e+23 
1.109375e+04 1.310333e-17 3.815834e+23 
1.125000e+04 1.357292e-17 3.683817e+23 
1.140625e+04 1.406440e-17 3.555084e+23 
1.156250e+04 1.456808e-17 3.432171e+23 
1.171875e+04 1.509542e-17 3.312273e+23 
1.187500e+04 1.563595e-17 3.197768e+23 
1.203125e+04 1.620208e-17 3.086034e+23 
1.218750e+04 1.678249e-17 2.979305e+23 
1.234375e+04 1.739060e-17 2.875127e+23 
1.250000e+04 1.801420e-17 2.775598e+23 
1.265625e+04 1.866777e-17 2.678423e+23 
1.281250e+04 1.933815e-17 2.585572e+23 
1.296875e+04 2.004101e-17 2.494895e+23 
1.312500e+04 2.076211e-17 2.408243e+23 
1.328125e+04 2.151841e-17 2.323602e+23 
1.343750e+04 2.229454e-17 2.242712e+23 
1.359375e+04 2.310885e-17 2.163683e+23 
1.375000e+04 2.394471e-17 2.088154e+23 
1.390625e+04 2.482202e-17 2.014350e+23 
1.406250e+04 2.572277e-17 1.943813e+23 
1.421875e+04 2.666856e-17 1.874877e+23 
1.437500e+04 2.763986e-17 1.808991e+23 
1.453125e+04 2.866012e-17 1.744594e+23 
1.468750e+04 2.970817e-17 1.683048e+23 
1.484375e+04 3.080949e-17 1.622887e+23 
1.500000e+04 3.194110e-17 1.565391e+23 
1.515625e+04 3.313070e-17 1.509184e+23 
1.531250e+04 3.435335e-17 1.455472e+23 
1.546875e+04 3.563919e-17 1.402960e+23 
1.562500e+04 3.696109e-17 1.352784e+23 
1.578125e+04 3.835188e-17 1.303727e+23 
1.593750e+04 3.978207e-17 1.256858e+23 
1.609375e+04 4.128741e-17 1.211033e+23 
1.625000e+04 4.283582e-17 1.167257e+23 
1.640625e+04 4.446628e-17 1.124458e+23 
1.656250e+04 4.614383e-17 1.083578e+23 
1.671875e+04 4.791101e-17 1.043611e+23 
1.687500e+04 4.972974e-17 1.005445e+23 
1.703125e+04 5.164642e-17 9.681314e+22 
1.718750e+04 5.361954e-17 9.325059e+22 
1.734375e+04 5.569977e-17 8.976797e+22 
1.750000e+04 5.784184e-17 8.644361e+22 
1.765625e+04 6.010110e-17 8.319415e+22 
1.781250e+04 6.242813e-17 8.009310e+22 
1.796875e+04 6.488341e-17 7.706230e+22 
1.812500e+04 6.741301e-17 7.417065e+22 
1.828125e+04 7.008302e-17 7.134495e+22 
1.843750e+04 7.283455e-17 6.864973e+22 
1.859375e+04 7.573984e-17 6.601645e+22 
1.875000e+04 7.873458e-17 6.350549e+22 
1.890625e+04 8.189773e-17 6.105275e+22 
1.906250e+04 8.515906e-17 5.871466e+22 
1.921875e+04 8.860483e-17 5.643133e+22 
1.937500e+04 9.215840e-17 5.425541e+22 
1.953125e+04 9.591398e-17 5.213104e+22 
1.968750e+04 9.978794e-17 5.010725e+22 
1.984375e+04 1.038831e-16 4.813202e+22 
2.000000e+04 1.081083e-16 4.625093e+22 
2.015625e+04 1.125756e-16 4.441559e+22 
2.031250e+04 1.171857e-16 4.266830e+22 
2.046875e+04 1.220609e-16 4.096416e+22 
2.062500e+04 1.270929e-16 3.934231e+22 
2.078125e+04 1.324147e-16 3.776116e+22 
2.093750e+04 1.379088e-16 3.625685e+22 
2.109375e+04 1.437197e-16 3.479095e+22 
2.125000e+04 1.497197e-16 3.339673e+22 
2.140625e+04 1.560658e-16 3.203877e+22 
2.156250e+04 1.626196e-16 3.074760e+22 
2.171875e+04 1.695509e-16 2.949067e+22 
2.187500e+04 1.767102e-16 2.829591e+22 
2.203125e+04 1.842810e-16 2.713348e+22 
2.218750e+04 1.921021e-16 2.602883e+22 
2.234375e+04 2.003709e-16 2.495472e+22 
2.250000e+04 2.089145e-16 2.393424e+22 
2.265625e+04 2.179446e-16 2.294261e+22 
2.281250e+04 2.272762e-16 2.200066e+22 
2.296875e+04 2.371359e-16 2.108596e+22 
2.312500e+04 2.473260e-16 2.021723e+22 
2.328125e+04 2.580884e-16 1.937421e+22 
2.343750e+04 2.692131e-16 1.857364e+22 
2.359375e+04 2.809568e-16 1.779733e+22 
2.375000e+04 2.930977e-16 1.706016e+22 
2.390625e+04 3.059072e-16 1.634582e+22 
2.406250e+04 3.191520e-16 1.566752e+22 
2.421875e+04 3.331183e-16 1.501068e+22 
2.437500e+04 3.475614e-16 1.438694e+22 
2.453125e+04 3.627829e-16 1.378335e+22 
2.468750e+04 3.785266e-16 1.321011e+22 
2.484375e+04 3.951102e-16 1.265570e+22 
2.500000e+04 4.122661e-16 1.212909e+22 
2.515625e+04 4.303295e-16 1.162000e+22 
2.531250e+04 4.490204e-16 1.113635e+22 
2.546875e+04 4.686953e-16 1.066891e+22 
2.562500e+04 4.890585e-16 1.022473e+22 
2.578125e+04 5.104941e-16 9.795432e+21 
2.593750e+04 5.326860e-16 9.387391e+21 
2.609375e+04 5.560555e-16 8.992908e+21 
2.625000e+04 5.802573e-16 8.617866e+21 
2.640625e+04 6.057648e-16 8.255029e+21 
2.656250e+04 6.321902e-16 7.910011e+21 
2.671875e+04 6.600802e-16 7.575837e+21 
2.687500e+04 6.889854e-16 7.258047e+21 
2.703125e+04 7.195539e-16 6.949750e+21 
2.718750e+04 7.512482e-16 6.656589e+21 
2.734375e+04 7.848544e-16 6.371608e+21 
2.750000e+04 8.197122e-16 6.100701e+21 
2.765625e+04 8.567899e-16 5.836736e+21 
2.781250e+04 8.952616e-16 5.585959e+21 
2.796875e+04 9.363275e-16 5.341012e+21 
2.812500e+04 9.789471e-16 5.108528e+21 
2.828125e+04 1.024604e-15 4.880933e+21 
2.843750e+04 1.071991e-15 4.665220e+21 
2.859375e+04 1.122922e-15 4.453668e+21 
2.875000e+04 1.175770e-15 4.253530e+21 
2.890625e+04 1.232722e-15 4.057064e+21 
2.906250e+04 1.291783e-15 3.871618e+21 
2.921875e+04 1.355530e-15 3.689593e+21 
2.937500e+04 1.421576e-15 3.518224e+21 
2.953125e+04 1.492878e-15 3.350236e+21 
2.968750e+04 1.566650e-15 3.192523e+21 
2.984375e+04 1.646193e-15 3.038311e+21 
3.000000e+04 1.728345e-15 2.893941e+21 
3.015625e+04 1.816676e-15 2.753279e+21 
3.031250e+04 1.907706e-15 2.621948e+21 
3.046875e+04 2.005166e-15 2.494559e+21 
3.062500e+04 2.105350e-15 2.375902e+21 
3.078125e+04 2.212009e-15 2.261388e+21 
3.093750e+04 2.321339e-15 2.154930e+21 
3.109375e+04 2.436943e-15 2.052750e+21 
3.125000e+04 2.555072e-15 1.957892e+21 
3.140625e+04 2.678997e-15 1.867370e+21 
3.156250e+04 2.805198e-15 1.783405e+21 
3.171875e+04 2.936412e-15 1.703758e+21 
3.187500e+04 3.069544e-15 1.629906e+21 
3.203125e+04 3.206578e-15 1.560294e+21 
3.218750e+04 3.345060e-15 1.495741e+21 
3.234375e+04 3.485987e-15 1.435314e+21 
3.250000e+04 3.627774e-15 1.379255e+21 
3.265625e+04 3.770179e-15 1.327197e+21 
3.281250e+04 3.912739e-15 1.278877e+21 
3.296875e+04 4.053689e-15 1.234444e+21 
3.312500e+04 4.193973e-15 1.193187e+21 
3.328125e+04 4.329978e-15 1.155740e+21 
3.343750e+04 4.464387e-15 1.120975e+21 
3.359375e+04 4.591357e-15 1.090003e+21 
3.375000e+04 4.715701e-15 1.061288e+21 
3.390625e+04 4.828917e-15 1.036429e+21 
3.406250e+04 4.938390e-15 1.013476e+21 
3.421875e+04 5.032495e-15 9.945430e+20 
3.437500e+04 5.121686e-15 9.772408e+20 
3.453125e+04 5.190758e-15 9.642504e+20 
3.468750e+04 5.253739e-15 9.527030e+20 
3.484375e+04 5.291489e-15 9.459137e+20 
3.500000e+04 5.322032e-15 9.404908e+20 
3.515625e+04 5.322186e-15 9.404636e+20 
3.531250e+04 5.314182e-15 9.418786e+20 
3.546875e+04 5.271118e-15 9.495654e+20 
3.562500e+04 5.219244e-15 9.589932e+20 
3.578125e+04 5.128912e-15 9.758656e+20 
3.593750e+04 5.029579e-15 9.951191e+20 
3.609375e+04 4.890700e-15 1.023348e+21 
3.625000e+04 4.743271e-15 1.055125e+21 
3.640625e+04 4.558737e-15 1.097795e+21 
3.656250e+04 4.366934e-15 1.145968e+21 
3.671875e+04 4.145273e-15 1.207193e+21 
3.687500e+04 3.918653e-15 1.276949e+21 
3.703125e+04 3.675348e-15 1.361415e+21 
3.718750e+04 3.430661e-15 1.458445e+21 
3.734375e+04 3.188904e-15 1.568937e+21 
3.750000e+04 2.950844e-15 1.695430e+21 
3.765625e+04 2.740321e-15 1.825606e+21 
3.781250e+04 2.539786e-15 1.969671e+21 
3.796875e+04 2.389384e-15 2.093592e+21 
3.812500e+04 2.254300e-15 2.218985e+21 
3.828125e+04 2.174973e-15 2.299881e+21 
3.843750e+04 2.111110e-15 2.369423e+21 
3.859375e+04 2.085017e-15 2.399062e+21 
3.875000e+04 2.068697e-15 2.417981e+21 
3.890625e+04 2.066482e-15 2.420571e+21 
3.906250e+04 2.067590e-15 2.419274e+21 
3.921875e+04 2.070468e-15 2.415913e+21 
3.937500e+04 2.072744e-15 2.413261e+21 
3.953125e+04 2.076397e-15 2.409017e+21 
3.968750e+04 2.077239e-15 2.408041e+21 
3.984375e+04 2.077587e-15 2.407638e+21 
4.000000e+04 2.079972e-15 2.404879e+21 
4.015625e+04 2.077587e-15 2.407638e+21 
4.031250e+04 2.077239e-15 2.408041e+21 
4.046875e+04 2.076397e-15 2.409017e+21 
4.062500e+04 2.072744e-15 2.413261e+21 
4.078125e+04 2.070468e-15 2.415913e+21 
4.093750e+04 2.067590e-15 2.419274e+21 
4.109375e+04 2.066482e-15 2.420571e+21 
4.125000e+04 2.068697e-15 2.417981e+21 
4.140625e+04 2.085017e-15 2.399062e+21 
4.156250e+04 2.111110e-15 2.369423e+21 
4.171875e+04 2.174973e-15 2.299881e+21 
4.187500e+04 2.254300e-15 2.218985e+21 
4.203125e+04 2.389384e-15 2.093592e+21 
4.218750e+04 2.539786e-15 1.969671e+21 
4.234375e+04 2.740321e-15 1.825606e+21 
4.250000e+04 2.950844e-15 1.695430e+21 
4.265625e+04 3.188904e-15 1.568937e+21 
4.281250e+04 3.430661e-15 1.458445e+21 
4.296875e+04 3.675348e-15 1.361415e+21 
4.312500e+04 3.918653e-15 1.276949e+21 
4.328125e+04 4.145273e-15 1.207193e+21 
4.343750e+04 4.366934e-15 1.145968e+21 
4.359375e+04 4.558737e-15 1.097795e+21 
4.375000e+04 4.743271e-15 1.055125e+21 
4.390625e+04 4.890700e-15 1.023348e+21 
4.406250e+04 5.029579e-15 9.951191e+20 
4.421875e+04 5.128912e-15 9.758656e+20 
4.437500e+04 5.219244e-15 9.589932e+20 
4.453125e+04 5.271118e-15 9.495654e+20 
4.468750e+04 5.314182e-15 9.418786e+20 
4.484375e+04 5.322186e-15 9.404636e+20 
4.500000e+04 5.322032e-15 9.404908e+20 
4.515625e+04 5.291489e-15 9.459137e+20 
4.531250e+04 5.253739e-15 9.527030e+20 
4.546875e+04 5.190758e-15 9.642504e+20 
4.562500e+04 5.121686e-15 9.772408e+20 
4.578125e+04 5.032495e-15 9.945430e+20 
4.593750e+04 4.938390e-15 1.013476e+21 
4.609375e+04 4.828917e-15 1.036429e+21 
4.625000e+04 4.715701e-15 1.061288e+21 
4.640625e+04 4.591357e-15 1.090003e+21 
4.656250e+04 4.464387e-15 1.120975e+21 
4.671875e+04 4.329978e-15 1.155740e+21 
4.687500e+04 4.193973e-15 1.193187e+21 
4.703125e+04 4.053689e-15 1.234444e+21 
4.718750e+04 3.912739e-15 1.278877e+21 
4.734375e+04 3.770179e-15 1.327197e+21 
4.750000e+04 3.627774e-15 1.379255e+21 
4.765625e+04 3.485987e-15 1.435314e+21 
4.781250e+04 3.345060e-15 1.495741e+21 
4.796875e+04 3.206578e-15 1.560294e+21 
4.812500e+04 3.069544e-15 1.629906e+21 
4.828125e+04 2.936412e-15 1.703758e+21 
4.843750e+04 2.805198e-15 1.783405e+21 
4.859375e+04 2.678997e-15 1.867370e+21 
4.875000e+04 2.555072e-15 1.957892e+21 
4.890625e+04 2.436943e-15 2.052750e+21 
4.906250e+04 2.321339e-15 2.154930e+21 
4.921875e+04 2.212009e-15 2.261388e+21 
4.937500e+04 2.105350e-15 2.375902e+21 
4.953125e+04 2.005166e-15 2.494559e+21 
4.968750e+04 1.907706e-15 2.621948e+21 
4.984375e+04 1.816676e-15 2.753279e+21 
5.000000e+04 1.728345e-15 2.893941e+21 
5.015625e+04 1.646193e-15 3.038311e+21 
5.031250e+04 1.566650e-15 3.192523e+21 
5.046875e+04 1.492878e-15 3.350236e+21 
5.062500e+04 1.421576e-15 3.518224e+21 
5.078125e+04 1.355530e-15 3.689593e+21 
5.093750e+04 1.291783e-15 3.871618e+21 
5.109375e+04 1.232722e-15 4.057064e+21 
5.125000e+04 1.175770e-15 4.253530e+21 
5.140625e+04 1.122922e-15 4.453668e+21 
5.156250e+04 1.071991e-15 4.665220e+21 
5.171875e+04 1.024604e-15 4.880933e+21 
5.187500e+04 9.789471e-16 5.108528e+21 
5.203125e+04 9.363275e-16 5.341012e+21 
5.218750e+04 8.952616e-16 5.585959e+21 
5.234375e+04 8.567899e-16 5.836736e+21 
5.250000e+04 8.197122e-16 6.100701e+21 
5.265625e+04 7.848544e-16 6.371608e+21 
5.281250e+04 7.512482e-16 6.656589e+21 
5.296875e+04 7.195539e-16 6.949750e+21 
5.312500e+04 6.889854e-16 7.258047e+21 
5.328125e+04 6.600802e-16 7.575837e+21 
5.343750e+04 6.321902e-16 7.910011e+21 
5.359375e+04 6.057648e-16 8.255029e+21 
5.375000e+04 5.802573e-16 8.617866e+21 
5.390625e+04 5.560555e-16 8.992908e+21 
5.406250e+04 5.326860e-16 9.387391e+21 
5.421875e+04 5.104941e-16 9.795432e+21 
5.437500e+04 4.890585e-16 1.022473e+22 
5.453125e+04 4.686953e-16 1.066891e+22 
5.468750e+04 4.490204e-16 1.113635e+22 
5.484375e+04 4.303295e-16 1.162000e+22 
5.500000e+04 4.122661e-16 1.212909e+22 
5.515625e+04 3.951102e-16 1.265570e+22 
5.531250e+04 3.785266e-16 1.321011e+22 
5.546875e+04 3.627829e-16 1.378335e+22 
5.562500e+04 3.475614e-16 1.438694e+22 
5.578125e+04 3.331183e-16 1.501068e+22 
5.593750e+04 3.191520e-16 1.566752e+22 
5.609375e+04 3.059072e-16 1.634582e+22 
5.625000e+04 2.930977e-16 1.706016e+22 
5.640625e+04 2.809568e-16 1.779733e+22 
5.656250e+04 2.692131e-16 1.857364e+22 
5.671875e+04 2.580884e-16 1.937421e+22 
5.687500e+04 2.473260e-16 2.021723e+22 
5.703125e+04 2.371359e-16 2.108596e+22 
5.718750e+04 2.272762e-16 2.200066e+22 
5.734375e+04 2.179446e-16 2.294261e+22 
5.750000e+04 2.089145e-16 2.393424e+22 
5.765625e+04 2.003709e-16 2.495472e+22 
5.781250e+04 1.921021e-16 2.602883e+22 
5.796875e+04 1.842810e-16 2.713348e+22 
5.812500e+04 1.767102e-16 2.829591e+22 
5.828125e+04 1.695509e-16 2.949067e+22 
5.843750e+04 1.626196e-16 3.074760e+22 
5.859375e+04 1.560658e-16 3.203877e+22 
5.875000e+04 1.497197e-16 3.339673e+22 
5.890625e+04 1.437197e-16 3.479095e+22 
5.906250e+04 1.379088e-16 3.625685e+22 
5.921875e+04 1.324147e-16 3.776116e+22 
5.937500e+04 1.270929e-16 3.934231e+22 
5.953125e+04 1.220609e-16 4.096416e+22 
5.968750e+04 1.171857e-16 4.266830e+22 
5.984375e+04 1.125756e-16 4.441559e+22 
6.000000e+04 1.081083e-16 4.625093e+22 
6.015625e+04 1.038831e-16 4.813202e+22 
6.031250e+04 9.978794e-17 5.010725e+22 
6.046875e+04 9.591398e-17 5.213104e+22 
6.062500e+04 9.215840e-17 5.425541e+22 
6.078125e+04 8.860483e-17 5.643133e+22 
6.093750e+04 8.515906e-17 5.871466e+22 
6.109375e+04 8.189773e-17 6.105275e+22 
6.125000e+04 7.873458e-17 6.350549e+22 
6.140625e+04 7.573984e-17 6.601645e+22 
6.156250e+04 7.283455e-17 6.864973e+22 
6.171875e+04 7.008302e-17 7.134495e+22 
6.187500e+04 6.741301e-17 7.417065e+22 
6.203125e+04 6.488341e-17 7.706230e+22 
6.218750e+04 6.242813e-17 8.009310e+22 
6.234375e+04 6.010110e-17 8.319415e+22 
6.250000e+04 5.784184e-17 8.644361e+22 
6.265625e+04 5.569977e-17 8.976797e+22 
6.281250e+04 5.361954e-17 9.325059e+22 
6.296875e+04 5.164642e-17 9.681314e+22 
6.312500e+04 4.972974e-17 1.005445e+23 
6.328125e+04 4.791101e-17 1.043611e+23 
6.343750e+04 4.614383e-17 1.083578e+23 
6.359375e+04 4.446628e-17 1.124458e+23 
6.375000e+04 4.283582e-17 1.167257e+23 
6.390625e+04 4.128741e-17 1.211033e+23 
6.406250e+04 3.978207e-17 1.256858e+23 
6.421875e+04 3.835188e-17 1.303727e+23 
6.437500e+04 3.696109e-17 1.352784e+23 
6.453125e+04 3.563919e-17 1.402960e+23 
6.468750e+04 3.435335e-17 1.455472e+23 
6.484375e+04 3.313070e-17 1.509184e+23 
6.500000e+04 3.194110e-17 1.565391e+23 
6.515625e+04 3.080949e-17 1.622887e+23 
6.531250e+04 2.970817e-17 1.683048e+23 
6.546875e+04 2.866012e-17 1.744594e+23 
6.562500e+04 2.763986e-17 1.808991e+23 
6.578125e+04 2.666856e-17 1.874877e+23 
6.593750e+04 2.572277e-17 1.943813e+23 
6.609375e+04 2.482202e-17 2.014350e+23 
6.625000e+04 2.394471e-17 2.088154e+23 
6.640625e+04 2.310885e-17 2.163683e+23 
6.656250e+04 2.229454e-17 2.242712e+23 
6.671875e+04 2.151841e-17 2.323602e+23 
6.687500e+04 2.076211e-17 2.408243e+23 
6.703125e+04 2.004101e-17 2.494895e+23 
6.718750e+04 1.933815e-17 2.585572e+23 
6.734375e+04 1.866777e-17 2.678423e+23 
6.750000e+04 1.801420e-17 2.775598e+23 
6.765625e+04 1.739060e-17 2.875127e+23 
6.781250e+04 1.678249e-17 2.979305e+23 
6.796875e+04 1.620208e-17 3.086034e+23 
6.812500e+04 1.563595e-17 3.197768e+23 
6.828125e+04 1.509542e-17 3.312273e+23 
6.843750e+04 1.456808e-17 3.432171e+23 
6.859375e+04 1.406440e-17 3.555084e+23 
6.875000e+04 1.357292e-17 3.683817e+23 
6.890625e+04 1.310333e-17 3.815834e+23 
6.906250e+04 1.264500e-17 3.954141e+23 
6.921875e+04 1.220696e-17 4.096034e+23 
6.937500e+04 1.177933e-17 4.244734e+23 
6.953125e+04 1.137049e-17 4.397357e+23 
6.968750e+04 1.097129e-17 4.557360e+23 
6.984375e+04 1.058951e-17 4.721665e+23 
7.000000e+04 1.021664e-17 4.893984e+23 
7.015625e+04 9.859950e-18 5.071029e+23 
7.031250e+04 9.511514e-18 5.256796e+23 
7.046875e+04 9.178089e-18 5.447767e+23 
7.062500e+04 8.852317e-18 5.648248e+23 
7.078125e+04 8.540490e-18 5.854475e+23 
7.093750e+04 8.235761e-18 6.071094e+23 
7.109375e+04 7.943996e-18 6.294071e+23 
7.125000e+04 7.658817e-18 6.528433e+23 
7.140625e+04 7.385700e-18 6.769849e+23 
7.156250e+04 7.118698e-18 7.023766e+23 
7.171875e+04 6.862927e-18 7.285531e+23 
7.187500e+04 6.612837e-18 7.561060e+23 
7.203125e+04 6.373214e-18 7.845344e+23 
7.218750e+04 6.138874e-18 8.144826e+23 
7.234375e+04 5.914297e-18 8.454100e+23 
7.250000e+04 5.694634e-18 8.780204e+23 
7.265625e+04 5.484089e-18 9.117293e+23 
7.281250e+04 5.278120e-18 9.473078e+23 
7.296875e+04 5.080676e-18 9.841219e+23 
7.312500e+04 4.887496e-18 1.023020e+24 
7.328125e+04 4.702297e-18 1.063311e+24 
7.343750e+04 4.521076e-18 1.105932e+24 
7.359375e+04 4.347342e-18 1.150129e+24 
7.375000e+04 4.177322e-18 1.196940e+24 
7.390625e+04 4.014342e-18 1.245535e+24 
7.406250e+04 3.854834e-18 1.297074e+24 
7.421875e+04 3.701969e-18 1.350634e+24 
7.437500e+04 3.552353e-18 1.407519e+24 
7.453125e+04 3.409031e-18 1.466693e+24 
7.468750e+04 3.268759e-18 1.529633e+24 
7.484375e+04 3.134484e-18 1.595160e+24 
7.500000e+04 3.003079e-18 1.664959e+24 
7.515625e+04 2.877428e-18 1.737664e+24 
7.531250e+04 2.754489e-18 1.815220e+24 
7.546875e+04 2.637119e-18 1.896010e+24 
7.562500e+04 2.522321e-18 1.982302e+24 
7.578125e+04 2.412964e-18 2.072141e+24 
7.593750e+04 2.306061e-18 2.168200e+24 
7.609375e+04 2.204523e-18 2.268065e+24 
7.625000e+04 2.105340e-18 2.374915e+24 
7.640625e+04 2.011489e-18 2.485722e+24 
7.656250e+04 1.919912e-18 2.604287e+24 
7.671875e+04 1.833667e-18 2.726778e+24 
7.687500e+04 1.749633e-18 2.857743e+24 
7.703125e+04 1.670949e-18 2.992313e+24 
7.718750e+04 1.594430e-18 3.135918e+24 
7.734375e+04 1.523293e-18 3.282365e+24 
7.750000e+04 1.454291e-18 3.438102e+24 
7.765625e+04 1.390719e-18 3.595264e+24 
7.781250e+04 1.329276e-18 3.761447e+24 
7.796875e+04 1.273335e-18 3.926700e+24 
7.812500e+04 1.219542e-18 4.099900e+24 
7.828125e+04 1.171359e-18 4.268549e+24 
7.843750e+04 1.125378e-18 4.442952e+24 
7.859375e+04 1.085150e-18 4.607661e+24 
7.875000e+04 1.047209e-18 4.774597e+24 
7.890625e+04 1.015190e-18 4.925192e+24 
7.906250e+04 9.855647e-19 5.073235e+24 
7.921875e+04 9.620317e-19 5.197338e+24 
7.937500e+04 9.410065e-19 5.313460e+24 
7.953125e+04 9.262197e-19 5.398292e+24 
7.968750e+04 9.140364e-19 5.470243e+24 
7.984375e+04 9.081909e-19 5.505455e+24 
8.000000e+04 9.050043e-19 5.524837e+24 
