0.000000e+00 1.184731e-19 1.000000e+25 
2.083333e+02 1.185056e-19 1.000000e+25 
4.166667e+02 1.185874e-19 1.000000e+25 
6.250000e+02 1.187341e-19 1.000000e+25 
8.333333e+02 1.189301e-19 1.000000e+25 
1.041667e+03 1.191913e-19 1.000000e+25 
1.250000e+03 1.195019e-19 1.000000e+25 
1.458333e+03 1.198779e-19 1.000000e+25 
1.666667e+03 1.203033e-19 1.000000e+25 
1.875000e+03 1.207947e-19 1.000000e+25 
2.083333e+03 1.213357e-19 1.000000e+25 
2.291667e+03 1.219434e-19 1.000000e+25 
2.500000e+03 1.226008e-19 1.000000e+25 
2.708333e+03 1.233260e-19 1.000000e+25 
2.916667e+03 1.241013e-19 1.000000e+25 
3.125000e+03 1.249458e-19 1.000000e+25 
3.333333e+03 1.258407e-19 1.000000e+25 
3.541667e+03 1.268067e-19 1.000000e+25 
3.750000e+03 1.278237e-19 1.000000e+25 
3.958333e+03 1.289142e-19 1.000000e+25 
4.166667e+03 1.300562e-19 1.000000e+25 
4.375000e+03 1.312745e-19 1.000000e+25 
4.583333e+03 1.325451e-19 1.000000e+25 
4.791667e+03 1.338951e-19 1.000000e+25 
5.000000e+03 1.352983e-19 1.000000e+25 
5.208333e+03 1.367842e-19 1.000000e+25 
5.416667e+03 1.383242e-19 1.000000e+25 
5.625000e+03 1.399504e-19 1.000000e+25 
5.833333e+03 1.416318e-19 1.000000e+25 
6.041667e+03 1.434026e-19 1.000000e+25 
6.250000e+03 1.452297e-19 1.000000e+25 
6.458333e+03 1.471496e-19 1.000000e+25 
6.666667e+03 1.491269e-19 1.000000e+25 
6.875000e+03 1.512002e-19 1.000000e+25 
7.083333e+03 1.533323e-19 1.000000e+25 
7.291667e+03 1.555638e-19 1.000000e+25 
7.500000e+03 1.578554e-19 1.000000e+25 
7.708333e+03 1.602511e-19 1.000000e+25 
7.916667e+03 1.627089e-19 1.000000e+25 
8.125000e+03 1.652751e-19 1.000000e+25 
8.333333e+03 1.679048e-19 1.000000e+25 
8.541667e+03 1.706493e-19 1.000000e+25 
8.750000e+03 1.734611e-19 1.000000e+25 
8.958333e+03 1.764011e-19 1.000000e+25 
9.166667e+03 1.794125e-19 1.000000e+25 
9.375000e+03 1.825347e-19 1.000000e+25 
9.583333e+03 1.857146e-19 1.000000e+25 
9.791667e+03 1.891072e-19 1.000000e+25 
1.000000e+04 1.925792e-19 1.000000e+25 
1.020833e+04 1.961891e-19 1.000000e+25 
1.041667e+04 1.996667e-19 1.000000e+25 
1.062500e+04 2.015103e-19 1.000000e+25 
1.083333e+04 2.040500e-19 1.000000e+25 
1.104167e+04 2.172538e-19 1.000000e+25 
1.125000e+04 2.381937e-19 1.000000e+25 
1.145833e+04 2.629455e-19 1.000000e+25 
1.166667e+04 2.878325e-19 1.000000e+25 
1.187500e+04 3.150880e-19 1.000000e+25 
1.208333e+04 3.443897e-19 1.000000e+25 
1.229167e+04 3.772064e-19 1.000000e+25 
1.250000e+04 4.123555e-19 1.000000e+25 
1.270833e+04 4.517094e-19 1.000000e+25 
1.291667e+04 4.937261e-19 1.000000e+25 
1.312500e+04 5.406777e-19 9.247687e+24 
1.333333e+04 5.908409e-19 8.462535e+24 
1.354167e+04 6.470381e-19 7.727566e+24 
1.375000e+04 7.070718e-19 7.071450e+24 
1.395833e+04 7.743770e-19 6.456859e+24 
1.416667e+04 8.462631e-19 5.908372e+24 
1.437500e+04 9.269131e-19 5.394312e+24 
1.458333e+04 1.013068e-18 4.935554e+24 
1.479167e+04 1.109831e-18 4.505259e+24 
1.500000e+04 1.213226e-18 4.121304e+24 
1.520833e+04 1.329469e-18 3.760975e+24 
1.541667e+04 1.453715e-18 3.439531e+24 
1.562500e+04 1.593531e-18 3.137765e+24 
1.583333e+04 1.743027e-18 2.868646e+24 
1.604167e+04 1.911417e-18 2.615944e+24 
1.625000e+04 2.091539e-18 2.390662e+24 
1.645833e+04 2.294625e-18 2.179091e+24 
1.666667e+04 2.511961e-18 1.990558e+24 
1.687500e+04 2.757251e-18 1.813489e+24 
1.708333e+04 3.019883e-18 1.655778e+24 
1.729167e+04 3.316593e-18 1.507662e+24 
1.750000e+04 3.634447e-18 1.375812e+24 
1.770833e+04 3.993896e-18 1.252003e+24 
1.791667e+04 4.379166e-18 1.141859e+24 
1.812500e+04 4.815258e-18 1.038460e+24 
1.833333e+04 5.282925e-18 9.465366e+23 
1.854167e+04 5.812749e-18 8.602732e+23 
1.875000e+04 6.381234e-18 7.836402e+23 
1.895833e+04 7.025811e-18 7.117576e+23 
1.916667e+04 7.717782e-18 6.479486e+23 
1.937500e+04 8.502996e-18 5.881248e+23 
1.958333e+04 9.346373e-18 5.350619e+23 
1.979167e+04 1.030413e-17 4.853397e+23 
2.000000e+04 1.133333e-17 4.412724e+23 
2.020833e+04 1.250299e-17 4.000022e+23 
2.041667e+04 1.376049e-17 3.634559e+23 
2.062500e+04 1.519062e-17 3.292488e+23 
2.083333e+04 1.672883e-17 2.989825e+23 
2.104167e+04 1.847942e-17 2.706698e+23 
2.125000e+04 2.036309e-17 2.456401e+23 
2.145833e+04 2.250822e-17 2.222399e+23 
2.166667e+04 2.481730e-17 2.015705e+23 
2.187500e+04 2.744846e-17 1.822587e+23 
2.208333e+04 3.028166e-17 1.652149e+23 
2.229167e+04 3.351174e-17 1.493007e+23 
2.250000e+04 3.699089e-17 1.352672e+23 
2.270833e+04 4.095907e-17 1.221725e+23 
2.291667e+04 4.523431e-17 1.106345e+23 
2.312500e+04 5.011194e-17 9.987614e+22 
2.333333e+04 5.536808e-17 9.040391e+22 
2.354167e+04 6.136572e-17 8.157832e+22 
2.375000e+04 6.782977e-17 7.381327e+22 
2.395833e+04 7.520567e-17 6.658402e+22 
2.416667e+04 8.315592e-17 6.022745e+22 
2.437500e+04 9.222612e-17 5.431431e+22 
2.458333e+04 1.020030e-16 4.911772e+22 
2.479167e+04 1.131535e-16 4.428752e+22 
2.500000e+04 1.251726e-16 4.004446e+22 
2.520833e+04 1.388748e-16 3.610347e+22 
2.541667e+04 1.536430e-16 3.264267e+22 
2.562500e+04 1.704724e-16 2.943010e+22 
2.583333e+04 1.886083e-16 2.660971e+22 
2.604167e+04 2.092707e-16 2.399236e+22 
2.625000e+04 2.315317e-16 2.169511e+22 
2.645833e+04 2.568978e-16 1.956288e+22 
2.666667e+04 2.842162e-16 1.769207e+22 
2.687500e+04 3.153692e-16 1.595434e+22 
2.708333e+04 3.489019e-16 1.443053e+22 
2.729167e+04 3.871987e-16 1.301318e+22 
2.750000e+04 4.283885e-16 1.177153e+22 
2.770833e+04 4.755283e-16 1.061455e+22 
2.791667e+04 5.261700e-16 9.602536e+21 
2.812500e+04 5.842493e-16 8.657927e+21 
2.833333e+04 6.465354e-16 7.833450e+21 
2.854167e+04 7.180523e-16 7.063226e+21 
2.875000e+04 7.945574e-16 6.392747e+21 
2.895833e+04 8.823194e-16 5.766835e+21 
2.916667e+04 9.758787e-16 5.223536e+21 
2.937500e+04 1.082785e-15 4.717683e+21 
2.958333e+04 1.196244e-15 4.279708e+21 
2.979167e+04 1.324952e-15 3.873685e+21 
3.000000e+04 1.460813e-15 3.522717e+21 
3.020833e+04 1.613352e-15 3.199107e+21 
3.041667e+04 1.773378e-15 2.919450e+21 
3.062500e+04 1.950759e-15 2.663078e+21 
3.083333e+04 2.135602e-15 2.441236e+21 
3.104167e+04 2.337488e-15 2.239026e+21 
3.125000e+04 2.546371e-15 2.063559e+21 
3.145833e+04 2.770779e-15 1.904528e+21 
3.166667e+04 3.001220e-15 1.765972e+21 
3.187500e+04 3.244252e-15 1.641171e+21 
3.208333e+04 3.491802e-15 1.531910e+21 
3.229167e+04 3.747366e-15 1.434256e+21 
3.250000e+04 4.005350e-15 1.348317e+21 
3.270833e+04 4.264907e-15 1.272346e+21 
3.291667e+04 4.524194e-15 1.205157e+21 
3.312500e+04 4.776577e-15 1.146764e+21 
3.333333e+04 5.025456e-15 1.094924e+21 
3.354167e+04 5.256845e-15 1.051131e+21 
3.375000e+04 5.481057e-15 1.012223e+21 
3.395833e+04 5.675147e-15 9.810251e+20 
3.416667e+04 5.858108e-15 9.535084e+20 
3.437500e+04 5.996467e-15 9.338156e+20 
3.458333e+04 6.119665e-15 9.170291e+20 
3.479167e+04 6.182379e-15 9.087416e+20 
3.500000e+04 6.226065e-15 9.030665e+20 
3.520833e+04 6.193050e-15 9.073481e+20 
3.541667e+04 6.137697e-15 9.146290e+20 
3.562500e+04 5.991582e-15 9.344952e+20 
3.583333e+04 5.821130e-15 9.589308e+20 
3.604167e+04 5.553147e-15 1.000381e+21 
3.625000e+04 5.261457e-15 1.050298e+21 
3.645833e+04 4.882169e-15 1.124124e+21 
3.666667e+04 4.484622e-15 1.214910e+21 
3.687500e+04 4.040173e-15 1.337558e+21 
3.708333e+04 3.590689e-15 1.492476e+21 
3.729167e+04 3.179730e-15 1.672453e+21 
3.750000e+04 2.789787e-15 1.892235e+21 
3.770833e+04 2.524742e-15 2.080395e+21 
3.791667e+04 2.301753e-15 2.272239e+21 
3.812500e+04 2.185135e-15 2.388168e+21 
3.833333e+04 2.093424e-15 2.488408e+21 
3.854167e+04 2.041010e-15 2.549742e+21 
3.875000e+04 1.993191e-15 2.608515e+21 
3.895833e+04 1.960823e-15 2.649923e+21 
3.916667e+04 1.931062e-15 2.689222e+21 
3.937500e+04 1.911712e-15 2.715430e+21 
3.958333e+04 1.895467e-15 2.737845e+21 
3.979167e+04 1.888079e-15 2.748167e+21 
4.000000e+04 1.883742e-15 2.754265e+21 
4.020833e+04 1.888079e-15 2.748167e+21 
4.041667e+04 1.895467e-15 2.737845e+21 
4.062500e+04 1.911712e-15 2.715430e+21 
4.083333e+04 1.931062e-15 2.689222e+21 
4.104167e+04 1.960823e-15 2.649923e+21 
4.125000e+04 1.993191e-15 2.608515e+21 
4.145833e+04 2.041010e-15 2.549742e+21 
4.166667e+04 2.093424e-15 2.488408e+21 
4.187500e+04 2.185135e-15 2.388168e+21 
4.208333e+04 2.301753e-15 2.272239e+21 
4.229167e+04 2.524742e-15 2.080395e+21 
4.250000e+04 2.789787e-15 1.892235e+21 
4.270833e+04 3.179730e-15 1.672453e+21 
4.291667e+04 3.590689e-15 1.492476e+21 
4.312500e+04 4.040173e-15 1.337558e+21 
4.333333e+04 4.484622e-15 1.214910e+21 
4.354167e+04 4.882169e-15 1.124124e+21 
4.375000e+04 5.261457e-15 1.050298e+21 
4.395833e+04 5.553147e-15 1.000381e+21 
4.416667e+04 5.821130e-15 9.589308e+20 
4.437500e+04 5.991582e-15 9.344952e+20 
4.458333e+04 6.137697e-15 9.146290e+20 
4.479167e+04 6.193050e-15 9.073481e+20 
4.500000e+04 6.226065e-15 9.030665e+20 
4.520833e+04 6.182379e-15 9.087416e+20 
4.541667e+04 6.119665e-15 9.170291e+20 
4.562500e+04 5.996467e-15 9.338156e+20 
4.583333e+04 5.858108e-15 9.535084e+20 
4.604167e+04 5.675147e-15 9.810251e+20 
4.625000e+04 5.481057e-15 1.012223e+21 
4.645833e+04 5.256845e-15 1.051131e+21 
4.666667e+04 5.025456e-15 1.094924e+21 
4.687500e+04 4.776577e-15 1.146764e+21 
4.708333e+04 4.524194e-15 1.205157e+21 
4.729167e+04 4.264907e-15 1.272346e+21 
4.750000e+04 4.005350e-15 1.348317e+21 
4.770833e+04 3.747366e-15 1.434256e+21 
4.791667e+04 3.491802e-15 1.531910e+21 
4.812500e+04 3.244252e-15 1.641171e+21 
4.833333e+04 3.001220e-15 1.765972e+21 
4.854167e+04 2.770779e-15 1.904528e+21 
4.875000e+04 2.546371e-15 2.063559e+21 
4.895833e+04 2.337488e-15 2.239026e+21 
4.916667e+04 2.135602e-15 2.441236e+21 
4.937500e+04 1.950759e-15 2.663078e+21 
4.958333e+04 1.773378e-15 2.919450e+21 
4.979167e+04 1.613352e-15 3.199107e+21 
5.000000e+04 1.460813e-15 3.522717e+21 
5.020833e+04 1.324952e-15 3.873685e+21 
5.041667e+04 1.196244e-15 4.279708e+21 
5.062500e+04 1.082785e-15 4.717683e+21 
5.083333e+04 9.758787e-16 5.223536e+21 
5.104167e+04 8.823194e-16 5.766835e+21 
5.125000e+04 7.945574e-16 6.392747e+21 
5.145833e+04 7.180523e-16 7.063226e+21 
5.166667e+04 6.465354e-16 7.833450e+21 
5.187500e+04 5.842493e-16 8.657927e+21 
5.208333e+04 5.261700e-16 9.602536e+21 
5.229167e+04 4.755283e-16 1.061455e+22 
5.250000e+04 4.283885e-16 1.177153e+22 
5.270833e+04 3.871987e-16 1.301318e+22 
5.291667e+04 3.489019e-16 1.443053e+22 
5.312500e+04 3.153692e-16 1.595434e+22 
5.333333e+04 2.842162e-16 1.769207e+22 
5.354167e+04 2.568978e-16 1.956288e+22 
5.375000e+04 2.315317e-16 2.169511e+22 
5.395833e+04 2.092707e-16 2.399236e+22 
5.416667e+04 1.886083e-16 2.660971e+22 
5.437500e+04 1.704724e-16 2.943010e+22 
5.458333e+04 1.536430e-16 3.264267e+22 
5.479167e+04 1.388748e-16 3.610347e+22 
5.500000e+04 1.251726e-16 4.004446e+22 
5.520833e+04 1.131535e-16 4.428752e+22 
5.541667e+04 1.020030e-16 4.911772e+22 
5.562500e+04 9.222612e-17 5.431431e+22 
5.583333e+04 8.315592e-17 6.022745e+22 
5.604167e+04 7.520567e-17 6.658402e+22 
5.625000e+04 6.782977e-17 7.381327e+22 
5.645833e+04 6.136572e-17 8.157832e+22 
5.666667e+04 5.536808e-17 9.040391e+22 
5.687500e+04 5.011194e-17 9.987614e+22 
5.708333e+04 4.523431e-17 1.106345e+23 
5.729167e+04 4.095907e-17 1.221725e+23 
5.750000e+04 3.699089e-17 1.352672e+23 
5.770833e+04 3.351174e-17 1.493007e+23 
5.791667e+04 3.028166e-17 1.652149e+23 
5.812500e+04 2.744846e-17 1.822587e+23 
5.833333e+04 2.481730e-17 2.015705e+23 
5.854167e+04 2.250822e-17 2.222399e+23 
5.875000e+04 2.036309e-17 2.456401e+23 
5.895833e+04 1.847942e-17 2.706698e+23 
5.916667e+04 1.672883e-17 2.989825e+23 
5.937500e+04 1.519062e-17 3.292488e+23 
5.958333e+04 1.376049e-17 3.634559e+23 
5.979167e+04 1.250299e-17 4.000022e+23 
6.000000e+04 1.133333e-17 4.412724e+23 
6.020833e+04 1.030413e-17 4.853397e+23 
6.041667e+04 9.346373e-18 5.350619e+23 
6.062500e+04 8.502996e-18 5.881248e+23 
6.083333e+04 7.717782e-18 6.479486e+23 
6.104167e+04 7.025811e-18 7.117576e+23 
6.125000e+04 6.381234e-18 7.836402e+23 
6.145833e+04 5.812749e-18 8.602732e+23 
6.166667e+04 5.282925e-18 9.465366e+23 
6.187500e+04 4.815258e-18 1.038460e+24 
6.208333e+04 4.379166e-18 1.141859e+24 
6.229167e+04 3.993896e-18 1.252003e+24 
6.250000e+04 3.634447e-18 1.375812e+24 
6.270833e+04 3.316593e-18 1.507662e+24 
6.291667e+04 3.019883e-18 1.655778e+24 
6.312500e+04 2.757251e-18 1.813489e+24 
6.333333e+04 2.511961e-18 1.990558e+24 
6.354167e+04 2.294625e-18 2.179091e+24 
6.375000e+04 2.091539e-18 2.390662e+24 
6.395833e+04 1.911417e-18 2.615944e+24 
6.416667e+04 1.743027e-18 2.868646e+24 
6.437500e+04 1.593531e-18 3.137765e+24 
6.458333e+04 1.453715e-18 3.439531e+24 
6.479167e+04 1.329469e-18 3.760975e+24 
6.500000e+04 1.213226e-18 4.121304e+24 
6.520833e+04 1.109831e-18 4.505259e+24 
6.541667e+04 1.013068e-18 4.935554e+24 
6.562500e+04 9.269131e-19 5.394312e+24 
6.583333e+04 8.462631e-19 5.908372e+24 
6.604167e+04 7.743770e-19 6.456859e+24 
6.625000e+04 7.070718e-19 7.071450e+24 
6.645833e+04 6.470381e-19 7.727566e+24 
6.666667e+04 5.908409e-19 8.462535e+24 
6.687500e+04 5.406777e-19 9.247687e+24 
6.708333e+04 4.937261e-19 1.000000e+25 
6.729167e+04 4.517094e-19 1.000000e+25 
6.750000e+04 4.123555e-19 1.000000e+25 
6.770833e+04 3.772064e-19 1.000000e+25 
6.791667e+04 3.443897e-19 1.000000e+25 
6.812500e+04 3.150880e-19 1.000000e+25 
6.833333e+04 2.878325e-19 1.000000e+25 
6.854167e+04 2.629455e-19 1.000000e+25 
6.875000e+04 2.381937e-19 1.000000e+25 
6.895833e+04 2.172538e-19 1.000000e+25 
6.916667e+04 2.040500e-19 1.000000e+25 
6.937500e+04 2.015103e-19 1.000000e+25 
6.958333e+04 1.996667e-19 1.000000e+25 
6.979167e+04 1.961891e-19 1.000000e+25 
7.000000e+04 1.925792e-19 1.000000e+25 
7.020833e+04 1.891072e-19 1.000000e+25 
7.041667e+04 1.857146e-19 1.000000e+25 
7.062500e+04 1.825347e-19 1.000000e+25 
7.083333e+04 1.794125e-19 1.000000e+25 
7.104167e+04 1.764011e-19 1.000000e+25 
7.125000e+04 1.734611e-19 1.000000e+25 
7.145833e+04 1.706493e-19 1.000000e+25 
7.166667e+04 1.679048e-19 1.000000e+25 
7.187500e+04 1.652751e-19 1.000000e+25 
7.208333e+04 1.627089e-19 1.000000e+25 
7.229167e+04 1.602511e-19 1.000000e+25 
7.250000e+04 1.578554e-19 1.000000e+25 
7.270833e+04 1.555638e-19 1.000000e+25 
7.291667e+04 1.533323e-19 1.000000e+25 
7.312500e+04 1.512002e-19 1.000000e+25 
7.333333e+04 1.491269e-19 1.000000e+25 
7.354167e+04 1.471496e-19 1.000000e+25 
7.375000e+04 1.452297e-19 1.000000e+25 
7.395833e+04 1.434026e-19 1.000000e+25 
7.416667e+04 1.416318e-19 1.000000e+25 
7.437500e+04 1.399504e-19 1.000000e+25 
7.458333e+04 1.383242e-19 1.000000e+25 
7.479167e+04 1.367842e-19 1.000000e+25 
7.500000e+04 1.352983e-19 1.000000e+25 
7.520833e+04 1.338951e-19 1.000000e+25 
7.541667e+04 1.325451e-19 1.000000e+25 
7.562500e+04 1.312745e-19 1.000000e+25 
7.583333e+04 1.300562e-19 1.000000e+25 
7.604167e+04 1.289142e-19 1.000000e+25 
7.625000e+04 1.278237e-19 1.000000e+25 
7.645833e+04 1.268067e-19 1.000000e+25 
7.666667e+04 1.258407e-19 1.000000e+25 
7.687500e+04 1.249458e-19 1.000000e+25 
7.708333e+04 1.241013e-19 1.000000e+25 
7.729167e+04 1.233260e-19 1.000000e+25 
7.750000e+04 1.226008e-19 1.000000e+25 
7.770833e+04 1.219434e-19 1.000000e+25 
7.791667e+04 1.213357e-19 1.000000e+25 
7.812500e+04 1.207947e-19 1.000000e+25 
7.833333e+04 1.203033e-19 1.000000e+25 
7.854167e+04 1.198779e-19 1.000000e+25 
7.875000e+04 1.195019e-19 1.000000e+25 
7.895833e+04 1.191913e-19 1.000000e+25 
7.916667e+04 1.189301e-19 1.000000e+25 
7.937500e+04 1.187341e-19 1.000000e+25 
7.958333e+04 1.185874e-19 1.000000e+25 
7.979167e+04 1.185056e-19 1.000000e+25 
8.000000e+04 1.184731e-19 1.000000e+25 
