0.000000e+00 1.588796e-18 1.000000e+25 
3.125000e+02 1.589725e-18 1.000000e+25 
6.250000e+02 1.591686e-18 1.000000e+25 
9.375000e+02 1.595517e-18 1.000000e+25 
1.250000e+03 1.600392e-18 1.000000e+25 
1.562500e+03 1.607172e-18 1.000000e+25 
1.875000e+03 1.615023e-18 1.000000e+25 
2.187500e+03 1.624867e-18 1.000000e+25 
2.500000e+03 1.635840e-18 1.000000e+25 
2.812500e+03 1.648935e-18 1.000000e+25 
3.125000e+03 1.663211e-18 1.000000e+25 
3.437500e+03 1.679697e-18 1.000000e+25 
3.750000e+03 1.697425e-18 1.000000e+25 
4.062500e+03 1.717567e-18 1.000000e+25 
4.375000e+03 1.739062e-18 1.000000e+25 
4.687500e+03 1.763168e-18 1.000000e+25 
5.000000e+03 1.788712e-18 1.000000e+25 
5.312500e+03 1.817088e-18 1.000000e+25 
5.625000e+03 1.847022e-18 1.000000e+25 
5.937500e+03 1.880027e-18 1.000000e+25 
6.250000e+03 1.914687e-18 1.000000e+25 
6.562500e+03 1.952487e-18 1.000000e+25 
6.875000e+03 1.992022e-18 1.000000e+25 
7.187500e+03 2.035265e-18 1.000000e+25 
7.500000e+03 2.080486e-18 1.000000e+25 
7.812500e+03 2.129442e-18 1.000000e+25 
8.125000e+03 2.180275e-18 1.000000e+25 
8.437500e+03 2.235334e-18 1.000000e+25 
8.750000e+03 2.292643e-18 1.000000e+25 
9.062500e+03 2.356163e-18 1.000000e+25 
9.375000e+03 2.423177e-18 1.000000e+25 
9.687500e+03 2.495174e-18 1.000000e+25 
1.000000e+04 2.570566e-18 1.000000e+25 
1.031250e+04 2.644661e-18 1.000000e+25 
1.062500e+04 2.718584e-18 1.000000e+25 
1.093750e+04 2.786578e-18 1.000000e+25 
1.125000e+04 2.822075e-18 1.000000e+25 
1.156250e+04 2.870640e-18 1.000000e+25 
1.187500e+04 2.941446e-18 1.000000e+25 
1.218750e+04 3.067266e-18 1.000000e+25 
1.250000e+04 3.327488e-18 1.000000e+25 
1.281250e+04 3.805382e-18 1.000000e+25 
1.312500e+04 4.392915e-18 1.000000e+25 
1.343750e+04 5.101738e-18 1.000000e+25 
1.375000e+04 5.925428e-18 1.000000e+25 
1.406250e+04 6.802225e-18 9.029294e+24 
1.437500e+04 7.775562e-18 8.073246e+24 
1.468750e+04 8.861899e-18 7.205160e+24 
1.500000e+04 1.007685e-17 6.446843e+24 
1.531250e+04 1.146684e-17 5.750719e+24 
1.562500e+04 1.302832e-17 5.139884e+24 
1.593750e+04 1.482941e-17 4.579884e+24 
1.625000e+04 1.684974e-17 4.090332e+24 
1.656250e+04 1.916457e-17 3.643304e+24 
1.687500e+04 2.175913e-17 3.252908e+24 
1.718750e+04 2.472245e-17 2.896246e+24 
1.750000e+04 2.804552e-17 2.584597e+24 
1.781250e+04 3.184496e-17 2.299531e+24 
1.812500e+04 3.611081e-17 2.050324e+24 
1.843750e+04 4.100293e-17 1.822248e+24 
1.875000e+04 4.650077e-17 1.622999e+24 
1.906250e+04 5.281745e-17 1.440711e+24 
1.937500e+04 5.992150e-17 1.281660e+24 
1.968750e+04 6.809557e-17 1.136189e+24 
2.000000e+04 7.729531e-17 1.009449e+24 
2.031250e+04 8.789684e-17 8.935517e+23 
2.062500e+04 9.983776e-17 7.927492e+23 
2.093750e+04 1.136262e-16 7.005755e+23 
2.125000e+04 1.291691e-16 6.205658e+23 
2.156250e+04 1.471651e-16 5.474015e+23 
2.187500e+04 1.674650e-16 4.840490e+23 
2.218750e+04 1.910458e-16 4.261168e+23 
2.250000e+04 2.176582e-16 3.761060e+23 
2.281250e+04 2.486907e-16 3.303908e+23 
2.312500e+04 2.837146e-16 2.910716e+23 
2.343750e+04 3.247202e-16 2.551753e+23 
2.375000e+04 3.709699e-16 2.244328e+23 
2.406250e+04 4.252986e-16 1.964442e+23 
2.437500e+04 4.864694e-16 1.725847e+23 
2.468750e+04 5.584131e-16 1.509622e+23 
2.500000e+04 6.391594e-16 1.326126e+23 
2.531250e+04 7.339161e-16 1.160833e+23 
2.562500e+04 8.397469e-16 1.021079e+23 
2.593750e+04 9.631746e-16 8.959549e+22 
2.625000e+04 1.100127e-15 7.904014e+22 
2.656250e+04 1.258340e-15 6.963143e+22 
2.687500e+04 1.432521e-15 6.169750e+22 
2.718750e+04 1.631475e-15 5.463601e+22 
2.750000e+04 1.848634e-15 4.867301e+22 
2.781250e+04 2.093766e-15 4.335949e+22 
2.812500e+04 2.358911e-15 3.886021e+22 
2.843750e+04 2.654616e-15 3.484380e+22 
2.875000e+04 2.971307e-15 3.143148e+22 
2.906250e+04 3.319584e-15 2.838867e+22 
2.937500e+04 3.688156e-15 2.579556e+22 
2.968750e+04 4.085620e-15 2.350181e+22 
3.000000e+04 4.499553e-15 2.154362e+22 
3.031250e+04 4.932519e-15 1.984466e+22 
3.062500e+04 5.373021e-15 1.839633e+22 
3.093750e+04 5.811717e-15 1.718640e+22 
3.125000e+04 6.242167e-15 1.616487e+22 
3.156250e+04 6.636466e-15 1.537615e+22 
3.187500e+04 6.999540e-15 1.473394e+22 
3.218750e+04 7.279298e-15 1.433736e+22 
3.250000e+04 7.499984e-15 1.406814e+22 
3.281250e+04 7.584108e-15 1.408435e+22 
3.312500e+04 7.583008e-15 1.424183e+22 
3.343750e+04 7.401626e-15 1.476972e+22 
3.375000e+04 7.121459e-15 1.551486e+22 
3.406250e+04 6.652075e-15 1.678750e+22 
3.437500e+04 6.096725e-15 1.848645e+22 
3.468750e+04 5.409727e-15 2.096359e+22 
3.500000e+04 4.685072e-15 2.434240e+22 
3.531250e+04 3.955011e-15 2.868134e+22 
3.562500e+04 3.256248e-15 3.471496e+22 
3.593750e+04 2.723274e-15 4.038134e+22 
3.625000e+04 2.291142e-15 4.689936e+22 
3.656250e+04 2.083281e-15 5.032833e+22 
3.687500e+04 1.980268e-15 5.176817e+22 
3.718750e+04 1.937666e-15 5.287728e+22 
3.750000e+04 1.918403e-15 5.337305e+22 
3.781250e+04 1.905846e-15 5.355786e+22 
3.812500e+04 1.888375e-15 5.390747e+22 
3.843750e+04 1.866304e-15 5.472102e+22 
3.875000e+04 1.838164e-15 5.576593e+22 
3.906250e+04 1.829607e-15 5.571047e+22 
3.937500e+04 1.830839e-15 5.536501e+22 
3.968750e+04 1.819720e-15 5.604164e+22 
4.000000e+04 1.808271e-15 5.674875e+22 
4.031250e+04 1.819720e-15 5.604164e+22 
4.062500e+04 1.830839e-15 5.536501e+22 
4.093750e+04 1.829607e-15 5.571047e+22 
4.125000e+04 1.838164e-15 5.576593e+22 
4.156250e+04 1.866304e-15 5.472102e+22 
4.187500e+04 1.888375e-15 5.390747e+22 
4.218750e+04 1.905846e-15 5.355786e+22 
4.250000e+04 1.918403e-15 5.337305e+22 
4.281250e+04 1.937666e-15 5.287728e+22 
4.312500e+04 1.980268e-15 5.176817e+22 
4.343750e+04 2.083281e-15 5.032833e+22 
4.375000e+04 2.291142e-15 4.689936e+22 
4.406250e+04 2.723274e-15 4.038134e+22 
4.437500e+04 3.256248e-15 3.471496e+22 
4.468750e+04 3.955011e-15 2.868134e+22 
4.500000e+04 4.685072e-15 2.434240e+22 
4.531250e+04 5.409727e-15 2.096359e+22 
4.562500e+04 6.096725e-15 1.848645e+22 
4.593750e+04 6.652075e-15 1.678750e+22 
4.625000e+04 7.121459e-15 1.551486e+22 
4.656250e+04 7.401626e-15 1.476972e+22 
4.687500e+04 7.583008e-15 1.424183e+22 
4.718750e+04 7.584108e-15 1.408435e+22 
4.750000e+04 7.499984e-15 1.406814e+22 
4.781250e+04 7.279298e-15 1.433736e+22 
4.812500e+04 6.999540e-15 1.473394e+22 
4.843750e+04 6.636466e-15 1.537615e+22 
4.875000e+04 6.242167e-15 1.616487e+22 
4.906250e+04 5.811717e-15 1.718640e+22 
4.937500e+04 5.373021e-15 1.839633e+22 
4.968750e+04 4.932519e-15 1.984466e+22 
5.000000e+04 4.499553e-15 2.154362e+22 
5.031250e+04 4.085620e-15 2.350181e+22 
5.062500e+04 3.688156e-15 2.579556e+22 
5.093750e+04 3.319584e-15 2.838867e+22 
5.125000e+04 2.971307e-15 3.143148e+22 
5.156250e+04 2.654616e-15 3.484380e+22 
5.187500e+04 2.358911e-15 3.886021e+22 
5.218750e+04 2.093766e-15 4.335949e+22 
5.250000e+04 1.848634e-15 4.867301e+22 
5.281250e+04 1.631475e-15 5.463601e+22 
5.312500e+04 1.432521e-15 6.169750e+22 
5.343750e+04 1.258340e-15 6.963143e+22 
5.375000e+04 1.100127e-15 7.904014e+22 
5.406250e+04 9.631746e-16 8.959549e+22 
5.437500e+04 8.397469e-16 1.021079e+23 
5.468750e+04 7.339161e-16 1.160833e+23 
5.500000e+04 6.391594e-16 1.326126e+23 
5.531250e+04 5.584131e-16 1.509622e+23 
5.562500e+04 4.864694e-16 1.725847e+23 
5.593750e+04 4.252986e-16 1.964442e+23 
5.625000e+04 3.709699e-16 2.244328e+23 
5.656250e+04 3.247202e-16 2.551753e+23 
5.687500e+04 2.837146e-16 2.910716e+23 
5.718750e+04 2.486907e-16 3.303908e+23 
5.750000e+04 2.176582e-16 3.761060e+23 
5.781250e+04 1.910458e-16 4.261168e+23 
5.812500e+04 1.674650e-16 4.840490e+23 
5.843750e+04 1.471651e-16 5.474015e+23 
5.875000e+04 1.291691e-16 6.205658e+23 
5.906250e+04 1.136262e-16 7.005755e+23 
5.937500e+04 9.983776e-17 7.927492e+23 
5.968750e+04 8.789684e-17 8.935517e+23 
6.000000e+04 7.729531e-17 1.009449e+24 
6.031250e+04 6.809557e-17 1.136189e+24 
6.062500e+04 5.992150e-17 1.281660e+24 
6.093750e+04 5.281745e-17 1.440711e+24 
6.125000e+04 4.650077e-17 1.622999e+24 
6.156250e+04 4.100293e-17 1.822248e+24 
6.187500e+04 3.611081e-17 2.050324e+24 
6.218750e+04 3.184496e-17 2.299531e+24 
6.250000e+04 2.804552e-17 2.584597e+24 
6.281250e+04 2.472245e-17 2.896246e+24 
6.312500e+04 2.175913e-17 3.252908e+24 
6.343750e+04 1.916457e-17 3.643304e+24 
6.375000e+04 1.684974e-17 4.090332e+24 
6.406250e+04 1.482941e-17 4.579884e+24 
6.437500e+04 1.302832e-17 5.139884e+24 
6.468750e+04 1.146684e-17 5.750719e+24 
6.500000e+04 1.007685e-17 6.446843e+24 
6.531250e+04 8.861899e-18 7.205160e+24 
6.562500e+04 7.775562e-18 8.073246e+24 
6.593750e+04 6.802225e-18 9.029294e+24 
6.625000e+04 5.925428e-18 1.000000e+25 
6.656250e+04 5.101738e-18 1.000000e+25 
6.687500e+04 4.392915e-18 1.000000e+25 
6.718750e+04 3.805382e-18 1.000000e+25 
6.750000e+04 3.327488e-18 1.000000e+25 
6.781250e+04 3.067266e-18 1.000000e+25 
6.812500e+04 2.941446e-18 1.000000e+25 
6.843750e+04 2.870640e-18 1.000000e+25 
6.875000e+04 2.822075e-18 1.000000e+25 
6.906250e+04 2.786578e-18 1.000000e+25 
6.937500e+04 2.718584e-18 1.000000e+25 
6.968750e+04 2.644661e-18 1.000000e+25 
7.000000e+04 2.570566e-18 1.000000e+25 
7.031250e+04 2.495174e-18 1.000000e+25 
7.062500e+04 2.423177e-18 1.000000e+25 
7.093750e+04 2.356163e-18 1.000000e+25 
7.125000e+04 2.292643e-18 1.000000e+25 
7.156250e+04 2.235334e-18 1.000000e+25 
7.187500e+04 2.180275e-18 1.000000e+25 
7.218750e+04 2.129442e-18 1.000000e+25 
7.250000e+04 2.080486e-18 1.000000e+25 
7.281250e+04 2.035265e-18 1.000000e+25 
7.312500e+04 1.992022e-18 1.000000e+25 
7.343750e+04 1.952487e-18 1.000000e+25 
7.375000e+04 1.914687e-18 1.000000e+25 
7.406250e+04 1.880027e-18 1.000000e+25 
7.437500e+04 1.847022e-18 1.000000e+25 
7.468750e+04 1.817088e-18 1.000000e+25 
7.500000e+04 1.788712e-18 1.000000e+25 
7.531250e+04 1.763168e-18 1.000000e+25 
7.562500e+04 1.739062e-18 1.000000e+25 
7.593750e+04 1.717567e-18 1.000000e+25 
7.625000e+04 1.697425e-18 1.000000e+25 
7.656250e+04 1.679697e-18 1.000000e+25 
7.687500e+04 1.663211e-18 1.000000e+25 
7.718750e+04 1.648935e-18 1.000000e+25 
7.750000e+04 1.635840e-18 1.000000e+25 
7.781250e+04 1.624867e-18 1.000000e+25 
7.812500e+04 1.615023e-18 1.000000e+25 
7.843750e+04 1.607172e-18 1.000000e+25 
7.875000e+04 1.600392e-18 1.000000e+25 
7.906250e+04 1.595517e-18 1.000000e+25 
7.937500e+04 1.591686e-18 1.000000e+25 
7.968750e+04 1.589725e-18 1.000000e+25 
8.000000e+04 1.588796e-18 1.000000e+25 
