0.000000e+00 1.629437e-18 1.000000e+25 
2.500000e+02 1.630041e-18 1.000000e+25 
5.000000e+02 1.631318e-18 1.000000e+25 
7.500000e+02 1.633812e-18 1.000000e+25 
1.000000e+03 1.636988e-18 1.000000e+25 
1.250000e+03 1.641408e-18 1.000000e+25 
1.500000e+03 1.646523e-18 1.000000e+25 
1.750000e+03 1.652917e-18 1.000000e+25 
2.000000e+03 1.660025e-18 1.000000e+25 
2.250000e+03 1.668459e-18 1.000000e+25 
2.500000e+03 1.677634e-18 1.000000e+25 
2.750000e+03 1.688192e-18 1.000000e+25 
3.000000e+03 1.699522e-18 1.000000e+25 
3.250000e+03 1.712313e-18 1.000000e+25 
3.500000e+03 1.725918e-18 1.000000e+25 
3.750000e+03 1.741067e-18 1.000000e+25 
4.000000e+03 1.757072e-18 1.000000e+25 
4.250000e+03 1.774733e-18 1.000000e+25 
4.500000e+03 1.793307e-18 1.000000e+25 
4.750000e+03 1.813657e-18 1.000000e+25 
5.000000e+03 1.834974e-18 1.000000e+25 
5.250000e+03 1.858165e-18 1.000000e+25 
5.500000e+03 1.882374e-18 1.000000e+25 
5.750000e+03 1.908575e-18 1.000000e+25 
6.000000e+03 1.935859e-18 1.000000e+25 
6.250000e+03 1.965269e-18 1.000000e+25 
6.500000e+03 1.995834e-18 1.000000e+25 
6.750000e+03 2.028700e-18 1.000000e+25 
7.000000e+03 2.062798e-18 1.000000e+25 
7.250000e+03 2.099261e-18 1.000000e+25 
7.500000e+03 2.136995e-18 1.000000e+25 
7.750000e+03 2.177262e-18 1.000000e+25 
8.000000e+03 2.218876e-18 1.000000e+25 
8.250000e+03 2.263090e-18 1.000000e+25 
8.500000e+03 2.308621e-18 1.000000e+25 
8.750000e+03 2.356959e-18 1.000000e+25 
9.000000e+03 2.406867e-18 1.000000e+25 
9.250000e+03 2.459647e-18 1.000000e+25 
9.500000e+03 2.514660e-18 1.000000e+25 
9.750000e+03 2.576011e-18 1.000000e+25 
1.000000e+04 2.639995e-18 1.000000e+25 
1.025000e+04 2.705212e-18 1.000000e+25 
1.050000e+04 2.768637e-18 1.000000e+25 
1.075000e+04 2.832323e-18 1.000000e+25 
1.100000e+04 2.891723e-18 1.000000e+25 
1.125000e+04 2.924642e-18 1.000000e+25 
1.150000e+04 2.965273e-18 1.000000e+25 
1.175000e+04 3.019611e-18 1.000000e+25 
1.200000e+04 3.106832e-18 1.000000e+25 
1.225000e+04 3.331018e-18 1.000000e+25 
1.250000e+04 3.675475e-18 1.000000e+25 
1.275000e+04 4.122680e-18 1.000000e+25 
1.300000e+04 4.645145e-18 1.000000e+25 
1.325000e+04 5.247012e-18 1.000000e+25 
1.350000e+04 5.871616e-18 1.000000e+25 
1.375000e+04 6.541989e-18 9.340355e+24 
1.400000e+04 7.269870e-18 8.544493e+24 
1.425000e+04 8.068138e-18 7.808503e+24 
1.450000e+04 8.944242e-18 7.144454e+24 
1.475000e+04 9.926348e-18 6.522904e+24 
1.500000e+04 1.100565e-17 5.962550e+24 
1.525000e+04 1.221201e-17 5.442002e+24 
1.550000e+04 1.353357e-17 4.974577e+24 
1.575000e+04 1.500295e-17 4.540207e+24 
1.600000e+04 1.661106e-17 4.150311e+24 
1.625000e+04 1.839536e-17 3.787547e+24 
1.650000e+04 2.034885e-17 3.461616e+24 
1.675000e+04 2.251924e-17 3.158131e+24 
1.700000e+04 2.489749e-17 2.885236e+24 
1.725000e+04 2.754568e-17 2.630945e+24 
1.750000e+04 3.044928e-17 2.402300e+24 
1.775000e+04 3.368545e-17 2.189250e+24 
1.800000e+04 3.723482e-17 1.997799e+24 
1.825000e+04 4.119233e-17 1.819442e+24 
1.850000e+04 4.553459e-17 1.659257e+24 
1.875000e+04 5.037982e-17 1.510033e+24 
1.900000e+04 5.569880e-17 1.376093e+24 
1.925000e+04 6.163983e-17 1.251328e+24 
1.950000e+04 6.816517e-17 1.139428e+24 
1.975000e+04 7.546172e-17 1.035206e+24 
2.000000e+04 8.348012e-17 9.418178e+23 
2.025000e+04 9.245692e-17 8.548444e+23 
2.050000e+04 1.023268e-16 7.769995e+23 
2.075000e+04 1.133910e-16 7.045056e+23 
2.100000e+04 1.255617e-16 6.397048e+23 
2.125000e+04 1.392267e-16 5.793603e+23 
2.150000e+04 1.542649e-16 5.255010e+23 
2.175000e+04 1.711812e-16 4.753480e+23 
2.200000e+04 1.898042e-16 4.306638e+23 
2.225000e+04 2.107990e-16 3.890618e+23 
2.250000e+04 2.339162e-16 3.520725e+23 
2.275000e+04 2.600408e-16 3.176513e+23 
2.300000e+04 2.888037e-16 2.871199e+23 
2.325000e+04 3.213868e-16 2.587367e+23 
2.350000e+04 3.572425e-16 2.336289e+23 
2.375000e+04 3.979430e-16 2.103282e+23 
2.400000e+04 4.426831e-16 1.897764e+23 
2.425000e+04 4.935257e-16 1.707531e+23 
2.450000e+04 5.493137e-16 1.540234e+23 
2.475000e+04 6.126898e-16 1.385902e+23 
2.500000e+04 6.820461e-16 1.250549e+23 
2.525000e+04 7.606617e-16 1.126161e+23 
2.550000e+04 8.463912e-16 1.017313e+23 
2.575000e+04 9.431582e-16 9.176516e+22 
2.600000e+04 1.048222e-15 8.305692e+22 
2.625000e+04 1.166110e-15 7.510682e+22 
2.650000e+04 1.293463e-15 6.816378e+22 
2.675000e+04 1.435344e-15 6.183573e+22 
2.700000e+04 1.587775e-15 5.630669e+22 
2.725000e+04 1.756278e-15 5.126892e+22 
2.750000e+04 1.936261e-15 4.686136e+22 
2.775000e+04 2.133628e-15 4.284272e+22 
2.800000e+04 2.343161e-15 3.931990e+22 
2.825000e+04 2.571025e-15 3.610553e+22 
2.850000e+04 2.811356e-15 3.328137e+22 
2.875000e+04 3.070315e-15 3.070571e+22 
2.900000e+04 3.341418e-15 2.843773e+22 
2.925000e+04 3.630246e-15 2.637606e+22 
2.950000e+04 3.929903e-15 2.455753e+22 
2.975000e+04 4.244325e-15 2.291719e+22 
3.000000e+04 4.566770e-15 2.146931e+22 
3.025000e+04 4.897889e-15 2.018185e+22 
3.050000e+04 5.232187e-15 1.904698e+22 
3.075000e+04 5.564908e-15 1.806225e+22 
3.100000e+04 5.893506e-15 1.719915e+22 
3.125000e+04 6.205468e-15 1.648205e+22 
3.150000e+04 6.503471e-15 1.586364e+22 
3.175000e+04 6.765055e-15 1.539366e+22 
3.200000e+04 7.000783e-15 1.500759e+22 
3.225000e+04 7.176778e-15 1.478092e+22 
3.250000e+04 7.314186e-15 1.463320e+22 
3.275000e+04 7.367814e-15 1.466779e+22 
3.300000e+04 7.371457e-15 1.479036e+22 
3.325000e+04 7.271448e-15 1.513557e+22 
3.350000e+04 7.114534e-15 1.560064e+22 
3.375000e+04 6.845405e-15 1.635448e+22 
3.400000e+04 6.520650e-15 1.730088e+22 
3.425000e+04 6.094385e-15 1.863829e+22 
3.450000e+04 5.625027e-15 2.031632e+22 
3.475000e+04 5.091471e-15 2.251445e+22 
3.500000e+04 4.540208e-15 2.531947e+22 
3.525000e+04 3.988590e-15 2.870090e+22 
3.550000e+04 3.453023e-15 3.304295e+22 
3.575000e+04 2.998684e-15 3.739700e+22 
3.600000e+04 2.597984e-15 4.253004e+22 
3.625000e+04 2.342586e-15 4.603899e+22 
3.650000e+04 2.161493e-15 4.881884e+22 
3.675000e+04 2.079749e-15 5.029524e+22 
3.700000e+04 2.043590e-15 5.077046e+22 
3.725000e+04 2.018497e-15 5.138403e+22 
3.750000e+04 1.996333e-15 5.193536e+22 
3.775000e+04 1.976709e-15 5.243017e+22 
3.800000e+04 1.951990e-15 5.309310e+22 
3.825000e+04 1.931757e-15 5.358626e+22 
3.850000e+04 1.914946e-15 5.400405e+22 
3.875000e+04 1.900295e-15 5.446972e+22 
3.900000e+04 1.885992e-15 5.493557e+22 
3.925000e+04 1.875831e-15 5.516583e+22 
3.950000e+04 1.868187e-15 5.533313e+22 
3.975000e+04 1.863410e-15 5.554193e+22 
4.000000e+04 1.860738e-15 5.569495e+22 
4.025000e+04 1.863410e-15 5.554193e+22 
4.050000e+04 1.868187e-15 5.533313e+22 
4.075000e+04 1.875831e-15 5.516583e+22 
4.100000e+04 1.885992e-15 5.493557e+22 
4.125000e+04 1.900295e-15 5.446972e+22 
4.150000e+04 1.914946e-15 5.400405e+22 
4.175000e+04 1.931757e-15 5.358626e+22 
4.200000e+04 1.951990e-15 5.309310e+22 
4.225000e+04 1.976709e-15 5.243017e+22 
4.250000e+04 1.996333e-15 5.193536e+22 
4.275000e+04 2.018497e-15 5.138403e+22 
4.300000e+04 2.043590e-15 5.077046e+22 
4.325000e+04 2.079749e-15 5.029524e+22 
4.350000e+04 2.161493e-15 4.881884e+22 
4.375000e+04 2.342586e-15 4.603899e+22 
4.400000e+04 2.597984e-15 4.253004e+22 
4.425000e+04 2.998684e-15 3.739700e+22 
4.450000e+04 3.453023e-15 3.304295e+22 
4.475000e+04 3.988590e-15 2.870090e+22 
4.500000e+04 4.540208e-15 2.531947e+22 
4.525000e+04 5.091471e-15 2.251445e+22 
4.550000e+04 5.625027e-15 2.031632e+22 
4.575000e+04 6.094385e-15 1.863829e+22 
4.600000e+04 6.520650e-15 1.730088e+22 
4.625000e+04 6.845405e-15 1.635448e+22 
4.650000e+04 7.114534e-15 1.560064e+22 
4.675000e+04 7.271448e-15 1.513557e+22 
4.700000e+04 7.371457e-15 1.479036e+22 
4.725000e+04 7.367814e-15 1.466779e+22 
4.750000e+04 7.314186e-15 1.463320e+22 
4.775000e+04 7.176778e-15 1.478092e+22 
4.800000e+04 7.000783e-15 1.500759e+22 
4.825000e+04 6.765055e-15 1.539366e+22 
4.850000e+04 6.503471e-15 1.586364e+22 
4.875000e+04 6.205468e-15 1.648205e+22 
4.900000e+04 5.893506e-15 1.719915e+22 
4.925000e+04 5.564908e-15 1.806225e+22 
4.950000e+04 5.232187e-15 1.904698e+22 
4.975000e+04 4.897889e-15 2.018185e+22 
5.000000e+04 4.566770e-15 2.146931e+22 
5.025000e+04 4.244325e-15 2.291719e+22 
5.050000e+04 3.929903e-15 2.455753e+22 
5.075000e+04 3.630246e-15 2.637606e+22 
5.100000e+04 3.341418e-15 2.843773e+22 
5.125000e+04 3.070315e-15 3.070571e+22 
5.150000e+04 2.811356e-15 3.328137e+22 
5.175000e+04 2.571025e-15 3.610553e+22 
5.200000e+04 2.343161e-15 3.931990e+22 
5.225000e+04 2.133628e-15 4.284272e+22 
5.250000e+04 1.936261e-15 4.686136e+22 
5.275000e+04 1.756278e-15 5.126892e+22 
5.300000e+04 1.587775e-15 5.630669e+22 
5.325000e+04 1.435344e-15 6.183573e+22 
5.350000e+04 1.293463e-15 6.816378e+22 
5.375000e+04 1.166110e-15 7.510682e+22 
5.400000e+04 1.048222e-15 8.305692e+22 
5.425000e+04 9.431582e-16 9.176516e+22 
5.450000e+04 8.463912e-16 1.017313e+23 
5.475000e+04 7.606617e-16 1.126161e+23 
5.500000e+04 6.820461e-16 1.250549e+23 
5.525000e+04 6.126898e-16 1.385902e+23 
5.550000e+04 5.493137e-16 1.540234e+23 
5.575000e+04 4.935257e-16 1.707531e+23 
5.600000e+04 4.426831e-16 1.897764e+23 
5.625000e+04 3.979430e-16 2.103282e+23 
5.650000e+04 3.572425e-16 2.336289e+23 
5.675000e+04 3.213868e-16 2.587367e+23 
5.700000e+04 2.888037e-16 2.871199e+23 
5.725000e+04 2.600408e-16 3.176513e+23 
5.750000e+04 2.339162e-16 3.520725e+23 
5.775000e+04 2.107990e-16 3.890618e+23 
5.800000e+04 1.898042e-16 4.306638e+23 
5.825000e+04 1.711812e-16 4.753480e+23 
5.850000e+04 1.542649e-16 5.255010e+23 
5.875000e+04 1.392267e-16 5.793603e+23 
5.900000e+04 1.255617e-16 6.397048e+23 
5.925000e+04 1.133910e-16 7.045056e+23 
5.950000e+04 1.023268e-16 7.769995e+23 
5.975000e+04 9.245692e-17 8.548444e+23 
6.000000e+04 8.348012e-17 9.418178e+23 
6.025000e+04 7.546172e-17 1.035206e+24 
6.050000e+04 6.816517e-17 1.139428e+24 
6.075000e+04 6.163983e-17 1.251328e+24 
6.100000e+04 5.569880e-17 1.376093e+24 
6.125000e+04 5.037982e-17 1.510033e+24 
6.150000e+04 4.553459e-17 1.659257e+24 
6.175000e+04 4.119233e-17 1.819442e+24 
6.200000e+04 3.723482e-17 1.997799e+24 
6.225000e+04 3.368545e-17 2.189250e+24 
6.250000e+04 3.044928e-17 2.402300e+24 
6.275000e+04 2.754568e-17 2.630945e+24 
6.300000e+04 2.489749e-17 2.885236e+24 
6.325000e+04 2.251924e-17 3.158131e+24 
6.350000e+04 2.034885e-17 3.461616e+24 
6.375000e+04 1.839536e-17 3.787547e+24 
6.400000e+04 1.661106e-17 4.150311e+24 
6.425000e+04 1.500295e-17 4.540207e+24 
6.450000e+04 1.353357e-17 4.974577e+24 
6.475000e+04 1.221201e-17 5.442002e+24 
6.500000e+04 1.100565e-17 5.962550e+24 
6.525000e+04 9.926348e-18 6.522904e+24 
6.550000e+04 8.944242e-18 7.144454e+24 
6.575000e+04 8.068138e-18 7.808503e+24 
6.600000e+04 7.269870e-18 8.544493e+24 
6.625000e+04 6.541989e-18 9.340355e+24 
6.650000e+04 5.871616e-18 1.000000e+25 
6.675000e+04 5.247012e-18 1.000000e+25 
6.700000e+04 4.645145e-18 1.000000e+25 
6.725000e+04 4.122680e-18 1.000000e+25 
6.750000e+04 3.675475e-18 1.000000e+25 
6.775000e+04 3.331018e-18 1.000000e+25 
6.800000e+04 3.106832e-18 1.000000e+25 
6.825000e+04 3.019611e-18 1.000000e+25 
6.850000e+04 2.965273e-18 1.000000e+25 
6.875000e+04 2.924642e-18 1.000000e+25 
6.900000e+04 2.891723e-18 1.000000e+25 
6.925000e+04 2.832323e-18 1.000000e+25 
6.950000e+04 2.768637e-18 1.000000e+25 
6.975000e+04 2.705212e-18 1.000000e+25 
7.000000e+04 2.639995e-18 1.000000e+25 
7.025000e+04 2.576011e-18 1.000000e+25 
7.050000e+04 2.514660e-18 1.000000e+25 
7.075000e+04 2.459647e-18 1.000000e+25 
7.100000e+04 2.406867e-18 1.000000e+25 
7.125000e+04 2.356959e-18 1.000000e+25 
7.150000e+04 2.308621e-18 1.000000e+25 
7.175000e+04 2.263090e-18 1.000000e+25 
7.200000e+04 2.218876e-18 1.000000e+25 
7.225000e+04 2.177262e-18 1.000000e+25 
7.250000e+04 2.136995e-18 1.000000e+25 
7.275000e+04 2.099261e-18 1.000000e+25 
7.300000e+04 2.062798e-18 1.000000e+25 
7.325000e+04 2.028700e-18 1.000000e+25 
7.350000e+04 1.995834e-18 1.000000e+25 
7.375000e+04 1.965269e-18 1.000000e+25 
7.400000e+04 1.935859e-18 1.000000e+25 
7.425000e+04 1.908575e-18 1.000000e+25 
7.450000e+04 1.882374e-18 1.000000e+25 
7.475000e+04 1.858165e-18 1.000000e+25 
7.500000e+04 1.834974e-18 1.000000e+25 
7.525000e+04 1.813657e-18 1.000000e+25 
7.550000e+04 1.793307e-18 1.000000e+25 
7.575000e+04 1.774733e-18 1.000000e+25 
7.600000e+04 1.757072e-18 1.000000e+25 
7.625000e+04 1.741067e-18 1.000000e+25 
7.650000e+04 1.725918e-18 1.000000e+25 
7.675000e+04 1.712313e-18 1.000000e+25 
7.700000e+04 1.699522e-18 1.000000e+25 
7.725000e+04 1.688192e-18 1.000000e+25 
7.750000e+04 1.677634e-18 1.000000e+25 
7.775000e+04 1.668459e-18 1.000000e+25 
7.800000e+04 1.660025e-18 1.000000e+25 
7.825000e+04 1.652917e-18 1.000000e+25 
7.850000e+04 1.646523e-18 1.000000e+25 
7.875000e+04 1.641408e-18 1.000000e+25 
7.900000e+04 1.636988e-18 1.000000e+25 
7.925000e+04 1.633812e-18 1.000000e+25 
7.950000e+04 1.631318e-18 1.000000e+25 
7.975000e+04 1.630041e-18 1.000000e+25 
8.000000e+04 1.629437e-18 1.000000e+25 
