0.000000e+00 9.193457e-19 5.438655e+24 
1.562500e+02 9.225793e-19 5.419597e+24 
3.125000e+02 9.285102e-19 5.384976e+24 
4.687500e+02 9.408726e-19 5.314224e+24 
6.250000e+02 9.558769e-19 5.230804e+24 
7.812500e+02 9.772126e-19 5.116602e+24 
9.375000e+02 1.001094e-18 4.994542e+24 
1.093750e+03 1.031159e-18 4.848921e+24 
1.250000e+03 1.063655e-18 4.700777e+24 
1.406250e+03 1.102164e-18 4.536538e+24 
1.562500e+03 1.142995e-18 4.374479e+24 
1.718750e+03 1.189668e-18 4.202862e+24 
1.875000e+03 1.238577e-18 4.036897e+24 
2.031250e+03 1.293183e-18 3.866437e+24 
2.187500e+03 1.349971e-18 3.703790e+24 
2.343750e+03 1.412347e-18 3.540214e+24 
2.500000e+03 1.476884e-18 3.385512e+24 
2.656250e+03 1.546936e-18 3.232203e+24 
2.812500e+03 1.619157e-18 3.088034e+24 
2.968750e+03 1.696843e-18 2.946656e+24 
3.125000e+03 1.776728e-18 2.814170e+24 
3.281250e+03 1.862045e-18 2.685228e+24 
3.437500e+03 1.949608e-18 2.564626e+24 
3.593750e+03 2.042584e-18 2.447887e+24 
3.750000e+03 2.137870e-18 2.338784e+24 
3.906250e+03 2.238570e-18 2.233577e+24 
4.062500e+03 2.341661e-18 2.135244e+24 
4.218750e+03 2.450199e-18 2.040659e+24 
4.375000e+03 2.561228e-18 1.952197e+24 
4.531250e+03 2.677782e-18 1.867226e+24 
4.687500e+03 2.796946e-18 1.787673e+24 
4.843750e+03 2.921765e-18 1.711303e+24 
5.000000e+03 3.049334e-18 1.639710e+24 
5.156250e+03 3.182747e-18 1.570979e+24 
5.312500e+03 3.319072e-18 1.506454e+24 
5.468750e+03 3.461484e-18 1.444476e+24 
5.625000e+03 3.606991e-18 1.386206e+24 
5.781250e+03 3.758886e-18 1.330190e+24 
5.937500e+03 3.914079e-18 1.277448e+24 
6.093750e+03 4.076014e-18 1.226697e+24 
6.250000e+03 4.241472e-18 1.178845e+24 
6.406250e+03 4.414075e-18 1.132749e+24 
6.562500e+03 4.590445e-18 1.089228e+24 
6.718750e+03 4.774415e-18 1.047258e+24 
6.875000e+03 4.962419e-18 1.007582e+24 
7.031250e+03 5.158523e-18 9.692787e+23 
7.187500e+03 5.358954e-18 9.330270e+23 
7.343750e+03 5.568034e-18 8.979922e+23 
7.500000e+03 5.781757e-18 8.647982e+23 
7.656250e+03 6.004731e-18 8.326860e+23 
7.812500e+03 6.232690e-18 8.022310e+23 
7.968750e+03 6.470556e-18 7.727403e+23 
8.125000e+03 6.713781e-18 7.447461e+23 
8.281250e+03 6.967625e-18 7.176139e+23 
8.437500e+03 7.227233e-18 6.918370e+23 
8.593750e+03 7.498234e-18 6.668330e+23 
8.750000e+03 7.775440e-18 6.430598e+23 
8.906250e+03 8.064881e-18 6.199813e+23 
9.062500e+03 8.361003e-18 5.980237e+23 
9.218750e+03 8.670277e-18 5.766923e+23 
9.375000e+03 8.986751e-18 5.563841e+23 
9.531250e+03 9.317369e-18 5.366416e+23 
9.687500e+03 9.655752e-18 5.178355e+23 
9.843750e+03 1.000936e-17 4.995420e+23 
1.000000e+04 1.037134e-17 4.821071e+23 
1.015625e+04 1.074973e-17 4.651376e+23 
1.031250e+04 1.113716e-17 4.489572e+23 
1.046875e+04 1.154226e-17 4.332004e+23 
1.062500e+04 1.195713e-17 4.181702e+23 
1.078125e+04 1.239106e-17 4.035264e+23 
1.093750e+04 1.283555e-17 3.895527e+23 
1.109375e+04 1.330061e-17 3.759323e+23 
1.125000e+04 1.377709e-17 3.629310e+23 
1.140625e+04 1.427578e-17 3.502533e+23 
1.156250e+04 1.478682e-17 3.381486e+23 
1.171875e+04 1.532187e-17 3.263407e+23 
1.187500e+04 1.587029e-17 3.150638e+23 
1.203125e+04 1.644465e-17 3.040599e+23 
1.218750e+04 1.703352e-17 2.935486e+23 
1.234375e+04 1.765045e-17 2.832887e+23 
1.250000e+04 1.828309e-17 2.734865e+23 
1.265625e+04 1.894611e-17 2.639161e+23 
1.281250e+04 1.962618e-17 2.547714e+23 
1.296875e+04 2.033917e-17 2.458408e+23 
1.312500e+04 2.107066e-17 2.373066e+23 
1.328125e+04 2.183782e-17 2.289704e+23 
1.343750e+04 2.262508e-17 2.210035e+23 
1.359375e+04 2.345104e-17 2.132200e+23 
1.375000e+04 2.429884e-17 2.057809e+23 
1.390625e+04 2.518865e-17 1.985119e+23 
1.406250e+04 2.610222e-17 1.915644e+23 
1.421875e+04 2.706143e-17 1.847747e+23 
1.437500e+04 2.804648e-17 1.782853e+23 
1.453125e+04 2.908115e-17 1.719425e+23 
1.468750e+04 3.014398e-17 1.658804e+23 
1.484375e+04 3.126078e-17 1.599547e+23 
1.500000e+04 3.240826e-17 1.542915e+23 
1.515625e+04 3.361450e-17 1.487552e+23 
1.531250e+04 3.485421e-17 1.434645e+23 
1.546875e+04 3.615793e-17 1.382921e+23 
1.562500e+04 3.749818e-17 1.333497e+23 
1.578125e+04 3.890820e-17 1.285175e+23 
1.593750e+04 4.035812e-17 1.239007e+23 
1.609375e+04 4.188415e-17 1.193868e+23 
1.625000e+04 4.345379e-17 1.150746e+23 
1.640625e+04 4.510651e-17 1.108586e+23 
1.656250e+04 4.680691e-17 1.068317e+23 
1.671875e+04 4.859806e-17 1.028947e+23 
1.687500e+04 5.044137e-17 9.913488e+22 
1.703125e+04 5.238385e-17 9.545917e+22 
1.718750e+04 5.438345e-17 9.194964e+22 
1.734375e+04 5.649147e-17 8.851886e+22 
1.750000e+04 5.866205e-17 8.524390e+22 
1.765625e+04 6.095123e-17 8.204273e+22 
1.781250e+04 6.330896e-17 7.898769e+22 
1.796875e+04 6.579646e-17 7.600185e+22 
1.812500e+04 6.835913e-17 7.315305e+22 
1.828125e+04 7.106384e-17 7.036920e+22 
1.843750e+04 7.385099e-17 6.771384e+22 
1.859375e+04 7.679364e-17 6.511950e+22 
1.875000e+04 7.982673e-17 6.264560e+22 
1.890625e+04 8.303011e-17 6.022906e+22 
1.906250e+04 8.633272e-17 5.792541e+22 
1.921875e+04 8.982180e-17 5.567572e+22 
1.937500e+04 9.341981e-17 5.353179e+22 
1.953125e+04 9.722199e-17 5.143865e+22 
1.968750e+04 1.011437e-16 4.944454e+22 
1.984375e+04 1.052890e-16 4.749829e+22 
2.000000e+04 1.095656e-16 4.564472e+22 
2.015625e+04 1.140868e-16 4.383624e+22 
2.031250e+04 1.187522e-16 4.211445e+22 
2.046875e+04 1.236852e-16 4.043518e+22 
2.062500e+04 1.287765e-16 3.883693e+22 
2.078125e+04 1.341604e-16 3.727880e+22 
2.093750e+04 1.397181e-16 3.579631e+22 
2.109375e+04 1.455956e-16 3.435168e+22 
2.125000e+04 1.516639e-16 3.297761e+22 
2.140625e+04 1.580812e-16 3.163929e+22 
2.156250e+04 1.647080e-16 3.036672e+22 
2.171875e+04 1.717156e-16 2.912789e+22 
2.187500e+04 1.789530e-16 2.795027e+22 
2.203125e+04 1.866052e-16 2.680451e+22 
2.218750e+04 1.945097e-16 2.571564e+22 
2.234375e+04 2.028654e-16 2.465687e+22 
2.250000e+04 2.114978e-16 2.365089e+22 
2.265625e+04 2.206205e-16 2.267333e+22 
2.281250e+04 2.300466e-16 2.174470e+22 
2.296875e+04 2.400046e-16 2.084292e+22 
2.312500e+04 2.502952e-16 1.998639e+22 
2.328125e+04 2.611618e-16 1.915520e+22 
2.343750e+04 2.723930e-16 1.836581e+22 
2.359375e+04 2.842471e-16 1.760031e+22 
2.375000e+04 2.965006e-16 1.687335e+22 
2.390625e+04 3.094268e-16 1.616890e+22 
2.406250e+04 3.227904e-16 1.549991e+22 
2.421875e+04 3.368797e-16 1.485208e+22 
2.437500e+04 3.514479e-16 1.423685e+22 
2.453125e+04 3.667986e-16 1.364145e+22 
2.468750e+04 3.826737e-16 1.307595e+22 
2.484375e+04 3.993928e-16 1.252899e+22 
2.500000e+04 4.166863e-16 1.200942e+22 
2.515625e+04 4.348915e-16 1.150711e+22 
2.531250e+04 4.537261e-16 1.102985e+22 
2.546875e+04 4.735487e-16 1.056857e+22 
2.562500e+04 4.940615e-16 1.013019e+22 
2.578125e+04 5.156507e-16 9.706479e+21 
2.593750e+04 5.379976e-16 9.303712e+21 
2.609375e+04 5.615257e-16 8.914303e+21 
2.625000e+04 5.858875e-16 8.544054e+21 
2.640625e+04 6.115579e-16 8.185834e+21 
2.656250e+04 6.381473e-16 7.845174e+21 
2.671875e+04 6.662032e-16 7.515210e+21 
2.687500e+04 6.952749e-16 7.201393e+21 
2.703125e+04 7.260105e-16 6.896947e+21 
2.718750e+04 7.578717e-16 6.607416e+21 
2.734375e+04 7.916431e-16 6.325972e+21 
2.750000e+04 8.266651e-16 6.058392e+21 
2.765625e+04 8.639021e-16 5.797688e+21 
2.781250e+04 9.025308e-16 5.549971e+21 
2.796875e+04 9.437444e-16 5.308040e+21 
2.812500e+04 9.865077e-16 5.078379e+21 
2.828125e+04 1.032293e-15 4.853580e+21 
2.843750e+04 1.079802e-15 4.640474e+21 
2.859375e+04 1.130833e-15 4.431514e+21 
2.875000e+04 1.183772e-15 4.233782e+21 
2.890625e+04 1.240782e-15 4.039712e+21 
2.906250e+04 1.299889e-15 3.856477e+21 
2.921875e+04 1.363640e-15 3.676652e+21 
2.937500e+04 1.429672e-15 3.507302e+21 
2.953125e+04 1.500907e-15 3.341315e+21 
2.968750e+04 1.574589e-15 3.185429e+21 
2.984375e+04 1.653977e-15 3.033014e+21 
3.000000e+04 1.735944e-15 2.890275e+21 
3.015625e+04 1.824013e-15 2.751206e+21 
3.031250e+04 1.914744e-15 2.621312e+21 
3.046875e+04 2.011818e-15 2.495312e+21 
3.062500e+04 2.111571e-15 2.377903e+21 
3.078125e+04 2.217702e-15 2.264584e+21 
3.093750e+04 2.326453e-15 2.159192e+21 
3.109375e+04 2.441373e-15 2.058026e+21 
3.125000e+04 2.558761e-15 1.964069e+21 
3.140625e+04 2.681832e-15 1.874395e+21 
3.156250e+04 2.807122e-15 1.791182e+21 
3.171875e+04 2.937308e-15 1.712238e+21 
3.187500e+04 3.069354e-15 1.639006e+21 
3.203125e+04 3.205187e-15 1.569970e+21 
3.218750e+04 3.342413e-15 1.505924e+21 
3.234375e+04 3.481979e-15 1.445964e+21 
3.250000e+04 3.622356e-15 1.390316e+21 
3.265625e+04 3.763264e-15 1.338633e+21 
3.281250e+04 3.904290e-15 1.290641e+21 
3.296875e+04 4.043650e-15 1.246506e+21 
3.312500e+04 4.182325e-15 1.205506e+21 
3.328125e+04 4.316711e-15 1.168288e+21 
3.343750e+04 4.449505e-15 1.133719e+21 
3.359375e+04 4.574920e-15 1.102914e+21 
3.375000e+04 4.697737e-15 1.074341e+21 
3.390625e+04 4.809578e-15 1.049591e+21 
3.406250e+04 4.917737e-15 1.026727e+21 
3.421875e+04 5.010792e-15 1.007845e+21 
3.437500e+04 5.099027e-15 9.905782e+20 
3.453125e+04 5.167542e-15 9.775772e+20 
3.468750e+04 5.230085e-15 9.660065e+20 
3.484375e+04 5.267935e-15 9.591376e+20 
3.500000e+04 5.298716e-15 9.536239e+20 
3.515625e+04 5.299768e-15 9.534367e+20 
3.531250e+04 5.292800e-15 9.546788e+20 
3.546875e+04 5.251501e-15 9.621079e+20 
3.562500e+04 5.201504e-15 9.712596e+20 
3.578125e+04 5.113759e-15 9.877534e+20 
3.593750e+04 5.017067e-15 1.006597e+21 
3.609375e+04 4.881391e-15 1.034297e+21 
3.625000e+04 4.737126e-15 1.065491e+21 
3.640625e+04 4.556027e-15 1.107446e+21 
3.656250e+04 4.367499e-15 1.154819e+21 
3.671875e+04 4.148959e-15 1.215120e+21 
3.687500e+04 3.925179e-15 1.283826e+21 
3.703125e+04 3.684053e-15 1.367200e+21 
3.718750e+04 3.441197e-15 1.462981e+21 
3.734375e+04 3.200113e-15 1.572444e+21 
3.750000e+04 2.962474e-15 1.697777e+21 
3.765625e+04 2.750844e-15 1.827624e+21 
3.781250e+04 2.549354e-15 1.971280e+21 
3.796875e+04 2.396472e-15 2.096401e+21 
3.812500e+04 2.259596e-15 2.222785e+21 
3.828125e+04 2.177817e-15 2.305876e+21 
3.843750e+04 2.112128e-15 2.377280e+21 
3.859375e+04 2.084840e-15 2.408263e+21 
3.875000e+04 2.067187e-15 2.428744e+21 
3.890625e+04 2.064755e-15 2.431593e+21 
3.906250e+04 2.065070e-15 2.431223e+21 
3.921875e+04 2.067996e-15 2.427797e+21 
3.937500e+04 2.070515e-15 2.424855e+21 
3.953125e+04 2.072931e-15 2.422041e+21 
3.968750e+04 2.074354e-15 2.420386e+21 
3.984375e+04 2.075092e-15 2.419529e+21 
4.000000e+04 2.075833e-15 2.418670e+21 
4.015625e+04 2.075092e-15 2.419529e+21 
4.031250e+04 2.074354e-15 2.420386e+21 
4.046875e+04 2.072931e-15 2.422041e+21 
4.062500e+04 2.070515e-15 2.424855e+21 
4.078125e+04 2.067996e-15 2.427797e+21 
4.093750e+04 2.065070e-15 2.431223e+21 
4.109375e+04 2.064755e-15 2.431593e+21 
4.125000e+04 2.067187e-15 2.428744e+21 
4.140625e+04 2.084840e-15 2.408263e+21 
4.156250e+04 2.112128e-15 2.377280e+21 
4.171875e+04 2.177817e-15 2.305876e+21 
4.187500e+04 2.259596e-15 2.222785e+21 
4.203125e+04 2.396472e-15 2.096401e+21 
4.218750e+04 2.549354e-15 1.971280e+21 
4.234375e+04 2.750844e-15 1.827624e+21 
4.250000e+04 2.962474e-15 1.697777e+21 
4.265625e+04 3.200113e-15 1.572444e+21 
4.281250e+04 3.441197e-15 1.462981e+21 
4.296875e+04 3.684053e-15 1.367200e+21 
4.312500e+04 3.925179e-15 1.283826e+21 
4.328125e+04 4.148959e-15 1.215120e+21 
4.343750e+04 4.367499e-15 1.154819e+21 
4.359375e+04 4.556027e-15 1.107446e+21 
4.375000e+04 4.737126e-15 1.065491e+21 
4.390625e+04 4.881391e-15 1.034297e+21 
4.406250e+04 5.017067e-15 1.006597e+21 
4.421875e+04 5.113759e-15 9.877534e+20 
4.437500e+04 5.201504e-15 9.712596e+20 
4.453125e+04 5.251501e-15 9.621079e+20 
4.468750e+04 5.292800e-15 9.546788e+20 
4.484375e+04 5.299768e-15 9.534367e+20 
4.500000e+04 5.298716e-15 9.536239e+20 
4.515625e+04 5.267935e-15 9.591376e+20 
4.531250e+04 5.230085e-15 9.660065e+20 
4.546875e+04 5.167542e-15 9.775772e+20 
4.562500e+04 5.099027e-15 9.905782e+20 
4.578125e+04 5.010792e-15 1.007845e+21 
4.593750e+04 4.917737e-15 1.026727e+21 
4.609375e+04 4.809578e-15 1.049591e+21 
4.625000e+04 4.697737e-15 1.074341e+21 
4.640625e+04 4.574920e-15 1.102914e+21 
4.656250e+04 4.449505e-15 1.133719e+21 
4.671875e+04 4.316711e-15 1.168288e+21 
4.687500e+04 4.182325e-15 1.205506e+21 
4.703125e+04 4.043650e-15 1.246506e+21 
4.718750e+04 3.904290e-15 1.290641e+21 
4.734375e+04 3.763264e-15 1.338633e+21 
4.750000e+04 3.622356e-15 1.390316e+21 
4.765625e+04 3.481979e-15 1.445964e+21 
4.781250e+04 3.342413e-15 1.505924e+21 
4.796875e+04 3.205187e-15 1.569970e+21 
4.812500e+04 3.069354e-15 1.639006e+21 
4.828125e+04 2.937308e-15 1.712238e+21 
4.843750e+04 2.807122e-15 1.791182e+21 
4.859375e+04 2.681832e-15 1.874395e+21 
4.875000e+04 2.558761e-15 1.964069e+21 
4.890625e+04 2.441373e-15 2.058026e+21 
4.906250e+04 2.326453e-15 2.159192e+21 
4.921875e+04 2.217702e-15 2.264584e+21 
4.937500e+04 2.111571e-15 2.377903e+21 
4.953125e+04 2.011818e-15 2.495312e+21 
4.968750e+04 1.914744e-15 2.621312e+21 
4.984375e+04 1.824013e-15 2.751206e+21 
5.000000e+04 1.735944e-15 2.890275e+21 
5.015625e+04 1.653977e-15 3.033014e+21 
5.031250e+04 1.574589e-15 3.185429e+21 
5.046875e+04 1.500907e-15 3.341315e+21 
5.062500e+04 1.429672e-15 3.507302e+21 
5.078125e+04 1.363640e-15 3.676652e+21 
5.093750e+04 1.299889e-15 3.856477e+21 
5.109375e+04 1.240782e-15 4.039712e+21 
5.125000e+04 1.183772e-15 4.233782e+21 
5.140625e+04 1.130833e-15 4.431514e+21 
5.156250e+04 1.079802e-15 4.640474e+21 
5.171875e+04 1.032293e-15 4.853580e+21 
5.187500e+04 9.865077e-16 5.078379e+21 
5.203125e+04 9.437444e-16 5.308040e+21 
5.218750e+04 9.025308e-16 5.549971e+21 
5.234375e+04 8.639021e-16 5.797688e+21 
5.250000e+04 8.266651e-16 6.058392e+21 
5.265625e+04 7.916431e-16 6.325972e+21 
5.281250e+04 7.578717e-16 6.607416e+21 
5.296875e+04 7.260105e-16 6.896947e+21 
5.312500e+04 6.952749e-16 7.201393e+21 
5.328125e+04 6.662032e-16 7.515210e+21 
5.343750e+04 6.381473e-16 7.845174e+21 
5.359375e+04 6.115579e-16 8.185834e+21 
5.375000e+04 5.858875e-16 8.544054e+21 
5.390625e+04 5.615257e-16 8.914303e+21 
5.406250e+04 5.379976e-16 9.303712e+21 
5.421875e+04 5.156507e-16 9.706479e+21 
5.437500e+04 4.940615e-16 1.013019e+22 
5.453125e+04 4.735487e-16 1.056857e+22 
5.468750e+04 4.537261e-16 1.102985e+22 
5.484375e+04 4.348915e-16 1.150711e+22 
5.500000e+04 4.166863e-16 1.200942e+22 
5.515625e+04 3.993928e-16 1.252899e+22 
5.531250e+04 3.826737e-16 1.307595e+22 
5.546875e+04 3.667986e-16 1.364145e+22 
5.562500e+04 3.514479e-16 1.423685e+22 
5.578125e+04 3.368797e-16 1.485208e+22 
5.593750e+04 3.227904e-16 1.549991e+22 
5.609375e+04 3.094268e-16 1.616890e+22 
5.625000e+04 2.965006e-16 1.687335e+22 
5.640625e+04 2.842471e-16 1.760031e+22 
5.656250e+04 2.723930e-16 1.836581e+22 
5.671875e+04 2.611618e-16 1.915520e+22 
5.687500e+04 2.502952e-16 1.998639e+22 
5.703125e+04 2.400046e-16 2.084292e+22 
5.718750e+04 2.300466e-16 2.174470e+22 
5.734375e+04 2.206205e-16 2.267333e+22 
5.750000e+04 2.114978e-16 2.365089e+22 
5.765625e+04 2.028654e-16 2.465687e+22 
5.781250e+04 1.945097e-16 2.571564e+22 
5.796875e+04 1.866052e-16 2.680451e+22 
5.812500e+04 1.789530e-16 2.795027e+22 
5.828125e+04 1.717156e-16 2.912789e+22 
5.843750e+04 1.647080e-16 3.036672e+22 
5.859375e+04 1.580812e-16 3.163929e+22 
5.875000e+04 1.516639e-16 3.297761e+22 
5.890625e+04 1.455956e-16 3.435168e+22 
5.906250e+04 1.397181e-16 3.579631e+22 
5.921875e+04 1.341604e-16 3.727880e+22 
5.937500e+04 1.287765e-16 3.883693e+22 
5.953125e+04 1.236852e-16 4.043518e+22 
5.968750e+04 1.187522e-16 4.211445e+22 
5.984375e+04 1.140868e-16 4.383624e+22 
6.000000e+04 1.095656e-16 4.564472e+22 
6.015625e+04 1.052890e-16 4.749829e+22 
6.031250e+04 1.011437e-16 4.944454e+22 
6.046875e+04 9.722199e-17 5.143865e+22 
6.062500e+04 9.341981e-17 5.353179e+22 
6.078125e+04 8.982180e-17 5.567572e+22 
6.093750e+04 8.633272e-17 5.792541e+22 
6.109375e+04 8.303011e-17 6.022906e+22 
6.125000e+04 7.982673e-17 6.264560e+22 
6.140625e+04 7.679364e-17 6.511950e+22 
6.156250e+04 7.385099e-17 6.771384e+22 
6.171875e+04 7.106384e-17 7.036920e+22 
6.187500e+04 6.835913e-17 7.315305e+22 
6.203125e+04 6.579646e-17 7.600185e+22 
6.218750e+04 6.330896e-17 7.898769e+22 
6.234375e+04 6.095123e-17 8.204273e+22 
6.250000e+04 5.866205e-17 8.524390e+22 
6.265625e+04 5.649147e-17 8.851886e+22 
6.281250e+04 5.438345e-17 9.194964e+22 
6.296875e+04 5.238385e-17 9.545917e+22 
6.312500e+04 5.044137e-17 9.913488e+22 
6.328125e+04 4.859806e-17 1.028947e+23 
6.343750e+04 4.680691e-17 1.068317e+23 
6.359375e+04 4.510651e-17 1.108586e+23 
6.375000e+04 4.345379e-17 1.150746e+23 
6.390625e+04 4.188415e-17 1.193868e+23 
6.406250e+04 4.035812e-17 1.239007e+23 
6.421875e+04 3.890820e-17 1.285175e+23 
6.437500e+04 3.749818e-17 1.333497e+23 
6.453125e+04 3.615793e-17 1.382921e+23 
6.468750e+04 3.485421e-17 1.434645e+23 
6.484375e+04 3.361450e-17 1.487552e+23 
6.500000e+04 3.240826e-17 1.542915e+23 
6.515625e+04 3.126078e-17 1.599547e+23 
6.531250e+04 3.014398e-17 1.658804e+23 
6.546875e+04 2.908115e-17 1.719425e+23 
6.562500e+04 2.804648e-17 1.782853e+23 
6.578125e+04 2.706143e-17 1.847747e+23 
6.593750e+04 2.610222e-17 1.915644e+23 
6.609375e+04 2.518865e-17 1.985119e+23 
6.625000e+04 2.429884e-17 2.057809e+23 
6.640625e+04 2.345104e-17 2.132200e+23 
6.656250e+04 2.262508e-17 2.210035e+23 
6.671875e+04 2.183782e-17 2.289704e+23 
6.687500e+04 2.107066e-17 2.373066e+23 
6.703125e+04 2.033917e-17 2.458408e+23 
6.718750e+04 1.962618e-17 2.547714e+23 
6.734375e+04 1.894611e-17 2.639161e+23 
6.750000e+04 1.828309e-17 2.734865e+23 
6.765625e+04 1.765045e-17 2.832887e+23 
6.781250e+04 1.703352e-17 2.935486e+23 
6.796875e+04 1.644465e-17 3.040599e+23 
6.812500e+04 1.587029e-17 3.150638e+23 
6.828125e+04 1.532187e-17 3.263407e+23 
6.843750e+04 1.478682e-17 3.381486e+23 
6.859375e+04 1.427578e-17 3.502533e+23 
6.875000e+04 1.377709e-17 3.629310e+23 
6.890625e+04 1.330061e-17 3.759323e+23 
6.906250e+04 1.283555e-17 3.895527e+23 
6.921875e+04 1.239106e-17 4.035264e+23 
6.937500e+04 1.195713e-17 4.181702e+23 
6.953125e+04 1.154226e-17 4.332004e+23 
6.968750e+04 1.113716e-17 4.489572e+23 
6.984375e+04 1.074973e-17 4.651376e+23 
7.000000e+04 1.037134e-17 4.821071e+23 
7.015625e+04 1.000936e-17 4.995420e+23 
7.031250e+04 9.655752e-18 5.178355e+23 
7.046875e+04 9.317369e-18 5.366416e+23 
7.062500e+04 8.986751e-18 5.563841e+23 
7.078125e+04 8.670277e-18 5.766923e+23 
7.093750e+04 8.361003e-18 5.980237e+23 
7.109375e+04 8.064881e-18 6.199813e+23 
7.125000e+04 7.775440e-18 6.430598e+23 
7.140625e+04 7.498234e-18 6.668330e+23 
7.156250e+04 7.227233e-18 6.918370e+23 
7.171875e+04 6.967625e-18 7.176139e+23 
7.187500e+04 6.713781e-18 7.447461e+23 
7.203125e+04 6.470556e-18 7.727403e+23 
7.218750e+04 6.232690e-18 8.022310e+23 
7.234375e+04 6.004731e-18 8.326860e+23 
7.250000e+04 5.781757e-18 8.647982e+23 
7.265625e+04 5.568034e-18 8.979922e+23 
7.281250e+04 5.358954e-18 9.330270e+23 
7.296875e+04 5.158523e-18 9.692787e+23 
7.312500e+04 4.962419e-18 1.007582e+24 
7.328125e+04 4.774415e-18 1.047258e+24 
7.343750e+04 4.590445e-18 1.089228e+24 
7.359375e+04 4.414075e-18 1.132749e+24 
7.375000e+04 4.241472e-18 1.178845e+24 
7.390625e+04 4.076014e-18 1.226697e+24 
7.406250e+04 3.914079e-18 1.277448e+24 
7.421875e+04 3.758886e-18 1.330190e+24 
7.437500e+04 3.606991e-18 1.386206e+24 
7.453125e+04 3.461484e-18 1.444476e+24 
7.468750e+04 3.319072e-18 1.506454e+24 
7.484375e+04 3.182747e-18 1.570979e+24 
7.500000e+04 3.049334e-18 1.639710e+24 
7.515625e+04 2.921765e-18 1.711303e+24 
7.531250e+04 2.796946e-18 1.787673e+24 
7.546875e+04 2.677782e-18 1.867226e+24 
7.562500e+04 2.561228e-18 1.952197e+24 
7.578125e+04 2.450199e-18 2.040659e+24 
7.593750e+04 2.341661e-18 2.135244e+24 
7.609375e+04 2.238570e-18 2.233577e+24 
7.625000e+04 2.137870e-18 2.338784e+24 
7.640625e+04 2.042584e-18 2.447887e+24 
7.656250e+04 1.949608e-18 2.564626e+24 
7.671875e+04 1.862045e-18 2.685228e+24 
7.687500e+04 1.776728e-18 2.814170e+24 
7.703125e+04 1.696843e-18 2.946656e+24 
7.718750e+04 1.619157e-18 3.088034e+24 
7.734375e+04 1.546936e-18 3.232203e+24 
7.750000e+04 1.476884e-18 3.385512e+24 
7.765625e+04 1.412347e-18 3.540214e+24 
7.781250e+04 1.349971e-18 3.703790e+24 
7.796875e+04 1.293183e-18 3.866437e+24 
7.812500e+04 1.238577e-18 4.036897e+24 
7.828125e+04 1.189668e-18 4.202862e+24 
7.843750e+04 1.142995e-18 4.374479e+24 
7.859375e+04 1.102164e-18 4.536538e+24 
7.875000e+04 1.063655e-18 4.700777e+24 
7.890625e+04 1.031159e-18 4.848921e+24 
7.906250e+04 1.001094e-18 4.994542e+24 
7.921875e+04 9.772126e-19 5.116602e+24 
7.937500e+04 9.558769e-19 5.230804e+24 
7.953125e+04 9.408726e-19 5.314224e+24 
7.968750e+04 9.285102e-19 5.384976e+24 
7.984375e+04 9.225793e-19 5.419597e+24 
8.000000e+04 9.193457e-19 5.438655e+24 
