0.000000e+00 1.575589e-18 1.000000e+25 
4.166667e+02 1.577174e-18 1.000000e+25 
8.333333e+02 1.580547e-18 1.000000e+25 
1.250000e+03 1.587195e-18 1.000000e+25 
1.666667e+03 1.595714e-18 1.000000e+25 
2.083333e+03 1.607757e-18 1.000000e+25 
2.500000e+03 1.621795e-18 1.000000e+25 
2.916667e+03 1.639564e-18 1.000000e+25 
3.333333e+03 1.659401e-18 1.000000e+25 
3.750000e+03 1.683103e-18 1.000000e+25 
4.166667e+03 1.709040e-18 1.000000e+25 
4.583333e+03 1.739557e-18 1.000000e+25 
5.000000e+03 1.772690e-18 1.000000e+25 
5.416667e+03 1.811089e-18 1.000000e+25 
5.833333e+03 1.852319e-18 1.000000e+25 
6.250000e+03 1.898798e-18 1.000000e+25 
6.666667e+03 1.948045e-18 1.000000e+25 
7.083333e+03 2.003274e-18 1.000000e+25 
7.500000e+03 2.061731e-18 1.000000e+25 
7.916667e+03 2.127739e-18 1.000000e+25 
8.333333e+03 2.198512e-18 1.000000e+25 
8.750000e+03 2.278226e-18 1.000000e+25 
9.166667e+03 2.362069e-18 1.000000e+25 
9.583333e+03 2.447977e-18 1.000000e+25 
1.000000e+04 2.534592e-18 1.000000e+25 
1.041667e+04 2.625443e-18 1.000000e+25 
1.083333e+04 2.675996e-18 1.000000e+25 
1.125000e+04 2.734108e-18 1.000000e+25 
1.166667e+04 2.819494e-18 1.000000e+25 
1.208333e+04 2.952785e-18 1.000000e+25 
1.250000e+04 3.228323e-18 1.000000e+25 
1.291667e+04 3.800172e-18 1.000000e+25 
1.333333e+04 4.568855e-18 1.000000e+25 
1.375000e+04 5.547596e-18 1.000000e+25 
1.416667e+04 6.761130e-18 9.106654e+24 
1.458333e+04 8.131025e-18 7.777897e+24 
1.500000e+04 9.690704e-18 6.704645e+24 
1.541667e+04 1.152082e-17 5.752554e+24 
1.583333e+04 1.364815e-17 4.956843e+24 
1.625000e+04 1.620055e-17 4.245930e+24 
1.666667e+04 1.917556e-17 3.651205e+24 
1.708333e+04 2.274801e-17 3.124493e+24 
1.750000e+04 2.690928e-17 2.684781e+24 
1.791667e+04 3.191111e-17 2.294773e+24 
1.833333e+04 3.774570e-17 1.969356e+24 
1.875000e+04 4.475593e-17 1.680322e+24 
1.916667e+04 5.294262e-17 1.439496e+24 
1.958333e+04 6.279970e-17 1.225546e+24 
2.000000e+04 7.433170e-17 1.047561e+24 
2.041667e+04 8.827449e-17 8.894703e+23 
2.083333e+04 1.046109e-16 7.583459e+23 
2.125000e+04 1.244458e-16 6.418974e+23 
2.166667e+04 1.477185e-16 5.456878e+23 
2.208333e+04 1.761310e-16 4.602227e+23 
2.250000e+04 2.095044e-16 3.899727e+23 
2.291667e+04 2.505214e-16 3.275875e+23 
2.333333e+04 2.987179e-16 2.766398e+23 
2.375000e+04 3.583938e-16 2.315088e+23 
2.416667e+04 4.284295e-16 1.949375e+23 
2.458333e+04 5.155604e-16 1.627570e+23 
2.500000e+04 6.173955e-16 1.368933e+23 
2.541667e+04 7.437842e-16 1.143816e+23 
2.583333e+04 8.902945e-16 9.641200e+22 
2.625000e+04 1.070015e-15 8.094420e+22 
2.666667e+04 1.275811e-15 6.863940e+22 
2.708333e+04 1.523655e-15 5.810632e+22 
2.750000e+04 1.803304e-15 4.971860e+22 
2.791667e+04 2.133308e-15 4.252573e+22 
2.833333e+04 2.499871e-15 3.677044e+22 
2.875000e+04 2.923440e-15 3.181877e+22 
2.916667e+04 3.385779e-15 2.783134e+22 
2.958333e+04 3.905255e-15 2.442405e+22 
3.000000e+04 4.458773e-15 2.166672e+22 
3.041667e+04 5.051115e-15 1.937891e+22 
3.083333e+04 5.657677e-15 1.753038e+22 
3.125000e+04 6.250001e-15 1.610320e+22 
3.166667e+04 6.813589e-15 1.497792e+22 
3.208333e+04 7.265599e-15 1.427526e+22 
3.250000e+04 7.623554e-15 1.380445e+22 
3.291667e+04 7.737490e-15 1.384025e+22 
3.333333e+04 7.687061e-15 1.414090e+22 
3.375000e+04 7.283414e-15 1.517746e+22 
3.416667e+04 6.691265e-15 1.675412e+22 
3.458333e+04 5.799176e-15 1.955121e+22 
3.500000e+04 4.808964e-15 2.381352e+22 
3.541667e+04 3.802225e-15 2.984395e+22 
3.583333e+04 2.878380e-15 3.920316e+22 
3.625000e+04 2.290840e-15 4.709100e+22 
3.666667e+04 1.902206e-15 5.453419e+22 
3.708333e+04 1.825005e-15 5.594437e+22 
3.750000e+04 1.871715e-15 5.377973e+22 
3.791667e+04 1.854289e-15 5.482701e+22 
3.833333e+04 1.769793e-15 5.805671e+22 
3.875000e+04 1.786397e-15 5.668953e+22 
3.916667e+04 1.842073e-15 5.422084e+22 
3.958333e+04 1.787741e-15 5.678607e+22 
4.000000e+04 1.723499e-15 5.987445e+22 
4.041667e+04 1.787741e-15 5.678607e+22 
4.083333e+04 1.842073e-15 5.422084e+22 
4.125000e+04 1.786397e-15 5.668953e+22 
4.166667e+04 1.769793e-15 5.805671e+22 
4.208333e+04 1.854289e-15 5.482701e+22 
4.250000e+04 1.871715e-15 5.377973e+22 
4.291667e+04 1.825005e-15 5.594437e+22 
4.333333e+04 1.902206e-15 5.453419e+22 
4.375000e+04 2.290840e-15 4.709100e+22 
4.416667e+04 2.878380e-15 3.920316e+22 
4.458333e+04 3.802225e-15 2.984395e+22 
4.500000e+04 4.808964e-15 2.381352e+22 
4.541667e+04 5.799176e-15 1.955121e+22 
4.583333e+04 6.691265e-15 1.675412e+22 
4.625000e+04 7.283414e-15 1.517746e+22 
4.666667e+04 7.687061e-15 1.414090e+22 
4.708333e+04 7.737490e-15 1.384025e+22 
4.750000e+04 7.623554e-15 1.380445e+22 
4.791667e+04 7.265599e-15 1.427526e+22 
4.833333e+04 6.813589e-15 1.497792e+22 
4.875000e+04 6.250001e-15 1.610320e+22 
4.916667e+04 5.657677e-15 1.753038e+22 
4.958333e+04 5.051115e-15 1.937891e+22 
5.000000e+04 4.458773e-15 2.166672e+22 
5.041667e+04 3.905255e-15 2.442405e+22 
5.083333e+04 3.385779e-15 2.783134e+22 
5.125000e+04 2.923440e-15 3.181877e+22 
5.166667e+04 2.499871e-15 3.677044e+22 
5.208333e+04 2.133308e-15 4.252573e+22 
5.250000e+04 1.803304e-15 4.971860e+22 
5.291667e+04 1.523655e-15 5.810632e+22 
5.333333e+04 1.275811e-15 6.863940e+22 
5.375000e+04 1.070015e-15 8.094420e+22 
5.416667e+04 8.902945e-16 9.641200e+22 
5.458333e+04 7.437842e-16 1.143816e+23 
5.500000e+04 6.173955e-16 1.368933e+23 
5.541667e+04 5.155604e-16 1.627570e+23 
5.583333e+04 4.284295e-16 1.949375e+23 
5.625000e+04 3.583938e-16 2.315088e+23 
5.666667e+04 2.987179e-16 2.766398e+23 
5.708333e+04 2.505214e-16 3.275875e+23 
5.750000e+04 2.095044e-16 3.899727e+23 
5.791667e+04 1.761310e-16 4.602227e+23 
5.833333e+04 1.477185e-16 5.456878e+23 
5.875000e+04 1.244458e-16 6.418974e+23 
5.916667e+04 1.046109e-16 7.583459e+23 
5.958333e+04 8.827449e-17 8.894703e+23 
6.000000e+04 7.433170e-17 1.047561e+24 
6.041667e+04 6.279970e-17 1.225546e+24 
6.083333e+04 5.294262e-17 1.439496e+24 
6.125000e+04 4.475593e-17 1.680322e+24 
6.166667e+04 3.774570e-17 1.969356e+24 
6.208333e+04 3.191111e-17 2.294773e+24 
6.250000e+04 2.690928e-17 2.684781e+24 
6.291667e+04 2.274801e-17 3.124493e+24 
6.333333e+04 1.917556e-17 3.651205e+24 
6.375000e+04 1.620055e-17 4.245930e+24 
6.416667e+04 1.364815e-17 4.956843e+24 
6.458333e+04 1.152082e-17 5.752554e+24 
6.500000e+04 9.690704e-18 6.704645e+24 
6.541667e+04 8.131025e-18 7.777897e+24 
6.583333e+04 6.761130e-18 9.106654e+24 
6.625000e+04 5.547596e-18 1.000000e+25 
6.666667e+04 4.568855e-18 1.000000e+25 
6.708333e+04 3.800172e-18 1.000000e+25 
6.750000e+04 3.228323e-18 1.000000e+25 
6.791667e+04 2.952785e-18 1.000000e+25 
6.833333e+04 2.819494e-18 1.000000e+25 
6.875000e+04 2.734108e-18 1.000000e+25 
6.916667e+04 2.675996e-18 1.000000e+25 
6.958333e+04 2.625443e-18 1.000000e+25 
7.000000e+04 2.534592e-18 1.000000e+25 
7.041667e+04 2.447977e-18 1.000000e+25 
7.083333e+04 2.362069e-18 1.000000e+25 
7.125000e+04 2.278226e-18 1.000000e+25 
7.166667e+04 2.198512e-18 1.000000e+25 
7.208333e+04 2.127739e-18 1.000000e+25 
7.250000e+04 2.061731e-18 1.000000e+25 
7.291667e+04 2.003274e-18 1.000000e+25 
7.333333e+04 1.948045e-18 1.000000e+25 
7.375000e+04 1.898798e-18 1.000000e+25 
7.416667e+04 1.852319e-18 1.000000e+25 
7.458333e+04 1.811089e-18 1.000000e+25 
7.500000e+04 1.772690e-18 1.000000e+25 
7.541667e+04 1.739557e-18 1.000000e+25 
7.583333e+04 1.709040e-18 1.000000e+25 
7.625000e+04 1.683103e-18 1.000000e+25 
7.666667e+04 1.659401e-18 1.000000e+25 
7.708333e+04 1.639564e-18 1.000000e+25 
7.750000e+04 1.621795e-18 1.000000e+25 
7.791667e+04 1.607757e-18 1.000000e+25 
7.833333e+04 1.595714e-18 1.000000e+25 
7.875000e+04 1.587195e-18 1.000000e+25 
7.916667e+04 1.580547e-18 1.000000e+25 
7.958333e+04 1.577174e-18 1.000000e+25 
8.000000e+04 1.575589e-18 1.000000e+25 
