0.000000e+00 1.186162e-18 1.000000e+25 
6.250000e+02 1.189596e-18 1.000000e+25 
1.250000e+03 1.196846e-18 1.000000e+25 
1.875000e+03 1.210931e-18 1.000000e+25 
2.500000e+03 1.228767e-18 1.000000e+25 
3.125000e+03 1.253354e-18 1.000000e+25 
3.750000e+03 1.281583e-18 1.000000e+25 
4.375000e+03 1.316475e-18 1.000000e+25 
5.000000e+03 1.354897e-18 1.000000e+25 
5.625000e+03 1.399952e-18 1.000000e+25 
6.250000e+03 1.448464e-18 1.000000e+25 
6.875000e+03 1.503725e-18 1.000000e+25 
7.500000e+03 1.562454e-18 1.000000e+25 
8.125000e+03 1.628287e-18 1.000000e+25 
8.750000e+03 1.697728e-18 1.000000e+25 
9.375000e+03 1.774864e-18 1.000000e+25 
1.000000e+04 1.855860e-18 1.000000e+25 
1.062500e+04 1.945126e-18 1.000000e+25 
1.125000e+04 2.038536e-18 1.000000e+25 
1.187500e+04 2.140725e-18 1.000000e+25 
1.250000e+04 2.247475e-18 1.000000e+25 
1.312500e+04 2.363700e-18 1.000000e+25 
1.375000e+04 2.485199e-18 1.000000e+25 
1.437500e+04 2.618513e-18 1.000000e+25 
1.500000e+04 2.758750e-18 1.000000e+25 
1.562500e+04 2.912118e-18 1.000000e+25 
1.625000e+04 3.073045e-18 1.000000e+25 
1.687500e+04 3.249117e-18 1.000000e+25 
1.750000e+04 3.435423e-18 1.000000e+25 
1.812500e+04 3.639502e-18 1.000000e+25 
1.875000e+04 3.855943e-18 1.000000e+25 
1.937500e+04 4.088782e-18 1.000000e+25 
2.000000e+04 4.334694e-18 1.000000e+25 
2.062500e+04 4.586480e-18 1.000000e+25 
2.125000e+04 4.850033e-18 1.000000e+25 
2.187500e+04 5.180411e-18 1.000000e+25 
2.250000e+04 5.552751e-18 1.000000e+25 
2.312500e+04 5.920437e-18 1.000000e+25 
2.375000e+04 6.233433e-18 1.000000e+25 
2.437500e+04 6.677602e-18 1.000000e+25 
2.500000e+04 7.566363e-18 9.371996e+24 
2.562500e+04 9.050386e-18 8.266505e+24 
2.625000e+04 1.027354e-17 7.660362e+24 
2.687500e+04 1.261845e-17 6.684885e+24 
2.750000e+04 1.496357e-17 5.960277e+24 
2.812500e+04 3.880139e-17 2.453764e+24 
2.875000e+04 5.656708e-17 1.678803e+24 
2.937500e+04 2.427972e-16 3.984064e+23 
3.000000e+04 4.937611e-16 1.957319e+23 
3.062500e+04 1.628829e-15 6.039719e+22 
3.125000e+04 3.783331e-15 2.706006e+22 
3.187500e+04 9.151783e-15 1.119606e+22 
3.250000e+04 1.638985e-14 6.277002e+21 
3.312500e+04 2.046778e-14 5.105799e+21 
3.375000e+04 1.867362e-14 5.610441e+21 
3.437500e+04 1.076802e-14 9.970943e+21 
3.500000e+04 4.016312e-15 2.730408e+22 
3.562500e+04 1.620853e-15 6.519266e+22 
3.625000e+04 3.944975e-16 2.636985e+23 
3.687500e+04 1.958606e-16 5.547623e+23 
3.750000e+04 2.225131e-17 4.619828e+24 
3.812500e+04 1.117831e-16 8.830978e+23 
3.875000e+04 1.934594e-16 4.873507e+23 
3.937500e+04 1.943351e-16 5.352487e+23 
4.000000e+04 1.666675e-16 6.879602e+23 
4.062500e+04 1.943351e-16 5.352487e+23 
4.125000e+04 1.934594e-16 4.873507e+23 
4.187500e+04 1.117831e-16 8.830978e+23 
4.250000e+04 2.225131e-17 4.619828e+24 
4.312500e+04 1.958606e-16 5.547623e+23 
4.375000e+04 3.944975e-16 2.636985e+23 
4.437500e+04 1.620853e-15 6.519266e+22 
4.500000e+04 4.016312e-15 2.730408e+22 
4.562500e+04 1.076802e-14 9.970943e+21 
4.625000e+04 1.867362e-14 5.610441e+21 
4.687500e+04 2.046778e-14 5.105799e+21 
4.750000e+04 1.638985e-14 6.277002e+21 
4.812500e+04 9.151783e-15 1.119606e+22 
4.875000e+04 3.783331e-15 2.706006e+22 
4.937500e+04 1.628829e-15 6.039719e+22 
5.000000e+04 4.937611e-16 1.957319e+23 
5.062500e+04 2.427972e-16 3.984064e+23 
5.125000e+04 5.656708e-17 1.678803e+24 
5.187500e+04 3.880139e-17 2.453764e+24 
5.250000e+04 1.496357e-17 5.960277e+24 
5.312500e+04 1.261845e-17 6.684885e+24 
5.375000e+04 1.027354e-17 7.660362e+24 
5.437500e+04 9.050386e-18 8.266505e+24 
5.500000e+04 7.566363e-18 9.371996e+24 
5.562500e+04 6.677602e-18 1.000000e+25 
5.625000e+04 6.233433e-18 1.000000e+25 
5.687500e+04 5.920437e-18 1.000000e+25 
5.750000e+04 5.552751e-18 1.000000e+25 
5.812500e+04 5.180411e-18 1.000000e+25 
5.875000e+04 4.850033e-18 1.000000e+25 
5.937500e+04 4.586480e-18 1.000000e+25 
6.000000e+04 4.334694e-18 1.000000e+25 
6.062500e+04 4.088782e-18 1.000000e+25 
6.125000e+04 3.855943e-18 1.000000e+25 
6.187500e+04 3.639502e-18 1.000000e+25 
6.250000e+04 3.435423e-18 1.000000e+25 
6.312500e+04 3.249117e-18 1.000000e+25 
6.375000e+04 3.073045e-18 1.000000e+25 
6.437500e+04 2.912118e-18 1.000000e+25 
6.500000e+04 2.758750e-18 1.000000e+25 
6.562500e+04 2.618513e-18 1.000000e+25 
6.625000e+04 2.485199e-18 1.000000e+25 
6.687500e+04 2.363700e-18 1.000000e+25 
6.750000e+04 2.247475e-18 1.000000e+25 
6.812500e+04 2.140725e-18 1.000000e+25 
6.875000e+04 2.038536e-18 1.000000e+25 
6.937500e+04 1.945126e-18 1.000000e+25 
7.000000e+04 1.855860e-18 1.000000e+25 
7.062500e+04 1.774864e-18 1.000000e+25 
7.125000e+04 1.697728e-18 1.000000e+25 
7.187500e+04 1.628287e-18 1.000000e+25 
7.250000e+04 1.562454e-18 1.000000e+25 
7.312500e+04 1.503725e-18 1.000000e+25 
7.375000e+04 1.448464e-18 1.000000e+25 
7.437500e+04 1.399952e-18 1.000000e+25 
7.500000e+04 1.354897e-18 1.000000e+25 
7.562500e+04 1.316475e-18 1.000000e+25 
7.625000e+04 1.281583e-18 1.000000e+25 
7.687500e+04 1.253354e-18 1.000000e+25 
7.750000e+04 1.228767e-18 1.000000e+25 
7.812500e+04 1.210931e-18 1.000000e+25 
7.875000e+04 1.196846e-18 1.000000e+25 
7.937500e+04 1.189596e-18 1.000000e+25 
8.000000e+04 1.186162e-18 1.000000e+25 
