0.000000e+00 8.581008e-19 1.000000e+25 
4.166667e+02 8.596380e-19 1.000000e+25 
8.333333e+02 8.624643e-19 1.000000e+25 
1.250000e+03 8.683659e-19 1.000000e+25 
1.666667e+03 8.755448e-19 1.000000e+25 
2.083333e+03 8.857988e-19 1.000000e+25 
2.500000e+03 8.973064e-19 1.000000e+25 
2.916667e+03 9.118759e-19 1.000000e+25 
3.333333e+03 9.276636e-19 1.000000e+25 
3.750000e+03 9.464726e-19 1.000000e+25 
4.166667e+03 9.664522e-19 1.000000e+25 
4.583333e+03 9.893596e-19 1.000000e+25 
5.000000e+03 1.013377e-18 1.000000e+25 
5.416667e+03 1.040159e-18 1.000000e+25 
5.833333e+03 1.067980e-18 1.000000e+25 
6.250000e+03 1.098329e-18 1.000000e+25 
6.666667e+03 1.129645e-18 1.000000e+25 
7.083333e+03 1.163194e-18 1.000000e+25 
7.500000e+03 1.197650e-18 1.000000e+25 
7.916667e+03 1.234018e-18 1.000000e+25 
8.333333e+03 1.271272e-18 1.000000e+25 
8.750000e+03 1.310192e-18 1.000000e+25 
9.166667e+03 1.350058e-18 1.000000e+25 
9.583333e+03 1.391484e-18 1.000000e+25 
1.000000e+04 1.434010e-18 1.000000e+25 
1.041667e+04 1.478201e-18 1.000000e+25 
1.083333e+04 1.523730e-18 1.000000e+25 
1.125000e+04 1.571265e-18 1.000000e+25 
1.166667e+04 1.620446e-18 1.000000e+25 
1.208333e+04 1.672609e-18 1.000000e+25 
1.250000e+04 1.727238e-18 1.000000e+25 
1.291667e+04 1.787503e-18 1.000000e+25 
1.333333e+04 1.851977e-18 1.000000e+25 
1.375000e+04 1.923234e-18 1.000000e+25 
1.416667e+04 1.998357e-18 1.000000e+25 
1.458333e+04 2.077859e-18 1.000000e+25 
1.500000e+04 2.159449e-18 1.000000e+25 
1.541667e+04 2.250744e-18 1.000000e+25 
1.583333e+04 2.351932e-18 1.000000e+25 
1.625000e+04 2.467113e-18 1.000000e+25 
1.666667e+04 2.548010e-18 1.000000e+25 
1.708333e+04 2.629842e-18 1.000000e+25 
1.750000e+04 2.793344e-18 1.000000e+25 
1.791667e+04 3.474825e-18 1.000000e+25 
1.833333e+04 4.461135e-18 1.000000e+25 
1.875000e+04 5.889183e-18 9.386628e+24 
1.916667e+04 7.518967e-18 7.420539e+24 
1.958333e+04 9.623490e-18 5.851093e+24 
2.000000e+04 1.209556e-17 4.696697e+24 
2.041667e+04 1.540609e-17 3.720540e+24 
2.083333e+04 1.927925e-17 2.998865e+24 
2.125000e+04 2.446435e-17 2.384692e+24 
2.166667e+04 3.052852e-17 1.927750e+24 
2.208333e+04 3.862209e-17 1.536711e+24 
2.250000e+04 4.807895e-17 1.244595e+24 
2.291667e+04 6.070036e-17 9.933987e+23 
2.333333e+04 7.542887e-17 8.053849e+23 
2.375000e+04 9.513014e-17 6.430917e+23 
2.416667e+04 1.180699e-16 5.216820e+23 
2.458333e+04 1.488356e-16 4.165590e+23 
2.500000e+04 1.845388e-16 3.381030e+23 
2.541667e+04 2.325272e-16 2.700541e+23 
2.583333e+04 2.879682e-16 2.194296e+23 
2.625000e+04 3.623920e-16 1.755876e+23 
2.666667e+04 4.478493e-16 1.430578e+23 
2.708333e+04 5.615350e-16 1.150391e+23 
2.750000e+04 6.909823e-16 9.424980e+22 
2.791667e+04 8.600213e-16 7.647130e+22 
2.833333e+04 1.050340e-15 6.322498e+22 
2.875000e+04 1.292318e-15 5.196543e+22 
2.916667e+04 1.560833e-15 4.350560e+22 
2.958333e+04 1.890836e-15 3.635455e+22 
3.000000e+04 2.250303e-15 3.091960e+22 
3.041667e+04 2.672462e-15 2.637803e+22 
3.083333e+04 3.120977e-15 2.288162e+22 
3.125000e+04 3.612243e-15 2.004866e+22 
3.166667e+04 4.115038e-15 1.784421e+22 
3.208333e+04 4.602211e-15 1.619726e+22 
3.250000e+04 5.069168e-15 1.492434e+22 
3.291667e+04 5.412642e-15 1.420230e+22 
3.333333e+04 5.689841e-15 1.372286e+22 
3.375000e+04 5.707773e-15 1.390136e+22 
3.416667e+04 5.619926e-15 1.434131e+22 
3.458333e+04 5.216128e-15 1.566677e+22 
3.500000e+04 4.722631e-15 1.753960e+22 
3.541667e+04 4.051279e-15 2.059458e+22 
3.583333e+04 3.365713e-15 2.496779e+22 
3.625000e+04 2.809982e-15 2.958044e+22 
3.666667e+04 2.306408e-15 3.563713e+22 
3.708333e+04 2.157498e-15 3.733797e+22 
3.750000e+04 2.130528e-15 3.704232e+22 
3.791667e+04 2.145772e-15 3.709578e+22 
3.833333e+04 2.154647e-15 3.725869e+22 
3.875000e+04 2.190428e-15 3.639645e+22 
3.916667e+04 2.223848e-15 3.560057e+22 
3.958333e+04 2.200279e-15 3.632459e+22 
4.000000e+04 2.168060e-15 3.721260e+22 
4.041667e+04 2.200279e-15 3.632459e+22 
4.083333e+04 2.223848e-15 3.560057e+22 
4.125000e+04 2.190428e-15 3.639645e+22 
4.166667e+04 2.154647e-15 3.725869e+22 
4.208333e+04 2.145772e-15 3.709578e+22 
4.250000e+04 2.130528e-15 3.704232e+22 
4.291667e+04 2.157498e-15 3.733797e+22 
4.333333e+04 2.306408e-15 3.563713e+22 
4.375000e+04 2.809982e-15 2.958044e+22 
4.416667e+04 3.365713e-15 2.496779e+22 
4.458333e+04 4.051279e-15 2.059458e+22 
4.500000e+04 4.722631e-15 1.753960e+22 
4.541667e+04 5.216128e-15 1.566677e+22 
4.583333e+04 5.619926e-15 1.434131e+22 
4.625000e+04 5.707773e-15 1.390136e+22 
4.666667e+04 5.689841e-15 1.372286e+22 
4.708333e+04 5.412642e-15 1.420230e+22 
4.750000e+04 5.069168e-15 1.492434e+22 
4.791667e+04 4.602211e-15 1.619726e+22 
4.833333e+04 4.115038e-15 1.784421e+22 
4.875000e+04 3.612243e-15 2.004866e+22 
4.916667e+04 3.120977e-15 2.288162e+22 
4.958333e+04 2.672462e-15 2.637803e+22 
5.000000e+04 2.250303e-15 3.091960e+22 
5.041667e+04 1.890836e-15 3.635455e+22 
5.083333e+04 1.560833e-15 4.350560e+22 
5.125000e+04 1.292318e-15 5.196543e+22 
5.166667e+04 1.050340e-15 6.322498e+22 
5.208333e+04 8.600213e-16 7.647130e+22 
5.250000e+04 6.909823e-16 9.424980e+22 
5.291667e+04 5.615350e-16 1.150391e+23 
5.333333e+04 4.478493e-16 1.430578e+23 
5.375000e+04 3.623920e-16 1.755876e+23 
5.416667e+04 2.879682e-16 2.194296e+23 
5.458333e+04 2.325272e-16 2.700541e+23 
5.500000e+04 1.845388e-16 3.381030e+23 
5.541667e+04 1.488356e-16 4.165590e+23 
5.583333e+04 1.180699e-16 5.216820e+23 
5.625000e+04 9.513014e-17 6.430917e+23 
5.666667e+04 7.542887e-17 8.053849e+23 
5.708333e+04 6.070036e-17 9.933987e+23 
5.750000e+04 4.807895e-17 1.244595e+24 
5.791667e+04 3.862209e-17 1.536711e+24 
5.833333e+04 3.052852e-17 1.927750e+24 
5.875000e+04 2.446435e-17 2.384692e+24 
5.916667e+04 1.927925e-17 2.998865e+24 
5.958333e+04 1.540609e-17 3.720540e+24 
6.000000e+04 1.209556e-17 4.696697e+24 
6.041667e+04 9.623490e-18 5.851093e+24 
6.083333e+04 7.518967e-18 7.420539e+24 
6.125000e+04 5.889183e-18 9.386628e+24 
6.166667e+04 4.461135e-18 1.000000e+25 
6.208333e+04 3.474825e-18 1.000000e+25 
6.250000e+04 2.793344e-18 1.000000e+25 
6.291667e+04 2.629842e-18 1.000000e+25 
6.333333e+04 2.548010e-18 1.000000e+25 
6.375000e+04 2.467113e-18 1.000000e+25 
6.416667e+04 2.351932e-18 1.000000e+25 
6.458333e+04 2.250744e-18 1.000000e+25 
6.500000e+04 2.159449e-18 1.000000e+25 
6.541667e+04 2.077859e-18 1.000000e+25 
6.583333e+04 1.998357e-18 1.000000e+25 
6.625000e+04 1.923234e-18 1.000000e+25 
6.666667e+04 1.851977e-18 1.000000e+25 
6.708333e+04 1.787503e-18 1.000000e+25 
6.750000e+04 1.727238e-18 1.000000e+25 
6.791667e+04 1.672609e-18 1.000000e+25 
6.833333e+04 1.620446e-18 1.000000e+25 
6.875000e+04 1.571265e-18 1.000000e+25 
6.916667e+04 1.523730e-18 1.000000e+25 
6.958333e+04 1.478201e-18 1.000000e+25 
7.000000e+04 1.434010e-18 1.000000e+25 
7.041667e+04 1.391484e-18 1.000000e+25 
7.083333e+04 1.350058e-18 1.000000e+25 
7.125000e+04 1.310192e-18 1.000000e+25 
7.166667e+04 1.271272e-18 1.000000e+25 
7.208333e+04 1.234018e-18 1.000000e+25 
7.250000e+04 1.197650e-18 1.000000e+25 
7.291667e+04 1.163194e-18 1.000000e+25 
7.333333e+04 1.129645e-18 1.000000e+25 
7.375000e+04 1.098329e-18 1.000000e+25 
7.416667e+04 1.067980e-18 1.000000e+25 
7.458333e+04 1.040159e-18 1.000000e+25 
7.500000e+04 1.013377e-18 1.000000e+25 
7.541667e+04 9.893596e-19 1.000000e+25 
7.583333e+04 9.664522e-19 1.000000e+25 
7.625000e+04 9.464726e-19 1.000000e+25 
7.666667e+04 9.276636e-19 1.000000e+25 
7.708333e+04 9.118759e-19 1.000000e+25 
7.750000e+04 8.973064e-19 1.000000e+25 
7.791667e+04 8.857988e-19 1.000000e+25 
7.833333e+04 8.755448e-19 1.000000e+25 
7.875000e+04 8.683659e-19 1.000000e+25 
7.916667e+04 8.624643e-19 1.000000e+25 
7.958333e+04 8.596380e-19 1.000000e+25 
8.000000e+04 8.581008e-19 1.000000e+25 
