0.000000e+00 1.572321e-18 1.000000e+25 
4.166667e+02 1.573907e-18 1.000000e+25 
8.333333e+02 1.577281e-18 1.000000e+25 
1.250000e+03 1.583917e-18 1.000000e+25 
1.666667e+03 1.592406e-18 1.000000e+25 
2.083333e+03 1.604391e-18 1.000000e+25 
2.500000e+03 1.618375e-18 1.000000e+25 
2.916667e+03 1.636109e-18 1.000000e+25 
3.333333e+03 1.655916e-18 1.000000e+25 
3.750000e+03 1.679530e-18 1.000000e+25 
4.166667e+03 1.705354e-18 1.000000e+25 
4.583333e+03 1.735787e-18 1.000000e+25 
5.000000e+03 1.768878e-18 1.000000e+25 
5.416667e+03 1.807292e-18 1.000000e+25 
5.833333e+03 1.848492e-18 1.000000e+25 
6.250000e+03 1.894790e-18 1.000000e+25 
6.666667e+03 1.943817e-18 1.000000e+25 
7.083333e+03 1.998960e-18 1.000000e+25 
7.500000e+03 2.057301e-18 1.000000e+25 
7.916667e+03 2.123552e-18 1.000000e+25 
8.333333e+03 2.194539e-18 1.000000e+25 
8.750000e+03 2.274747e-18 1.000000e+25 
9.166667e+03 2.360210e-18 1.000000e+25 
9.583333e+03 2.446469e-18 1.000000e+25 
1.000000e+04 2.530680e-18 1.000000e+25 
1.041667e+04 2.619844e-18 1.000000e+25 
1.083333e+04 2.673065e-18 1.000000e+25 
1.125000e+04 2.726202e-18 1.000000e+25 
1.166667e+04 2.805402e-18 1.000000e+25 
1.208333e+04 2.933262e-18 1.000000e+25 
1.250000e+04 3.199222e-18 1.000000e+25 
1.291667e+04 3.773777e-18 1.000000e+25 
1.333333e+04 4.549053e-18 1.000000e+25 
1.375000e+04 5.530427e-18 1.000000e+25 
1.416667e+04 6.736535e-18 9.128313e+24 
1.458333e+04 8.106746e-18 7.793654e+24 
1.500000e+04 9.663122e-18 6.719318e+24 
1.541667e+04 1.147786e-17 5.770878e+24 
1.583333e+04 1.358548e-17 4.977373e+24 
1.625000e+04 1.611479e-17 4.265877e+24 
1.666667e+04 1.906378e-17 3.669741e+24 
1.708333e+04 2.261431e-17 3.140389e+24 
1.750000e+04 2.675524e-17 2.697952e+24 
1.791667e+04 3.173657e-17 2.305546e+24 
1.833333e+04 3.754793e-17 1.978232e+24 
1.875000e+04 4.452606e-17 1.687821e+24 
1.916667e+04 5.267528e-17 1.445861e+24 
1.958333e+04 6.247845e-17 1.231076e+24 
2.000000e+04 7.395020e-17 1.052313e+24 
2.041667e+04 8.781377e-17 8.935897e+23 
2.083333e+04 1.040638e-16 7.618609e+23 
2.125000e+04 1.237861e-16 6.449267e+23 
2.166667e+04 1.469363e-16 5.482604e+23 
2.208333e+04 1.751894e-16 4.624227e+23 
2.250000e+04 2.083850e-16 3.918403e+23 
2.291667e+04 2.491701e-16 3.291744e+23 
2.333333e+04 2.970987e-16 2.779913e+23 
2.375000e+04 3.564359e-16 2.326451e+23 
2.416667e+04 4.260721e-16 1.959029e+23 
2.458333e+04 5.127135e-16 1.635587e+23 
2.500000e+04 6.139858e-16 1.375649e+23 
2.541667e+04 7.396860e-16 1.149344e+23 
2.583333e+04 8.854762e-16 9.686352e+22 
2.625000e+04 1.064282e-15 8.131453e+22 
2.666667e+04 1.269250e-15 6.893379e+22 
2.708333e+04 1.515984e-15 5.834717e+22 
2.750000e+04 1.794754e-15 4.990695e+22 
2.791667e+04 2.123580e-15 4.267829e+22 
2.833333e+04 2.489251e-15 3.688948e+22 
2.875000e+04 2.911795e-15 3.191281e+22 
2.916667e+04 3.373346e-15 2.790458e+22 
2.958333e+04 3.892248e-15 2.447944e+22 
3.000000e+04 4.445437e-15 2.170838e+22 
3.041667e+04 5.038064e-15 1.940779e+22 
3.083333e+04 5.645414e-15 1.754896e+22 
3.125000e+04 6.239512e-15 1.611187e+22 
3.166667e+04 6.805692e-15 1.497775e+22 
3.208333e+04 7.261910e-15 1.426501e+22 
3.250000e+04 7.625247e-15 1.378362e+22 
3.291667e+04 7.747116e-15 1.380427e+22 
3.333333e+04 7.706562e-15 1.408437e+22 
3.375000e+04 7.312542e-15 1.509579e+22 
3.416667e+04 6.731298e-15 1.663021e+22 
3.458333e+04 5.844451e-15 1.937152e+22 
3.500000e+04 4.860916e-15 2.352266e+22 
3.541667e+04 3.865297e-15 2.932458e+22 
3.583333e+04 2.941522e-15 3.835757e+22 
3.625000e+04 2.342042e-15 4.623396e+22 
3.666667e+04 1.916492e-15 5.460678e+22 
3.708333e+04 1.805250e-15 5.675600e+22 
3.750000e+04 1.841063e-15 5.449261e+22 
3.791667e+04 1.823000e-15 5.578060e+22 
3.833333e+04 1.748164e-15 5.896929e+22 
3.875000e+04 1.763002e-15 5.736468e+22 
3.916667e+04 1.807340e-15 5.497511e+22 
3.958333e+04 1.764109e-15 5.738787e+22 
4.000000e+04 1.711137e-15 6.029083e+22 
4.041667e+04 1.764109e-15 5.738787e+22 
4.083333e+04 1.807340e-15 5.497511e+22 
4.125000e+04 1.763002e-15 5.736468e+22 
4.166667e+04 1.748164e-15 5.896929e+22 
4.208333e+04 1.823000e-15 5.578060e+22 
4.250000e+04 1.841063e-15 5.449261e+22 
4.291667e+04 1.805250e-15 5.675600e+22 
4.333333e+04 1.916492e-15 5.460678e+22 
4.375000e+04 2.342042e-15 4.623396e+22 
4.416667e+04 2.941522e-15 3.835757e+22 
4.458333e+04 3.865297e-15 2.932458e+22 
4.500000e+04 4.860916e-15 2.352266e+22 
4.541667e+04 5.844451e-15 1.937152e+22 
4.583333e+04 6.731298e-15 1.663021e+22 
4.625000e+04 7.312542e-15 1.509579e+22 
4.666667e+04 7.706562e-15 1.408437e+22 
4.708333e+04 7.747116e-15 1.380427e+22 
4.750000e+04 7.625247e-15 1.378362e+22 
4.791667e+04 7.261910e-15 1.426501e+22 
4.833333e+04 6.805692e-15 1.497775e+22 
4.875000e+04 6.239512e-15 1.611187e+22 
4.916667e+04 5.645414e-15 1.754896e+22 
4.958333e+04 5.038064e-15 1.940779e+22 
5.000000e+04 4.445437e-15 2.170838e+22 
5.041667e+04 3.892248e-15 2.447944e+22 
5.083333e+04 3.373346e-15 2.790458e+22 
5.125000e+04 2.911795e-15 3.191281e+22 
5.166667e+04 2.489251e-15 3.688948e+22 
5.208333e+04 2.123580e-15 4.267829e+22 
5.250000e+04 1.794754e-15 4.990695e+22 
5.291667e+04 1.515984e-15 5.834717e+22 
5.333333e+04 1.269250e-15 6.893379e+22 
5.375000e+04 1.064282e-15 8.131453e+22 
5.416667e+04 8.854762e-16 9.686352e+22 
5.458333e+04 7.396860e-16 1.149344e+23 
5.500000e+04 6.139858e-16 1.375649e+23 
5.541667e+04 5.127135e-16 1.635587e+23 
5.583333e+04 4.260721e-16 1.959029e+23 
5.625000e+04 3.564359e-16 2.326451e+23 
5.666667e+04 2.970987e-16 2.779913e+23 
5.708333e+04 2.491701e-16 3.291744e+23 
5.750000e+04 2.083850e-16 3.918403e+23 
5.791667e+04 1.751894e-16 4.624227e+23 
5.833333e+04 1.469363e-16 5.482604e+23 
5.875000e+04 1.237861e-16 6.449267e+23 
5.916667e+04 1.040638e-16 7.618609e+23 
5.958333e+04 8.781377e-17 8.935897e+23 
6.000000e+04 7.395020e-17 1.052313e+24 
6.041667e+04 6.247845e-17 1.231076e+24 
6.083333e+04 5.267528e-17 1.445861e+24 
6.125000e+04 4.452606e-17 1.687821e+24 
6.166667e+04 3.754793e-17 1.978232e+24 
6.208333e+04 3.173657e-17 2.305546e+24 
6.250000e+04 2.675524e-17 2.697952e+24 
6.291667e+04 2.261431e-17 3.140389e+24 
6.333333e+04 1.906378e-17 3.669741e+24 
6.375000e+04 1.611479e-17 4.265877e+24 
6.416667e+04 1.358548e-17 4.977373e+24 
6.458333e+04 1.147786e-17 5.770878e+24 
6.500000e+04 9.663122e-18 6.719318e+24 
6.541667e+04 8.106746e-18 7.793654e+24 
6.583333e+04 6.736535e-18 9.128313e+24 
6.625000e+04 5.530427e-18 1.000000e+25 
6.666667e+04 4.549053e-18 1.000000e+25 
6.708333e+04 3.773777e-18 1.000000e+25 
6.750000e+04 3.199222e-18 1.000000e+25 
6.791667e+04 2.933262e-18 1.000000e+25 
6.833333e+04 2.805402e-18 1.000000e+25 
6.875000e+04 2.726202e-18 1.000000e+25 
6.916667e+04 2.673065e-18 1.000000e+25 
6.958333e+04 2.619844e-18 1.000000e+25 
7.000000e+04 2.530680e-18 1.000000e+25 
7.041667e+04 2.446469e-18 1.000000e+25 
7.083333e+04 2.360210e-18 1.000000e+25 
7.125000e+04 2.274747e-18 1.000000e+25 
7.166667e+04 2.194539e-18 1.000000e+25 
7.208333e+04 2.123552e-18 1.000000e+25 
7.250000e+04 2.057301e-18 1.000000e+25 
7.291667e+04 1.998960e-18 1.000000e+25 
7.333333e+04 1.943817e-18 1.000000e+25 
7.375000e+04 1.894790e-18 1.000000e+25 
7.416667e+04 1.848492e-18 1.000000e+25 
7.458333e+04 1.807292e-18 1.000000e+25 
7.500000e+04 1.768878e-18 1.000000e+25 
7.541667e+04 1.735787e-18 1.000000e+25 
7.583333e+04 1.705354e-18 1.000000e+25 
7.625000e+04 1.679530e-18 1.000000e+25 
7.666667e+04 1.655916e-18 1.000000e+25 
7.708333e+04 1.636109e-18 1.000000e+25 
7.750000e+04 1.618375e-18 1.000000e+25 
7.791667e+04 1.604391e-18 1.000000e+25 
7.833333e+04 1.592406e-18 1.000000e+25 
7.875000e+04 1.583917e-18 1.000000e+25 
7.916667e+04 1.577281e-18 1.000000e+25 
7.958333e+04 1.573907e-18 1.000000e+25 
8.000000e+04 1.572321e-18 1.000000e+25 
