0.000000e+00 1.065813e-17 5.823177e+24 
1.562500e+02 1.066403e-17 5.819941e+24 
3.125000e+02 1.067949e-17 5.811891e+24 
4.687500e+02 1.070666e-17 5.797560e+24 
6.250000e+02 1.074331e-17 5.778576e+24 
7.812500e+02 1.079146e-17 5.753780e+24 
9.375000e+02 1.084902e-17 5.724610e+24 
1.093750e+03 1.091794e-17 5.690135e+24 
1.250000e+03 1.099626e-17 5.651634e+24 
1.406250e+03 1.108598e-17 5.608199e+24 
1.562500e+03 1.118516e-17 5.561133e+24 
1.718750e+03 1.129598e-17 5.509363e+24 
1.875000e+03 1.141632e-17 5.454423e+24 
2.031250e+03 1.154854e-17 5.394998e+24 
2.187500e+03 1.169029e-17 5.332939e+24 
2.343750e+03 1.184401e-17 5.266757e+24 
2.500000e+03 1.200720e-17 5.198537e+24 
2.656250e+03 1.218219e-17 5.126760e+24 
2.812500e+03 1.236655e-17 5.053550e+24 
2.968750e+03 1.256238e-17 4.977504e+24 
3.125000e+03 1.276751e-17 4.900582e+24 
3.281250e+03 1.298375e-17 4.821592e+24 
3.437500e+03 1.320932e-17 4.742194e+24 
3.593750e+03 1.344574e-17 4.661437e+24 
3.750000e+03 1.369168e-17 4.580634e+24 
3.906250e+03 1.394844e-17 4.499060e+24 
4.062500e+03 1.421508e-17 4.417708e+24 
4.218750e+03 1.449275e-17 4.336031e+24 
4.375000e+03 1.478080e-17 4.254774e+24 
4.531250e+03 1.508034e-17 4.173508e+24 
4.687500e+03 1.539088e-17 4.092814e+24 
4.843750e+03 1.571357e-17 4.012327e+24 
5.000000e+03 1.604794e-17 3.932536e+24 
5.156250e+03 1.639529e-17 3.853095e+24 
5.312500e+03 1.675505e-17 3.774462e+24 
5.468750e+03 1.712872e-17 3.696277e+24 
5.625000e+03 1.751557e-17 3.619001e+24 
5.781250e+03 1.791731e-17 3.542245e+24 
5.937500e+03 1.833301e-17 3.466495e+24 
6.093750e+03 1.876465e-17 3.391321e+24 
6.250000e+03 1.921104e-17 3.317244e+24 
6.406250e+03 1.967444e-17 3.243790e+24 
6.562500e+03 2.015339e-17 3.171518e+24 
6.718750e+03 2.065044e-17 3.099914e+24 
6.875000e+03 2.116387e-17 3.029564e+24 
7.031250e+03 2.169651e-17 2.959924e+24 
7.187500e+03 2.224639e-17 2.891600e+24 
7.343750e+03 2.281661e-17 2.824023e+24 
7.500000e+03 2.340498e-17 2.757809e+24 
7.656250e+03 2.401488e-17 2.692377e+24 
7.812500e+03 2.464387e-17 2.628342e+24 
7.968750e+03 2.529563e-17 2.565114e+24 
8.125000e+03 2.596752e-17 2.503305e+24 
8.281250e+03 2.666351e-17 2.442322e+24 
8.437500e+03 2.738073e-17 2.382765e+24 
8.593750e+03 2.812347e-17 2.324046e+24 
8.750000e+03 2.888866e-17 2.266750e+24 
8.906250e+03 2.968092e-17 2.210294e+24 
9.062500e+03 3.049695e-17 2.155248e+24 
9.218750e+03 3.134174e-17 2.101040e+24 
9.375000e+03 3.221176e-17 2.048219e+24 
9.531250e+03 3.311238e-17 1.996226e+24 
9.687500e+03 3.403982e-17 1.945593e+24 
9.843750e+03 3.499990e-17 1.895775e+24 
1.000000e+04 3.598852e-17 1.847283e+24 
1.015625e+04 3.701200e-17 1.799587e+24 
1.031250e+04 3.806593e-17 1.753182e+24 
1.046875e+04 3.915712e-17 1.707553e+24 
1.062500e+04 4.028085e-17 1.663175e+24 
1.078125e+04 4.144445e-17 1.619552e+24 
1.093750e+04 4.264288e-17 1.577140e+24 
1.109375e+04 4.388400e-17 1.535460e+24 
1.125000e+04 4.516244e-17 1.494949e+24 
1.140625e+04 4.648665e-17 1.455147e+24 
1.156250e+04 4.785087e-17 1.416473e+24 
1.171875e+04 4.926422e-17 1.378484e+24 
1.187500e+04 5.072052e-17 1.341581e+24 
1.203125e+04 5.222957e-17 1.305341e+24 
1.218750e+04 5.378479e-17 1.270144e+24 
1.234375e+04 5.539671e-17 1.235585e+24 
1.250000e+04 5.705830e-17 1.202029e+24 
1.265625e+04 5.878090e-17 1.169089e+24 
1.281250e+04 6.055701e-17 1.137110e+24 
1.296875e+04 6.239883e-17 1.105722e+24 
1.312500e+04 6.429834e-17 1.075257e+24 
1.328125e+04 6.626872e-17 1.045360e+24 
1.343750e+04 6.830138e-17 1.016346e+24 
1.359375e+04 7.041053e-17 9.878765e+23 
1.375000e+04 7.258701e-17 9.602536e+23 
1.390625e+04 7.484616e-17 9.331518e+23 
1.406250e+04 7.717815e-17 9.068602e+23 
1.421875e+04 7.959959e-17 8.810675e+23 
1.437500e+04 8.209993e-17 8.560500e+23 
1.453125e+04 8.469716e-17 8.315097e+23 
1.468750e+04 8.737991e-17 8.077110e+23 
1.484375e+04 9.016773e-17 7.843687e+23 
1.500000e+04 9.304835e-17 7.617358e+23 
1.515625e+04 9.604298e-17 7.395393e+23 
1.531250e+04 9.913841e-17 7.180215e+23 
1.546875e+04 1.023577e-16 6.969210e+23 
1.562500e+04 1.056865e-16 6.764699e+23 
1.578125e+04 1.091499e-16 6.564180e+23 
1.593750e+04 1.127324e-16 6.369874e+23 
1.609375e+04 1.164613e-16 6.179389e+23 
1.625000e+04 1.203198e-16 5.994849e+23 
1.640625e+04 1.243376e-16 5.813968e+23 
1.656250e+04 1.284965e-16 5.638778e+23 
1.671875e+04 1.328288e-16 5.467092e+23 
1.687500e+04 1.373149e-16 5.300854e+23 
1.703125e+04 1.419896e-16 5.137974e+23 
1.718750e+04 1.468320e-16 4.980309e+23 
1.734375e+04 1.518798e-16 4.825864e+23 
1.750000e+04 1.571104e-16 4.676410e+23 
1.765625e+04 1.625647e-16 4.530045e+23 
1.781250e+04 1.682182e-16 4.388457e+23 
1.796875e+04 1.741155e-16 4.249830e+23 
1.812500e+04 1.802299e-16 4.115776e+23 
1.828125e+04 1.866100e-16 3.984561e+23 
1.843750e+04 1.932269e-16 3.857722e+23 
1.859375e+04 2.001330e-16 3.733603e+23 
1.875000e+04 2.072974e-16 3.613669e+23 
1.890625e+04 2.147770e-16 3.496341e+23 
1.906250e+04 2.225382e-16 3.383015e+23 
1.921875e+04 2.306426e-16 3.272183e+23 
1.937500e+04 2.390543e-16 3.165176e+23 
1.953125e+04 2.478397e-16 3.060552e+23 
1.968750e+04 2.569601e-16 2.959581e+23 
1.984375e+04 2.664876e-16 2.860887e+23 
2.000000e+04 2.763805e-16 2.765680e+23 
2.015625e+04 2.867164e-16 2.672643e+23 
2.031250e+04 2.974511e-16 2.582931e+23 
2.046875e+04 3.086681e-16 2.495286e+23 
2.062500e+04 3.203201e-16 2.410811e+23 
2.078125e+04 3.324970e-16 2.328299e+23 
2.093750e+04 3.451486e-16 2.248805e+23 
2.109375e+04 3.583718e-16 2.171174e+23 
2.125000e+04 3.721128e-16 2.096416e+23 
2.140625e+04 3.864763e-16 2.023419e+23 
2.156250e+04 4.014051e-16 1.953155e+23 
2.171875e+04 4.170120e-16 1.884554e+23 
2.187500e+04 4.332360e-16 1.818551e+23 
2.203125e+04 4.501995e-16 1.754113e+23 
2.218750e+04 4.678367e-16 1.692142e+23 
2.234375e+04 4.862812e-16 1.631643e+23 
2.250000e+04 5.054618e-16 1.573486e+23 
2.265625e+04 5.255249e-16 1.516707e+23 
2.281250e+04 5.463923e-16 1.462151e+23 
2.296875e+04 5.682268e-16 1.408883e+23 
2.312500e+04 5.909406e-16 1.357725e+23 
2.328125e+04 6.147167e-16 1.307766e+23 
2.343750e+04 6.394550e-16 1.259811e+23 
2.359375e+04 6.653637e-16 1.212970e+23 
2.375000e+04 6.923259e-16 1.168031e+23 
2.390625e+04 7.205828e-16 1.124126e+23 
2.406250e+04 7.499939e-16 1.082028e+23 
2.421875e+04 7.808429e-16 1.040889e+23 
2.437500e+04 8.129575e-16 1.001467e+23 
2.453125e+04 8.466762e-16 9.629343e+22 
2.468750e+04 8.817835e-16 9.260358e+22 
2.484375e+04 9.186879e-16 8.899646e+22 
2.500000e+04 9.571163e-16 8.554495e+22 
2.515625e+04 9.975657e-16 8.217079e+22 
2.531250e+04 1.039688e-15 7.894497e+22 
2.546875e+04 1.084089e-15 7.579207e+22 
2.562500e+04 1.130326e-15 7.278071e+22 
2.578125e+04 1.179135e-15 6.983884e+22 
2.593750e+04 1.229956e-15 6.703209e+22 
2.609375e+04 1.283678e-15 6.429248e+22 
2.625000e+04 1.339598e-15 6.168183e+22 
2.640625e+04 1.398782e-15 5.913696e+22 
2.656250e+04 1.460357e-15 5.671506e+22 
2.671875e+04 1.525579e-15 5.435845e+22 
2.687500e+04 1.593391e-15 5.211886e+22 
2.703125e+04 1.665241e-15 4.994471e+22 
2.718750e+04 1.739873e-15 4.788156e+22 
2.734375e+04 1.818922e-15 4.588433e+22 
2.750000e+04 1.900928e-15 4.399192e+22 
2.765625e+04 1.987694e-15 4.216592e+22 
2.781250e+04 2.077563e-15 4.043831e+22 
2.796875e+04 2.172463e-15 3.877732e+22 
2.812500e+04 2.270571e-15 3.720806e+22 
2.828125e+04 2.373879e-15 3.570502e+22 
2.843750e+04 2.480439e-15 3.428687e+22 
2.859375e+04 2.592237e-15 3.293382e+22 
2.875000e+04 2.707255e-15 3.165870e+22 
2.890625e+04 2.827387e-15 3.044678e+22 
2.906250e+04 2.950620e-15 2.930586e+22 
2.921875e+04 3.078661e-15 2.822554e+22 
2.937500e+04 3.209584e-15 2.720941e+22 
2.953125e+04 3.344814e-15 2.625074e+22 
2.968750e+04 3.482600e-15 2.534974e+22 
2.984375e+04 3.623992e-15 2.450275e+22 
3.000000e+04 3.767501e-15 2.370728e+22 
3.015625e+04 3.913715e-15 2.296230e+22 
3.031250e+04 4.061493e-15 2.226315e+22 
3.046875e+04 4.210876e-15 2.161113e+22 
3.062500e+04 4.361156e-15 2.099979e+22 
3.078125e+04 4.511736e-15 2.043264e+22 
3.093750e+04 4.662432e-15 1.990154e+22 
3.109375e+04 4.811911e-15 1.941227e+22 
3.125000e+04 4.960613e-15 1.895502e+22 
3.140625e+04 5.106347e-15 1.853800e+22 
3.156250e+04 5.250295e-15 1.814952e+22 
3.171875e+04 5.389261e-15 1.780060e+22 
3.187500e+04 5.525315e-15 1.747730e+22 
3.203125e+04 5.654077e-15 1.719393e+22 
3.218750e+04 5.778683e-15 1.693390e+22 
3.234375e+04 5.893355e-15 1.671533e+22 
3.250000e+04 6.002514e-15 1.651845e+22 
3.265625e+04 6.098750e-15 1.636589e+22 
3.281250e+04 6.188015e-15 1.623416e+22 
3.296875e+04 6.261039e-15 1.615109e+22 
3.312500e+04 6.325564e-15 1.608894e+22 
3.328125e+04 6.370275e-15 1.608149e+22 
3.343750e+04 6.404945e-15 1.609632e+22 
3.359375e+04 6.416128e-15 1.617386e+22 
3.375000e+04 6.415802e-15 1.627680e+22 
3.390625e+04 6.388482e-15 1.645280e+22 
3.406250e+04 6.348383e-15 1.665985e+22 
3.421875e+04 6.278329e-15 1.695311e+22 
3.437500e+04 6.194585e-15 1.728674e+22 
3.453125e+04 6.078966e-15 1.772316e+22 
3.468750e+04 5.949301e-15 1.821469e+22 
3.484375e+04 5.787466e-15 1.882955e+22 
3.500000e+04 5.611996e-15 1.952226e+22 
3.515625e+04 5.406297e-15 2.036294e+22 
3.531250e+04 5.188356e-15 2.131584e+22 
3.546875e+04 4.944941e-15 2.244399e+22 
3.562500e+04 4.691865e-15 2.373458e+22 
3.578125e+04 4.421323e-15 2.522396e+22 
3.593750e+04 4.145091e-15 2.694429e+22 
3.609375e+04 3.862872e-15 2.886367e+22 
3.625000e+04 3.580550e-15 3.109216e+22 
3.640625e+04 3.307046e-15 3.344618e+22 
3.656250e+04 3.040880e-15 3.615246e+22 
3.671875e+04 2.800747e-15 3.873616e+22 
3.687500e+04 2.577087e-15 4.156568e+22 
3.703125e+04 2.396068e-15 4.377143e+22 
3.718750e+04 2.240400e-15 4.585794e+22 
3.734375e+04 2.136000e-15 4.689597e+22 
3.750000e+04 2.060525e-15 4.742355e+22 
3.765625e+04 2.027971e-15 4.735273e+22 
3.781250e+04 2.018045e-15 4.679379e+22 
3.796875e+04 2.026462e-15 4.655102e+22 
3.812500e+04 2.043648e-15 4.612472e+22 
3.828125e+04 2.053291e-15 4.622808e+22 
3.843750e+04 2.059669e-15 4.639779e+22 
3.859375e+04 2.055104e-15 4.667446e+22 
3.875000e+04 2.046544e-15 4.704008e+22 
3.890625e+04 2.040597e-15 4.702062e+22 
3.906250e+04 2.035034e-15 4.699644e+22 
3.921875e+04 2.035894e-15 4.677457e+22 
3.937500e+04 2.038499e-15 4.651534e+22 
3.953125e+04 2.040021e-15 4.665433e+22 
3.968750e+04 2.041014e-15 4.680601e+22 
3.984375e+04 2.039381e-15 4.710083e+22 
4.000000e+04 2.037845e-15 4.739303e+22 
4.015625e+04 2.039381e-15 4.710083e+22 
4.031250e+04 2.041014e-15 4.680601e+22 
4.046875e+04 2.040021e-15 4.665433e+22 
4.062500e+04 2.038499e-15 4.651534e+22 
4.078125e+04 2.035894e-15 4.677457e+22 
4.093750e+04 2.035034e-15 4.699644e+22 
4.109375e+04 2.040597e-15 4.702062e+22 
4.125000e+04 2.046544e-15 4.704008e+22 
4.140625e+04 2.055104e-15 4.667446e+22 
4.156250e+04 2.059669e-15 4.639779e+22 
4.171875e+04 2.053291e-15 4.622808e+22 
4.187500e+04 2.043648e-15 4.612472e+22 
4.203125e+04 2.026462e-15 4.655102e+22 
4.218750e+04 2.018045e-15 4.679379e+22 
4.234375e+04 2.027971e-15 4.735273e+22 
4.250000e+04 2.060525e-15 4.742355e+22 
4.265625e+04 2.136000e-15 4.689597e+22 
4.281250e+04 2.240400e-15 4.585794e+22 
4.296875e+04 2.396068e-15 4.377143e+22 
4.312500e+04 2.577087e-15 4.156568e+22 
4.328125e+04 2.800747e-15 3.873616e+22 
4.343750e+04 3.040880e-15 3.615246e+22 
4.359375e+04 3.307046e-15 3.344618e+22 
4.375000e+04 3.580550e-15 3.109216e+22 
4.390625e+04 3.862872e-15 2.886367e+22 
4.406250e+04 4.145091e-15 2.694429e+22 
4.421875e+04 4.421323e-15 2.522396e+22 
4.437500e+04 4.691865e-15 2.373458e+22 
4.453125e+04 4.944941e-15 2.244399e+22 
4.468750e+04 5.188356e-15 2.131584e+22 
4.484375e+04 5.406297e-15 2.036294e+22 
4.500000e+04 5.611996e-15 1.952226e+22 
4.515625e+04 5.787466e-15 1.882955e+22 
4.531250e+04 5.949301e-15 1.821469e+22 
4.546875e+04 6.078966e-15 1.772316e+22 
4.562500e+04 6.194585e-15 1.728674e+22 
4.578125e+04 6.278329e-15 1.695311e+22 
4.593750e+04 6.348383e-15 1.665985e+22 
4.609375e+04 6.388482e-15 1.645280e+22 
4.625000e+04 6.415802e-15 1.627680e+22 
4.640625e+04 6.416128e-15 1.617386e+22 
4.656250e+04 6.404945e-15 1.609632e+22 
4.671875e+04 6.370275e-15 1.608149e+22 
4.687500e+04 6.325564e-15 1.608894e+22 
4.703125e+04 6.261039e-15 1.615109e+22 
4.718750e+04 6.188015e-15 1.623416e+22 
4.734375e+04 6.098750e-15 1.636589e+22 
4.750000e+04 6.002514e-15 1.651845e+22 
4.765625e+04 5.893355e-15 1.671533e+22 
4.781250e+04 5.778683e-15 1.693390e+22 
4.796875e+04 5.654077e-15 1.719393e+22 
4.812500e+04 5.525315e-15 1.747730e+22 
4.828125e+04 5.389261e-15 1.780060e+22 
4.843750e+04 5.250295e-15 1.814952e+22 
4.859375e+04 5.106347e-15 1.853800e+22 
4.875000e+04 4.960613e-15 1.895502e+22 
4.890625e+04 4.811911e-15 1.941227e+22 
4.906250e+04 4.662432e-15 1.990154e+22 
4.921875e+04 4.511736e-15 2.043264e+22 
4.937500e+04 4.361156e-15 2.099979e+22 
4.953125e+04 4.210876e-15 2.161113e+22 
4.968750e+04 4.061493e-15 2.226315e+22 
4.984375e+04 3.913715e-15 2.296230e+22 
5.000000e+04 3.767501e-15 2.370728e+22 
5.015625e+04 3.623992e-15 2.450275e+22 
5.031250e+04 3.482600e-15 2.534974e+22 
5.046875e+04 3.344814e-15 2.625074e+22 
5.062500e+04 3.209584e-15 2.720941e+22 
5.078125e+04 3.078661e-15 2.822554e+22 
5.093750e+04 2.950620e-15 2.930586e+22 
5.109375e+04 2.827387e-15 3.044678e+22 
5.125000e+04 2.707255e-15 3.165870e+22 
5.140625e+04 2.592237e-15 3.293382e+22 
5.156250e+04 2.480439e-15 3.428687e+22 
5.171875e+04 2.373879e-15 3.570502e+22 
5.187500e+04 2.270571e-15 3.720806e+22 
5.203125e+04 2.172463e-15 3.877732e+22 
5.218750e+04 2.077563e-15 4.043831e+22 
5.234375e+04 1.987694e-15 4.216592e+22 
5.250000e+04 1.900928e-15 4.399192e+22 
5.265625e+04 1.818922e-15 4.588433e+22 
5.281250e+04 1.739873e-15 4.788156e+22 
5.296875e+04 1.665241e-15 4.994471e+22 
5.312500e+04 1.593391e-15 5.211886e+22 
5.328125e+04 1.525579e-15 5.435845e+22 
5.343750e+04 1.460357e-15 5.671506e+22 
5.359375e+04 1.398782e-15 5.913696e+22 
5.375000e+04 1.339598e-15 6.168183e+22 
5.390625e+04 1.283678e-15 6.429248e+22 
5.406250e+04 1.229956e-15 6.703209e+22 
5.421875e+04 1.179135e-15 6.983884e+22 
5.437500e+04 1.130326e-15 7.278071e+22 
5.453125e+04 1.084089e-15 7.579207e+22 
5.468750e+04 1.039688e-15 7.894497e+22 
5.484375e+04 9.975657e-16 8.217079e+22 
5.500000e+04 9.571163e-16 8.554495e+22 
5.515625e+04 9.186879e-16 8.899646e+22 
5.531250e+04 8.817835e-16 9.260358e+22 
5.546875e+04 8.466762e-16 9.629343e+22 
5.562500e+04 8.129575e-16 1.001467e+23 
5.578125e+04 7.808429e-16 1.040889e+23 
5.593750e+04 7.499939e-16 1.082028e+23 
5.609375e+04 7.205828e-16 1.124126e+23 
5.625000e+04 6.923259e-16 1.168031e+23 
5.640625e+04 6.653637e-16 1.212970e+23 
5.656250e+04 6.394550e-16 1.259811e+23 
5.671875e+04 6.147167e-16 1.307766e+23 
5.687500e+04 5.909406e-16 1.357725e+23 
5.703125e+04 5.682268e-16 1.408883e+23 
5.718750e+04 5.463923e-16 1.462151e+23 
5.734375e+04 5.255249e-16 1.516707e+23 
5.750000e+04 5.054618e-16 1.573486e+23 
5.765625e+04 4.862812e-16 1.631643e+23 
5.781250e+04 4.678367e-16 1.692142e+23 
5.796875e+04 4.501995e-16 1.754113e+23 
5.812500e+04 4.332360e-16 1.818551e+23 
5.828125e+04 4.170120e-16 1.884554e+23 
5.843750e+04 4.014051e-16 1.953155e+23 
5.859375e+04 3.864763e-16 2.023419e+23 
5.875000e+04 3.721128e-16 2.096416e+23 
5.890625e+04 3.583718e-16 2.171174e+23 
5.906250e+04 3.451486e-16 2.248805e+23 
5.921875e+04 3.324970e-16 2.328299e+23 
5.937500e+04 3.203201e-16 2.410811e+23 
5.953125e+04 3.086681e-16 2.495286e+23 
5.968750e+04 2.974511e-16 2.582931e+23 
5.984375e+04 2.867164e-16 2.672643e+23 
6.000000e+04 2.763805e-16 2.765680e+23 
6.015625e+04 2.664876e-16 2.860887e+23 
6.031250e+04 2.569601e-16 2.959581e+23 
6.046875e+04 2.478397e-16 3.060552e+23 
6.062500e+04 2.390543e-16 3.165176e+23 
6.078125e+04 2.306426e-16 3.272183e+23 
6.093750e+04 2.225382e-16 3.383015e+23 
6.109375e+04 2.147770e-16 3.496341e+23 
6.125000e+04 2.072974e-16 3.613669e+23 
6.140625e+04 2.001330e-16 3.733603e+23 
6.156250e+04 1.932269e-16 3.857722e+23 
6.171875e+04 1.866100e-16 3.984561e+23 
6.187500e+04 1.802299e-16 4.115776e+23 
6.203125e+04 1.741155e-16 4.249830e+23 
6.218750e+04 1.682182e-16 4.388457e+23 
6.234375e+04 1.625647e-16 4.530045e+23 
6.250000e+04 1.571104e-16 4.676410e+23 
6.265625e+04 1.518798e-16 4.825864e+23 
6.281250e+04 1.468320e-16 4.980309e+23 
6.296875e+04 1.419896e-16 5.137974e+23 
6.312500e+04 1.373149e-16 5.300854e+23 
6.328125e+04 1.328288e-16 5.467092e+23 
6.343750e+04 1.284965e-16 5.638778e+23 
6.359375e+04 1.243376e-16 5.813968e+23 
6.375000e+04 1.203198e-16 5.994849e+23 
6.390625e+04 1.164613e-16 6.179389e+23 
6.406250e+04 1.127324e-16 6.369874e+23 
6.421875e+04 1.091499e-16 6.564180e+23 
6.437500e+04 1.056865e-16 6.764699e+23 
6.453125e+04 1.023577e-16 6.969210e+23 
6.468750e+04 9.913841e-17 7.180215e+23 
6.484375e+04 9.604298e-17 7.395393e+23 
6.500000e+04 9.304835e-17 7.617358e+23 
6.515625e+04 9.016773e-17 7.843687e+23 
6.531250e+04 8.737991e-17 8.077110e+23 
6.546875e+04 8.469716e-17 8.315097e+23 
6.562500e+04 8.209993e-17 8.560500e+23 
6.578125e+04 7.959959e-17 8.810675e+23 
6.593750e+04 7.717815e-17 9.068602e+23 
6.609375e+04 7.484616e-17 9.331518e+23 
6.625000e+04 7.258701e-17 9.602536e+23 
6.640625e+04 7.041053e-17 9.878765e+23 
6.656250e+04 6.830138e-17 1.016346e+24 
6.671875e+04 6.626872e-17 1.045360e+24 
6.687500e+04 6.429834e-17 1.075257e+24 
6.703125e+04 6.239883e-17 1.105722e+24 
6.718750e+04 6.055701e-17 1.137110e+24 
6.734375e+04 5.878090e-17 1.169089e+24 
6.750000e+04 5.705830e-17 1.202029e+24 
6.765625e+04 5.539671e-17 1.235585e+24 
6.781250e+04 5.378479e-17 1.270144e+24 
6.796875e+04 5.222957e-17 1.305341e+24 
6.812500e+04 5.072052e-17 1.341581e+24 
6.828125e+04 4.926422e-17 1.378484e+24 
6.843750e+04 4.785087e-17 1.416473e+24 
6.859375e+04 4.648665e-17 1.455147e+24 
6.875000e+04 4.516244e-17 1.494949e+24 
6.890625e+04 4.388400e-17 1.535460e+24 
6.906250e+04 4.264288e-17 1.577140e+24 
6.921875e+04 4.144445e-17 1.619552e+24 
6.937500e+04 4.028085e-17 1.663175e+24 
6.953125e+04 3.915712e-17 1.707553e+24 
6.968750e+04 3.806593e-17 1.753182e+24 
6.984375e+04 3.701200e-17 1.799587e+24 
7.000000e+04 3.598852e-17 1.847283e+24 
7.015625e+04 3.499990e-17 1.895775e+24 
7.031250e+04 3.403982e-17 1.945593e+24 
7.046875e+04 3.311238e-17 1.996226e+24 
7.062500e+04 3.221176e-17 2.048219e+24 
7.078125e+04 3.134174e-17 2.101040e+24 
7.093750e+04 3.049695e-17 2.155248e+24 
7.109375e+04 2.968092e-17 2.210294e+24 
7.125000e+04 2.888866e-17 2.266750e+24 
7.140625e+04 2.812347e-17 2.324046e+24 
7.156250e+04 2.738073e-17 2.382765e+24 
7.171875e+04 2.666351e-17 2.442322e+24 
7.187500e+04 2.596752e-17 2.503305e+24 
7.203125e+04 2.529563e-17 2.565114e+24 
7.218750e+04 2.464387e-17 2.628342e+24 
7.234375e+04 2.401488e-17 2.692377e+24 
7.250000e+04 2.340498e-17 2.757809e+24 
7.265625e+04 2.281661e-17 2.824023e+24 
7.281250e+04 2.224639e-17 2.891600e+24 
7.296875e+04 2.169651e-17 2.959924e+24 
7.312500e+04 2.116387e-17 3.029564e+24 
7.328125e+04 2.065044e-17 3.099914e+24 
7.343750e+04 2.015339e-17 3.171518e+24 
7.359375e+04 1.967444e-17 3.243790e+24 
7.375000e+04 1.921104e-17 3.317244e+24 
7.390625e+04 1.876465e-17 3.391321e+24 
7.406250e+04 1.833301e-17 3.466495e+24 
7.421875e+04 1.791731e-17 3.542245e+24 
7.437500e+04 1.751557e-17 3.619001e+24 
7.453125e+04 1.712872e-17 3.696277e+24 
7.468750e+04 1.675505e-17 3.774462e+24 
7.484375e+04 1.639529e-17 3.853095e+24 
7.500000e+04 1.604794e-17 3.932536e+24 
7.515625e+04 1.571357e-17 4.012327e+24 
7.531250e+04 1.539088e-17 4.092814e+24 
7.546875e+04 1.508034e-17 4.173508e+24 
7.562500e+04 1.478080e-17 4.254774e+24 
7.578125e+04 1.449275e-17 4.336031e+24 
7.593750e+04 1.421508e-17 4.417708e+24 
7.609375e+04 1.394844e-17 4.499060e+24 
7.625000e+04 1.369168e-17 4.580634e+24 
7.640625e+04 1.344574e-17 4.661437e+24 
7.656250e+04 1.320932e-17 4.742194e+24 
7.671875e+04 1.298375e-17 4.821592e+24 
7.687500e+04 1.276751e-17 4.900582e+24 
7.703125e+04 1.256238e-17 4.977504e+24 
7.718750e+04 1.236655e-17 5.053550e+24 
7.734375e+04 1.218219e-17 5.126760e+24 
7.750000e+04 1.200720e-17 5.198537e+24 
7.765625e+04 1.184401e-17 5.266757e+24 
7.781250e+04 1.169029e-17 5.332939e+24 
7.796875e+04 1.154854e-17 5.394998e+24 
7.812500e+04 1.141632e-17 5.454423e+24 
7.828125e+04 1.129598e-17 5.509363e+24 
7.843750e+04 1.118516e-17 5.561133e+24 
7.859375e+04 1.108598e-17 5.608199e+24 
7.875000e+04 1.099626e-17 5.651634e+24 
7.890625e+04 1.091794e-17 5.690135e+24 
7.906250e+04 1.084902e-17 5.724610e+24 
7.921875e+04 1.079146e-17 5.753780e+24 
7.937500e+04 1.074331e-17 5.778576e+24 
7.953125e+04 1.070666e-17 5.797560e+24 
7.968750e+04 1.067949e-17 5.811891e+24 
7.984375e+04 1.066403e-17 5.819941e+24 
8.000000e+04 1.065813e-17 5.823177e+24 
