0.000000e+00 1.301646e-18 1.000000e+25 
2.083333e+02 1.301978e-18 1.000000e+25 
4.166667e+02 1.302683e-18 1.000000e+25 
6.250000e+02 1.304056e-18 1.000000e+25 
8.333333e+02 1.305805e-18 1.000000e+25 
1.041667e+03 1.308231e-18 1.000000e+25 
1.250000e+03 1.311038e-18 1.000000e+25 
1.458333e+03 1.314538e-18 1.000000e+25 
1.666667e+03 1.318427e-18 1.000000e+25 
1.875000e+03 1.323029e-18 1.000000e+25 
2.083333e+03 1.328030e-18 1.000000e+25 
2.291667e+03 1.333767e-18 1.000000e+25 
2.500000e+03 1.339915e-18 1.000000e+25 
2.708333e+03 1.346827e-18 1.000000e+25 
2.916667e+03 1.354166e-18 1.000000e+25 
3.125000e+03 1.362303e-18 1.000000e+25 
3.333333e+03 1.370883e-18 1.000000e+25 
3.541667e+03 1.380300e-18 1.000000e+25 
3.750000e+03 1.390179e-18 1.000000e+25 
3.958333e+03 1.400936e-18 1.000000e+25 
4.166667e+03 1.412176e-18 1.000000e+25 
4.375000e+03 1.424335e-18 1.000000e+25 
4.583333e+03 1.436999e-18 1.000000e+25 
4.791667e+03 1.450629e-18 1.000000e+25 
5.000000e+03 1.464789e-18 1.000000e+25 
5.208333e+03 1.479967e-18 1.000000e+25 
5.416667e+03 1.495698e-18 1.000000e+25 
5.625000e+03 1.512501e-18 1.000000e+25 
5.833333e+03 1.529886e-18 1.000000e+25 
6.041667e+03 1.548401e-18 1.000000e+25 
6.250000e+03 1.567529e-18 1.000000e+25 
6.458333e+03 1.587851e-18 1.000000e+25 
6.666667e+03 1.608820e-18 1.000000e+25 
6.875000e+03 1.631059e-18 1.000000e+25 
7.083333e+03 1.653978e-18 1.000000e+25 
7.291667e+03 1.678210e-18 1.000000e+25 
7.500000e+03 1.703142e-18 1.000000e+25 
7.708333e+03 1.729456e-18 1.000000e+25 
7.916667e+03 1.756513e-18 1.000000e+25 
8.125000e+03 1.785017e-18 1.000000e+25 
8.333333e+03 1.814294e-18 1.000000e+25 
8.541667e+03 1.845100e-18 1.000000e+25 
8.750000e+03 1.876718e-18 1.000000e+25 
8.958333e+03 1.909907e-18 1.000000e+25 
9.166667e+03 1.943927e-18 1.000000e+25 
9.375000e+03 1.979630e-18 1.000000e+25 
9.583333e+03 2.016181e-18 1.000000e+25 
9.791667e+03 2.054471e-18 1.000000e+25 
1.000000e+04 2.093747e-18 1.000000e+25 
1.020833e+04 2.134432e-18 1.000000e+25 
1.041667e+04 2.176429e-18 1.000000e+25 
1.062500e+04 2.222045e-18 1.000000e+25 
1.083333e+04 2.268937e-18 1.000000e+25 
1.104167e+04 2.316422e-18 1.000000e+25 
1.125000e+04 2.361910e-18 1.000000e+25 
1.145833e+04 2.410379e-18 1.000000e+25 
1.166667e+04 2.452698e-18 1.000000e+25 
1.187500e+04 2.470501e-18 1.000000e+25 
1.208333e+04 2.501722e-18 1.000000e+25 
1.229167e+04 2.541450e-18 1.000000e+25 
1.250000e+04 2.613618e-18 1.000000e+25 
1.270833e+04 2.790193e-18 1.000000e+25 
1.291667e+04 3.058183e-18 1.000000e+25 
1.312500e+04 3.394563e-18 1.000000e+25 
1.333333e+04 3.782891e-18 1.000000e+25 
1.354167e+04 4.230114e-18 1.000000e+25 
1.375000e+04 4.678561e-18 1.000000e+25 
1.395833e+04 5.156944e-18 1.000000e+25 
1.416667e+04 5.671313e-18 9.854221e+24 
1.437500e+04 6.231245e-18 9.050674e+24 
1.458333e+04 6.838476e-18 8.323447e+24 
1.479167e+04 7.507080e-18 7.647167e+24 
1.500000e+04 8.233081e-18 7.034151e+24 
1.520833e+04 9.030927e-18 6.466308e+24 
1.541667e+04 9.894737e-18 5.952607e+24 
1.562500e+04 1.084105e-17 5.475560e+24 
1.583333e+04 1.186441e-17 5.043823e+24 
1.604167e+04 1.298300e-17 4.642390e+24 
1.625000e+04 1.419243e-17 4.278591e+24 
1.645833e+04 1.551500e-17 3.939741e+24 
1.666667e+04 1.694580e-17 3.632153e+24 
1.687500e+04 1.851332e-17 3.345077e+24 
1.708333e+04 2.020992e-17 3.084255e+24 
1.729167e+04 2.206996e-17 2.840608e+24 
1.750000e+04 2.408335e-17 2.619188e+24 
1.770833e+04 2.629113e-17 2.412213e+24 
1.791667e+04 2.868136e-17 2.224078e+24 
1.812500e+04 3.130361e-17 2.048091e+24 
1.833333e+04 3.414324e-17 1.888105e+24 
1.854167e+04 3.726039e-17 1.738364e+24 
1.875000e+04 4.063699e-17 1.602236e+24 
1.895833e+04 4.434637e-17 1.474766e+24 
1.916667e+04 4.836569e-17 1.358901e+24 
1.937500e+04 5.278421e-17 1.250370e+24 
1.958333e+04 5.757334e-17 1.151748e+24 
1.979167e+04 6.284185e-17 1.059342e+24 
2.000000e+04 6.855391e-17 9.754070e+23 
2.020833e+04 7.484236e-17 8.967441e+23 
2.041667e+04 8.166224e-17 8.253279e+23 
2.062500e+04 8.917642e-17 7.583827e+23 
2.083333e+04 9.732804e-17 6.976413e+23 
2.104167e+04 1.063177e-16 6.406906e+23 
2.125000e+04 1.160728e-16 5.890546e+23 
2.145833e+04 1.268418e-16 5.406312e+23 
2.166667e+04 1.385309e-16 4.967634e+23 
2.187500e+04 1.514502e-16 4.556175e+23 
2.208333e+04 1.654766e-16 4.183787e+23 
2.229167e+04 1.810000e-16 3.834455e+23 
2.250000e+04 1.978567e-16 3.518655e+23 
2.270833e+04 2.165403e-16 3.222392e+23 
2.291667e+04 2.368304e-16 2.954918e+23 
2.312500e+04 2.593556e-16 2.704026e+23 
2.333333e+04 2.838155e-16 2.477855e+23 
2.354167e+04 3.110132e-16 2.265796e+23 
2.375000e+04 3.405375e-16 2.074954e+23 
2.395833e+04 3.734121e-16 1.896166e+23 
2.416667e+04 4.090764e-16 1.735563e+23 
2.437500e+04 4.488260e-16 1.585295e+23 
2.458333e+04 4.919043e-16 1.450572e+23 
2.479167e+04 5.399300e-16 1.324735e+23 
2.500000e+04 5.918994e-16 1.212132e+23 
2.520833e+04 6.497998e-16 1.107174e+23 
2.541667e+04 7.123288e-16 1.013420e+23 
2.562500e+04 7.818749e-16 9.262252e+22 
2.583333e+04 8.567917e-16 8.484539e+22 
2.604167e+04 9.398849e-16 7.762746e+22 
2.625000e+04 1.029128e-15 7.119642e+22 
2.645833e+04 1.127746e-15 6.523791e+22 
2.666667e+04 1.233307e-15 5.993183e+22 
2.687500e+04 1.349445e-15 5.502095e+22 
2.708333e+04 1.473307e-15 5.064771e+22 
2.729167e+04 1.608922e-15 4.660186e+22 
2.750000e+04 1.753000e-15 4.299699e+22 
2.770833e+04 1.909948e-15 3.966156e+22 
2.791667e+04 2.076017e-15 3.668680e+22 
2.812500e+04 2.255962e-15 3.393346e+22 
2.833333e+04 2.445549e-15 3.147476e+22 
2.854167e+04 2.649804e-15 2.919905e+22 
2.875000e+04 2.863991e-15 2.716407e+22 
2.895833e+04 3.093239e-15 2.528236e+22 
2.916667e+04 3.332337e-15 2.359749e+22 
2.937500e+04 3.586175e-15 2.204366e+22 
2.958333e+04 3.849207e-15 2.065088e+22 
2.979167e+04 4.125512e-15 1.937296e+22 
3.000000e+04 4.409524e-15 1.822683e+22 
3.020833e+04 4.703656e-15 1.718405e+22 
3.041667e+04 5.002897e-15 1.624909e+22 
3.062500e+04 5.306868e-15 1.540955e+22 
3.083333e+04 5.611984e-15 1.465824e+22 
3.104167e+04 5.913742e-15 1.399738e+22 
3.125000e+04 6.211156e-15 1.340901e+22 
3.145833e+04 6.494170e-15 1.290896e+22 
3.166667e+04 6.765854e-15 1.246926e+22 
3.187500e+04 7.009242e-15 1.211892e+22 
3.208333e+04 7.233103e-15 1.182050e+22 
3.229167e+04 7.412562e-15 1.161636e+22 
3.250000e+04 7.563733e-15 1.146001e+22 
3.270833e+04 7.653623e-15 1.140787e+22 
3.291667e+04 7.706985e-15 1.140503e+22 
3.312500e+04 7.683853e-15 1.152306e+22 
3.333333e+04 7.618023e-15 1.170016e+22 
3.354167e+04 7.465617e-15 1.202411e+22 
3.375000e+04 7.268267e-15 1.243005e+22 
3.395833e+04 6.983526e-15 1.302156e+22 
3.416667e+04 6.657325e-15 1.373990e+22 
3.437500e+04 6.256092e-15 1.469827e+22 
3.458333e+04 5.823773e-15 1.586448e+22 
3.479167e+04 5.344236e-15 1.733601e+22 
3.500000e+04 4.850858e-15 1.914887e+22 
3.520833e+04 4.352775e-15 2.130281e+22 
3.541667e+04 3.863176e-15 2.397126e+22 
3.562500e+04 3.420037e-15 2.683199e+22 
3.583333e+04 3.009143e-15 3.026074e+22 
3.604167e+04 2.692213e-15 3.325189e+22 
3.625000e+04 2.427072e-15 3.633336e+22 
3.645833e+04 2.263886e-15 3.838677e+22 
3.666667e+04 2.150257e-15 3.988273e+22 
3.687500e+04 2.086136e-15 4.094131e+22 
3.708333e+04 2.044637e-15 4.161606e+22 
3.729167e+04 2.010601e-15 4.229276e+22 
3.750000e+04 1.977587e-15 4.297711e+22 
3.770833e+04 1.948939e-15 4.358423e+22 
3.791667e+04 1.920073e-15 4.422649e+22 
3.812500e+04 1.894602e-15 4.480420e+22 
3.833333e+04 1.870652e-15 4.536772e+22 
3.854167e+04 1.850231e-15 4.586169e+22 
3.875000e+04 1.831795e-15 4.632080e+22 
3.895833e+04 1.815987e-15 4.672386e+22 
3.916667e+04 1.801822e-15 4.709594e+22 
3.937500e+04 1.791954e-15 4.734568e+22 
3.958333e+04 1.784138e-15 4.755126e+22 
3.979167e+04 1.779832e-15 4.766538e+22 
4.000000e+04 1.777820e-15 4.772310e+22 
4.020833e+04 1.779832e-15 4.766538e+22 
4.041667e+04 1.784138e-15 4.755126e+22 
4.062500e+04 1.791954e-15 4.734568e+22 
4.083333e+04 1.801822e-15 4.709594e+22 
4.104167e+04 1.815987e-15 4.672386e+22 
4.125000e+04 1.831795e-15 4.632080e+22 
4.145833e+04 1.850231e-15 4.586169e+22 
4.166667e+04 1.870652e-15 4.536772e+22 
4.187500e+04 1.894602e-15 4.480420e+22 
4.208333e+04 1.920073e-15 4.422649e+22 
4.229167e+04 1.948939e-15 4.358423e+22 
4.250000e+04 1.977587e-15 4.297711e+22 
4.270833e+04 2.010601e-15 4.229276e+22 
4.291667e+04 2.044637e-15 4.161606e+22 
4.312500e+04 2.086136e-15 4.094131e+22 
4.333333e+04 2.150257e-15 3.988273e+22 
4.354167e+04 2.263886e-15 3.838677e+22 
4.375000e+04 2.427072e-15 3.633336e+22 
4.395833e+04 2.692213e-15 3.325189e+22 
4.416667e+04 3.009143e-15 3.026074e+22 
4.437500e+04 3.420037e-15 2.683199e+22 
4.458333e+04 3.863176e-15 2.397126e+22 
4.479167e+04 4.352775e-15 2.130281e+22 
4.500000e+04 4.850858e-15 1.914887e+22 
4.520833e+04 5.344236e-15 1.733601e+22 
4.541667e+04 5.823773e-15 1.586448e+22 
4.562500e+04 6.256092e-15 1.469827e+22 
4.583333e+04 6.657325e-15 1.373990e+22 
4.604167e+04 6.983526e-15 1.302156e+22 
4.625000e+04 7.268267e-15 1.243005e+22 
4.645833e+04 7.465617e-15 1.202411e+22 
4.666667e+04 7.618023e-15 1.170016e+22 
4.687500e+04 7.683853e-15 1.152306e+22 
4.708333e+04 7.706985e-15 1.140503e+22 
4.729167e+04 7.653623e-15 1.140787e+22 
4.750000e+04 7.563733e-15 1.146001e+22 
4.770833e+04 7.412562e-15 1.161636e+22 
4.791667e+04 7.233103e-15 1.182050e+22 
4.812500e+04 7.009242e-15 1.211892e+22 
4.833333e+04 6.765854e-15 1.246926e+22 
4.854167e+04 6.494170e-15 1.290896e+22 
4.875000e+04 6.211156e-15 1.340901e+22 
4.895833e+04 5.913742e-15 1.399738e+22 
4.916667e+04 5.611984e-15 1.465824e+22 
4.937500e+04 5.306868e-15 1.540955e+22 
4.958333e+04 5.002897e-15 1.624909e+22 
4.979167e+04 4.703656e-15 1.718405e+22 
5.000000e+04 4.409524e-15 1.822683e+22 
5.020833e+04 4.125512e-15 1.937296e+22 
5.041667e+04 3.849207e-15 2.065088e+22 
5.062500e+04 3.586175e-15 2.204366e+22 
5.083333e+04 3.332337e-15 2.359749e+22 
5.104167e+04 3.093239e-15 2.528236e+22 
5.125000e+04 2.863991e-15 2.716407e+22 
5.145833e+04 2.649804e-15 2.919905e+22 
5.166667e+04 2.445549e-15 3.147476e+22 
5.187500e+04 2.255962e-15 3.393346e+22 
5.208333e+04 2.076017e-15 3.668680e+22 
5.229167e+04 1.909948e-15 3.966156e+22 
5.250000e+04 1.753000e-15 4.299699e+22 
5.270833e+04 1.608922e-15 4.660186e+22 
5.291667e+04 1.473307e-15 5.064771e+22 
5.312500e+04 1.349445e-15 5.502095e+22 
5.333333e+04 1.233307e-15 5.993183e+22 
5.354167e+04 1.127746e-15 6.523791e+22 
5.375000e+04 1.029128e-15 7.119642e+22 
5.395833e+04 9.398849e-16 7.762746e+22 
5.416667e+04 8.567917e-16 8.484539e+22 
5.437500e+04 7.818749e-16 9.262252e+22 
5.458333e+04 7.123288e-16 1.013420e+23 
5.479167e+04 6.497998e-16 1.107174e+23 
5.500000e+04 5.918994e-16 1.212132e+23 
5.520833e+04 5.399300e-16 1.324735e+23 
5.541667e+04 4.919043e-16 1.450572e+23 
5.562500e+04 4.488260e-16 1.585295e+23 
5.583333e+04 4.090764e-16 1.735563e+23 
5.604167e+04 3.734121e-16 1.896166e+23 
5.625000e+04 3.405375e-16 2.074954e+23 
5.645833e+04 3.110132e-16 2.265796e+23 
5.666667e+04 2.838155e-16 2.477855e+23 
5.687500e+04 2.593556e-16 2.704026e+23 
5.708333e+04 2.368304e-16 2.954918e+23 
5.729167e+04 2.165403e-16 3.222392e+23 
5.750000e+04 1.978567e-16 3.518655e+23 
5.770833e+04 1.810000e-16 3.834455e+23 
5.791667e+04 1.654766e-16 4.183787e+23 
5.812500e+04 1.514502e-16 4.556175e+23 
5.833333e+04 1.385309e-16 4.967634e+23 
5.854167e+04 1.268418e-16 5.406312e+23 
5.875000e+04 1.160728e-16 5.890546e+23 
5.895833e+04 1.063177e-16 6.406906e+23 
5.916667e+04 9.732804e-17 6.976413e+23 
5.937500e+04 8.917642e-17 7.583827e+23 
5.958333e+04 8.166224e-17 8.253279e+23 
5.979167e+04 7.484236e-17 8.967441e+23 
6.000000e+04 6.855391e-17 9.754070e+23 
6.020833e+04 6.284185e-17 1.059342e+24 
6.041667e+04 5.757334e-17 1.151748e+24 
6.062500e+04 5.278421e-17 1.250370e+24 
6.083333e+04 4.836569e-17 1.358901e+24 
6.104167e+04 4.434637e-17 1.474766e+24 
6.125000e+04 4.063699e-17 1.602236e+24 
6.145833e+04 3.726039e-17 1.738364e+24 
6.166667e+04 3.414324e-17 1.888105e+24 
6.187500e+04 3.130361e-17 2.048091e+24 
6.208333e+04 2.868136e-17 2.224078e+24 
6.229167e+04 2.629113e-17 2.412213e+24 
6.250000e+04 2.408335e-17 2.619188e+24 
6.270833e+04 2.206996e-17 2.840608e+24 
6.291667e+04 2.020992e-17 3.084255e+24 
6.312500e+04 1.851332e-17 3.345077e+24 
6.333333e+04 1.694580e-17 3.632153e+24 
6.354167e+04 1.551500e-17 3.939741e+24 
6.375000e+04 1.419243e-17 4.278591e+24 
6.395833e+04 1.298300e-17 4.642390e+24 
6.416667e+04 1.186441e-17 5.043823e+24 
6.437500e+04 1.084105e-17 5.475560e+24 
6.458333e+04 9.894737e-18 5.952607e+24 
6.479167e+04 9.030927e-18 6.466308e+24 
6.500000e+04 8.233081e-18 7.034151e+24 
6.520833e+04 7.507080e-18 7.647167e+24 
6.541667e+04 6.838476e-18 8.323447e+24 
6.562500e+04 6.231245e-18 9.050674e+24 
6.583333e+04 5.671313e-18 9.854221e+24 
6.604167e+04 5.156944e-18 1.000000e+25 
6.625000e+04 4.678561e-18 1.000000e+25 
6.645833e+04 4.230114e-18 1.000000e+25 
6.666667e+04 3.782891e-18 1.000000e+25 
6.687500e+04 3.394563e-18 1.000000e+25 
6.708333e+04 3.058183e-18 1.000000e+25 
6.729167e+04 2.790193e-18 1.000000e+25 
6.750000e+04 2.613618e-18 1.000000e+25 
6.770833e+04 2.541450e-18 1.000000e+25 
6.791667e+04 2.501722e-18 1.000000e+25 
6.812500e+04 2.470501e-18 1.000000e+25 
6.833333e+04 2.452698e-18 1.000000e+25 
6.854167e+04 2.410379e-18 1.000000e+25 
6.875000e+04 2.361910e-18 1.000000e+25 
6.895833e+04 2.316422e-18 1.000000e+25 
6.916667e+04 2.268937e-18 1.000000e+25 
6.937500e+04 2.222045e-18 1.000000e+25 
6.958333e+04 2.176429e-18 1.000000e+25 
6.979167e+04 2.134432e-18 1.000000e+25 
7.000000e+04 2.093747e-18 1.000000e+25 
7.020833e+04 2.054471e-18 1.000000e+25 
7.041667e+04 2.016181e-18 1.000000e+25 
7.062500e+04 1.979630e-18 1.000000e+25 
7.083333e+04 1.943927e-18 1.000000e+25 
7.104167e+04 1.909907e-18 1.000000e+25 
7.125000e+04 1.876718e-18 1.000000e+25 
7.145833e+04 1.845100e-18 1.000000e+25 
7.166667e+04 1.814294e-18 1.000000e+25 
7.187500e+04 1.785017e-18 1.000000e+25 
7.208333e+04 1.756513e-18 1.000000e+25 
7.229167e+04 1.729456e-18 1.000000e+25 
7.250000e+04 1.703142e-18 1.000000e+25 
7.270833e+04 1.678210e-18 1.000000e+25 
7.291667e+04 1.653978e-18 1.000000e+25 
7.312500e+04 1.631059e-18 1.000000e+25 
7.333333e+04 1.608820e-18 1.000000e+25 
7.354167e+04 1.587851e-18 1.000000e+25 
7.375000e+04 1.567529e-18 1.000000e+25 
7.395833e+04 1.548401e-18 1.000000e+25 
7.416667e+04 1.529886e-18 1.000000e+25 
7.437500e+04 1.512501e-18 1.000000e+25 
7.458333e+04 1.495698e-18 1.000000e+25 
7.479167e+04 1.479967e-18 1.000000e+25 
7.500000e+04 1.464789e-18 1.000000e+25 
7.520833e+04 1.450629e-18 1.000000e+25 
7.541667e+04 1.436999e-18 1.000000e+25 
7.562500e+04 1.424335e-18 1.000000e+25 
7.583333e+04 1.412177e-18 1.000000e+25 
7.604167e+04 1.400936e-18 1.000000e+25 
7.625000e+04 1.390179e-18 1.000000e+25 
7.645833e+04 1.380300e-18 1.000000e+25 
7.666667e+04 1.370883e-18 1.000000e+25 
7.687500e+04 1.362303e-18 1.000000e+25 
7.708333e+04 1.354166e-18 1.000000e+25 
7.729167e+04 1.346827e-18 1.000000e+25 
7.750000e+04 1.339915e-18 1.000000e+25 
7.770833e+04 1.333767e-18 1.000000e+25 
7.791667e+04 1.328030e-18 1.000000e+25 
7.812500e+04 1.323029e-18 1.000000e+25 
7.833333e+04 1.318427e-18 1.000000e+25 
7.854167e+04 1.314538e-18 1.000000e+25 
7.875000e+04 1.311038e-18 1.000000e+25 
7.895833e+04 1.308231e-18 1.000000e+25 
7.916667e+04 1.305805e-18 1.000000e+25 
7.937500e+04 1.304056e-18 1.000000e+25 
7.958333e+04 1.302683e-18 1.000000e+25 
7.979167e+04 1.301978e-18 1.000000e+25 
8.000000e+04 1.301646e-18 1.000000e+25 
