0.000000e+00 1.076147e-19 1.000000e+25 
3.125000e+02 1.076767e-19 1.000000e+25 
6.250000e+02 1.078362e-19 1.000000e+25 
9.375000e+02 1.081198e-19 1.000000e+25 
1.250000e+03 1.085009e-19 1.000000e+25 
1.562500e+03 1.090063e-19 1.000000e+25 
1.875000e+03 1.096093e-19 1.000000e+25 
2.187500e+03 1.103372e-19 1.000000e+25 
2.500000e+03 1.111629e-19 1.000000e+25 
2.812500e+03 1.121146e-19 1.000000e+25 
3.125000e+03 1.131647e-19 1.000000e+25 
3.437500e+03 1.143431e-19 1.000000e+25 
3.750000e+03 1.156207e-19 1.000000e+25 
4.062500e+03 1.170310e-19 1.000000e+25 
4.375000e+03 1.185420e-19 1.000000e+25 
4.687500e+03 1.201924e-19 1.000000e+25 
5.000000e+03 1.219458e-19 1.000000e+25 
5.312500e+03 1.238484e-19 1.000000e+25 
5.625000e+03 1.258573e-19 1.000000e+25 
5.937500e+03 1.280278e-19 1.000000e+25 
6.250000e+03 1.303085e-19 1.000000e+25 
6.562500e+03 1.327649e-19 1.000000e+25 
6.875000e+03 1.353358e-19 1.000000e+25 
7.187500e+03 1.380966e-19 1.000000e+25 
7.500000e+03 1.409766e-19 1.000000e+25 
7.812500e+03 1.440602e-19 1.000000e+25 
8.125000e+03 1.472665e-19 1.000000e+25 
8.437500e+03 1.506874e-19 1.000000e+25 
8.750000e+03 1.542368e-19 1.000000e+25 
9.062500e+03 1.580335e-19 1.000000e+25 
9.375000e+03 1.619655e-19 1.000000e+25 
9.687500e+03 1.661189e-19 1.000000e+25 
1.000000e+04 1.703884e-19 1.000000e+25 
1.031250e+04 1.750507e-19 1.000000e+25 
1.062500e+04 1.799495e-19 1.000000e+25 
1.093750e+04 1.850612e-19 1.000000e+25 
1.125000e+04 1.901508e-19 1.000000e+25 
1.156250e+04 1.929095e-19 1.000000e+25 
1.187500e+04 1.952471e-19 1.000000e+25 
1.218750e+04 2.128141e-19 1.000000e+25 
1.250000e+04 2.441823e-19 1.000000e+25 
1.281250e+04 2.832962e-19 1.000000e+25 
1.312500e+04 3.240965e-19 1.000000e+25 
1.343750e+04 3.713615e-19 1.000000e+25 
1.375000e+04 4.240278e-19 1.000000e+25 
1.406250e+04 4.868278e-19 1.000000e+25 
1.437500e+04 5.566350e-19 8.982586e+24 
1.468750e+04 6.398803e-19 7.814107e+24 
1.500000e+04 7.319457e-19 6.831131e+24 
1.531250e+04 8.414841e-19 5.941989e+24 
1.562500e+04 9.627609e-19 5.193418e+24 
1.593750e+04 1.107691e-18 4.513983e+24 
1.625000e+04 1.268298e-18 3.942311e+24 
1.656250e+04 1.460766e-18 3.422936e+24 
1.687500e+04 1.674153e-18 2.986604e+24 
1.718750e+04 1.930361e-18 2.590250e+24 
1.750000e+04 2.214664e-18 2.257696e+24 
1.781250e+04 2.556825e-18 1.955601e+24 
1.812500e+04 2.936935e-18 1.702471e+24 
1.843750e+04 3.395537e-18 1.472563e+24 
1.875000e+04 3.905621e-18 1.280221e+24 
1.906250e+04 4.522479e-18 1.105624e+24 
1.937500e+04 5.209439e-18 9.598099e+23 
1.968750e+04 6.042020e-18 8.275678e+23 
2.000000e+04 6.970392e-18 7.173326e+23 
2.031250e+04 8.097960e-18 6.174650e+23 
2.062500e+04 9.356863e-18 5.343794e+23 
2.093750e+04 1.088912e-17 4.591960e+23 
2.125000e+04 1.260202e-17 3.967736e+23 
2.156250e+04 1.469124e-17 3.403581e+23 
2.187500e+04 1.702966e-17 2.936166e+23 
2.218750e+04 1.988771e-17 2.514287e+23 
2.250000e+04 2.309049e-17 2.165503e+23 
2.281250e+04 2.701244e-17 1.851153e+23 
2.312500e+04 3.141253e-17 1.591828e+23 
2.343750e+04 3.680937e-17 1.358490e+23 
2.375000e+04 4.287079e-17 1.166400e+23 
2.406250e+04 5.031395e-17 9.938901e+22 
2.437500e+04 5.868228e-17 8.521493e+22 
2.468750e+04 6.896441e-17 7.251335e+22 
2.500000e+04 8.053563e-17 6.209454e+22 
2.531250e+04 9.475578e-17 5.277882e+22 
2.562500e+04 1.107723e-16 4.514778e+22 
2.593750e+04 1.304646e-16 3.833572e+22 
2.625000e+04 1.526594e-16 3.276273e+22 
2.656250e+04 1.800105e-16 2.778697e+22 
2.687500e+04 2.108500e-16 2.372357e+22 
2.718750e+04 2.490922e-16 2.008346e+22 
2.750000e+04 2.922158e-16 1.712064e+22 
2.781250e+04 3.462884e-16 1.444921e+22 
2.812500e+04 4.072438e-16 1.228765e+22 
2.843750e+04 4.846434e-16 1.032710e+22 
2.875000e+04 5.717705e-16 8.754759e+21 
2.906250e+04 6.831030e-16 7.329672e+21 
2.937500e+04 8.079064e-16 6.198830e+21 
2.968750e+04 9.664460e-16 5.183659e+21 
3.000000e+04 1.142731e-15 4.385478e+21 
3.031250e+04 1.362837e-15 3.678844e+21 
3.062500e+04 1.604781e-15 3.125690e+21 
3.093750e+04 1.899657e-15 2.642063e+21 
3.125000e+04 2.219437e-15 2.262824e+21 
3.156250e+04 2.598107e-15 1.934479e+21 
3.187500e+04 3.002559e-15 1.675247e+21 
3.218750e+04 3.464409e-15 1.453247e+21 
3.250000e+04 3.948701e-15 1.276240e+21 
3.281250e+04 4.473561e-15 1.127677e+21 
3.312500e+04 5.010276e-15 1.007949e+21 
3.343750e+04 5.544491e-15 9.117972e+20 
3.375000e+04 6.069861e-15 8.337416e+20 
3.406250e+04 6.514134e-15 7.775653e+20 
3.437500e+04 6.919054e-15 7.326414e+20 
3.468750e+04 7.129669e-15 7.113003e+20 
3.500000e+04 7.266024e-15 6.981342e+20 
3.531250e+04 7.094738e-15 7.147526e+20 
3.562500e+04 6.828915e-15 7.421834e+20 
3.593750e+04 6.227212e-15 8.129287e+20 
3.625000e+04 5.551952e-15 9.105899e+20 
3.656250e+04 4.677334e-15 1.078987e+21 
3.687500e+04 3.784898e-15 1.331039e+21 
3.718750e+04 3.058066e-15 1.645157e+21 
3.750000e+04 2.399041e-15 2.094201e+21 
3.781250e+04 2.101896e-15 2.388880e+21 
3.812500e+04 1.901273e-15 2.639815e+21 
3.843750e+04 1.826882e-15 2.746901e+21 
3.875000e+04 1.780535e-15 2.818143e+21 
3.906250e+04 1.749790e-15 2.867485e+21 
3.937500e+04 1.713347e-15 2.928269e+21 
3.968750e+04 1.699746e-15 2.951613e+21 
4.000000e+04 1.692342e-15 2.964483e+21 
4.031250e+04 1.699746e-15 2.951613e+21 
4.062500e+04 1.713347e-15 2.928269e+21 
4.093750e+04 1.749790e-15 2.867485e+21 
4.125000e+04 1.780535e-15 2.818143e+21 
4.156250e+04 1.826882e-15 2.746901e+21 
4.187500e+04 1.901273e-15 2.639815e+21 
4.218750e+04 2.101896e-15 2.388880e+21 
4.250000e+04 2.399041e-15 2.094201e+21 
4.281250e+04 3.058066e-15 1.645157e+21 
4.312500e+04 3.784898e-15 1.331039e+21 
4.343750e+04 4.677334e-15 1.078987e+21 
4.375000e+04 5.551952e-15 9.105899e+20 
4.406250e+04 6.227212e-15 8.129287e+20 
4.437500e+04 6.828915e-15 7.421834e+20 
4.468750e+04 7.094738e-15 7.147526e+20 
4.500000e+04 7.266024e-15 6.981342e+20 
4.531250e+04 7.129669e-15 7.113003e+20 
4.562500e+04 6.919054e-15 7.326414e+20 
4.593750e+04 6.514134e-15 7.775653e+20 
4.625000e+04 6.069861e-15 8.337416e+20 
4.656250e+04 5.544491e-15 9.117972e+20 
4.687500e+04 5.010276e-15 1.007949e+21 
4.718750e+04 4.473561e-15 1.127677e+21 
4.750000e+04 3.948701e-15 1.276240e+21 
4.781250e+04 3.464409e-15 1.453247e+21 
4.812500e+04 3.002559e-15 1.675247e+21 
4.843750e+04 2.598107e-15 1.934479e+21 
4.875000e+04 2.219437e-15 2.262824e+21 
4.906250e+04 1.899657e-15 2.642063e+21 
4.937500e+04 1.604781e-15 3.125690e+21 
4.968750e+04 1.362837e-15 3.678844e+21 
5.000000e+04 1.142731e-15 4.385478e+21 
5.031250e+04 9.664460e-16 5.183659e+21 
5.062500e+04 8.079064e-16 6.198830e+21 
5.093750e+04 6.831030e-16 7.329672e+21 
5.125000e+04 5.717705e-16 8.754759e+21 
5.156250e+04 4.846434e-16 1.032710e+22 
5.187500e+04 4.072438e-16 1.228765e+22 
5.218750e+04 3.462884e-16 1.444921e+22 
5.250000e+04 2.922158e-16 1.712064e+22 
5.281250e+04 2.490922e-16 2.008346e+22 
5.312500e+04 2.108500e-16 2.372357e+22 
5.343750e+04 1.800105e-16 2.778697e+22 
5.375000e+04 1.526594e-16 3.276273e+22 
5.406250e+04 1.304646e-16 3.833572e+22 
5.437500e+04 1.107723e-16 4.514778e+22 
5.468750e+04 9.475578e-17 5.277882e+22 
5.500000e+04 8.053563e-17 6.209454e+22 
5.531250e+04 6.896441e-17 7.251335e+22 
5.562500e+04 5.868228e-17 8.521493e+22 
5.593750e+04 5.031395e-17 9.938901e+22 
5.625000e+04 4.287079e-17 1.166400e+23 
5.656250e+04 3.680937e-17 1.358490e+23 
5.687500e+04 3.141253e-17 1.591828e+23 
5.718750e+04 2.701244e-17 1.851153e+23 
5.750000e+04 2.309049e-17 2.165503e+23 
5.781250e+04 1.988771e-17 2.514287e+23 
5.812500e+04 1.702966e-17 2.936166e+23 
5.843750e+04 1.469124e-17 3.403581e+23 
5.875000e+04 1.260202e-17 3.967736e+23 
5.906250e+04 1.088912e-17 4.591960e+23 
5.937500e+04 9.356863e-18 5.343794e+23 
5.968750e+04 8.097960e-18 6.174650e+23 
6.000000e+04 6.970392e-18 7.173326e+23 
6.031250e+04 6.042020e-18 8.275678e+23 
6.062500e+04 5.209439e-18 9.598099e+23 
6.093750e+04 4.522479e-18 1.105624e+24 
6.125000e+04 3.905621e-18 1.280221e+24 
6.156250e+04 3.395537e-18 1.472563e+24 
6.187500e+04 2.936935e-18 1.702471e+24 
6.218750e+04 2.556825e-18 1.955601e+24 
6.250000e+04 2.214664e-18 2.257696e+24 
6.281250e+04 1.930361e-18 2.590250e+24 
6.312500e+04 1.674153e-18 2.986604e+24 
6.343750e+04 1.460766e-18 3.422936e+24 
6.375000e+04 1.268298e-18 3.942311e+24 
6.406250e+04 1.107691e-18 4.513983e+24 
6.437500e+04 9.627609e-19 5.193418e+24 
6.468750e+04 8.414841e-19 5.941989e+24 
6.500000e+04 7.319457e-19 6.831131e+24 
6.531250e+04 6.398803e-19 7.814107e+24 
6.562500e+04 5.566350e-19 8.982586e+24 
6.593750e+04 4.868278e-19 1.000000e+25 
6.625000e+04 4.240278e-19 1.000000e+25 
6.656250e+04 3.713615e-19 1.000000e+25 
6.687500e+04 3.240965e-19 1.000000e+25 
6.718750e+04 2.832962e-19 1.000000e+25 
6.750000e+04 2.441823e-19 1.000000e+25 
6.781250e+04 2.128141e-19 1.000000e+25 
6.812500e+04 1.952471e-19 1.000000e+25 
6.843750e+04 1.929095e-19 1.000000e+25 
6.875000e+04 1.901508e-19 1.000000e+25 
6.906250e+04 1.850612e-19 1.000000e+25 
6.937500e+04 1.799495e-19 1.000000e+25 
6.968750e+04 1.750507e-19 1.000000e+25 
7.000000e+04 1.703884e-19 1.000000e+25 
7.031250e+04 1.661189e-19 1.000000e+25 
7.062500e+04 1.619655e-19 1.000000e+25 
7.093750e+04 1.580335e-19 1.000000e+25 
7.125000e+04 1.542368e-19 1.000000e+25 
7.156250e+04 1.506874e-19 1.000000e+25 
7.187500e+04 1.472665e-19 1.000000e+25 
7.218750e+04 1.440602e-19 1.000000e+25 
7.250000e+04 1.409766e-19 1.000000e+25 
7.281250e+04 1.380966e-19 1.000000e+25 
7.312500e+04 1.353358e-19 1.000000e+25 
7.343750e+04 1.327649e-19 1.000000e+25 
7.375000e+04 1.303085e-19 1.000000e+25 
7.406250e+04 1.280278e-19 1.000000e+25 
7.437500e+04 1.258573e-19 1.000000e+25 
7.468750e+04 1.238484e-19 1.000000e+25 
7.500000e+04 1.219458e-19 1.000000e+25 
7.531250e+04 1.201924e-19 1.000000e+25 
7.562500e+04 1.185420e-19 1.000000e+25 
7.593750e+04 1.170310e-19 1.000000e+25 
7.625000e+04 1.156207e-19 1.000000e+25 
7.656250e+04 1.143431e-19 1.000000e+25 
7.687500e+04 1.131647e-19 1.000000e+25 
7.718750e+04 1.121146e-19 1.000000e+25 
7.750000e+04 1.111629e-19 1.000000e+25 
7.781250e+04 1.103372e-19 1.000000e+25 
7.812500e+04 1.096093e-19 1.000000e+25 
7.843750e+04 1.090063e-19 1.000000e+25 
7.875000e+04 1.085009e-19 1.000000e+25 
7.906250e+04 1.081198e-19 1.000000e+25 
7.937500e+04 1.078362e-19 1.000000e+25 
7.968750e+04 1.076767e-19 1.000000e+25 
8.000000e+04 1.076147e-19 1.000000e+25 
