0.000000e+00 1.276001e-18 1.000000e+25 
4.166667e+02 1.277300e-18 1.000000e+25 
8.333333e+02 1.280064e-18 1.000000e+25 
1.250000e+03 1.285489e-18 1.000000e+25 
1.666667e+03 1.292410e-18 1.000000e+25 
2.083333e+03 1.302093e-18 1.000000e+25 
2.500000e+03 1.313359e-18 1.000000e+25 
2.916667e+03 1.327640e-18 1.000000e+25 
3.333333e+03 1.343625e-18 1.000000e+25 
3.750000e+03 1.362791e-18 1.000000e+25 
4.166667e+03 1.383777e-18 1.000000e+25 
4.583333e+03 1.408323e-18 1.000000e+25 
5.000000e+03 1.434943e-18 1.000000e+25 
5.416667e+03 1.465849e-18 1.000000e+25 
5.833333e+03 1.499128e-18 1.000000e+25 
6.250000e+03 1.536870e-18 1.000000e+25 
6.666667e+03 1.577011e-18 1.000000e+25 
7.083333e+03 1.621932e-18 1.000000e+25 
7.500000e+03 1.669491e-18 1.000000e+25 
7.916667e+03 1.721217e-18 1.000000e+25 
8.333333e+03 1.776257e-18 1.000000e+25 
8.750000e+03 1.839412e-18 1.000000e+25 
9.166667e+03 1.906106e-18 1.000000e+25 
9.583333e+03 1.976842e-18 1.000000e+25 
1.000000e+04 2.046720e-18 1.000000e+25 
1.041667e+04 2.126412e-18 1.000000e+25 
1.083333e+04 2.200631e-18 1.000000e+25 
1.125000e+04 2.233513e-18 1.000000e+25 
1.166667e+04 2.283625e-18 1.000000e+25 
1.208333e+04 2.351286e-18 1.000000e+25 
1.250000e+04 2.465701e-18 1.000000e+25 
1.291667e+04 2.790277e-18 1.000000e+25 
1.333333e+04 3.330671e-18 1.000000e+25 
1.375000e+04 4.084325e-18 1.000000e+25 
1.416667e+04 5.022495e-18 1.000000e+25 
1.458333e+04 6.214860e-18 9.089275e+24 
1.500000e+04 7.540659e-18 7.658361e+24 
1.541667e+04 9.070416e-18 6.469708e+24 
1.583333e+04 1.085604e-17 5.496901e+24 
1.625000e+04 1.298609e-17 4.652653e+24 
1.666667e+04 1.548039e-17 3.956424e+24 
1.708333e+04 1.849229e-17 3.348378e+24 
1.750000e+04 2.202307e-17 2.846722e+24 
1.791667e+04 2.628744e-17 2.409439e+24 
1.833333e+04 3.128179e-17 2.049082e+24 
1.875000e+04 3.730763e-17 1.733717e+24 
1.916667e+04 4.437562e-17 1.473559e+24 
1.958333e+04 5.291550e-17 1.245436e+24 
2.000000e+04 6.294252e-17 1.057371e+24 
2.041667e+04 7.508752e-17 8.922183e+23 
2.083333e+04 8.937363e-17 7.561908e+23 
2.125000e+04 1.067658e-16 6.365607e+23 
2.166667e+04 1.272516e-16 5.383152e+23 
2.208333e+04 1.523063e-16 4.518379e+23 
2.250000e+04 1.818509e-16 3.811053e+23 
2.291667e+04 2.182146e-16 3.187808e+23 
2.333333e+04 2.611155e-16 2.680902e+23 
2.375000e+04 3.142931e-16 2.234414e+23 
2.416667e+04 3.769862e-16 1.873819e+23 
2.458333e+04 4.551650e-16 1.557370e+23 
2.500000e+04 5.470629e-16 1.303781e+23 
2.541667e+04 6.617024e-16 1.083088e+23 
2.583333e+04 7.956022e-16 9.074572e+22 
2.625000e+04 9.612442e-16 7.562236e+22 
2.666667e+04 1.152715e-15 6.363725e+22 
2.708333e+04 1.385854e-15 5.339233e+22 
2.750000e+04 1.651701e-15 4.527622e+22 
2.791667e+04 1.969358e-15 3.834297e+22 
2.833333e+04 2.326007e-15 3.283332e+22 
2.875000e+04 2.743748e-15 2.811557e+22 
2.916667e+04 3.204536e-15 2.434766e+22 
2.958333e+04 3.730236e-15 2.113695e+22 
3.000000e+04 4.296559e-15 1.856049e+22 
3.041667e+04 4.914134e-15 1.641643e+22 
3.083333e+04 5.555015e-15 1.469460e+22 
3.125000e+04 6.198030e-15 1.334339e+22 
3.166667e+04 6.822330e-15 1.227484e+22 
3.208333e+04 7.350498e-15 1.156121e+22 
3.250000e+04 7.791193e-15 1.105182e+22 
3.291667e+04 7.992357e-15 1.094883e+22 
3.333333e+04 8.026595e-15 1.105206e+22 
3.375000e+04 7.685193e-15 1.173199e+22 
3.416667e+04 7.137983e-15 1.279982e+22 
3.458333e+04 6.238321e-15 1.482286e+22 
3.500000e+04 5.218406e-15 1.790236e+22 
3.541667e+04 4.144312e-15 2.243457e+22 
3.583333e+04 3.131866e-15 2.965342e+22 
3.625000e+04 2.444148e-15 3.662721e+22 
3.666667e+04 1.937325e-15 4.489794e+22 
3.708333e+04 1.779974e-15 4.768981e+22 
3.750000e+04 1.783062e-15 4.650001e+22 
3.791667e+04 1.758797e-15 4.776368e+22 
3.833333e+04 1.687282e-15 5.045115e+22 
3.875000e+04 1.690838e-15 4.945335e+22 
3.916667e+04 1.720600e-15 4.781628e+22 
3.958333e+04 1.683003e-15 4.971309e+22 
4.000000e+04 1.638565e-15 5.193759e+22 
4.041667e+04 1.683003e-15 4.971309e+22 
4.083333e+04 1.720600e-15 4.781628e+22 
4.125000e+04 1.690838e-15 4.945335e+22 
4.166667e+04 1.687282e-15 5.045115e+22 
4.208333e+04 1.758797e-15 4.776368e+22 
4.250000e+04 1.783062e-15 4.650001e+22 
4.291667e+04 1.779974e-15 4.768981e+22 
4.333333e+04 1.937325e-15 4.489794e+22 
4.375000e+04 2.444148e-15 3.662721e+22 
4.416667e+04 3.131866e-15 2.965342e+22 
4.458333e+04 4.144312e-15 2.243457e+22 
4.500000e+04 5.218406e-15 1.790236e+22 
4.541667e+04 6.238321e-15 1.482286e+22 
4.583333e+04 7.137983e-15 1.279982e+22 
4.625000e+04 7.685193e-15 1.173199e+22 
4.666667e+04 8.026595e-15 1.105206e+22 
4.708333e+04 7.992357e-15 1.094883e+22 
4.750000e+04 7.791193e-15 1.105182e+22 
4.791667e+04 7.350498e-15 1.156121e+22 
4.833333e+04 6.822330e-15 1.227484e+22 
4.875000e+04 6.198030e-15 1.334339e+22 
4.916667e+04 5.555015e-15 1.469460e+22 
4.958333e+04 4.914134e-15 1.641643e+22 
5.000000e+04 4.296559e-15 1.856049e+22 
5.041667e+04 3.730236e-15 2.113695e+22 
5.083333e+04 3.204536e-15 2.434766e+22 
5.125000e+04 2.743748e-15 2.811557e+22 
5.166667e+04 2.326007e-15 3.283332e+22 
5.208333e+04 1.969358e-15 3.834297e+22 
5.250000e+04 1.651701e-15 4.527622e+22 
5.291667e+04 1.385854e-15 5.339233e+22 
5.333333e+04 1.152715e-15 6.363725e+22 
5.375000e+04 9.612442e-16 7.562236e+22 
5.416667e+04 7.956022e-16 9.074572e+22 
5.458333e+04 6.617024e-16 1.083088e+23 
5.500000e+04 5.470629e-16 1.303781e+23 
5.541667e+04 4.551650e-16 1.557370e+23 
5.583333e+04 3.769862e-16 1.873819e+23 
5.625000e+04 3.142931e-16 2.234414e+23 
5.666667e+04 2.611155e-16 2.680902e+23 
5.708333e+04 2.182146e-16 3.187808e+23 
5.750000e+04 1.818509e-16 3.811053e+23 
5.791667e+04 1.523063e-16 4.518379e+23 
5.833333e+04 1.272516e-16 5.383152e+23 
5.875000e+04 1.067658e-16 6.365607e+23 
5.916667e+04 8.937363e-17 7.561908e+23 
5.958333e+04 7.508752e-17 8.922183e+23 
6.000000e+04 6.294252e-17 1.057371e+24 
6.041667e+04 5.291550e-17 1.245436e+24 
6.083333e+04 4.437562e-17 1.473559e+24 
6.125000e+04 3.730763e-17 1.733717e+24 
6.166667e+04 3.128179e-17 2.049082e+24 
6.208333e+04 2.628744e-17 2.409439e+24 
6.250000e+04 2.202307e-17 2.846722e+24 
6.291667e+04 1.849229e-17 3.348378e+24 
6.333333e+04 1.548039e-17 3.956424e+24 
6.375000e+04 1.298609e-17 4.652653e+24 
6.416667e+04 1.085604e-17 5.496901e+24 
6.458333e+04 9.070416e-18 6.469708e+24 
6.500000e+04 7.540659e-18 7.658361e+24 
6.541667e+04 6.214860e-18 9.089275e+24 
6.583333e+04 5.022495e-18 1.000000e+25 
6.625000e+04 4.084325e-18 1.000000e+25 
6.666667e+04 3.330671e-18 1.000000e+25 
6.708333e+04 2.790277e-18 1.000000e+25 
6.750000e+04 2.465701e-18 1.000000e+25 
6.791667e+04 2.351286e-18 1.000000e+25 
6.833333e+04 2.283625e-18 1.000000e+25 
6.875000e+04 2.233513e-18 1.000000e+25 
6.916667e+04 2.200631e-18 1.000000e+25 
6.958333e+04 2.126412e-18 1.000000e+25 
7.000000e+04 2.046720e-18 1.000000e+25 
7.041667e+04 1.976842e-18 1.000000e+25 
7.083333e+04 1.906106e-18 1.000000e+25 
7.125000e+04 1.839412e-18 1.000000e+25 
7.166667e+04 1.776257e-18 1.000000e+25 
7.208333e+04 1.721217e-18 1.000000e+25 
7.250000e+04 1.669491e-18 1.000000e+25 
7.291667e+04 1.621932e-18 1.000000e+25 
7.333333e+04 1.577011e-18 1.000000e+25 
7.375000e+04 1.536870e-18 1.000000e+25 
7.416667e+04 1.499128e-18 1.000000e+25 
7.458333e+04 1.465849e-18 1.000000e+25 
7.500000e+04 1.434943e-18 1.000000e+25 
7.541667e+04 1.408323e-18 1.000000e+25 
7.583333e+04 1.383777e-18 1.000000e+25 
7.625000e+04 1.362791e-18 1.000000e+25 
7.666667e+04 1.343625e-18 1.000000e+25 
7.708333e+04 1.327640e-18 1.000000e+25 
7.750000e+04 1.313359e-18 1.000000e+25 
7.791667e+04 1.302093e-18 1.000000e+25 
7.833333e+04 1.292410e-18 1.000000e+25 
7.875000e+04 1.285489e-18 1.000000e+25 
7.916667e+04 1.280064e-18 1.000000e+25 
7.958333e+04 1.277300e-18 1.000000e+25 
8.000000e+04 1.276001e-18 1.000000e+25 
