0.000000e+00 1.610300e-18 1.000000e+25 
2.083333e+02 1.610718e-18 1.000000e+25 
4.166667e+02 1.611600e-18 1.000000e+25 
6.250000e+02 1.613320e-18 1.000000e+25 
8.333333e+02 1.615505e-18 1.000000e+25 
1.041667e+03 1.618534e-18 1.000000e+25 
1.250000e+03 1.622032e-18 1.000000e+25 
1.458333e+03 1.626388e-18 1.000000e+25 
1.666667e+03 1.631222e-18 1.000000e+25 
1.875000e+03 1.636936e-18 1.000000e+25 
2.083333e+03 1.643142e-18 1.000000e+25 
2.291667e+03 1.650260e-18 1.000000e+25 
2.500000e+03 1.657889e-18 1.000000e+25 
2.708333e+03 1.666470e-18 1.000000e+25 
2.916667e+03 1.675581e-18 1.000000e+25 
3.125000e+03 1.685689e-18 1.000000e+25 
3.333333e+03 1.696349e-18 1.000000e+25 
3.541667e+03 1.708052e-18 1.000000e+25 
3.750000e+03 1.720330e-18 1.000000e+25 
3.958333e+03 1.733701e-18 1.000000e+25 
4.166667e+03 1.747673e-18 1.000000e+25 
4.375000e+03 1.762796e-18 1.000000e+25 
4.583333e+03 1.778550e-18 1.000000e+25 
4.791667e+03 1.795518e-18 1.000000e+25 
5.000000e+03 1.813147e-18 1.000000e+25 
5.208333e+03 1.832053e-18 1.000000e+25 
5.416667e+03 1.851653e-18 1.000000e+25 
5.625000e+03 1.872598e-18 1.000000e+25 
5.833333e+03 1.894270e-18 1.000000e+25 
6.041667e+03 1.917363e-18 1.000000e+25 
6.250000e+03 1.941222e-18 1.000000e+25 
6.458333e+03 1.966585e-18 1.000000e+25 
6.666667e+03 1.992754e-18 1.000000e+25 
6.875000e+03 2.020490e-18 1.000000e+25 
7.083333e+03 2.049064e-18 1.000000e+25 
7.291667e+03 2.079306e-18 1.000000e+25 
7.500000e+03 2.110443e-18 1.000000e+25 
7.708333e+03 2.143351e-18 1.000000e+25 
7.916667e+03 2.177206e-18 1.000000e+25 
8.125000e+03 2.212922e-18 1.000000e+25 
8.333333e+03 2.249615e-18 1.000000e+25 
8.541667e+03 2.288107e-18 1.000000e+25 
8.750000e+03 2.327563e-18 1.000000e+25 
8.958333e+03 2.368901e-18 1.000000e+25 
9.166667e+03 2.411249e-18 1.000000e+25 
9.375000e+03 2.455640e-18 1.000000e+25 
9.583333e+03 2.501111e-18 1.000000e+25 
9.791667e+03 2.548773e-18 1.000000e+25 
1.000000e+04 2.597686e-18 1.000000e+25 
1.020833e+04 2.651011e-18 1.000000e+25 
1.041667e+04 2.706377e-18 1.000000e+25 
1.062500e+04 2.763051e-18 1.000000e+25 
1.083333e+04 2.819557e-18 1.000000e+25 
1.104167e+04 2.874911e-18 1.000000e+25 
1.125000e+04 2.932374e-18 1.000000e+25 
1.145833e+04 2.962696e-18 1.000000e+25 
1.166667e+04 2.993377e-18 1.000000e+25 
1.187500e+04 3.042335e-18 1.000000e+25 
1.208333e+04 3.107344e-18 1.000000e+25 
1.229167e+04 3.270782e-18 1.000000e+25 
1.250000e+04 3.531423e-18 1.000000e+25 
1.270833e+04 3.879784e-18 1.000000e+25 
1.291667e+04 4.281105e-18 1.000000e+25 
1.312500e+04 4.744393e-18 1.000000e+25 
1.333333e+04 5.225012e-18 1.000000e+25 
1.354167e+04 5.723041e-18 1.000000e+25 
1.375000e+04 6.258850e-18 9.679555e+24 
1.395833e+04 6.838054e-18 8.973243e+24 
1.416667e+04 7.464233e-18 8.326358e+24 
1.437500e+04 8.153382e-18 7.714495e+24 
1.458333e+04 8.898572e-18 7.154556e+24 
1.479167e+04 9.715862e-18 6.629567e+24 
1.500000e+04 1.059803e-17 6.149947e+24 
1.520833e+04 1.156253e-17 5.699081e+24 
1.541667e+04 1.260286e-17 5.287215e+24 
1.562500e+04 1.373755e-17 4.899589e+24 
1.583333e+04 1.496133e-17 4.545301e+24 
1.604167e+04 1.629680e-17 4.211663e+24 
1.625000e+04 1.773795e-17 3.906447e+24 
1.645833e+04 1.931331e-17 3.618824e+24 
1.666667e+04 2.101396e-17 3.355649e+24 
1.687500e+04 2.287408e-17 3.107649e+24 
1.708333e+04 2.488236e-17 2.880781e+24 
1.729167e+04 2.707935e-17 2.666969e+24 
1.750000e+04 2.945191e-17 2.471409e+24 
1.770833e+04 3.204861e-17 2.287071e+24 
1.791667e+04 3.485366e-17 2.118507e+24 
1.812500e+04 3.792559e-17 1.959612e+24 
1.833333e+04 4.124510e-17 1.814359e+24 
1.854167e+04 4.488301e-17 1.677445e+24 
1.875000e+04 4.881547e-17 1.552340e+24 
1.895833e+04 5.312805e-17 1.434428e+24 
1.916667e+04 5.779136e-17 1.326742e+24 
1.937500e+04 6.290896e-17 1.225257e+24 
1.958333e+04 6.844459e-17 1.132631e+24 
1.979167e+04 7.452400e-17 1.045346e+24 
2.000000e+04 8.110222e-17 9.657360e+23 
2.020833e+04 8.833251e-17 8.907223e+23 
2.041667e+04 9.615867e-17 8.223572e+23 
2.062500e+04 1.047684e-16 7.579433e+23 
2.083333e+04 1.140908e-16 6.992898e+23 
2.104167e+04 1.243570e-16 6.440285e+23 
2.125000e+04 1.354765e-16 5.937585e+23 
2.145833e+04 1.477362e-16 5.463976e+23 
2.166667e+04 1.610185e-16 5.033619e+23 
2.187500e+04 1.756826e-16 4.628197e+23 
2.208333e+04 1.915734e-16 4.260258e+23 
2.229167e+04 2.091441e-16 3.913692e+23 
2.250000e+04 2.281871e-16 3.599613e+23 
2.270833e+04 2.492778e-16 3.303876e+23 
2.291667e+04 2.721355e-16 3.036288e+23 
2.312500e+04 2.974935e-16 2.784482e+23 
2.333333e+04 3.249695e-16 2.557046e+23 
2.354167e+04 3.554978e-16 2.343237e+23 
2.375000e+04 3.885583e-16 2.150493e+23 
2.395833e+04 4.253346e-16 1.969561e+23 
2.416667e+04 4.651249e-16 1.806786e+23 
2.437500e+04 5.094111e-16 1.654280e+23 
2.458333e+04 5.572610e-16 1.517358e+23 
2.479167e+04 6.104983e-16 1.389373e+23 
2.500000e+04 6.679110e-16 1.274686e+23 
2.520833e+04 7.316956e-16 1.167758e+23 
2.541667e+04 8.003164e-16 1.072099e+23 
2.562500e+04 8.763555e-16 9.831353e+22 
2.583333e+04 9.579213e-16 9.036464e+22 
2.604167e+04 1.047975e-15 8.298779e+22 
2.625000e+04 1.144253e-15 7.640140e+22 
2.645833e+04 1.250073e-15 7.029812e+22 
2.666667e+04 1.362794e-15 6.484957e+22 
2.687500e+04 1.486063e-15 5.980423e+22 
2.708333e+04 1.616866e-15 5.529810e+22 
2.729167e+04 1.759147e-15 5.112522e+22 
2.750000e+04 1.909525e-15 4.739474e+22 
2.770833e+04 2.072206e-15 4.393819e+22 
2.791667e+04 2.243438e-15 4.084395e+22 
2.812500e+04 2.427642e-15 3.797517e+22 
2.833333e+04 2.620685e-15 3.540308e+22 
2.854167e+04 2.827107e-15 3.301833e+22 
2.875000e+04 3.042401e-15 3.087683e+22 
2.895833e+04 3.271017e-15 2.889388e+22 
2.916667e+04 3.508144e-15 2.711072e+22 
2.937500e+04 3.757762e-15 2.546519e+22 
2.958333e+04 4.014935e-15 2.398403e+22 
2.979167e+04 4.282574e-15 2.262588e+22 
3.000000e+04 4.555983e-15 2.140309e+22 
3.020833e+04 4.836145e-15 2.029346e+22 
3.041667e+04 5.119219e-15 1.929543e+22 
3.062500e+04 5.403185e-15 1.840432e+22 
3.083333e+04 5.685936e-15 1.760549e+22 
3.104167e+04 5.961234e-15 1.691036e+22 
3.125000e+04 6.229849e-15 1.629215e+22 
3.145833e+04 6.480096e-15 1.577752e+22 
3.166667e+04 6.716961e-15 1.532836e+22 
3.187500e+04 6.922264e-15 1.498629e+22 
3.208333e+04 7.106615e-15 1.470253e+22 
3.229167e+04 7.244739e-15 1.453402e+22 
3.250000e+04 7.354162e-15 1.442193e+22 
3.270833e+04 7.402736e-15 1.443947e+22 
3.291667e+04 7.415729e-15 1.451880e+22 
3.312500e+04 7.355660e-15 1.475054e+22 
3.333333e+04 7.255411e-15 1.506040e+22 
3.354167e+04 7.075440e-15 1.555697e+22 
3.375000e+04 6.854571e-15 1.616559e+22 
3.395833e+04 6.556417e-15 1.701025e+22 
3.416667e+04 6.221993e-15 1.802979e+22 
3.437500e+04 5.824917e-15 1.935080e+22 
3.458333e+04 5.402392e-15 2.095498e+22 
3.479167e+04 4.945526e-15 2.292750e+22 
3.500000e+04 4.480139e-15 2.534840e+22 
3.520833e+04 4.021082e-15 2.813239e+22 
3.541667e+04 3.575161e-15 3.153563e+22 
3.562500e+04 3.182689e-15 3.499163e+22 
3.583333e+04 2.827004e-15 3.896297e+22 
3.604167e+04 2.564863e-15 4.212020e+22 
3.625000e+04 2.356449e-15 4.503651e+22 
3.645833e+04 2.238887e-15 4.677075e+22 
3.666667e+04 2.165284e-15 4.777266e+22 
3.687500e+04 2.126887e-15 4.855206e+22 
3.708333e+04 2.100812e-15 4.909087e+22 
3.729167e+04 2.076132e-15 4.967969e+22 
3.750000e+04 2.047703e-15 5.038301e+22 
3.770833e+04 2.021851e-15 5.100070e+22 
3.791667e+04 1.996526e-15 5.162807e+22 
3.812500e+04 1.973476e-15 5.221760e+22 
3.833333e+04 1.952475e-15 5.276911e+22 
3.854167e+04 1.934364e-15 5.326335e+22 
3.875000e+04 1.917786e-15 5.372790e+22 
3.895833e+04 1.903414e-15 5.413626e+22 
3.916667e+04 1.890476e-15 5.451460e+22 
3.937500e+04 1.881481e-15 5.476229e+22 
3.958333e+04 1.874607e-15 5.495572e+22 
3.979167e+04 1.870589e-15 5.508044e+22 
4.000000e+04 1.868520e-15 5.515380e+22 
4.020833e+04 1.870589e-15 5.508044e+22 
4.041667e+04 1.874607e-15 5.495572e+22 
4.062500e+04 1.881481e-15 5.476229e+22 
4.083333e+04 1.890476e-15 5.451460e+22 
4.104167e+04 1.903414e-15 5.413626e+22 
4.125000e+04 1.917786e-15 5.372790e+22 
4.145833e+04 1.934364e-15 5.326335e+22 
4.166667e+04 1.952475e-15 5.276911e+22 
4.187500e+04 1.973476e-15 5.221760e+22 
4.208333e+04 1.996526e-15 5.162807e+22 
4.229167e+04 2.021851e-15 5.100070e+22 
4.250000e+04 2.047703e-15 5.038301e+22 
4.270833e+04 2.076132e-15 4.967969e+22 
4.291667e+04 2.100812e-15 4.909087e+22 
4.312500e+04 2.126887e-15 4.855206e+22 
4.333333e+04 2.165284e-15 4.777266e+22 
4.354167e+04 2.238887e-15 4.677075e+22 
4.375000e+04 2.356449e-15 4.503651e+22 
4.395833e+04 2.564863e-15 4.212020e+22 
4.416667e+04 2.827004e-15 3.896297e+22 
4.437500e+04 3.182689e-15 3.499163e+22 
4.458333e+04 3.575161e-15 3.153563e+22 
4.479167e+04 4.021082e-15 2.813239e+22 
4.500000e+04 4.480139e-15 2.534840e+22 
4.520833e+04 4.945526e-15 2.292750e+22 
4.541667e+04 5.402392e-15 2.095498e+22 
4.562500e+04 5.824917e-15 1.935080e+22 
4.583333e+04 6.221993e-15 1.802979e+22 
4.604167e+04 6.556417e-15 1.701025e+22 
4.625000e+04 6.854571e-15 1.616559e+22 
4.645833e+04 7.075440e-15 1.555697e+22 
4.666667e+04 7.255411e-15 1.506040e+22 
4.687500e+04 7.355660e-15 1.475054e+22 
4.708333e+04 7.415729e-15 1.451880e+22 
4.729167e+04 7.402736e-15 1.443947e+22 
4.750000e+04 7.354162e-15 1.442193e+22 
4.770833e+04 7.244739e-15 1.453402e+22 
4.791667e+04 7.106615e-15 1.470253e+22 
4.812500e+04 6.922264e-15 1.498629e+22 
4.833333e+04 6.716961e-15 1.532836e+22 
4.854167e+04 6.480096e-15 1.577752e+22 
4.875000e+04 6.229849e-15 1.629215e+22 
4.895833e+04 5.961234e-15 1.691036e+22 
4.916667e+04 5.685936e-15 1.760549e+22 
4.937500e+04 5.403185e-15 1.840432e+22 
4.958333e+04 5.119219e-15 1.929543e+22 
4.979167e+04 4.836145e-15 2.029346e+22 
5.000000e+04 4.555983e-15 2.140309e+22 
5.020833e+04 4.282574e-15 2.262588e+22 
5.041667e+04 4.014935e-15 2.398403e+22 
5.062500e+04 3.757762e-15 2.546519e+22 
5.083333e+04 3.508144e-15 2.711072e+22 
5.104167e+04 3.271017e-15 2.889388e+22 
5.125000e+04 3.042401e-15 3.087683e+22 
5.145833e+04 2.827107e-15 3.301833e+22 
5.166667e+04 2.620685e-15 3.540308e+22 
5.187500e+04 2.427642e-15 3.797517e+22 
5.208333e+04 2.243438e-15 4.084395e+22 
5.229167e+04 2.072206e-15 4.393819e+22 
5.250000e+04 1.909525e-15 4.739474e+22 
5.270833e+04 1.759147e-15 5.112522e+22 
5.291667e+04 1.616866e-15 5.529810e+22 
5.312500e+04 1.486063e-15 5.980423e+22 
5.333333e+04 1.362794e-15 6.484957e+22 
5.354167e+04 1.250073e-15 7.029812e+22 
5.375000e+04 1.144253e-15 7.640140e+22 
5.395833e+04 1.047975e-15 8.298779e+22 
5.416667e+04 9.579213e-16 9.036464e+22 
5.437500e+04 8.763555e-16 9.831353e+22 
5.458333e+04 8.003164e-16 1.072099e+23 
5.479167e+04 7.316956e-16 1.167758e+23 
5.500000e+04 6.679110e-16 1.274686e+23 
5.520833e+04 6.104983e-16 1.389373e+23 
5.541667e+04 5.572610e-16 1.517358e+23 
5.562500e+04 5.094111e-16 1.654280e+23 
5.583333e+04 4.651249e-16 1.806786e+23 
5.604167e+04 4.253346e-16 1.969561e+23 
5.625000e+04 3.885583e-16 2.150493e+23 
5.645833e+04 3.554978e-16 2.343237e+23 
5.666667e+04 3.249695e-16 2.557046e+23 
5.687500e+04 2.974935e-16 2.784482e+23 
5.708333e+04 2.721355e-16 3.036288e+23 
5.729167e+04 2.492778e-16 3.303876e+23 
5.750000e+04 2.281871e-16 3.599613e+23 
5.770833e+04 2.091441e-16 3.913692e+23 
5.791667e+04 1.915734e-16 4.260258e+23 
5.812500e+04 1.756826e-16 4.628197e+23 
5.833333e+04 1.610185e-16 5.033619e+23 
5.854167e+04 1.477362e-16 5.463976e+23 
5.875000e+04 1.354765e-16 5.937585e+23 
5.895833e+04 1.243570e-16 6.440285e+23 
5.916667e+04 1.140908e-16 6.992898e+23 
5.937500e+04 1.047684e-16 7.579433e+23 
5.958333e+04 9.615867e-17 8.223572e+23 
5.979167e+04 8.833251e-17 8.907223e+23 
6.000000e+04 8.110222e-17 9.657360e+23 
6.020833e+04 7.452400e-17 1.045346e+24 
6.041667e+04 6.844459e-17 1.132631e+24 
6.062500e+04 6.290896e-17 1.225257e+24 
6.083333e+04 5.779136e-17 1.326742e+24 
6.104167e+04 5.312805e-17 1.434428e+24 
6.125000e+04 4.881547e-17 1.552340e+24 
6.145833e+04 4.488301e-17 1.677445e+24 
6.166667e+04 4.124510e-17 1.814359e+24 
6.187500e+04 3.792559e-17 1.959612e+24 
6.208333e+04 3.485366e-17 2.118507e+24 
6.229167e+04 3.204861e-17 2.287071e+24 
6.250000e+04 2.945191e-17 2.471409e+24 
6.270833e+04 2.707935e-17 2.666969e+24 
6.291667e+04 2.488236e-17 2.880781e+24 
6.312500e+04 2.287408e-17 3.107649e+24 
6.333333e+04 2.101396e-17 3.355649e+24 
6.354167e+04 1.931331e-17 3.618824e+24 
6.375000e+04 1.773795e-17 3.906447e+24 
6.395833e+04 1.629680e-17 4.211663e+24 
6.416667e+04 1.496133e-17 4.545301e+24 
6.437500e+04 1.373755e-17 4.899589e+24 
6.458333e+04 1.260286e-17 5.287215e+24 
6.479167e+04 1.156253e-17 5.699081e+24 
6.500000e+04 1.059803e-17 6.149947e+24 
6.520833e+04 9.715862e-18 6.629567e+24 
6.541667e+04 8.898572e-18 7.154556e+24 
6.562500e+04 8.153382e-18 7.714495e+24 
6.583333e+04 7.464233e-18 8.326358e+24 
6.604167e+04 6.838054e-18 8.973243e+24 
6.625000e+04 6.258850e-18 9.679555e+24 
6.645833e+04 5.723041e-18 1.000000e+25 
6.666667e+04 5.225012e-18 1.000000e+25 
6.687500e+04 4.744393e-18 1.000000e+25 
6.708333e+04 4.281105e-18 1.000000e+25 
6.729167e+04 3.879784e-18 1.000000e+25 
6.750000e+04 3.531423e-18 1.000000e+25 
6.770833e+04 3.270782e-18 1.000000e+25 
6.791667e+04 3.107344e-18 1.000000e+25 
6.812500e+04 3.042335e-18 1.000000e+25 
6.833333e+04 2.993377e-18 1.000000e+25 
6.854167e+04 2.962696e-18 1.000000e+25 
6.875000e+04 2.932374e-18 1.000000e+25 
6.895833e+04 2.874911e-18 1.000000e+25 
6.916667e+04 2.819557e-18 1.000000e+25 
6.937500e+04 2.763051e-18 1.000000e+25 
6.958333e+04 2.706377e-18 1.000000e+25 
6.979167e+04 2.651011e-18 1.000000e+25 
7.000000e+04 2.597686e-18 1.000000e+25 
7.020833e+04 2.548773e-18 1.000000e+25 
7.041667e+04 2.501111e-18 1.000000e+25 
7.062500e+04 2.455640e-18 1.000000e+25 
7.083333e+04 2.411249e-18 1.000000e+25 
7.104167e+04 2.368901e-18 1.000000e+25 
7.125000e+04 2.327563e-18 1.000000e+25 
7.145833e+04 2.288107e-18 1.000000e+25 
7.166667e+04 2.249615e-18 1.000000e+25 
7.187500e+04 2.212922e-18 1.000000e+25 
7.208333e+04 2.177206e-18 1.000000e+25 
7.229167e+04 2.143351e-18 1.000000e+25 
7.250000e+04 2.110443e-18 1.000000e+25 
7.270833e+04 2.079306e-18 1.000000e+25 
7.291667e+04 2.049064e-18 1.000000e+25 
7.312500e+04 2.020490e-18 1.000000e+25 
7.333333e+04 1.992754e-18 1.000000e+25 
7.354167e+04 1.966585e-18 1.000000e+25 
7.375000e+04 1.941222e-18 1.000000e+25 
7.395833e+04 1.917363e-18 1.000000e+25 
7.416667e+04 1.894270e-18 1.000000e+25 
7.437500e+04 1.872598e-18 1.000000e+25 
7.458333e+04 1.851653e-18 1.000000e+25 
7.479167e+04 1.832053e-18 1.000000e+25 
7.500000e+04 1.813147e-18 1.000000e+25 
7.520833e+04 1.795518e-18 1.000000e+25 
7.541667e+04 1.778550e-18 1.000000e+25 
7.562500e+04 1.762796e-18 1.000000e+25 
7.583333e+04 1.747673e-18 1.000000e+25 
7.604167e+04 1.733701e-18 1.000000e+25 
7.625000e+04 1.720330e-18 1.000000e+25 
7.645833e+04 1.708052e-18 1.000000e+25 
7.666667e+04 1.696349e-18 1.000000e+25 
7.687500e+04 1.685689e-18 1.000000e+25 
7.708333e+04 1.675581e-18 1.000000e+25 
7.729167e+04 1.666470e-18 1.000000e+25 
7.750000e+04 1.657889e-18 1.000000e+25 
7.770833e+04 1.650260e-18 1.000000e+25 
7.791667e+04 1.643142e-18 1.000000e+25 
7.812500e+04 1.636936e-18 1.000000e+25 
7.833333e+04 1.631222e-18 1.000000e+25 
7.854167e+04 1.626388e-18 1.000000e+25 
7.875000e+04 1.622032e-18 1.000000e+25 
7.895833e+04 1.618534e-18 1.000000e+25 
7.916667e+04 1.615505e-18 1.000000e+25 
7.937500e+04 1.613320e-18 1.000000e+25 
7.958333e+04 1.611600e-18 1.000000e+25 
7.979167e+04 1.610718e-18 1.000000e+25 
8.000000e+04 1.610300e-18 1.000000e+25 
