0.000000e+00 1.064363e-17 5.830138e+24 
1.562500e+02 1.064952e-17 5.826900e+24 
3.125000e+02 1.066495e-17 5.818845e+24 
4.687500e+02 1.069206e-17 5.804507e+24 
6.250000e+02 1.072864e-17 5.785512e+24 
7.812500e+02 1.077669e-17 5.760702e+24 
9.375000e+02 1.083414e-17 5.731515e+24 
1.093750e+03 1.090292e-17 5.697021e+24 
1.250000e+03 1.098108e-17 5.658497e+24 
1.406250e+03 1.107063e-17 5.615037e+24 
1.562500e+03 1.116961e-17 5.567944e+24 
1.718750e+03 1.128021e-17 5.516143e+24 
1.875000e+03 1.140031e-17 5.461169e+24 
2.031250e+03 1.153227e-17 5.401707e+24 
2.187500e+03 1.167373e-17 5.339608e+24 
2.343750e+03 1.182714e-17 5.273383e+24 
2.500000e+03 1.199000e-17 5.205116e+24 
2.656250e+03 1.216465e-17 5.133288e+24 
2.812500e+03 1.234864e-17 5.060025e+24 
2.968750e+03 1.254408e-17 4.983922e+24 
3.125000e+03 1.274881e-17 4.906940e+24 
3.281250e+03 1.296461e-17 4.827887e+24 
3.437500e+03 1.318974e-17 4.748422e+24 
3.593750e+03 1.342569e-17 4.667597e+24 
3.750000e+03 1.367116e-17 4.586724e+24 
3.906250e+03 1.392741e-17 4.505077e+24 
4.062500e+03 1.419352e-17 4.423651e+24 
4.218750e+03 1.447064e-17 4.341897e+24 
4.375000e+03 1.475813e-17 4.260563e+24 
4.531250e+03 1.505708e-17 4.179219e+24 
4.687500e+03 1.536700e-17 4.098446e+24 
4.843750e+03 1.568906e-17 4.017878e+24 
5.000000e+03 1.602278e-17 3.938006e+24 
5.156250e+03 1.636944e-17 3.858483e+24 
5.312500e+03 1.672850e-17 3.779767e+24 
5.468750e+03 1.710143e-17 3.701499e+24 
5.625000e+03 1.748751e-17 3.624141e+24 
5.781250e+03 1.788846e-17 3.547300e+24 
5.937500e+03 1.830335e-17 3.471467e+24 
6.093750e+03 1.873414e-17 3.396208e+24 
6.250000e+03 1.917966e-17 3.322047e+24 
6.406250e+03 1.964214e-17 3.248510e+24 
6.562500e+03 2.012016e-17 3.176153e+24 
6.718750e+03 2.061623e-17 3.104465e+24 
6.875000e+03 2.112866e-17 3.034031e+24 
7.031250e+03 2.166025e-17 2.964306e+24 
7.187500e+03 2.220906e-17 2.895898e+24 
7.343750e+03 2.277816e-17 2.828238e+24 
7.500000e+03 2.336539e-17 2.761941e+24 
7.656250e+03 2.397409e-17 2.696426e+24 
7.812500e+03 2.460186e-17 2.632309e+24 
7.968750e+03 2.525235e-17 2.569000e+24 
8.125000e+03 2.592293e-17 2.507109e+24 
8.281250e+03 2.661757e-17 2.446046e+24 
8.437500e+03 2.733339e-17 2.386409e+24 
8.593750e+03 2.807469e-17 2.327612e+24 
8.750000e+03 2.883840e-17 2.270237e+24 
8.906250e+03 2.962912e-17 2.213705e+24 
9.062500e+03 3.044357e-17 2.158582e+24 
9.218750e+03 3.128672e-17 2.104298e+24 
9.375000e+03 3.215505e-17 2.051403e+24 
9.531250e+03 3.305393e-17 1.999337e+24 
9.687500e+03 3.397957e-17 1.948632e+24 
9.843750e+03 3.493779e-17 1.898742e+24 
1.000000e+04 3.592451e-17 1.850180e+24 
1.015625e+04 3.694600e-17 1.802415e+24 
1.031250e+04 3.799790e-17 1.755942e+24 
1.046875e+04 3.908698e-17 1.710246e+24 
1.062500e+04 4.020854e-17 1.665802e+24 
1.078125e+04 4.136989e-17 1.622114e+24 
1.093750e+04 4.256601e-17 1.579638e+24 
1.109375e+04 4.380474e-17 1.537896e+24 
1.125000e+04 4.508071e-17 1.497323e+24 
1.140625e+04 4.640237e-17 1.457461e+24 
1.156250e+04 4.776397e-17 1.418728e+24 
1.171875e+04 4.917460e-17 1.380681e+24 
1.187500e+04 5.062811e-17 1.343720e+24 
1.203125e+04 5.213427e-17 1.307423e+24 
1.218750e+04 5.368651e-17 1.272171e+24 
1.234375e+04 5.529534e-17 1.237558e+24 
1.250000e+04 5.695376e-17 1.203950e+24 
1.265625e+04 5.867308e-17 1.170957e+24 
1.281250e+04 6.044580e-17 1.138927e+24 
1.296875e+04 6.228412e-17 1.107489e+24 
1.312500e+04 6.418003e-17 1.076975e+24 
1.328125e+04 6.614666e-17 1.047030e+24 
1.343750e+04 6.817548e-17 1.017969e+24 
1.359375e+04 7.028065e-17 9.894536e+23 
1.375000e+04 7.245303e-17 9.617857e+23 
1.390625e+04 7.470793e-17 9.346397e+23 
1.406250e+04 7.703554e-17 9.083051e+23 
1.421875e+04 7.945245e-17 8.824700e+23 
1.437500e+04 8.194812e-17 8.574114e+23 
1.453125e+04 8.454051e-17 8.328306e+23 
1.468750e+04 8.721828e-17 8.089926e+23 
1.484375e+04 9.000092e-17 7.856115e+23 
1.500000e+04 9.287622e-17 7.629411e+23 
1.515625e+04 9.586534e-17 7.407076e+23 
1.531250e+04 9.895508e-17 7.191539e+23 
1.546875e+04 1.021684e-16 6.980182e+23 
1.562500e+04 1.054912e-16 6.775328e+23 
1.578125e+04 1.089483e-16 6.574472e+23 
1.593750e+04 1.125243e-16 6.379839e+23 
1.609375e+04 1.162465e-16 6.189033e+23 
1.625000e+04 1.200981e-16 6.004182e+23 
1.640625e+04 1.241087e-16 5.822996e+23 
1.656250e+04 1.282602e-16 5.647509e+23 
1.671875e+04 1.325849e-16 5.475532e+23 
1.687500e+04 1.370630e-16 5.309012e+23 
1.703125e+04 1.417296e-16 5.145856e+23 
1.718750e+04 1.465635e-16 4.987923e+23 
1.734375e+04 1.516026e-16 4.833214e+23 
1.750000e+04 1.568242e-16 4.683507e+23 
1.765625e+04 1.622692e-16 4.536891e+23 
1.781250e+04 1.679131e-16 4.395063e+23 
1.796875e+04 1.738005e-16 4.256199e+23 
1.812500e+04 1.799047e-16 4.121917e+23 
1.828125e+04 1.862741e-16 3.990478e+23 
1.843750e+04 1.928801e-16 3.863422e+23 
1.859375e+04 1.997750e-16 3.739091e+23 
1.875000e+04 2.069278e-16 3.618954e+23 
1.890625e+04 2.143954e-16 3.501426e+23 
1.906250e+04 2.221442e-16 3.387907e+23 
1.921875e+04 2.302359e-16 3.276887e+23 
1.937500e+04 2.386344e-16 3.169698e+23 
1.953125e+04 2.474062e-16 3.064897e+23 
1.968750e+04 2.565127e-16 2.963756e+23 
1.984375e+04 2.660257e-16 2.864895e+23 
2.000000e+04 2.759038e-16 2.769527e+23 
2.015625e+04 2.862244e-16 2.676334e+23 
2.031250e+04 2.969434e-16 2.586473e+23 
2.046875e+04 3.081441e-16 2.498682e+23 
2.062500e+04 3.197794e-16 2.414066e+23 
2.078125e+04 3.319391e-16 2.331417e+23 
2.093750e+04 3.445730e-16 2.251793e+23 
2.109375e+04 3.577779e-16 2.174034e+23 
2.125000e+04 3.715002e-16 2.099154e+23 
2.140625e+04 3.858444e-16 2.026039e+23 
2.156250e+04 4.007533e-16 1.955661e+23 
2.171875e+04 4.163398e-16 1.886950e+23 
2.187500e+04 4.325427e-16 1.820841e+23 
2.203125e+04 4.494846e-16 1.756302e+23 
2.218750e+04 4.670995e-16 1.694233e+23 
2.234375e+04 4.855211e-16 1.633639e+23 
2.250000e+04 5.046780e-16 1.575392e+23 
2.265625e+04 5.247169e-16 1.518525e+23 
2.281250e+04 5.455593e-16 1.463886e+23 
2.296875e+04 5.673680e-16 1.410537e+23 
2.312500e+04 5.900554e-16 1.359302e+23 
2.328125e+04 6.138042e-16 1.309268e+23 
2.343750e+04 6.385143e-16 1.261242e+23 
2.359375e+04 6.643941e-16 1.214332e+23 
2.375000e+04 6.913264e-16 1.169327e+23 
2.390625e+04 7.195524e-16 1.125359e+23 
2.406250e+04 7.489318e-16 1.083200e+23 
2.421875e+04 7.797481e-16 1.042002e+23 
2.437500e+04 8.118290e-16 1.002524e+23 
2.453125e+04 8.455128e-16 9.639372e+22 
2.468750e+04 8.805843e-16 9.269868e+22 
2.484375e+04 9.174515e-16 8.908649e+22 
2.500000e+04 9.558421e-16 8.563017e+22 
2.515625e+04 9.962521e-16 8.225128e+22 
2.531250e+04 1.038334e-15 7.902097e+22 
2.546875e+04 1.082694e-15 7.586364e+22 
2.562500e+04 1.128889e-15 7.284807e+22 
2.578125e+04 1.177655e-15 6.990204e+22 
2.593750e+04 1.228432e-15 6.709133e+22 
2.609375e+04 1.282110e-15 6.434779e+22 
2.625000e+04 1.337985e-15 6.173341e+22 
2.640625e+04 1.397123e-15 5.918482e+22 
2.656250e+04 1.458654e-15 5.675939e+22 
2.671875e+04 1.523833e-15 5.439925e+22 
2.687500e+04 1.591601e-15 5.215633e+22 
2.703125e+04 1.663410e-15 4.997884e+22 
2.718750e+04 1.738002e-15 4.791254e+22 
2.734375e+04 1.817015e-15 4.591217e+22 
2.750000e+04 1.898988e-15 4.401679e+22 
2.765625e+04 1.985725e-15 4.218784e+22 
2.781250e+04 2.075569e-15 4.045747e+22 
2.796875e+04 2.170452e-15 3.879373e+22 
2.812500e+04 2.268547e-15 3.722191e+22 
2.828125e+04 2.371853e-15 3.571634e+22 
2.843750e+04 2.478417e-15 3.429584e+22 
2.859375e+04 2.590230e-15 3.294048e+22 
2.875000e+04 2.705272e-15 3.166322e+22 
2.890625e+04 2.825442e-15 3.044922e+22 
2.906250e+04 2.948723e-15 2.930637e+22 
2.921875e+04 3.076827e-15 2.822418e+22 
2.937500e+04 3.207824e-15 2.720632e+22 
2.953125e+04 3.343147e-15 2.624599e+22 
2.968750e+04 3.481036e-15 2.534346e+22 
2.984375e+04 3.622552e-15 2.449500e+22 
3.000000e+04 3.766195e-15 2.369817e+22 
3.015625e+04 3.912565e-15 2.295188e+22 
3.031250e+04 4.060510e-15 2.225152e+22 
3.046875e+04 4.210080e-15 2.159835e+22 
3.062500e+04 4.360559e-15 2.098594e+22 
3.078125e+04 4.511357e-15 2.041775e+22 
3.093750e+04 4.662283e-15 1.988570e+22 
3.109375e+04 4.812010e-15 1.939551e+22 
3.125000e+04 4.960969e-15 1.893740e+22 
3.140625e+04 5.106975e-15 1.851954e+22 
3.156250e+04 5.251203e-15 1.813028e+22 
3.171875e+04 5.390461e-15 1.778059e+22 
3.187500e+04 5.526812e-15 1.745658e+22 
3.203125e+04 5.655877e-15 1.717251e+22 
3.218750e+04 5.780787e-15 1.691180e+22 
3.234375e+04 5.895763e-15 1.669257e+22 
3.250000e+04 6.005223e-15 1.649507e+22 
3.265625e+04 6.101750e-15 1.634190e+22 
3.281250e+04 6.191299e-15 1.620957e+22 
3.296875e+04 6.264585e-15 1.612593e+22 
3.312500e+04 6.329360e-15 1.606321e+22 
3.328125e+04 6.374285e-15 1.605521e+22 
3.343750e+04 6.409152e-15 1.606950e+22 
3.359375e+04 6.420483e-15 1.614652e+22 
3.375000e+04 6.420282e-15 1.624894e+22 
3.390625e+04 6.393026e-15 1.642445e+22 
3.406250e+04 6.352962e-15 1.663100e+22 
3.421875e+04 6.282873e-15 1.692381e+22 
3.437500e+04 6.199064e-15 1.725698e+22 
3.453125e+04 6.083305e-15 1.769298e+22 
3.468750e+04 5.953470e-15 1.818409e+22 
3.484375e+04 5.791392e-15 1.879857e+22 
3.500000e+04 5.615653e-15 1.949093e+22 
3.515625e+04 5.409628e-15 2.033133e+22 
3.531250e+04 5.191340e-15 2.128398e+22 
3.546875e+04 4.947545e-15 2.241194e+22 
3.562500e+04 4.694078e-15 2.370244e+22 
3.578125e+04 4.423144e-15 2.519178e+22 
3.593750e+04 4.146522e-15 2.691223e+22 
3.609375e+04 3.863945e-15 2.883173e+22 
3.625000e+04 3.581285e-15 3.106055e+22 
3.640625e+04 3.307504e-15 3.341475e+22 
3.656250e+04 3.041096e-15 3.612133e+22 
3.671875e+04 2.800802e-15 3.870484e+22 
3.687500e+04 2.577025e-15 4.153392e+22 
3.703125e+04 2.395968e-15 4.373841e+22 
3.718750e+04 2.240303e-15 4.582296e+22 
3.734375e+04 2.135949e-15 4.685904e+22 
3.750000e+04 2.060542e-15 4.738432e+22 
3.765625e+04 2.028045e-15 4.731293e+22 
3.781250e+04 2.018174e-15 4.675381e+22 
3.796875e+04 2.026607e-15 4.651197e+22 
3.812500e+04 2.043792e-15 4.608704e+22 
3.828125e+04 2.053407e-15 4.619136e+22 
3.843750e+04 2.059748e-15 4.636217e+22 
3.859375e+04 2.055153e-15 4.663929e+22 
3.875000e+04 2.046565e-15 4.700526e+22 
3.890625e+04 2.040606e-15 4.698601e+22 
3.906250e+04 2.035035e-15 4.696194e+22 
3.921875e+04 2.035888e-15 4.674047e+22 
3.937500e+04 2.038487e-15 4.648163e+22 
3.953125e+04 2.040003e-15 4.662093e+22 
3.968750e+04 2.040988e-15 4.677292e+22 
3.984375e+04 2.039350e-15 4.706785e+22 
4.000000e+04 2.037810e-15 4.736012e+22 
4.015625e+04 2.039350e-15 4.706785e+22 
4.031250e+04 2.040988e-15 4.677292e+22 
4.046875e+04 2.040003e-15 4.662093e+22 
4.062500e+04 2.038487e-15 4.648163e+22 
4.078125e+04 2.035888e-15 4.674047e+22 
4.093750e+04 2.035035e-15 4.696194e+22 
4.109375e+04 2.040606e-15 4.698601e+22 
4.125000e+04 2.046565e-15 4.700526e+22 
4.140625e+04 2.055153e-15 4.663929e+22 
4.156250e+04 2.059748e-15 4.636217e+22 
4.171875e+04 2.053407e-15 4.619136e+22 
4.187500e+04 2.043792e-15 4.608704e+22 
4.203125e+04 2.026607e-15 4.651197e+22 
4.218750e+04 2.018174e-15 4.675381e+22 
4.234375e+04 2.028045e-15 4.731293e+22 
4.250000e+04 2.060542e-15 4.738432e+22 
4.265625e+04 2.135949e-15 4.685904e+22 
4.281250e+04 2.240303e-15 4.582296e+22 
4.296875e+04 2.395968e-15 4.373841e+22 
4.312500e+04 2.577025e-15 4.153392e+22 
4.328125e+04 2.800802e-15 3.870484e+22 
4.343750e+04 3.041096e-15 3.612133e+22 
4.359375e+04 3.307504e-15 3.341475e+22 
4.375000e+04 3.581285e-15 3.106055e+22 
4.390625e+04 3.863945e-15 2.883173e+22 
4.406250e+04 4.146522e-15 2.691223e+22 
4.421875e+04 4.423144e-15 2.519178e+22 
4.437500e+04 4.694078e-15 2.370244e+22 
4.453125e+04 4.947545e-15 2.241194e+22 
4.468750e+04 5.191340e-15 2.128398e+22 
4.484375e+04 5.409628e-15 2.033133e+22 
4.500000e+04 5.615653e-15 1.949093e+22 
4.515625e+04 5.791392e-15 1.879857e+22 
4.531250e+04 5.953470e-15 1.818409e+22 
4.546875e+04 6.083305e-15 1.769298e+22 
4.562500e+04 6.199064e-15 1.725698e+22 
4.578125e+04 6.282873e-15 1.692381e+22 
4.593750e+04 6.352962e-15 1.663100e+22 
4.609375e+04 6.393026e-15 1.642445e+22 
4.625000e+04 6.420282e-15 1.624894e+22 
4.640625e+04 6.420483e-15 1.614652e+22 
4.656250e+04 6.409152e-15 1.606950e+22 
4.671875e+04 6.374285e-15 1.605521e+22 
4.687500e+04 6.329360e-15 1.606321e+22 
4.703125e+04 6.264585e-15 1.612593e+22 
4.718750e+04 6.191299e-15 1.620957e+22 
4.734375e+04 6.101750e-15 1.634190e+22 
4.750000e+04 6.005223e-15 1.649507e+22 
4.765625e+04 5.895763e-15 1.669257e+22 
4.781250e+04 5.780787e-15 1.691180e+22 
4.796875e+04 5.655877e-15 1.717251e+22 
4.812500e+04 5.526812e-15 1.745658e+22 
4.828125e+04 5.390461e-15 1.778059e+22 
4.843750e+04 5.251203e-15 1.813028e+22 
4.859375e+04 5.106975e-15 1.851954e+22 
4.875000e+04 4.960969e-15 1.893740e+22 
4.890625e+04 4.812010e-15 1.939551e+22 
4.906250e+04 4.662283e-15 1.988570e+22 
4.921875e+04 4.511357e-15 2.041775e+22 
4.937500e+04 4.360559e-15 2.098594e+22 
4.953125e+04 4.210080e-15 2.159835e+22 
4.968750e+04 4.060510e-15 2.225152e+22 
4.984375e+04 3.912565e-15 2.295188e+22 
5.000000e+04 3.766195e-15 2.369817e+22 
5.015625e+04 3.622552e-15 2.449500e+22 
5.031250e+04 3.481036e-15 2.534346e+22 
5.046875e+04 3.343147e-15 2.624599e+22 
5.062500e+04 3.207824e-15 2.720632e+22 
5.078125e+04 3.076827e-15 2.822418e+22 
5.093750e+04 2.948723e-15 2.930637e+22 
5.109375e+04 2.825442e-15 3.044922e+22 
5.125000e+04 2.705272e-15 3.166322e+22 
5.140625e+04 2.590230e-15 3.294048e+22 
5.156250e+04 2.478417e-15 3.429584e+22 
5.171875e+04 2.371853e-15 3.571634e+22 
5.187500e+04 2.268547e-15 3.722191e+22 
5.203125e+04 2.170452e-15 3.879373e+22 
5.218750e+04 2.075569e-15 4.045747e+22 
5.234375e+04 1.985725e-15 4.218784e+22 
5.250000e+04 1.898988e-15 4.401679e+22 
5.265625e+04 1.817015e-15 4.591217e+22 
5.281250e+04 1.738002e-15 4.791254e+22 
5.296875e+04 1.663410e-15 4.997884e+22 
5.312500e+04 1.591601e-15 5.215633e+22 
5.328125e+04 1.523833e-15 5.439925e+22 
5.343750e+04 1.458654e-15 5.675939e+22 
5.359375e+04 1.397123e-15 5.918482e+22 
5.375000e+04 1.337985e-15 6.173341e+22 
5.390625e+04 1.282110e-15 6.434779e+22 
5.406250e+04 1.228432e-15 6.709133e+22 
5.421875e+04 1.177655e-15 6.990204e+22 
5.437500e+04 1.128889e-15 7.284807e+22 
5.453125e+04 1.082694e-15 7.586364e+22 
5.468750e+04 1.038334e-15 7.902097e+22 
5.484375e+04 9.962521e-16 8.225128e+22 
5.500000e+04 9.558421e-16 8.563017e+22 
5.515625e+04 9.174515e-16 8.908649e+22 
5.531250e+04 8.805843e-16 9.269868e+22 
5.546875e+04 8.455128e-16 9.639372e+22 
5.562500e+04 8.118290e-16 1.002524e+23 
5.578125e+04 7.797481e-16 1.042002e+23 
5.593750e+04 7.489318e-16 1.083200e+23 
5.609375e+04 7.195524e-16 1.125359e+23 
5.625000e+04 6.913264e-16 1.169327e+23 
5.640625e+04 6.643941e-16 1.214332e+23 
5.656250e+04 6.385143e-16 1.261242e+23 
5.671875e+04 6.138042e-16 1.309268e+23 
5.687500e+04 5.900554e-16 1.359302e+23 
5.703125e+04 5.673680e-16 1.410537e+23 
5.718750e+04 5.455593e-16 1.463886e+23 
5.734375e+04 5.247169e-16 1.518525e+23 
5.750000e+04 5.046780e-16 1.575392e+23 
5.765625e+04 4.855211e-16 1.633639e+23 
5.781250e+04 4.670995e-16 1.694233e+23 
5.796875e+04 4.494846e-16 1.756302e+23 
5.812500e+04 4.325427e-16 1.820841e+23 
5.828125e+04 4.163398e-16 1.886950e+23 
5.843750e+04 4.007533e-16 1.955661e+23 
5.859375e+04 3.858444e-16 2.026039e+23 
5.875000e+04 3.715002e-16 2.099154e+23 
5.890625e+04 3.577779e-16 2.174034e+23 
5.906250e+04 3.445730e-16 2.251793e+23 
5.921875e+04 3.319391e-16 2.331417e+23 
5.937500e+04 3.197794e-16 2.414066e+23 
5.953125e+04 3.081441e-16 2.498682e+23 
5.968750e+04 2.969434e-16 2.586473e+23 
5.984375e+04 2.862244e-16 2.676334e+23 
6.000000e+04 2.759038e-16 2.769527e+23 
6.015625e+04 2.660257e-16 2.864895e+23 
6.031250e+04 2.565127e-16 2.963756e+23 
6.046875e+04 2.474062e-16 3.064897e+23 
6.062500e+04 2.386344e-16 3.169698e+23 
6.078125e+04 2.302359e-16 3.276887e+23 
6.093750e+04 2.221442e-16 3.387907e+23 
6.109375e+04 2.143954e-16 3.501426e+23 
6.125000e+04 2.069278e-16 3.618954e+23 
6.140625e+04 1.997750e-16 3.739091e+23 
6.156250e+04 1.928801e-16 3.863422e+23 
6.171875e+04 1.862741e-16 3.990478e+23 
6.187500e+04 1.799047e-16 4.121917e+23 
6.203125e+04 1.738005e-16 4.256199e+23 
6.218750e+04 1.679131e-16 4.395063e+23 
6.234375e+04 1.622692e-16 4.536891e+23 
6.250000e+04 1.568242e-16 4.683507e+23 
6.265625e+04 1.516026e-16 4.833214e+23 
6.281250e+04 1.465635e-16 4.987923e+23 
6.296875e+04 1.417296e-16 5.145856e+23 
6.312500e+04 1.370630e-16 5.309012e+23 
6.328125e+04 1.325849e-16 5.475532e+23 
6.343750e+04 1.282602e-16 5.647509e+23 
6.359375e+04 1.241087e-16 5.822996e+23 
6.375000e+04 1.200981e-16 6.004182e+23 
6.390625e+04 1.162465e-16 6.189033e+23 
6.406250e+04 1.125243e-16 6.379839e+23 
6.421875e+04 1.089483e-16 6.574472e+23 
6.437500e+04 1.054912e-16 6.775328e+23 
6.453125e+04 1.021684e-16 6.980182e+23 
6.468750e+04 9.895508e-17 7.191539e+23 
6.484375e+04 9.586534e-17 7.407076e+23 
6.500000e+04 9.287622e-17 7.629411e+23 
6.515625e+04 9.000092e-17 7.856115e+23 
6.531250e+04 8.721828e-17 8.089926e+23 
6.546875e+04 8.454051e-17 8.328306e+23 
6.562500e+04 8.194812e-17 8.574114e+23 
6.578125e+04 7.945245e-17 8.824700e+23 
6.593750e+04 7.703554e-17 9.083051e+23 
6.609375e+04 7.470793e-17 9.346397e+23 
6.625000e+04 7.245303e-17 9.617857e+23 
6.640625e+04 7.028065e-17 9.894536e+23 
6.656250e+04 6.817548e-17 1.017969e+24 
6.671875e+04 6.614666e-17 1.047030e+24 
6.687500e+04 6.418003e-17 1.076975e+24 
6.703125e+04 6.228412e-17 1.107489e+24 
6.718750e+04 6.044580e-17 1.138927e+24 
6.734375e+04 5.867308e-17 1.170957e+24 
6.750000e+04 5.695376e-17 1.203950e+24 
6.765625e+04 5.529534e-17 1.237558e+24 
6.781250e+04 5.368651e-17 1.272171e+24 
6.796875e+04 5.213427e-17 1.307423e+24 
6.812500e+04 5.062811e-17 1.343720e+24 
6.828125e+04 4.917460e-17 1.380681e+24 
6.843750e+04 4.776397e-17 1.418728e+24 
6.859375e+04 4.640237e-17 1.457461e+24 
6.875000e+04 4.508071e-17 1.497323e+24 
6.890625e+04 4.380474e-17 1.537896e+24 
6.906250e+04 4.256601e-17 1.579638e+24 
6.921875e+04 4.136989e-17 1.622114e+24 
6.937500e+04 4.020854e-17 1.665802e+24 
6.953125e+04 3.908698e-17 1.710246e+24 
6.968750e+04 3.799790e-17 1.755942e+24 
6.984375e+04 3.694600e-17 1.802415e+24 
7.000000e+04 3.592451e-17 1.850180e+24 
7.015625e+04 3.493779e-17 1.898742e+24 
7.031250e+04 3.397957e-17 1.948632e+24 
7.046875e+04 3.305393e-17 1.999337e+24 
7.062500e+04 3.215505e-17 2.051403e+24 
7.078125e+04 3.128672e-17 2.104298e+24 
7.093750e+04 3.044357e-17 2.158582e+24 
7.109375e+04 2.962912e-17 2.213705e+24 
7.125000e+04 2.883840e-17 2.270237e+24 
7.140625e+04 2.807469e-17 2.327612e+24 
7.156250e+04 2.733339e-17 2.386409e+24 
7.171875e+04 2.661757e-17 2.446046e+24 
7.187500e+04 2.592293e-17 2.507109e+24 
7.203125e+04 2.525235e-17 2.569000e+24 
7.218750e+04 2.460186e-17 2.632309e+24 
7.234375e+04 2.397409e-17 2.696426e+24 
7.250000e+04 2.336539e-17 2.761941e+24 
7.265625e+04 2.277816e-17 2.828238e+24 
7.281250e+04 2.220906e-17 2.895898e+24 
7.296875e+04 2.166025e-17 2.964306e+24 
7.312500e+04 2.112866e-17 3.034031e+24 
7.328125e+04 2.061623e-17 3.104465e+24 
7.343750e+04 2.012016e-17 3.176153e+24 
7.359375e+04 1.964214e-17 3.248510e+24 
7.375000e+04 1.917966e-17 3.322047e+24 
7.390625e+04 1.873414e-17 3.396208e+24 
7.406250e+04 1.830335e-17 3.471467e+24 
7.421875e+04 1.788846e-17 3.547300e+24 
7.437500e+04 1.748751e-17 3.624141e+24 
7.453125e+04 1.710143e-17 3.701499e+24 
7.468750e+04 1.672850e-17 3.779767e+24 
7.484375e+04 1.636944e-17 3.858483e+24 
7.500000e+04 1.602278e-17 3.938006e+24 
7.515625e+04 1.568906e-17 4.017878e+24 
7.531250e+04 1.536700e-17 4.098446e+24 
7.546875e+04 1.505708e-17 4.179219e+24 
7.562500e+04 1.475813e-17 4.260563e+24 
7.578125e+04 1.447064e-17 4.341897e+24 
7.593750e+04 1.419352e-17 4.423651e+24 
7.609375e+04 1.392741e-17 4.505077e+24 
7.625000e+04 1.367116e-17 4.586724e+24 
7.640625e+04 1.342569e-17 4.667597e+24 
7.656250e+04 1.318974e-17 4.748422e+24 
7.671875e+04 1.296461e-17 4.827887e+24 
7.687500e+04 1.274881e-17 4.906940e+24 
7.703125e+04 1.254408e-17 4.983922e+24 
7.718750e+04 1.234864e-17 5.060025e+24 
7.734375e+04 1.216465e-17 5.133288e+24 
7.750000e+04 1.199000e-17 5.205116e+24 
7.765625e+04 1.182714e-17 5.273383e+24 
7.781250e+04 1.167373e-17 5.339608e+24 
7.796875e+04 1.153227e-17 5.401707e+24 
7.812500e+04 1.140031e-17 5.461169e+24 
7.828125e+04 1.128021e-17 5.516143e+24 
7.843750e+04 1.116961e-17 5.567944e+24 
7.859375e+04 1.107063e-17 5.615037e+24 
7.875000e+04 1.098108e-17 5.658497e+24 
7.890625e+04 1.090292e-17 5.697021e+24 
7.906250e+04 1.083414e-17 5.731515e+24 
7.921875e+04 1.077669e-17 5.760702e+24 
7.937500e+04 1.072864e-17 5.785512e+24 
7.953125e+04 1.069206e-17 5.804507e+24 
7.968750e+04 1.066495e-17 5.818845e+24 
7.984375e+04 1.064952e-17 5.826900e+24 
8.000000e+04 1.064363e-17 5.830138e+24 
