0.000000e+00 9.133110e-19 1.000000e+25 
6.250000e+02 9.159783e-19 1.000000e+25 
1.250000e+03 9.216261e-19 1.000000e+25 
1.875000e+03 9.326037e-19 1.000000e+25 
2.500000e+03 9.465122e-19 1.000000e+25 
3.125000e+03 9.657490e-19 1.000000e+25 
3.750000e+03 9.878450e-19 1.000000e+25 
4.375000e+03 1.015290e-18 1.000000e+25 
5.000000e+03 1.045522e-18 1.000000e+25 
5.625000e+03 1.081038e-18 1.000000e+25 
6.250000e+03 1.119262e-18 1.000000e+25 
6.875000e+03 1.162498e-18 1.000000e+25 
7.500000e+03 1.208328e-18 1.000000e+25 
8.125000e+03 1.258630e-18 1.000000e+25 
8.750000e+03 1.311420e-18 1.000000e+25 
9.375000e+03 1.368755e-18 1.000000e+25 
1.000000e+04 1.428831e-18 1.000000e+25 
1.062500e+04 1.494197e-18 1.000000e+25 
1.125000e+04 1.562672e-18 1.000000e+25 
1.187500e+04 1.637505e-18 1.000000e+25 
1.250000e+04 1.715888e-18 1.000000e+25 
1.312500e+04 1.801953e-18 1.000000e+25 
1.375000e+04 1.892127e-18 1.000000e+25 
1.437500e+04 1.991166e-18 1.000000e+25 
1.500000e+04 2.094797e-18 1.000000e+25 
1.562500e+04 2.208225e-18 1.000000e+25 
1.625000e+04 2.326863e-18 1.000000e+25 
1.687500e+04 2.456296e-18 1.000000e+25 
1.750000e+04 2.592035e-18 1.000000e+25 
1.812500e+04 2.742881e-18 1.000000e+25 
1.875000e+04 2.902690e-18 1.000000e+25 
1.937500e+04 3.075288e-18 1.000000e+25 
2.000000e+04 3.254063e-18 1.000000e+25 
2.062500e+04 3.441027e-18 1.000000e+25 
2.125000e+04 3.635776e-18 1.000000e+25 
2.187500e+04 3.861012e-18 1.000000e+25 
2.250000e+04 4.113489e-18 1.000000e+25 
2.312500e+04 4.424211e-18 1.000000e+25 
2.375000e+04 4.765718e-18 1.000000e+25 
2.437500e+04 5.003932e-18 1.000000e+25 
2.500000e+04 5.188789e-18 1.000000e+25 
2.562500e+04 5.524264e-18 1.000000e+25 
2.625000e+04 5.930619e-18 1.000000e+25 
2.687500e+04 5.950630e-18 1.000000e+25 
2.750000e+04 5.488758e-18 1.000000e+25 
2.812500e+04 1.078217e-17 8.738158e+24 
2.875000e+04 1.979431e-17 4.994306e+24 
2.937500e+04 9.708738e-17 9.729326e+23 
3.000000e+04 1.105699e-16 7.757454e+23 
3.062500e+04 9.242594e-16 8.782073e+22 
3.125000e+04 2.811488e-15 2.979895e+22 
3.187500e+04 8.287349e-15 1.013872e+22 
3.250000e+04 1.627065e-14 5.218213e+21 
3.312500e+04 2.135680e-14 4.032006e+21 
3.375000e+04 1.982745e-14 4.346888e+21 
3.437500e+04 1.158429e-14 7.584254e+21 
3.500000e+04 4.448951e-15 2.011142e+22 
3.562500e+04 1.806842e-15 4.717058e+22 
3.625000e+04 5.199577e-16 1.599324e+23 
3.687500e+04 2.166440e-16 3.995388e+23 
3.750000e+04 1.426733e-17 6.332169e+24 
3.812500e+04 1.033996e-16 7.858164e+23 
3.875000e+04 1.455362e-16 5.245634e+23 
3.937500e+04 7.179459e-17 1.276625e+24 
4.000000e+04 1.840290e-17 8.602976e+24 
4.062500e+04 7.179459e-17 1.276625e+24 
4.125000e+04 1.455362e-16 5.245634e+23 
4.187500e+04 1.033996e-16 7.858164e+23 
4.250000e+04 1.426733e-17 6.332169e+24 
4.312500e+04 2.166440e-16 3.995388e+23 
4.375000e+04 5.199577e-16 1.599324e+23 
4.437500e+04 1.806842e-15 4.717058e+22 
4.500000e+04 4.448951e-15 2.011142e+22 
4.562500e+04 1.158429e-14 7.584254e+21 
4.625000e+04 1.982745e-14 4.346888e+21 
4.687500e+04 2.135680e-14 4.032006e+21 
4.750000e+04 1.627065e-14 5.218213e+21 
4.812500e+04 8.287349e-15 1.013872e+22 
4.875000e+04 2.811488e-15 2.979895e+22 
4.937500e+04 9.242594e-16 8.782073e+22 
5.000000e+04 1.105699e-16 7.757454e+23 
5.062500e+04 9.708738e-17 9.729326e+23 
5.125000e+04 1.979431e-17 4.994306e+24 
5.187500e+04 1.078217e-17 8.738158e+24 
5.250000e+04 5.488758e-18 1.000000e+25 
5.312500e+04 5.950630e-18 1.000000e+25 
5.375000e+04 5.930619e-18 1.000000e+25 
5.437500e+04 5.524264e-18 1.000000e+25 
5.500000e+04 5.188789e-18 1.000000e+25 
5.562500e+04 5.003932e-18 1.000000e+25 
5.625000e+04 4.765718e-18 1.000000e+25 
5.687500e+04 4.424211e-18 1.000000e+25 
5.750000e+04 4.113489e-18 1.000000e+25 
5.812500e+04 3.861012e-18 1.000000e+25 
5.875000e+04 3.635776e-18 1.000000e+25 
5.937500e+04 3.441027e-18 1.000000e+25 
6.000000e+04 3.254063e-18 1.000000e+25 
6.062500e+04 3.075288e-18 1.000000e+25 
6.125000e+04 2.902690e-18 1.000000e+25 
6.187500e+04 2.742881e-18 1.000000e+25 
6.250000e+04 2.592035e-18 1.000000e+25 
6.312500e+04 2.456296e-18 1.000000e+25 
6.375000e+04 2.326863e-18 1.000000e+25 
6.437500e+04 2.208225e-18 1.000000e+25 
6.500000e+04 2.094797e-18 1.000000e+25 
6.562500e+04 1.991166e-18 1.000000e+25 
6.625000e+04 1.892127e-18 1.000000e+25 
6.687500e+04 1.801953e-18 1.000000e+25 
6.750000e+04 1.715888e-18 1.000000e+25 
6.812500e+04 1.637505e-18 1.000000e+25 
6.875000e+04 1.562672e-18 1.000000e+25 
6.937500e+04 1.494197e-18 1.000000e+25 
7.000000e+04 1.428831e-18 1.000000e+25 
7.062500e+04 1.368755e-18 1.000000e+25 
7.125000e+04 1.311420e-18 1.000000e+25 
7.187500e+04 1.258630e-18 1.000000e+25 
7.250000e+04 1.208328e-18 1.000000e+25 
7.312500e+04 1.162498e-18 1.000000e+25 
7.375000e+04 1.119262e-18 1.000000e+25 
7.437500e+04 1.081038e-18 1.000000e+25 
7.500000e+04 1.045522e-18 1.000000e+25 
7.562500e+04 1.015290e-18 1.000000e+25 
7.625000e+04 9.878450e-19 1.000000e+25 
7.687500e+04 9.657490e-19 1.000000e+25 
7.750000e+04 9.465122e-19 1.000000e+25 
7.812500e+04 9.326037e-19 1.000000e+25 
7.875000e+04 9.216261e-19 1.000000e+25 
7.937500e+04 9.159783e-19 1.000000e+25 
8.000000e+04 9.133110e-19 1.000000e+25 
