0.000000e+00 1.106581e-18 1.000000e+25 
1.562500e+02 1.106798e-18 1.000000e+25 
3.125000e+02 1.107203e-18 1.000000e+25 
4.687500e+02 1.108041e-18 1.000000e+25 
6.250000e+02 1.109068e-18 1.000000e+25 
7.812500e+02 1.110532e-18 1.000000e+25 
9.375000e+02 1.112185e-18 1.000000e+25 
1.093750e+03 1.114280e-18 1.000000e+25 
1.250000e+03 1.116567e-18 1.000000e+25 
1.406250e+03 1.119304e-18 1.000000e+25 
1.562500e+03 1.122238e-18 1.000000e+25 
1.718750e+03 1.125639e-18 1.000000e+25 
1.875000e+03 1.129246e-18 1.000000e+25 
2.031250e+03 1.133340e-18 1.000000e+25 
2.187500e+03 1.137651e-18 1.000000e+25 
2.343750e+03 1.142480e-18 1.000000e+25 
2.500000e+03 1.147540e-18 1.000000e+25 
2.656250e+03 1.153148e-18 1.000000e+25 
2.812500e+03 1.158996e-18 1.000000e+25 
2.968750e+03 1.165404e-18 1.000000e+25 
3.125000e+03 1.172049e-18 1.000000e+25 
3.281250e+03 1.179256e-18 1.000000e+25 
3.437500e+03 1.186702e-18 1.000000e+25 
3.593750e+03 1.194750e-18 1.000000e+25 
3.750000e+03 1.203069e-18 1.000000e+25 
3.906250e+03 1.212115e-18 1.000000e+25 
4.062500e+03 1.221528e-18 1.000000e+25 
4.218750e+03 1.231872e-18 1.000000e+25 
4.375000e+03 1.242615e-18 1.000000e+25 
4.531250e+03 1.253972e-18 1.000000e+25 
4.687500e+03 1.265382e-18 1.000000e+25 
4.843750e+03 1.277099e-18 1.000000e+25 
5.000000e+03 1.288795e-18 1.000000e+25 
5.156250e+03 1.301201e-18 1.000000e+25 
5.312500e+03 1.314566e-18 1.000000e+25 
5.468750e+03 1.330640e-18 1.000000e+25 
5.625000e+03 1.345531e-18 1.000000e+25 
5.781250e+03 1.357687e-18 1.000000e+25 
5.937500e+03 1.371801e-18 1.000000e+25 
6.093750e+03 1.394122e-18 1.000000e+25 
6.250000e+03 1.434948e-18 1.000000e+25 
6.406250e+03 1.505448e-18 1.000000e+25 
6.562500e+03 1.580276e-18 1.000000e+25 
6.718750e+03 1.664674e-18 1.000000e+25 
6.875000e+03 1.747191e-18 1.000000e+25 
7.031250e+03 1.836063e-18 1.000000e+25 
7.187500e+03 1.928914e-18 1.000000e+25 
7.343750e+03 2.029222e-18 1.000000e+25 
7.500000e+03 2.132575e-18 1.000000e+25 
7.656250e+03 2.242800e-18 1.000000e+25 
7.812500e+03 2.356830e-18 1.000000e+25 
7.968750e+03 2.478752e-18 1.000000e+25 
8.125000e+03 2.605114e-18 1.000000e+25 
8.281250e+03 2.740373e-18 1.000000e+25 
8.437500e+03 2.880386e-18 1.000000e+25 
8.593750e+03 3.029808e-18 1.000000e+25 
8.750000e+03 3.184393e-18 1.000000e+25 
8.906250e+03 3.349223e-18 1.000000e+25 
9.062500e+03 3.519743e-18 1.000000e+25 
9.218750e+03 3.701459e-18 1.000000e+25 
9.375000e+03 3.889414e-18 1.000000e+25 
9.531250e+03 4.089574e-18 1.000000e+25 
9.687500e+03 4.296563e-18 1.000000e+25 
9.843750e+03 4.516867e-18 1.000000e+25 
1.000000e+04 4.744653e-18 1.000000e+25 
1.015625e+04 4.986998e-18 9.675911e+24 
1.031250e+04 5.237541e-18 9.229569e+24 
1.046875e+04 5.504021e-18 8.799216e+24 
1.062500e+04 5.779484e-18 8.395538e+24 
1.078125e+04 6.072411e-18 8.006149e+24 
1.093750e+04 6.375182e-18 7.640780e+24 
1.109375e+04 6.697108e-18 7.288171e+24 
1.125000e+04 7.029828e-18 6.957206e+24 
1.140625e+04 7.383571e-18 6.637641e+24 
1.156250e+04 7.749154e-18 6.337598e+24 
1.171875e+04 8.137817e-18 6.047753e+24 
1.187500e+04 8.539470e-18 5.775531e+24 
1.203125e+04 8.966466e-18 5.512444e+24 
1.218750e+04 9.407719e-18 5.265282e+24 
1.234375e+04 9.876806e-18 5.026316e+24 
1.250000e+04 1.036155e-17 4.801750e+24 
1.265625e+04 1.087688e-17 4.584545e+24 
1.281250e+04 1.140941e-17 4.380372e+24 
1.296875e+04 1.197557e-17 4.182817e+24 
1.312500e+04 1.256065e-17 3.997065e+24 
1.328125e+04 1.318273e-17 3.817266e+24 
1.343750e+04 1.382565e-17 3.648163e+24 
1.359375e+04 1.450932e-17 3.484418e+24 
1.375000e+04 1.521594e-17 3.330375e+24 
1.390625e+04 1.596749e-17 3.181157e+24 
1.406250e+04 1.674437e-17 3.040749e+24 
1.421875e+04 1.757081e-17 2.904690e+24 
1.437500e+04 1.842521e-17 2.776635e+24 
1.453125e+04 1.933434e-17 2.652508e+24 
1.468750e+04 2.027435e-17 2.535662e+24 
1.484375e+04 2.127481e-17 2.422368e+24 
1.500000e+04 2.230939e-17 2.315703e+24 
1.515625e+04 2.341073e-17 2.212260e+24 
1.531250e+04 2.454980e-17 2.114856e+24 
1.546875e+04 2.576260e-17 2.020381e+24 
1.562500e+04 2.701711e-17 1.931413e+24 
1.578125e+04 2.835302e-17 1.845112e+24 
1.593750e+04 2.973505e-17 1.763836e+24 
1.609375e+04 3.120690e-17 1.684996e+24 
1.625000e+04 3.272975e-17 1.610742e+24 
1.640625e+04 3.435168e-17 1.538715e+24 
1.656250e+04 3.603000e-17 1.470876e+24 
1.671875e+04 3.781758e-17 1.405075e+24 
1.687500e+04 3.966750e-17 1.343099e+24 
1.703125e+04 4.163787e-17 1.282988e+24 
1.718750e+04 4.367715e-17 1.226372e+24 
1.734375e+04 4.584923e-17 1.171464e+24 
1.750000e+04 4.809747e-17 1.119747e+24 
1.765625e+04 5.049208e-17 1.069596e+24 
1.781250e+04 5.297088e-17 1.022358e+24 
1.796875e+04 5.561102e-17 9.765548e+23 
1.812500e+04 5.834422e-17 9.334116e+23 
1.828125e+04 6.125524e-17 8.915815e+23 
1.843750e+04 6.426912e-17 8.521806e+23 
1.859375e+04 6.747900e-17 8.139817e+23 
1.875000e+04 7.080256e-17 7.780006e+23 
1.890625e+04 7.434214e-17 7.431197e+23 
1.906250e+04 7.800733e-17 7.102636e+23 
1.921875e+04 8.191060e-17 6.784142e+23 
1.937500e+04 8.595265e-17 6.484133e+23 
1.953125e+04 9.025702e-17 6.193335e+23 
1.968750e+04 9.471470e-17 5.919413e+23 
1.984375e+04 9.946135e-17 5.653917e+23 
2.000000e+04 1.043773e-16 5.403826e+23 
2.015625e+04 1.096115e-16 5.161444e+23 
2.031250e+04 1.150326e-16 4.933125e+23 
2.046875e+04 1.208041e-16 4.711856e+23 
2.062500e+04 1.267819e-16 4.503424e+23 
2.078125e+04 1.331453e-16 4.301439e+23 
2.093750e+04 1.397363e-16 4.111172e+23 
2.109375e+04 1.467515e-16 3.926799e+23 
2.125000e+04 1.540176e-16 3.753121e+23 
2.140625e+04 1.617502e-16 3.584831e+23 
2.156250e+04 1.697595e-16 3.426302e+23 
2.171875e+04 1.782815e-16 3.272696e+23 
2.187500e+04 1.871083e-16 3.127997e+23 
2.203125e+04 1.964985e-16 2.987794e+23 
2.218750e+04 2.062244e-16 2.855720e+23 
2.234375e+04 2.165692e-16 2.727748e+23 
2.250000e+04 2.272836e-16 2.607195e+23 
2.265625e+04 2.386776e-16 2.490381e+23 
2.281250e+04 2.504784e-16 2.380340e+23 
2.296875e+04 2.630256e-16 2.273704e+23 
2.312500e+04 2.760201e-16 2.173250e+23 
2.328125e+04 2.898347e-16 2.075894e+23 
2.343750e+04 3.041410e-16 1.984183e+23 
2.359375e+04 3.193487e-16 1.895285e+23 
2.375000e+04 3.350965e-16 1.811543e+23 
2.390625e+04 3.518360e-16 1.730354e+23 
2.406250e+04 3.691687e-16 1.653876e+23 
2.421875e+04 3.875936e-16 1.579710e+23 
2.437500e+04 4.066696e-16 1.509853e+23 
2.453125e+04 4.269506e-16 1.442084e+23 
2.468750e+04 4.479458e-16 1.378261e+23 
2.484375e+04 4.702729e-16 1.316322e+23 
2.500000e+04 4.933832e-16 1.257997e+23 
2.515625e+04 5.179688e-16 1.201373e+23 
2.531250e+04 5.434130e-16 1.148063e+23 
2.546875e+04 5.704952e-16 1.096284e+23 
2.562500e+04 5.985176e-16 1.047551e+23 
2.578125e+04 6.283631e-16 1.000198e+23 
2.593750e+04 6.592374e-16 9.556449e+22 
2.609375e+04 6.921447e-16 9.123391e+22 
2.625000e+04 7.261764e-16 8.716125e+22 
2.640625e+04 7.624780e-16 8.320159e+22 
2.656250e+04 8.000060e-16 7.947980e+22 
2.671875e+04 8.400692e-16 7.586102e+22 
2.687500e+04 8.814668e-16 7.246182e+22 
2.703125e+04 9.256919e-16 6.915729e+22 
2.718750e+04 9.713639e-16 6.605555e+22 
2.734375e+04 1.020179e-15 6.304168e+22 
2.750000e+04 1.070556e-15 6.021509e+22 
2.765625e+04 1.124408e-15 5.747095e+22 
2.781250e+04 1.179935e-15 5.489961e+22 
2.796875e+04 1.239272e-15 5.240648e+22 
2.812500e+04 1.300391e-15 5.007250e+22 
2.828125e+04 1.365642e-15 4.781343e+22 
2.843750e+04 1.432769e-15 4.570051e+22 
2.859375e+04 1.504315e-15 4.365986e+22 
2.875000e+04 1.577810e-15 4.175289e+22 
2.890625e+04 1.655947e-15 3.991596e+22 
2.906250e+04 1.736076e-15 3.820068e+22 
2.921875e+04 1.820979e-15 3.655338e+22 
2.937500e+04 1.907877e-15 3.501618e+22 
2.953125e+04 1.999556e-15 3.354486e+22 
2.968750e+04 2.093184e-15 3.217256e+22 
2.984375e+04 2.191444e-15 3.086396e+22 
3.000000e+04 2.291546e-15 2.964382e+22 
3.015625e+04 2.395949e-15 2.848508e+22 
3.031250e+04 2.502018e-15 2.740486e+22 
3.046875e+04 2.611847e-15 2.638368e+22 
3.062500e+04 2.723086e-15 2.543175e+22 
3.078125e+04 2.837316e-15 2.453656e+22 
3.093750e+04 2.952613e-15 2.370208e+22 
3.109375e+04 3.069879e-15 2.292224e+22 
3.125000e+04 3.187782e-15 2.219536e+22 
3.140625e+04 3.306362e-15 2.152135e+22 
3.156250e+04 3.425053e-15 2.089335e+22 
3.171875e+04 3.542843e-15 2.031699e+22 
3.187500e+04 3.660121e-15 1.978049e+22 
3.203125e+04 3.774620e-15 1.929504e+22 
3.218750e+04 3.887891e-15 1.884413e+22 
3.234375e+04 3.996189e-15 1.844450e+22 
3.250000e+04 4.102456e-15 1.807489e+22 
3.265625e+04 4.201243e-15 1.775773e+22 
3.281250e+04 4.297124e-15 1.746694e+22 
3.296875e+04 4.382725e-15 1.723086e+22 
3.312500e+04 4.464493e-15 1.701842e+22 
3.328125e+04 4.532945e-15 1.686419e+22 
3.343750e+04 4.596621e-15 1.673191e+22 
3.359375e+04 4.643809e-15 1.666278e+22 
3.375000e+04 4.685312e-15 1.661516e+22 
3.390625e+04 4.707191e-15 1.663725e+22 
3.406250e+04 4.722579e-15 1.668203e+22 
3.421875e+04 4.715492e-15 1.680488e+22 
3.437500e+04 4.701293e-15 1.695371e+22 
3.453125e+04 4.662395e-15 1.719096e+22 
3.468750e+04 4.616045e-15 1.746034e+22 
3.484375e+04 4.543830e-15 1.783035e+22 
3.500000e+04 4.464209e-15 1.824252e+22 
3.515625e+04 4.359102e-15 1.876876e+22 
3.531250e+04 4.247129e-15 1.935224e+22 
3.546875e+04 4.112100e-15 2.006244e+22 
3.562500e+04 3.971333e-15 2.085096e+22 
3.578125e+04 3.812440e-15 2.177310e+22 
3.593750e+04 3.649598e-15 2.280010e+22 
3.609375e+04 3.476323e-15 2.395104e+22 
3.625000e+04 3.301606e-15 2.523375e+22 
3.640625e+04 3.126826e-15 2.659366e+22 
3.656250e+04 2.953810e-15 2.809779e+22 
3.671875e+04 2.793058e-15 2.956620e+22 
3.687500e+04 2.637765e-15 3.114932e+22 
3.703125e+04 2.507154e-15 3.250544e+22 
3.718750e+04 2.385520e-15 3.388259e+22 
3.734375e+04 2.297437e-15 3.483967e+22 
3.750000e+04 2.220390e-15 3.569470e+22 
3.765625e+04 2.177372e-15 3.612087e+22 
3.781250e+04 2.144589e-15 3.638971e+22 
3.796875e+04 2.135584e-15 3.645386e+22 
3.812500e+04 2.132970e-15 3.640912e+22 
3.828125e+04 2.138356e-15 3.635998e+22 
3.843750e+04 2.145531e-15 3.628080e+22 
3.859375e+04 2.151017e-15 3.620178e+22 
3.875000e+04 2.156358e-15 3.612558e+22 
3.890625e+04 2.160728e-15 3.599700e+22 
3.906250e+04 2.165389e-15 3.586414e+22 
3.921875e+04 2.170850e-15 3.578854e+22 
3.937500e+04 2.175369e-15 3.572877e+22 
3.953125e+04 2.180749e-15 3.587954e+22 
3.968750e+04 2.181805e-15 3.610095e+22 
3.984375e+04 2.180576e-15 3.633354e+22 
4.000000e+04 2.182383e-15 3.651554e+22 
4.015625e+04 2.180576e-15 3.633354e+22 
4.031250e+04 2.181805e-15 3.610095e+22 
4.046875e+04 2.180749e-15 3.587954e+22 
4.062500e+04 2.175369e-15 3.572877e+22 
4.078125e+04 2.170850e-15 3.578854e+22 
4.093750e+04 2.165389e-15 3.586414e+22 
4.109375e+04 2.160728e-15 3.599700e+22 
4.125000e+04 2.156358e-15 3.612558e+22 
4.140625e+04 2.151017e-15 3.620178e+22 
4.156250e+04 2.145531e-15 3.628080e+22 
4.171875e+04 2.138356e-15 3.635998e+22 
4.187500e+04 2.132970e-15 3.640912e+22 
4.203125e+04 2.135584e-15 3.645386e+22 
4.218750e+04 2.144589e-15 3.638971e+22 
4.234375e+04 2.177372e-15 3.612087e+22 
4.250000e+04 2.220390e-15 3.569470e+22 
4.265625e+04 2.297437e-15 3.483967e+22 
4.281250e+04 2.385520e-15 3.388259e+22 
4.296875e+04 2.507154e-15 3.250544e+22 
4.312500e+04 2.637765e-15 3.114932e+22 
4.328125e+04 2.793058e-15 2.956620e+22 
4.343750e+04 2.953810e-15 2.809779e+22 
4.359375e+04 3.126826e-15 2.659366e+22 
4.375000e+04 3.301606e-15 2.523375e+22 
4.390625e+04 3.476323e-15 2.395104e+22 
4.406250e+04 3.649598e-15 2.280010e+22 
4.421875e+04 3.812440e-15 2.177310e+22 
4.437500e+04 3.971333e-15 2.085096e+22 
4.453125e+04 4.112100e-15 2.006244e+22 
4.468750e+04 4.247129e-15 1.935224e+22 
4.484375e+04 4.359102e-15 1.876876e+22 
4.500000e+04 4.464209e-15 1.824252e+22 
4.515625e+04 4.543830e-15 1.783035e+22 
4.531250e+04 4.616045e-15 1.746034e+22 
4.546875e+04 4.662395e-15 1.719096e+22 
4.562500e+04 4.701293e-15 1.695371e+22 
4.578125e+04 4.715492e-15 1.680488e+22 
4.593750e+04 4.722579e-15 1.668203e+22 
4.609375e+04 4.707191e-15 1.663725e+22 
4.625000e+04 4.685312e-15 1.661516e+22 
4.640625e+04 4.643809e-15 1.666278e+22 
4.656250e+04 4.596621e-15 1.673191e+22 
4.671875e+04 4.532945e-15 1.686419e+22 
4.687500e+04 4.464493e-15 1.701842e+22 
4.703125e+04 4.382725e-15 1.723086e+22 
4.718750e+04 4.297124e-15 1.746694e+22 
4.734375e+04 4.201243e-15 1.775773e+22 
4.750000e+04 4.102456e-15 1.807489e+22 
4.765625e+04 3.996189e-15 1.844450e+22 
4.781250e+04 3.887891e-15 1.884413e+22 
4.796875e+04 3.774620e-15 1.929504e+22 
4.812500e+04 3.660121e-15 1.978049e+22 
4.828125e+04 3.542843e-15 2.031699e+22 
4.843750e+04 3.425053e-15 2.089335e+22 
4.859375e+04 3.306362e-15 2.152135e+22 
4.875000e+04 3.187782e-15 2.219536e+22 
4.890625e+04 3.069879e-15 2.292224e+22 
4.906250e+04 2.952613e-15 2.370208e+22 
4.921875e+04 2.837316e-15 2.453656e+22 
4.937500e+04 2.723086e-15 2.543175e+22 
4.953125e+04 2.611847e-15 2.638368e+22 
4.968750e+04 2.502018e-15 2.740486e+22 
4.984375e+04 2.395949e-15 2.848508e+22 
5.000000e+04 2.291546e-15 2.964382e+22 
5.015625e+04 2.191444e-15 3.086396e+22 
5.031250e+04 2.093184e-15 3.217256e+22 
5.046875e+04 1.999556e-15 3.354486e+22 
5.062500e+04 1.907877e-15 3.501618e+22 
5.078125e+04 1.820979e-15 3.655338e+22 
5.093750e+04 1.736076e-15 3.820068e+22 
5.109375e+04 1.655947e-15 3.991596e+22 
5.125000e+04 1.577810e-15 4.175289e+22 
5.140625e+04 1.504315e-15 4.365986e+22 
5.156250e+04 1.432769e-15 4.570051e+22 
5.171875e+04 1.365642e-15 4.781343e+22 
5.187500e+04 1.300391e-15 5.007250e+22 
5.203125e+04 1.239272e-15 5.240648e+22 
5.218750e+04 1.179935e-15 5.489961e+22 
5.234375e+04 1.124408e-15 5.747095e+22 
5.250000e+04 1.070556e-15 6.021509e+22 
5.265625e+04 1.020179e-15 6.304168e+22 
5.281250e+04 9.713639e-16 6.605555e+22 
5.296875e+04 9.256919e-16 6.915729e+22 
5.312500e+04 8.814668e-16 7.246182e+22 
5.328125e+04 8.400692e-16 7.586102e+22 
5.343750e+04 8.000060e-16 7.947980e+22 
5.359375e+04 7.624780e-16 8.320159e+22 
5.375000e+04 7.261764e-16 8.716125e+22 
5.390625e+04 6.921447e-16 9.123391e+22 
5.406250e+04 6.592374e-16 9.556449e+22 
5.421875e+04 6.283631e-16 1.000198e+23 
5.437500e+04 5.985176e-16 1.047551e+23 
5.453125e+04 5.704952e-16 1.096284e+23 
5.468750e+04 5.434130e-16 1.148063e+23 
5.484375e+04 5.179688e-16 1.201373e+23 
5.500000e+04 4.933832e-16 1.257997e+23 
5.515625e+04 4.702729e-16 1.316322e+23 
5.531250e+04 4.479458e-16 1.378261e+23 
5.546875e+04 4.269506e-16 1.442084e+23 
5.562500e+04 4.066696e-16 1.509853e+23 
5.578125e+04 3.875936e-16 1.579710e+23 
5.593750e+04 3.691687e-16 1.653876e+23 
5.609375e+04 3.518360e-16 1.730354e+23 
5.625000e+04 3.350965e-16 1.811543e+23 
5.640625e+04 3.193487e-16 1.895285e+23 
5.656250e+04 3.041410e-16 1.984183e+23 
5.671875e+04 2.898347e-16 2.075894e+23 
5.687500e+04 2.760201e-16 2.173250e+23 
5.703125e+04 2.630256e-16 2.273704e+23 
5.718750e+04 2.504784e-16 2.380340e+23 
5.734375e+04 2.386776e-16 2.490381e+23 
5.750000e+04 2.272836e-16 2.607195e+23 
5.765625e+04 2.165692e-16 2.727748e+23 
5.781250e+04 2.062244e-16 2.855720e+23 
5.796875e+04 1.964985e-16 2.987794e+23 
5.812500e+04 1.871083e-16 3.127997e+23 
5.828125e+04 1.782815e-16 3.272696e+23 
5.843750e+04 1.697595e-16 3.426302e+23 
5.859375e+04 1.617502e-16 3.584831e+23 
5.875000e+04 1.540176e-16 3.753121e+23 
5.890625e+04 1.467515e-16 3.926799e+23 
5.906250e+04 1.397363e-16 4.111172e+23 
5.921875e+04 1.331453e-16 4.301439e+23 
5.937500e+04 1.267819e-16 4.503424e+23 
5.953125e+04 1.208041e-16 4.711856e+23 
5.968750e+04 1.150326e-16 4.933125e+23 
5.984375e+04 1.096115e-16 5.161444e+23 
6.000000e+04 1.043773e-16 5.403826e+23 
6.015625e+04 9.946135e-17 5.653917e+23 
6.031250e+04 9.471470e-17 5.919413e+23 
6.046875e+04 9.025702e-17 6.193335e+23 
6.062500e+04 8.595265e-17 6.484133e+23 
6.078125e+04 8.191060e-17 6.784142e+23 
6.093750e+04 7.800733e-17 7.102636e+23 
6.109375e+04 7.434214e-17 7.431197e+23 
6.125000e+04 7.080256e-17 7.780006e+23 
6.140625e+04 6.747900e-17 8.139817e+23 
6.156250e+04 6.426912e-17 8.521806e+23 
6.171875e+04 6.125524e-17 8.915815e+23 
6.187500e+04 5.834422e-17 9.334116e+23 
6.203125e+04 5.561102e-17 9.765548e+23 
6.218750e+04 5.297088e-17 1.022358e+24 
6.234375e+04 5.049208e-17 1.069596e+24 
6.250000e+04 4.809747e-17 1.119747e+24 
6.265625e+04 4.584923e-17 1.171464e+24 
6.281250e+04 4.367715e-17 1.226372e+24 
6.296875e+04 4.163787e-17 1.282988e+24 
6.312500e+04 3.966750e-17 1.343099e+24 
6.328125e+04 3.781758e-17 1.405075e+24 
6.343750e+04 3.603000e-17 1.470876e+24 
6.359375e+04 3.435168e-17 1.538715e+24 
6.375000e+04 3.272975e-17 1.610742e+24 
6.390625e+04 3.120690e-17 1.684996e+24 
6.406250e+04 2.973505e-17 1.763836e+24 
6.421875e+04 2.835302e-17 1.845112e+24 
6.437500e+04 2.701711e-17 1.931413e+24 
6.453125e+04 2.576260e-17 2.020381e+24 
6.468750e+04 2.454980e-17 2.114856e+24 
6.484375e+04 2.341073e-17 2.212260e+24 
6.500000e+04 2.230939e-17 2.315703e+24 
6.515625e+04 2.127481e-17 2.422368e+24 
6.531250e+04 2.027435e-17 2.535662e+24 
6.546875e+04 1.933434e-17 2.652508e+24 
6.562500e+04 1.842521e-17 2.776635e+24 
6.578125e+04 1.757081e-17 2.904690e+24 
6.593750e+04 1.674437e-17 3.040749e+24 
6.609375e+04 1.596749e-17 3.181157e+24 
6.625000e+04 1.521594e-17 3.330375e+24 
6.640625e+04 1.450932e-17 3.484418e+24 
6.656250e+04 1.382565e-17 3.648163e+24 
6.671875e+04 1.318273e-17 3.817266e+24 
6.687500e+04 1.256065e-17 3.997065e+24 
6.703125e+04 1.197557e-17 4.182817e+24 
6.718750e+04 1.140941e-17 4.380372e+24 
6.734375e+04 1.087688e-17 4.584545e+24 
6.750000e+04 1.036155e-17 4.801750e+24 
6.765625e+04 9.876806e-18 5.026316e+24 
6.781250e+04 9.407719e-18 5.265282e+24 
6.796875e+04 8.966466e-18 5.512444e+24 
6.812500e+04 8.539470e-18 5.775531e+24 
6.828125e+04 8.137817e-18 6.047753e+24 
6.843750e+04 7.749154e-18 6.337598e+24 
6.859375e+04 7.383571e-18 6.637641e+24 
6.875000e+04 7.029828e-18 6.957206e+24 
6.890625e+04 6.697108e-18 7.288171e+24 
6.906250e+04 6.375182e-18 7.640780e+24 
6.921875e+04 6.072411e-18 8.006149e+24 
6.937500e+04 5.779484e-18 8.395538e+24 
6.953125e+04 5.504021e-18 8.799216e+24 
6.968750e+04 5.237541e-18 9.229569e+24 
6.984375e+04 4.986998e-18 9.675911e+24 
7.000000e+04 4.744653e-18 1.000000e+25 
7.015625e+04 4.516867e-18 1.000000e+25 
7.031250e+04 4.296563e-18 1.000000e+25 
7.046875e+04 4.089574e-18 1.000000e+25 
7.062500e+04 3.889414e-18 1.000000e+25 
7.078125e+04 3.701459e-18 1.000000e+25 
7.093750e+04 3.519743e-18 1.000000e+25 
7.109375e+04 3.349223e-18 1.000000e+25 
7.125000e+04 3.184393e-18 1.000000e+25 
7.140625e+04 3.029808e-18 1.000000e+25 
7.156250e+04 2.880386e-18 1.000000e+25 
7.171875e+04 2.740373e-18 1.000000e+25 
7.187500e+04 2.605114e-18 1.000000e+25 
7.203125e+04 2.478752e-18 1.000000e+25 
7.218750e+04 2.356830e-18 1.000000e+25 
7.234375e+04 2.242800e-18 1.000000e+25 
7.250000e+04 2.132575e-18 1.000000e+25 
7.265625e+04 2.029222e-18 1.000000e+25 
7.281250e+04 1.928914e-18 1.000000e+25 
7.296875e+04 1.836063e-18 1.000000e+25 
7.312500e+04 1.747191e-18 1.000000e+25 
7.328125e+04 1.664674e-18 1.000000e+25 
7.343750e+04 1.580276e-18 1.000000e+25 
7.359375e+04 1.505448e-18 1.000000e+25 
7.375000e+04 1.434948e-18 1.000000e+25 
7.390625e+04 1.394122e-18 1.000000e+25 
7.406250e+04 1.371801e-18 1.000000e+25 
7.421875e+04 1.357687e-18 1.000000e+25 
7.437500e+04 1.345531e-18 1.000000e+25 
7.453125e+04 1.330640e-18 1.000000e+25 
7.468750e+04 1.314566e-18 1.000000e+25 
7.484375e+04 1.301201e-18 1.000000e+25 
7.500000e+04 1.288795e-18 1.000000e+25 
7.515625e+04 1.277099e-18 1.000000e+25 
7.531250e+04 1.265382e-18 1.000000e+25 
7.546875e+04 1.253972e-18 1.000000e+25 
7.562500e+04 1.242615e-18 1.000000e+25 
7.578125e+04 1.231872e-18 1.000000e+25 
7.593750e+04 1.221528e-18 1.000000e+25 
7.609375e+04 1.212115e-18 1.000000e+25 
7.625000e+04 1.203069e-18 1.000000e+25 
7.640625e+04 1.194750e-18 1.000000e+25 
7.656250e+04 1.186702e-18 1.000000e+25 
7.671875e+04 1.179256e-18 1.000000e+25 
7.687500e+04 1.172049e-18 1.000000e+25 
7.703125e+04 1.165404e-18 1.000000e+25 
7.718750e+04 1.158996e-18 1.000000e+25 
7.734375e+04 1.153148e-18 1.000000e+25 
7.750000e+04 1.147540e-18 1.000000e+25 
7.765625e+04 1.142480e-18 1.000000e+25 
7.781250e+04 1.137651e-18 1.000000e+25 
7.796875e+04 1.133340e-18 1.000000e+25 
7.812500e+04 1.129246e-18 1.000000e+25 
7.828125e+04 1.125639e-18 1.000000e+25 
7.843750e+04 1.122238e-18 1.000000e+25 
7.859375e+04 1.119304e-18 1.000000e+25 
7.875000e+04 1.116567e-18 1.000000e+25 
7.890625e+04 1.114280e-18 1.000000e+25 
7.906250e+04 1.112185e-18 1.000000e+25 
7.921875e+04 1.110532e-18 1.000000e+25 
7.937500e+04 1.109068e-18 1.000000e+25 
7.953125e+04 1.108041e-18 1.000000e+25 
7.968750e+04 1.107203e-18 1.000000e+25 
7.984375e+04 1.106798e-18 1.000000e+25 
8.000000e+04 1.106581e-18 1.000000e+25 
