0.000000e+00 1.296715e-18 1.000000e+25 
2.500000e+02 1.297199e-18 1.000000e+25 
5.000000e+02 1.298221e-18 1.000000e+25 
7.500000e+02 1.300211e-18 1.000000e+25 
1.000000e+03 1.302742e-18 1.000000e+25 
1.250000e+03 1.306248e-18 1.000000e+25 
1.500000e+03 1.310303e-18 1.000000e+25 
1.750000e+03 1.315359e-18 1.000000e+25 
2.000000e+03 1.320980e-18 1.000000e+25 
2.250000e+03 1.327644e-18 1.000000e+25 
2.500000e+03 1.334896e-18 1.000000e+25 
2.750000e+03 1.343246e-18 1.000000e+25 
3.000000e+03 1.352211e-18 1.000000e+25 
3.250000e+03 1.362333e-18 1.000000e+25 
3.500000e+03 1.373098e-18 1.000000e+25 
3.750000e+03 1.385078e-18 1.000000e+25 
4.000000e+03 1.397733e-18 1.000000e+25 
4.250000e+03 1.411680e-18 1.000000e+25 
4.500000e+03 1.426341e-18 1.000000e+25 
4.750000e+03 1.442373e-18 1.000000e+25 
5.000000e+03 1.459161e-18 1.000000e+25 
5.250000e+03 1.477427e-18 1.000000e+25 
5.500000e+03 1.496502e-18 1.000000e+25 
5.750000e+03 1.517145e-18 1.000000e+25 
6.000000e+03 1.538636e-18 1.000000e+25 
6.250000e+03 1.561764e-18 1.000000e+25 
6.500000e+03 1.585781e-18 1.000000e+25 
6.750000e+03 1.611538e-18 1.000000e+25 
7.000000e+03 1.638240e-18 1.000000e+25 
7.250000e+03 1.666797e-18 1.000000e+25 
7.500000e+03 1.696352e-18 1.000000e+25 
7.750000e+03 1.727858e-18 1.000000e+25 
8.000000e+03 1.760422e-18 1.000000e+25 
8.250000e+03 1.795129e-18 1.000000e+25 
8.500000e+03 1.830998e-18 1.000000e+25 
8.750000e+03 1.869222e-18 1.000000e+25 
9.000000e+03 1.908625e-18 1.000000e+25 
9.250000e+03 1.950341e-18 1.000000e+25 
9.500000e+03 1.993338e-18 1.000000e+25 
9.750000e+03 2.038156e-18 1.000000e+25 
1.000000e+04 2.084640e-18 1.000000e+25 
1.025000e+04 2.135721e-18 1.000000e+25 
1.050000e+04 2.188531e-18 1.000000e+25 
1.075000e+04 2.242533e-18 1.000000e+25 
1.100000e+04 2.294634e-18 1.000000e+25 
1.125000e+04 2.350375e-18 1.000000e+25 
1.150000e+04 2.399537e-18 1.000000e+25 
1.175000e+04 2.420900e-18 1.000000e+25 
1.200000e+04 2.457130e-18 1.000000e+25 
1.225000e+04 2.502855e-18 1.000000e+25 
1.250000e+04 2.585963e-18 1.000000e+25 
1.275000e+04 2.794738e-18 1.000000e+25 
1.300000e+04 3.116034e-18 1.000000e+25 
1.325000e+04 3.528771e-18 1.000000e+25 
1.350000e+04 4.013352e-18 1.000000e+25 
1.375000e+04 4.583487e-18 1.000000e+25 
1.400000e+04 5.167712e-18 1.000000e+25 
1.425000e+04 5.801551e-18 9.658560e+24 
1.450000e+04 6.493848e-18 8.732440e+24 
1.475000e+04 7.259655e-18 7.891429e+24 
1.500000e+04 8.103012e-18 7.144281e+24 
1.525000e+04 9.049289e-18 6.457708e+24 
1.550000e+04 1.009216e-17 5.847245e+24 
1.575000e+04 1.125859e-17 5.289118e+24 
1.600000e+04 1.254072e-17 4.793547e+24 
1.625000e+04 1.397090e-17 4.339022e+24 
1.650000e+04 1.554232e-17 3.934932e+24 
1.675000e+04 1.729298e-17 3.563466e+24 
1.700000e+04 1.921644e-17 3.232809e+24 
1.725000e+04 2.136038e-17 2.928407e+24 
1.750000e+04 2.371747e-17 2.657067e+24 
1.775000e+04 2.635050e-17 2.406781e+24 
1.800000e+04 2.924712e-17 2.183541e+24 
1.825000e+04 3.248653e-17 1.977429e+24 
1.850000e+04 3.605132e-17 1.793597e+24 
1.875000e+04 4.004029e-17 1.623777e+24 
1.900000e+04 4.443146e-17 1.472338e+24 
1.925000e+04 4.934920e-17 1.332359e+24 
1.950000e+04 5.476505e-17 1.207569e+24 
1.975000e+04 6.083633e-17 1.092168e+24 
2.000000e+04 6.752553e-17 9.893410e+23 
2.025000e+04 7.503275e-17 8.942164e+23 
2.050000e+04 8.330776e-17 8.095144e+23 
2.075000e+04 9.260610e-17 7.311313e+23 
2.100000e+04 1.028600e-16 6.613981e+23 
2.125000e+04 1.143976e-16 5.968468e+23 
2.150000e+04 1.271262e-16 5.394821e+23 
2.175000e+04 1.414710e-16 4.863646e+23 
2.200000e+04 1.573025e-16 4.392231e+23 
2.225000e+04 1.751777e-16 3.955604e+23 
2.250000e+04 1.949113e-16 3.568715e+23 
2.275000e+04 2.172410e-16 3.210329e+23 
2.300000e+04 2.418957e-16 2.893372e+23 
2.325000e+04 2.698602e-16 2.599820e+23 
2.350000e+04 3.007319e-16 2.340781e+23 
2.375000e+04 3.358288e-16 2.101045e+23 
2.400000e+04 3.745522e-16 1.890034e+23 
2.425000e+04 4.186558e-16 1.695033e+23 
2.450000e+04 4.672596e-16 1.523871e+23 
2.475000e+04 5.226611e-16 1.366059e+23 
2.500000e+04 5.835981e-16 1.227925e+23 
2.525000e+04 6.530083e-16 1.100947e+23 
2.550000e+04 7.291405e-16 9.900857e+22 
2.575000e+04 8.156379e-16 8.885126e+22 
2.600000e+04 9.101644e-16 8.000128e+22 
2.625000e+04 1.017092e-15 7.191707e+22 
2.650000e+04 1.133427e-15 6.488218e+22 
2.675000e+04 1.264259e-15 5.846970e+22 
2.700000e+04 1.405886e-15 5.289137e+22 
2.725000e+04 1.564090e-15 4.781133e+22 
2.750000e+04 1.734415e-15 4.338951e+22 
2.775000e+04 1.923308e-15 3.936213e+22 
2.800000e+04 2.125503e-15 3.585186e+22 
2.825000e+04 2.348046e-15 3.265299e+22 
2.850000e+04 2.584783e-15 2.985976e+22 
2.875000e+04 2.843174e-15 2.731478e+22 
2.900000e+04 3.116117e-15 2.508815e+22 
2.925000e+04 3.410989e-15 2.306411e+22 
2.950000e+04 3.719832e-15 2.129018e+22 
2.975000e+04 4.048923e-15 1.968725e+22 
3.000000e+04 4.389872e-15 1.828088e+22 
3.025000e+04 4.746153e-15 1.702437e+22 
3.050000e+04 5.109942e-15 1.592226e+22 
3.075000e+04 5.479522e-15 1.495643e+22 
3.100000e+04 5.849360e-15 1.411195e+22 
3.125000e+04 6.209669e-15 1.339623e+22 
3.150000e+04 6.559734e-15 1.277668e+22 
3.175000e+04 6.878698e-15 1.228444e+22 
3.200000e+04 7.173900e-15 1.187074e+22 
3.225000e+04 7.410942e-15 1.159029e+22 
3.250000e+04 7.608858e-15 1.137917e+22 
3.275000e+04 7.718879e-15 1.131712e+22 
3.300000e+04 7.775012e-15 1.132651e+22 
3.325000e+04 7.716558e-15 1.151490e+22 
3.350000e+04 7.593926e-15 1.179471e+22 
3.375000e+04 7.341962e-15 1.230455e+22 
3.400000e+04 7.024842e-15 1.295767e+22 
3.425000e+04 6.585976e-15 1.392291e+22 
3.450000e+04 6.094425e-15 1.514357e+22 
3.475000e+04 5.520404e-15 1.679019e+22 
3.500000e+04 4.921601e-15 1.890723e+22 
3.525000e+04 4.311214e-15 2.154281e+22 
3.550000e+04 3.714002e-15 2.497757e+22 
3.575000e+04 3.195861e-15 2.862623e+22 
3.600000e+04 2.731863e-15 3.310808e+22 
3.625000e+04 2.421013e-15 3.652566e+22 
3.650000e+04 2.188952e-15 3.960275e+22 
3.675000e+04 2.072656e-15 4.138787e+22 
3.700000e+04 2.009093e-15 4.228832e+22 
3.725000e+04 1.968574e-15 4.310794e+22 
3.750000e+04 1.936320e-15 4.377840e+22 
3.775000e+04 1.908663e-15 4.439425e+22 
3.800000e+04 1.876915e-15 4.514574e+22 
3.825000e+04 1.850811e-15 4.572919e+22 
3.850000e+04 1.828365e-15 4.624901e+22 
3.875000e+04 1.809527e-15 4.676298e+22 
3.900000e+04 1.791783e-15 4.726369e+22 
3.925000e+04 1.779019e-15 4.755104e+22 
3.950000e+04 1.769333e-15 4.776883e+22 
3.975000e+04 1.763712e-15 4.796885e+22 
4.000000e+04 1.760722e-15 4.810545e+22 
4.025000e+04 1.763712e-15 4.796885e+22 
4.050000e+04 1.769333e-15 4.776883e+22 
4.075000e+04 1.779019e-15 4.755104e+22 
4.100000e+04 1.791783e-15 4.726369e+22 
4.125000e+04 1.809527e-15 4.676298e+22 
4.150000e+04 1.828365e-15 4.624901e+22 
4.175000e+04 1.850811e-15 4.572919e+22 
4.200000e+04 1.876915e-15 4.514574e+22 
4.225000e+04 1.908663e-15 4.439425e+22 
4.250000e+04 1.936320e-15 4.377840e+22 
4.275000e+04 1.968574e-15 4.310794e+22 
4.300000e+04 2.009093e-15 4.228832e+22 
4.325000e+04 2.072656e-15 4.138787e+22 
4.350000e+04 2.188952e-15 3.960275e+22 
4.375000e+04 2.421013e-15 3.652566e+22 
4.400000e+04 2.731863e-15 3.310808e+22 
4.425000e+04 3.195861e-15 2.862623e+22 
4.450000e+04 3.714002e-15 2.497757e+22 
4.475000e+04 4.311214e-15 2.154281e+22 
4.500000e+04 4.921601e-15 1.890723e+22 
4.525000e+04 5.520404e-15 1.679019e+22 
4.550000e+04 6.094425e-15 1.514357e+22 
4.575000e+04 6.585976e-15 1.392291e+22 
4.600000e+04 7.024842e-15 1.295767e+22 
4.625000e+04 7.341962e-15 1.230455e+22 
4.650000e+04 7.593926e-15 1.179471e+22 
4.675000e+04 7.716558e-15 1.151490e+22 
4.700000e+04 7.775012e-15 1.132651e+22 
4.725000e+04 7.718879e-15 1.131712e+22 
4.750000e+04 7.608858e-15 1.137917e+22 
4.775000e+04 7.410942e-15 1.159029e+22 
4.800000e+04 7.173900e-15 1.187074e+22 
4.825000e+04 6.878698e-15 1.228444e+22 
4.850000e+04 6.559734e-15 1.277668e+22 
4.875000e+04 6.209669e-15 1.339623e+22 
4.900000e+04 5.849360e-15 1.411195e+22 
4.925000e+04 5.479522e-15 1.495643e+22 
4.950000e+04 5.109942e-15 1.592226e+22 
4.975000e+04 4.746153e-15 1.702437e+22 
5.000000e+04 4.389872e-15 1.828088e+22 
5.025000e+04 4.048923e-15 1.968725e+22 
5.050000e+04 3.719832e-15 2.129018e+22 
5.075000e+04 3.410989e-15 2.306411e+22 
5.100000e+04 3.116117e-15 2.508815e+22 
5.125000e+04 2.843174e-15 2.731478e+22 
5.150000e+04 2.584783e-15 2.985976e+22 
5.175000e+04 2.348046e-15 3.265299e+22 
5.200000e+04 2.125503e-15 3.585186e+22 
5.225000e+04 1.923308e-15 3.936213e+22 
5.250000e+04 1.734415e-15 4.338951e+22 
5.275000e+04 1.564090e-15 4.781133e+22 
5.300000e+04 1.405886e-15 5.289137e+22 
5.325000e+04 1.264259e-15 5.846970e+22 
5.350000e+04 1.133427e-15 6.488218e+22 
5.375000e+04 1.017092e-15 7.191707e+22 
5.400000e+04 9.101644e-16 8.000128e+22 
5.425000e+04 8.156379e-16 8.885126e+22 
5.450000e+04 7.291405e-16 9.900857e+22 
5.475000e+04 6.530083e-16 1.100947e+23 
5.500000e+04 5.835981e-16 1.227925e+23 
5.525000e+04 5.226611e-16 1.366059e+23 
5.550000e+04 4.672596e-16 1.523871e+23 
5.575000e+04 4.186558e-16 1.695033e+23 
5.600000e+04 3.745522e-16 1.890034e+23 
5.625000e+04 3.358288e-16 2.101045e+23 
5.650000e+04 3.007319e-16 2.340781e+23 
5.675000e+04 2.698602e-16 2.599820e+23 
5.700000e+04 2.418957e-16 2.893372e+23 
5.725000e+04 2.172410e-16 3.210329e+23 
5.750000e+04 1.949113e-16 3.568715e+23 
5.775000e+04 1.751777e-16 3.955604e+23 
5.800000e+04 1.573025e-16 4.392231e+23 
5.825000e+04 1.414710e-16 4.863646e+23 
5.850000e+04 1.271262e-16 5.394821e+23 
5.875000e+04 1.143976e-16 5.968468e+23 
5.900000e+04 1.028600e-16 6.613981e+23 
5.925000e+04 9.260610e-17 7.311313e+23 
5.950000e+04 8.330776e-17 8.095144e+23 
5.975000e+04 7.503275e-17 8.942164e+23 
6.000000e+04 6.752553e-17 9.893410e+23 
6.025000e+04 6.083633e-17 1.092168e+24 
6.050000e+04 5.476505e-17 1.207569e+24 
6.075000e+04 4.934920e-17 1.332359e+24 
6.100000e+04 4.443146e-17 1.472338e+24 
6.125000e+04 4.004029e-17 1.623777e+24 
6.150000e+04 3.605132e-17 1.793597e+24 
6.175000e+04 3.248653e-17 1.977429e+24 
6.200000e+04 2.924712e-17 2.183541e+24 
6.225000e+04 2.635050e-17 2.406781e+24 
6.250000e+04 2.371747e-17 2.657067e+24 
6.275000e+04 2.136038e-17 2.928407e+24 
6.300000e+04 1.921644e-17 3.232809e+24 
6.325000e+04 1.729298e-17 3.563466e+24 
6.350000e+04 1.554232e-17 3.934932e+24 
6.375000e+04 1.397090e-17 4.339022e+24 
6.400000e+04 1.254072e-17 4.793547e+24 
6.425000e+04 1.125859e-17 5.289118e+24 
6.450000e+04 1.009216e-17 5.847245e+24 
6.475000e+04 9.049289e-18 6.457708e+24 
6.500000e+04 8.103012e-18 7.144281e+24 
6.525000e+04 7.259655e-18 7.891429e+24 
6.550000e+04 6.493848e-18 8.732440e+24 
6.575000e+04 5.801551e-18 9.658560e+24 
6.600000e+04 5.167712e-18 1.000000e+25 
6.625000e+04 4.583487e-18 1.000000e+25 
6.650000e+04 4.013352e-18 1.000000e+25 
6.675000e+04 3.528771e-18 1.000000e+25 
6.700000e+04 3.116034e-18 1.000000e+25 
6.725000e+04 2.794738e-18 1.000000e+25 
6.750000e+04 2.585963e-18 1.000000e+25 
6.775000e+04 2.502855e-18 1.000000e+25 
6.800000e+04 2.457130e-18 1.000000e+25 
6.825000e+04 2.420900e-18 1.000000e+25 
6.850000e+04 2.399537e-18 1.000000e+25 
6.875000e+04 2.350375e-18 1.000000e+25 
6.900000e+04 2.294634e-18 1.000000e+25 
6.925000e+04 2.242533e-18 1.000000e+25 
6.950000e+04 2.188531e-18 1.000000e+25 
6.975000e+04 2.135721e-18 1.000000e+25 
7.000000e+04 2.084640e-18 1.000000e+25 
7.025000e+04 2.038156e-18 1.000000e+25 
7.050000e+04 1.993338e-18 1.000000e+25 
7.075000e+04 1.950341e-18 1.000000e+25 
7.100000e+04 1.908625e-18 1.000000e+25 
7.125000e+04 1.869222e-18 1.000000e+25 
7.150000e+04 1.830998e-18 1.000000e+25 
7.175000e+04 1.795129e-18 1.000000e+25 
7.200000e+04 1.760422e-18 1.000000e+25 
7.225000e+04 1.727858e-18 1.000000e+25 
7.250000e+04 1.696352e-18 1.000000e+25 
7.275000e+04 1.666797e-18 1.000000e+25 
7.300000e+04 1.638240e-18 1.000000e+25 
7.325000e+04 1.611538e-18 1.000000e+25 
7.350000e+04 1.585781e-18 1.000000e+25 
7.375000e+04 1.561764e-18 1.000000e+25 
7.400000e+04 1.538636e-18 1.000000e+25 
7.425000e+04 1.517145e-18 1.000000e+25 
7.450000e+04 1.496502e-18 1.000000e+25 
7.475000e+04 1.477427e-18 1.000000e+25 
7.500000e+04 1.459161e-18 1.000000e+25 
7.525000e+04 1.442373e-18 1.000000e+25 
7.550000e+04 1.426341e-18 1.000000e+25 
7.575000e+04 1.411680e-18 1.000000e+25 
7.600000e+04 1.397733e-18 1.000000e+25 
7.625000e+04 1.385078e-18 1.000000e+25 
7.650000e+04 1.373098e-18 1.000000e+25 
7.675000e+04 1.362333e-18 1.000000e+25 
7.700000e+04 1.352211e-18 1.000000e+25 
7.725000e+04 1.343246e-18 1.000000e+25 
7.750000e+04 1.334896e-18 1.000000e+25 
7.775000e+04 1.327644e-18 1.000000e+25 
7.800000e+04 1.320980e-18 1.000000e+25 
7.825000e+04 1.315359e-18 1.000000e+25 
7.850000e+04 1.310303e-18 1.000000e+25 
7.875000e+04 1.306248e-18 1.000000e+25 
7.900000e+04 1.302742e-18 1.000000e+25 
7.925000e+04 1.300211e-18 1.000000e+25 
7.950000e+04 1.298221e-18 1.000000e+25 
7.975000e+04 1.297199e-18 1.000000e+25 
8.000000e+04 1.296715e-18 1.000000e+25 
