0.000000e+00 1.572639e-18 1.000000e+25 
4.166667e+02 1.574225e-18 1.000000e+25 
8.333333e+02 1.577599e-18 1.000000e+25 
1.250000e+03 1.584235e-18 1.000000e+25 
1.666667e+03 1.592726e-18 1.000000e+25 
2.083333e+03 1.604714e-18 1.000000e+25 
2.500000e+03 1.618702e-18 1.000000e+25 
2.916667e+03 1.636439e-18 1.000000e+25 
3.333333e+03 1.656250e-18 1.000000e+25 
3.750000e+03 1.679869e-18 1.000000e+25 
4.166667e+03 1.705700e-18 1.000000e+25 
4.583333e+03 1.736142e-18 1.000000e+25 
5.000000e+03 1.769243e-18 1.000000e+25 
5.416667e+03 1.807665e-18 1.000000e+25 
5.833333e+03 1.848871e-18 1.000000e+25 
6.250000e+03 1.895181e-18 1.000000e+25 
6.666667e+03 1.944224e-18 1.000000e+25 
7.083333e+03 1.999382e-18 1.000000e+25 
7.500000e+03 2.057740e-18 1.000000e+25 
7.916667e+03 2.124029e-18 1.000000e+25 
8.333333e+03 2.195054e-18 1.000000e+25 
8.750000e+03 2.275258e-18 1.000000e+25 
9.166667e+03 2.360715e-18 1.000000e+25 
9.583333e+03 2.446960e-18 1.000000e+25 
1.000000e+04 2.531236e-18 1.000000e+25 
1.041667e+04 2.620372e-18 1.000000e+25 
1.083333e+04 2.673408e-18 1.000000e+25 
1.125000e+04 2.726629e-18 1.000000e+25 
1.166667e+04 2.805889e-18 1.000000e+25 
1.208333e+04 2.934118e-18 1.000000e+25 
1.250000e+04 3.200908e-18 1.000000e+25 
1.291667e+04 3.776556e-18 1.000000e+25 
1.333333e+04 4.552696e-18 1.000000e+25 
1.375000e+04 5.534913e-18 1.000000e+25 
1.416667e+04 6.741876e-18 9.122318e+24 
1.458333e+04 8.112511e-18 7.789078e+24 
1.500000e+04 9.669716e-18 6.715487e+24 
1.541667e+04 1.148552e-17 5.767612e+24 
1.583333e+04 1.359437e-17 4.974567e+24 
1.625000e+04 1.612518e-17 4.263500e+24 
1.666667e+04 1.907591e-17 3.667714e+24 
1.708333e+04 2.262853e-17 3.138672e+24 
1.750000e+04 2.677183e-17 2.696496e+24 
1.791667e+04 3.175591e-17 2.304320e+24 
1.833333e+04 3.757044e-17 1.977194e+24 
1.875000e+04 4.455228e-17 1.686949e+24 
1.916667e+04 5.270579e-17 1.445123e+24 
1.958333e+04 6.251406e-17 1.230456e+24 
2.000000e+04 7.399171e-17 1.051789e+24 
2.041667e+04 8.786233e-17 8.931503e+23 
2.083333e+04 1.041205e-16 7.614903e+23 
2.125000e+04 1.238526e-16 6.446165e+23 
2.166667e+04 1.470141e-16 5.479993e+23 
2.208333e+04 1.752809e-16 4.622047e+23 
2.250000e+04 2.084923e-16 3.916573e+23 
2.291667e+04 2.492968e-16 3.290222e+23 
2.333333e+04 2.972477e-16 2.778641e+23 
2.375000e+04 3.566121e-16 2.325400e+23 
2.416667e+04 4.262793e-16 1.958158e+23 
2.458333e+04 5.129579e-16 1.634877e+23 
2.500000e+04 6.142717e-16 1.375068e+23 
2.541667e+04 7.400197e-16 1.148878e+23 
2.583333e+04 8.858615e-16 9.682591e+22 
2.625000e+04 1.064723e-15 8.128488e+22 
2.666667e+04 1.269749e-15 6.891030e+22 
2.708333e+04 1.516539e-15 5.832903e+22 
2.750000e+04 1.795363e-15 4.989290e+22 
2.791667e+04 2.124233e-15 4.266780e+22 
2.833333e+04 2.489938e-15 3.688171e+22 
2.875000e+04 2.912489e-15 3.190747e+22 
2.916667e+04 3.374023e-15 2.790109e+22 
2.958333e+04 3.892860e-15 2.447762e+22 
3.000000e+04 4.445944e-15 2.170785e+22 
3.041667e+04 5.038394e-15 1.940841e+22 
3.083333e+04 5.645518e-15 1.755047e+22 
3.125000e+04 6.239320e-15 1.611418e+22 
3.166667e+04 6.805170e-15 1.498068e+22 
3.208333e+04 7.261043e-15 1.426849e+22 
3.250000e+04 7.624052e-15 1.378756e+22 
3.291667e+04 7.745697e-15 1.380861e+22 
3.333333e+04 7.705010e-15 1.408906e+22 
3.375000e+04 7.311075e-15 1.510076e+22 
3.416667e+04 6.730036e-15 1.663539e+22 
3.458333e+04 5.843551e-15 1.937677e+22 
3.500000e+04 4.860407e-15 2.352771e+22 
3.541667e+04 3.865097e-15 2.932926e+22 
3.583333e+04 2.941550e-15 3.836119e+22 
3.625000e+04 2.342143e-15 4.623694e+22 
3.666667e+04 1.916607e-15 5.460958e+22 
3.708333e+04 1.805360e-15 5.675865e+22 
3.750000e+04 1.841172e-15 5.449514e+22 
3.791667e+04 1.823123e-15 5.578267e+22 
3.833333e+04 1.748304e-15 5.897064e+22 
3.875000e+04 1.763154e-15 5.736562e+22 
3.916667e+04 1.807505e-15 5.497575e+22 
3.958333e+04 1.764277e-15 5.738831e+22 
4.000000e+04 1.711304e-15 6.029116e+22 
4.041667e+04 1.764277e-15 5.738831e+22 
4.083333e+04 1.807505e-15 5.497575e+22 
4.125000e+04 1.763154e-15 5.736562e+22 
4.166667e+04 1.748304e-15 5.897064e+22 
4.208333e+04 1.823123e-15 5.578267e+22 
4.250000e+04 1.841172e-15 5.449514e+22 
4.291667e+04 1.805360e-15 5.675865e+22 
4.333333e+04 1.916607e-15 5.460958e+22 
4.375000e+04 2.342143e-15 4.623694e+22 
4.416667e+04 2.941550e-15 3.836119e+22 
4.458333e+04 3.865097e-15 2.932926e+22 
4.500000e+04 4.860407e-15 2.352771e+22 
4.541667e+04 5.843551e-15 1.937677e+22 
4.583333e+04 6.730036e-15 1.663539e+22 
4.625000e+04 7.311075e-15 1.510076e+22 
4.666667e+04 7.705010e-15 1.408906e+22 
4.708333e+04 7.745697e-15 1.380861e+22 
4.750000e+04 7.624052e-15 1.378756e+22 
4.791667e+04 7.261043e-15 1.426849e+22 
4.833333e+04 6.805170e-15 1.498068e+22 
4.875000e+04 6.239320e-15 1.611418e+22 
4.916667e+04 5.645518e-15 1.755047e+22 
4.958333e+04 5.038394e-15 1.940841e+22 
5.000000e+04 4.445944e-15 2.170785e+22 
5.041667e+04 3.892860e-15 2.447762e+22 
5.083333e+04 3.374023e-15 2.790109e+22 
5.125000e+04 2.912489e-15 3.190747e+22 
5.166667e+04 2.489938e-15 3.688171e+22 
5.208333e+04 2.124233e-15 4.266780e+22 
5.250000e+04 1.795363e-15 4.989290e+22 
5.291667e+04 1.516539e-15 5.832903e+22 
5.333333e+04 1.269749e-15 6.891030e+22 
5.375000e+04 1.064723e-15 8.128488e+22 
5.416667e+04 8.858615e-16 9.682591e+22 
5.458333e+04 7.400197e-16 1.148878e+23 
5.500000e+04 6.142717e-16 1.375068e+23 
5.541667e+04 5.129579e-16 1.634877e+23 
5.583333e+04 4.262793e-16 1.958158e+23 
5.625000e+04 3.566121e-16 2.325400e+23 
5.666667e+04 2.972477e-16 2.778641e+23 
5.708333e+04 2.492968e-16 3.290222e+23 
5.750000e+04 2.084923e-16 3.916573e+23 
5.791667e+04 1.752809e-16 4.622047e+23 
5.833333e+04 1.470141e-16 5.479993e+23 
5.875000e+04 1.238526e-16 6.446165e+23 
5.916667e+04 1.041205e-16 7.614903e+23 
5.958333e+04 8.786233e-17 8.931503e+23 
6.000000e+04 7.399171e-17 1.051789e+24 
6.041667e+04 6.251406e-17 1.230456e+24 
6.083333e+04 5.270579e-17 1.445123e+24 
6.125000e+04 4.455228e-17 1.686949e+24 
6.166667e+04 3.757044e-17 1.977194e+24 
6.208333e+04 3.175591e-17 2.304320e+24 
6.250000e+04 2.677183e-17 2.696496e+24 
6.291667e+04 2.262853e-17 3.138672e+24 
6.333333e+04 1.907591e-17 3.667714e+24 
6.375000e+04 1.612518e-17 4.263500e+24 
6.416667e+04 1.359437e-17 4.974567e+24 
6.458333e+04 1.148552e-17 5.767612e+24 
6.500000e+04 9.669716e-18 6.715487e+24 
6.541667e+04 8.112511e-18 7.789078e+24 
6.583333e+04 6.741876e-18 9.122318e+24 
6.625000e+04 5.534913e-18 1.000000e+25 
6.666667e+04 4.552696e-18 1.000000e+25 
6.708333e+04 3.776556e-18 1.000000e+25 
6.750000e+04 3.200908e-18 1.000000e+25 
6.791667e+04 2.934118e-18 1.000000e+25 
6.833333e+04 2.805889e-18 1.000000e+25 
6.875000e+04 2.726629e-18 1.000000e+25 
6.916667e+04 2.673408e-18 1.000000e+25 
6.958333e+04 2.620372e-18 1.000000e+25 
7.000000e+04 2.531236e-18 1.000000e+25 
7.041667e+04 2.446960e-18 1.000000e+25 
7.083333e+04 2.360715e-18 1.000000e+25 
7.125000e+04 2.275258e-18 1.000000e+25 
7.166667e+04 2.195054e-18 1.000000e+25 
7.208333e+04 2.124029e-18 1.000000e+25 
7.250000e+04 2.057740e-18 1.000000e+25 
7.291667e+04 1.999382e-18 1.000000e+25 
7.333333e+04 1.944224e-18 1.000000e+25 
7.375000e+04 1.895181e-18 1.000000e+25 
7.416667e+04 1.848871e-18 1.000000e+25 
7.458333e+04 1.807665e-18 1.000000e+25 
7.500000e+04 1.769243e-18 1.000000e+25 
7.541667e+04 1.736142e-18 1.000000e+25 
7.583333e+04 1.705700e-18 1.000000e+25 
7.625000e+04 1.679869e-18 1.000000e+25 
7.666667e+04 1.656250e-18 1.000000e+25 
7.708333e+04 1.636439e-18 1.000000e+25 
7.750000e+04 1.618702e-18 1.000000e+25 
7.791667e+04 1.604714e-18 1.000000e+25 
7.833333e+04 1.592726e-18 1.000000e+25 
7.875000e+04 1.584235e-18 1.000000e+25 
7.916667e+04 1.577599e-18 1.000000e+25 
7.958333e+04 1.574225e-18 1.000000e+25 
8.000000e+04 1.572639e-18 1.000000e+25 
