0.000000e+00 1.184055e-19 1.000000e+25 
2.500000e+02 1.184522e-19 1.000000e+25 
5.000000e+02 1.185698e-19 1.000000e+25 
7.500000e+02 1.187809e-19 1.000000e+25 
1.000000e+03 1.190631e-19 1.000000e+25 
1.250000e+03 1.194390e-19 1.000000e+25 
1.500000e+03 1.198860e-19 1.000000e+25 
1.750000e+03 1.204276e-19 1.000000e+25 
2.000000e+03 1.210404e-19 1.000000e+25 
2.250000e+03 1.217489e-19 1.000000e+25 
2.500000e+03 1.225289e-19 1.000000e+25 
2.750000e+03 1.234064e-19 1.000000e+25 
3.000000e+03 1.243559e-19 1.000000e+25 
3.250000e+03 1.254054e-19 1.000000e+25 
3.500000e+03 1.265277e-19 1.000000e+25 
3.750000e+03 1.277535e-19 1.000000e+25 
4.000000e+03 1.290529e-19 1.000000e+25 
4.250000e+03 1.304604e-19 1.000000e+25 
4.500000e+03 1.319427e-19 1.000000e+25 
4.750000e+03 1.335383e-19 1.000000e+25 
5.000000e+03 1.352103e-19 1.000000e+25 
5.250000e+03 1.370012e-19 1.000000e+25 
5.500000e+03 1.388703e-19 1.000000e+25 
5.750000e+03 1.408643e-19 1.000000e+25 
6.000000e+03 1.429382e-19 1.000000e+25 
6.250000e+03 1.451429e-19 1.000000e+25 
6.500000e+03 1.474294e-19 1.000000e+25 
6.750000e+03 1.498522e-19 1.000000e+25 
7.000000e+03 1.523589e-19 1.000000e+25 
7.250000e+03 1.550087e-19 1.000000e+25 
7.500000e+03 1.577452e-19 1.000000e+25 
7.750000e+03 1.606267e-19 1.000000e+25 
8.000000e+03 1.635956e-19 1.000000e+25 
8.250000e+03 1.667293e-19 1.000000e+25 
8.500000e+03 1.699632e-19 1.000000e+25 
8.750000e+03 1.733594e-19 1.000000e+25 
9.000000e+03 1.768417e-19 1.000000e+25 
9.250000e+03 1.804814e-19 1.000000e+25 
9.500000e+03 1.842503e-19 1.000000e+25 
9.750000e+03 1.883282e-19 1.000000e+25 
1.000000e+04 1.924856e-19 1.000000e+25 
1.025000e+04 1.967018e-19 1.000000e+25 
1.050000e+04 1.996430e-19 1.000000e+25 
1.075000e+04 2.021803e-19 1.000000e+25 
1.100000e+04 2.113328e-19 1.000000e+25 
1.125000e+04 2.363110e-19 1.000000e+25 
1.150000e+04 2.662020e-19 1.000000e+25 
1.175000e+04 2.973951e-19 1.000000e+25 
1.200000e+04 3.306798e-19 1.000000e+25 
1.225000e+04 3.686965e-19 1.000000e+25 
1.250000e+04 4.099315e-19 1.000000e+25 
1.275000e+04 4.574678e-19 1.000000e+25 
1.300000e+04 5.089493e-19 9.824173e+24 
1.325000e+04 5.677958e-19 8.806048e+24 
1.350000e+04 6.314272e-19 7.918597e+24 
1.375000e+04 7.042981e-19 7.099339e+24 
1.400000e+04 7.831741e-19 6.384319e+24 
1.425000e+04 8.737535e-19 5.722518e+24 
1.450000e+04 9.717917e-19 5.145190e+24 
1.475000e+04 1.084480e-18 4.610588e+24 
1.500000e+04 1.206463e-18 4.144411e+24 
1.525000e+04 1.346848e-18 3.712460e+24 
1.550000e+04 1.498888e-18 3.335876e+24 
1.575000e+04 1.674134e-18 2.986710e+24 
1.600000e+04 1.864033e-18 2.682433e+24 
1.625000e+04 2.083223e-18 2.400221e+24 
1.650000e+04 2.320884e-18 2.154433e+24 
1.675000e+04 2.595589e-18 1.926440e+24 
1.700000e+04 2.893649e-18 1.728007e+24 
1.725000e+04 3.238668e-18 1.543941e+24 
1.750000e+04 3.613299e-18 1.383865e+24 
1.775000e+04 4.047574e-18 1.235406e+24 
1.800000e+04 4.519483e-18 1.106412e+24 
1.825000e+04 5.067253e-18 9.868265e+23 
1.850000e+04 5.662951e-18 8.830244e+23 
1.875000e+04 6.355271e-18 7.868476e+23 
1.900000e+04 7.108738e-18 7.034538e+23 
1.925000e+04 7.985443e-18 6.262388e+23 
1.950000e+04 8.940288e-18 5.593615e+23 
1.975000e+04 1.005255e-17 4.974859e+23 
2.000000e+04 1.126482e-17 4.439562e+23 
2.025000e+04 1.267846e-17 3.944696e+23 
2.050000e+04 1.422025e-17 3.517084e+23 
2.075000e+04 1.602001e-17 3.122097e+23 
2.100000e+04 1.798417e-17 2.781200e+23 
2.125000e+04 2.027921e-17 2.466580e+23 
2.150000e+04 2.278536e-17 2.195373e+23 
2.175000e+04 2.571631e-17 1.945292e+23 
2.200000e+04 2.891858e-17 1.729978e+23 
2.225000e+04 3.266652e-17 1.531620e+23 
2.250000e+04 3.676334e-17 1.361039e+23 
2.275000e+04 4.156115e-17 1.204047e+23 
2.300000e+04 4.680767e-17 1.069192e+23 
2.325000e+04 5.295428e-17 9.452114e+22 
2.350000e+04 5.967788e-17 8.388244e+22 
2.375000e+04 6.755597e-17 7.411275e+22 
2.400000e+04 7.617559e-17 6.573727e+22 
2.425000e+04 8.627366e-17 5.805514e+22 
2.450000e+04 9.732375e-17 5.147448e+22 
2.475000e+04 1.102636e-16 4.544587e+22 
2.500000e+04 1.244239e-16 4.028485e+22 
2.525000e+04 1.409960e-16 3.556199e+22 
2.550000e+04 1.591293e-16 3.152071e+22 
2.575000e+04 1.803395e-16 2.782547e+22 
2.600000e+04 2.035416e-16 2.466478e+22 
2.625000e+04 2.306774e-16 2.177527e+22 
2.650000e+04 2.603471e-16 1.930495e+22 
2.675000e+04 2.950738e-16 1.704489e+22 
2.700000e+04 3.330132e-16 1.511427e+22 
2.725000e+04 3.775096e-16 1.334466e+22 
2.750000e+04 4.260649e-16 1.183518e+22 
2.775000e+04 4.831903e-16 1.044785e+22 
2.800000e+04 5.454172e-16 9.267201e+21 
2.825000e+04 6.188512e-16 8.179450e+21 
2.850000e+04 6.986349e-16 7.256741e+21 
2.875000e+04 7.928666e-16 6.406194e+21 
2.900000e+04 8.948522e-16 5.687458e+21 
2.925000e+04 1.014869e-15 5.026707e+21 
2.950000e+04 1.144050e-15 4.470393e+21 
2.975000e+04 1.294665e-15 3.961970e+21 
3.000000e+04 1.455609e-15 3.534953e+21 
3.025000e+04 1.640533e-15 3.147762e+21 
3.050000e+04 1.836415e-15 2.822668e+21 
3.075000e+04 2.057298e-15 2.530348e+21 
3.100000e+04 2.288978e-15 2.284359e+21 
3.125000e+04 2.544574e-15 2.064945e+21 
3.150000e+04 2.809825e-15 1.879453e+21 
3.175000e+04 3.095266e-15 1.715353e+21 
3.200000e+04 3.388109e-15 1.575734e+21 
3.225000e+04 3.694211e-15 1.453455e+21 
3.250000e+04 4.004262e-15 1.348656e+21 
3.275000e+04 4.316843e-15 1.258242e+21 
3.300000e+04 4.628700e-15 1.180205e+21 
3.325000e+04 4.928085e-15 1.114582e+21 
3.350000e+04 5.220965e-15 1.057667e+21 
3.375000e+04 5.481918e-15 1.012080e+21 
3.400000e+04 5.729765e-15 9.726265e+20 
3.425000e+04 5.921976e-15 9.443044e+20 
3.450000e+04 6.094116e-15 9.204543e+20 
3.475000e+04 6.183383e-15 9.086110e+20 
3.500000e+04 6.245811e-15 9.005277e+20 
3.525000e+04 6.196805e-15 9.068595e+20 
3.550000e+04 6.115414e-15 9.175976e+20 
3.575000e+04 5.898921e-15 9.476041e+20 
3.600000e+04 5.647687e-15 9.853099e+20 
3.625000e+04 5.256654e-15 1.051165e+21 
3.650000e+04 4.835680e-15 1.133972e+21 
3.675000e+04 4.313261e-15 1.259204e+21 
3.700000e+04 3.774750e-15 1.424577e+21 
3.725000e+04 3.267387e-15 1.630279e+21 
3.750000e+04 2.778262e-15 1.899674e+21 
3.775000e+04 2.474118e-15 2.120938e+21 
3.800000e+04 2.227223e-15 2.344928e+21 
3.825000e+04 2.113611e-15 2.465596e+21 
3.850000e+04 2.035204e-15 2.556731e+21 
3.875000e+04 1.987496e-15 2.615702e+21 
3.900000e+04 1.943517e-15 2.672631e+21 
3.925000e+04 1.917926e-15 2.706956e+21 
3.950000e+04 1.894043e-15 2.739829e+21 
3.975000e+04 1.884223e-15 2.753586e+21 
4.000000e+04 1.879087e-15 2.760839e+21 
4.025000e+04 1.884223e-15 2.753586e+21 
4.050000e+04 1.894043e-15 2.739829e+21 
4.075000e+04 1.917926e-15 2.706956e+21 
4.100000e+04 1.943517e-15 2.672631e+21 
4.125000e+04 1.987496e-15 2.615702e+21 
4.150000e+04 2.035204e-15 2.556731e+21 
4.175000e+04 2.113611e-15 2.465596e+21 
4.200000e+04 2.227223e-15 2.344928e+21 
4.225000e+04 2.474118e-15 2.120938e+21 
4.250000e+04 2.778262e-15 1.899674e+21 
4.275000e+04 3.267387e-15 1.630279e+21 
4.300000e+04 3.774750e-15 1.424577e+21 
4.325000e+04 4.313261e-15 1.259204e+21 
4.350000e+04 4.835680e-15 1.133972e+21 
4.375000e+04 5.256654e-15 1.051165e+21 
4.400000e+04 5.647687e-15 9.853099e+20 
4.425000e+04 5.898921e-15 9.476041e+20 
4.450000e+04 6.115414e-15 9.175976e+20 
4.475000e+04 6.196805e-15 9.068595e+20 
4.500000e+04 6.245811e-15 9.005277e+20 
4.525000e+04 6.183383e-15 9.086110e+20 
4.550000e+04 6.094116e-15 9.204543e+20 
4.575000e+04 5.921976e-15 9.443044e+20 
4.600000e+04 5.729765e-15 9.726265e+20 
4.625000e+04 5.481918e-15 1.012080e+21 
4.650000e+04 5.220965e-15 1.057667e+21 
4.675000e+04 4.928085e-15 1.114582e+21 
4.700000e+04 4.628700e-15 1.180205e+21 
4.725000e+04 4.316843e-15 1.258242e+21 
4.750000e+04 4.004262e-15 1.348656e+21 
4.775000e+04 3.694211e-15 1.453455e+21 
4.800000e+04 3.388109e-15 1.575734e+21 
4.825000e+04 3.095266e-15 1.715353e+21 
4.850000e+04 2.809825e-15 1.879453e+21 
4.875000e+04 2.544574e-15 2.064945e+21 
4.900000e+04 2.288978e-15 2.284359e+21 
4.925000e+04 2.057298e-15 2.530348e+21 
4.950000e+04 1.836415e-15 2.822668e+21 
4.975000e+04 1.640533e-15 3.147762e+21 
5.000000e+04 1.455609e-15 3.534953e+21 
5.025000e+04 1.294665e-15 3.961970e+21 
5.050000e+04 1.144050e-15 4.470393e+21 
5.075000e+04 1.014869e-15 5.026707e+21 
5.100000e+04 8.948522e-16 5.687458e+21 
5.125000e+04 7.928666e-16 6.406194e+21 
5.150000e+04 6.986349e-16 7.256741e+21 
5.175000e+04 6.188512e-16 8.179450e+21 
5.200000e+04 5.454172e-16 9.267201e+21 
5.225000e+04 4.831903e-16 1.044785e+22 
5.250000e+04 4.260649e-16 1.183518e+22 
5.275000e+04 3.775096e-16 1.334466e+22 
5.300000e+04 3.330132e-16 1.511427e+22 
5.325000e+04 2.950738e-16 1.704489e+22 
5.350000e+04 2.603471e-16 1.930495e+22 
5.375000e+04 2.306774e-16 2.177527e+22 
5.400000e+04 2.035416e-16 2.466478e+22 
5.425000e+04 1.803395e-16 2.782547e+22 
5.450000e+04 1.591293e-16 3.152071e+22 
5.475000e+04 1.409960e-16 3.556199e+22 
5.500000e+04 1.244239e-16 4.028485e+22 
5.525000e+04 1.102636e-16 4.544587e+22 
5.550000e+04 9.732375e-17 5.147448e+22 
5.575000e+04 8.627366e-17 5.805514e+22 
5.600000e+04 7.617559e-17 6.573727e+22 
5.625000e+04 6.755597e-17 7.411275e+22 
5.650000e+04 5.967788e-17 8.388244e+22 
5.675000e+04 5.295428e-17 9.452114e+22 
5.700000e+04 4.680767e-17 1.069192e+23 
5.725000e+04 4.156115e-17 1.204047e+23 
5.750000e+04 3.676334e-17 1.361039e+23 
5.775000e+04 3.266652e-17 1.531620e+23 
5.800000e+04 2.891858e-17 1.729978e+23 
5.825000e+04 2.571631e-17 1.945292e+23 
5.850000e+04 2.278536e-17 2.195373e+23 
5.875000e+04 2.027921e-17 2.466580e+23 
5.900000e+04 1.798417e-17 2.781200e+23 
5.925000e+04 1.602001e-17 3.122097e+23 
5.950000e+04 1.422025e-17 3.517084e+23 
5.975000e+04 1.267846e-17 3.944696e+23 
6.000000e+04 1.126482e-17 4.439562e+23 
6.025000e+04 1.005255e-17 4.974859e+23 
6.050000e+04 8.940288e-18 5.593615e+23 
6.075000e+04 7.985443e-18 6.262388e+23 
6.100000e+04 7.108738e-18 7.034538e+23 
6.125000e+04 6.355271e-18 7.868476e+23 
6.150000e+04 5.662951e-18 8.830244e+23 
6.175000e+04 5.067253e-18 9.868265e+23 
6.200000e+04 4.519483e-18 1.106412e+24 
6.225000e+04 4.047574e-18 1.235406e+24 
6.250000e+04 3.613299e-18 1.383865e+24 
6.275000e+04 3.238668e-18 1.543941e+24 
6.300000e+04 2.893649e-18 1.728007e+24 
6.325000e+04 2.595589e-18 1.926440e+24 
6.350000e+04 2.320884e-18 2.154433e+24 
6.375000e+04 2.083223e-18 2.400221e+24 
6.400000e+04 1.864033e-18 2.682433e+24 
6.425000e+04 1.674134e-18 2.986710e+24 
6.450000e+04 1.498888e-18 3.335876e+24 
6.475000e+04 1.346848e-18 3.712460e+24 
6.500000e+04 1.206463e-18 4.144411e+24 
6.525000e+04 1.084480e-18 4.610588e+24 
6.550000e+04 9.717917e-19 5.145190e+24 
6.575000e+04 8.737535e-19 5.722518e+24 
6.600000e+04 7.831741e-19 6.384319e+24 
6.625000e+04 7.042981e-19 7.099339e+24 
6.650000e+04 6.314272e-19 7.918597e+24 
6.675000e+04 5.677958e-19 8.806048e+24 
6.700000e+04 5.089493e-19 9.824173e+24 
6.725000e+04 4.574678e-19 1.000000e+25 
6.750000e+04 4.099315e-19 1.000000e+25 
6.775000e+04 3.686965e-19 1.000000e+25 
6.800000e+04 3.306798e-19 1.000000e+25 
6.825000e+04 2.973951e-19 1.000000e+25 
6.850000e+04 2.662020e-19 1.000000e+25 
6.875000e+04 2.363110e-19 1.000000e+25 
6.900000e+04 2.113328e-19 1.000000e+25 
6.925000e+04 2.021803e-19 1.000000e+25 
6.950000e+04 1.996430e-19 1.000000e+25 
6.975000e+04 1.967018e-19 1.000000e+25 
7.000000e+04 1.924856e-19 1.000000e+25 
7.025000e+04 1.883282e-19 1.000000e+25 
7.050000e+04 1.842503e-19 1.000000e+25 
7.075000e+04 1.804814e-19 1.000000e+25 
7.100000e+04 1.768417e-19 1.000000e+25 
7.125000e+04 1.733594e-19 1.000000e+25 
7.150000e+04 1.699632e-19 1.000000e+25 
7.175000e+04 1.667293e-19 1.000000e+25 
7.200000e+04 1.635956e-19 1.000000e+25 
7.225000e+04 1.606267e-19 1.000000e+25 
7.250000e+04 1.577452e-19 1.000000e+25 
7.275000e+04 1.550087e-19 1.000000e+25 
7.300000e+04 1.523589e-19 1.000000e+25 
7.325000e+04 1.498522e-19 1.000000e+25 
7.350000e+04 1.474294e-19 1.000000e+25 
7.375000e+04 1.451429e-19 1.000000e+25 
7.400000e+04 1.429382e-19 1.000000e+25 
7.425000e+04 1.408643e-19 1.000000e+25 
7.450000e+04 1.388703e-19 1.000000e+25 
7.475000e+04 1.370012e-19 1.000000e+25 
7.500000e+04 1.352103e-19 1.000000e+25 
7.525000e+04 1.335383e-19 1.000000e+25 
7.550000e+04 1.319427e-19 1.000000e+25 
7.575000e+04 1.304604e-19 1.000000e+25 
7.600000e+04 1.290529e-19 1.000000e+25 
7.625000e+04 1.277535e-19 1.000000e+25 
7.650000e+04 1.265277e-19 1.000000e+25 
7.675000e+04 1.254054e-19 1.000000e+25 
7.700000e+04 1.243559e-19 1.000000e+25 
7.725000e+04 1.234064e-19 1.000000e+25 
7.750000e+04 1.225289e-19 1.000000e+25 
7.775000e+04 1.217489e-19 1.000000e+25 
7.800000e+04 1.210404e-19 1.000000e+25 
7.825000e+04 1.204276e-19 1.000000e+25 
7.850000e+04 1.198860e-19 1.000000e+25 
7.875000e+04 1.194390e-19 1.000000e+25 
7.900000e+04 1.190631e-19 1.000000e+25 
7.925000e+04 1.187809e-19 1.000000e+25 
7.950000e+04 1.185698e-19 1.000000e+25 
7.975000e+04 1.184522e-19 1.000000e+25 
8.000000e+04 1.184055e-19 1.000000e+25 
