0.000000e+00 1.184657e-18 1.000000e+25 
6.250000e+02 1.188085e-18 1.000000e+25 
1.250000e+03 1.195330e-18 1.000000e+25 
1.875000e+03 1.209398e-18 1.000000e+25 
2.500000e+03 1.227217e-18 1.000000e+25 
3.125000e+03 1.251777e-18 1.000000e+25 
3.750000e+03 1.279979e-18 1.000000e+25 
4.375000e+03 1.314832e-18 1.000000e+25 
5.000000e+03 1.353214e-18 1.000000e+25 
5.625000e+03 1.398215e-18 1.000000e+25 
6.250000e+03 1.446670e-18 1.000000e+25 
6.875000e+03 1.501856e-18 1.000000e+25 
7.500000e+03 1.560502e-18 1.000000e+25 
8.125000e+03 1.626232e-18 1.000000e+25 
8.750000e+03 1.695557e-18 1.000000e+25 
9.375000e+03 1.772626e-18 1.000000e+25 
1.000000e+04 1.853570e-18 1.000000e+25 
1.062500e+04 1.942899e-18 1.000000e+25 
1.125000e+04 2.036402e-18 1.000000e+25 
1.187500e+04 2.138781e-18 1.000000e+25 
1.250000e+04 2.245749e-18 1.000000e+25 
1.312500e+04 2.361906e-18 1.000000e+25 
1.375000e+04 2.483218e-18 1.000000e+25 
1.437500e+04 2.616135e-18 1.000000e+25 
1.500000e+04 2.755979e-18 1.000000e+25 
1.562500e+04 2.908728e-18 1.000000e+25 
1.625000e+04 3.068858e-18 1.000000e+25 
1.687500e+04 3.243585e-18 1.000000e+25 
1.750000e+04 3.428003e-18 1.000000e+25 
1.812500e+04 3.630384e-18 1.000000e+25 
1.875000e+04 3.845172e-18 1.000000e+25 
1.937500e+04 4.081319e-18 1.000000e+25 
2.000000e+04 4.332134e-18 1.000000e+25 
2.062500e+04 4.584078e-18 1.000000e+25 
2.125000e+04 4.846818e-18 1.000000e+25 
2.187500e+04 5.170582e-18 1.000000e+25 
2.250000e+04 5.516233e-18 1.000000e+25 
2.312500e+04 5.891080e-18 1.000000e+25 
2.375000e+04 6.204063e-18 1.000000e+25 
2.437500e+04 6.569808e-18 1.000000e+25 
2.500000e+04 7.523433e-18 9.381884e+24 
2.562500e+04 8.815316e-18 8.425315e+24 
2.625000e+04 9.787041e-18 7.969457e+24 
2.687500e+04 1.219912e-17 6.749821e+24 
2.750000e+04 1.390293e-17 6.236826e+24 
2.812500e+04 2.252736e-17 4.291490e+24 
2.875000e+04 2.275394e-17 4.684440e+24 
2.937500e+04 1.466543e-16 7.047352e+23 
3.000000e+04 2.557923e-16 3.783358e+23 
3.062500e+04 1.383871e-15 7.090862e+22 
3.125000e+04 3.879283e-15 2.625567e+22 
3.187500e+04 9.714257e-15 1.051185e+22 
3.250000e+04 1.713337e-14 5.997572e+21 
3.312500e+04 2.043107e-14 5.125392e+21 
3.375000e+04 1.761050e-14 5.979109e+21 
3.437500e+04 1.006345e-14 1.059107e+22 
3.500000e+04 4.083675e-15 2.644692e+22 
3.562500e+04 1.881362e-15 5.510479e+22 
3.625000e+04 7.004453e-16 1.452814e+23 
3.687500e+04 2.892959e-16 3.594702e+23 
3.750000e+04 6.090543e-17 1.807372e+24 
3.812500e+04 2.033313e-16 4.949066e+23 
3.875000e+04 3.028883e-16 3.117598e+23 
3.937500e+04 1.976762e-16 5.482863e+23 
4.000000e+04 8.569794e-17 1.601515e+24 
4.062500e+04 1.976762e-16 5.482863e+23 
4.125000e+04 3.028883e-16 3.117598e+23 
4.187500e+04 2.033313e-16 4.949066e+23 
4.250000e+04 6.090543e-17 1.807372e+24 
4.312500e+04 2.892959e-16 3.594702e+23 
4.375000e+04 7.004453e-16 1.452814e+23 
4.437500e+04 1.881362e-15 5.510479e+22 
4.500000e+04 4.083675e-15 2.644692e+22 
4.562500e+04 1.006345e-14 1.059107e+22 
4.625000e+04 1.761050e-14 5.979109e+21 
4.687500e+04 2.043107e-14 5.125392e+21 
4.750000e+04 1.713337e-14 5.997572e+21 
4.812500e+04 9.714257e-15 1.051185e+22 
4.875000e+04 3.879283e-15 2.625567e+22 
4.937500e+04 1.383871e-15 7.090862e+22 
5.000000e+04 2.557923e-16 3.783358e+23 
5.062500e+04 1.466543e-16 7.047352e+23 
5.125000e+04 2.275394e-17 4.684440e+24 
5.187500e+04 2.252736e-17 4.291490e+24 
5.250000e+04 1.390293e-17 6.236826e+24 
5.312500e+04 1.219912e-17 6.749821e+24 
5.375000e+04 9.787041e-18 7.969457e+24 
5.437500e+04 8.815316e-18 8.425315e+24 
5.500000e+04 7.523433e-18 9.381884e+24 
5.562500e+04 6.569808e-18 1.000000e+25 
5.625000e+04 6.204063e-18 1.000000e+25 
5.687500e+04 5.891080e-18 1.000000e+25 
5.750000e+04 5.516233e-18 1.000000e+25 
5.812500e+04 5.170582e-18 1.000000e+25 
5.875000e+04 4.846818e-18 1.000000e+25 
5.937500e+04 4.584078e-18 1.000000e+25 
6.000000e+04 4.332134e-18 1.000000e+25 
6.062500e+04 4.081319e-18 1.000000e+25 
6.125000e+04 3.845172e-18 1.000000e+25 
6.187500e+04 3.630384e-18 1.000000e+25 
6.250000e+04 3.428003e-18 1.000000e+25 
6.312500e+04 3.243585e-18 1.000000e+25 
6.375000e+04 3.068858e-18 1.000000e+25 
6.437500e+04 2.908728e-18 1.000000e+25 
6.500000e+04 2.755979e-18 1.000000e+25 
6.562500e+04 2.616135e-18 1.000000e+25 
6.625000e+04 2.483218e-18 1.000000e+25 
6.687500e+04 2.361906e-18 1.000000e+25 
6.750000e+04 2.245749e-18 1.000000e+25 
6.812500e+04 2.138781e-18 1.000000e+25 
6.875000e+04 2.036402e-18 1.000000e+25 
6.937500e+04 1.942899e-18 1.000000e+25 
7.000000e+04 1.853570e-18 1.000000e+25 
7.062500e+04 1.772626e-18 1.000000e+25 
7.125000e+04 1.695557e-18 1.000000e+25 
7.187500e+04 1.626232e-18 1.000000e+25 
7.250000e+04 1.560502e-18 1.000000e+25 
7.312500e+04 1.501856e-18 1.000000e+25 
7.375000e+04 1.446670e-18 1.000000e+25 
7.437500e+04 1.398215e-18 1.000000e+25 
7.500000e+04 1.353214e-18 1.000000e+25 
7.562500e+04 1.314832e-18 1.000000e+25 
7.625000e+04 1.279979e-18 1.000000e+25 
7.687500e+04 1.251777e-18 1.000000e+25 
7.750000e+04 1.227217e-18 1.000000e+25 
7.812500e+04 1.209398e-18 1.000000e+25 
7.875000e+04 1.195330e-18 1.000000e+25 
7.937500e+04 1.188085e-18 1.000000e+25 
8.000000e+04 1.184657e-18 1.000000e+25 
