0.000000e+00 9.135173e-19 1.000000e+25 
6.250000e+02 9.161855e-19 1.000000e+25 
1.250000e+03 9.218349e-19 1.000000e+25 
1.875000e+03 9.328160e-19 1.000000e+25 
2.500000e+03 9.467287e-19 1.000000e+25 
3.125000e+03 9.659715e-19 1.000000e+25 
3.750000e+03 9.880744e-19 1.000000e+25 
4.375000e+03 1.015528e-18 1.000000e+25 
5.000000e+03 1.045770e-18 1.000000e+25 
5.625000e+03 1.081295e-18 1.000000e+25 
6.250000e+03 1.119529e-18 1.000000e+25 
6.875000e+03 1.162775e-18 1.000000e+25 
7.500000e+03 1.208616e-18 1.000000e+25 
8.125000e+03 1.258926e-18 1.000000e+25 
8.750000e+03 1.311724e-18 1.000000e+25 
9.375000e+03 1.369071e-18 1.000000e+25 
1.000000e+04 1.429160e-18 1.000000e+25 
1.062500e+04 1.494543e-18 1.000000e+25 
1.125000e+04 1.563037e-18 1.000000e+25 
1.187500e+04 1.637892e-18 1.000000e+25 
1.250000e+04 1.716298e-18 1.000000e+25 
1.312500e+04 1.802391e-18 1.000000e+25 
1.375000e+04 1.892595e-18 1.000000e+25 
1.437500e+04 1.991667e-18 1.000000e+25 
1.500000e+04 2.095332e-18 1.000000e+25 
1.562500e+04 2.208804e-18 1.000000e+25 
1.625000e+04 2.327488e-18 1.000000e+25 
1.687500e+04 2.456990e-18 1.000000e+25 
1.750000e+04 2.592809e-18 1.000000e+25 
1.812500e+04 2.743762e-18 1.000000e+25 
1.875000e+04 2.903684e-18 1.000000e+25 
1.937500e+04 3.076332e-18 1.000000e+25 
2.000000e+04 3.255114e-18 1.000000e+25 
2.062500e+04 3.441970e-18 1.000000e+25 
2.125000e+04 3.636617e-18 1.000000e+25 
2.187500e+04 3.862052e-18 1.000000e+25 
2.250000e+04 4.114962e-18 1.000000e+25 
2.312500e+04 4.425749e-18 1.000000e+25 
2.375000e+04 4.766998e-18 1.000000e+25 
2.437500e+04 5.004666e-18 1.000000e+25 
2.500000e+04 5.189002e-18 1.000000e+25 
2.562500e+04 5.524638e-18 1.000000e+25 
2.625000e+04 5.931427e-18 1.000000e+25 
2.687500e+04 5.946875e-18 1.000000e+25 
2.750000e+04 5.472774e-18 1.000000e+25 
2.812500e+04 1.091840e-17 8.645097e+24 
2.875000e+04 2.014695e-17 4.899972e+24 
2.937500e+04 9.837267e-17 9.596507e+23 
3.000000e+04 1.127761e-16 7.579718e+23 
3.062500e+04 9.394644e-16 8.636159e+22 
3.125000e+04 2.858016e-15 2.931234e+22 
3.187500e+04 8.353615e-15 1.005789e+22 
3.250000e+04 1.630793e-14 5.205435e+21 
3.312500e+04 2.131190e-14 4.041346e+21 
3.375000e+04 1.973805e-14 4.368723e+21 
3.437500e+04 1.153739e-14 7.617270e+21 
3.500000e+04 4.445723e-15 2.012891e+22 
3.562500e+04 1.811155e-15 4.707592e+22 
3.625000e+04 5.241501e-16 1.587463e+23 
3.687500e+04 2.179385e-16 3.971020e+23 
3.750000e+04 1.487591e-17 6.076715e+24 
3.812500e+04 1.046880e-16 7.766214e+23 
3.875000e+04 1.473338e-16 5.185448e+23 
3.937500e+04 7.313850e-17 1.252837e+24 
4.000000e+04 1.896518e-17 8.257787e+24 
4.062500e+04 7.313850e-17 1.252837e+24 
4.125000e+04 1.473338e-16 5.185448e+23 
4.187500e+04 1.046880e-16 7.766214e+23 
4.250000e+04 1.487591e-17 6.076715e+24 
4.312500e+04 2.179385e-16 3.971020e+23 
4.375000e+04 5.241501e-16 1.587463e+23 
4.437500e+04 1.811155e-15 4.707592e+22 
4.500000e+04 4.445723e-15 2.012891e+22 
4.562500e+04 1.153739e-14 7.617270e+21 
4.625000e+04 1.973805e-14 4.368723e+21 
4.687500e+04 2.131190e-14 4.041346e+21 
4.750000e+04 1.630793e-14 5.205435e+21 
4.812500e+04 8.353615e-15 1.005789e+22 
4.875000e+04 2.858016e-15 2.931234e+22 
4.937500e+04 9.394644e-16 8.636159e+22 
5.000000e+04 1.127761e-16 7.579718e+23 
5.062500e+04 9.837267e-17 9.596507e+23 
5.125000e+04 2.014695e-17 4.899972e+24 
5.187500e+04 1.091840e-17 8.645097e+24 
5.250000e+04 5.472774e-18 1.000000e+25 
5.312500e+04 5.946875e-18 1.000000e+25 
5.375000e+04 5.931427e-18 1.000000e+25 
5.437500e+04 5.524638e-18 1.000000e+25 
5.500000e+04 5.189002e-18 1.000000e+25 
5.562500e+04 5.004666e-18 1.000000e+25 
5.625000e+04 4.766998e-18 1.000000e+25 
5.687500e+04 4.425749e-18 1.000000e+25 
5.750000e+04 4.114962e-18 1.000000e+25 
5.812500e+04 3.862052e-18 1.000000e+25 
5.875000e+04 3.636617e-18 1.000000e+25 
5.937500e+04 3.441970e-18 1.000000e+25 
6.000000e+04 3.255114e-18 1.000000e+25 
6.062500e+04 3.076332e-18 1.000000e+25 
6.125000e+04 2.903684e-18 1.000000e+25 
6.187500e+04 2.743762e-18 1.000000e+25 
6.250000e+04 2.592809e-18 1.000000e+25 
6.312500e+04 2.456990e-18 1.000000e+25 
6.375000e+04 2.327488e-18 1.000000e+25 
6.437500e+04 2.208804e-18 1.000000e+25 
6.500000e+04 2.095332e-18 1.000000e+25 
6.562500e+04 1.991667e-18 1.000000e+25 
6.625000e+04 1.892595e-18 1.000000e+25 
6.687500e+04 1.802391e-18 1.000000e+25 
6.750000e+04 1.716298e-18 1.000000e+25 
6.812500e+04 1.637892e-18 1.000000e+25 
6.875000e+04 1.563037e-18 1.000000e+25 
6.937500e+04 1.494543e-18 1.000000e+25 
7.000000e+04 1.429160e-18 1.000000e+25 
7.062500e+04 1.369071e-18 1.000000e+25 
7.125000e+04 1.311724e-18 1.000000e+25 
7.187500e+04 1.258926e-18 1.000000e+25 
7.250000e+04 1.208616e-18 1.000000e+25 
7.312500e+04 1.162775e-18 1.000000e+25 
7.375000e+04 1.119529e-18 1.000000e+25 
7.437500e+04 1.081295e-18 1.000000e+25 
7.500000e+04 1.045770e-18 1.000000e+25 
7.562500e+04 1.015528e-18 1.000000e+25 
7.625000e+04 9.880744e-19 1.000000e+25 
7.687500e+04 9.659715e-19 1.000000e+25 
7.750000e+04 9.467287e-19 1.000000e+25 
7.812500e+04 9.328160e-19 1.000000e+25 
7.875000e+04 9.218349e-19 1.000000e+25 
7.937500e+04 9.161855e-19 1.000000e+25 
8.000000e+04 9.135173e-19 1.000000e+25 
