0.000000e+00 1.065807e-19 1.000000e+25 
2.500000e+02 1.066198e-19 1.000000e+25 
5.000000e+02 1.067205e-19 1.000000e+25 
7.500000e+02 1.068995e-19 1.000000e+25 
1.000000e+03 1.071401e-19 1.000000e+25 
1.250000e+03 1.074590e-19 1.000000e+25 
1.500000e+03 1.078396e-19 1.000000e+25 
1.750000e+03 1.082986e-19 1.000000e+25 
2.000000e+03 1.088193e-19 1.000000e+25 
2.250000e+03 1.094188e-19 1.000000e+25 
2.500000e+03 1.100801e-19 1.000000e+25 
2.750000e+03 1.108208e-19 1.000000e+25 
3.000000e+03 1.116235e-19 1.000000e+25 
3.250000e+03 1.125065e-19 1.000000e+25 
3.500000e+03 1.134520e-19 1.000000e+25 
3.750000e+03 1.144794e-19 1.000000e+25 
4.000000e+03 1.155699e-19 1.000000e+25 
4.250000e+03 1.167449e-19 1.000000e+25 
4.500000e+03 1.179838e-19 1.000000e+25 
4.750000e+03 1.193108e-19 1.000000e+25 
5.000000e+03 1.207030e-19 1.000000e+25 
5.250000e+03 1.221883e-19 1.000000e+25 
5.500000e+03 1.237404e-19 1.000000e+25 
5.750000e+03 1.253917e-19 1.000000e+25 
6.000000e+03 1.271116e-19 1.000000e+25 
6.250000e+03 1.289379e-19 1.000000e+25 
6.500000e+03 1.308350e-19 1.000000e+25 
6.750000e+03 1.328461e-19 1.000000e+25 
7.000000e+03 1.349305e-19 1.000000e+25 
7.250000e+03 1.371368e-19 1.000000e+25 
7.500000e+03 1.394188e-19 1.000000e+25 
7.750000e+03 1.418304e-19 1.000000e+25 
8.000000e+03 1.443204e-19 1.000000e+25 
8.250000e+03 1.469475e-19 1.000000e+25 
8.500000e+03 1.496556e-19 1.000000e+25 
8.750000e+03 1.525064e-19 1.000000e+25 
9.000000e+03 1.554393e-19 1.000000e+25 
9.250000e+03 1.585205e-19 1.000000e+25 
9.500000e+03 1.616873e-19 1.000000e+25 
9.750000e+03 1.650218e-19 1.000000e+25 
1.000000e+04 1.684489e-19 1.000000e+25 
1.025000e+04 1.720268e-19 1.000000e+25 
1.050000e+04 1.756807e-19 1.000000e+25 
1.075000e+04 1.795936e-19 1.000000e+25 
1.100000e+04 1.836310e-19 1.000000e+25 
1.125000e+04 1.878115e-19 1.000000e+25 
1.150000e+04 1.919970e-19 1.000000e+25 
1.175000e+04 1.943402e-19 1.000000e+25 
1.200000e+04 1.966522e-19 1.000000e+25 
1.225000e+04 2.104894e-19 1.000000e+25 
1.250000e+04 2.344410e-19 1.000000e+25 
1.275000e+04 2.638416e-19 1.000000e+25 
1.300000e+04 2.940715e-19 1.000000e+25 
1.325000e+04 3.278199e-19 1.000000e+25 
1.350000e+04 3.647409e-19 1.000000e+25 
1.375000e+04 4.072071e-19 1.000000e+25 
1.400000e+04 4.534373e-19 1.000000e+25 
1.425000e+04 5.065736e-19 9.870304e+24 
1.450000e+04 5.642279e-19 8.861676e+24 
1.475000e+04 6.303746e-19 7.931846e+24 
1.500000e+04 7.021941e-19 7.120548e+24 
1.525000e+04 7.848511e-19 6.370682e+24 
1.550000e+04 8.746048e-19 5.716876e+24 
1.575000e+04 9.780668e-19 5.112164e+24 
1.600000e+04 1.090413e-18 4.585426e+24 
1.625000e+04 1.220081e-18 4.098121e+24 
1.650000e+04 1.360936e-18 3.673947e+24 
1.675000e+04 1.523757e-18 3.281391e+24 
1.700000e+04 1.700719e-18 2.939938e+24 
1.725000e+04 1.905593e-18 2.623878e+24 
1.750000e+04 2.128395e-18 2.349192e+24 
1.775000e+04 2.386729e-18 2.094937e+24 
1.800000e+04 2.667863e-18 1.874163e+24 
1.825000e+04 2.994334e-18 1.669836e+24 
1.850000e+04 3.349889e-18 1.492590e+24 
1.875000e+04 3.763411e-18 1.328596e+24 
1.900000e+04 4.214129e-18 1.186488e+24 
1.925000e+04 4.739097e-18 1.055065e+24 
1.950000e+04 5.311749e-18 9.413123e+23 
1.975000e+04 5.979675e-18 8.361754e+23 
2.000000e+04 6.708866e-18 7.452849e+23 
2.025000e+04 7.560547e-18 6.613358e+23 
2.050000e+04 8.491113e-18 5.888532e+23 
2.075000e+04 9.579490e-18 5.219552e+23 
2.100000e+04 1.076965e-17 4.642698e+23 
2.125000e+04 1.216356e-17 4.110695e+23 
2.150000e+04 1.368905e-17 3.652572e+23 
2.175000e+04 1.547818e-17 3.230402e+23 
2.200000e+04 1.743771e-17 2.867365e+23 
2.225000e+04 1.973901e-17 2.533095e+23 
2.250000e+04 2.226139e-17 2.246055e+23 
2.275000e+04 2.522753e-17 1.981996e+23 
2.300000e+04 2.848095e-17 1.755573e+23 
2.325000e+04 3.231118e-17 1.547482e+23 
2.350000e+04 3.651520e-17 1.369306e+23 
2.375000e+04 4.146934e-17 1.205735e+23 
2.400000e+04 4.691038e-17 1.065874e+23 
2.425000e+04 5.332675e-17 9.376378e+22 
2.450000e+04 6.037790e-17 8.281292e+22 
2.475000e+04 6.869639e-17 7.278597e+22 
2.500000e+04 7.784298e-17 6.423298e+22 
2.525000e+04 8.863577e-17 5.641236e+22 
2.550000e+04 1.005095e-16 4.974764e+22 
2.575000e+04 1.145241e-16 4.366049e+22 
2.600000e+04 1.299509e-16 3.847713e+22 
2.625000e+04 1.481759e-16 3.374512e+22 
2.650000e+04 1.682488e-16 2.971893e+22 
2.675000e+04 1.920195e-16 2.604034e+22 
2.700000e+04 2.182161e-16 2.291409e+22 
2.725000e+04 2.493860e-16 2.005048e+22 
2.750000e+04 2.837549e-16 1.762185e+22 
2.775000e+04 3.249477e-16 1.538827e+22 
2.800000e+04 3.703767e-16 1.350077e+22 
2.825000e+04 4.252879e-16 1.175787e+22 
2.850000e+04 4.858050e-16 1.029319e+22 
2.875000e+04 5.594356e-16 8.938661e+21 
2.900000e+04 6.404007e-16 7.808611e+21 
2.925000e+04 7.390513e-16 6.766480e+21 
2.950000e+04 8.470642e-16 5.903740e+21 
2.975000e+04 9.779967e-16 5.113520e+21 
3.000000e+04 1.120470e-15 4.463413e+21 
3.025000e+04 1.291321e-15 3.873018e+21 
3.050000e+04 1.475846e-15 3.388887e+21 
3.075000e+04 1.693930e-15 2.952722e+21 
3.100000e+04 1.927545e-15 2.594974e+21 
3.125000e+04 2.198977e-15 2.274787e+21 
3.150000e+04 2.487183e-15 2.011307e+21 
3.175000e+04 2.815426e-15 1.776931e+21 
3.200000e+04 3.160497e-15 1.583030e+21 
3.225000e+04 3.543743e-15 1.411938e+21 
3.250000e+04 3.941760e-15 1.269470e+21 
3.275000e+04 4.368750e-15 1.145492e+21 
3.300000e+04 4.805128e-15 1.041555e+21 
3.325000e+04 5.249736e-15 9.534293e+20 
3.350000e+04 5.693853e-15 8.791402e+20 
3.375000e+04 6.109920e-15 8.193426e+20 
3.400000e+04 6.510682e-15 7.689687e+20 
3.425000e+04 6.830125e-15 7.330532e+20 
3.450000e+04 7.115733e-15 7.036682e+20 
3.475000e+04 7.254809e-15 6.902006e+20 
3.500000e+04 7.341668e-15 6.820444e+20 
3.525000e+04 7.221841e-15 6.933467e+20 
3.550000e+04 7.038750e-15 7.113545e+20 
3.575000e+04 6.626048e-15 7.555989e+20 
3.600000e+04 6.155450e-15 8.132905e+20 
3.625000e+04 5.506278e-15 9.090544e+20 
3.650000e+04 4.825961e-15 1.037065e+21 
3.675000e+04 4.108459e-15 1.218009e+21 
3.700000e+04 3.403219e-15 1.470198e+21 
3.725000e+04 2.860251e-15 1.749154e+21 
3.750000e+04 2.381455e-15 2.100569e+21 
3.775000e+04 2.137256e-15 2.340482e+21 
3.800000e+04 1.956629e-15 2.556422e+21 
3.825000e+04 1.879320e-15 2.661538e+21 
3.850000e+04 1.817206e-15 2.752479e+21 
3.875000e+04 1.778542e-15 2.812292e+21 
3.900000e+04 1.739903e-15 2.874725e+21 
3.925000e+04 1.714684e-15 2.916989e+21 
3.950000e+04 1.693183e-15 2.954018e+21 
3.975000e+04 1.683639e-15 2.970758e+21 
4.000000e+04 1.677991e-15 2.980754e+21 
4.025000e+04 1.683639e-15 2.970758e+21 
4.050000e+04 1.693183e-15 2.954018e+21 
4.075000e+04 1.714684e-15 2.916989e+21 
4.100000e+04 1.739903e-15 2.874725e+21 
4.125000e+04 1.778542e-15 2.812292e+21 
4.150000e+04 1.817206e-15 2.752479e+21 
4.175000e+04 1.879320e-15 2.661538e+21 
4.200000e+04 1.956629e-15 2.556422e+21 
4.225000e+04 2.137256e-15 2.340482e+21 
4.250000e+04 2.381455e-15 2.100569e+21 
4.275000e+04 2.860251e-15 1.749154e+21 
4.300000e+04 3.403219e-15 1.470198e+21 
4.325000e+04 4.108459e-15 1.218009e+21 
4.350000e+04 4.825961e-15 1.037065e+21 
4.375000e+04 5.506278e-15 9.090544e+20 
4.400000e+04 6.155450e-15 8.132905e+20 
4.425000e+04 6.626048e-15 7.555989e+20 
4.450000e+04 7.038750e-15 7.113545e+20 
4.475000e+04 7.221841e-15 6.933467e+20 
4.500000e+04 7.341668e-15 6.820444e+20 
4.525000e+04 7.254809e-15 6.902006e+20 
4.550000e+04 7.115733e-15 7.036682e+20 
4.575000e+04 6.830125e-15 7.330532e+20 
4.600000e+04 6.510682e-15 7.689687e+20 
4.625000e+04 6.109920e-15 8.193426e+20 
4.650000e+04 5.693853e-15 8.791402e+20 
4.675000e+04 5.249736e-15 9.534293e+20 
4.700000e+04 4.805128e-15 1.041555e+21 
4.725000e+04 4.368750e-15 1.145492e+21 
4.750000e+04 3.941760e-15 1.269470e+21 
4.775000e+04 3.543743e-15 1.411938e+21 
4.800000e+04 3.160497e-15 1.583030e+21 
4.825000e+04 2.815426e-15 1.776931e+21 
4.850000e+04 2.487183e-15 2.011307e+21 
4.875000e+04 2.198977e-15 2.274787e+21 
4.900000e+04 1.927545e-15 2.594974e+21 
4.925000e+04 1.693930e-15 2.952722e+21 
4.950000e+04 1.475846e-15 3.388887e+21 
4.975000e+04 1.291321e-15 3.873018e+21 
5.000000e+04 1.120470e-15 4.463413e+21 
5.025000e+04 9.779967e-16 5.113520e+21 
5.050000e+04 8.470642e-16 5.903740e+21 
5.075000e+04 7.390513e-16 6.766480e+21 
5.100000e+04 6.404007e-16 7.808611e+21 
5.125000e+04 5.594356e-16 8.938661e+21 
5.150000e+04 4.858050e-16 1.029319e+22 
5.175000e+04 4.252879e-16 1.175787e+22 
5.200000e+04 3.703767e-16 1.350077e+22 
5.225000e+04 3.249477e-16 1.538827e+22 
5.250000e+04 2.837549e-16 1.762185e+22 
5.275000e+04 2.493860e-16 2.005048e+22 
5.300000e+04 2.182161e-16 2.291409e+22 
5.325000e+04 1.920195e-16 2.604034e+22 
5.350000e+04 1.682488e-16 2.971893e+22 
5.375000e+04 1.481759e-16 3.374512e+22 
5.400000e+04 1.299509e-16 3.847713e+22 
5.425000e+04 1.145241e-16 4.366049e+22 
5.450000e+04 1.005095e-16 4.974764e+22 
5.475000e+04 8.863577e-17 5.641236e+22 
5.500000e+04 7.784298e-17 6.423298e+22 
5.525000e+04 6.869639e-17 7.278597e+22 
5.550000e+04 6.037790e-17 8.281292e+22 
5.575000e+04 5.332675e-17 9.376378e+22 
5.600000e+04 4.691038e-17 1.065874e+23 
5.625000e+04 4.146934e-17 1.205735e+23 
5.650000e+04 3.651520e-17 1.369306e+23 
5.675000e+04 3.231118e-17 1.547482e+23 
5.700000e+04 2.848095e-17 1.755573e+23 
5.725000e+04 2.522753e-17 1.981996e+23 
5.750000e+04 2.226139e-17 2.246055e+23 
5.775000e+04 1.973901e-17 2.533095e+23 
5.800000e+04 1.743771e-17 2.867365e+23 
5.825000e+04 1.547818e-17 3.230402e+23 
5.850000e+04 1.368905e-17 3.652572e+23 
5.875000e+04 1.216356e-17 4.110695e+23 
5.900000e+04 1.076965e-17 4.642698e+23 
5.925000e+04 9.579490e-18 5.219552e+23 
5.950000e+04 8.491113e-18 5.888532e+23 
5.975000e+04 7.560547e-18 6.613358e+23 
6.000000e+04 6.708866e-18 7.452849e+23 
6.025000e+04 5.979675e-18 8.361754e+23 
6.050000e+04 5.311749e-18 9.413123e+23 
6.075000e+04 4.739097e-18 1.055065e+24 
6.100000e+04 4.214129e-18 1.186488e+24 
6.125000e+04 3.763411e-18 1.328596e+24 
6.150000e+04 3.349889e-18 1.492590e+24 
6.175000e+04 2.994334e-18 1.669836e+24 
6.200000e+04 2.667863e-18 1.874163e+24 
6.225000e+04 2.386729e-18 2.094937e+24 
6.250000e+04 2.128395e-18 2.349192e+24 
6.275000e+04 1.905593e-18 2.623878e+24 
6.300000e+04 1.700719e-18 2.939938e+24 
6.325000e+04 1.523757e-18 3.281391e+24 
6.350000e+04 1.360936e-18 3.673947e+24 
6.375000e+04 1.220081e-18 4.098121e+24 
6.400000e+04 1.090413e-18 4.585426e+24 
6.425000e+04 9.780668e-19 5.112164e+24 
6.450000e+04 8.746048e-19 5.716876e+24 
6.475000e+04 7.848511e-19 6.370682e+24 
6.500000e+04 7.021941e-19 7.120548e+24 
6.525000e+04 6.303746e-19 7.931846e+24 
6.550000e+04 5.642279e-19 8.861676e+24 
6.575000e+04 5.065736e-19 9.870304e+24 
6.600000e+04 4.534373e-19 1.000000e+25 
6.625000e+04 4.072071e-19 1.000000e+25 
6.650000e+04 3.647409e-19 1.000000e+25 
6.675000e+04 3.278199e-19 1.000000e+25 
6.700000e+04 2.940715e-19 1.000000e+25 
6.725000e+04 2.638416e-19 1.000000e+25 
6.750000e+04 2.344410e-19 1.000000e+25 
6.775000e+04 2.104894e-19 1.000000e+25 
6.800000e+04 1.966522e-19 1.000000e+25 
6.825000e+04 1.943402e-19 1.000000e+25 
6.850000e+04 1.919970e-19 1.000000e+25 
6.875000e+04 1.878115e-19 1.000000e+25 
6.900000e+04 1.836310e-19 1.000000e+25 
6.925000e+04 1.795936e-19 1.000000e+25 
6.950000e+04 1.756807e-19 1.000000e+25 
6.975000e+04 1.720268e-19 1.000000e+25 
7.000000e+04 1.684489e-19 1.000000e+25 
7.025000e+04 1.650218e-19 1.000000e+25 
7.050000e+04 1.616873e-19 1.000000e+25 
7.075000e+04 1.585205e-19 1.000000e+25 
7.100000e+04 1.554393e-19 1.000000e+25 
7.125000e+04 1.525064e-19 1.000000e+25 
7.150000e+04 1.496556e-19 1.000000e+25 
7.175000e+04 1.469475e-19 1.000000e+25 
7.200000e+04 1.443204e-19 1.000000e+25 
7.225000e+04 1.418304e-19 1.000000e+25 
7.250000e+04 1.394188e-19 1.000000e+25 
7.275000e+04 1.371368e-19 1.000000e+25 
7.300000e+04 1.349305e-19 1.000000e+25 
7.325000e+04 1.328461e-19 1.000000e+25 
7.350000e+04 1.308350e-19 1.000000e+25 
7.375000e+04 1.289379e-19 1.000000e+25 
7.400000e+04 1.271116e-19 1.000000e+25 
7.425000e+04 1.253917e-19 1.000000e+25 
7.450000e+04 1.237404e-19 1.000000e+25 
7.475000e+04 1.221883e-19 1.000000e+25 
7.500000e+04 1.207030e-19 1.000000e+25 
7.525000e+04 1.193108e-19 1.000000e+25 
7.550000e+04 1.179838e-19 1.000000e+25 
7.575000e+04 1.167449e-19 1.000000e+25 
7.600000e+04 1.155699e-19 1.000000e+25 
7.625000e+04 1.144794e-19 1.000000e+25 
7.650000e+04 1.134520e-19 1.000000e+25 
7.675000e+04 1.125065e-19 1.000000e+25 
7.700000e+04 1.116235e-19 1.000000e+25 
7.725000e+04 1.108208e-19 1.000000e+25 
7.750000e+04 1.100801e-19 1.000000e+25 
7.775000e+04 1.094188e-19 1.000000e+25 
7.800000e+04 1.088193e-19 1.000000e+25 
7.825000e+04 1.082986e-19 1.000000e+25 
7.850000e+04 1.078396e-19 1.000000e+25 
7.875000e+04 1.074590e-19 1.000000e+25 
7.900000e+04 1.071401e-19 1.000000e+25 
7.925000e+04 1.068995e-19 1.000000e+25 
7.950000e+04 1.067205e-19 1.000000e+25 
7.975000e+04 1.066198e-19 1.000000e+25 
8.000000e+04 1.065807e-19 1.000000e+25 
