0.000000e+00 1.575499e-18 1.000000e+25 
4.166667e+02 1.577083e-18 1.000000e+25 
8.333333e+02 1.580458e-18 1.000000e+25 
1.250000e+03 1.587101e-18 1.000000e+25 
1.666667e+03 1.595604e-18 1.000000e+25 
2.083333e+03 1.607619e-18 1.000000e+25 
2.500000e+03 1.621637e-18 1.000000e+25 
2.916667e+03 1.639406e-18 1.000000e+25 
3.333333e+03 1.659251e-18 1.000000e+25 
3.750000e+03 1.682919e-18 1.000000e+25 
4.166667e+03 1.708809e-18 1.000000e+25 
4.583333e+03 1.739335e-18 1.000000e+25 
5.000000e+03 1.772524e-18 1.000000e+25 
5.416667e+03 1.811015e-18 1.000000e+25 
5.833333e+03 1.852285e-18 1.000000e+25 
6.250000e+03 1.898701e-18 1.000000e+25 
6.666667e+03 1.947881e-18 1.000000e+25 
7.083333e+03 2.003179e-18 1.000000e+25 
7.500000e+03 2.061689e-18 1.000000e+25 
7.916667e+03 2.128317e-18 1.000000e+25 
8.333333e+03 2.199685e-18 1.000000e+25 
8.750000e+03 2.279846e-18 1.000000e+25 
9.166667e+03 2.365253e-18 1.000000e+25 
9.583333e+03 2.451376e-18 1.000000e+25 
1.000000e+04 2.536241e-18 1.000000e+25 
1.041667e+04 2.625130e-18 1.000000e+25 
1.083333e+04 2.676479e-18 1.000000e+25 
1.125000e+04 2.730462e-18 1.000000e+25 
1.166667e+04 2.810263e-18 1.000000e+25 
1.208333e+04 2.941819e-18 1.000000e+25 
1.250000e+04 3.216098e-18 1.000000e+25 
1.291667e+04 3.801609e-18 1.000000e+25 
1.333333e+04 4.585552e-18 1.000000e+25 
1.375000e+04 5.575369e-18 1.000000e+25 
1.416667e+04 6.790044e-18 9.068623e+24 
1.458333e+04 8.164486e-18 7.748076e+24 
1.500000e+04 9.729156e-18 6.681161e+24 
1.541667e+04 1.155452e-17 5.738351e+24 
1.583333e+04 1.367448e-17 4.949422e+24 
1.625000e+04 1.621877e-17 4.242196e+24 
1.666667e+04 1.918519e-17 3.649558e+24 
1.708333e+04 2.275670e-17 3.123287e+24 
1.750000e+04 2.692138e-17 2.683447e+24 
1.791667e+04 3.193026e-17 2.293330e+24 
1.833333e+04 3.777327e-17 1.967894e+24 
1.875000e+04 4.478856e-17 1.679128e+24 
1.916667e+04 5.298078e-17 1.438509e+24 
1.958333e+04 6.283493e-17 1.224898e+24 
2.000000e+04 7.436581e-17 1.047093e+24 
2.041667e+04 8.829989e-17 8.892105e+23 
2.083333e+04 1.046317e-16 7.581678e+23 
2.125000e+04 1.244517e-16 6.418353e+23 
2.166667e+04 1.477154e-16 5.456588e+23 
2.208333e+04 1.761053e-16 4.602503e+23 
2.250000e+04 2.094598e-16 3.900165e+23 
2.291667e+04 2.504381e-16 3.276577e+23 
2.333333e+04 2.985898e-16 2.767233e+23 
2.375000e+04 3.581988e-16 2.315986e+23 
2.416667e+04 4.281453e-16 1.950350e+23 
2.458333e+04 5.151583e-16 1.628513e+23 
2.500000e+04 6.168455e-16 1.369856e+23 
2.541667e+04 7.430231e-16 1.144697e+23 
2.583333e+04 8.893286e-16 9.648899e+22 
2.625000e+04 1.068691e-15 8.101924e+22 
2.666667e+04 1.274232e-15 6.870000e+22 
2.708333e+04 1.521532e-15 5.816656e+22 
2.750000e+04 1.800836e-15 4.976718e+22 
2.791667e+04 2.130100e-15 4.257400e+22 
2.833333e+04 2.496099e-15 3.681231e+22 
2.875000e+04 2.918713e-15 3.185976e+22 
2.916667e+04 3.380096e-15 2.786995e+22 
2.958333e+04 3.898337e-15 2.446149e+22 
3.000000e+04 4.450475e-15 2.170318e+22 
3.041667e+04 5.041330e-15 1.941410e+22 
3.083333e+04 5.646429e-15 1.756414e+22 
3.125000e+04 6.237573e-15 1.613495e+22 
3.166667e+04 6.800463e-15 1.500708e+22 
3.208333e+04 7.253246e-15 1.429983e+22 
3.250000e+04 7.613324e-15 1.382305e+22 
3.291667e+04 7.732967e-15 1.384762e+22 
3.333333e+04 7.691100e-15 1.413128e+22 
3.375000e+04 7.297926e-15 1.514539e+22 
3.416667e+04 6.718720e-15 1.668196e+22 
3.458333e+04 5.835485e-15 1.942401e+22 
3.500000e+04 4.855840e-15 2.357310e+22 
3.541667e+04 3.863304e-15 2.937136e+22 
3.583333e+04 2.941805e-15 3.839383e+22 
3.625000e+04 2.343048e-15 4.626387e+22 
3.666667e+04 1.917637e-15 5.463487e+22 
3.708333e+04 1.806346e-15 5.678263e+22 
3.750000e+04 1.842151e-15 5.451804e+22 
3.791667e+04 1.824229e-15 5.580141e+22 
3.833333e+04 1.749558e-15 5.898281e+22 
3.875000e+04 1.764519e-15 5.737417e+22 
3.916667e+04 1.808982e-15 5.498158e+22 
3.958333e+04 1.765787e-15 5.739237e+22 
4.000000e+04 1.712805e-15 6.029419e+22 
4.041667e+04 1.765787e-15 5.739237e+22 
4.083333e+04 1.808982e-15 5.498158e+22 
4.125000e+04 1.764519e-15 5.737417e+22 
4.166667e+04 1.749558e-15 5.898281e+22 
4.208333e+04 1.824229e-15 5.580141e+22 
4.250000e+04 1.842151e-15 5.451804e+22 
4.291667e+04 1.806346e-15 5.678263e+22 
4.333333e+04 1.917637e-15 5.463487e+22 
4.375000e+04 2.343048e-15 4.626387e+22 
4.416667e+04 2.941805e-15 3.839383e+22 
4.458333e+04 3.863304e-15 2.937136e+22 
4.500000e+04 4.855840e-15 2.357310e+22 
4.541667e+04 5.835485e-15 1.942401e+22 
4.583333e+04 6.718720e-15 1.668196e+22 
4.625000e+04 7.297926e-15 1.514539e+22 
4.666667e+04 7.691100e-15 1.413128e+22 
4.708333e+04 7.732967e-15 1.384762e+22 
4.750000e+04 7.613324e-15 1.382305e+22 
4.791667e+04 7.253246e-15 1.429983e+22 
4.833333e+04 6.800463e-15 1.500708e+22 
4.875000e+04 6.237573e-15 1.613495e+22 
4.916667e+04 5.646429e-15 1.756414e+22 
4.958333e+04 5.041330e-15 1.941410e+22 
5.000000e+04 4.450475e-15 2.170318e+22 
5.041667e+04 3.898337e-15 2.446149e+22 
5.083333e+04 3.380096e-15 2.786995e+22 
5.125000e+04 2.918713e-15 3.185976e+22 
5.166667e+04 2.496099e-15 3.681231e+22 
5.208333e+04 2.130100e-15 4.257400e+22 
5.250000e+04 1.800836e-15 4.976718e+22 
5.291667e+04 1.521532e-15 5.816656e+22 
5.333333e+04 1.274232e-15 6.870000e+22 
5.375000e+04 1.068691e-15 8.101924e+22 
5.416667e+04 8.893286e-16 9.648899e+22 
5.458333e+04 7.430231e-16 1.144697e+23 
5.500000e+04 6.168455e-16 1.369856e+23 
5.541667e+04 5.151583e-16 1.628513e+23 
5.583333e+04 4.281453e-16 1.950350e+23 
5.625000e+04 3.581988e-16 2.315986e+23 
5.666667e+04 2.985898e-16 2.767233e+23 
5.708333e+04 2.504381e-16 3.276577e+23 
5.750000e+04 2.094598e-16 3.900165e+23 
5.791667e+04 1.761053e-16 4.602503e+23 
5.833333e+04 1.477154e-16 5.456588e+23 
5.875000e+04 1.244517e-16 6.418353e+23 
5.916667e+04 1.046317e-16 7.581678e+23 
5.958333e+04 8.829989e-17 8.892105e+23 
6.000000e+04 7.436581e-17 1.047093e+24 
6.041667e+04 6.283493e-17 1.224898e+24 
6.083333e+04 5.298078e-17 1.438509e+24 
6.125000e+04 4.478856e-17 1.679128e+24 
6.166667e+04 3.777327e-17 1.967894e+24 
6.208333e+04 3.193026e-17 2.293330e+24 
6.250000e+04 2.692138e-17 2.683447e+24 
6.291667e+04 2.275670e-17 3.123287e+24 
6.333333e+04 1.918519e-17 3.649558e+24 
6.375000e+04 1.621877e-17 4.242196e+24 
6.416667e+04 1.367448e-17 4.949422e+24 
6.458333e+04 1.155452e-17 5.738351e+24 
6.500000e+04 9.729156e-18 6.681161e+24 
6.541667e+04 8.164486e-18 7.748076e+24 
6.583333e+04 6.790044e-18 9.068623e+24 
6.625000e+04 5.575369e-18 1.000000e+25 
6.666667e+04 4.585552e-18 1.000000e+25 
6.708333e+04 3.801609e-18 1.000000e+25 
6.750000e+04 3.216098e-18 1.000000e+25 
6.791667e+04 2.941819e-18 1.000000e+25 
6.833333e+04 2.810263e-18 1.000000e+25 
6.875000e+04 2.730462e-18 1.000000e+25 
6.916667e+04 2.676479e-18 1.000000e+25 
6.958333e+04 2.625130e-18 1.000000e+25 
7.000000e+04 2.536241e-18 1.000000e+25 
7.041667e+04 2.451376e-18 1.000000e+25 
7.083333e+04 2.365253e-18 1.000000e+25 
7.125000e+04 2.279846e-18 1.000000e+25 
7.166667e+04 2.199685e-18 1.000000e+25 
7.208333e+04 2.128317e-18 1.000000e+25 
7.250000e+04 2.061689e-18 1.000000e+25 
7.291667e+04 2.003179e-18 1.000000e+25 
7.333333e+04 1.947881e-18 1.000000e+25 
7.375000e+04 1.898701e-18 1.000000e+25 
7.416667e+04 1.852285e-18 1.000000e+25 
7.458333e+04 1.811015e-18 1.000000e+25 
7.500000e+04 1.772524e-18 1.000000e+25 
7.541667e+04 1.739335e-18 1.000000e+25 
7.583333e+04 1.708809e-18 1.000000e+25 
7.625000e+04 1.682919e-18 1.000000e+25 
7.666667e+04 1.659251e-18 1.000000e+25 
7.708333e+04 1.639406e-18 1.000000e+25 
7.750000e+04 1.621637e-18 1.000000e+25 
7.791667e+04 1.607619e-18 1.000000e+25 
7.833333e+04 1.595604e-18 1.000000e+25 
7.875000e+04 1.587101e-18 1.000000e+25 
7.916667e+04 1.580458e-18 1.000000e+25 
7.958333e+04 1.577083e-18 1.000000e+25 
8.000000e+04 1.575499e-18 1.000000e+25 
