4.031250e+04 0.000000e+00 1.288504e-13 
4.062500e+04 3.125000e+02 4.595775e-14 
4.125000e+04 6.250000e+02 2.876307e-14 
4.187500e+04 9.375000e+02 1.978993e-14 
4.218750e+04 1.250000e+03 1.733269e-14 
4.250000e+04 1.562500e+03 1.448655e-14 
4.312500e+04 1.875000e+03 1.339118e-14 
4.343750e+04 2.187500e+03 1.176644e-14 
4.375000e+04 2.500000e+03 1.106563e-14 
4.437500e+04 2.812500e+03 1.021587e-14 
4.468750e+04 3.125000e+03 9.694893e-15 
4.500000e+04 3.437500e+03 9.100585e-15 
4.562500e+04 3.750000e+03 8.794800e-15 
4.593750e+04 4.062500e+03 8.329411e-15 
4.625000e+04 4.375000e+03 8.109531e-15 
4.687500e+04 4.687500e+03 7.766143e-15 
4.718750e+04 5.000000e+03 7.585428e-15 
4.750000e+04 5.312500e+03 7.362931e-15 
4.781250e+04 5.625000e+03 7.220788e-15 
4.812500e+04 5.937500e+03 7.049022e-15 
4.843750e+04 6.250000e+03 6.944462e-15 
4.875000e+04 6.562500e+03 6.821118e-15 
4.937500e+04 6.875000e+03 6.774987e-15 
4.937500e+04 7.187500e+03 6.667394e-15 
5.000000e+04 7.500000e+03 6.635475e-15 
5.000000e+04 7.812500e+03 6.510923e-15 
5.062500e+04 8.125000e+03 6.420938e-15 
5.062500e+04 8.437500e+03 6.263050e-15 
5.125000e+04 8.750000e+03 6.170220e-15 
5.156250e+04 9.062500e+03 6.061850e-15 
5.187500e+04 9.375000e+03 6.074818e-15 
5.250000e+04 9.687500e+03 6.130325e-15 
5.281250e+04 1.000000e+04 6.233851e-15 
