4.020833e+04 0.000000e+00 1.512706e-13 
4.041667e+04 2.083333e+02 5.774828e-14 
4.062500e+04 4.166667e+02 4.807060e-14 
4.083333e+04 6.250000e+02 3.151751e-14 
4.104167e+04 8.333333e+02 2.658926e-14 
4.125000e+04 1.041667e+03 2.209346e-14 
4.145833e+04 1.250000e+03 1.913135e-14 
4.166667e+04 1.458333e+03 1.696092e-14 
4.187500e+04 1.666667e+03 1.526552e-14 
4.208333e+04 1.875000e+03 1.399415e-14 
4.229167e+04 2.083333e+03 1.290792e-14 
4.250000e+04 2.291667e+03 1.208072e-14 
4.270833e+04 2.500000e+03 1.132222e-14 
4.291667e+04 2.708333e+03 1.073447e-14 
4.312500e+04 2.916667e+03 1.017472e-14 
4.333333e+04 3.125000e+03 9.732787e-15 
4.333333e+04 3.333333e+03 9.303767e-15 
4.375000e+04 3.541667e+03 8.957383e-15 
4.375000e+04 3.750000e+03 8.639389e-15 
4.416667e+04 3.958333e+03 8.338532e-15 
4.416667e+04 4.166667e+03 8.100173e-15 
4.458333e+04 4.375000e+03 7.833003e-15 
4.458333e+04 4.583333e+03 7.654793e-15 
4.479167e+04 4.791667e+03 7.419925e-15 
4.500000e+04 5.000000e+03 7.290348e-15 
4.520833e+04 5.208333e+03 7.101013e-15 
4.541667e+04 5.416667e+03 7.002704e-15 
4.562500e+04 5.625000e+03 6.850984e-15 
4.583333e+04 5.833333e+03 6.775661e-15 
4.583333e+04 6.041667e+03 6.653687e-15 
4.625000e+04 6.250000e+03 6.581531e-15 
4.625000e+04 6.458333e+03 6.486916e-15 
4.666667e+04 6.666667e+03 6.400713e-15 
4.666667e+04 6.875000e+03 6.326502e-15 
4.687500e+04 7.083333e+03 6.239541e-15 
4.708333e+04 7.291667e+03 6.163066e-15 
4.708333e+04 7.500000e+03 6.082697e-15 
4.750000e+04 7.708333e+03 5.990594e-15 
4.750000e+04 7.916667e+03 5.923287e-15 
4.791667e+04 8.125000e+03 5.827741e-15 
4.791667e+04 8.333333e+03 5.780435e-15 
4.833333e+04 8.541667e+03 5.724096e-15 
4.833333e+04 8.750000e+03 5.709926e-15 
4.875000e+04 8.958333e+03 5.713196e-15 
4.875000e+04 9.166667e+03 5.735322e-15 
4.916667e+04 9.375000e+03 5.771232e-15 
4.916667e+04 9.583333e+03 5.819251e-15 
4.958333e+04 9.791667e+03 5.848874e-15 
4.958333e+04 1.000000e+04 5.913775e-15 
