4.025000e+04 0.000000e+00 1.371547e-13 
4.050000e+04 2.500000e+02 4.720453e-14 
4.050000e+04 5.000000e+02 2.942106e-14 
4.150000e+04 7.500000e+02 1.775956e-14 
4.150000e+04 1.000000e+03 1.543840e-14 
4.200000e+04 1.250000e+03 1.287077e-14 
4.250000e+04 1.500000e+03 1.157584e-14 
4.275000e+04 1.750000e+03 1.022551e-14 
4.300000e+04 2.000000e+03 9.557119e-15 
4.350000e+04 2.250000e+03 8.731111e-15 
4.350000e+04 2.500000e+03 8.222306e-15 
4.400000e+04 2.750000e+03 7.744671e-15 
4.425000e+04 3.000000e+03 7.360539e-15 
4.450000e+04 3.250000e+03 7.018693e-15 
4.500000e+04 3.500000e+03 6.726618e-15 
4.500000e+04 3.750000e+03 6.466515e-15 
4.550000e+04 4.000000e+03 6.244352e-15 
4.550000e+04 4.250000e+03 6.028299e-15 
4.600000e+04 4.500000e+03 5.854982e-15 
4.600000e+04 4.750000e+03 5.679944e-15 
4.650000e+04 5.000000e+03 5.552950e-15 
4.650000e+04 5.250000e+03 5.417710e-15 
4.700000e+04 5.500000e+03 5.326125e-15 
4.700000e+04 5.750000e+03 5.223662e-15 
4.750000e+04 6.000000e+03 5.148390e-15 
4.750000e+04 6.250000e+03 5.070830e-15 
4.800000e+04 6.500000e+03 5.001869e-15 
4.800000e+04 6.750000e+03 4.945280e-15 
4.825000e+04 7.000000e+03 4.886444e-15 
4.850000e+04 7.250000e+03 4.839185e-15 
4.875000e+04 7.500000e+03 4.785038e-15 
4.900000e+04 7.750000e+03 4.736873e-15 
4.900000e+04 8.000000e+03 4.692983e-15 
4.950000e+04 8.250000e+03 4.624710e-15 
4.950000e+04 8.500000e+03 4.588972e-15 
4.975000e+04 8.750000e+03 4.522775e-15 
5.000000e+04 9.000000e+03 4.497654e-15 
5.025000e+04 9.250000e+03 4.456243e-15 
5.050000e+04 9.500000e+03 4.461328e-15 
5.100000e+04 9.750000e+03 4.462136e-15 
5.100000e+04 1.000000e+04 4.501487e-15 
