4.041667e+04 0.000000e+00 7.971847e-14 
4.083333e+04 4.166667e+02 2.922799e-14 
4.083333e+04 8.333333e+02 1.951078e-14 
4.166667e+04 1.250000e+03 1.344468e-14 
4.250000e+04 1.666667e+03 1.199464e-14 
4.333333e+04 2.083333e+03 9.626291e-15 
4.333333e+04 2.500000e+03 8.811793e-15 
4.416667e+04 2.916667e+03 7.907185e-15 
4.458333e+04 3.333333e+03 7.311811e-15 
4.500000e+04 3.750000e+03 6.804241e-15 
4.541667e+04 4.166667e+03 6.389711e-15 
4.583333e+04 4.583333e+03 6.055656e-15 
4.625000e+04 5.000000e+03 5.770618e-15 
4.666667e+04 5.416667e+03 5.567562e-15 
4.708333e+04 5.833333e+03 5.384598e-15 
4.750000e+04 6.250000e+03 5.254704e-15 
4.791667e+04 6.666667e+03 5.122540e-15 
4.833333e+04 7.083333e+03 5.028957e-15 
4.833333e+04 7.500000e+03 4.921278e-15 
4.916667e+04 7.916667e+03 4.826870e-15 
4.916667e+04 8.333333e+03 4.751867e-15 
5.000000e+04 8.750000e+03 4.617492e-15 
5.000000e+04 9.166667e+03 4.582248e-15 
5.083333e+04 9.583333e+03 4.551925e-15 
5.083333e+04 1.000000e+04 4.613021e-15 
