4.020833e+04 0.000000e+00 1.945929e-13 
4.041667e+04 2.083333e+02 6.708990e-14 
4.041667e+04 4.166667e+02 3.930901e-14 
4.125000e+04 6.250000e+02 2.696567e-14 
4.145833e+04 8.333333e+02 2.296632e-14 
4.187500e+04 1.041667e+03 1.904675e-14 
4.208333e+04 1.250000e+03 1.739691e-14 
4.250000e+04 1.458333e+03 1.540420e-14 
4.270833e+04 1.666667e+03 1.429148e-14 
4.312500e+04 1.875000e+03 1.310835e-14 
4.333333e+04 2.083333e+03 1.245775e-14 
4.375000e+04 2.291667e+03 1.162658e-14 
4.395833e+04 2.500000e+03 1.112858e-14 
4.416667e+04 2.708333e+03 1.056427e-14 
4.458333e+04 2.916667e+03 1.017975e-14 
4.479167e+04 3.125000e+03 9.728876e-15 
4.500000e+04 3.333333e+03 9.459367e-15 
4.520833e+04 3.541667e+03 9.090367e-15 
4.541667e+04 3.750000e+03 8.865364e-15 
4.583333e+04 3.958333e+03 8.593775e-15 
4.604167e+04 4.166667e+03 8.396576e-15 
4.625000e+04 4.375000e+03 8.175806e-15 
4.666667e+04 4.583333e+03 8.009830e-15 
4.666667e+04 4.791667e+03 7.823545e-15 
4.708333e+04 5.000000e+03 7.705591e-15 
4.729167e+04 5.208333e+03 7.540295e-15 
4.750000e+04 5.416667e+03 7.448023e-15 
4.770833e+04 5.625000e+03 7.306321e-15 
4.791667e+04 5.833333e+03 7.230086e-15 
4.833333e+04 6.041667e+03 7.115931e-15 
4.833333e+04 6.250000e+03 7.049599e-15 
4.875000e+04 6.458333e+03 6.968788e-15 
4.895833e+04 6.666667e+03 6.916813e-15 
4.916667e+04 6.875000e+03 6.853875e-15 
4.937500e+04 7.083333e+03 6.813221e-15 
4.958333e+04 7.291667e+03 6.756802e-15 
4.979167e+04 7.500000e+03 6.715041e-15 
5.000000e+04 7.708333e+03 6.649103e-15 
5.020833e+04 7.916667e+03 6.591555e-15 
5.041667e+04 8.125000e+03 6.506657e-15 
5.062500e+04 8.333333e+03 6.433063e-15 
5.083333e+04 8.541667e+03 6.343038e-15 
5.125000e+04 8.750000e+03 6.280945e-15 
5.145833e+04 8.958333e+03 6.220987e-15 
5.166667e+04 9.166667e+03 6.213869e-15 
5.208333e+04 9.375000e+03 6.210531e-15 
5.229167e+04 9.583333e+03 6.246518e-15 
5.250000e+04 9.791667e+03 6.297056e-15 
5.270833e+04 1.000000e+04 6.367880e-15 
