4.062500e+04 0.000000e+00 6.262060e-14 
4.062500e+04 6.250000e+02 2.914825e-14 
4.187500e+04 1.250000e+03 2.782832e-14 
4.250000e+04 1.875000e+03 2.301996e-14 
4.375000e+04 2.500000e+03 2.414611e-14 
4.437500e+04 3.125000e+03 1.951498e-14 
4.500000e+04 3.750000e+03 2.234546e-14 
4.625000e+04 4.375000e+03 1.851915e-14 
4.687500e+04 5.000000e+03 2.015420e-14 
4.750000e+04 5.625000e+03 1.810293e-14 
4.875000e+04 6.250000e+03 1.901250e-14 
4.937500e+04 6.875000e+03 1.670547e-14 
5.000000e+04 7.500000e+03 1.919625e-14 
5.062500e+04 8.125000e+03 1.615822e-14 
5.125000e+04 8.750000e+03 1.787853e-14 
5.250000e+04 9.375000e+03 1.653724e-14 
5.312500e+04 1.000000e+04 1.775837e-14 
