4.015625e+04 0.000000e+00 2.245116e-13 
4.031250e+04 1.562500e+02 7.209643e-14 
4.031250e+04 3.125000e+02 4.846460e-14 
4.093750e+04 4.687500e+02 2.202740e-14 
4.093750e+04 6.250000e+02 1.754913e-14 
4.125000e+04 7.812500e+02 1.474593e-14 
4.156250e+04 9.375000e+02 1.304274e-14 
4.171875e+04 1.093750e+03 1.161721e-14 
4.187500e+04 1.250000e+03 1.071543e-14 
4.218750e+04 1.406250e+03 9.873782e-15 
4.234375e+04 1.562500e+03 9.247575e-15 
4.250000e+04 1.718750e+03 8.714342e-15 
4.265625e+04 1.875000e+03 8.257409e-15 
4.281250e+04 2.031250e+03 7.865117e-15 
4.312500e+04 2.187500e+03 7.528132e-15 
4.312500e+04 2.343750e+03 7.213809e-15 
4.343750e+04 2.500000e+03 6.956151e-15 
4.343750e+04 2.656250e+03 6.696550e-15 
4.375000e+04 2.812500e+03 6.491467e-15 
4.390625e+04 2.968750e+03 6.275055e-15 
4.406250e+04 3.125000e+03 6.105225e-15 
4.421875e+04 3.281250e+03 5.922795e-15 
4.437500e+04 3.437500e+03 5.778398e-15 
4.453125e+04 3.593750e+03 5.622467e-15 
4.468750e+04 3.750000e+03 5.498453e-15 
4.484375e+04 3.906250e+03 5.364162e-15 
4.500000e+04 4.062500e+03 5.257351e-15 
4.515625e+04 4.218750e+03 5.141606e-15 
4.531250e+04 4.375000e+03 5.050012e-15 
4.531250e+04 4.531250e+03 4.950821e-15 
4.562500e+04 4.687500e+03 4.872838e-15 
4.562500e+04 4.843750e+03 4.788724e-15 
4.593750e+04 5.000000e+03 4.722315e-15 
4.593750e+04 5.156250e+03 4.651673e-15 
4.625000e+04 5.312500e+03 4.594010e-15 
4.625000e+04 5.468750e+03 4.535040e-15 
4.656250e+04 5.625000e+03 4.482253e-15 
4.656250e+04 5.781250e+03 4.432883e-15 
4.671875e+04 5.937500e+03 4.383410e-15 
4.687500e+04 6.093750e+03 4.338596e-15 
4.687500e+04 6.250000e+03 4.293379e-15 
4.718750e+04 6.406250e+03 4.246030e-15 
4.718750e+04 6.562500e+03 4.206135e-15 
4.718750e+04 6.718750e+03 4.156797e-15 
4.750000e+04 6.875000e+03 4.114626e-15 
4.750000e+04 7.031250e+03 4.069207e-15 
4.765625e+04 7.187500e+03 4.021730e-15 
4.781250e+04 7.343750e+03 3.975994e-15 
4.781250e+04 7.500000e+03 3.931026e-15 
4.796875e+04 7.656250e+03 3.881261e-15 
4.812500e+04 7.812500e+03 3.839576e-15 
4.828125e+04 7.968750e+03 3.791780e-15 
4.843750e+04 8.125000e+03 3.753138e-15 
4.859375e+04 8.281250e+03 3.711145e-15 
4.875000e+04 8.437500e+03 3.679445e-15 
4.906250e+04 8.593750e+03 3.647027e-15 
4.906250e+04 8.750000e+03 3.625586e-15 
4.937500e+04 8.906250e+03 3.608458e-15 
4.953125e+04 9.062500e+03 3.597697e-15 
4.968750e+04 9.218750e+03 3.595726e-15 
4.984375e+04 9.375000e+03 3.597776e-15 
5.000000e+04 9.531250e+03 3.608847e-15 
5.015625e+04 9.687500e+03 3.623082e-15 
5.031250e+04 9.843750e+03 3.647884e-15 
5.046875e+04 1.000000e+04 3.674824e-15 
