4.015625e+04 0.000000e+00 2.609690e-13 
4.031250e+04 1.562500e+02 8.384043e-14 
4.031250e+04 3.125000e+02 5.754626e-14 
4.093750e+04 4.687500e+02 2.910125e-14 
4.109375e+04 6.250000e+02 2.369151e-14 
4.125000e+04 7.812500e+02 1.991445e-14 
4.156250e+04 9.375000e+02 1.759777e-14 
4.171875e+04 1.093750e+03 1.561366e-14 
4.187500e+04 1.250000e+03 1.436708e-14 
4.218750e+04 1.406250e+03 1.325827e-14 
4.250000e+04 1.562500e+03 1.242115e-14 
4.250000e+04 1.718750e+03 1.165351e-14 
4.281250e+04 1.875000e+03 1.110128e-14 
4.296875e+04 2.031250e+03 1.052550e-14 
4.312500e+04 2.187500e+03 1.010013e-14 
4.343750e+04 2.343750e+03 9.674655e-15 
4.359375e+04 2.500000e+03 9.328582e-15 
4.375000e+04 2.656250e+03 8.997179e-15 
4.390625e+04 2.812500e+03 8.712244e-15 
4.406250e+04 2.968750e+03 8.440046e-15 
4.437500e+04 3.125000e+03 8.208919e-15 
4.437500e+04 3.281250e+03 7.973997e-15 
4.468750e+04 3.437500e+03 7.786318e-15 
4.484375e+04 3.593750e+03 7.583254e-15 
4.500000e+04 3.750000e+03 7.424401e-15 
4.515625e+04 3.906250e+03 7.249519e-15 
4.531250e+04 4.062500e+03 7.112550e-15 
4.546875e+04 4.218750e+03 6.961486e-15 
4.562500e+04 4.375000e+03 6.843571e-15 
4.593750e+04 4.531250e+03 6.715523e-15 
4.593750e+04 4.687500e+03 6.612567e-15 
4.625000e+04 4.843750e+03 6.506800e-15 
4.640625e+04 5.000000e+03 6.416128e-15 
4.656250e+04 5.156250e+03 6.329418e-15 
4.671875e+04 5.312500e+03 6.252546e-15 
4.687500e+04 5.468750e+03 6.178871e-15 
4.703125e+04 5.625000e+03 6.113014e-15 
4.718750e+04 5.781250e+03 6.048846e-15 
4.734375e+04 5.937500e+03 5.990090e-15 
4.750000e+04 6.093750e+03 5.930797e-15 
4.750000e+04 6.250000e+03 5.875029e-15 
4.781250e+04 6.406250e+03 5.814501e-15 
4.781250e+04 6.562500e+03 5.761785e-15 
4.796875e+04 6.718750e+03 5.694728e-15 
4.812500e+04 6.875000e+03 5.637567e-15 
4.812500e+04 7.031250e+03 5.565770e-15 
4.828125e+04 7.187500e+03 5.497881e-15 
4.843750e+04 7.343750e+03 5.423925e-15 
4.859375e+04 7.500000e+03 5.348024e-15 
4.875000e+04 7.656250e+03 5.268353e-15 
4.875000e+04 7.812500e+03 5.191277e-15 
4.906250e+04 7.968750e+03 5.112018e-15 
4.921875e+04 8.125000e+03 5.039733e-15 
4.937500e+04 8.281250e+03 4.973473e-15 
4.968750e+04 8.437500e+03 4.922896e-15 
5.000000e+04 8.593750e+03 4.882889e-15 
5.031250e+04 8.750000e+03 4.861911e-15 
5.046875e+04 8.906250e+03 4.854378e-15 
5.062500e+04 9.062500e+03 4.863712e-15 
5.093750e+04 9.218750e+03 4.884612e-15 
5.109375e+04 9.375000e+03 4.914734e-15 
5.125000e+04 9.531250e+03 4.956824e-15 
5.140625e+04 9.687500e+03 5.004993e-15 
5.156250e+04 9.843750e+03 5.068948e-15 
5.156250e+04 1.000000e+04 5.138051e-15 
