4.041667e+04 0.000000e+00 7.971941e-14 
4.083333e+04 4.166667e+02 2.922654e-14 
4.083333e+04 8.333333e+02 1.950955e-14 
4.166667e+04 1.250000e+03 1.344335e-14 
4.250000e+04 1.666667e+03 1.199308e-14 
4.333333e+04 2.083333e+03 9.625102e-15 
4.333333e+04 2.500000e+03 8.810630e-15 
4.416667e+04 2.916667e+03 7.906152e-15 
4.458333e+04 3.333333e+03 7.310826e-15 
4.500000e+04 3.750000e+03 6.803308e-15 
4.541667e+04 4.166667e+03 6.388815e-15 
4.583333e+04 4.583333e+03 6.054785e-15 
4.625000e+04 5.000000e+03 5.769766e-15 
4.666667e+04 5.416667e+03 5.566712e-15 
4.708333e+04 5.833333e+03 5.383752e-15 
4.750000e+04 6.250000e+03 5.253853e-15 
4.791667e+04 6.666667e+03 5.121686e-15 
4.833333e+04 7.083333e+03 5.028085e-15 
4.833333e+04 7.500000e+03 4.920318e-15 
4.916667e+04 7.916667e+03 4.825942e-15 
4.916667e+04 8.333333e+03 4.750817e-15 
5.000000e+04 8.750000e+03 4.616458e-15 
5.000000e+04 9.166667e+03 4.581047e-15 
5.083333e+04 9.583333e+03 4.550763e-15 
5.083333e+04 1.000000e+04 4.611739e-15 
