4.041667e+04 0.000000e+00 8.001416e-14 
4.083333e+04 4.166667e+02 2.958923e-14 
4.083333e+04 8.333333e+02 1.840293e-14 
4.166667e+04 1.250000e+03 1.306021e-14 
4.250000e+04 1.666667e+03 1.191441e-14 
4.333333e+04 2.083333e+03 9.476458e-15 
4.333333e+04 2.500000e+03 8.753692e-15 
4.416667e+04 2.916667e+03 7.819355e-15 
4.458333e+04 3.333333e+03 7.229792e-15 
4.500000e+04 3.750000e+03 6.733113e-15 
4.541667e+04 4.166667e+03 6.322332e-15 
4.583333e+04 4.583333e+03 5.991678e-15 
4.625000e+04 5.000000e+03 5.707773e-15 
4.666667e+04 5.416667e+03 5.504332e-15 
4.708333e+04 5.833333e+03 5.321306e-15 
4.750000e+04 6.250000e+03 5.189683e-15 
4.791667e+04 6.666667e+03 5.056299e-15 
4.833333e+04 7.083333e+03 4.959226e-15 
4.833333e+04 7.500000e+03 4.848288e-15 
4.916667e+04 7.916667e+03 4.748248e-15 
4.916667e+04 8.333333e+03 4.666118e-15 
5.000000e+04 8.750000e+03 4.526749e-15 
5.000000e+04 9.166667e+03 4.481101e-15 
5.083333e+04 9.583333e+03 4.451668e-15 
5.083333e+04 1.000000e+04 4.502166e-15 
