4.041667e+04 0.000000e+00 7.347171e-14 
4.041667e+04 4.166667e+02 3.139790e-14 
4.083333e+04 8.333333e+02 2.681182e-14 
4.166667e+04 1.250000e+03 1.842869e-14 
4.208333e+04 1.666667e+03 1.564202e-14 
4.250000e+04 2.083333e+03 1.330674e-14 
4.250000e+04 2.500000e+03 1.192636e-14 
4.333333e+04 2.916667e+03 1.046127e-14 
4.333333e+04 3.333333e+03 9.765949e-15 
4.416667e+04 3.750000e+03 8.759646e-15 
4.416667e+04 4.166667e+03 8.420639e-15 
4.458333e+04 4.583333e+03 7.727306e-15 
4.500000e+04 5.000000e+03 7.526280e-15 
4.541667e+04 5.416667e+03 7.065957e-15 
4.583333e+04 5.833333e+03 6.959760e-15 
4.583333e+04 6.250000e+03 6.648256e-15 
4.666667e+04 6.666667e+03 6.549989e-15 
4.666667e+04 7.083333e+03 6.349242e-15 
4.708333e+04 7.500000e+03 6.165192e-15 
4.750000e+04 7.916667e+03 6.020385e-15 
4.791667e+04 8.333333e+03 5.845127e-15 
4.833333e+04 8.750000e+03 5.789329e-15 
4.875000e+04 9.166667e+03 5.799360e-15 
4.916667e+04 9.583333e+03 5.901918e-15 
4.958333e+04 1.000000e+04 5.977204e-15 
