4.015625e+04 0.000000e+00 2.103204e-13 
4.031250e+04 1.562500e+02 7.125130e-14 
4.046875e+04 3.125000e+02 4.900657e-14 
4.062500e+04 4.687500e+02 3.034906e-14 
4.078125e+04 6.250000e+02 2.448793e-14 
4.093750e+04 7.812500e+02 2.009775e-14 
4.109375e+04 9.375000e+02 1.712878e-14 
4.125000e+04 1.093750e+03 1.514629e-14 
4.140625e+04 1.250000e+03 1.358514e-14 
4.156250e+04 1.406250e+03 1.247009e-14 
4.171875e+04 1.562500e+03 1.149185e-14 
4.187500e+04 1.718750e+03 1.076221e-14 
4.203125e+04 1.875000e+03 1.009310e-14 
4.218750e+04 2.031250e+03 9.569168e-15 
4.234375e+04 2.187500e+03 9.078110e-15 
4.250000e+04 2.343750e+03 8.679003e-15 
4.265625e+04 2.500000e+03 8.298407e-15 
4.281250e+04 2.656250e+03 7.980222e-15 
4.281250e+04 2.812500e+03 7.679378e-15 
4.312500e+04 2.968750e+03 7.410776e-15 
4.312500e+04 3.125000e+03 7.171665e-15 
4.343750e+04 3.281250e+03 6.933612e-15 
4.343750e+04 3.437500e+03 6.739929e-15 
4.359375e+04 3.593750e+03 6.530283e-15 
4.375000e+04 3.750000e+03 6.366514e-15 
4.390625e+04 3.906250e+03 6.184319e-15 
4.406250e+04 4.062500e+03 6.040497e-15 
4.406250e+04 4.218750e+03 5.887792e-15 
4.437500e+04 4.375000e+03 5.755715e-15 
4.437500e+04 4.531250e+03 5.628054e-15 
4.468750e+04 4.687500e+03 5.509148e-15 
4.468750e+04 4.843750e+03 5.403325e-15 
4.484375e+04 5.000000e+03 5.299957e-15 
4.500000e+04 5.156250e+03 5.212544e-15 
4.515625e+04 5.312500e+03 5.125557e-15 
4.531250e+04 5.468750e+03 5.052372e-15 
4.531250e+04 5.625000e+03 4.978975e-15 
4.562500e+04 5.781250e+03 4.915509e-15 
4.562500e+04 5.937500e+03 4.855939e-15 
4.578125e+04 6.093750e+03 4.792012e-15 
4.593750e+04 6.250000e+03 4.741521e-15 
4.593750e+04 6.406250e+03 4.680535e-15 
4.625000e+04 6.562500e+03 4.624758e-15 
4.625000e+04 6.718750e+03 4.569326e-15 
4.625000e+04 6.875000e+03 4.509849e-15 
4.656250e+04 7.031250e+03 4.447460e-15 
4.656250e+04 7.187500e+03 4.391676e-15 
4.656250e+04 7.343750e+03 4.325030e-15 
4.687500e+04 7.500000e+03 4.266629e-15 
4.687500e+04 7.656250e+03 4.205477e-15 
4.718750e+04 7.812500e+03 4.147434e-15 
4.718750e+04 7.968750e+03 4.094993e-15 
4.750000e+04 8.125000e+03 4.050454e-15 
4.765625e+04 8.281250e+03 4.012099e-15 
4.781250e+04 8.437500e+03 3.990355e-15 
4.812500e+04 8.593750e+03 3.979229e-15 
4.843750e+04 8.750000e+03 3.978679e-15 
4.843750e+04 8.906250e+03 3.991164e-15 
4.875000e+04 9.062500e+03 4.012116e-15 
4.875000e+04 9.218750e+03 4.038100e-15 
4.906250e+04 9.375000e+03 4.070337e-15 
4.906250e+04 9.531250e+03 4.106996e-15 
4.921875e+04 9.687500e+03 4.143670e-15 
4.937500e+04 9.843750e+03 4.184569e-15 
4.937500e+04 1.000000e+04 4.227883e-15 
