4.062500e+04 0.000000e+00 6.287904e-14 
4.125000e+04 6.250000e+02 2.849477e-14 
4.187500e+04 1.250000e+03 2.695774e-14 
4.250000e+04 1.875000e+03 2.101758e-14 
4.375000e+04 2.500000e+03 2.292787e-14 
4.437500e+04 3.125000e+03 1.778677e-14 
4.562500e+04 3.750000e+03 1.878315e-14 
4.625000e+04 4.375000e+03 1.680115e-14 
4.687500e+04 5.000000e+03 1.705522e-14 
4.812500e+04 5.625000e+03 1.485630e-14 
4.875000e+04 6.250000e+03 1.631872e-14 
4.937500e+04 6.875000e+03 1.396142e-14 
5.062500e+04 7.500000e+03 1.458956e-14 
5.125000e+04 8.125000e+03 1.360772e-14 
5.187500e+04 8.750000e+03 1.388207e-14 
5.250000e+04 9.375000e+03 1.266783e-14 
5.375000e+04 1.000000e+04 1.342675e-14 
