4.015625e+04 0.000000e+00 2.609736e-13 
4.031250e+04 1.562500e+02 8.383176e-14 
4.031250e+04 3.125000e+02 5.759193e-14 
4.093750e+04 4.687500e+02 2.910602e-14 
4.109375e+04 6.250000e+02 2.369512e-14 
4.125000e+04 7.812500e+02 1.991968e-14 
4.156250e+04 9.375000e+02 1.760453e-14 
4.171875e+04 1.093750e+03 1.561988e-14 
4.187500e+04 1.250000e+03 1.437339e-14 
4.218750e+04 1.406250e+03 1.326487e-14 
4.250000e+04 1.562500e+03 1.242792e-14 
4.250000e+04 1.718750e+03 1.165981e-14 
4.281250e+04 1.875000e+03 1.110773e-14 
4.296875e+04 2.031250e+03 1.053171e-14 
4.312500e+04 2.187500e+03 1.010630e-14 
4.343750e+04 2.343750e+03 9.680663e-15 
4.359375e+04 2.500000e+03 9.334504e-15 
4.375000e+04 2.656250e+03 9.002982e-15 
4.390625e+04 2.812500e+03 8.717969e-15 
4.406250e+04 2.968750e+03 8.445672e-15 
4.437500e+04 3.125000e+03 8.214401e-15 
4.437500e+04 3.281250e+03 7.979472e-15 
4.468750e+04 3.437500e+03 7.791660e-15 
4.484375e+04 3.593750e+03 7.588497e-15 
4.500000e+04 3.750000e+03 7.429625e-15 
4.515625e+04 3.906250e+03 7.254659e-15 
4.531250e+04 4.062500e+03 7.117677e-15 
4.546875e+04 4.218750e+03 6.966544e-15 
4.562500e+04 4.375000e+03 6.848625e-15 
4.593750e+04 4.531250e+03 6.720396e-15 
4.593750e+04 4.687500e+03 6.617570e-15 
4.625000e+04 4.843750e+03 6.511642e-15 
4.640625e+04 5.000000e+03 6.420967e-15 
4.656250e+04 5.156250e+03 6.334254e-15 
4.671875e+04 5.312500e+03 6.257390e-15 
4.687500e+04 5.468750e+03 6.183722e-15 
4.703125e+04 5.625000e+03 6.117883e-15 
4.718750e+04 5.781250e+03 6.053729e-15 
4.734375e+04 5.937500e+03 5.994995e-15 
4.750000e+04 6.093750e+03 5.935717e-15 
4.750000e+04 6.250000e+03 5.880110e-15 
4.781250e+04 6.406250e+03 5.819445e-15 
4.781250e+04 6.562500e+03 5.766891e-15 
4.796875e+04 6.718750e+03 5.699816e-15 
4.812500e+04 6.875000e+03 5.642664e-15 
4.812500e+04 7.031250e+03 5.570973e-15 
4.828125e+04 7.187500e+03 5.503068e-15 
4.843750e+04 7.343750e+03 5.429090e-15 
4.859375e+04 7.500000e+03 5.353171e-15 
4.875000e+04 7.656250e+03 5.273491e-15 
4.875000e+04 7.812500e+03 5.196523e-15 
4.906250e+04 7.968750e+03 5.117203e-15 
4.921875e+04 8.125000e+03 5.044987e-15 
4.937500e+04 8.281250e+03 4.978841e-15 
4.968750e+04 8.437500e+03 4.928367e-15 
5.000000e+04 8.593750e+03 4.888492e-15 
5.031250e+04 8.750000e+03 4.867661e-15 
5.046875e+04 8.906250e+03 4.860363e-15 
5.062500e+04 9.062500e+03 4.869949e-15 
5.093750e+04 9.218750e+03 4.890890e-15 
5.109375e+04 9.375000e+03 4.921181e-15 
5.125000e+04 9.531250e+03 4.963370e-15 
5.140625e+04 9.687500e+03 5.011605e-15 
5.156250e+04 9.843750e+03 5.075519e-15 
5.156250e+04 1.000000e+04 5.144800e-15 
