4.062500e+04 0.000000e+00 6.258274e-14 
4.062500e+04 6.250000e+02 2.929298e-14 
4.187500e+04 1.250000e+03 2.792868e-14 
4.250000e+04 1.875000e+03 2.326708e-14 
4.375000e+04 2.500000e+03 2.422145e-14 
4.437500e+04 3.125000e+03 1.969613e-14 
4.500000e+04 3.750000e+03 2.279080e-14 
4.625000e+04 4.375000e+03 1.864239e-14 
4.687500e+04 5.000000e+03 2.046778e-14 
4.750000e+04 5.625000e+03 1.851514e-14 
4.875000e+04 6.250000e+03 1.918569e-14 
4.937500e+04 6.875000e+03 1.699689e-14 
5.000000e+04 7.500000e+03 1.980416e-14 
5.062500e+04 8.125000e+03 1.668523e-14 
5.125000e+04 8.750000e+03 1.876791e-14 
5.250000e+04 9.375000e+03 1.706248e-14 
5.312500e+04 1.000000e+04 1.840950e-14 
