4.041667e+04 0.000000e+00 7.306411e-14 
4.041667e+04 4.166667e+02 3.116157e-14 
4.083333e+04 8.333333e+02 2.854714e-14 
4.166667e+04 1.250000e+03 1.857316e-14 
4.166667e+04 1.666667e+03 1.606399e-14 
4.250000e+04 2.083333e+03 1.331677e-14 
4.250000e+04 2.500000e+03 1.204152e-14 
4.333333e+04 2.916667e+03 1.046809e-14 
4.333333e+04 3.333333e+03 9.822676e-15 
4.416667e+04 3.750000e+03 8.772253e-15 
4.416667e+04 4.166667e+03 8.453133e-15 
4.458333e+04 4.583333e+03 7.753108e-15 
4.500000e+04 5.000000e+03 7.547518e-15 
4.541667e+04 5.416667e+03 7.082826e-15 
4.583333e+04 5.833333e+03 6.974277e-15 
4.583333e+04 6.250000e+03 6.665201e-15 
4.666667e+04 6.666667e+03 6.561065e-15 
4.666667e+04 7.083333e+03 6.361350e-15 
4.708333e+04 7.500000e+03 6.176554e-15 
4.750000e+04 7.916667e+03 6.028019e-15 
4.791667e+04 8.333333e+03 5.853630e-15 
4.833333e+04 8.750000e+03 5.795593e-15 
4.875000e+04 9.166667e+03 5.805438e-15 
4.916667e+04 9.583333e+03 5.911732e-15 
4.958333e+04 1.000000e+04 5.981008e-15 
