4.031250e+04 0.000000e+00 9.865951e-14 
4.031250e+04 3.125000e+02 3.938533e-14 
4.062500e+04 6.250000e+02 3.484508e-14 
4.125000e+04 9.375000e+02 2.259752e-14 
4.156250e+04 1.250000e+03 1.907171e-14 
4.187500e+04 1.562500e+03 1.600091e-14 
4.187500e+04 1.875000e+03 1.407630e-14 
4.250000e+04 2.187500e+03 1.248641e-14 
4.250000e+04 2.500000e+03 1.142652e-14 
4.312500e+04 2.812500e+03 1.041437e-14 
4.312500e+04 3.125000e+03 9.784919e-15 
4.375000e+04 3.437500e+03 9.067678e-15 
4.375000e+04 3.750000e+03 8.673298e-15 
4.437500e+04 4.062500e+03 8.119572e-15 
4.437500e+04 4.375000e+03 7.870928e-15 
4.468750e+04 4.687500e+03 7.452887e-15 
4.500000e+04 5.000000e+03 7.276431e-15 
4.531250e+04 5.312500e+03 6.971136e-15 
4.562500e+04 5.625000e+03 6.857509e-15 
4.562500e+04 5.937500e+03 6.634183e-15 
4.625000e+04 6.250000e+03 6.547055e-15 
4.625000e+04 6.562500e+03 6.391088e-15 
4.687500e+04 6.875000e+03 6.271304e-15 
4.687500e+04 7.187500e+03 6.157625e-15 
4.718750e+04 7.500000e+03 6.021831e-15 
4.750000e+04 7.812500e+03 5.905170e-15 
4.750000e+04 8.125000e+03 5.776614e-15 
4.812500e+04 8.437500e+03 5.694297e-15 
4.843750e+04 8.750000e+03 5.647034e-15 
4.875000e+04 9.062500e+03 5.671208e-15 
4.906250e+04 9.375000e+03 5.713471e-15 
4.937500e+04 9.687500e+03 5.787893e-15 
4.937500e+04 1.000000e+04 5.857159e-15 
