4.020833e+04 0.000000e+00 1.661890e-13 
4.041667e+04 2.083333e+02 5.597277e-14 
4.041667e+04 4.166667e+02 3.524838e-14 
4.125000e+04 6.250000e+02 1.980693e-14 
4.125000e+04 8.333333e+02 1.676380e-14 
4.166667e+04 1.041667e+03 1.416175e-14 
4.208333e+04 1.250000e+03 1.277560e-14 
4.250000e+04 1.458333e+03 1.126421e-14 
4.250000e+04 1.666667e+03 1.044471e-14 
4.291667e+04 1.875000e+03 9.637907e-15 
4.333333e+04 2.083333e+03 9.033577e-15 
4.333333e+04 2.291667e+03 8.472074e-15 
4.375000e+04 2.500000e+03 8.089806e-15 
4.395833e+04 2.708333e+03 7.648037e-15 
4.416667e+04 2.916667e+03 7.375906e-15 
4.437500e+04 3.125000e+03 7.036955e-15 
4.458333e+04 3.333333e+03 6.824570e-15 
4.500000e+04 3.541667e+03 6.570111e-15 
4.500000e+04 3.750000e+03 6.385171e-15 
4.541667e+04 3.958333e+03 6.183354e-15 
4.541667e+04 4.166667e+03 6.022842e-15 
4.583333e+04 4.375000e+03 5.858641e-15 
4.583333e+04 4.583333e+03 5.721710e-15 
4.625000e+04 4.791667e+03 5.592522e-15 
4.625000e+04 5.000000e+03 5.480298e-15 
4.666667e+04 5.208333e+03 5.382632e-15 
4.666667e+04 5.416667e+03 5.294203e-15 
4.708333e+04 5.625000e+03 5.217039e-15 
4.708333e+04 5.833333e+03 5.148238e-15 
4.750000e+04 6.041667e+03 5.080566e-15 
4.750000e+04 6.250000e+03 5.027272e-15 
4.791667e+04 6.458333e+03 4.964277e-15 
4.791667e+04 6.666667e+03 4.924414e-15 
4.812500e+04 6.875000e+03 4.864658e-15 
4.833333e+04 7.083333e+03 4.836270e-15 
4.854167e+04 7.291667e+03 4.782140e-15 
4.875000e+04 7.500000e+03 4.755550e-15 
4.875000e+04 7.708333e+03 4.704973e-15 
4.916667e+04 7.916667e+03 4.671517e-15 
4.916667e+04 8.125000e+03 4.627531e-15 
4.937500e+04 8.333333e+03 4.583187e-15 
4.958333e+04 8.541667e+03 4.543022e-15 
4.979167e+04 8.750000e+03 4.501389e-15 
5.000000e+04 8.958333e+03 4.469726e-15 
5.020833e+04 9.166667e+03 4.443381e-15 
5.041667e+04 9.375000e+03 4.432060e-15 
5.062500e+04 9.583333e+03 4.428902e-15 
5.083333e+04 9.791667e+03 4.444453e-15 
5.104167e+04 1.000000e+04 4.465126e-15 
