4.020833e+04 0.000000e+00 1.955422e-13 
4.041667e+04 2.083333e+02 6.588671e-14 
4.041667e+04 4.166667e+02 3.907951e-14 
4.125000e+04 6.250000e+02 2.554943e-14 
4.145833e+04 8.333333e+02 2.156560e-14 
4.187500e+04 1.041667e+03 1.811518e-14 
4.208333e+04 1.250000e+03 1.644190e-14 
4.250000e+04 1.458333e+03 1.469121e-14 
4.291667e+04 1.666667e+03 1.367996e-14 
4.312500e+04 1.875000e+03 1.253929e-14 
4.333333e+04 2.083333e+03 1.187800e-14 
4.375000e+04 2.291667e+03 1.115828e-14 
4.416667e+04 2.500000e+03 1.066060e-14 
4.437500e+04 2.708333e+03 1.011355e-14 
4.458333e+04 2.916667e+03 9.783869e-15 
4.479167e+04 3.125000e+03 9.344064e-15 
4.500000e+04 3.333333e+03 9.071338e-15 
4.541667e+04 3.541667e+03 8.760254e-15 
4.562500e+04 3.750000e+03 8.528194e-15 
4.583333e+04 3.958333e+03 8.270527e-15 
4.625000e+04 4.166667e+03 8.089363e-15 
4.645833e+04 4.375000e+03 7.865485e-15 
4.666667e+04 4.583333e+03 7.731370e-15 
4.687500e+04 4.791667e+03 7.542126e-15 
4.708333e+04 5.000000e+03 7.430560e-15 
4.750000e+04 5.208333e+03 7.279042e-15 
4.770833e+04 5.416667e+03 7.178660e-15 
4.791667e+04 5.625000e+03 7.063632e-15 
4.812500e+04 5.833333e+03 6.979510e-15 
4.833333e+04 6.041667e+03 6.884407e-15 
4.854167e+04 6.250000e+03 6.817506e-15 
4.875000e+04 6.458333e+03 6.742621e-15 
4.916667e+04 6.666667e+03 6.702952e-15 
4.937500e+04 6.875000e+03 6.637376e-15 
4.958333e+04 7.083333e+03 6.615071e-15 
4.979167e+04 7.291667e+03 6.552908e-15 
5.000000e+04 7.500000e+03 6.525773e-15 
5.000000e+04 7.708333e+03 6.452267e-15 
5.041667e+04 7.916667e+03 6.402895e-15 
5.041667e+04 8.125000e+03 6.313803e-15 
5.083333e+04 8.333333e+03 6.240478e-15 
5.083333e+04 8.541667e+03 6.141103e-15 
5.125000e+04 8.750000e+03 6.081362e-15 
5.166667e+04 8.958333e+03 6.011651e-15 
5.187500e+04 9.166667e+03 5.994819e-15 
5.208333e+04 9.375000e+03 5.992182e-15 
5.250000e+04 9.583333e+03 6.026535e-15 
5.270833e+04 9.791667e+03 6.072559e-15 
5.291667e+04 1.000000e+04 6.155867e-15 
