4.020833e+04 0.000000e+00 1.514227e-13 
4.041667e+04 2.083333e+02 5.674502e-14 
4.062500e+04 4.166667e+02 4.642208e-14 
4.083333e+04 6.250000e+02 3.054394e-14 
4.104167e+04 8.333333e+02 2.563815e-14 
4.125000e+04 1.041667e+03 2.141990e-14 
4.145833e+04 1.250000e+03 1.855880e-14 
4.166667e+04 1.458333e+03 1.648032e-14 
4.187500e+04 1.666667e+03 1.486217e-14 
4.208333e+04 1.875000e+03 1.363950e-14 
4.229167e+04 2.083333e+03 1.260009e-14 
4.250000e+04 2.291667e+03 1.180086e-14 
4.270833e+04 2.500000e+03 1.107220e-14 
4.291667e+04 2.708333e+03 1.050254e-14 
4.312500e+04 2.916667e+03 9.962951e-15 
4.333333e+04 3.125000e+03 9.533549e-15 
4.333333e+04 3.333333e+03 9.126207e-15 
4.375000e+04 3.541667e+03 8.781647e-15 
4.375000e+04 3.750000e+03 8.477798e-15 
4.416667e+04 3.958333e+03 8.180392e-15 
4.416667e+04 4.166667e+03 7.951257e-15 
4.458333e+04 4.375000e+03 7.688568e-15 
4.458333e+04 4.583333e+03 7.516236e-15 
4.479167e+04 4.791667e+03 7.288727e-15 
4.500000e+04 5.000000e+03 7.160339e-15 
4.520833e+04 5.208333e+03 6.977056e-15 
4.541667e+04 5.416667e+03 6.879581e-15 
4.562500e+04 5.625000e+03 6.732822e-15 
4.583333e+04 5.833333e+03 6.658019e-15 
4.583333e+04 6.041667e+03 6.540906e-15 
4.625000e+04 6.250000e+03 6.468311e-15 
4.625000e+04 6.458333e+03 6.377018e-15 
4.666667e+04 6.666667e+03 6.290969e-15 
4.666667e+04 6.875000e+03 6.218800e-15 
4.687500e+04 7.083333e+03 6.133099e-15 
4.708333e+04 7.291667e+03 6.057188e-15 
4.708333e+04 7.500000e+03 5.979230e-15 
4.750000e+04 7.708333e+03 5.887257e-15 
4.750000e+04 7.916667e+03 5.821886e-15 
4.791667e+04 8.125000e+03 5.728511e-15 
4.791667e+04 8.333333e+03 5.682891e-15 
4.833333e+04 8.541667e+03 5.629230e-15 
4.833333e+04 8.750000e+03 5.616021e-15 
4.875000e+04 8.958333e+03 5.620344e-15 
4.875000e+04 9.166667e+03 5.642232e-15 
4.916667e+04 9.375000e+03 5.677970e-15 
4.916667e+04 9.583333e+03 5.724951e-15 
4.958333e+04 9.791667e+03 5.754983e-15 
4.958333e+04 1.000000e+04 5.818526e-15 
