4.041667e+04 0.000000e+00 9.600814e-14 
4.083333e+04 4.166667e+02 3.538446e-14 
4.166667e+04 8.333333e+02 2.367779e-14 
4.208333e+04 1.250000e+03 1.685706e-14 
4.250000e+04 1.666667e+03 1.497488e-14 
4.333333e+04 2.083333e+03 1.245736e-14 
4.416667e+04 2.500000e+03 1.142267e-14 
4.416667e+04 2.916667e+03 1.011178e-14 
4.500000e+04 3.333333e+03 9.674206e-15 
4.541667e+04 3.750000e+03 8.802573e-15 
4.583333e+04 4.166667e+03 8.487341e-15 
4.666667e+04 4.583333e+03 7.972617e-15 
4.708333e+04 5.000000e+03 7.723308e-15 
4.750000e+04 5.416667e+03 7.401618e-15 
4.791667e+04 5.833333e+03 7.221511e-15 
4.833333e+04 6.250000e+03 6.997547e-15 
4.916667e+04 6.666667e+03 6.910803e-15 
4.916667e+04 7.083333e+03 6.744719e-15 
5.000000e+04 7.500000e+03 6.712462e-15 
5.000000e+04 7.916667e+03 6.521595e-15 
5.083333e+04 8.333333e+03 6.391204e-15 
5.125000e+04 8.750000e+03 6.160709e-15 
5.166667e+04 9.166667e+03 6.130752e-15 
5.250000e+04 9.583333e+03 6.130207e-15 
5.250000e+04 1.000000e+04 6.279876e-15 
