4.015625e+04 0.000000e+00 2.224504e-13 
4.031250e+04 1.562500e+02 7.101117e-14 
4.031250e+04 3.125000e+02 4.956724e-14 
4.093750e+04 4.687500e+02 2.214799e-14 
4.093750e+04 6.250000e+02 1.746675e-14 
4.125000e+04 7.812500e+02 1.479922e-14 
4.156250e+04 9.375000e+02 1.304862e-14 
4.171875e+04 1.093750e+03 1.160811e-14 
4.187500e+04 1.250000e+03 1.069546e-14 
4.218750e+04 1.406250e+03 9.848054e-15 
4.234375e+04 1.562500e+03 9.217827e-15 
4.250000e+04 1.718750e+03 8.683014e-15 
4.265625e+04 1.875000e+03 8.224480e-15 
4.281250e+04 2.031250e+03 7.831522e-15 
4.312500e+04 2.187500e+03 7.494621e-15 
4.312500e+04 2.343750e+03 7.179559e-15 
4.343750e+04 2.500000e+03 6.922491e-15 
4.343750e+04 2.656250e+03 6.662340e-15 
4.375000e+04 2.812500e+03 6.458096e-15 
4.390625e+04 2.968750e+03 6.242259e-15 
4.406250e+04 3.125000e+03 6.072357e-15 
4.421875e+04 3.281250e+03 5.890510e-15 
4.437500e+04 3.437500e+03 5.746125e-15 
4.453125e+04 3.593750e+03 5.590747e-15 
4.468750e+04 3.750000e+03 5.466779e-15 
4.484375e+04 3.906250e+03 5.332986e-15 
4.500000e+04 4.062500e+03 5.226214e-15 
4.515625e+04 4.218750e+03 5.110888e-15 
4.531250e+04 4.375000e+03 5.019299e-15 
4.546875e+04 4.531250e+03 4.920307e-15 
4.562500e+04 4.687500e+03 4.842401e-15 
4.578125e+04 4.843750e+03 4.757851e-15 
4.593750e+04 5.000000e+03 4.692005e-15 
4.593750e+04 5.156250e+03 4.620569e-15 
4.625000e+04 5.312500e+03 4.563702e-15 
4.625000e+04 5.468750e+03 4.503851e-15 
4.656250e+04 5.625000e+03 4.451877e-15 
4.656250e+04 5.781250e+03 4.401554e-15 
4.671875e+04 5.937500e+03 4.352043e-15 
4.687500e+04 6.093750e+03 4.307148e-15 
4.687500e+04 6.250000e+03 4.261029e-15 
4.718750e+04 6.406250e+03 4.214544e-15 
4.718750e+04 6.562500e+03 4.173705e-15 
4.734375e+04 6.718750e+03 4.124084e-15 
4.750000e+04 6.875000e+03 4.082227e-15 
4.750000e+04 7.031250e+03 4.036094e-15 
4.765625e+04 7.187500e+03 3.988649e-15 
4.781250e+04 7.343750e+03 3.942863e-15 
4.781250e+04 7.500000e+03 3.897182e-15 
4.796875e+04 7.656250e+03 3.847397e-15 
4.812500e+04 7.812500e+03 3.805386e-15 
4.828125e+04 7.968750e+03 3.757355e-15 
4.843750e+04 8.125000e+03 3.718139e-15 
4.859375e+04 8.281250e+03 3.675600e-15 
4.875000e+04 8.437500e+03 3.643006e-15 
4.906250e+04 8.593750e+03 3.610102e-15 
4.906250e+04 8.750000e+03 3.587080e-15 
4.937500e+04 8.906250e+03 3.569258e-15 
4.953125e+04 9.062500e+03 3.557300e-15 
4.968750e+04 9.218750e+03 3.554184e-15 
5.000000e+04 9.375000e+03 3.555996e-15 
5.000000e+04 9.531250e+03 3.565524e-15 
5.031250e+04 9.687500e+03 3.580114e-15 
5.031250e+04 9.843750e+03 3.603991e-15 
5.046875e+04 1.000000e+04 3.631332e-15 
