4.041667e+04 0.000000e+00 7.317740e-14 
4.041667e+04 4.166667e+02 3.078747e-14 
4.083333e+04 8.333333e+02 2.797577e-14 
4.166667e+04 1.250000e+03 1.809077e-14 
4.166667e+04 1.666667e+03 1.570791e-14 
4.250000e+04 2.083333e+03 1.298693e-14 
4.250000e+04 2.500000e+03 1.177262e-14 
4.333333e+04 2.916667e+03 1.023167e-14 
4.333333e+04 3.333333e+03 9.611145e-15 
4.416667e+04 3.750000e+03 8.592764e-15 
4.416667e+04 4.166667e+03 8.279768e-15 
4.458333e+04 4.583333e+03 7.607767e-15 
4.500000e+04 5.000000e+03 7.399781e-15 
4.541667e+04 5.416667e+03 6.954122e-15 
4.583333e+04 5.833333e+03 6.843388e-15 
4.583333e+04 6.250000e+03 6.548280e-15 
4.666667e+04 6.666667e+03 6.440790e-15 
4.666667e+04 7.083333e+03 6.248001e-15 
4.708333e+04 7.500000e+03 6.066088e-15 
4.750000e+04 7.916667e+03 5.919180e-15 
4.791667e+04 8.333333e+03 5.750597e-15 
4.833333e+04 8.750000e+03 5.696032e-15 
4.875000e+04 9.166667e+03 5.707333e-15 
4.916667e+04 9.583333e+03 5.811581e-15 
4.958333e+04 1.000000e+04 5.880869e-15 
