4.041667e+04 0.000000e+00 9.551209e-14 
4.083333e+04 4.166667e+02 3.648518e-14 
4.166667e+04 8.333333e+02 2.486979e-14 
4.208333e+04 1.250000e+03 1.747477e-14 
4.250000e+04 1.666667e+03 1.598980e-14 
4.333333e+04 2.083333e+03 1.292521e-14 
4.375000e+04 2.500000e+03 1.193337e-14 
4.416667e+04 2.916667e+03 1.059784e-14 
4.500000e+04 3.333333e+03 1.003497e-14 
4.541667e+04 3.750000e+03 9.140630e-15 
4.583333e+04 4.166667e+03 8.843185e-15 
4.625000e+04 4.583333e+03 8.219677e-15 
4.666667e+04 5.000000e+03 8.009670e-15 
4.750000e+04 5.416667e+03 7.647353e-15 
4.791667e+04 5.833333e+03 7.471604e-15 
4.833333e+04 6.250000e+03 7.236836e-15 
4.875000e+04 6.666667e+03 7.124131e-15 
4.916667e+04 7.083333e+03 6.964824e-15 
4.958333e+04 7.500000e+03 6.889497e-15 
5.000000e+04 7.916667e+03 6.716387e-15 
5.041667e+04 8.333333e+03 6.577166e-15 
5.083333e+04 8.750000e+03 6.361869e-15 
5.166667e+04 9.166667e+03 6.340096e-15 
5.208333e+04 9.583333e+03 6.331804e-15 
5.250000e+04 1.000000e+04 6.499252e-15 
