4.020833e+04 0.000000e+00 1.947817e-13 
4.041667e+04 2.083333e+02 6.696152e-14 
4.041667e+04 4.166667e+02 3.898689e-14 
4.125000e+04 6.250000e+02 2.660486e-14 
4.145833e+04 8.333333e+02 2.268567e-14 
4.187500e+04 1.041667e+03 1.879442e-14 
4.208333e+04 1.250000e+03 1.715177e-14 
4.250000e+04 1.458333e+03 1.518550e-14 
4.270833e+04 1.666667e+03 1.408483e-14 
4.312500e+04 1.875000e+03 1.291849e-14 
4.333333e+04 2.083333e+03 1.226953e-14 
4.375000e+04 2.291667e+03 1.145384e-14 
4.395833e+04 2.500000e+03 1.095831e-14 
4.416667e+04 2.708333e+03 1.040206e-14 
4.458333e+04 2.916667e+03 1.002244e-14 
4.479167e+04 3.125000e+03 9.578551e-15 
4.500000e+04 3.333333e+03 9.307949e-15 
4.541667e+04 3.541667e+03 8.945570e-15 
4.541667e+04 3.750000e+03 8.718565e-15 
4.583333e+04 3.958333e+03 8.454851e-15 
4.604167e+04 4.166667e+03 8.257194e-15 
4.625000e+04 4.375000e+03 8.038074e-15 
4.666667e+04 4.583333e+03 7.876916e-15 
4.666667e+04 4.791667e+03 7.686262e-15 
4.708333e+04 5.000000e+03 7.571871e-15 
4.729167e+04 5.208333e+03 7.407919e-15 
4.750000e+04 5.416667e+03 7.313258e-15 
4.770833e+04 5.625000e+03 7.172644e-15 
4.791667e+04 5.833333e+03 7.093937e-15 
4.833333e+04 6.041667e+03 6.985835e-15 
4.854167e+04 6.250000e+03 6.915666e-15 
4.875000e+04 6.458333e+03 6.835222e-15 
4.895833e+04 6.666667e+03 6.780460e-15 
4.916667e+04 6.875000e+03 6.715508e-15 
4.937500e+04 7.083333e+03 6.671338e-15 
4.958333e+04 7.291667e+03 6.612167e-15 
4.979167e+04 7.500000e+03 6.566359e-15 
5.000000e+04 7.708333e+03 6.497356e-15 
5.020833e+04 7.916667e+03 6.435690e-15 
5.041667e+04 8.125000e+03 6.347694e-15 
5.062500e+04 8.333333e+03 6.269681e-15 
5.083333e+04 8.541667e+03 6.175715e-15 
5.125000e+04 8.750000e+03 6.111543e-15 
5.145833e+04 8.958333e+03 6.045793e-15 
5.166667e+04 9.166667e+03 6.029340e-15 
5.208333e+04 9.375000e+03 6.026528e-15 
5.229167e+04 9.583333e+03 6.055559e-15 
5.250000e+04 9.791667e+03 6.104613e-15 
5.291667e+04 1.000000e+04 6.178771e-15 
