4.025000e+04 0.000000e+00 1.613646e-13 
4.050000e+04 2.500000e+02 5.699535e-14 
4.100000e+04 5.000000e+02 3.485156e-14 
4.150000e+04 7.500000e+02 2.390914e-14 
4.175000e+04 1.000000e+03 2.069458e-14 
4.200000e+04 1.250000e+03 1.718042e-14 
4.250000e+04 1.500000e+03 1.577541e-14 
4.300000e+04 1.750000e+03 1.385214e-14 
4.325000e+04 2.000000e+03 1.297085e-14 
4.350000e+04 2.250000e+03 1.192693e-14 
4.400000e+04 2.500000e+03 1.131090e-14 
4.425000e+04 2.750000e+03 1.056195e-14 
4.450000e+04 3.000000e+03 1.016360e-14 
4.500000e+04 3.250000e+03 9.616108e-15 
4.525000e+04 3.500000e+03 9.295397e-15 
4.550000e+04 3.750000e+03 8.920529e-15 
4.575000e+04 4.000000e+03 8.654229e-15 
4.600000e+04 4.250000e+03 8.354234e-15 
4.650000e+04 4.500000e+03 8.164039e-15 
4.675000e+04 4.750000e+03 7.906989e-15 
4.700000e+04 5.000000e+03 7.775012e-15 
4.725000e+04 5.250000e+03 7.563102e-15 
4.750000e+04 5.500000e+03 7.457650e-15 
4.800000e+04 5.750000e+03 7.289070e-15 
4.800000e+04 6.000000e+03 7.199156e-15 
4.850000e+04 6.250000e+03 7.081824e-15 
4.875000e+04 6.500000e+03 7.010877e-15 
4.900000e+04 6.750000e+03 6.924573e-15 
4.925000e+04 7.000000e+03 6.873524e-15 
4.950000e+04 7.250000e+03 6.801669e-15 
4.975000e+04 7.500000e+03 6.752686e-15 
5.000000e+04 7.750000e+03 6.668656e-15 
5.025000e+04 8.000000e+03 6.596497e-15 
5.050000e+04 8.250000e+03 6.485789e-15 
5.075000e+04 8.500000e+03 6.395816e-15 
5.100000e+04 8.750000e+03 6.292898e-15 
5.150000e+04 9.000000e+03 6.257918e-15 
5.175000e+04 9.250000e+03 6.219265e-15 
5.200000e+04 9.500000e+03 6.256298e-15 
5.250000e+04 9.750000e+03 6.310072e-15 
5.275000e+04 1.000000e+04 6.393700e-15 
