4.062500e+04 0.000000e+00 6.285282e-14 
4.125000e+04 6.250000e+02 2.915289e-14 
4.187500e+04 1.250000e+03 2.689449e-14 
4.250000e+04 1.875000e+03 2.080037e-14 
4.375000e+04 2.500000e+03 2.219165e-14 
4.437500e+04 3.125000e+03 1.742015e-14 
4.562500e+04 3.750000e+03 1.839320e-14 
4.625000e+04 4.375000e+03 1.636184e-14 
4.750000e+04 5.000000e+03 1.660001e-14 
4.812500e+04 5.625000e+03 1.473048e-14 
4.875000e+04 6.250000e+03 1.535235e-14 
5.000000e+04 6.875000e+03 1.375569e-14 
5.062500e+04 7.500000e+03 1.410370e-14 
5.125000e+04 8.125000e+03 1.310968e-14 
5.187500e+04 8.750000e+03 1.312681e-14 
5.312500e+04 9.375000e+03 1.203832e-14 
5.375000e+04 1.000000e+04 1.291810e-14 
