4.062500e+04 0.000000e+00 4.357393e-14 
4.062500e+04 6.250000e+02 2.783670e-14 
4.125000e+04 1.250000e+03 3.120117e-14 
4.187500e+04 1.875000e+03 2.231980e-14 
4.250000e+04 2.500000e+03 2.487183e-14 
4.312500e+04 3.125000e+03 1.948459e-14 
4.375000e+04 3.750000e+03 2.145917e-14 
4.437500e+04 4.375000e+03 1.791533e-14 
4.500000e+04 5.000000e+03 1.965816e-14 
4.562500e+04 5.625000e+03 1.698602e-14 
4.625000e+04 6.250000e+03 1.859955e-14 
4.687500e+04 6.875000e+03 1.639103e-14 
4.750000e+04 7.500000e+03 1.794087e-14 
4.812500e+04 8.125000e+03 1.603811e-14 
4.875000e+04 8.750000e+03 1.750822e-14 
4.937500e+04 9.375000e+03 1.568645e-14 
5.000000e+04 1.000000e+04 1.724276e-14 
