4.062500e+04 0.000000e+00 6.259552e-14 
4.062500e+04 6.250000e+02 2.977463e-14 
4.187500e+04 1.250000e+03 2.863748e-14 
4.250000e+04 1.875000e+03 2.389255e-14 
4.375000e+04 2.500000e+03 2.470303e-14 
4.437500e+04 3.125000e+03 2.029479e-14 
4.500000e+04 3.750000e+03 2.205464e-14 
4.625000e+04 4.375000e+03 1.913653e-14 
4.687500e+04 5.000000e+03 2.043107e-14 
4.750000e+04 5.625000e+03 1.856302e-14 
4.875000e+04 6.250000e+03 1.942245e-14 
4.937500e+04 6.875000e+03 1.754807e-14 
5.000000e+04 7.500000e+03 1.946385e-14 
5.062500e+04 8.125000e+03 1.694941e-14 
5.187500e+04 8.750000e+03 1.847045e-14 
5.250000e+04 9.375000e+03 1.734348e-14 
5.312500e+04 1.000000e+04 1.855215e-14 
