4.041667e+04 0.000000e+00 7.305191e-14 
4.041667e+04 4.166667e+02 3.120553e-14 
4.083333e+04 8.333333e+02 2.861535e-14 
4.166667e+04 1.250000e+03 1.863073e-14 
4.166667e+04 1.666667e+03 1.610569e-14 
4.250000e+04 2.083333e+03 1.335570e-14 
4.250000e+04 2.500000e+03 1.207296e-14 
4.333333e+04 2.916667e+03 1.049578e-14 
4.333333e+04 3.333333e+03 9.847343e-15 
4.416667e+04 3.750000e+03 8.793143e-15 
4.416667e+04 4.166667e+03 8.473280e-15 
4.458333e+04 4.583333e+03 7.769930e-15 
4.500000e+04 5.000000e+03 7.564624e-15 
4.541667e+04 5.416667e+03 7.097675e-15 
4.583333e+04 5.833333e+03 6.989378e-15 
4.583333e+04 6.250000e+03 6.678649e-15 
4.666667e+04 6.666667e+03 6.574900e-15 
4.666667e+04 7.083333e+03 6.374369e-15 
4.708333e+04 7.500000e+03 6.189235e-15 
4.750000e+04 7.916667e+03 6.040518e-15 
4.791667e+04 8.333333e+03 5.865455e-15 
4.833333e+04 8.750000e+03 5.807013e-15 
4.875000e+04 9.166667e+03 5.816682e-15 
4.916667e+04 9.583333e+03 5.923213e-15 
4.958333e+04 1.000000e+04 5.992487e-15 
