4.025000e+04 0.000000e+00 1.241526e-13 
4.025000e+04 2.500000e+02 4.844260e-14 
4.050000e+04 5.000000e+02 4.244910e-14 
4.100000e+04 7.500000e+02 2.790210e-14 
4.125000e+04 1.000000e+03 2.343805e-14 
4.150000e+04 1.250000e+03 1.947738e-14 
4.175000e+04 1.500000e+03 1.691236e-14 
4.200000e+04 1.750000e+03 1.502817e-14 
4.225000e+04 2.000000e+03 1.354712e-14 
4.250000e+04 2.250000e+03 1.243521e-14 
4.275000e+04 2.500000e+03 1.148680e-14 
4.300000e+04 2.750000e+03 1.075754e-14 
4.300000e+04 3.000000e+03 1.012102e-14 
4.350000e+04 3.250000e+03 9.578368e-15 
4.350000e+04 3.500000e+03 9.143867e-15 
4.400000e+04 3.750000e+03 8.703657e-15 
4.400000e+04 4.000000e+03 8.401148e-15 
4.450000e+04 4.250000e+03 8.028076e-15 
4.450000e+04 4.500000e+03 7.817060e-15 
4.475000e+04 4.750000e+03 7.508245e-15 
4.500000e+04 5.000000e+03 7.357242e-15 
4.525000e+04 5.250000e+03 7.118087e-15 
4.550000e+04 5.500000e+03 7.010729e-15 
4.575000e+04 5.750000e+03 6.825234e-15 
4.600000e+04 6.000000e+03 6.745832e-15 
4.600000e+04 6.250000e+03 6.606563e-15 
4.650000e+04 6.500000e+03 6.517268e-15 
4.650000e+04 6.750000e+03 6.412916e-15 
4.675000e+04 7.000000e+03 6.307541e-15 
4.700000e+04 7.250000e+03 6.219211e-15 
4.725000e+04 7.500000e+03 6.109434e-15 
4.750000e+04 7.750000e+03 6.012152e-15 
4.750000e+04 8.000000e+03 5.920875e-15 
4.800000e+04 8.250000e+03 5.822746e-15 
4.800000e+04 8.500000e+03 5.764465e-15 
4.850000e+04 8.750000e+03 5.737067e-15 
4.875000e+04 9.000000e+03 5.739914e-15 
4.900000e+04 9.250000e+03 5.779690e-15 
4.900000e+04 9.500000e+03 5.820839e-15 
4.950000e+04 9.750000e+03 5.876200e-15 
4.950000e+04 1.000000e+04 5.946445e-15 
