4.020833e+04 0.000000e+00 1.662420e-13 
4.041667e+04 2.083333e+02 5.574685e-14 
4.041667e+04 4.166667e+02 3.399701e-14 
4.125000e+04 6.250000e+02 1.980605e-14 
4.125000e+04 8.333333e+02 1.684062e-14 
4.166667e+04 1.041667e+03 1.412008e-14 
4.208333e+04 1.250000e+03 1.270792e-14 
4.229167e+04 1.458333e+03 1.120476e-14 
4.250000e+04 1.666667e+03 1.038496e-14 
4.291667e+04 1.875000e+03 9.572825e-15 
4.333333e+04 2.083333e+03 8.966129e-15 
4.333333e+04 2.291667e+03 8.408413e-15 
4.375000e+04 2.500000e+03 8.023703e-15 
4.395833e+04 2.708333e+03 7.584415e-15 
4.416667e+04 2.916667e+03 7.310415e-15 
4.458333e+04 3.125000e+03 6.974491e-15 
4.458333e+04 3.333333e+03 6.759274e-15 
4.500000e+04 3.541667e+03 6.508109e-15 
4.500000e+04 3.750000e+03 6.319984e-15 
4.541667e+04 3.958333e+03 6.121513e-15 
4.541667e+04 4.166667e+03 5.957832e-15 
4.583333e+04 4.375000e+03 5.796933e-15 
4.583333e+04 4.583333e+03 5.656685e-15 
4.625000e+04 4.791667e+03 5.530496e-15 
4.645833e+04 5.000000e+03 5.416717e-15 
4.666667e+04 5.208333e+03 5.319732e-15 
4.687500e+04 5.416667e+03 5.229658e-15 
4.708333e+04 5.625000e+03 5.153037e-15 
4.708333e+04 5.833333e+03 5.080090e-15 
4.750000e+04 6.041667e+03 5.015465e-15 
4.750000e+04 6.250000e+03 4.957825e-15 
4.791667e+04 6.458333e+03 4.897924e-15 
4.791667e+04 6.666667e+03 4.853419e-15 
4.833333e+04 6.875000e+03 4.795969e-15 
4.833333e+04 7.083333e+03 4.763106e-15 
4.854167e+04 7.291667e+03 4.708251e-15 
4.875000e+04 7.500000e+03 4.679372e-15 
4.875000e+04 7.708333e+03 4.624893e-15 
4.916667e+04 7.916667e+03 4.591426e-15 
4.916667e+04 8.125000e+03 4.542840e-15 
4.937500e+04 8.333333e+03 4.495925e-15 
4.958333e+04 8.541667e+03 4.452711e-15 
4.979167e+04 8.750000e+03 4.407954e-15 
5.000000e+04 8.958333e+03 4.372824e-15 
5.020833e+04 9.166667e+03 4.343058e-15 
5.041667e+04 9.375000e+03 4.328799e-15 
5.083333e+04 9.583333e+03 4.326063e-15 
5.083333e+04 9.791667e+03 4.338271e-15 
5.125000e+04 1.000000e+04 4.364144e-15 
