4.025000e+04 0.000000e+00 1.620975e-13 
4.050000e+04 2.500000e+02 5.595359e-14 
4.050000e+04 5.000000e+02 3.320843e-14 
4.150000e+04 7.500000e+02 2.283435e-14 
4.175000e+04 1.000000e+03 1.957473e-14 
4.225000e+04 1.250000e+03 1.632396e-14 
4.250000e+04 1.500000e+03 1.502041e-14 
4.300000e+04 1.750000e+03 1.331373e-14 
4.325000e+04 2.000000e+03 1.240967e-14 
4.350000e+04 2.250000e+03 1.139966e-14 
4.400000e+04 2.500000e+03 1.087160e-14 
4.425000e+04 2.750000e+03 1.014243e-14 
4.475000e+04 3.000000e+03 9.742517e-15 
4.500000e+04 3.250000e+03 9.275703e-15 
4.525000e+04 3.500000e+03 8.950253e-15 
4.550000e+04 3.750000e+03 8.584685e-15 
4.600000e+04 4.000000e+03 8.357625e-15 
4.625000e+04 4.250000e+03 8.051001e-15 
4.650000e+04 4.500000e+03 7.884027e-15 
4.675000e+04 4.750000e+03 7.633767e-15 
4.700000e+04 5.000000e+03 7.500402e-15 
4.750000e+04 5.250000e+03 7.319696e-15 
4.775000e+04 5.500000e+03 7.201965e-15 
4.800000e+04 5.750000e+03 7.063896e-15 
4.825000e+04 6.000000e+03 6.969785e-15 
4.850000e+04 6.250000e+03 6.861586e-15 
4.900000e+04 6.500000e+03 6.798832e-15 
4.900000e+04 6.750000e+03 6.713440e-15 
4.950000e+04 7.000000e+03 6.684659e-15 
4.975000e+04 7.250000e+03 6.604353e-15 
5.000000e+04 7.500000e+03 6.576300e-15 
5.000000e+04 7.750000e+03 6.484032e-15 
5.050000e+04 8.000000e+03 6.419489e-15 
5.050000e+04 8.250000e+03 6.304435e-15 
5.100000e+04 8.500000e+03 6.215758e-15 
5.125000e+04 8.750000e+03 6.102205e-15 
5.150000e+04 9.000000e+03 6.059331e-15 
5.200000e+04 9.250000e+03 6.025404e-15 
5.225000e+04 9.500000e+03 6.052532e-15 
5.250000e+04 9.750000e+03 6.105503e-15 
5.300000e+04 1.000000e+04 6.191713e-15 
