4.025000e+04 0.000000e+00 1.621133e-13 
4.050000e+04 2.500000e+02 5.594124e-14 
4.050000e+04 5.000000e+02 3.318425e-14 
4.150000e+04 7.500000e+02 2.280470e-14 
4.175000e+04 1.000000e+03 1.955085e-14 
4.225000e+04 1.250000e+03 1.630331e-14 
4.250000e+04 1.500000e+03 1.499968e-14 
4.300000e+04 1.750000e+03 1.329591e-14 
4.325000e+04 2.000000e+03 1.239242e-14 
4.350000e+04 2.250000e+03 1.138397e-14 
4.400000e+04 2.500000e+03 1.085618e-14 
4.425000e+04 2.750000e+03 1.012823e-14 
4.475000e+04 3.000000e+03 9.728856e-15 
4.500000e+04 3.250000e+03 9.262564e-15 
4.525000e+04 3.500000e+03 8.937146e-15 
4.550000e+04 3.750000e+03 8.571966e-15 
4.600000e+04 4.000000e+03 8.345445e-15 
4.625000e+04 4.250000e+03 8.039169e-15 
4.650000e+04 4.500000e+03 7.871945e-15 
4.675000e+04 4.750000e+03 7.621954e-15 
4.700000e+04 5.000000e+03 7.488334e-15 
4.750000e+04 5.250000e+03 7.308445e-15 
4.775000e+04 5.500000e+03 7.190539e-15 
4.800000e+04 5.750000e+03 7.052467e-15 
4.825000e+04 6.000000e+03 6.958162e-15 
4.850000e+04 6.250000e+03 6.849903e-15 
4.900000e+04 6.500000e+03 6.787595e-15 
4.900000e+04 6.750000e+03 6.701356e-15 
4.950000e+04 7.000000e+03 6.672842e-15 
4.975000e+04 7.250000e+03 6.592337e-15 
5.000000e+04 7.500000e+03 6.563768e-15 
5.000000e+04 7.750000e+03 6.470639e-15 
5.050000e+04 8.000000e+03 6.406229e-15 
5.050000e+04 8.250000e+03 6.290318e-15 
5.100000e+04 8.500000e+03 6.201629e-15 
5.125000e+04 8.750000e+03 6.087595e-15 
5.150000e+04 9.000000e+03 6.043752e-15 
5.200000e+04 9.250000e+03 6.009810e-15 
5.225000e+04 9.500000e+03 6.036039e-15 
5.250000e+04 9.750000e+03 6.088694e-15 
5.300000e+04 1.000000e+04 6.175993e-15 
