4.015625e+04 0.000000e+00 2.228311e-13 
4.031250e+04 1.562500e+02 7.107329e-14 
4.031250e+04 3.125000e+02 5.081798e-14 
4.093750e+04 4.687500e+02 2.201783e-14 
4.109375e+04 6.250000e+02 1.734208e-14 
4.125000e+04 7.812500e+02 1.475349e-14 
4.156250e+04 9.375000e+02 1.303652e-14 
4.171875e+04 1.093750e+03 1.160341e-14 
4.187500e+04 1.250000e+03 1.069836e-14 
4.218750e+04 1.406250e+03 9.860205e-15 
4.234375e+04 1.562500e+03 9.232754e-15 
4.250000e+04 1.718750e+03 8.700232e-15 
4.265625e+04 1.875000e+03 8.243305e-15 
4.281250e+04 2.031250e+03 7.851763e-15 
4.312500e+04 2.187500e+03 7.517274e-15 
4.312500e+04 2.343750e+03 7.201697e-15 
4.343750e+04 2.500000e+03 6.946234e-15 
4.343750e+04 2.656250e+03 6.685698e-15 
4.375000e+04 2.812500e+03 6.482498e-15 
4.390625e+04 2.968750e+03 6.266643e-15 
4.406250e+04 3.125000e+03 6.097141e-15 
4.421875e+04 3.281250e+03 5.915201e-15 
4.437500e+04 3.437500e+03 5.771112e-15 
4.453125e+04 3.593750e+03 5.615605e-15 
4.468750e+04 3.750000e+03 5.491871e-15 
4.484375e+04 3.906250e+03 5.357946e-15 
4.500000e+04 4.062500e+03 5.251385e-15 
4.515625e+04 4.218750e+03 5.135955e-15 
4.531250e+04 4.375000e+03 5.044586e-15 
4.546875e+04 4.531250e+03 4.945542e-15 
4.562500e+04 4.687500e+03 4.867892e-15 
4.562500e+04 4.843750e+03 4.783531e-15 
4.593750e+04 5.000000e+03 4.717803e-15 
4.593750e+04 5.156250e+03 4.646941e-15 
4.625000e+04 5.312500e+03 4.589897e-15 
4.625000e+04 5.468750e+03 4.530732e-15 
4.656250e+04 5.625000e+03 4.478515e-15 
4.656250e+04 5.781250e+03 4.428971e-15 
4.671875e+04 5.937500e+03 4.379687e-15 
4.687500e+04 6.093750e+03 4.335063e-15 
4.687500e+04 6.250000e+03 4.289697e-15 
4.718750e+04 6.406250e+03 4.242865e-15 
4.718750e+04 6.562500e+03 4.202837e-15 
4.718750e+04 6.718750e+03 4.153401e-15 
4.750000e+04 6.875000e+03 4.111705e-15 
4.750000e+04 7.031250e+03 4.066197e-15 
4.765625e+04 7.187500e+03 4.018908e-15 
4.781250e+04 7.343750e+03 3.973349e-15 
4.781250e+04 7.500000e+03 3.928301e-15 
4.796875e+04 7.656250e+03 3.878716e-15 
4.812500e+04 7.812500e+03 3.837166e-15 
4.828125e+04 7.968750e+03 3.789510e-15 
4.843750e+04 8.125000e+03 3.750963e-15 
4.859375e+04 8.281250e+03 3.709059e-15 
4.875000e+04 8.437500e+03 3.677406e-15 
4.906250e+04 8.593750e+03 3.645169e-15 
4.906250e+04 8.750000e+03 3.623585e-15 
4.937500e+04 8.906250e+03 3.606585e-15 
4.953125e+04 9.062500e+03 3.595773e-15 
4.968750e+04 9.218750e+03 3.593782e-15 
5.000000e+04 9.375000e+03 3.595819e-15 
5.000000e+04 9.531250e+03 3.606851e-15 
5.015625e+04 9.687500e+03 3.621053e-15 
5.031250e+04 9.843750e+03 3.645798e-15 
5.046875e+04 1.000000e+04 3.672725e-15 
