4.025000e+04 0.000000e+00 1.613628e-13 
4.050000e+04 2.500000e+02 5.699735e-14 
4.100000e+04 5.000000e+02 3.485614e-14 
4.150000e+04 7.500000e+02 2.391311e-14 
4.175000e+04 1.000000e+03 2.069787e-14 
4.200000e+04 1.250000e+03 1.718298e-14 
4.250000e+04 1.500000e+03 1.577812e-14 
4.300000e+04 1.750000e+03 1.385438e-14 
4.325000e+04 2.000000e+03 1.297304e-14 
4.350000e+04 2.250000e+03 1.192891e-14 
4.400000e+04 2.500000e+03 1.131281e-14 
4.425000e+04 2.750000e+03 1.056371e-14 
4.450000e+04 3.000000e+03 1.016537e-14 
4.500000e+04 3.250000e+03 9.617705e-15 
4.525000e+04 3.500000e+03 9.296995e-15 
4.550000e+04 3.750000e+03 8.922079e-15 
4.575000e+04 4.000000e+03 8.655779e-15 
4.600000e+04 4.250000e+03 8.355750e-15 
4.650000e+04 4.500000e+03 8.165498e-15 
4.675000e+04 4.750000e+03 7.908416e-15 
4.700000e+04 5.000000e+03 7.776474e-15 
4.725000e+04 5.250000e+03 7.564537e-15 
4.750000e+04 5.500000e+03 7.459120e-15 
4.800000e+04 5.750000e+03 7.290444e-15 
4.800000e+04 6.000000e+03 7.200642e-15 
4.850000e+04 6.250000e+03 7.083234e-15 
4.875000e+04 6.500000e+03 7.012321e-15 
4.900000e+04 6.750000e+03 6.926037e-15 
4.925000e+04 7.000000e+03 6.875032e-15 
4.950000e+04 7.250000e+03 6.803208e-15 
4.975000e+04 7.500000e+03 6.754279e-15 
5.000000e+04 7.750000e+03 6.670287e-15 
5.025000e+04 8.000000e+03 6.598183e-15 
5.050000e+04 8.250000e+03 6.487515e-15 
5.075000e+04 8.500000e+03 6.397608e-15 
5.100000e+04 8.750000e+03 6.294757e-15 
5.150000e+04 9.000000e+03 6.259838e-15 
5.175000e+04 9.250000e+03 6.221265e-15 
5.200000e+04 9.500000e+03 6.258433e-15 
5.250000e+04 9.750000e+03 6.312127e-15 
5.275000e+04 1.000000e+04 6.395755e-15 
