4.020833e+04 0.000000e+00 1.512556e-13 
4.041667e+04 2.083333e+02 5.787359e-14 
4.062500e+04 4.166667e+02 4.827708e-14 
4.083333e+04 6.250000e+02 3.163734e-14 
4.104167e+04 8.333333e+02 2.670654e-14 
4.125000e+04 1.041667e+03 2.217439e-14 
4.145833e+04 1.250000e+03 1.920029e-14 
4.166667e+04 1.458333e+03 1.701844e-14 
4.187500e+04 1.666667e+03 1.531356e-14 
4.208333e+04 1.875000e+03 1.403626e-14 
4.229167e+04 2.083333e+03 1.294430e-14 
4.250000e+04 2.291667e+03 1.211373e-14 
4.270833e+04 2.500000e+03 1.135161e-14 
4.291667e+04 2.708333e+03 1.076169e-14 
4.312500e+04 2.916667e+03 1.019951e-14 
4.333333e+04 3.125000e+03 9.756070e-15 
4.354167e+04 3.333333e+03 9.324496e-15 
4.375000e+04 3.541667e+03 8.977849e-15 
4.375000e+04 3.750000e+03 8.658147e-15 
4.416667e+04 3.958333e+03 8.356895e-15 
4.416667e+04 4.166667e+03 8.117427e-15 
4.458333e+04 4.375000e+03 7.849733e-15 
4.458333e+04 4.583333e+03 7.670819e-15 
4.479167e+04 4.791667e+03 7.435079e-15 
4.500000e+04 5.000000e+03 7.305361e-15 
4.520833e+04 5.208333e+03 7.115307e-15 
4.541667e+04 5.416667e+03 7.016897e-15 
4.562500e+04 5.625000e+03 6.864588e-15 
4.583333e+04 5.833333e+03 6.789201e-15 
4.583333e+04 6.041667e+03 6.666650e-15 
4.625000e+04 6.250000e+03 6.594543e-15 
4.625000e+04 6.458333e+03 6.499534e-15 
4.666667e+04 6.666667e+03 6.413309e-15 
4.666667e+04 6.875000e+03 6.338857e-15 
4.687500e+04 7.083333e+03 6.251747e-15 
4.708333e+04 7.291667e+03 6.175205e-15 
4.708333e+04 7.500000e+03 6.094552e-15 
4.750000e+04 7.708333e+03 6.002439e-15 
4.750000e+04 7.916667e+03 5.934907e-15 
4.791667e+04 8.125000e+03 5.839113e-15 
4.791667e+04 8.333333e+03 5.791612e-15 
4.833333e+04 8.541667e+03 5.734961e-15 
4.833333e+04 8.750000e+03 5.720679e-15 
4.875000e+04 8.958333e+03 5.723823e-15 
4.875000e+04 9.166667e+03 5.745976e-15 
4.916667e+04 9.375000e+03 5.781904e-15 
4.916667e+04 9.583333e+03 5.830045e-15 
4.958333e+04 9.791667e+03 5.859619e-15 
4.958333e+04 1.000000e+04 5.924679e-15 
