4.015625e+04 0.000000e+00 2.242565e-13 
4.031250e+04 1.562500e+02 7.199128e-14 
4.031250e+04 3.125000e+02 4.689406e-14 
4.093750e+04 4.687500e+02 2.215801e-14 
4.093750e+04 6.250000e+02 1.771634e-14 
4.125000e+04 7.812500e+02 1.479474e-14 
4.156250e+04 9.375000e+02 1.305533e-14 
4.171875e+04 1.093750e+03 1.162264e-14 
4.187500e+04 1.250000e+03 1.071297e-14 
4.218750e+04 1.406250e+03 9.861904e-15 
4.234375e+04 1.562500e+03 9.232887e-15 
4.250000e+04 1.718750e+03 8.697310e-15 
4.265625e+04 1.875000e+03 8.238744e-15 
4.281250e+04 2.031250e+03 7.845003e-15 
4.312500e+04 2.187500e+03 7.505574e-15 
4.312500e+04 2.343750e+03 7.191763e-15 
4.343750e+04 2.500000e+03 6.932480e-15 
4.343750e+04 2.656250e+03 6.673258e-15 
4.375000e+04 2.812500e+03 6.467121e-15 
4.390625e+04 2.968750e+03 6.250721e-15 
4.406250e+04 3.125000e+03 6.080484e-15 
4.421875e+04 3.281250e+03 5.898142e-15 
4.437500e+04 3.437500e+03 5.753443e-15 
4.453125e+04 3.593750e+03 5.597638e-15 
4.468750e+04 3.750000e+03 5.473385e-15 
4.484375e+04 3.906250e+03 5.339224e-15 
4.500000e+04 4.062500e+03 5.232198e-15 
4.515625e+04 4.218750e+03 5.116555e-15 
4.531250e+04 4.375000e+03 5.024737e-15 
4.546875e+04 4.531250e+03 4.925469e-15 
4.562500e+04 4.687500e+03 4.847356e-15 
4.562500e+04 4.843750e+03 4.762786e-15 
4.593750e+04 5.000000e+03 4.696522e-15 
4.593750e+04 5.156250e+03 4.625301e-15 
4.625000e+04 5.312500e+03 4.567817e-15 
4.625000e+04 5.468750e+03 4.508157e-15 
4.656250e+04 5.625000e+03 4.455614e-15 
4.656250e+04 5.781250e+03 4.405462e-15 
4.671875e+04 5.937500e+03 4.355761e-15 
4.687500e+04 6.093750e+03 4.310676e-15 
4.687500e+04 6.250000e+03 4.264702e-15 
4.718750e+04 6.406250e+03 4.217703e-15 
4.718750e+04 6.562500e+03 4.176993e-15 
4.734375e+04 6.718750e+03 4.127168e-15 
4.750000e+04 6.875000e+03 4.085140e-15 
4.750000e+04 7.031250e+03 4.039092e-15 
4.765625e+04 7.187500e+03 3.991460e-15 
4.781250e+04 7.343750e+03 3.945498e-15 
4.781250e+04 7.500000e+03 3.899893e-15 
4.796875e+04 7.656250e+03 3.849930e-15 
4.812500e+04 7.812500e+03 3.807783e-15 
4.828125e+04 7.968750e+03 3.759613e-15 
4.843750e+04 8.125000e+03 3.720301e-15 
4.859375e+04 8.281250e+03 3.677672e-15 
4.875000e+04 8.437500e+03 3.645030e-15 
4.906250e+04 8.593750e+03 3.611949e-15 
4.906250e+04 8.750000e+03 3.589065e-15 
4.937500e+04 8.906250e+03 3.571120e-15 
4.953125e+04 9.062500e+03 3.559210e-15 
4.968750e+04 9.218750e+03 3.556115e-15 
5.000000e+04 9.375000e+03 3.557872e-15 
5.000000e+04 9.531250e+03 3.567512e-15 
5.031250e+04 9.687500e+03 3.582027e-15 
5.031250e+04 9.843750e+03 3.606065e-15 
5.046875e+04 1.000000e+04 3.633431e-15 
