4.015625e+04 0.000000e+00 2.617391e-13 
4.031250e+04 1.562500e+02 8.445039e-14 
4.031250e+04 3.125000e+02 5.511482e-14 
4.093750e+04 4.687500e+02 2.925200e-14 
4.093750e+04 6.250000e+02 2.411085e-14 
4.125000e+04 7.812500e+02 2.004203e-14 
4.156250e+04 9.375000e+02 1.768533e-14 
4.171875e+04 1.093750e+03 1.571174e-14 
4.187500e+04 1.250000e+03 1.446842e-14 
4.218750e+04 1.406250e+03 1.333756e-14 
4.234375e+04 1.562500e+03 1.249209e-14 
4.250000e+04 1.718750e+03 1.172938e-14 
4.281250e+04 1.875000e+03 1.116422e-14 
4.296875e+04 2.031250e+03 1.058553e-14 
4.312500e+04 2.187500e+03 1.015915e-14 
4.343750e+04 2.343750e+03 9.722440e-15 
4.359375e+04 2.500000e+03 9.375511e-15 
4.375000e+04 2.656250e+03 9.042389e-15 
4.390625e+04 2.812500e+03 8.756347e-15 
4.406250e+04 2.968750e+03 8.482469e-15 
4.437500e+04 3.125000e+03 8.244103e-15 
4.437500e+04 3.281250e+03 8.013496e-15 
4.468750e+04 3.437500e+03 7.819046e-15 
4.468750e+04 3.593750e+03 7.615108e-15 
4.500000e+04 3.750000e+03 7.454342e-15 
4.515625e+04 3.906250e+03 7.277785e-15 
4.531250e+04 4.062500e+03 7.139347e-15 
4.546875e+04 4.218750e+03 6.986454e-15 
4.562500e+04 4.375000e+03 6.866871e-15 
4.578125e+04 4.531250e+03 6.734688e-15 
4.593750e+04 4.687500e+03 6.632066e-15 
4.625000e+04 4.843750e+03 6.520245e-15 
4.625000e+04 5.000000e+03 6.431313e-15 
4.656250e+04 5.156250e+03 6.339110e-15 
4.656250e+04 5.312500e+03 6.261055e-15 
4.687500e+04 5.468750e+03 6.184933e-15 
4.703125e+04 5.625000e+03 6.117428e-15 
4.718750e+04 5.781250e+03 6.051677e-15 
4.718750e+04 5.937500e+03 5.991590e-15 
4.750000e+04 6.093750e+03 5.931117e-15 
4.750000e+04 6.250000e+03 5.876938e-15 
4.765625e+04 6.406250e+03 5.813467e-15 
4.781250e+04 6.562500e+03 5.762359e-15 
4.796875e+04 6.718750e+03 5.695193e-15 
4.812500e+04 6.875000e+03 5.638225e-15 
4.812500e+04 7.031250e+03 5.568384e-15 
4.828125e+04 7.187500e+03 5.501245e-15 
4.843750e+04 7.343750e+03 5.428372e-15 
4.859375e+04 7.500000e+03 5.353903e-15 
4.875000e+04 7.656250e+03 5.275896e-15 
4.875000e+04 7.812500e+03 5.201270e-15 
4.906250e+04 7.968750e+03 5.123452e-15 
4.921875e+04 8.125000e+03 5.053262e-15 
4.937500e+04 8.281250e+03 4.989013e-15 
4.968750e+04 8.437500e+03 4.939675e-15 
5.000000e+04 8.593750e+03 4.900344e-15 
5.031250e+04 8.750000e+03 4.879470e-15 
5.046875e+04 8.906250e+03 4.872632e-15 
5.062500e+04 9.062500e+03 4.882415e-15 
5.093750e+04 9.218750e+03 4.901631e-15 
5.109375e+04 9.375000e+03 4.931414e-15 
5.125000e+04 9.531250e+03 4.972480e-15 
5.140625e+04 9.687500e+03 5.019526e-15 
5.156250e+04 9.843750e+03 5.081925e-15 
5.156250e+04 1.000000e+04 5.150608e-15 
