4.062500e+04 0.000000e+00 6.251068e-14 
4.062500e+04 6.250000e+02 3.074872e-14 
4.187500e+04 1.250000e+03 2.980074e-14 
4.250000e+04 1.875000e+03 2.536888e-14 
4.375000e+04 2.500000e+03 2.522683e-14 
4.437500e+04 3.125000e+03 2.113885e-14 
4.500000e+04 3.750000e+03 2.378646e-14 
4.625000e+04 4.375000e+03 1.943069e-14 
4.687500e+04 5.000000e+03 2.131190e-14 
4.750000e+04 5.625000e+03 1.968006e-14 
4.812500e+04 6.250000e+03 2.015807e-14 
4.937500e+04 6.875000e+03 1.809244e-14 
5.000000e+04 7.500000e+03 2.053432e-14 
5.062500e+04 8.125000e+03 1.807279e-14 
5.125000e+04 8.750000e+03 1.944375e-14 
5.250000e+04 9.375000e+03 1.793892e-14 
5.312500e+04 1.000000e+04 1.930729e-14 
