4.025000e+04 0.000000e+00 1.620957e-13 
4.050000e+04 2.500000e+02 5.595497e-14 
4.050000e+04 5.000000e+02 3.321114e-14 
4.150000e+04 7.500000e+02 2.283766e-14 
4.175000e+04 1.000000e+03 1.957740e-14 
4.225000e+04 1.250000e+03 1.632627e-14 
4.250000e+04 1.500000e+03 1.502273e-14 
4.300000e+04 1.750000e+03 1.331571e-14 
4.325000e+04 2.000000e+03 1.241159e-14 
4.350000e+04 2.250000e+03 1.140141e-14 
4.400000e+04 2.500000e+03 1.087332e-14 
4.425000e+04 2.750000e+03 1.014402e-14 
4.475000e+04 3.000000e+03 9.744040e-15 
4.500000e+04 3.250000e+03 9.277168e-15 
4.525000e+04 3.500000e+03 8.951714e-15 
4.550000e+04 3.750000e+03 8.586103e-15 
4.600000e+04 4.000000e+03 8.358982e-15 
4.625000e+04 4.250000e+03 8.052320e-15 
4.650000e+04 4.500000e+03 7.885374e-15 
4.675000e+04 4.750000e+03 7.635083e-15 
4.700000e+04 5.000000e+03 7.501747e-15 
4.750000e+04 5.250000e+03 7.320949e-15 
4.775000e+04 5.500000e+03 7.203239e-15 
4.800000e+04 5.750000e+03 7.065170e-15 
4.825000e+04 6.000000e+03 6.971081e-15 
4.850000e+04 6.250000e+03 6.862888e-15 
4.900000e+04 6.500000e+03 6.800084e-15 
4.900000e+04 6.750000e+03 6.714787e-15 
4.950000e+04 7.000000e+03 6.685977e-15 
4.975000e+04 7.250000e+03 6.605693e-15 
5.000000e+04 7.500000e+03 6.577697e-15 
5.000000e+04 7.750000e+03 6.485526e-15 
5.050000e+04 8.000000e+03 6.420968e-15 
5.050000e+04 8.250000e+03 6.306010e-15 
5.100000e+04 8.500000e+03 6.217334e-15 
5.125000e+04 8.750000e+03 6.103836e-15 
5.150000e+04 9.000000e+03 6.061070e-15 
5.200000e+04 9.250000e+03 6.027146e-15 
5.225000e+04 9.500000e+03 6.054375e-15 
5.250000e+04 9.750000e+03 6.107382e-15 
5.300000e+04 1.000000e+04 6.193468e-15 
