4.025000e+04 0.000000e+00 1.363588e-13 
4.050000e+04 2.500000e+02 4.624212e-14 
4.050000e+04 5.000000e+02 3.091015e-14 
4.125000e+04 7.500000e+02 1.795286e-14 
4.150000e+04 1.000000e+03 1.522770e-14 
4.200000e+04 1.250000e+03 1.280232e-14 
4.250000e+04 1.500000e+03 1.146586e-14 
4.275000e+04 1.750000e+03 1.012262e-14 
4.300000e+04 2.000000e+03 9.436504e-15 
4.350000e+04 2.250000e+03 8.630751e-15 
4.375000e+04 2.500000e+03 8.117790e-15 
4.400000e+04 2.750000e+03 7.641794e-15 
4.425000e+04 3.000000e+03 7.257698e-15 
4.450000e+04 3.250000e+03 6.917351e-15 
4.500000e+04 3.500000e+03 6.636252e-15 
4.500000e+04 3.750000e+03 6.368036e-15 
4.550000e+04 4.000000e+03 6.155931e-15 
4.550000e+04 4.250000e+03 5.933049e-15 
4.600000e+04 4.500000e+03 5.768699e-15 
4.600000e+04 4.750000e+03 5.587349e-15 
4.650000e+04 5.000000e+03 5.468053e-15 
4.650000e+04 5.250000e+03 5.326611e-15 
4.700000e+04 5.500000e+03 5.241955e-15 
4.700000e+04 5.750000e+03 5.133314e-15 
4.750000e+04 6.000000e+03 5.064754e-15 
4.750000e+04 6.250000e+03 4.980901e-15 
4.800000e+04 6.500000e+03 4.918424e-15 
4.800000e+04 6.750000e+03 4.855216e-15 
4.825000e+04 7.000000e+03 4.796077e-15 
4.850000e+04 7.250000e+03 4.748120e-15 
4.875000e+04 7.500000e+03 4.693203e-15 
4.900000e+04 7.750000e+03 4.643827e-15 
4.900000e+04 8.000000e+03 4.593096e-15 
4.950000e+04 8.250000e+03 4.528373e-15 
4.950000e+04 8.500000e+03 4.484782e-15 
4.975000e+04 8.750000e+03 4.416625e-15 
5.000000e+04 9.000000e+03 4.386292e-15 
5.050000e+04 9.250000e+03 4.346320e-15 
5.050000e+04 9.500000e+03 4.342222e-15 
5.100000e+04 9.750000e+03 4.348533e-15 
5.100000e+04 1.000000e+04 4.383276e-15 
