4.062500e+04 0.000000e+00 4.793120e-14 
4.062500e+04 6.250000e+02 2.416003e-14 
4.125000e+04 1.250000e+03 2.250729e-14 
4.250000e+04 1.875000e+03 1.811363e-14 
4.312500e+04 2.500000e+03 1.700191e-14 
4.375000e+04 3.125000e+03 1.628352e-14 
4.437500e+04 3.750000e+03 1.572954e-14 
4.500000e+04 4.375000e+03 1.518141e-14 
4.562500e+04 5.000000e+03 1.483494e-14 
4.625000e+04 5.625000e+03 1.448984e-14 
4.687500e+04 6.250000e+03 1.422104e-14 
4.750000e+04 6.875000e+03 1.400751e-14 
4.812500e+04 7.500000e+03 1.376870e-14 
4.875000e+04 8.125000e+03 1.367599e-14 
4.937500e+04 8.750000e+03 1.357766e-14 
5.000000e+04 9.375000e+03 1.350838e-14 
5.000000e+04 1.000000e+04 1.345151e-14 
