4.020833e+04 0.000000e+00 1.650761e-13 
4.041667e+04 2.083333e+02 5.501510e-14 
4.041667e+04 4.166667e+02 3.762993e-14 
4.104167e+04 6.250000e+02 1.993199e-14 
4.145833e+04 8.333333e+02 1.672799e-14 
4.166667e+04 1.041667e+03 1.418104e-14 
4.208333e+04 1.250000e+03 1.275297e-14 
4.250000e+04 1.458333e+03 1.124765e-14 
4.270833e+04 1.666667e+03 1.041061e-14 
4.291667e+04 1.875000e+03 9.603566e-15 
4.333333e+04 2.083333e+03 9.006196e-15 
4.333333e+04 2.291667e+03 8.431783e-15 
4.375000e+04 2.500000e+03 8.057240e-15 
4.395833e+04 2.708333e+03 7.615490e-15 
4.416667e+04 2.916667e+03 7.342565e-15 
4.458333e+04 3.125000e+03 7.009930e-15 
4.458333e+04 3.333333e+03 6.792370e-15 
4.500000e+04 3.541667e+03 6.543975e-15 
4.500000e+04 3.750000e+03 6.354836e-15 
4.541667e+04 3.958333e+03 6.158253e-15 
4.541667e+04 4.166667e+03 5.994522e-15 
4.583333e+04 4.375000e+03 5.834788e-15 
4.583333e+04 4.583333e+03 5.695287e-15 
4.625000e+04 4.791667e+03 5.569925e-15 
4.645833e+04 5.000000e+03 5.457021e-15 
4.666667e+04 5.208333e+03 5.361220e-15 
4.687500e+04 5.416667e+03 5.272141e-15 
4.708333e+04 5.625000e+03 5.196711e-15 
4.708333e+04 5.833333e+03 5.126254e-15 
4.750000e+04 6.041667e+03 5.061201e-15 
4.750000e+04 6.250000e+03 5.006397e-15 
4.791667e+04 6.458333e+03 4.945768e-15 
4.791667e+04 6.666667e+03 4.904494e-15 
4.833333e+04 6.875000e+03 4.846368e-15 
4.833333e+04 7.083333e+03 4.817239e-15 
4.854167e+04 7.291667e+03 4.763739e-15 
4.875000e+04 7.500000e+03 4.737458e-15 
4.875000e+04 7.708333e+03 4.686084e-15 
4.916667e+04 7.916667e+03 4.654440e-15 
4.916667e+04 8.125000e+03 4.609665e-15 
4.937500e+04 8.333333e+03 4.565739e-15 
4.958333e+04 8.541667e+03 4.525924e-15 
4.979167e+04 8.750000e+03 4.484371e-15 
5.000000e+04 8.958333e+03 4.452700e-15 
5.020833e+04 9.166667e+03 4.425904e-15 
5.041667e+04 9.375000e+03 4.414535e-15 
5.083333e+04 9.583333e+03 4.411023e-15 
5.083333e+04 9.791667e+03 4.426103e-15 
5.125000e+04 1.000000e+04 4.448043e-15 
