4.015625e+04 0.000000e+00 2.084354e-13 
4.031250e+04 1.562500e+02 7.067650e-14 
4.031250e+04 3.125000e+02 5.200203e-14 
4.062500e+04 4.687500e+02 3.069498e-14 
4.078125e+04 6.250000e+02 2.453699e-14 
4.093750e+04 7.812500e+02 2.019295e-14 
4.109375e+04 9.375000e+02 1.717822e-14 
4.125000e+04 1.093750e+03 1.520763e-14 
4.140625e+04 1.250000e+03 1.363852e-14 
4.156250e+04 1.406250e+03 1.251964e-14 
4.171875e+04 1.562500e+03 1.153891e-14 
4.187500e+04 1.718750e+03 1.080590e-14 
4.203125e+04 1.875000e+03 1.013486e-14 
4.218750e+04 2.031250e+03 9.608945e-15 
4.234375e+04 2.187500e+03 9.115956e-15 
4.250000e+04 2.343750e+03 8.715297e-15 
4.265625e+04 2.500000e+03 8.333132e-15 
4.281250e+04 2.656250e+03 8.013740e-15 
4.281250e+04 2.812500e+03 7.708537e-15 
4.312500e+04 2.968750e+03 7.442027e-15 
4.312500e+04 3.125000e+03 7.199618e-15 
4.343750e+04 3.281250e+03 6.962944e-15 
4.343750e+04 3.437500e+03 6.766738e-15 
4.359375e+04 3.593750e+03 6.556270e-15 
4.375000e+04 3.750000e+03 6.392253e-15 
4.390625e+04 3.906250e+03 6.209318e-15 
4.406250e+04 4.062500e+03 6.065263e-15 
4.406250e+04 4.218750e+03 5.910653e-15 
4.437500e+04 4.375000e+03 5.779648e-15 
4.437500e+04 4.531250e+03 5.650494e-15 
4.468750e+04 4.687500e+03 5.532452e-15 
4.468750e+04 4.843750e+03 5.425486e-15 
4.484375e+04 5.000000e+03 5.321994e-15 
4.500000e+04 5.156250e+03 5.234645e-15 
4.515625e+04 5.312500e+03 5.147660e-15 
4.531250e+04 5.468750e+03 5.074645e-15 
4.546875e+04 5.625000e+03 5.000964e-15 
4.562500e+04 5.781250e+03 4.938119e-15 
4.562500e+04 5.937500e+03 4.878101e-15 
4.578125e+04 6.093750e+03 4.814321e-15 
4.593750e+04 6.250000e+03 4.764180e-15 
4.593750e+04 6.406250e+03 4.702650e-15 
4.625000e+04 6.562500e+03 4.647715e-15 
4.625000e+04 6.718750e+03 4.591805e-15 
4.625000e+04 6.875000e+03 4.531763e-15 
4.656250e+04 7.031250e+03 4.469950e-15 
4.656250e+04 7.187500e+03 4.413631e-15 
4.656250e+04 7.343750e+03 4.346221e-15 
4.687500e+04 7.500000e+03 4.288238e-15 
4.687500e+04 7.656250e+03 4.226333e-15 
4.718750e+04 7.812500e+03 4.168380e-15 
4.718750e+04 7.968750e+03 4.115206e-15 
4.750000e+04 8.125000e+03 4.070582e-15 
4.765625e+04 8.281250e+03 4.031752e-15 
4.781250e+04 8.437500e+03 4.009759e-15 
4.812500e+04 8.593750e+03 3.998499e-15 
4.843750e+04 8.750000e+03 3.997926e-15 
4.843750e+04 8.906250e+03 4.010386e-15 
4.875000e+04 9.062500e+03 4.031597e-15 
4.875000e+04 9.218750e+03 4.057706e-15 
4.906250e+04 9.375000e+03 4.090332e-15 
4.906250e+04 9.531250e+03 4.127194e-15 
4.921875e+04 9.687500e+03 4.164156e-15 
4.937500e+04 9.843750e+03 4.205405e-15 
4.937500e+04 1.000000e+04 4.249018e-15 
