4.015625e+04 0.000000e+00 2.079051e-13 
4.031250e+04 1.562500e+02 7.034560e-14 
4.031250e+04 3.125000e+02 5.202966e-14 
4.062500e+04 4.687500e+02 3.065630e-14 
4.078125e+04 6.250000e+02 2.441373e-14 
4.093750e+04 7.812500e+02 2.010551e-14 
4.109375e+04 9.375000e+02 1.711478e-14 
4.125000e+04 1.093750e+03 1.514830e-14 
4.140625e+04 1.250000e+03 1.358900e-14 
4.156250e+04 1.406250e+03 1.247265e-14 
4.171875e+04 1.562500e+03 1.149719e-14 
4.187500e+04 1.718750e+03 1.076511e-14 
4.203125e+04 1.875000e+03 1.009712e-14 
4.218750e+04 2.031250e+03 9.571846e-15 
4.234375e+04 2.187500e+03 9.080884e-15 
4.250000e+04 2.343750e+03 8.680819e-15 
4.265625e+04 2.500000e+03 8.300175e-15 
4.281250e+04 2.656250e+03 7.981375e-15 
4.281250e+04 2.812500e+03 7.680555e-15 
4.312500e+04 2.968750e+03 7.411496e-15 
4.312500e+04 3.125000e+03 7.172360e-15 
4.343750e+04 3.281250e+03 6.934050e-15 
4.343750e+04 3.437500e+03 6.740330e-15 
4.359375e+04 3.593750e+03 6.530631e-15 
4.375000e+04 3.750000e+03 6.366726e-15 
4.390625e+04 3.906250e+03 6.184495e-15 
4.406250e+04 4.062500e+03 6.040575e-15 
4.406250e+04 4.218750e+03 5.887798e-15 
4.437500e+04 4.375000e+03 5.755684e-15 
4.437500e+04 4.531250e+03 5.627960e-15 
4.468750e+04 4.687500e+03 5.509026e-15 
4.468750e+04 4.843750e+03 5.403145e-15 
4.484375e+04 5.000000e+03 5.299768e-15 
4.500000e+04 5.156250e+03 5.212306e-15 
4.515625e+04 5.312500e+03 5.125320e-15 
4.531250e+04 5.468750e+03 5.052114e-15 
4.531250e+04 5.625000e+03 4.978694e-15 
4.562500e+04 5.781250e+03 4.915272e-15 
4.562500e+04 5.937500e+03 4.855689e-15 
4.578125e+04 6.093750e+03 4.791794e-15 
4.593750e+04 6.250000e+03 4.741326e-15 
4.593750e+04 6.406250e+03 4.680336e-15 
4.625000e+04 6.562500e+03 4.624620e-15 
4.625000e+04 6.718750e+03 4.569185e-15 
4.625000e+04 6.875000e+03 4.509706e-15 
4.656250e+04 7.031250e+03 4.447362e-15 
4.656250e+04 7.187500e+03 4.391576e-15 
4.656250e+04 7.343750e+03 4.324920e-15 
4.687500e+04 7.500000e+03 4.266558e-15 
4.687500e+04 7.656250e+03 4.205389e-15 
4.718750e+04 7.812500e+03 4.147378e-15 
4.718750e+04 7.968750e+03 4.094915e-15 
4.750000e+04 8.125000e+03 4.050399e-15 
4.765625e+04 8.281250e+03 4.012033e-15 
4.781250e+04 8.437500e+03 3.990288e-15 
4.812500e+04 8.593750e+03 3.979153e-15 
4.843750e+04 8.750000e+03 3.978601e-15 
4.843750e+04 8.906250e+03 3.991064e-15 
4.875000e+04 9.062500e+03 4.012014e-15 
4.875000e+04 9.218750e+03 4.037981e-15 
4.906250e+04 9.375000e+03 4.070223e-15 
4.906250e+04 9.531250e+03 4.106860e-15 
4.921875e+04 9.687500e+03 4.143540e-15 
4.937500e+04 9.843750e+03 4.184527e-15 
4.937500e+04 1.000000e+04 4.227967e-15 
