4.025000e+04 0.000000e+00 1.617763e-13 
4.050000e+04 2.500000e+02 5.525975e-14 
4.050000e+04 5.000000e+02 3.533018e-14 
4.150000e+04 7.500000e+02 2.274327e-14 
4.175000e+04 1.000000e+03 1.959799e-14 
4.225000e+04 1.250000e+03 1.631079e-14 
4.250000e+04 1.500000e+03 1.497949e-14 
4.300000e+04 1.750000e+03 1.327892e-14 
4.325000e+04 2.000000e+03 1.236755e-14 
4.350000e+04 2.250000e+03 1.135111e-14 
4.400000e+04 2.500000e+03 1.083269e-14 
4.450000e+04 2.750000e+03 1.010613e-14 
4.475000e+04 3.000000e+03 9.708974e-15 
4.500000e+04 3.250000e+03 9.241511e-15 
4.525000e+04 3.500000e+03 8.914742e-15 
4.550000e+04 3.750000e+03 8.549520e-15 
4.600000e+04 4.000000e+03 8.328365e-15 
4.625000e+04 4.250000e+03 8.021987e-15 
4.650000e+04 4.500000e+03 7.854426e-15 
4.700000e+04 4.750000e+03 7.607164e-15 
4.700000e+04 5.000000e+03 7.470982e-15 
4.750000e+04 5.250000e+03 7.295229e-15 
4.775000e+04 5.500000e+03 7.177138e-15 
4.800000e+04 5.750000e+03 7.039342e-15 
4.825000e+04 6.000000e+03 6.944974e-15 
4.850000e+04 6.250000e+03 6.837055e-15 
4.900000e+04 6.500000e+03 6.777547e-15 
4.900000e+04 6.750000e+03 6.689022e-15 
4.950000e+04 7.000000e+03 6.663313e-15 
4.975000e+04 7.250000e+03 6.583457e-15 
5.000000e+04 7.500000e+03 6.555333e-15 
5.000000e+04 7.750000e+03 6.460763e-15 
5.050000e+04 8.000000e+03 6.399241e-15 
5.050000e+04 8.250000e+03 6.282036e-15 
5.100000e+04 8.500000e+03 6.195370e-15 
5.125000e+04 8.750000e+03 6.081096e-15 
5.150000e+04 9.000000e+03 6.036156e-15 
5.200000e+04 9.250000e+03 6.003940e-15 
5.225000e+04 9.500000e+03 6.029161e-15 
5.250000e+04 9.750000e+03 6.080880e-15 
5.300000e+04 1.000000e+04 6.172406e-15 
