4.025000e+04 0.000000e+00 1.371561e-13 
4.050000e+04 2.500000e+02 4.720229e-14 
4.050000e+04 5.000000e+02 2.941246e-14 
4.150000e+04 7.500000e+02 1.775852e-14 
4.150000e+04 1.000000e+03 1.543816e-14 
4.200000e+04 1.250000e+03 1.286986e-14 
4.250000e+04 1.500000e+03 1.157482e-14 
4.275000e+04 1.750000e+03 1.022466e-14 
4.300000e+04 2.000000e+03 9.556237e-15 
4.350000e+04 2.250000e+03 8.730290e-15 
4.350000e+04 2.500000e+03 8.221496e-15 
4.400000e+04 2.750000e+03 7.743888e-15 
4.425000e+04 3.000000e+03 7.359768e-15 
4.450000e+04 3.250000e+03 7.017934e-15 
4.500000e+04 3.500000e+03 6.725902e-15 
4.500000e+04 3.750000e+03 6.465774e-15 
4.550000e+04 4.000000e+03 6.243654e-15 
4.550000e+04 4.250000e+03 6.027571e-15 
4.600000e+04 4.500000e+03 5.854296e-15 
4.600000e+04 4.750000e+03 5.679222e-15 
4.650000e+04 5.000000e+03 5.552264e-15 
4.650000e+04 5.250000e+03 5.416983e-15 
4.700000e+04 5.500000e+03 5.325432e-15 
4.700000e+04 5.750000e+03 5.222924e-15 
4.750000e+04 6.000000e+03 5.147689e-15 
4.750000e+04 6.250000e+03 5.070079e-15 
4.800000e+04 6.500000e+03 5.001157e-15 
4.800000e+04 6.750000e+03 4.944511e-15 
4.825000e+04 7.000000e+03 4.885664e-15 
4.850000e+04 7.250000e+03 4.838389e-15 
4.875000e+04 7.500000e+03 4.784224e-15 
4.900000e+04 7.750000e+03 4.736035e-15 
4.900000e+04 8.000000e+03 4.692079e-15 
4.950000e+04 8.250000e+03 4.623815e-15 
4.950000e+04 8.500000e+03 4.587999e-15 
4.975000e+04 8.750000e+03 4.521771e-15 
5.000000e+04 9.000000e+03 4.496590e-15 
5.025000e+04 9.250000e+03 4.455147e-15 
5.050000e+04 9.500000e+03 4.460174e-15 
5.100000e+04 9.750000e+03 4.461034e-15 
5.100000e+04 1.000000e+04 4.500335e-15 
