4.031250e+04 0.000000e+00 9.917282e-14 
4.031250e+04 3.125000e+02 4.035358e-14 
4.093750e+04 6.250000e+02 3.387316e-14 
4.125000e+04 9.375000e+02 2.309282e-14 
4.156250e+04 1.250000e+03 1.957323e-14 
4.187500e+04 1.562500e+03 1.647100e-14 
4.218750e+04 1.875000e+03 1.438248e-14 
4.250000e+04 2.187500e+03 1.282652e-14 
4.250000e+04 2.500000e+03 1.163874e-14 
4.312500e+04 2.812500e+03 1.066546e-14 
4.312500e+04 3.125000e+03 9.978783e-15 
4.375000e+04 3.437500e+03 9.268751e-15 
4.375000e+04 3.750000e+03 8.846838e-15 
4.437500e+04 4.062500e+03 8.289508e-15 
4.437500e+04 4.375000e+03 8.028222e-15 
4.468750e+04 4.687500e+03 7.595168e-15 
4.500000e+04 5.000000e+03 7.420849e-15 
4.531250e+04 5.312500e+03 7.103960e-15 
4.562500e+04 5.625000e+03 6.991900e-15 
4.562500e+04 5.937500e+03 6.756582e-15 
4.625000e+04 6.250000e+03 6.673664e-15 
4.625000e+04 6.562500e+03 6.510564e-15 
4.687500e+04 6.875000e+03 6.392785e-15 
4.687500e+04 7.187500e+03 6.275518e-15 
4.718750e+04 7.500000e+03 6.137476e-15 
4.750000e+04 7.812500e+03 6.020370e-15 
4.750000e+04 8.125000e+03 5.885823e-15 
4.812500e+04 8.437500e+03 5.802374e-15 
4.843750e+04 8.750000e+03 5.751690e-15 
4.875000e+04 9.062500e+03 5.775227e-15 
4.906250e+04 9.375000e+03 5.817923e-15 
4.937500e+04 9.687500e+03 5.892281e-15 
4.937500e+04 1.000000e+04 5.959927e-15 
