4.062500e+04 0.000000e+00 6.259922e-14 
4.062500e+04 6.250000e+02 2.975480e-14 
4.187500e+04 1.250000e+03 2.861826e-14 
4.250000e+04 1.875000e+03 2.385612e-14 
4.375000e+04 2.500000e+03 2.468423e-14 
4.437500e+04 3.125000e+03 2.026609e-14 
4.500000e+04 3.750000e+03 2.199165e-14 
4.625000e+04 4.375000e+03 1.911620e-14 
4.687500e+04 5.000000e+03 2.038369e-14 
4.750000e+04 5.625000e+03 1.850506e-14 
4.875000e+04 6.250000e+03 1.939223e-14 
4.937500e+04 6.875000e+03 1.750352e-14 
5.000000e+04 7.500000e+03 1.938126e-14 
5.062500e+04 8.125000e+03 1.687090e-14 
5.187500e+04 8.750000e+03 1.840509e-14 
5.250000e+04 9.375000e+03 1.727036e-14 
5.312500e+04 1.000000e+04 1.845588e-14 
