4.025000e+04 0.000000e+00 1.615284e-13 
4.050000e+04 2.500000e+02 5.680738e-14 
4.100000e+04 5.000000e+02 3.442449e-14 
4.150000e+04 7.500000e+02 2.353602e-14 
4.175000e+04 1.000000e+03 2.038373e-14 
4.200000e+04 1.250000e+03 1.693842e-14 
4.250000e+04 1.500000e+03 1.551912e-14 
4.300000e+04 1.750000e+03 1.363904e-14 
4.325000e+04 2.000000e+03 1.276309e-14 
4.350000e+04 2.250000e+03 1.173856e-14 
4.400000e+04 2.500000e+03 1.112884e-14 
4.425000e+04 2.750000e+03 1.039453e-14 
4.450000e+04 3.000000e+03 9.995066e-15 
4.500000e+04 3.250000e+03 9.463322e-15 
4.525000e+04 3.500000e+03 9.142547e-15 
4.550000e+04 3.750000e+03 8.772256e-15 
4.575000e+04 4.000000e+03 8.505966e-15 
4.600000e+04 4.250000e+03 8.209285e-15 
4.650000e+04 4.500000e+03 8.024240e-15 
4.675000e+04 4.750000e+03 7.770272e-15 
4.700000e+04 5.000000e+03 7.635131e-15 
4.725000e+04 5.250000e+03 7.425734e-15 
4.750000e+04 5.500000e+03 7.317154e-15 
4.800000e+04 5.750000e+03 7.157282e-15 
4.825000e+04 6.000000e+03 7.060583e-15 
4.850000e+04 6.250000e+03 6.946799e-15 
4.875000e+04 6.500000e+03 6.872797e-15 
4.900000e+04 6.750000e+03 6.784712e-15 
4.925000e+04 7.000000e+03 6.729606e-15 
4.950000e+04 7.250000e+03 6.654844e-15 
4.975000e+04 7.500000e+03 6.600963e-15 
5.000000e+04 7.750000e+03 6.513529e-15 
5.025000e+04 8.000000e+03 6.436382e-15 
5.050000e+04 8.250000e+03 6.322182e-15 
5.075000e+04 8.500000e+03 6.226388e-15 
5.100000e+04 8.750000e+03 6.117972e-15 
5.150000e+04 9.000000e+03 6.077816e-15 
5.200000e+04 9.250000e+03 6.039218e-15 
5.225000e+04 9.500000e+03 6.065744e-15 
5.250000e+04 9.750000e+03 6.118625e-15 
5.275000e+04 1.000000e+04 6.201981e-15 
