4.062500e+04 0.000000e+00 4.283991e-14 
4.062500e+04 6.250000e+02 2.774666e-14 
4.125000e+04 1.250000e+03 3.143622e-14 
4.187500e+04 1.875000e+03 2.181500e-14 
4.250000e+04 2.500000e+03 2.536048e-14 
4.312500e+04 3.125000e+03 1.892097e-14 
4.375000e+04 3.750000e+03 2.189399e-14 
4.437500e+04 4.375000e+03 1.735596e-14 
4.500000e+04 5.000000e+03 2.003096e-14 
4.562500e+04 5.625000e+03 1.644779e-14 
4.625000e+04 6.250000e+03 1.890479e-14 
4.687500e+04 6.875000e+03 1.586736e-14 
4.750000e+04 7.500000e+03 1.817125e-14 
4.812500e+04 8.125000e+03 1.552266e-14 
4.875000e+04 8.750000e+03 1.767268e-14 
4.937500e+04 9.375000e+03 1.521144e-14 
5.000000e+04 1.000000e+04 1.746801e-14 
