4.041667e+04 0.000000e+00 7.420843e-14 
4.041667e+04 4.166667e+02 2.844426e-14 
4.083333e+04 8.333333e+02 2.466040e-14 
4.166667e+04 1.250000e+03 1.534186e-14 
4.166667e+04 1.666667e+03 1.342717e-14 
4.250000e+04 2.083333e+03 1.095141e-14 
4.250000e+04 2.500000e+03 1.001699e-14 
4.333333e+04 2.916667e+03 8.697266e-15 
4.333333e+04 3.333333e+03 8.199525e-15 
4.375000e+04 3.750000e+03 7.424469e-15 
4.416667e+04 4.166667e+03 7.091352e-15 
4.458333e+04 4.583333e+03 6.581236e-15 
4.500000e+04 5.000000e+03 6.358350e-15 
4.541667e+04 5.416667e+03 6.021846e-15 
4.583333e+04 5.833333e+03 5.893935e-15 
4.583333e+04 6.250000e+03 5.681182e-15 
4.666667e+04 6.666667e+03 5.547974e-15 
4.666667e+04 7.083333e+03 5.397590e-15 
4.708333e+04 7.500000e+03 5.234098e-15 
4.750000e+04 7.916667e+03 5.101092e-15 
4.791667e+04 8.333333e+03 4.972682e-15 
4.833333e+04 8.750000e+03 4.940429e-15 
4.916667e+04 9.166667e+03 4.961612e-15 
4.916667e+04 9.583333e+03 5.049026e-15 
4.958333e+04 1.000000e+04 5.117929e-15 
