4.015625e+04 0.000000e+00 2.617986e-13 
4.031250e+04 1.562500e+02 8.455852e-14 
4.031250e+04 3.125000e+02 5.455445e-14 
4.093750e+04 4.687500e+02 2.921137e-14 
4.093750e+04 6.250000e+02 2.412897e-14 
4.125000e+04 7.812500e+02 1.999806e-14 
4.156250e+04 9.375000e+02 1.762680e-14 
4.171875e+04 1.093750e+03 1.565780e-14 
4.187500e+04 1.250000e+03 1.441341e-14 
4.218750e+04 1.406250e+03 1.327939e-14 
4.234375e+04 1.562500e+03 1.243490e-14 
4.250000e+04 1.718750e+03 1.167374e-14 
4.281250e+04 1.875000e+03 1.110700e-14 
4.296875e+04 2.031250e+03 1.053043e-14 
4.312500e+04 2.187500e+03 1.010438e-14 
4.343750e+04 2.343750e+03 9.668886e-15 
4.359375e+04 2.500000e+03 9.322710e-15 
4.375000e+04 2.656250e+03 8.990630e-15 
4.390625e+04 2.812500e+03 8.705264e-15 
4.406250e+04 2.968750e+03 8.432251e-15 
4.437500e+04 3.125000e+03 8.195036e-15 
4.437500e+04 3.281250e+03 7.964596e-15 
4.468750e+04 3.437500e+03 7.771200e-15 
4.484375e+04 3.593750e+03 7.567484e-15 
4.500000e+04 3.750000e+03 7.407525e-15 
4.515625e+04 3.906250e+03 7.231709e-15 
4.531250e+04 4.062500e+03 7.093365e-15 
4.546875e+04 4.218750e+03 6.941080e-15 
4.562500e+04 4.375000e+03 6.821519e-15 
4.578125e+04 4.531250e+03 6.689812e-15 
4.593750e+04 4.687500e+03 6.587131e-15 
4.625000e+04 4.843750e+03 6.476667e-15 
4.625000e+04 5.000000e+03 6.386569e-15 
4.656250e+04 5.156250e+03 6.295560e-15 
4.671875e+04 5.312500e+03 6.216786e-15 
4.687500e+04 5.468750e+03 6.141201e-15 
4.703125e+04 5.625000e+03 6.073510e-15 
4.718750e+04 5.781250e+03 6.007600e-15 
4.734375e+04 5.937500e+03 5.947282e-15 
4.750000e+04 6.093750e+03 5.886641e-15 
4.750000e+04 6.250000e+03 5.831054e-15 
4.781250e+04 6.406250e+03 5.768594e-15 
4.781250e+04 6.562500e+03 5.716173e-15 
4.796875e+04 6.718750e+03 5.649125e-15 
4.812500e+04 6.875000e+03 5.592021e-15 
4.812500e+04 7.031250e+03 5.521278e-15 
4.828125e+04 7.187500e+03 5.454238e-15 
4.843750e+04 7.343750e+03 5.381524e-15 
4.859375e+04 7.500000e+03 5.307195e-15 
4.875000e+04 7.656250e+03 5.229259e-15 
4.875000e+04 7.812500e+03 5.153724e-15 
4.906250e+04 7.968750e+03 5.076421e-15 
4.921875e+04 8.125000e+03 5.005627e-15 
4.937500e+04 8.281250e+03 4.940411e-15 
4.968750e+04 8.437500e+03 4.890157e-15 
5.000000e+04 8.593750e+03 4.849662e-15 
5.031250e+04 8.750000e+03 4.827467e-15 
5.046875e+04 8.906250e+03 4.818548e-15 
5.062500e+04 9.062500e+03 4.826083e-15 
5.093750e+04 9.218750e+03 4.844866e-15 
5.109375e+04 9.375000e+03 4.873101e-15 
5.125000e+04 9.531250e+03 4.913258e-15 
5.140625e+04 9.687500e+03 4.959677e-15 
5.156250e+04 9.843750e+03 5.022391e-15 
5.156250e+04 1.000000e+04 5.089543e-15 
