4.062500e+04 0.000000e+00 6.258663e-14 
4.062500e+04 6.250000e+02 2.927828e-14 
4.187500e+04 1.250000e+03 2.791864e-14 
4.250000e+04 1.875000e+03 2.324217e-14 
4.375000e+04 2.500000e+03 2.421474e-14 
4.437500e+04 3.125000e+03 1.967829e-14 
4.500000e+04 3.750000e+03 2.274625e-14 
4.625000e+04 4.375000e+03 1.863117e-14 
4.687500e+04 5.000000e+03 2.043734e-14 
4.750000e+04 5.625000e+03 1.847392e-14 
4.875000e+04 6.250000e+03 1.917078e-14 
4.937500e+04 6.875000e+03 1.696855e-14 
5.000000e+04 7.500000e+03 1.974341e-14 
5.062500e+04 8.125000e+03 1.663157e-14 
5.125000e+04 8.750000e+03 1.867552e-14 
5.250000e+04 9.375000e+03 1.700967e-14 
5.312500e+04 1.000000e+04 1.834494e-14 
