4.031250e+04 0.000000e+00 9.851749e-14 
4.031250e+04 3.125000e+02 3.995384e-14 
4.062500e+04 6.250000e+02 3.565840e-14 
4.125000e+04 9.375000e+02 2.338350e-14 
4.156250e+04 1.250000e+03 1.976176e-14 
4.187500e+04 1.562500e+03 1.652108e-14 
4.187500e+04 1.875000e+03 1.443868e-14 
4.250000e+04 2.187500e+03 1.285309e-14 
4.250000e+04 2.500000e+03 1.171502e-14 
4.312500e+04 2.812500e+03 1.068789e-14 
4.312500e+04 3.125000e+03 1.002099e-14 
4.375000e+04 3.437500e+03 9.285491e-15 
4.375000e+04 3.750000e+03 8.873228e-15 
4.437500e+04 4.062500e+03 8.301914e-15 
4.437500e+04 4.375000e+03 8.045589e-15 
4.468750e+04 4.687500e+03 7.609569e-15 
4.500000e+04 5.000000e+03 7.432654e-15 
4.531250e+04 5.312500e+03 7.113995e-15 
4.562500e+04 5.625000e+03 7.000428e-15 
4.562500e+04 5.937500e+03 6.765671e-15 
4.625000e+04 6.250000e+03 6.680491e-15 
4.625000e+04 6.562500e+03 6.517708e-15 
4.687500e+04 6.875000e+03 6.398172e-15 
4.687500e+04 7.187500e+03 6.280986e-15 
4.718750e+04 7.500000e+03 6.142683e-15 
4.750000e+04 7.812500e+03 6.024232e-15 
4.750000e+04 8.125000e+03 5.890196e-15 
4.812500e+04 8.437500e+03 5.805417e-15 
4.843750e+04 8.750000e+03 5.754721e-15 
4.875000e+04 9.062500e+03 5.778391e-15 
4.906250e+04 9.375000e+03 5.821050e-15 
4.937500e+04 9.687500e+03 5.896798e-15 
4.937500e+04 1.000000e+04 5.966901e-15 
