4.062500e+04 0.000000e+00 4.872680e-14 
4.062500e+04 6.250000e+02 2.363299e-14 
4.187500e+04 1.250000e+03 2.046011e-14 
4.250000e+04 1.875000e+03 1.848737e-14 
4.312500e+04 2.500000e+03 1.681718e-14 
4.375000e+04 3.125000e+03 1.526972e-14 
4.500000e+04 3.750000e+03 1.441617e-14 
4.500000e+04 4.375000e+03 1.325644e-14 
4.625000e+04 5.000000e+03 1.334933e-14 
4.625000e+04 5.625000e+03 1.202469e-14 
4.750000e+04 6.250000e+03 1.235387e-14 
4.750000e+04 6.875000e+03 1.116032e-14 
4.875000e+04 7.500000e+03 1.156641e-14 
4.875000e+04 8.125000e+03 1.054353e-14 
5.000000e+04 8.750000e+03 1.093000e-14 
5.000000e+04 9.375000e+03 1.007363e-14 
5.125000e+04 1.000000e+04 1.047645e-14 
