4.025000e+04 0.000000e+00 1.618489e-13 
4.050000e+04 2.500000e+02 5.513281e-14 
4.050000e+04 5.000000e+02 3.518046e-14 
4.150000e+04 7.500000e+02 2.248147e-14 
4.175000e+04 1.000000e+03 1.936825e-14 
4.225000e+04 1.250000e+03 1.611375e-14 
4.250000e+04 1.500000e+03 1.478255e-14 
4.300000e+04 1.750000e+03 1.310825e-14 
4.325000e+04 2.000000e+03 1.220220e-14 
4.375000e+04 2.250000e+03 1.120263e-14 
4.400000e+04 2.500000e+03 1.068411e-14 
4.450000e+04 2.750000e+03 9.973991e-15 
4.475000e+04 3.000000e+03 9.576729e-15 
4.500000e+04 3.250000e+03 9.114303e-15 
4.525000e+04 3.500000e+03 8.787925e-15 
4.550000e+04 3.750000e+03 8.426462e-15 
4.600000e+04 4.000000e+03 8.210087e-15 
4.625000e+04 4.250000e+03 7.907103e-15 
4.650000e+04 4.500000e+03 7.737232e-15 
4.700000e+04 4.750000e+03 7.499098e-15 
4.725000e+04 5.000000e+03 7.354279e-15 
4.750000e+04 5.250000e+03 7.185794e-15 
4.775000e+04 5.500000e+03 7.066102e-15 
4.800000e+04 5.750000e+03 6.928351e-15 
4.825000e+04 6.000000e+03 6.832211e-15 
4.850000e+04 6.250000e+03 6.723794e-15 
4.900000e+04 6.500000e+03 6.668214e-15 
4.925000e+04 6.750000e+03 6.577122e-15 
4.950000e+04 7.000000e+03 6.548572e-15 
4.975000e+04 7.250000e+03 6.466897e-15 
5.000000e+04 7.500000e+03 6.433938e-15 
5.025000e+04 7.750000e+03 6.333153e-15 
5.050000e+04 8.000000e+03 6.271152e-15 
5.050000e+04 8.250000e+03 6.146434e-15 
5.100000e+04 8.500000e+03 6.059580e-15 
5.125000e+04 8.750000e+03 5.941245e-15 
5.150000e+04 9.000000e+03 5.887970e-15 
5.200000e+04 9.250000e+03 5.855430e-15 
5.250000e+04 9.500000e+03 5.873217e-15 
5.250000e+04 9.750000e+03 5.921911e-15 
5.300000e+04 1.000000e+04 6.022129e-15 
