4.015625e+04 0.000000e+00 2.052164e-13 
4.031250e+04 1.562500e+02 6.827536e-14 
4.031250e+04 3.125000e+02 5.200982e-14 
4.062500e+04 4.687500e+02 2.994866e-14 
4.062500e+04 6.250000e+02 2.373619e-14 
4.093750e+04 7.812500e+02 1.925105e-14 
4.093750e+04 9.375000e+02 1.651735e-14 
4.125000e+04 1.093750e+03 1.455408e-14 
4.125000e+04 1.250000e+03 1.308277e-14 
4.156250e+04 1.406250e+03 1.200039e-14 
4.156250e+04 1.562500e+03 1.107918e-14 
4.187500e+04 1.718750e+03 1.036122e-14 
4.187500e+04 1.875000e+03 9.733227e-15 
4.218750e+04 2.031250e+03 9.211923e-15 
4.218750e+04 2.187500e+03 8.756638e-15 
4.250000e+04 2.343750e+03 8.352224e-15 
4.250000e+04 2.500000e+03 8.007896e-15 
4.281250e+04 2.656250e+03 7.677203e-15 
4.281250e+04 2.812500e+03 7.408475e-15 
4.296875e+04 2.968750e+03 7.128901e-15 
4.312500e+04 3.125000e+03 6.912640e-15 
4.328125e+04 3.281250e+03 6.677624e-15 
4.343750e+04 3.437500e+03 6.492183e-15 
4.343750e+04 3.593750e+03 6.294741e-15 
4.375000e+04 3.750000e+03 6.129181e-15 
4.375000e+04 3.906250e+03 5.964571e-15 
4.406250e+04 4.062500e+03 5.812392e-15 
4.406250e+04 4.218750e+03 5.673988e-15 
4.421875e+04 4.375000e+03 5.537877e-15 
4.437500e+04 4.531250e+03 5.418702e-15 
4.453125e+04 4.687500e+03 5.300067e-15 
4.468750e+04 4.843750e+03 5.196784e-15 
4.468750e+04 5.000000e+03 5.095770e-15 
4.500000e+04 5.156250e+03 5.006772e-15 
4.500000e+04 5.312500e+03 4.923002e-15 
4.531250e+04 5.468750e+03 4.845415e-15 
4.531250e+04 5.625000e+03 4.776744e-15 
4.562500e+04 5.781250e+03 4.706139e-15 
4.562500e+04 5.937500e+03 4.649719e-15 
4.578125e+04 6.093750e+03 4.584960e-15 
4.593750e+04 6.250000e+03 4.531850e-15 
4.593750e+04 6.406250e+03 4.475017e-15 
4.609375e+04 6.562500e+03 4.417099e-15 
4.625000e+04 6.718750e+03 4.361732e-15 
4.625000e+04 6.875000e+03 4.306709e-15 
4.640625e+04 7.031250e+03 4.244194e-15 
4.656250e+04 7.187500e+03 4.189361e-15 
4.656250e+04 7.343750e+03 4.128955e-15 
4.671875e+04 7.500000e+03 4.069088e-15 
4.687500e+04 7.656250e+03 4.013446e-15 
4.703125e+04 7.812500e+03 3.957553e-15 
4.718750e+04 7.968750e+03 3.909402e-15 
4.750000e+04 8.125000e+03 3.866505e-15 
4.765625e+04 8.281250e+03 3.832191e-15 
4.781250e+04 8.437500e+03 3.812596e-15 
4.812500e+04 8.593750e+03 3.802593e-15 
4.828125e+04 8.750000e+03 3.802505e-15 
4.843750e+04 8.906250e+03 3.814335e-15 
4.875000e+04 9.062500e+03 3.833024e-15 
4.875000e+04 9.218750e+03 3.857441e-15 
4.906250e+04 9.375000e+03 3.886443e-15 
4.906250e+04 9.531250e+03 3.920827e-15 
4.921875e+04 9.687500e+03 3.954985e-15 
4.937500e+04 9.843750e+03 3.993603e-15 
4.937500e+04 1.000000e+04 4.035206e-15 
