4.020833e+04 0.000000e+00 1.661967e-13 
4.041667e+04 2.083333e+02 5.594805e-14 
4.041667e+04 4.166667e+02 3.511533e-14 
4.125000e+04 6.250000e+02 1.980849e-14 
4.125000e+04 8.333333e+02 1.677300e-14 
4.166667e+04 1.041667e+03 1.415847e-14 
4.208333e+04 1.250000e+03 1.276968e-14 
4.250000e+04 1.458333e+03 1.125809e-14 
4.250000e+04 1.666667e+03 1.043935e-14 
4.291667e+04 1.875000e+03 9.631988e-15 
4.333333e+04 2.083333e+03 9.027412e-15 
4.333333e+04 2.291667e+03 8.466233e-15 
4.375000e+04 2.500000e+03 8.083730e-15 
4.395833e+04 2.708333e+03 7.642181e-15 
4.416667e+04 2.916667e+03 7.369865e-15 
4.437500e+04 3.125000e+03 7.031074e-15 
4.458333e+04 3.333333e+03 6.818534e-15 
4.500000e+04 3.541667e+03 6.564391e-15 
4.500000e+04 3.750000e+03 6.379137e-15 
4.541667e+04 3.958333e+03 6.177641e-15 
4.541667e+04 4.166667e+03 6.016817e-15 
4.583333e+04 4.375000e+03 5.852934e-15 
4.583333e+04 4.583333e+03 5.715678e-15 
4.625000e+04 4.791667e+03 5.586781e-15 
4.625000e+04 5.000000e+03 5.474203e-15 
4.666667e+04 5.208333e+03 5.376806e-15 
4.666667e+04 5.416667e+03 5.287993e-15 
4.708333e+04 5.625000e+03 5.211107e-15 
4.708333e+04 5.833333e+03 5.141903e-15 
4.750000e+04 6.041667e+03 5.074530e-15 
4.750000e+04 6.250000e+03 5.020812e-15 
4.791667e+04 6.458333e+03 4.958121e-15 
4.791667e+04 6.666667e+03 4.917806e-15 
4.812500e+04 6.875000e+03 4.858021e-15 
4.833333e+04 7.083333e+03 4.829455e-15 
4.854167e+04 7.291667e+03 4.775255e-15 
4.875000e+04 7.500000e+03 4.748446e-15 
4.875000e+04 7.708333e+03 4.697483e-15 
4.916667e+04 7.916667e+03 4.664035e-15 
4.916667e+04 8.125000e+03 4.619593e-15 
4.937500e+04 8.333333e+03 4.574996e-15 
4.958333e+04 8.541667e+03 4.534527e-15 
4.979167e+04 8.750000e+03 4.492580e-15 
5.000000e+04 8.958333e+03 4.460564e-15 
5.020833e+04 9.166667e+03 4.433868e-15 
5.041667e+04 9.375000e+03 4.422242e-15 
5.062500e+04 9.583333e+03 4.418826e-15 
5.083333e+04 9.791667e+03 4.434323e-15 
5.104167e+04 1.000000e+04 4.455160e-15 
