4.041667e+04 0.000000e+00 7.987395e-14 
4.083333e+04 4.166667e+02 2.972643e-14 
4.083333e+04 8.333333e+02 1.858034e-14 
4.208333e+04 1.250000e+03 1.320577e-14 
4.250000e+04 1.666667e+03 1.206525e-14 
4.333333e+04 2.083333e+03 9.590171e-15 
4.333333e+04 2.500000e+03 8.867921e-15 
4.416667e+04 2.916667e+03 7.918850e-15 
4.458333e+04 3.333333e+03 7.324647e-15 
4.500000e+04 3.750000e+03 6.823152e-15 
4.541667e+04 4.166667e+03 6.408734e-15 
4.583333e+04 4.583333e+03 6.075629e-15 
4.625000e+04 5.000000e+03 5.790022e-15 
4.666667e+04 5.416667e+03 5.586235e-15 
4.708333e+04 5.833333e+03 5.402856e-15 
4.750000e+04 6.250000e+03 5.271627e-15 
4.791667e+04 6.666667e+03 5.138583e-15 
4.833333e+04 7.083333e+03 5.043090e-15 
4.833333e+04 7.500000e+03 4.940386e-15 
4.916667e+04 7.916667e+03 4.837264e-15 
4.916667e+04 8.333333e+03 4.766553e-15 
5.000000e+04 8.750000e+03 4.624868e-15 
5.000000e+04 9.166667e+03 4.594472e-15 
5.083333e+04 9.583333e+03 4.561161e-15 
5.083333e+04 1.000000e+04 4.621497e-15 
