4.015625e+04 0.000000e+00 2.620714e-13 
4.031250e+04 1.562500e+02 8.436288e-14 
4.031250e+04 3.125000e+02 5.460486e-14 
4.093750e+04 4.687500e+02 2.904813e-14 
4.093750e+04 6.250000e+02 2.386769e-14 
4.125000e+04 7.812500e+02 1.985315e-14 
4.156250e+04 9.375000e+02 1.751434e-14 
4.171875e+04 1.093750e+03 1.555527e-14 
4.187500e+04 1.250000e+03 1.431558e-14 
4.218750e+04 1.406250e+03 1.320516e-14 
4.250000e+04 1.562500e+03 1.236797e-14 
4.250000e+04 1.718750e+03 1.160705e-14 
4.281250e+04 1.875000e+03 1.105278e-14 
4.296875e+04 2.031250e+03 1.047905e-14 
4.312500e+04 2.187500e+03 1.005444e-14 
4.343750e+04 2.343750e+03 9.628569e-15 
4.359375e+04 2.500000e+03 9.283318e-15 
4.375000e+04 2.656250e+03 8.952788e-15 
4.390625e+04 2.812500e+03 8.668454e-15 
4.406250e+04 2.968750e+03 8.396913e-15 
4.437500e+04 3.125000e+03 8.165873e-15 
4.437500e+04 3.281250e+03 7.931820e-15 
4.468750e+04 3.437500e+03 7.744227e-15 
4.484375e+04 3.593750e+03 7.541845e-15 
4.500000e+04 3.750000e+03 7.383055e-15 
4.515625e+04 3.906250e+03 7.208731e-15 
4.531250e+04 4.062500e+03 7.071762e-15 
4.546875e+04 4.218750e+03 6.921140e-15 
4.562500e+04 4.375000e+03 6.803157e-15 
4.593750e+04 4.531250e+03 6.675980e-15 
4.593750e+04 4.687500e+03 6.572337e-15 
4.625000e+04 4.843750e+03 6.467344e-15 
4.640625e+04 5.000000e+03 6.376615e-15 
4.656250e+04 5.156250e+03 6.289846e-15 
4.671875e+04 5.312500e+03 6.212821e-15 
4.687500e+04 5.468750e+03 6.138987e-15 
4.703125e+04 5.625000e+03 6.072894e-15 
4.718750e+04 5.781250e+03 6.008495e-15 
4.734375e+04 5.937500e+03 5.949459e-15 
4.750000e+04 6.093750e+03 5.889917e-15 
4.765625e+04 6.250000e+03 5.833083e-15 
4.781250e+04 6.406250e+03 5.773172e-15 
4.781250e+04 6.562500e+03 5.719285e-15 
4.796875e+04 6.718750e+03 5.652225e-15 
4.812500e+04 6.875000e+03 5.594838e-15 
4.812500e+04 7.031250e+03 5.522298e-15 
4.828125e+04 7.187500e+03 5.454384e-15 
4.843750e+04 7.343750e+03 5.380447e-15 
4.859375e+04 7.500000e+03 5.304561e-15 
4.875000e+04 7.656250e+03 5.224831e-15 
4.875000e+04 7.812500e+03 5.146979e-15 
4.906250e+04 7.968750e+03 5.067920e-15 
4.921875e+04 8.125000e+03 4.995006e-15 
4.937500e+04 8.281250e+03 4.927760e-15 
4.968750e+04 8.437500e+03 4.876192e-15 
5.000000e+04 8.593750e+03 4.834981e-15 
5.031250e+04 8.750000e+03 4.812734e-15 
5.046875e+04 8.906250e+03 4.803267e-15 
5.078125e+04 9.062500e+03 4.810930e-15 
5.093750e+04 9.218750e+03 4.831032e-15 
5.109375e+04 9.375000e+03 4.859837e-15 
5.125000e+04 9.531250e+03 4.901019e-15 
5.140625e+04 9.687500e+03 4.948648e-15 
5.156250e+04 9.843750e+03 5.012995e-15 
5.171875e+04 1.000000e+04 5.081398e-15 
