4.031250e+04 0.000000e+00 1.078643e-13 
4.062500e+04 3.125000e+02 3.779229e-14 
4.062500e+04 6.250000e+02 2.537873e-14 
4.156250e+04 9.375000e+02 1.591453e-14 
4.187500e+04 1.250000e+03 1.378175e-14 
4.250000e+04 1.562500e+03 1.141066e-14 
4.281250e+04 1.875000e+03 1.022069e-14 
4.312500e+04 2.187500e+03 9.123927e-15 
4.375000e+04 2.500000e+03 8.497909e-15 
4.406250e+04 2.812500e+03 7.744463e-15 
4.437500e+04 3.125000e+03 7.391076e-15 
4.468750e+04 3.437500e+03 6.876156e-15 
4.500000e+04 3.750000e+03 6.622692e-15 
4.531250e+04 4.062500e+03 6.245511e-15 
4.562500e+04 4.375000e+03 6.054675e-15 
4.625000e+04 4.687500e+03 5.780085e-15 
4.625000e+04 5.000000e+03 5.637234e-15 
4.687500e+04 5.312500e+03 5.446754e-15 
4.687500e+04 5.625000e+03 5.350518e-15 
4.750000e+04 5.937500e+03 5.203958e-15 
4.750000e+04 6.250000e+03 5.142618e-15 
4.781250e+04 6.562500e+03 5.021478e-15 
4.812500e+04 6.875000e+03 4.980592e-15 
4.843750e+04 7.187500e+03 4.879361e-15 
4.875000e+04 7.500000e+03 4.845002e-15 
4.875000e+04 7.812500e+03 4.756555e-15 
4.937500e+04 8.125000e+03 4.701986e-15 
4.937500e+04 8.437500e+03 4.628472e-15 
4.968750e+04 8.750000e+03 4.558492e-15 
5.000000e+04 9.062500e+03 4.511904e-15 
5.062500e+04 9.375000e+03 4.486287e-15 
5.062500e+04 9.687500e+03 4.491781e-15 
5.125000e+04 1.000000e+04 4.528292e-15 
