4.031250e+04 0.000000e+00 9.853078e-14 
4.031250e+04 3.125000e+02 3.989334e-14 
4.062500e+04 6.250000e+02 3.557063e-14 
4.125000e+04 9.375000e+02 2.329835e-14 
4.156250e+04 1.250000e+03 1.968760e-14 
4.187500e+04 1.562500e+03 1.646558e-14 
4.187500e+04 1.875000e+03 1.440075e-14 
4.250000e+04 2.187500e+03 1.281427e-14 
4.250000e+04 2.500000e+03 1.168481e-14 
4.312500e+04 2.812500e+03 1.065912e-14 
4.312500e+04 3.125000e+03 9.996307e-15 
4.375000e+04 3.437500e+03 9.262709e-15 
4.375000e+04 3.750000e+03 8.852379e-15 
4.437500e+04 4.062500e+03 8.282926e-15 
4.437500e+04 4.375000e+03 8.027426e-15 
4.468750e+04 4.687500e+03 7.593315e-15 
4.500000e+04 5.000000e+03 7.416450e-15 
4.531250e+04 5.312500e+03 7.099210e-15 
4.562500e+04 5.625000e+03 6.985640e-15 
4.562500e+04 5.937500e+03 6.752094e-15 
4.625000e+04 6.250000e+03 6.666715e-15 
4.625000e+04 6.562500e+03 6.504653e-15 
4.687500e+04 6.875000e+03 6.385096e-15 
4.687500e+04 7.187500e+03 6.268280e-15 
4.718750e+04 7.500000e+03 6.130239e-15 
4.750000e+04 7.812500e+03 6.011972e-15 
4.750000e+04 8.125000e+03 5.878508e-15 
4.812500e+04 8.437500e+03 5.793982e-15 
4.843750e+04 8.750000e+03 5.743647e-15 
4.875000e+04 9.062500e+03 5.767372e-15 
4.906250e+04 9.375000e+03 5.809991e-15 
4.937500e+04 9.687500e+03 5.885602e-15 
4.937500e+04 1.000000e+04 5.955615e-15 
