4.041667e+04 0.000000e+00 7.980786e-14 
4.083333e+04 4.166667e+02 2.908904e-14 
4.083333e+04 8.333333e+02 1.939302e-14 
4.166667e+04 1.250000e+03 1.331546e-14 
4.250000e+04 1.666667e+03 1.184416e-14 
4.333333e+04 2.083333e+03 9.511257e-15 
4.333333e+04 2.500000e+03 8.699383e-15 
4.416667e+04 2.916667e+03 7.807072e-15 
4.458333e+04 3.333333e+03 7.216271e-15 
4.500000e+04 3.750000e+03 6.713682e-15 
4.541667e+04 4.166667e+03 6.302683e-15 
4.583333e+04 4.583333e+03 5.971100e-15 
4.625000e+04 5.000000e+03 5.687750e-15 
4.666667e+04 5.416667e+03 5.484982e-15 
4.708333e+04 5.833333e+03 5.302397e-15 
4.750000e+04 6.250000e+03 5.172043e-15 
4.791667e+04 6.666667e+03 5.039569e-15 
4.833333e+04 7.083333e+03 4.944311e-15 
4.875000e+04 7.500000e+03 4.833828e-15 
4.916667e+04 7.916667e+03 4.736999e-15 
4.916667e+04 8.333333e+03 4.650938e-15 
5.000000e+04 8.750000e+03 4.518164e-15 
5.000000e+04 9.166667e+03 4.468058e-15 
5.083333e+04 9.583333e+03 4.441450e-15 
5.083333e+04 1.000000e+04 4.491923e-15 
