4.031250e+04 0.000000e+00 1.084993e-13 
4.062500e+04 3.125000e+02 3.829776e-14 
4.062500e+04 6.250000e+02 2.345861e-14 
4.156250e+04 9.375000e+02 1.551818e-14 
4.187500e+04 1.250000e+03 1.379315e-14 
4.250000e+04 1.562500e+03 1.126754e-14 
4.281250e+04 1.875000e+03 1.013575e-14 
4.312500e+04 2.187500e+03 9.057313e-15 
4.375000e+04 2.500000e+03 8.421698e-15 
4.406250e+04 2.812500e+03 7.680694e-15 
4.437500e+04 3.125000e+03 7.330245e-15 
4.468750e+04 3.437500e+03 6.821029e-15 
4.500000e+04 3.750000e+03 6.567699e-15 
4.531250e+04 4.062500e+03 6.193914e-15 
4.562500e+04 4.375000e+03 6.001912e-15 
4.625000e+04 4.687500e+03 5.727695e-15 
4.625000e+04 5.000000e+03 5.584045e-15 
4.687500e+04 5.312500e+03 5.393847e-15 
4.687500e+04 5.625000e+03 5.294964e-15 
4.750000e+04 5.937500e+03 5.149494e-15 
4.750000e+04 6.250000e+03 5.084102e-15 
4.781250e+04 6.562500e+03 4.962773e-15 
4.812500e+04 6.875000e+03 4.918214e-15 
4.843750e+04 7.187500e+03 4.815683e-15 
4.875000e+04 7.500000e+03 4.776628e-15 
4.875000e+04 7.812500e+03 4.684262e-15 
4.937500e+04 8.125000e+03 4.625177e-15 
4.937500e+04 8.437500e+03 4.545892e-15 
5.000000e+04 8.750000e+03 4.471860e-15 
5.000000e+04 9.062500e+03 4.418012e-15 
5.062500e+04 9.375000e+03 4.390346e-15 
5.062500e+04 9.687500e+03 4.390512e-15 
5.125000e+04 1.000000e+04 4.430574e-15 
