4.020833e+04 0.000000e+00 1.955226e-13 
4.041667e+04 2.083333e+02 6.589335e-14 
4.041667e+04 4.166667e+02 3.912367e-14 
4.125000e+04 6.250000e+02 2.557855e-14 
4.145833e+04 8.333333e+02 2.158739e-14 
4.187500e+04 1.041667e+03 1.813672e-14 
4.208333e+04 1.250000e+03 1.646278e-14 
4.250000e+04 1.458333e+03 1.471066e-14 
4.291667e+04 1.666667e+03 1.369933e-14 
4.312500e+04 1.875000e+03 1.255661e-14 
4.333333e+04 2.083333e+03 1.189512e-14 
4.375000e+04 2.291667e+03 1.117436e-14 
4.416667e+04 2.500000e+03 1.067613e-14 
4.437500e+04 2.708333e+03 1.012829e-14 
4.458333e+04 2.916667e+03 9.798717e-15 
4.479167e+04 3.125000e+03 9.358267e-15 
4.500000e+04 3.333333e+03 9.085622e-15 
4.541667e+04 3.541667e+03 8.773701e-15 
4.562500e+04 3.750000e+03 8.541659e-15 
4.583333e+04 3.958333e+03 8.283777e-15 
4.625000e+04 4.166667e+03 8.102113e-15 
4.645833e+04 4.375000e+03 7.878032e-15 
4.666667e+04 4.583333e+03 7.744134e-15 
4.687500e+04 4.791667e+03 7.554730e-15 
4.708333e+04 5.000000e+03 7.443382e-15 
4.750000e+04 5.208333e+03 7.291140e-15 
4.770833e+04 5.416667e+03 7.190916e-15 
4.791667e+04 5.625000e+03 7.075914e-15 
4.812500e+04 5.833333e+03 6.991958e-15 
4.833333e+04 6.041667e+03 6.896915e-15 
4.854167e+04 6.250000e+03 6.830214e-15 
4.875000e+04 6.458333e+03 6.755443e-15 
4.916667e+04 6.666667e+03 6.715441e-15 
4.937500e+04 6.875000e+03 6.650027e-15 
4.958333e+04 7.083333e+03 6.628143e-15 
4.979167e+04 7.291667e+03 6.566198e-15 
5.000000e+04 7.500000e+03 6.539524e-15 
5.000000e+04 7.708333e+03 6.466819e-15 
5.041667e+04 7.916667e+03 6.417336e-15 
5.041667e+04 8.125000e+03 6.329041e-15 
5.083333e+04 8.333333e+03 6.255665e-15 
5.083333e+04 8.541667e+03 6.157131e-15 
5.125000e+04 8.750000e+03 6.097612e-15 
5.166667e+04 8.958333e+03 6.027950e-15 
5.187500e+04 9.166667e+03 6.011980e-15 
5.208333e+04 9.375000e+03 6.010007e-15 
5.250000e+04 9.583333e+03 6.044234e-15 
5.270833e+04 9.791667e+03 6.090357e-15 
5.291667e+04 1.000000e+04 6.173712e-15 
