4.020833e+04 0.000000e+00 1.945907e-13 
4.041667e+04 2.083333e+02 6.709127e-14 
4.041667e+04 4.166667e+02 3.931276e-14 
4.125000e+04 6.250000e+02 2.696949e-14 
4.145833e+04 8.333333e+02 2.296927e-14 
4.187500e+04 1.041667e+03 1.904941e-14 
4.208333e+04 1.250000e+03 1.739949e-14 
4.250000e+04 1.458333e+03 1.540650e-14 
4.270833e+04 1.666667e+03 1.429365e-14 
4.312500e+04 1.875000e+03 1.311035e-14 
4.333333e+04 2.083333e+03 1.245973e-14 
4.375000e+04 2.291667e+03 1.162839e-14 
4.395833e+04 2.500000e+03 1.113036e-14 
4.416667e+04 2.708333e+03 1.056597e-14 
4.458333e+04 2.916667e+03 1.018140e-14 
4.479167e+04 3.125000e+03 9.730447e-15 
4.500000e+04 3.333333e+03 9.460950e-15 
4.520833e+04 3.541667e+03 9.091891e-15 
4.541667e+04 3.750000e+03 8.866899e-15 
4.583333e+04 3.958333e+03 8.595224e-15 
4.604167e+04 4.166667e+03 8.398031e-15 
4.625000e+04 4.375000e+03 8.177244e-15 
4.666667e+04 4.583333e+03 8.011215e-15 
4.666667e+04 4.791667e+03 7.824979e-15 
4.708333e+04 5.000000e+03 7.706985e-15 
4.729167e+04 5.208333e+03 7.541676e-15 
4.750000e+04 5.416667e+03 7.449430e-15 
4.770833e+04 5.625000e+03 7.307717e-15 
4.791667e+04 5.833333e+03 7.231509e-15 
4.833333e+04 6.041667e+03 7.117288e-15 
4.833333e+04 6.250000e+03 7.051047e-15 
4.875000e+04 6.458333e+03 6.970183e-15 
4.895833e+04 6.666667e+03 6.918238e-15 
4.916667e+04 6.875000e+03 6.855323e-15 
4.937500e+04 7.083333e+03 6.814707e-15 
4.958333e+04 7.291667e+03 6.758318e-15 
4.979167e+04 7.500000e+03 6.716602e-15 
5.000000e+04 7.708333e+03 6.650697e-15 
5.020833e+04 7.916667e+03 6.593194e-15 
5.041667e+04 8.125000e+03 6.508331e-15 
5.062500e+04 8.333333e+03 6.434788e-15 
5.083333e+04 8.541667e+03 6.344809e-15 
5.125000e+04 8.750000e+03 6.282740e-15 
5.145833e+04 8.958333e+03 6.222852e-15 
5.166667e+04 9.166667e+03 6.215842e-15 
5.208333e+04 9.375000e+03 6.212501e-15 
5.229167e+04 9.583333e+03 6.248568e-15 
5.250000e+04 9.791667e+03 6.299124e-15 
5.270833e+04 1.000000e+04 6.369944e-15 
