4.062500e+04 0.000000e+00 6.250703e-14 
4.062500e+04 6.250000e+02 3.076958e-14 
4.187500e+04 1.250000e+03 2.982191e-14 
4.250000e+04 1.875000e+03 2.540689e-14 
4.375000e+04 2.500000e+03 2.524236e-14 
4.437500e+04 3.125000e+03 2.116679e-14 
4.500000e+04 3.750000e+03 2.385238e-14 
4.625000e+04 4.375000e+03 1.944618e-14 
4.687500e+04 5.000000e+03 2.135680e-14 
4.750000e+04 5.625000e+03 1.973923e-14 
4.812500e+04 6.250000e+03 2.024547e-14 
4.937500e+04 6.875000e+03 1.813458e-14 
5.000000e+04 7.500000e+03 2.061936e-14 
5.062500e+04 8.125000e+03 1.815692e-14 
5.125000e+04 8.750000e+03 1.956588e-14 
5.250000e+04 9.375000e+03 1.801277e-14 
5.312500e+04 1.000000e+04 1.940322e-14 
