4.031250e+04 0.000000e+00 1.283133e-13 
4.062500e+04 3.125000e+02 4.682302e-14 
4.125000e+04 6.250000e+02 3.020133e-14 
4.156250e+04 9.375000e+02 2.075209e-14 
4.187500e+04 1.250000e+03 1.845761e-14 
4.250000e+04 1.562500e+03 1.521573e-14 
4.312500e+04 1.875000e+03 1.394850e-14 
4.343750e+04 2.187500e+03 1.227784e-14 
4.375000e+04 2.500000e+03 1.159311e-14 
4.437500e+04 2.812500e+03 1.060106e-14 
4.468750e+04 3.125000e+03 1.009043e-14 
4.500000e+04 3.437500e+03 9.477149e-15 
4.562500e+04 3.750000e+03 9.099996e-15 
4.562500e+04 4.062500e+03 8.627392e-15 
4.625000e+04 4.375000e+03 8.410295e-15 
4.656250e+04 4.687500e+03 8.039098e-15 
4.687500e+04 5.000000e+03 7.875938e-15 
4.750000e+04 5.312500e+03 7.593958e-15 
4.750000e+04 5.625000e+03 7.464595e-15 
4.812500e+04 5.937500e+03 7.276359e-15 
4.843750e+04 6.250000e+03 7.171033e-15 
4.875000e+04 6.562500e+03 7.039646e-15 
4.906250e+04 6.875000e+03 6.969505e-15 
4.937500e+04 7.187500e+03 6.870349e-15 
4.968750e+04 7.500000e+03 6.811332e-15 
5.000000e+04 7.812500e+03 6.696882e-15 
5.031250e+04 8.125000e+03 6.600841e-15 
5.062500e+04 8.437500e+03 6.449964e-15 
5.125000e+04 8.750000e+03 6.352498e-15 
5.156250e+04 9.062500e+03 6.260713e-15 
5.187500e+04 9.375000e+03 6.291155e-15 
5.250000e+04 9.687500e+03 6.326296e-15 
5.250000e+04 1.000000e+04 6.438491e-15 
