4.062500e+04 0.000000e+00 4.788804e-14 
4.062500e+04 6.250000e+02 2.423051e-14 
4.125000e+04 1.250000e+03 2.262665e-14 
4.250000e+04 1.875000e+03 1.810387e-14 
4.312500e+04 2.500000e+03 1.696495e-14 
4.375000e+04 3.125000e+03 1.628717e-14 
4.437500e+04 3.750000e+03 1.574222e-14 
4.500000e+04 4.375000e+03 1.522949e-14 
4.562500e+04 5.000000e+03 1.489637e-14 
4.625000e+04 5.625000e+03 1.457962e-14 
4.687500e+04 6.250000e+03 1.432971e-14 
4.750000e+04 6.875000e+03 1.413887e-14 
4.812500e+04 7.500000e+03 1.392205e-14 
4.875000e+04 8.125000e+03 1.385607e-14 
4.937500e+04 8.750000e+03 1.378764e-14 
5.000000e+04 9.375000e+03 1.376458e-14 
5.000000e+04 1.000000e+04 1.409172e-14 
