4.025000e+04 0.000000e+00 1.371690e-13 
4.050000e+04 2.500000e+02 4.718245e-14 
4.050000e+04 5.000000e+02 2.933617e-14 
4.150000e+04 7.500000e+02 1.774914e-14 
4.150000e+04 1.000000e+03 1.543593e-14 
4.200000e+04 1.250000e+03 1.286170e-14 
4.250000e+04 1.500000e+03 1.156560e-14 
4.275000e+04 1.750000e+03 1.021694e-14 
4.300000e+04 2.000000e+03 9.548310e-15 
4.350000e+04 2.250000e+03 8.722916e-15 
4.350000e+04 2.500000e+03 8.214223e-15 
4.400000e+04 2.750000e+03 7.736849e-15 
4.425000e+04 3.000000e+03 7.352840e-15 
4.450000e+04 3.250000e+03 7.011122e-15 
4.500000e+04 3.500000e+03 6.719477e-15 
4.500000e+04 3.750000e+03 6.459121e-15 
4.550000e+04 4.000000e+03 6.237382e-15 
4.550000e+04 4.250000e+03 6.021042e-15 
4.600000e+04 4.500000e+03 5.848129e-15 
4.600000e+04 4.750000e+03 5.672748e-15 
4.650000e+04 5.000000e+03 5.546107e-15 
4.650000e+04 5.250000e+03 5.410460e-15 
4.700000e+04 5.500000e+03 5.319216e-15 
4.700000e+04 5.750000e+03 5.216298e-15 
4.750000e+04 6.000000e+03 5.141398e-15 
4.750000e+04 6.250000e+03 5.063340e-15 
4.800000e+04 6.500000e+03 4.994762e-15 
4.800000e+04 6.750000e+03 4.937615e-15 
4.825000e+04 7.000000e+03 4.878668e-15 
4.850000e+04 7.250000e+03 4.831240e-15 
4.875000e+04 7.500000e+03 4.776919e-15 
4.900000e+04 7.750000e+03 4.728514e-15 
4.900000e+04 8.000000e+03 4.683975e-15 
4.950000e+04 8.250000e+03 4.615786e-15 
4.950000e+04 8.500000e+03 4.579274e-15 
4.975000e+04 8.750000e+03 4.512774e-15 
5.000000e+04 9.000000e+03 4.487055e-15 
5.025000e+04 9.250000e+03 4.445334e-15 
5.050000e+04 9.500000e+03 4.449849e-15 
5.100000e+04 9.750000e+03 4.451170e-15 
5.100000e+04 1.000000e+04 4.490021e-15 
