4.020833e+04 0.000000e+00 1.949479e-13 
4.041667e+04 2.083333e+02 6.511982e-14 
4.041667e+04 4.166667e+02 4.177610e-14 
4.125000e+04 6.250000e+02 2.552346e-14 
4.166667e+04 8.333333e+02 2.167549e-14 
4.187500e+04 1.041667e+03 1.811344e-14 
4.229167e+04 1.250000e+03 1.643839e-14 
4.250000e+04 1.458333e+03 1.466411e-14 
4.291667e+04 1.666667e+03 1.366158e-14 
4.312500e+04 1.875000e+03 1.251001e-14 
4.354167e+04 2.083333e+03 1.185332e-14 
4.375000e+04 2.291667e+03 1.113188e-14 
4.416667e+04 2.500000e+03 1.063987e-14 
4.437500e+04 2.708333e+03 1.009130e-14 
4.458333e+04 2.916667e+03 9.760198e-15 
4.500000e+04 3.125000e+03 9.324205e-15 
4.520833e+04 3.333333e+03 9.051694e-15 
4.541667e+04 3.541667e+03 8.741328e-15 
4.562500e+04 3.750000e+03 8.508911e-15 
4.583333e+04 3.958333e+03 8.251548e-15 
4.625000e+04 4.166667e+03 8.074121e-15 
4.645833e+04 4.375000e+03 7.850391e-15 
4.666667e+04 4.583333e+03 7.716209e-15 
4.687500e+04 4.791667e+03 7.527255e-15 
4.708333e+04 5.000000e+03 7.415729e-15 
4.750000e+04 5.208333e+03 7.267144e-15 
4.770833e+04 5.416667e+03 7.166724e-15 
4.791667e+04 5.625000e+03 7.051924e-15 
4.812500e+04 5.833333e+03 6.967817e-15 
4.833333e+04 6.041667e+03 6.872954e-15 
4.875000e+04 6.250000e+03 6.806367e-15 
4.875000e+04 6.458333e+03 6.731489e-15 
4.916667e+04 6.666667e+03 6.693769e-15 
4.937500e+04 6.875000e+03 6.628469e-15 
4.958333e+04 7.083333e+03 6.606382e-15 
4.979167e+04 7.291667e+03 6.544698e-15 
5.000000e+04 7.500000e+03 6.517926e-15 
5.000000e+04 7.708333e+03 6.443416e-15 
5.041667e+04 7.916667e+03 6.396151e-15 
5.041667e+04 8.125000e+03 6.306163e-15 
5.083333e+04 8.333333e+03 6.234572e-15 
5.083333e+04 8.541667e+03 6.134232e-15 
5.125000e+04 8.750000e+03 6.075459e-15 
5.166667e+04 8.958333e+03 6.006454e-15 
5.187500e+04 9.166667e+03 5.988700e-15 
5.208333e+04 9.375000e+03 5.986303e-15 
5.250000e+04 9.583333e+03 6.020916e-15 
5.270833e+04 9.791667e+03 6.066041e-15 
5.291667e+04 1.000000e+04 6.151568e-15 
