4.031250e+04 0.000000e+00 1.006736e-13 
4.031250e+04 3.125000e+02 3.696047e-14 
4.062500e+04 6.250000e+02 2.934645e-14 
4.125000e+04 9.375000e+02 1.900817e-14 
4.125000e+04 1.250000e+03 1.609341e-14 
4.187500e+04 1.562500e+03 1.336230e-14 
4.187500e+04 1.875000e+03 1.196560e-14 
4.250000e+04 2.187500e+03 1.049825e-14 
4.250000e+04 2.500000e+03 9.730108e-15 
4.312500e+04 2.812500e+03 8.850659e-15 
4.312500e+04 3.125000e+03 8.373689e-15 
4.343750e+04 3.437500e+03 7.772553e-15 
4.375000e+04 3.750000e+03 7.452135e-15 
4.406250e+04 4.062500e+03 7.018724e-15 
4.437500e+04 4.375000e+03 6.780793e-15 
4.468750e+04 4.687500e+03 6.455548e-15 
4.500000e+04 5.000000e+03 6.280925e-15 
4.531250e+04 5.312500e+03 6.044054e-15 
4.562500e+04 5.625000e+03 5.927354e-15 
4.562500e+04 5.937500e+03 5.763825e-15 
4.625000e+04 6.250000e+03 5.661457e-15 
4.625000e+04 6.562500e+03 5.541721e-15 
4.656250e+04 6.875000e+03 5.423673e-15 
4.687500e+04 7.187500e+03 5.323442e-15 
4.687500e+04 7.500000e+03 5.202506e-15 
4.750000e+04 7.812500e+03 5.098521e-15 
4.750000e+04 8.125000e+03 5.002641e-15 
4.812500e+04 8.437500e+03 4.937186e-15 
4.843750e+04 8.750000e+03 4.908940e-15 
4.875000e+04 9.062500e+03 4.934721e-15 
4.906250e+04 9.375000e+03 4.973847e-15 
4.937500e+04 9.687500e+03 5.039381e-15 
4.937500e+04 1.000000e+04 5.103437e-15 
