4.025000e+04 0.000000e+00 1.253080e-13 
4.025000e+04 2.500000e+02 4.835267e-14 
4.075000e+04 5.000000e+02 3.977184e-14 
4.100000e+04 7.500000e+02 2.653878e-14 
4.125000e+04 1.000000e+03 2.235183e-14 
4.150000e+04 1.250000e+03 1.876106e-14 
4.175000e+04 1.500000e+03 1.632097e-14 
4.200000e+04 1.750000e+03 1.453030e-14 
4.225000e+04 2.000000e+03 1.312714e-14 
4.250000e+04 2.250000e+03 1.206790e-14 
4.275000e+04 2.500000e+03 1.116522e-14 
4.300000e+04 2.750000e+03 1.046993e-14 
4.300000e+04 3.000000e+03 9.864293e-15 
4.350000e+04 3.250000e+03 9.341743e-15 
4.350000e+04 3.500000e+03 8.926046e-15 
4.400000e+04 3.750000e+03 8.501492e-15 
4.400000e+04 4.000000e+03 8.210218e-15 
4.450000e+04 4.250000e+03 7.850530e-15 
4.450000e+04 4.500000e+03 7.645783e-15 
4.475000e+04 4.750000e+03 7.349777e-15 
4.500000e+04 5.000000e+03 7.201110e-15 
4.525000e+04 5.250000e+03 6.972021e-15 
4.550000e+04 5.500000e+03 6.866038e-15 
4.575000e+04 5.750000e+03 6.688323e-15 
4.600000e+04 6.000000e+03 6.609566e-15 
4.600000e+04 6.250000e+03 6.476293e-15 
4.650000e+04 6.500000e+03 6.387412e-15 
4.650000e+04 6.750000e+03 6.286780e-15 
4.675000e+04 7.000000e+03 6.183541e-15 
4.700000e+04 7.250000e+03 6.096293e-15 
4.700000e+04 7.500000e+03 5.989284e-15 
4.750000e+04 7.750000e+03 5.893326e-15 
4.750000e+04 8.000000e+03 5.805161e-15 
4.800000e+04 8.250000e+03 5.710283e-15 
4.800000e+04 8.500000e+03 5.654533e-15 
4.850000e+04 8.750000e+03 5.629794e-15 
4.875000e+04 9.000000e+03 5.633742e-15 
4.900000e+04 9.250000e+03 5.672894e-15 
4.900000e+04 9.500000e+03 5.713524e-15 
4.950000e+04 9.750000e+03 5.767515e-15 
4.950000e+04 1.000000e+04 5.834999e-15 
