4.041667e+04 0.000000e+00 9.550358e-14 
4.083333e+04 4.166667e+02 3.650777e-14 
4.166667e+04 8.333333e+02 2.491032e-14 
4.208333e+04 1.250000e+03 1.750543e-14 
4.250000e+04 1.666667e+03 1.602200e-14 
4.333333e+04 2.083333e+03 1.294874e-14 
4.375000e+04 2.500000e+03 1.195673e-14 
4.416667e+04 2.916667e+03 1.061795e-14 
4.500000e+04 3.333333e+03 1.005406e-14 
4.541667e+04 3.750000e+03 9.157411e-15 
4.583333e+04 4.166667e+03 8.860859e-15 
4.625000e+04 4.583333e+03 8.235777e-15 
4.666667e+04 5.000000e+03 8.026595e-15 
4.750000e+04 5.416667e+03 7.662239e-15 
4.791667e+04 5.833333e+03 7.486989e-15 
4.833333e+04 6.250000e+03 7.252115e-15 
4.875000e+04 6.666667e+03 7.140059e-15 
4.916667e+04 7.083333e+03 6.980964e-15 
4.958333e+04 7.500000e+03 6.906584e-15 
5.000000e+04 7.916667e+03 6.733926e-15 
5.041667e+04 8.333333e+03 6.595797e-15 
5.083333e+04 8.750000e+03 6.381047e-15 
5.166667e+04 9.166667e+03 6.360694e-15 
5.208333e+04 9.583333e+03 6.353303e-15 
5.250000e+04 1.000000e+04 6.521581e-15 
