4.031250e+04 0.000000e+00 1.287737e-13 
4.062500e+04 3.125000e+02 4.538234e-14 
4.062500e+04 6.250000e+02 2.896887e-14 
4.156250e+04 9.375000e+02 1.987847e-14 
4.218750e+04 1.250000e+03 1.742408e-14 
4.250000e+04 1.562500e+03 1.450435e-14 
4.312500e+04 1.875000e+03 1.338442e-14 
4.343750e+04 2.187500e+03 1.174726e-14 
4.406250e+04 2.500000e+03 1.104970e-14 
4.437500e+04 2.812500e+03 1.019788e-14 
4.468750e+04 3.125000e+03 9.672234e-15 
4.500000e+04 3.437500e+03 9.075815e-15 
4.562500e+04 3.750000e+03 8.778385e-15 
4.593750e+04 4.062500e+03 8.311640e-15 
4.625000e+04 4.375000e+03 8.090632e-15 
4.687500e+04 4.687500e+03 7.753637e-15 
4.718750e+04 5.000000e+03 7.571876e-15 
4.750000e+04 5.312500e+03 7.349408e-15 
4.781250e+04 5.625000e+03 7.206676e-15 
4.812500e+04 5.937500e+03 7.035215e-15 
4.843750e+04 6.250000e+03 6.930367e-15 
4.875000e+04 6.562500e+03 6.807619e-15 
4.937500e+04 6.875000e+03 6.765540e-15 
4.937500e+04 7.187500e+03 6.654993e-15 
5.000000e+04 7.500000e+03 6.627251e-15 
5.000000e+04 7.812500e+03 6.500643e-15 
5.062500e+04 8.125000e+03 6.414594e-15 
5.062500e+04 8.437500e+03 6.254355e-15 
5.125000e+04 8.750000e+03 6.162681e-15 
5.156250e+04 9.062500e+03 6.054883e-15 
5.218750e+04 9.375000e+03 6.067590e-15 
5.250000e+04 9.687500e+03 6.122363e-15 
5.281250e+04 1.000000e+04 6.227338e-15 
