4.031250e+04 0.000000e+00 1.289862e-13 
4.062500e+04 3.125000e+02 4.578473e-14 
4.125000e+04 6.250000e+02 2.839482e-14 
4.187500e+04 9.375000e+02 1.948495e-14 
4.218750e+04 1.250000e+03 1.706298e-14 
4.250000e+04 1.562500e+03 1.426932e-14 
4.312500e+04 1.875000e+03 1.317044e-14 
4.343750e+04 2.187500e+03 1.158396e-14 
4.406250e+04 2.500000e+03 1.088384e-14 
4.437500e+04 2.812500e+03 1.005413e-14 
4.468750e+04 3.125000e+03 9.534897e-15 
4.500000e+04 3.437500e+03 8.949945e-15 
4.562500e+04 3.750000e+03 8.650689e-15 
4.593750e+04 4.062500e+03 8.193045e-15 
4.625000e+04 4.375000e+03 7.969478e-15 
4.687500e+04 4.687500e+03 7.640597e-15 
4.718750e+04 5.000000e+03 7.457301e-15 
4.750000e+04 5.312500e+03 7.235927e-15 
4.781250e+04 5.625000e+03 7.091356e-15 
4.812500e+04 5.937500e+03 6.920048e-15 
4.875000e+04 6.250000e+03 6.817922e-15 
4.875000e+04 6.562500e+03 6.688454e-15 
4.937500e+04 6.875000e+03 6.646484e-15 
4.968750e+04 7.187500e+03 6.532233e-15 
5.000000e+04 7.500000e+03 6.497901e-15 
5.000000e+04 7.812500e+03 6.362665e-15 
5.062500e+04 8.125000e+03 6.274275e-15 
5.062500e+04 8.437500e+03 6.105694e-15 
5.125000e+04 8.750000e+03 6.010023e-15 
5.187500e+04 9.062500e+03 5.897985e-15 
5.218750e+04 9.375000e+03 5.903821e-15 
5.250000e+04 9.687500e+03 5.954613e-15 
5.281250e+04 1.000000e+04 6.056505e-15 
