4.041667e+04 0.000000e+00 7.360354e-14 
4.041667e+04 4.166667e+02 3.103801e-14 
4.083333e+04 8.333333e+02 2.632181e-14 
4.166667e+04 1.250000e+03 1.796695e-14 
4.166667e+04 1.666667e+03 1.528483e-14 
4.250000e+04 2.083333e+03 1.298410e-14 
4.250000e+04 2.500000e+03 1.167354e-14 
4.333333e+04 2.916667e+03 1.022591e-14 
4.333333e+04 3.333333e+03 9.560642e-15 
4.416667e+04 3.750000e+03 8.580892e-15 
4.416667e+04 4.166667e+03 8.250173e-15 
4.458333e+04 4.583333e+03 7.584117e-15 
4.500000e+04 5.000000e+03 7.380224e-15 
4.541667e+04 5.416667e+03 6.938575e-15 
4.583333e+04 5.833333e+03 6.829982e-15 
4.583333e+04 6.250000e+03 6.532678e-15 
4.666667e+04 6.666667e+03 6.430503e-15 
4.666667e+04 7.083333e+03 6.236807e-15 
4.708333e+04 7.500000e+03 6.055530e-15 
4.750000e+04 7.916667e+03 5.912092e-15 
4.791667e+04 8.333333e+03 5.742664e-15 
4.833333e+04 8.750000e+03 5.690173e-15 
4.875000e+04 9.166667e+03 5.701669e-15 
4.916667e+04 9.583333e+03 5.802429e-15 
4.958333e+04 1.000000e+04 5.877375e-15 
