4.015625e+04 0.000000e+00 2.619885e-13 
4.031250e+04 1.562500e+02 8.425740e-14 
4.031250e+04 3.125000e+02 5.521554e-14 
4.093750e+04 4.687500e+02 2.909802e-14 
4.093750e+04 6.250000e+02 2.385769e-14 
4.125000e+04 7.812500e+02 1.990508e-14 
4.156250e+04 9.375000e+02 1.758059e-14 
4.171875e+04 1.093750e+03 1.561646e-14 
4.187500e+04 1.250000e+03 1.437778e-14 
4.218750e+04 1.406250e+03 1.327015e-14 
4.250000e+04 1.562500e+03 1.243470e-14 
4.250000e+04 1.718750e+03 1.166916e-14 
4.281250e+04 1.875000e+03 1.111626e-14 
4.296875e+04 2.031250e+03 1.054016e-14 
4.312500e+04 2.187500e+03 1.011516e-14 
4.343750e+04 2.343750e+03 9.687711e-15 
4.359375e+04 2.500000e+03 9.341622e-15 
4.375000e+04 2.656250e+03 9.009916e-15 
4.390625e+04 2.812500e+03 8.724823e-15 
4.406250e+04 2.968750e+03 8.452301e-15 
4.437500e+04 3.125000e+03 8.219860e-15 
4.437500e+04 3.281250e+03 7.985715e-15 
4.468750e+04 3.437500e+03 7.796841e-15 
4.484375e+04 3.593750e+03 7.593482e-15 
4.500000e+04 3.750000e+03 7.434508e-15 
4.515625e+04 3.906250e+03 7.259358e-15 
4.531250e+04 4.062500e+03 7.122268e-15 
4.546875e+04 4.218750e+03 6.970965e-15 
4.562500e+04 4.375000e+03 6.852938e-15 
4.593750e+04 4.531250e+03 6.724009e-15 
4.593750e+04 4.687500e+03 6.621627e-15 
4.625000e+04 4.843750e+03 6.515069e-15 
4.625000e+04 5.000000e+03 6.424601e-15 
4.656250e+04 5.156250e+03 6.337502e-15 
4.671875e+04 5.312500e+03 6.260562e-15 
4.687500e+04 5.468750e+03 6.186794e-15 
4.703125e+04 5.625000e+03 6.120875e-15 
4.718750e+04 5.781250e+03 6.056617e-15 
4.734375e+04 5.937500e+03 5.997794e-15 
4.750000e+04 6.093750e+03 5.938400e-15 
4.750000e+04 6.250000e+03 5.883048e-15 
4.781250e+04 6.406250e+03 5.821890e-15 
4.781250e+04 6.562500e+03 5.769559e-15 
4.796875e+04 6.718750e+03 5.702320e-15 
4.812500e+04 6.875000e+03 5.645028e-15 
4.812500e+04 7.031250e+03 5.573493e-15 
4.828125e+04 7.187500e+03 5.505420e-15 
4.843750e+04 7.343750e+03 5.431271e-15 
4.859375e+04 7.500000e+03 5.355199e-15 
4.875000e+04 7.656250e+03 5.275373e-15 
4.875000e+04 7.812500e+03 5.198549e-15 
4.906250e+04 7.968750e+03 5.118883e-15 
4.921875e+04 8.125000e+03 5.046634e-15 
4.937500e+04 8.281250e+03 4.980455e-15 
4.968750e+04 8.437500e+03 4.929862e-15 
5.000000e+04 8.593750e+03 4.889889e-15 
5.031250e+04 8.750000e+03 4.869037e-15 
5.046875e+04 8.906250e+03 4.861802e-15 
5.062500e+04 9.062500e+03 4.871505e-15 
5.093750e+04 9.218750e+03 4.892348e-15 
5.109375e+04 9.375000e+03 4.922774e-15 
5.125000e+04 9.531250e+03 4.964883e-15 
5.140625e+04 9.687500e+03 5.013138e-15 
5.156250e+04 9.843750e+03 5.077125e-15 
5.156250e+04 1.000000e+04 5.146110e-15 
