4.031250e+04 0.000000e+00 9.985895e-14 
4.031250e+04 3.125000e+02 3.649789e-14 
4.062500e+04 6.250000e+02 3.087821e-14 
4.125000e+04 9.375000e+02 1.899638e-14 
4.125000e+04 1.250000e+03 1.625038e-14 
4.187500e+04 1.562500e+03 1.334273e-14 
4.187500e+04 1.875000e+03 1.199153e-14 
4.250000e+04 2.187500e+03 1.050454e-14 
4.250000e+04 2.500000e+03 9.753077e-15 
4.312500e+04 2.812500e+03 8.859031e-15 
4.312500e+04 3.125000e+03 8.388738e-15 
4.343750e+04 3.437500e+03 7.783691e-15 
4.375000e+04 3.750000e+03 7.461783e-15 
4.406250e+04 4.062500e+03 7.026260e-15 
4.437500e+04 4.375000e+03 6.786896e-15 
4.468750e+04 4.687500e+03 6.460654e-15 
4.500000e+04 5.000000e+03 6.284947e-15 
4.531250e+04 5.312500e+03 6.047489e-15 
4.562500e+04 5.625000e+03 5.930242e-15 
4.562500e+04 5.937500e+03 5.766840e-15 
4.625000e+04 6.250000e+03 5.663926e-15 
4.625000e+04 6.562500e+03 5.544243e-15 
4.656250e+04 6.875000e+03 5.426102e-15 
4.687500e+04 7.187500e+03 5.325420e-15 
4.687500e+04 7.500000e+03 5.204591e-15 
4.750000e+04 7.812500e+03 5.099949e-15 
4.750000e+04 8.125000e+03 5.004293e-15 
4.812500e+04 8.437500e+03 4.938399e-15 
4.843750e+04 8.750000e+03 4.910129e-15 
4.875000e+04 9.062500e+03 4.935873e-15 
4.906250e+04 9.375000e+03 4.974974e-15 
4.937500e+04 9.687500e+03 5.041279e-15 
4.937500e+04 1.000000e+04 5.106476e-15 
