4.041667e+04 0.000000e+00 9.550443e-14 
4.083333e+04 4.166667e+02 3.650551e-14 
4.166667e+04 8.333333e+02 2.490625e-14 
4.208333e+04 1.250000e+03 1.750235e-14 
4.250000e+04 1.666667e+03 1.601877e-14 
4.333333e+04 2.083333e+03 1.294638e-14 
4.375000e+04 2.500000e+03 1.195439e-14 
4.416667e+04 2.916667e+03 1.061593e-14 
4.500000e+04 3.333333e+03 1.005214e-14 
4.541667e+04 3.750000e+03 9.155727e-15 
4.583333e+04 4.166667e+03 8.859086e-15 
4.625000e+04 4.583333e+03 8.234162e-15 
4.666667e+04 5.000000e+03 8.024896e-15 
4.750000e+04 5.416667e+03 7.660746e-15 
4.791667e+04 5.833333e+03 7.485445e-15 
4.833333e+04 6.250000e+03 7.250582e-15 
4.875000e+04 6.666667e+03 7.138461e-15 
4.916667e+04 7.083333e+03 6.979345e-15 
4.958333e+04 7.500000e+03 6.904869e-15 
5.000000e+04 7.916667e+03 6.732165e-15 
5.041667e+04 8.333333e+03 6.593926e-15 
5.083333e+04 8.750000e+03 6.379120e-15 
5.166667e+04 9.166667e+03 6.358624e-15 
5.208333e+04 9.583333e+03 6.351140e-15 
5.250000e+04 1.000000e+04 6.519335e-15 
