4.031250e+04 0.000000e+00 1.078650e-13 
4.062500e+04 3.125000e+02 3.779069e-14 
4.062500e+04 6.250000e+02 2.537569e-14 
4.156250e+04 9.375000e+02 1.591299e-14 
4.187500e+04 1.250000e+03 1.378063e-14 
4.250000e+04 1.562500e+03 1.140946e-14 
4.281250e+04 1.875000e+03 1.021959e-14 
4.312500e+04 2.187500e+03 9.122935e-15 
4.375000e+04 2.500000e+03 8.496915e-15 
4.406250e+04 2.812500e+03 7.743584e-15 
4.437500e+04 3.125000e+03 7.390174e-15 
4.468750e+04 3.437500e+03 6.875329e-15 
4.500000e+04 3.750000e+03 6.621847e-15 
4.531250e+04 4.062500e+03 6.244720e-15 
4.562500e+04 4.375000e+03 6.053869e-15 
4.625000e+04 4.687500e+03 5.779368e-15 
4.625000e+04 5.000000e+03 5.636444e-15 
4.687500e+04 5.312500e+03 5.446041e-15 
4.687500e+04 5.625000e+03 5.349725e-15 
4.750000e+04 5.937500e+03 5.203241e-15 
4.750000e+04 6.250000e+03 5.141818e-15 
4.781250e+04 6.562500e+03 5.020688e-15 
4.812500e+04 6.875000e+03 4.979774e-15 
4.843750e+04 7.187500e+03 4.878544e-15 
4.875000e+04 7.500000e+03 4.844147e-15 
4.875000e+04 7.812500e+03 4.755641e-15 
4.937500e+04 8.125000e+03 4.701073e-15 
4.937500e+04 8.437500e+03 4.627479e-15 
4.968750e+04 8.750000e+03 4.557450e-15 
5.000000e+04 9.062500e+03 4.510802e-15 
5.062500e+04 9.375000e+03 4.485174e-15 
5.062500e+04 9.687500e+03 4.490582e-15 
5.125000e+04 1.000000e+04 4.527176e-15 
