4.031250e+04 0.000000e+00 1.079355e-13 
4.062500e+04 3.125000e+02 3.764237e-14 
4.062500e+04 6.250000e+02 2.509902e-14 
4.156250e+04 9.375000e+02 1.576562e-14 
4.187500e+04 1.250000e+03 1.367101e-14 
4.250000e+04 1.562500e+03 1.129421e-14 
4.281250e+04 1.875000e+03 1.011318e-14 
4.312500e+04 2.187500e+03 9.027733e-15 
4.375000e+04 2.500000e+03 8.401489e-15 
4.406250e+04 2.812500e+03 7.659044e-15 
4.437500e+04 3.125000e+03 7.303479e-15 
4.468750e+04 3.437500e+03 6.795777e-15 
4.500000e+04 3.750000e+03 6.540555e-15 
4.562500e+04 4.062500e+03 6.171188e-15 
4.562500e+04 4.375000e+03 5.976224e-15 
4.625000e+04 4.687500e+03 5.710077e-15 
4.625000e+04 5.000000e+03 5.560404e-15 
4.687500e+04 5.312500e+03 5.377060e-15 
4.687500e+04 5.625000e+03 5.273464e-15 
4.750000e+04 5.937500e+03 5.133890e-15 
4.750000e+04 6.250000e+03 5.064775e-15 
4.781250e+04 6.562500e+03 4.944771e-15 
4.812500e+04 6.875000e+03 4.901067e-15 
4.843750e+04 7.187500e+03 4.800028e-15 
4.875000e+04 7.500000e+03 4.762040e-15 
4.875000e+04 7.812500e+03 4.668230e-15 
4.937500e+04 8.125000e+03 4.613589e-15 
4.937500e+04 8.437500e+03 4.532974e-15 
5.000000e+04 8.750000e+03 4.461829e-15 
5.000000e+04 9.062500e+03 4.406734e-15 
5.062500e+04 9.375000e+03 4.380288e-15 
5.062500e+04 9.687500e+03 4.378300e-15 
5.125000e+04 1.000000e+04 4.422032e-15 
