4.020833e+04 0.000000e+00 1.499195e-13 
4.020833e+04 2.083333e+02 5.674327e-14 
4.041667e+04 4.166667e+02 4.906462e-14 
4.083333e+04 6.250000e+02 3.224989e-14 
4.104167e+04 8.333333e+02 2.694683e-14 
4.125000e+04 1.041667e+03 2.229058e-14 
4.145833e+04 1.250000e+03 1.926455e-14 
4.166667e+04 1.458333e+03 1.707878e-14 
4.187500e+04 1.666667e+03 1.535668e-14 
4.208333e+04 1.875000e+03 1.407352e-14 
4.229167e+04 2.083333e+03 1.297644e-14 
4.250000e+04 2.291667e+03 1.213797e-14 
4.270833e+04 2.500000e+03 1.137409e-14 
4.291667e+04 2.708333e+03 1.077843e-14 
4.312500e+04 2.916667e+03 1.021550e-14 
4.333333e+04 3.125000e+03 9.768125e-15 
4.333333e+04 3.333333e+03 9.338011e-15 
4.375000e+04 3.541667e+03 8.986907e-15 
4.375000e+04 3.750000e+03 8.667902e-15 
4.416667e+04 3.958333e+03 8.363834e-15 
4.416667e+04 4.166667e+03 8.124757e-15 
4.458333e+04 4.375000e+03 7.855047e-15 
4.458333e+04 4.583333e+03 7.676383e-15 
4.479167e+04 4.791667e+03 7.439920e-15 
4.500000e+04 5.000000e+03 7.309549e-15 
4.520833e+04 5.208333e+03 7.118957e-15 
4.541667e+04 5.416667e+03 7.020123e-15 
4.562500e+04 5.625000e+03 6.867489e-15 
4.583333e+04 5.833333e+03 6.791855e-15 
4.583333e+04 6.041667e+03 6.669306e-15 
4.625000e+04 6.250000e+03 6.596800e-15 
4.625000e+04 6.458333e+03 6.501771e-15 
4.666667e+04 6.666667e+03 6.415181e-15 
4.666667e+04 6.875000e+03 6.340678e-15 
4.687500e+04 7.083333e+03 6.253444e-15 
4.708333e+04 7.291667e+03 6.176652e-15 
4.708333e+04 7.500000e+03 6.096036e-15 
4.750000e+04 7.708333e+03 6.003563e-15 
4.750000e+04 7.916667e+03 5.936091e-15 
4.791667e+04 8.125000e+03 5.840005e-15 
4.791667e+04 8.333333e+03 5.792600e-15 
4.833333e+04 8.541667e+03 5.735751e-15 
4.833333e+04 8.750000e+03 5.721550e-15 
4.875000e+04 8.958333e+03 5.724615e-15 
4.875000e+04 9.166667e+03 5.746848e-15 
4.916667e+04 9.375000e+03 5.782720e-15 
4.916667e+04 9.583333e+03 5.830714e-15 
4.958333e+04 9.791667e+03 5.860908e-15 
4.958333e+04 1.000000e+04 5.926876e-15 
