4.015625e+04 0.000000e+00 2.109168e-13 
4.031250e+04 1.562500e+02 7.158725e-14 
4.046875e+04 3.125000e+02 4.923015e-14 
4.062500e+04 4.687500e+02 3.028703e-14 
4.078125e+04 6.250000e+02 2.461089e-14 
4.093750e+04 7.812500e+02 2.018053e-14 
4.109375e+04 9.375000e+02 1.719161e-14 
4.125000e+04 1.093750e+03 1.520512e-14 
4.140625e+04 1.250000e+03 1.363422e-14 
4.156250e+04 1.406250e+03 1.251656e-14 
4.187500e+04 1.562500e+03 1.153771e-14 
4.187500e+04 1.718750e+03 1.080263e-14 
4.203125e+04 1.875000e+03 1.013044e-14 
4.218750e+04 2.031250e+03 9.605993e-15 
4.234375e+04 2.187500e+03 9.112925e-15 
4.250000e+04 2.343750e+03 8.713295e-15 
4.265625e+04 2.500000e+03 8.331200e-15 
4.281250e+04 2.656250e+03 8.012469e-15 
4.281250e+04 2.812500e+03 7.707250e-15 
4.312500e+04 2.968750e+03 7.441231e-15 
4.312500e+04 3.125000e+03 7.198855e-15 
4.343750e+04 3.281250e+03 6.962457e-15 
4.343750e+04 3.437500e+03 6.766295e-15 
4.359375e+04 3.593750e+03 6.555888e-15 
4.375000e+04 3.750000e+03 6.392015e-15 
4.390625e+04 3.906250e+03 6.209121e-15 
4.406250e+04 4.062500e+03 6.065170e-15 
4.406250e+04 4.218750e+03 5.910637e-15 
4.437500e+04 4.375000e+03 5.779671e-15 
4.437500e+04 4.531250e+03 5.650585e-15 
4.468750e+04 4.687500e+03 5.532572e-15 
4.468750e+04 4.843750e+03 5.425667e-15 
4.484375e+04 5.000000e+03 5.322186e-15 
4.500000e+04 5.156250e+03 5.234888e-15 
4.515625e+04 5.312500e+03 5.147902e-15 
4.531250e+04 5.468750e+03 5.074909e-15 
4.546875e+04 5.625000e+03 5.001213e-15 
4.562500e+04 5.781250e+03 4.938363e-15 
4.562500e+04 5.937500e+03 4.878358e-15 
4.578125e+04 6.093750e+03 4.814548e-15 
4.593750e+04 6.250000e+03 4.764384e-15 
4.593750e+04 6.406250e+03 4.702859e-15 
4.625000e+04 6.562500e+03 4.647861e-15 
4.625000e+04 6.718750e+03 4.591954e-15 
4.625000e+04 6.875000e+03 4.531916e-15 
4.656250e+04 7.031250e+03 4.470056e-15 
4.656250e+04 7.187500e+03 4.413740e-15 
4.656250e+04 7.343750e+03 4.346342e-15 
4.687500e+04 7.500000e+03 4.288317e-15 
4.687500e+04 7.656250e+03 4.226430e-15 
4.718750e+04 7.812500e+03 4.168444e-15 
4.718750e+04 7.968750e+03 4.115292e-15 
4.750000e+04 8.125000e+03 4.070643e-15 
4.765625e+04 8.281250e+03 4.031825e-15 
4.781250e+04 8.437500e+03 4.009832e-15 
4.812500e+04 8.593750e+03 3.998582e-15 
4.843750e+04 8.750000e+03 3.998009e-15 
4.843750e+04 8.906250e+03 4.010493e-15 
4.875000e+04 9.062500e+03 4.031706e-15 
4.875000e+04 9.218750e+03 4.057832e-15 
4.906250e+04 9.375000e+03 4.090453e-15 
4.906250e+04 9.531250e+03 4.127339e-15 
4.921875e+04 9.687500e+03 4.164294e-15 
4.937500e+04 9.843750e+03 4.205454e-15 
4.937500e+04 1.000000e+04 4.248939e-15 
