4.041667e+04 0.000000e+00 9.586111e-14 
4.083333e+04 4.166667e+02 3.583205e-14 
4.166667e+04 8.333333e+02 2.395801e-14 
4.208333e+04 1.250000e+03 1.668369e-14 
4.250000e+04 1.666667e+03 1.506506e-14 
4.333333e+04 2.083333e+03 1.243212e-14 
4.416667e+04 2.500000e+03 1.141258e-14 
4.416667e+04 2.916667e+03 1.013388e-14 
4.500000e+04 3.333333e+03 9.684376e-15 
4.541667e+04 3.750000e+03 8.814605e-15 
4.583333e+04 4.166667e+03 8.505206e-15 
4.666667e+04 4.583333e+03 7.979741e-15 
4.708333e+04 5.000000e+03 7.732967e-15 
4.750000e+04 5.416667e+03 7.411797e-15 
4.791667e+04 5.833333e+03 7.233253e-15 
4.833333e+04 6.250000e+03 7.008894e-15 
4.916667e+04 6.666667e+03 6.916691e-15 
4.916667e+04 7.083333e+03 6.755179e-15 
5.000000e+04 7.500000e+03 6.717488e-15 
5.000000e+04 7.916667e+03 6.529940e-15 
5.083333e+04 8.333333e+03 6.396256e-15 
5.125000e+04 8.750000e+03 6.164333e-15 
5.166667e+04 9.166667e+03 6.137965e-15 
5.250000e+04 9.583333e+03 6.136204e-15 
5.250000e+04 1.000000e+04 6.280663e-15 
