4.031250e+04 0.000000e+00 9.934653e-14 
4.031250e+04 3.125000e+02 3.980913e-14 
4.093750e+04 6.250000e+02 3.286595e-14 
4.125000e+04 9.375000e+02 2.236941e-14 
4.156250e+04 1.250000e+03 1.891007e-14 
4.187500e+04 1.562500e+03 1.597087e-14 
4.218750e+04 1.875000e+03 1.395561e-14 
4.250000e+04 2.187500e+03 1.246472e-14 
4.250000e+04 2.500000e+03 1.136150e-14 
4.312500e+04 2.812500e+03 1.039465e-14 
4.312500e+04 3.125000e+03 9.748078e-15 
4.375000e+04 3.437500e+03 9.052834e-15 
4.375000e+04 3.750000e+03 8.650020e-15 
4.437500e+04 4.062500e+03 8.108582e-15 
4.437500e+04 4.375000e+03 7.855604e-15 
4.468750e+04 4.687500e+03 7.440153e-15 
4.500000e+04 5.000000e+03 7.266024e-15 
4.531250e+04 5.312500e+03 6.962268e-15 
4.562500e+04 5.625000e+03 6.849980e-15 
4.562500e+04 5.937500e+03 6.626171e-15 
4.625000e+04 6.250000e+03 6.540975e-15 
4.625000e+04 6.562500e+03 6.384745e-15 
4.687500e+04 6.875000e+03 6.266468e-15 
4.687500e+04 7.187500e+03 6.152747e-15 
4.718750e+04 7.500000e+03 6.017148e-15 
4.750000e+04 7.812500e+03 5.901708e-15 
4.750000e+04 8.125000e+03 5.772695e-15 
4.812500e+04 8.437500e+03 5.691541e-15 
4.843750e+04 8.750000e+03 5.644296e-15 
4.875000e+04 9.062500e+03 5.668369e-15 
4.906250e+04 9.375000e+03 5.710673e-15 
4.937500e+04 9.687500e+03 5.783798e-15 
4.937500e+04 1.000000e+04 5.850818e-15 
