1.562e-02 1.562e-02 -4.478e-16 0.000e+00 -1.804e-15 -1.804e-15
4.688e-02 1.562e-02 2.248e-15 -8.882e-16 2.291e-15 1.403e-15
7.812e-02 1.562e-02 7.002e-15 2.665e-15 -2.442e-15 2.220e-16
1.094e-01 1.562e-02 8.313e-15 8.882e-16 -1.277e-15 -3.885e-16
1.406e-01 1.562e-02 2.112e-15 -1.776e-15 4.885e-15 3.109e-15
1.719e-01 1.562e-02 -6.813e-15 -2.665e-15 1.845e-15 -8.194e-16
2.031e-01 1.562e-02 -2.005e-14 -1.776e-15 8.882e-16 -8.882e-16
2.344e-01 1.562e-02 -3.211e-14 -5.329e-15 4.568e-15 -7.615e-16
2.656e-01 1.562e-02 -3.848e-14 1.776e-15 -8.882e-16 8.882e-16
2.969e-01 1.562e-02 -3.989e-14 8.882e-16 -8.430e-15 -7.542e-15
3.281e-01 1.562e-02 -4.728e-14 5.329e-15 -1.021e-14 -4.885e-15
3.594e-01 1.562e-02 -5.454e-14 8.882e-16 3.919e-16 1.280e-15
3.906e-01 1.562e-02 -6.268e-14 -3.553e-15 -4.441e-16 -3.997e-15
4.219e-01 1.562e-02 -5.681e-14 2.665e-15 3.932e-15 6.596e-15
4.531e-01 1.562e-02 -8.318e-14 -1.865e-14 1.110e-15 -1.754e-14
4.844e-01 1.562e-02 2.091e-14 6.350e-14 -1.212e-15 6.229e-14
5.156e-01 1.562e-02 -3.801e-13 -2.394e-13 2.220e-16 -2.391e-13
5.469e-01 1.562e-02 1.111e-12 8.780e-13 8.196e-15 8.862e-13
5.781e-01 1.562e-02 -4.467e-12 -3.300e-12 -1.776e-15 -3.302e-12
6.094e-01 1.562e-02 1.633e-11 1.230e-11 7.071e-15 1.230e-11
6.406e-01 1.562e-02 -6.130e-11 -4.592e-11 4.441e-16 -4.592e-11
6.719e-01 1.562e-02 2.284e-10 1.714e-10 -1.345e-15 1.714e-10
7.031e-01 1.562e-02 -8.528e-10 -6.395e-10 2.442e-15 -6.395e-10
7.344e-01 1.562e-02 3.182e-09 2.387e-09 -1.753e-15 2.387e-09
7.656e-01 1.562e-02 1.350e-08 1.275e-02 -2.665e-15 1.275e-02
7.969e-01 1.562e-02 1.481e-08 8.693e-02 1.138e-15 8.693e-02
8.281e-01 1.562e-02 8.692e-09 2.240e-01 1.332e-15 2.240e-01
8.594e-01 1.562e-02 2.402e-09 4.031e-01 -2.615e-15 4.031e-01
8.906e-01 1.562e-02 -4.796e-09 5.969e-01 -2.220e-15 5.969e-01
9.219e-01 1.562e-02 -1.135e-08 7.760e-01 -4.642e-15 7.760e-01
9.531e-01 1.562e-02 -1.640e-08 9.131e-01 -4.733e-15 9.131e-01
9.844e-01 1.562e-02 -1.912e-08 9.872e-01 -2.015e-15 9.872e-01
1.016e+00 1.562e-02 -1.912e-08 9.872e-01 1.369e-15 9.872e-01
1.047e+00 1.562e-02 -1.640e-08 9.131e-01 1.502e-15 9.131e-01
1.078e+00 1.562e-02 -1.135e-08 7.760e-01 9.907e-16 7.760e-01
1.109e+00 1.562e-02 -4.796e-09 5.969e-01 8.882e-16 5.969e-01
1.141e+00 1.562e-02 2.403e-09 4.031e-01 3.017e-15 4.031e-01
1.172e+00 1.562e-02 8.692e-09 2.240e-01 1.110e-15 2.240e-01
1.203e+00 1.562e-02 1.481e-08 8.693e-02 1.501e-15 8.693e-02
1.234e+00 1.562e-02 1.350e-08 1.275e-02 -6.439e-15 1.275e-02
1.266e+00 1.562e-02 3.182e-09 2.387e-09 4.444e-15 2.387e-09
1.297e+00 1.562e-02 -8.528e-10 -6.395e-10 1.554e-15 -6.395e-10
1.328e+00 1.562e-02 2.284e-10 1.714e-10 5.298e-15 1.714e-10
1.359e+00 1.562e-02 -6.130e-11 -4.592e-11 1.554e-15 -4.592e-11
1.391e+00 1.562e-02 1.633e-11 1.230e-11 -4.763e-16 1.230e-11
1.422e+00 1.562e-02 -4.460e-12 -3.298e-12 4.441e-16 -3.298e-12
1.453e+00 1.562e-02 1.120e-12 8.833e-13 -1.686e-16 8.831e-13
1.484e+00 1.562e-02 -3.683e-13 -2.398e-13 6.661e-15 -2.331e-13
1.516e+00 1.562e-02 3.543e-14 6.795e-14 -8.073e-15 5.987e-14
1.547e+00 1.562e-02 -6.936e-14 -1.688e-14 3.109e-15 -1.377e-14
1.578e+00 1.562e-02 -4.092e-14 3.997e-15 -1.497e-16 3.847e-15
1.609e+00 1.562e-02 -4.343e-14 -4.885e-15 2.220e-15 -2.665e-15
1.641e+00 1.562e-02 -3.149e-14 4.885e-15 -1.069e-14 -5.805e-15
1.672e+00 1.562e-02 -2.770e-14 -2.220e-15 5.107e-15 2.887e-15
1.703e+00 1.562e-02 -2.757e-14 -1.332e-15 4.988e-15 3.656e-15
1.734e+00 1.562e-02 -3.404e-14 -3.997e-15 1.776e-15 -2.220e-15
1.766e+00 1.562e-02 -3.884e-14 -1.332e-15 -5.640e-16 -1.896e-15
1.797e+00 1.562e-02 -3.158e-14 0.000e+00 4.219e-15 4.219e-15
1.828e+00 1.562e-02 -2.486e-14 -2.220e-15 3.104e-15 8.840e-16
1.859e+00 1.562e-02 -2.513e-14 8.882e-16 -1.097e-15 -2.085e-16
1.891e+00 1.562e-02 -1.957e-14 1.332e-15 -2.619e-15 -1.287e-15
1.922e+00 1.562e-02 -9.516e-15 -1.776e-15 -8.882e-16 -2.665e-15
1.953e+00 1.562e-02 -7.354e-15 2.220e-15 -8.800e-16 1.340e-15
1.984e+00 1.562e-02 -1.829e-15 4.441e-16 -6.661e-16 -2.220e-16
1.562e-02 4.688e-02 2.323e-15 0.000e+00 1.177e-15 1.177e-15
4.688e-02 4.688e-02 8.832e-15 -2.665e-15 -5.400e-15 -8.065e-15
7.812e-02 4.688e-02 1.184e-14 2.665e-15 1.554e-15 4.219e-15
1.094e-01 4.688e-02 5.017e-15 -1.776e-15 6.106e-16 -1.166e-15
1.406e-01 4.688e-02 -3.439e-15 0.000e+00 -4.622e-15 -4.622e-15
1.719e-01 4.688e-02 -8.191e-15 -1.776e-15 1.708e-15 -6.875e-17
2.031e-01 4.688e-02 -2.067e-14 -6.217e-15 9.072e-15 2.855e-15
2.344e-01 4.688e-02 -3.462e-14 -2.665e-15 -1.015e-15 -3.679e-15
2.656e-01 4.688e-02 -3.393e-14 4.441e-15 -5.004e-15 -5.633e-16
2.969e-01 4.688e-02 -4.162e-14 -2.665e-15 9.762e-15 7.098e-15
3.281e-01 4.688e-02 -5.610e-14 8.882e-16 4.885e-15 5.773e-15
3.594e-01 4.688e-02 -5.971e-14 1.776e-15 -4.389e-15 -2.612e-15
3.906e-01 4.688e-02 -6.235e-14 -8.882e-16 2.665e-15 1.776e-15
4.219e-01 4.688e-02 -5.437e-14 4.441e-15 -7.929e-15 -3.488e-15
4.531e-01 4.688e-02 -8.687e-14 -1.688e-14 2.460e-15 -1.442e-14
4.844e-01 4.688e-02 2.054e-14 6.040e-14 1.023e-16 6.050e-14
5.156e-01 4.688e-02 -3.786e-13 -2.371e-13 2.011e-15 -2.351e-13
5.469e-01 4.688e-02 1.107e-12 8.766e-13 3.350e-15 8.800e-13
5.781e-01 4.688e-02 -4.464e-12 -3.300e-12 1.177e-14 -3.289e-12
6.094e-01 4.688e-02 1.633e-11 1.230e-11 -4.629e-15 1.229e-11
6.406e-01 4.688e-02 -6.130e-11 -4.592e-11 9.737e-16 -4.591e-11
6.719e-01 4.688e-02 2.284e-10 1.714e-10 2.234e-15 1.714e-10
7.031e-01 4.688e-02 -8.528e-10 -6.395e-10 1.257e-15 -6.395e-10
7.344e-01 4.688e-02 3.182e-09 2.387e-09 1.309e-15 2.387e-09
7.656e-01 4.688e-02 1.350e-08 1.275e-02 7.994e-15 1.275e-02
7.969e-01 4.688e-02 1.481e-08 8.693e-02 -2.026e-15 8.693e-02
8.281e-01 4.688e-02 8.692e-09 2.240e-01 4.462e-15 2.240e-01
8.594e-01 4.688e-02 2.402e-09 4.031e-01 -3.158e-15 4.031e-01
8.906e-01 4.688e-02 -4.796e-09 5.969e-01 8.638e-16 5.969e-01
9.219e-01 4.688e-02 -1.135e-08 7.760e-01 2.009e-16 7.760e-01
9.531e-01 4.688e-02 -1.640e-08 9.131e-01 -6.480e-15 9.131e-01
9.844e-01 4.688e-02 -1.912e-08 9.872e-01 -2.611e-16 9.872e-01
1.016e+00 4.688e-02 -1.912e-08 9.872e-01 -1.646e-15 9.872e-01
1.047e+00 4.688e-02 -1.640e-08 9.131e-01 1.273e-15 9.131e-01
1.078e+00 4.688e-02 -1.135e-08 7.760e-01 1.896e-15 7.760e-01
1.109e+00 4.688e-02 -4.796e-09 5.969e-01 -1.332e-15 5.969e-01
1.141e+00 4.688e-02 2.403e-09 4.031e-01 -1.241e-15 4.031e-01
1.172e+00 4.688e-02 8.692e-09 2.240e-01 2.442e-15 2.240e-01
1.203e+00 4.688e-02 1.481e-08 8.693e-02 -3.277e-15 8.693e-02
1.234e+00 4.688e-02 1.350e-08 1.275e-02 -1.332e-15 1.275e-02
1.266e+00 4.688e-02 3.182e-09 2.387e-09 -1.044e-14 2.387e-09
1.297e+00 4.688e-02 -8.528e-10 -6.395e-10 -2.887e-15 -6.395e-10
1.328e+00 4.688e-02 2.284e-10 1.714e-10 -8.568e-16 1.714e-10
1.359e+00 4.688e-02 -6.130e-11 -4.592e-11 -1.554e-15 -4.592e-11
1.391e+00 4.688e-02 1.634e-11 1.231e-11 -3.743e-15 1.230e-11
1.422e+00 4.688e-02 -4.457e-12 -3.298e-12 7.550e-15 -3.290e-12
1.453e+00 4.688e-02 1.116e-12 8.811e-13 2.389e-15 8.835e-13
1.484e+00 4.688e-02 -3.738e-13 -2.363e-13 -7.550e-15 -2.438e-13
1.516e+00 4.688e-02 3.173e-14 6.262e-14 2.300e-15 6.492e-14
1.547e+00 4.688e-02 -7.204e-14 -1.776e-14 -5.773e-15 -2.354e-14
1.578e+00 4.688e-02 -4.185e-14 5.773e-15 -4.735e-15 1.038e-15
1.609e+00 4.688e-02 -4.581e-14 -4.441e-16 -5.329e-15 -5.773e-15
1.641e+00 4.688e-02 -3.329e-14 -2.220e-15 7.581e-15 5.360e-15
1.672e+00 4.688e-02 -2.963e-14 -8.882e-16 -5.107e-15 -5.995e-15
1.703e+00 4.688e-02 -2.962e-14 -7.550e-15 7.002e-15 -5.474e-16
1.734e+00 4.688e-02 -3.004e-14 8.882e-16 0.000e+00 8.882e-16
1.766e+00 4.688e-02 -3.805e-14 3.997e-15 6.337e-15 1.033e-14
1.797e+00 4.688e-02 -4.012e-14 4.441e-16 -3.775e-15 -3.331e-15
1.828e+00 4.688e-02 -3.401e-14 -6.661e-15 -7.989e-15 -1.465e-14
1.859e+00 4.688e-02 -3.098e-14 1.332e-15 -3.344e-15 -2.012e-15
1.891e+00 4.688e-02 -2.154e-14 0.000e+00 7.948e-15 7.948e-15
1.922e+00 4.688e-02 -9.089e-15 7.994e-15 -2.831e-15 5.163e-15
1.953e+00 4.688e-02 -8.908e-15 -1.332e-15 9.309e-16 -4.014e-16
1.984e+00 4.688e-02 -6.975e-15 -3.553e-15 2.015e-15 -1.537e-15
1.562e-02 7.812e-02 1.136e-14 1.776e-15 6.899e-15 8.676e-15
4.688e-02 7.812e-02 4.725e-15 -1.155e-14 1.199e-14 4.441e-16
7.812e-02 7.812e-02 1.016e-14 2.665e-15 2.220e-16 2.887e-15
1.094e-01 7.812e-02 5.482e-15 -8.882e-16 2.229e-15 1.341e-15
1.406e-01 7.812e-02 -1.063e-14 2.665e-15 9.479e-15 1.214e-14
1.719e-01 7.812e-02 -2.169e-14 8.882e-16 -1.141e-14 -1.052e-14
2.031e-01 7.812e-02 -4.042e-14 0.000e+00 -4.853e-15 -4.853e-15
2.344e-01 7.812e-02 -3.115e-14 -7.105e-15 5.274e-16 -6.578e-15
2.656e-01 7.812e-02 -2.801e-14 1.776e-15 6.614e-15 8.390e-15
2.969e-01 7.812e-02 -4.014e-14 -8.882e-16 6.661e-16 -2.220e-16
3.281e-01 7.812e-02 -5.174e-14 -4.441e-15 1.776e-15 -2.665e-15
3.594e-01 7.812e-02 -6.510e-14 0.000e+00 0.000e+00 0.000e+00
3.906e-01 7.812e-02 -7.572e-14 4.441e-15 -7.716e-15 -3.275e-15
4.219e-01 7.812e-02 -5.794e-14 7.105e-15 -1.554e-15 5.551e-15
4.531e-01 7.812e-02 -7.586e-14 -1.688e-14 -2.904e-15 -1.978e-14
4.844e-01 7.812e-02 2.685e-14 5.773e-14 5.329e-15 6.306e-14
5.156e-01 7.812e-02 -3.912e-13 -2.380e-13 7.481e-15 -2.306e-13
5.469e-01 7.812e-02 1.094e-12 8.757e-13 6.550e-15 8.823e-13
5.781e-01 7.812e-02 -4.469e-12 -3.298e-12 6.437e-15 -3.291e-12
6.094e-01 7.812e-02 1.633e-11 1.230e-11 6.661e-15 1.231e-11
6.406e-01 7.812e-02 -6.130e-11 -4.592e-11 1.157e-16 -4.592e-11
6.719e-01 7.812e-02 2.284e-10 1.714e-10 -3.109e-15 1.714e-10
7.031e-01 7.812e-02 -8.528e-10 -6.395e-10 -2.971e-15 -6.395e-10
7.344e-01 7.812e-02 3.182e-09 2.387e-09 -5.288e-15 2.387e-09
7.656e-01 7.812e-02 1.350e-08 1.275e-02 -1.338e-14 1.275e-02
7.969e-01 7.812e-02 1.481e-08 8.693e-02 -1.166e-14 8.693e-02
8.281e-01 7.812e-02 8.692e-09 2.240e-01 -6.350e-15 2.240e-01
8.594e-01 7.812e-02 2.402e-09 4.031e-01 5.440e-15 4.031e-01
8.906e-01 7.812e-02 -4.796e-09 5.969e-01 -2.307e-15 5.969e-01
9.219e-01 7.812e-02 -1.135e-08 7.760e-01 5.662e-15 7.760e-01
9.531e-01 7.812e-02 -1.640e-08 9.131e-01 6.439e-15 9.131e-01
9.844e-01 7.812e-02 -1.912e-08 9.872e-01 -2.831e-15 9.872e-01
1.016e+00 7.812e-02 -1.912e-08 9.872e-01 -2.702e-15 9.872e-01
1.047e+00 7.812e-02 -1.640e-08 9.131e-01 -1.818e-15 9.131e-01
1.078e+00 7.812e-02 -1.135e-08 7.760e-01 -3.192e-15 7.760e-01
1.109e+00 7.812e-02 -4.796e-09 5.969e-01 1.221e-15 5.969e-01
1.141e+00 7.812e-02 2.403e-09 4.031e-01 4.441e-15 4.031e-01
1.172e+00 7.812e-02 8.692e-09 2.240e-01 2.665e-15 2.240e-01
1.203e+00 7.812e-02 1.481e-08 8.693e-02 6.217e-15 8.693e-02
1.234e+00 7.812e-02 1.350e-08 1.275e-02 6.439e-15 1.275e-02
1.266e+00 7.812e-02 3.182e-09 2.387e-09 2.442e-15 2.387e-09
1.297e+00 7.812e-02 -8.528e-10 -6.395e-10 -4.885e-15 -6.396e-10
1.328e+00 7.812e-02 2.284e-10 1.714e-10 -1.044e-14 1.714e-10
1.359e+00 7.812e-02 -6.131e-11 -4.592e-11 -5.995e-15 -4.592e-11
1.391e+00 7.812e-02 1.634e-11 1.230e-11 1.110e-15 1.231e-11
1.422e+00 7.812e-02 -4.448e-12 -3.300e-12 -1.066e-14 -3.310e-12
1.453e+00 7.812e-02 1.116e-12 8.900e-13 -3.553e-15 8.864e-13
1.484e+00 7.812e-02 -3.851e-13 -2.318e-13 -5.551e-17 -2.319e-13
1.516e+00 7.812e-02 3.030e-14 6.484e-14 8.438e-15 7.327e-14
1.547e+00 7.812e-02 -6.992e-14 -2.132e-14 1.332e-14 -7.994e-15
1.578e+00 7.812e-02 -4.101e-14 -2.665e-15 1.332e-14 1.066e-14
1.609e+00 7.812e-02 -4.341e-14 4.441e-15 1.776e-15 6.217e-15
1.641e+00 7.812e-02 -2.808e-14 -7.105e-15 -2.220e-15 -9.326e-15
1.672e+00 7.812e-02 -2.666e-14 -3.109e-15 5.773e-15 2.665e-15
1.703e+00 7.812e-02 -3.302e-14 3.997e-15 -1.332e-15 2.665e-15
1.734e+00 7.812e-02 -3.047e-14 -5.773e-15 3.109e-15 -2.665e-15
1.766e+00 7.812e-02 -3.168e-14 2.665e-15 -4.885e-15 -2.220e-15
1.797e+00 7.812e-02 -3.980e-14 1.332e-15 -3.109e-15 -1.776e-15
1.828e+00 7.812e-02 -4.076e-14 -1.332e-15 -4.441e-16 -1.776e-15
1.859e+00 7.812e-02 -2.971e-14 4.441e-16 -2.220e-15 -1.776e-15
1.891e+00 7.812e-02 -1.902e-14 7.994e-15 -1.732e-14 -9.326e-15
1.922e+00 7.812e-02 -4.502e-15 -5.329e-15 -2.109e-15 -7.438e-15
1.953e+00 7.812e-02 -2.027e-15 6.217e-15 -9.044e-15 -2.826e-15
1.984e+00 7.812e-02 -1.191e-14 -2.220e-15 2.296e-15 7.597e-17
1.562e-02 1.094e-01 1.261e-14 5.329e-15 -9.560e-15 -4.231e-15
4.688e-02 1.094e-01 -1.232e-15 -4.441e-15 -7.105e-15 -1.155e-14
7.812e-02 1.094e-01 2.820e-15 -8.882e-16 4.219e-15 3.331e-15
1.094e-01 1.094e-01 5.231e-15 -1.066e-14 8.637e-15 -2.021e-15
1.406e-01 1.094e-01 -1.573e-15 7.994e-15 5.468e-15 1.346e-14
1.719e-01 1.094e-01 -1.254e-14 0.000e+00 2.507e-14 2.507e-14
2.031e-01 1.094e-01 -3.470e-14 -7.105e-15 2.998e-15 -4.108e-15
2.344e-01 1.094e-01 -2.366e-14 -2.665e-15 3.025e-15 3.608e-16
2.656e-01 1.094e-01 -2.803e-14 0.000e+00 2.952e-15 2.952e-15
2.969e-01 1.094e-01 -4.136e-14 -1.776e-15 1.998e-15 2.220e-16
3.281e-01 1.094e-01 -4.319e-14 -5.329e-15 5.107e-15 -2.220e-16
3.594e-01 1.094e-01 -5.533e-14 3.553e-15 -4.441e-15 -8.882e-16
3.906e-01 1.094e-01 -7.528e-14 5.329e-15 -5.829e-15 -4.996e-16
4.219e-01 1.094e-01 -5.819e-14 7.105e-15 -1.998e-15 5.107e-15
4.531e-01 1.094e-01 -6.651e-14 -2.487e-14 7.550e-15 -1.732e-14
4.844e-01 1.094e-01 3.558e-14 6.439e-14 4.219e-15 6.861e-14
5.156e-01 1.094e-01 -3.868e-13 -2.323e-13 2.054e-15 -2.302e-13
5.469e-01 1.094e-01 1.101e-12 8.833e-13 -2.776e-15 8.805e-13
5.781e-01 1.094e-01 -4.471e-12 -3.298e-12 3.549e-15 -3.295e-12
6.094e-01 1.094e-01 1.633e-11 1.230e-11 7.772e-16 1.230e-11
6.406e-01 1.094e-01 -6.129e-11 -4.591e-11 1.520e-15 -4.591e-11
6.719e-01 1.094e-01 2.284e-10 1.714e-10 -5.551e-16 1.714e-10
7.031e-01 1.094e-01 -8.528e-10 -6.395e-10 -6.058e-15 -6.396e-10
7.344e-01 1.094e-01 3.182e-09 2.387e-09 4.312e-16 2.387e-09
7.656e-01 1.094e-01 1.350e-08 1.275e-02 4.887e-15 1.275e-02
7.969e-01 1.094e-01 1.481e-08 8.693e-02 6.550e-15 8.693e-02
8.281e-01 1.094e-01 8.692e-09 2.240e-01 -4.552e-15 2.240e-01
8.594e-01 1.094e-01 2.402e-09 4.031e-01 -3.664e-15 4.031e-01
8.906e-01 1.094e-01 -4.796e-09 5.969e-01 6.772e-15 5.969e-01
9.219e-01 1.094e-01 -1.135e-08 7.760e-01 -2.331e-15 7.760e-01
9.531e-01 1.094e-01 -1.640e-08 9.131e-01 -1.110e-16 9.131e-01
9.844e-01 1.094e-01 -1.912e-08 9.872e-01 2.220e-16 9.872e-01
1.016e+00 1.094e-01 -1.912e-08 9.872e-01 -5.735e-16 9.872e-01
1.047e+00 1.094e-01 -1.640e-08 9.131e-01 -1.304e-15 9.131e-01
1.078e+00 1.094e-01 -1.135e-08 7.760e-01 2.409e-16 7.760e-01
1.109e+00 1.094e-01 -4.796e-09 5.969e-01 1.716e-15 5.969e-01
1.141e+00 1.094e-01 2.403e-09 4.031e-01 4.039e-15 4.031e-01
1.172e+00 1.094e-01 8.692e-09 2.240e-01 1.659e-15 2.240e-01
1.203e+00 1.094e-01 1.481e-08 8.693e-02 -1.755e-16 8.693e-02
1.234e+00 1.094e-01 1.350e-08 1.275e-02 4.116e-15 1.275e-02
1.266e+00 1.094e-01 3.182e-09 2.387e-09 5.146e-15 2.387e-09
1.297e+00 1.094e-01 -8.528e-10 -6.395e-10 5.260e-16 -6.395e-10
1.328e+00 1.094e-01 2.284e-10 1.714e-10 -1.761e-15 1.714e-10
1.359e+00 1.094e-01 -6.130e-11 -4.591e-11 -7.442e-16 -4.591e-11
1.391e+00 1.094e-01 1.634e-11 1.230e-11 6.088e-17 1.230e-11
1.422e+00 1.094e-01 -4.450e-12 -3.297e-12 4.507e-15 -3.292e-12
1.453e+00 1.094e-01 1.121e-12 8.917e-13 -7.661e-15 8.841e-13
1.484e+00 1.094e-01 -3.822e-13 -2.354e-13 -4.688e-15 -2.401e-13
1.516e+00 1.094e-01 3.108e-14 5.951e-14 -2.220e-16 5.929e-14
1.547e+00 1.094e-01 -6.451e-14 -3.331e-14 -6.439e-15 -3.975e-14
1.578e+00 1.094e-01 -3.777e-14 5.773e-15 -9.973e-15 -4.200e-15
1.609e+00 1.094e-01 -3.751e-14 3.553e-15 -2.562e-15 9.906e-16
1.641e+00 1.094e-01 -3.169e-14 1.332e-15 1.019e-14 1.152e-14
1.672e+00 1.094e-01 -3.336e-14 1.332e-15 2.212e-15 3.544e-15
1.703e+00 1.094e-01 -3.478e-14 -3.997e-15 4.885e-15 8.882e-16
1.734e+00 1.094e-01 -3.340e-14 -1.199e-14 5.183e-16 -1.147e-14
1.766e+00 1.094e-01 -3.331e-14 5.329e-15 -4.441e-16 4.885e-15
1.797e+00 1.094e-01 -3.629e-14 -1.776e-15 7.235e-17 -1.704e-15
1.828e+00 1.094e-01 -3.675e-14 1.776e-15 -1.066e-14 -8.882e-15
1.859e+00 1.094e-01 -2.491e-14 1.110e-14 -4.690e-15 6.412e-15
1.891e+00 1.094e-01 -1.547e-14 -3.553e-15 4.441e-15 8.882e-16
1.922e+00 1.094e-01 -2.859e-15 -1.066e-14 2.276e-15 -8.382e-15
1.953e+00 1.094e-01 6.122e-15 7.550e-15 1.110e-16 7.661e-15
1.984e+00 1.094e-01 -1.766e-15 -7.105e-15 -3.646e-15 -1.075e-14
1.562e-02 1.406e-01 4.544e-15 8.882e-16 -2.666e-15 -1.777e-15
4.688e-02 1.406e-01 1.730e-15 1.776e-15 -1.280e-15 4.968e-16
7.812e-02 1.406e-01 -3.675e-15 0.000e+00 8.882e-16 8.882e-16
1.094e-01 1.406e-01 -2.828e-15 -1.155e-14 9.437e-16 -1.060e-14
1.406e-01 1.406e-01 5.239e-16 1.865e-14 -1.869e-15 1.678e-14
1.719e-01 1.406e-01 -1.115e-15 -8.882e-15 -3.886e-16 -9.270e-15
2.031e-01 1.406e-01 -8.002e-15 8.882e-16 4.774e-15 5.662e-15
2.344e-01 1.406e-01 -1.881e-14 -1.776e-15 2.220e-16 -1.554e-15
2.656e-01 1.406e-01 -3.040e-14 1.776e-15 1.266e-15 3.043e-15
2.969e-01 1.406e-01 -4.400e-14 -2.665e-15 -1.832e-15 -4.496e-15
3.281e-01 1.406e-01 -4.600e-14 -1.776e-15 2.220e-16 -1.554e-15
3.594e-01 1.406e-01 -4.073e-14 1.776e-15 -8.882e-16 8.882e-16
3.906e-01 1.406e-01 -5.319e-14 1.776e-15 2.442e-15 4.219e-15
4.219e-01 1.406e-01 -5.106e-14 -4.441e-15 2.554e-15 -1.887e-15
4.531e-01 1.406e-01 -7.446e-14 -1.332e-14 -1.860e-15 -1.518e-14
4.844e-01 1.406e-01 3.308e-14 6.395e-14 3.331e-16 6.428e-14
5.156e-01 1.406e-01 -3.724e-13 -2.354e-13 -4.441e-16 -2.358e-13
5.469e-01 1.406e-01 1.118e-12 8.753e-13 -4.607e-15 8.707e-13
5.781e-01 1.406e-01 -4.463e-12 -3.283e-12 -7.472e-15 -3.291e-12
6.094e-01 1.406e-01 1.633e-11 1.230e-11 -2.692e-15 1.230e-11
6.406e-01 1.406e-01 -6.130e-11 -4.591e-11 -2.387e-15 -4.591e-11
6.719e-01 1.406e-01 2.284e-10 1.714e-10 1.887e-15 1.714e-10
7.031e-01 1.406e-01 -8.528e-10 -6.395e-10 -8.327e-17 -6.395e-10
7.344e-01 1.406e-01 3.182e-09 2.387e-09 -2.776e-17 2.387e-09
7.656e-01 1.406e-01 1.350e-08 1.275e-02 5.440e-15 1.275e-02
7.969e-01 1.406e-01 1.481e-08 8.693e-02 5.329e-15 8.693e-02
8.281e-01 1.406e-01 8.692e-09 2.240e-01 -2.331e-15 2.240e-01
8.594e-01 1.406e-01 2.402e-09 4.031e-01 -3.553e-15 4.031e-01
8.906e-01 1.406e-01 -4.796e-09 5.969e-01 4.219e-15 5.969e-01
9.219e-01 1.406e-01 -1.135e-08 7.760e-01 -3.109e-15 7.760e-01
9.531e-01 1.406e-01 -1.640e-08 9.131e-01 2.998e-15 9.131e-01
9.844e-01 1.406e-01 -1.912e-08 9.872e-01 -2.998e-15 9.872e-01
1.016e+00 1.406e-01 -1.912e-08 9.872e-01 -1.513e-15 9.872e-01
1.047e+00 1.406e-01 -1.640e-08 9.131e-01 -9.377e-16 9.131e-01
1.078e+00 1.406e-01 -1.135e-08 7.760e-01 1.841e-15 7.760e-01
1.109e+00 1.406e-01 -4.796e-09 5.969e-01 6.150e-16 5.969e-01
1.141e+00 1.406e-01 2.403e-09 4.031e-01 -4.595e-15 4.031e-01
1.172e+00 1.406e-01 8.692e-09 2.240e-01 -4.989e-15 2.240e-01
1.203e+00 1.406e-01 1.481e-08 8.693e-02 -9.347e-16 8.693e-02
1.234e+00 1.406e-01 1.350e-08 1.275e-02 3.433e-15 1.275e-02
1.266e+00 1.406e-01 3.182e-09 2.387e-09 1.829e-16 2.387e-09
1.297e+00 1.406e-01 -8.528e-10 -6.395e-10 2.583e-15 -6.395e-10
1.328e+00 1.406e-01 2.284e-10 1.714e-10 1.095e-15 1.714e-10
1.359e+00 1.406e-01 -6.130e-11 -4.592e-11 -5.880e-16 -4.592e-11
1.391e+00 1.406e-01 1.634e-11 1.230e-11 9.931e-15 1.231e-11
1.422e+00 1.406e-01 -4.452e-12 -3.292e-12 3.930e-15 -3.288e-12
1.453e+00 1.406e-01 1.125e-12 8.837e-13 8.327e-15 8.921e-13
1.484e+00 1.406e-01 -3.719e-13 -2.371e-13 1.413e-15 -2.357e-13
1.516e+00 1.406e-01 2.577e-14 6.706e-14 -5.995e-15 6.106e-14
1.547e+00 1.406e-01 -6.345e-14 -1.243e-14 -1.710e-14 -2.953e-14
1.578e+00 1.406e-01 -2.706e-14 -3.109e-15 8.412e-16 -2.267e-15
1.609e+00 1.406e-01 -3.581e-14 -6.217e-15 4.783e-15 -1.435e-15
1.641e+00 1.406e-01 -3.984e-14 2.665e-15 4.021e-15 6.685e-15
1.672e+00 1.406e-01 -4.436e-14 -2.220e-15 -7.985e-15 -1.021e-14
1.703e+00 1.406e-01 -3.475e-14 4.885e-15 -1.199e-14 -7.105e-15
1.734e+00 1.406e-01 -3.087e-14 -1.776e-15 8.139e-16 -9.624e-16
1.766e+00 1.406e-01 -3.418e-14 -1.776e-15 -2.220e-15 -3.997e-15
1.797e+00 1.406e-01 -3.722e-14 4.441e-16 8.158e-16 1.260e-15
1.828e+00 1.406e-01 -3.161e-14 -4.441e-16 3.109e-15 2.665e-15
1.859e+00 1.406e-01 -2.351e-14 -1.332e-15 4.690e-15 3.358e-15
1.891e+00 1.406e-01 -1.445e-14 2.220e-15 -6.217e-15 -3.997e-15
1.922e+00 1.406e-01 -3.055e-15 0.000e+00 4.885e-15 4.885e-15
1.953e+00 1.406e-01 8.854e-15 -1.510e-14 5.773e-15 -9.326e-15
1.984e+00 1.406e-01 1.252e-14 -1.332e-15 4.473e-15 3.141e-15
1.562e-02 1.719e-01 4.987e-15 -8.882e-16 -2.817e-16 -1.170e-15
4.688e-02 1.719e-01 -1.097e-15 2.665e-15 6.135e-16 3.278e-15
7.812e-02 1.719e-01 -5.513e-15 -7.105e-15 -1.110e-15 -8.216e-15
1.094e-01 1.719e-01 -8.419e-15 7.105e-15 -5.815e-15 1.291e-15
1.406e-01 1.719e-01 -7.724e-15 2.665e-15 -5.348e-15 -2.683e-15
1.719e-01 1.719e-01 -1.274e-14 4.441e-15 -7.938e-15 -3.497e-15
2.031e-01 1.719e-01 -1.721e-14 -1.776e-15 -2.665e-15 -4.441e-15
2.344e-01 1.719e-01 -1.196e-14 -8.882e-16 1.554e-15 6.661e-16
2.656e-01 1.719e-01 -2.964e-14 -4.441e-15 -1.388e-15 -5.829e-15
2.969e-01 1.719e-01 -3.848e-14 3.553e-15 -1.277e-15 2.276e-15
3.281e-01 1.719e-01 -3.949e-14 5.329e-15 -4.885e-15 4.441e-16
3.594e-01 1.719e-01 -4.171e-14 -7.105e-15 1.776e-15 -5.329e-15
3.906e-01 1.719e-01 -5.320e-14 -8.882e-16 1.252e-16 -7.630e-16
4.219e-01 1.719e-01 -5.643e-14 -3.553e-15 -1.665e-15 -5.218e-15
4.531e-01 1.719e-01 -8.346e-14 -1.332e-14 -5.912e-15 -1.923e-14
4.844e-01 1.719e-01 2.778e-14 6.395e-14 -1.887e-15 6.206e-14
5.156e-01 1.719e-01 -3.704e-13 -2.300e-13 -4.219e-15 -2.343e-13
5.469e-01 1.719e-01 1.124e-12 8.828e-13 -7.605e-15 8.752e-13
5.781e-01 1.719e-01 -4.462e-12 -3.295e-12 -9.334e-15 -3.304e-12
6.094e-01 1.719e-01 1.633e-11 1.232e-11 -6.717e-15 1.231e-11
6.406e-01 1.719e-01 -6.129e-11 -4.592e-11 7.466e-15 -4.591e-11
6.719e-01 1.719e-01 2.284e-10 1.714e-10 -4.940e-15 1.714e-10
7.031e-01 1.719e-01 -8.528e-10 -6.396e-10 1.393e-14 -6.395e-10
7.344e-01 1.719e-01 3.182e-09 2.387e-09 -6.994e-15 2.387e-09
7.656e-01 1.719e-01 1.350e-08 1.275e-02 4.663e-15 1.275e-02
7.969e-01 1.719e-01 1.481e-08 8.693e-02 -7.910e-15 8.693e-02
8.281e-01 1.719e-01 8.692e-09 2.240e-01 1.243e-14 2.240e-01
8.594e-01 1.719e-01 2.402e-09 4.031e-01 -5.301e-15 4.031e-01
8.906e-01 1.719e-01 -4.796e-09 5.969e-01 5.829e-16 5.969e-01
9.219e-01 1.719e-01 -1.135e-08 7.760e-01 -3.109e-15 7.760e-01
9.531e-01 1.719e-01 -1.640e-08 9.131e-01 1.382e-14 9.131e-01
9.844e-01 1.719e-01 -1.912e-08 9.872e-01 -1.443e-15 9.872e-01
1.016e+00 1.719e-01 -1.912e-08 9.872e-01 1.887e-15 9.872e-01
1.047e+00 1.719e-01 -1.640e-08 9.131e-01 -1.052e-15 9.131e-01
1.078e+00 1.719e-01 -1.135e-08 7.760e-01 -1.499e-15 7.760e-01
1.109e+00 1.719e-01 -4.796e-09 5.969e-01 -9.437e-16 5.969e-01
1.141e+00 1.719e-01 2.403e-09 4.031e-01 2.776e-16 4.031e-01
1.172e+00 1.719e-01 8.692e-09 2.240e-01 -5.662e-15 2.240e-01
1.203e+00 1.719e-01 1.481e-08 8.693e-02 -1.116e-14 8.693e-02
1.234e+00 1.719e-01 1.350e-08 1.275e-02 -9.437e-16 1.275e-02
1.266e+00 1.719e-01 3.182e-09 2.387e-09 8.327e-15 2.387e-09
1.297e+00 1.719e-01 -8.528e-10 -6.395e-10 5.551e-15 -6.395e-10
1.328e+00 1.719e-01 2.284e-10 1.714e-10 2.498e-15 1.714e-10
1.359e+00 1.719e-01 -6.129e-11 -4.591e-11 7.272e-15 -4.590e-11
1.391e+00 1.719e-01 1.634e-11 1.230e-11 -8.549e-15 1.229e-11
1.422e+00 1.719e-01 -4.453e-12 -3.296e-12 -1.543e-14 -3.312e-12
1.453e+00 1.719e-01 1.124e-12 8.860e-13 -4.441e-16 8.855e-13
1.484e+00 1.719e-01 -3.741e-13 -2.349e-13 -2.387e-15 -2.373e-13
1.516e+00 1.719e-01 2.148e-14 5.684e-14 2.220e-16 5.707e-14
1.547e+00 1.719e-01 -6.888e-14 -7.105e-15 1.005e-14 2.942e-15
1.578e+00 1.719e-01 -2.764e-14 -8.438e-15 3.608e-16 -8.077e-15
1.609e+00 1.719e-01 -4.368e-14 -5.329e-15 1.293e-14 7.605e-15
1.641e+00 1.719e-01 -3.628e-14 2.665e-15 3.886e-15 6.550e-15
1.672e+00 1.719e-01 -4.013e-14 -1.066e-14 2.887e-15 -7.772e-15
1.703e+00 1.719e-01 -4.125e-14 4.441e-16 -3.886e-15 -3.442e-15
1.734e+00 1.719e-01 -3.054e-14 1.421e-14 -5.773e-15 8.438e-15
1.766e+00 1.719e-01 -2.979e-14 -6.217e-15 -1.499e-15 -7.716e-15
1.797e+00 1.719e-01 -3.383e-14 3.109e-15 -9.437e-16 2.165e-15
1.828e+00 1.719e-01 -2.485e-14 -8.882e-16 8.271e-15 7.383e-15
1.859e+00 1.719e-01 -1.745e-14 -4.441e-15 6.661e-16 -3.775e-15
1.891e+00 1.719e-01 -1.338e-14 -4.885e-15 -1.170e-15 -6.055e-15
1.922e+00 1.719e-01 -1.457e-16 -5.773e-15 -9.525e-16 -6.726e-15
1.953e+00 1.719e-01 1.032e-14 -8.882e-16 9.696e-15 8.808e-15
1.984e+00 1.719e-01 1.013e-14 1.776e-15 -2.466e-15 -6.896e-16
1.562e-02 2.031e-01 -2.024e-16 -1.776e-15 4.459e-15 2.683e-15
4.688e-02 2.031e-01 -4.563e-15 0.000e+00 -1.832e-15 -1.832e-15
7.812e-02 2.031e-01 -4.146e-15 4.441e-15 -2.490e-15 1.951e-15
1.094e-01 2.031e-01 -7.954e-15 -1.776e-15 -2.776e-15 -4.552e-15
1.406e-01 2.031e-01 -1.048e-14 4.441e-15 -8.771e-15 -4.330e-15
1.719e-01 2.031e-01 -1.399e-14 6.217e-15 1.554e-15 7.772e-15
2.031e-01 2.031e-01 -2.018e-14 7.994e-15 -5.773e-15 2.220e-15
2.344e-01 2.031e-01 -1.542e-14 1.776e-15 -1.887e-15 -1.110e-16
2.656e-01 2.031e-01 -3.034e-14 4.441e-15 7.105e-15 1.155e-14
2.969e-01 2.031e-01 -3.391e-14 -3.553e-15 -2.776e-15 -6.328e-15
3.281e-01 2.031e-01 -3.414e-14 -8.882e-16 1.332e-15 4.441e-16
3.594e-01 2.031e-01 -4.034e-14 -5.329e-15 3.109e-15 -2.220e-15
3.906e-01 2.031e-01 -5.414e-14 -7.994e-15 6.980e-15 -1.013e-15
4.219e-01 2.031e-01 -5.993e-14 1.776e-15 7.327e-15 9.104e-15
4.531e-01 2.031e-01 -8.922e-14 -1.155e-14 -7.550e-15 -1.910e-14
4.844e-01 2.031e-01 2.387e-14 6.306e-14 -3.220e-15 5.984e-14
5.156e-01 2.031e-01 -3.705e-13 -2.336e-13 -7.105e-15 -2.407e-13
5.469e-01 2.031e-01 1.121e-12 8.820e-13 -4.330e-15 8.776e-13
5.781e-01 2.031e-01 -4.461e-12 -3.294e-12 -1.295e-14 -3.307e-12
6.094e-01 2.031e-01 1.633e-11 1.230e-11 3.858e-15 1.231e-11
6.406e-01 2.031e-01 -6.129e-11 -4.591e-11 -9.909e-15 -4.592e-11
6.719e-01 2.031e-01 2.284e-10 1.714e-10 7.383e-15 1.714e-10
7.031e-01 2.031e-01 -8.528e-10 -6.395e-10 -2.304e-15 -6.395e-10
7.344e-01 2.031e-01 3.182e-09 2.387e-09 9.659e-15 2.387e-09
7.656e-01 2.031e-01 1.350e-08 1.275e-02 -6.051e-15 1.275e-02
7.969e-01 2.031e-01 1.481e-08 8.693e-02 7.688e-15 8.693e-02
8.281e-01 2.031e-01 8.692e-09 2.240e-01 -6.772e-15 2.240e-01
8.594e-01 2.031e-01 2.402e-09 4.031e-01 1.041e-14 4.031e-01
8.906e-01 2.031e-01 -4.796e-09 5.969e-01 -7.910e-15 5.969e-01
9.219e-01 2.031e-01 -1.135e-08 7.760e-01 1.055e-14 7.760e-01
9.531e-01 2.031e-01 -1.640e-08 9.131e-01 -1.105e-14 9.131e-01
9.844e-01 2.031e-01 -1.912e-08 9.872e-01 1.055e-14 9.872e-01
1.016e+00 2.031e-01 -1.912e-08 9.872e-01 8.049e-16 9.872e-01
1.047e+00 2.031e-01 -1.640e-08 9.131e-01 2.336e-15 9.131e-01
1.078e+00 2.031e-01 -1.135e-08 7.760e-01 1.887e-15 7.760e-01
1.109e+00 2.031e-01 -4.796e-09 5.969e-01 4.940e-15 5.969e-01
1.141e+00 2.031e-01 2.403e-09 4.031e-01 -1.055e-15 4.031e-01
1.172e+00 2.031e-01 8.692e-09 2.240e-01 1.110e-16 2.240e-01
1.203e+00 2.031e-01 1.481e-08 8.693e-02 9.603e-15 8.693e-02
1.234e+00 2.031e-01 1.350e-08 1.275e-02 5.551e-17 1.275e-02
1.266e+00 2.031e-01 3.182e-09 2.387e-09 -6.994e-15 2.387e-09
1.297e+00 2.031e-01 -8.528e-10 -6.395e-10 2.220e-16 -6.395e-10
1.328e+00 2.031e-01 2.284e-10 1.714e-10 3.608e-15 1.714e-10
1.359e+00 2.031e-01 -6.129e-11 -4.592e-11 -3.497e-15 -4.592e-11
1.391e+00 2.031e-01 1.634e-11 1.230e-11 1.221e-15 1.230e-11
1.422e+00 2.031e-01 -4.459e-12 -3.296e-12 7.883e-15 -3.289e-12
1.453e+00 2.031e-01 1.117e-12 8.815e-13 -7.216e-15 8.743e-13
1.484e+00 2.031e-01 -3.781e-13 -2.380e-13 2.165e-15 -2.359e-13
1.516e+00 2.031e-01 2.323e-14 6.128e-14 1.998e-15 6.328e-14
1.547e+00 2.031e-01 -7.528e-14 -1.954e-14 3.719e-15 -1.582e-14
1.578e+00 2.031e-01 -3.697e-14 4.441e-15 5.773e-15 1.021e-14
1.609e+00 2.031e-01 -4.010e-14 8.882e-16 -1.027e-14 -9.381e-15
1.641e+00 2.031e-01 -2.975e-14 7.994e-15 -3.664e-15 4.330e-15
1.672e+00 2.031e-01 -3.506e-14 -1.332e-15 1.554e-15 2.220e-16
1.703e+00 2.031e-01 -3.924e-14 3.109e-15 2.109e-15 5.218e-15
1.734e+00 2.031e-01 -3.199e-14 3.109e-15 1.332e-15 4.441e-15
1.766e+00 2.031e-01 -2.918e-14 -7.994e-15 -3.830e-15 -1.182e-14
1.797e+00 2.031e-01 -2.786e-14 3.553e-15 5.551e-17 3.608e-15
1.828e+00 2.031e-01 -1.804e-14 -3.997e-15 4.829e-15 8.327e-16
1.859e+00 2.031e-01 -9.497e-15 -8.882e-16 4.219e-15 3.331e-15
1.891e+00 2.031e-01 -7.933e-15 -8.438e-15 1.127e-14 2.835e-15
1.922e+00 2.031e-01 1.139e-15 1.332e-15 -1.601e-15 -2.687e-16
1.953e+00 2.031e-01 4.795e-15 -1.332e-15 -3.313e-15 -4.645e-15
1.984e+00 2.031e-01 2.378e-15 1.332e-15 7.141e-17 1.404e-15
1.562e-02 2.344e-01 -6.779e-15 -2.665e-15 1.776e-15 -8.882e-16
4.688e-02 2.344e-01 -5.060e-15 2.665e-15 7.216e-16 3.386e-15
7.812e-02 2.344e-01 -2.897e-15 -1.776e-15 -8.407e-16 -2.617e-15
1.094e-01 2.344e-01 -1.510e-15 2.665e-15 -2.554e-15 1.110e-16
1.406e-01 2.344e-01 -5.858e-15 8.882e-16 7.771e-16 1.665e-15
1.719e-01 2.344e-01 -1.172e-14 5.329e-15 -1.044e-14 -5.107e-15
2.031e-01 2.344e-01 -1.499e-14 4.441e-15 -4.441e-15 0.000e+00
2.344e-01 2.344e-01 -1.909e-14 6.217e-15 -6.994e-15 -7.772e-16
2.656e-01 2.344e-01 -2.321e-14 5.329e-15 -1.066e-14 -5.329e-15
2.969e-01 2.344e-01 -2.800e-14 0.000e+00 1.887e-15 1.887e-15
3.281e-01 2.344e-01 -3.226e-14 -2.665e-15 1.776e-15 -8.882e-16
3.594e-01 2.344e-01 -3.204e-14 -5.329e-15 4.441e-15 -8.882e-16
3.906e-01 2.344e-01 -4.438e-14 -8.882e-16 1.776e-15 8.882e-16
4.219e-01 2.344e-01 -5.231e-14 2.665e-15 -6.661e-16 1.998e-15
4.531e-01 2.344e-01 -8.876e-14 -1.865e-14 7.105e-15 -1.155e-14
4.844e-01 2.344e-01 2.065e-14 6.439e-14 -3.664e-15 6.073e-14
5.156e-01 2.344e-01 -3.764e-13 -2.358e-13 0.000e+00 -2.358e-13
5.469e-01 2.344e-01 1.113e-12 8.815e-13 1.221e-15 8.827e-13
5.781e-01 2.344e-01 -4.460e-12 -3.300e-12 9.770e-15 -3.290e-12
6.094e-01 2.344e-01 1.634e-11 1.230e-11 -4.330e-15 1.230e-11
6.406e-01 2.344e-01 -6.129e-11 -4.592e-11 1.776e-15 -4.591e-11
6.719e-01 2.344e-01 2.284e-10 1.714e-10 -1.554e-15 1.714e-10
7.031e-01 2.344e-01 -8.528e-10 -6.395e-10 -6.217e-15 -6.395e-10
7.344e-01 2.344e-01 3.182e-09 2.387e-09 2.665e-15 2.387e-09
7.656e-01 2.344e-01 1.350e-08 1.275e-02 -8.882e-16 1.275e-02
7.969e-01 2.344e-01 1.481e-08 8.693e-02 8.882e-16 8.693e-02
8.281e-01 2.344e-01 8.692e-09 2.240e-01 1.776e-15 2.240e-01
8.594e-01 2.344e-01 2.403e-09 4.031e-01 2.442e-15 4.031e-01
8.906e-01 2.344e-01 -4.796e-09 5.969e-01 0.000e+00 5.969e-01
9.219e-01 2.344e-01 -1.135e-08 7.760e-01 -3.220e-15 7.760e-01
9.531e-01 2.344e-01 -1.640e-08 9.131e-01 -8.882e-16 9.131e-01
9.844e-01 2.344e-01 -1.912e-08 9.872e-01 -1.221e-15 9.872e-01
1.016e+00 2.344e-01 -1.912e-08 9.872e-01 2.373e-15 9.872e-01
1.047e+00 2.344e-01 -1.640e-08 9.131e-01 0.000e+00 9.131e-01
1.078e+00 2.344e-01 -1.135e-08 7.760e-01 -2.165e-15 7.760e-01
1.109e+00 2.344e-01 -4.796e-09 5.969e-01 -7.105e-15 5.969e-01
1.141e+00 2.344e-01 2.403e-09 4.031e-01 -4.885e-15 4.031e-01
1.172e+00 2.344e-01 8.692e-09 2.240e-01 2.665e-15 2.240e-01
1.203e+00 2.344e-01 1.481e-08 8.693e-02 -1.776e-15 8.693e-02
1.234e+00 2.344e-01 1.350e-08 1.275e-02 -5.329e-15 1.275e-02
1.266e+00 2.344e-01 3.182e-09 2.387e-09 -3.109e-15 2.387e-09
1.297e+00 2.344e-01 -8.528e-10 -6.395e-10 -2.665e-15 -6.395e-10
1.328e+00 2.344e-01 2.284e-10 1.714e-10 5.551e-16 1.714e-10
1.359e+00 2.344e-01 -6.129e-11 -4.592e-11 3.553e-15 -4.592e-11
1.391e+00 2.344e-01 1.634e-11 1.230e-11 4.441e-16 1.230e-11
1.422e+00 2.344e-01 -4.461e-12 -3.297e-12 1.776e-15 -3.295e-12
1.453e+00 2.344e-01 1.113e-12 8.802e-13 8.327e-15 8.885e-13
1.484e+00 2.344e-01 -3.776e-13 -2.389e-13 4.441e-15 -2.345e-13
1.516e+00 2.344e-01 2.758e-14 6.040e-14 1.332e-15 6.173e-14
1.547e+00 2.344e-01 -7.493e-14 -1.954e-14 -8.882e-16 -2.043e-14
1.578e+00 2.344e-01 -4.172e-14 9.770e-15 -5.440e-15 4.330e-15
1.609e+00 2.344e-01 -3.746e-14 6.217e-15 -3.553e-15 2.665e-15
1.641e+00 2.344e-01 -3.051e-14 7.105e-15 -9.104e-15 -1.998e-15
1.672e+00 2.344e-01 -3.673e-14 8.882e-16 -4.441e-15 -3.553e-15
1.703e+00 2.344e-01 -3.542e-14 1.332e-15 -1.776e-15 -4.441e-16
1.734e+00 2.344e-01 -3.560e-14 -4.441e-16 -1.776e-15 -2.220e-15
1.766e+00 2.344e-01 -3.145e-14 -3.997e-15 7.105e-15 3.109e-15
1.797e+00 2.344e-01 -2.304e-14 -3.109e-15 2.665e-15 -4.441e-16
1.828e+00 2.344e-01 -1.478e-14 -8.882e-16 -2.220e-16 -1.110e-15
1.859e+00 2.344e-01 -7.458e-15 -4.441e-15 1.776e-15 -2.665e-15
1.891e+00 2.344e-01 -5.660e-15 -4.441e-16 3.664e-15 3.220e-15
1.922e+00 2.344e-01 -4.101e-16 -3.997e-15 1.221e-15 -2.776e-15
1.953e+00 2.344e-01 -8.442e-17 3.553e-15 -3.275e-15 2.776e-16
1.984e+00 2.344e-01 -4.044e-16 1.776e-15 -2.078e-15 -3.020e-16
