0.000e+00 0.000e+00 -1.250e-01 0.000e+00 1.510e-13
3.125e-02 0.000e+00 -1.250e-01 0.000e+00 -7.603e-14
6.250e-02 0.000e+00 -1.250e-01 0.000e+00 -3.030e-13
9.375e-02 0.000e+00 -1.250e-01 0.000e+00 4.295e-13
1.250e-01 0.000e+00 -1.250e-01 0.000e+00 1.162e-12
1.562e-01 0.000e+00 -1.250e-01 0.000e+00 -1.525e-12
1.875e-01 0.000e+00 -1.250e-01 0.000e+00 -4.213e-12
2.188e-01 0.000e+00 -1.250e-01 0.000e+00 5.847e-12
2.500e-01 0.000e+00 -1.250e-01 0.000e+00 1.591e-11
2.812e-01 0.000e+00 -1.250e-01 0.000e+00 -2.167e-11
3.125e-01 0.000e+00 -1.250e-01 0.000e+00 -5.925e-11
3.438e-01 0.000e+00 -1.250e-01 0.000e+00 8.097e-11
3.750e-01 0.000e+00 -1.250e-01 0.000e+00 2.212e-10
4.062e-01 0.000e+00 -1.250e-01 0.000e+00 -3.021e-10
4.375e-01 0.000e+00 -1.250e-01 0.000e+00 -8.254e-10
4.688e-01 0.000e+00 -1.250e-01 0.000e+00 1.128e-09
5.000e-01 0.000e+00 -1.250e-01 0.000e+00 3.081e-09
5.312e-01 0.000e+00 -1.250e-01 0.000e+00 -4.208e-09
5.625e-01 0.000e+00 -1.250e-01 0.000e+00 -1.150e-08
5.938e-01 0.000e+00 -1.250e-01 0.000e+00 1.571e-08
6.250e-01 0.000e+00 -1.250e-01 0.000e+00 4.291e-08
6.562e-01 0.000e+00 -1.250e-01 0.000e+00 -5.861e-08
6.875e-01 0.000e+00 -1.250e-01 0.000e+00 -1.601e-07
7.188e-01 0.000e+00 -1.250e-01 0.000e+00 2.187e-07
7.500e-01 0.000e+00 -1.250e-01 0.000e+00 5.976e-07
7.812e-01 0.000e+00 -1.246e-01 0.000e+00 7.899e-07
8.125e-01 0.000e+00 -1.219e-01 0.000e+00 9.822e-07
8.438e-01 0.000e+00 -1.149e-01 0.000e+00 4.299e-07
8.750e-01 0.000e+00 -1.023e-01 0.000e+00 -1.224e-07
9.062e-01 0.000e+00 -8.363e-02 0.000e+00 -5.453e-07
9.375e-01 0.000e+00 -5.938e-02 0.000e+00 -9.682e-07
9.688e-01 0.000e+00 -3.085e-02 0.000e+00 -1.164e-06
1.000e+00 0.000e+00 0.000e+00 0.000e+00 -1.360e-06
1.031e+00 0.000e+00 3.085e-02 0.000e+00 -1.164e-06
1.062e+00 0.000e+00 5.938e-02 0.000e+00 -9.682e-07
1.094e+00 0.000e+00 8.363e-02 0.000e+00 -5.453e-07
1.125e+00 0.000e+00 1.023e-01 0.000e+00 -1.224e-07
1.156e+00 0.000e+00 1.149e-01 0.000e+00 4.299e-07
1.188e+00 0.000e+00 1.219e-01 0.000e+00 9.822e-07
1.219e+00 0.000e+00 1.246e-01 0.000e+00 7.899e-07
1.250e+00 0.000e+00 1.250e-01 0.000e+00 5.976e-07
1.281e+00 0.000e+00 1.250e-01 0.000e+00 2.187e-07
1.312e+00 0.000e+00 1.250e-01 0.000e+00 -1.601e-07
1.344e+00 0.000e+00 1.250e-01 0.000e+00 -5.861e-08
1.375e+00 0.000e+00 1.250e-01 0.000e+00 4.291e-08
1.406e+00 0.000e+00 1.250e-01 0.000e+00 1.571e-08
1.438e+00 0.000e+00 1.250e-01 0.000e+00 -1.150e-08
1.469e+00 0.000e+00 1.250e-01 0.000e+00 -4.208e-09
1.500e+00 0.000e+00 1.250e-01 0.000e+00 3.081e-09
1.531e+00 0.000e+00 1.250e-01 0.000e+00 1.128e-09
1.562e+00 0.000e+00 1.250e-01 0.000e+00 -8.255e-10
1.594e+00 0.000e+00 1.250e-01 0.000e+00 -3.021e-10
1.625e+00 0.000e+00 1.250e-01 0.000e+00 2.212e-10
1.656e+00 0.000e+00 1.250e-01 0.000e+00 8.096e-11
1.688e+00 0.000e+00 1.250e-01 0.000e+00 -5.927e-11
1.719e+00 0.000e+00 1.250e-01 0.000e+00 -2.169e-11
1.750e+00 0.000e+00 1.250e-01 0.000e+00 1.588e-11
1.781e+00 0.000e+00 1.250e-01 0.000e+00 5.810e-12
1.812e+00 0.000e+00 1.250e-01 0.000e+00 -4.260e-12
1.844e+00 0.000e+00 1.250e-01 0.000e+00 -1.557e-12
1.875e+00 0.000e+00 1.250e-01 0.000e+00 1.146e-12
1.906e+00 0.000e+00 1.250e-01 0.000e+00 4.091e-13
1.938e+00 0.000e+00 1.250e-01 0.000e+00 -3.274e-13
1.969e+00 0.000e+00 1.250e-01 0.000e+00 -7.986e-14
2.000e+00 0.000e+00 1.250e-01 0.000e+00 1.677e-13
0.000e+00 3.125e-02 -1.250e-01 1.631e-16 1.605e-13
3.125e-02 3.125e-02 -1.250e-01 -1.388e-17 -7.901e-14
6.250e-02 3.125e-02 -1.250e-01 -3.488e-17 -3.185e-13
9.375e-02 3.125e-02 -1.250e-01 -1.457e-16 4.270e-13
1.250e-01 3.125e-02 -1.250e-01 -1.752e-16 1.173e-12
1.562e-01 3.125e-02 -1.250e-01 -8.327e-17 -1.518e-12
1.875e-01 3.125e-02 -1.250e-01 -2.142e-17 -4.208e-12
2.188e-01 3.125e-02 -1.250e-01 4.163e-17 5.849e-12
2.500e-01 3.125e-02 -1.250e-01 1.665e-16 1.591e-11
2.812e-01 3.125e-02 -1.250e-01 2.498e-16 -2.168e-11
3.125e-01 3.125e-02 -1.250e-01 9.988e-18 -5.926e-11
3.438e-01 3.125e-02 -1.250e-01 -1.366e-16 8.097e-11
3.750e-01 3.125e-02 -1.250e-01 -1.943e-16 2.212e-10
4.062e-01 3.125e-02 -1.250e-01 -1.318e-16 -3.021e-10
4.375e-01 3.125e-02 -1.250e-01 -7.325e-17 -8.255e-10
4.688e-01 3.125e-02 -1.250e-01 -2.776e-17 1.128e-09
5.000e-01 3.125e-02 -1.250e-01 -1.492e-16 3.081e-09
5.312e-01 3.125e-02 -1.250e-01 -1.874e-16 -4.208e-09
5.625e-01 3.125e-02 -1.250e-01 -1.392e-16 -1.150e-08
5.938e-01 3.125e-02 -1.250e-01 -2.082e-16 1.571e-08
6.250e-01 3.125e-02 -1.250e-01 -6.245e-17 4.291e-08
6.562e-01 3.125e-02 -1.250e-01 2.082e-16 -5.861e-08
6.875e-01 3.125e-02 -1.250e-01 2.567e-16 -1.601e-07
7.188e-01 3.125e-02 -1.250e-01 9.714e-17 2.187e-07
7.500e-01 3.125e-02 -1.250e-01 -1.388e-17 5.976e-07
7.812e-01 3.125e-02 -1.246e-01 -5.551e-17 7.899e-07
8.125e-01 3.125e-02 -1.219e-01 -1.581e-17 9.822e-07
8.438e-01 3.125e-02 -1.149e-01 6.939e-18 4.299e-07
8.750e-01 3.125e-02 -1.023e-01 1.561e-17 -1.224e-07
9.062e-01 3.125e-02 -8.363e-02 -2.776e-17 -5.453e-07
9.375e-01 3.125e-02 -5.938e-02 -1.135e-16 -9.682e-07
9.688e-01 3.125e-02 -3.085e-02 -1.284e-16 -1.164e-06
1.000e+00 3.125e-02 -5.809e-16 -3.816e-17 -1.360e-06
1.031e+00 3.125e-02 3.085e-02 2.776e-17 -1.164e-06
1.062e+00 3.125e-02 5.938e-02 5.489e-17 -9.682e-07
1.094e+00 3.125e-02 8.363e-02 1.388e-16 -5.453e-07
1.125e+00 3.125e-02 1.023e-01 1.076e-16 -1.224e-07
1.156e+00 3.125e-02 1.149e-01 5.898e-17 4.299e-07
1.188e+00 3.125e-02 1.219e-01 1.869e-17 9.822e-07
1.219e+00 3.125e-02 1.246e-01 4.163e-17 7.899e-07
1.250e+00 3.125e-02 1.250e-01 3.469e-18 5.976e-07
1.281e+00 3.125e-02 1.250e-01 0.000e+00 2.187e-07
1.312e+00 3.125e-02 1.250e-01 -7.159e-17 -1.601e-07
1.344e+00 3.125e-02 1.250e-01 2.776e-17 -5.861e-08
1.375e+00 3.125e-02 1.250e-01 3.469e-17 4.291e-08
1.406e+00 3.125e-02 1.250e-01 4.857e-17 1.571e-08
1.438e+00 3.125e-02 1.250e-01 4.445e-17 -1.150e-08
1.469e+00 3.125e-02 1.250e-01 9.021e-17 -4.208e-09
1.500e+00 3.125e-02 1.250e-01 1.804e-16 3.081e-09
1.531e+00 3.125e-02 1.250e-01 9.714e-17 1.128e-09
1.562e+00 3.125e-02 1.250e-01 5.990e-17 -8.255e-10
1.594e+00 3.125e-02 1.250e-01 -4.012e-17 -3.021e-10
1.625e+00 3.125e-02 1.250e-01 -8.327e-17 2.212e-10
1.656e+00 3.125e-02 1.250e-01 3.469e-18 8.096e-11
1.688e+00 3.125e-02 1.250e-01 6.946e-17 -5.927e-11
1.719e+00 3.125e-02 1.250e-01 2.515e-17 -2.169e-11
1.750e+00 3.125e-02 1.250e-01 4.163e-17 1.588e-11
1.781e+00 3.125e-02 1.250e-01 3.469e-18 5.810e-12
1.812e+00 3.125e-02 1.250e-01 1.559e-17 -4.259e-12
1.844e+00 3.125e-02 1.250e-01 3.925e-17 -1.557e-12
1.875e+00 3.125e-02 1.250e-01 1.110e-16 1.145e-12
1.906e+00 3.125e-02 1.250e-01 4.163e-17 4.086e-13
1.938e+00 3.125e-02 1.250e-01 1.388e-17 -3.281e-13
1.969e+00 3.125e-02 1.250e-01 1.128e-17 -8.087e-14
2.000e+00 3.125e-02 1.250e-01 -1.561e-17 1.664e-13
0.000e+00 6.250e-02 -1.250e-01 9.021e-17 1.701e-13
3.125e-02 6.250e-02 -1.250e-01 -1.331e-16 -8.198e-14
6.250e-02 6.250e-02 -1.250e-01 -4.155e-16 -3.340e-13
9.375e-02 6.250e-02 -1.250e-01 -4.350e-16 4.246e-13
1.250e-01 6.250e-02 -1.250e-01 -2.359e-16 1.183e-12
1.562e-01 6.250e-02 -1.250e-01 2.776e-17 -1.510e-12
1.875e-01 6.250e-02 -1.250e-01 8.587e-17 -4.203e-12
2.188e-01 6.250e-02 -1.250e-01 1.147e-16 5.851e-12
2.500e-01 6.250e-02 -1.250e-01 1.148e-16 1.591e-11
2.812e-01 6.250e-02 -1.250e-01 6.384e-16 -2.168e-11
3.125e-01 6.250e-02 -1.250e-01 -3.036e-16 -5.927e-11
3.438e-01 6.250e-02 -1.250e-01 -4.216e-16 8.097e-11
3.750e-01 6.250e-02 -1.250e-01 -3.456e-16 2.212e-10
4.062e-01 6.250e-02 -1.250e-01 -1.665e-16 -3.021e-10
4.375e-01 6.250e-02 -1.250e-01 -2.906e-16 -8.255e-10
4.688e-01 6.250e-02 -1.250e-01 -1.217e-16 1.128e-09
5.000e-01 6.250e-02 -1.250e-01 -1.618e-16 3.081e-09
5.312e-01 6.250e-02 -1.250e-01 -2.776e-16 -4.208e-09
5.625e-01 6.250e-02 -1.250e-01 -6.939e-18 -1.150e-08
5.938e-01 6.250e-02 -1.250e-01 -5.013e-16 1.571e-08
6.250e-01 6.250e-02 -1.250e-01 -1.236e-16 4.291e-08
6.562e-01 6.250e-02 -1.250e-01 7.425e-16 -5.861e-08
6.875e-01 6.250e-02 -1.250e-01 5.464e-17 -1.601e-07
7.188e-01 6.250e-02 -1.250e-01 2.086e-16 2.187e-07
7.500e-01 6.250e-02 -1.250e-01 -1.050e-16 5.976e-07
7.812e-01 6.250e-02 -1.246e-01 -1.663e-16 7.899e-07
8.125e-01 6.250e-02 -1.219e-01 -7.459e-17 9.822e-07
8.438e-01 6.250e-02 -1.149e-01 -4.341e-17 4.299e-07
8.750e-01 6.250e-02 -1.023e-01 -8.674e-18 -1.224e-07
9.062e-01 6.250e-02 -8.363e-02 2.082e-17 -5.453e-07
9.375e-01 6.250e-02 -5.938e-02 -7.112e-17 -9.682e-07
9.688e-01 6.250e-02 -3.085e-02 -1.471e-16 -1.164e-06
1.000e+00 6.250e-02 -7.667e-16 -7.696e-18 -1.360e-06
1.031e+00 6.250e-02 3.085e-02 1.989e-17 -1.164e-06
1.062e+00 6.250e-02 5.938e-02 4.018e-17 -9.682e-07
1.094e+00 6.250e-02 8.363e-02 6.201e-17 -5.453e-07
1.125e+00 6.250e-02 1.023e-01 6.939e-17 -1.224e-07
1.156e+00 6.250e-02 1.149e-01 1.339e-16 4.299e-07
1.188e+00 6.250e-02 1.219e-01 6.355e-17 9.822e-07
1.219e+00 6.250e-02 1.246e-01 -3.656e-18 7.899e-07
1.250e+00 6.250e-02 1.250e-01 -6.592e-17 5.976e-07
1.281e+00 6.250e-02 1.250e-01 -1.160e-16 2.187e-07
1.312e+00 6.250e-02 1.250e-01 -9.786e-17 -1.601e-07
1.344e+00 6.250e-02 1.250e-01 1.195e-17 -5.861e-08
1.375e+00 6.250e-02 1.250e-01 6.245e-17 4.291e-08
1.406e+00 6.250e-02 1.250e-01 9.774e-17 1.571e-08
1.438e+00 6.250e-02 1.250e-01 1.301e-16 -1.150e-08
1.469e+00 6.250e-02 1.250e-01 1.301e-16 -4.208e-09
1.500e+00 6.250e-02 1.250e-01 1.548e-16 3.081e-09
1.531e+00 6.250e-02 1.250e-01 1.966e-16 1.128e-09
1.562e+00 6.250e-02 1.250e-01 -5.347e-17 -8.255e-10
1.594e+00 6.250e-02 1.250e-01 -1.180e-16 -3.021e-10
1.625e+00 6.250e-02 1.250e-01 -2.776e-17 2.212e-10
1.656e+00 6.250e-02 1.250e-01 7.347e-17 8.096e-11
1.688e+00 6.250e-02 1.250e-01 0.000e+00 -5.927e-11
1.719e+00 6.250e-02 1.250e-01 1.973e-17 -2.170e-11
1.750e+00 6.250e-02 1.250e-01 2.776e-17 1.588e-11
1.781e+00 6.250e-02 1.250e-01 -3.840e-17 5.811e-12
1.812e+00 6.250e-02 1.250e-01 1.388e-17 -4.258e-12
1.844e+00 6.250e-02 1.250e-01 7.546e-17 -1.557e-12
1.875e+00 6.250e-02 1.250e-01 8.327e-17 1.145e-12
1.906e+00 6.250e-02 1.250e-01 2.703e-17 4.081e-13
1.938e+00 6.250e-02 1.250e-01 2.460e-17 -3.288e-13
1.969e+00 6.250e-02 1.250e-01 2.342e-17 -8.187e-14
2.000e+00 6.250e-02 1.250e-01 -5.378e-17 1.650e-13
0.000e+00 9.375e-02 -1.250e-01 1.249e-16 1.714e-13
3.125e-02 9.375e-02 -1.250e-01 -1.665e-16 -7.879e-14
6.250e-02 9.375e-02 -1.250e-01 -3.261e-16 -3.289e-13
9.375e-02 9.375e-02 -1.250e-01 -6.887e-16 4.240e-13
1.250e-01 9.375e-02 -1.250e-01 -1.301e-16 1.177e-12
1.562e-01 9.375e-02 -1.250e-01 1.851e-16 -1.519e-12
1.875e-01 9.375e-02 -1.250e-01 3.747e-16 -4.215e-12
2.188e-01 9.375e-02 -1.250e-01 6.210e-16 5.846e-12
2.500e-01 9.375e-02 -1.250e-01 6.418e-17 1.591e-11
2.812e-01 9.375e-02 -1.250e-01 -2.392e-16 -2.167e-11
3.125e-01 9.375e-02 -1.250e-01 -3.192e-16 -5.924e-11
3.438e-01 9.375e-02 -1.250e-01 -7.355e-16 8.097e-11
3.750e-01 9.375e-02 -1.250e-01 -3.417e-16 2.212e-10
4.062e-01 9.375e-02 -1.250e-01 -4.137e-16 -3.021e-10
4.375e-01 9.375e-02 -1.250e-01 -3.244e-16 -8.255e-10
4.688e-01 9.375e-02 -1.250e-01 -5.551e-16 1.128e-09
5.000e-01 9.375e-02 -1.250e-01 -2.030e-16 3.081e-09
5.312e-01 9.375e-02 -1.250e-01 -4.040e-17 -4.208e-09
5.625e-01 9.375e-02 -1.250e-01 1.735e-18 -1.150e-08
5.938e-01 9.375e-02 -1.250e-01 -1.631e-16 1.571e-08
6.250e-01 9.375e-02 -1.250e-01 -9.021e-17 4.291e-08
6.562e-01 9.375e-02 -1.250e-01 1.156e-16 -5.861e-08
6.875e-01 9.375e-02 -1.250e-01 1.197e-16 -1.601e-07
7.188e-01 9.375e-02 -1.250e-01 -3.747e-16 2.187e-07
7.500e-01 9.375e-02 -1.250e-01 -1.058e-16 5.976e-07
7.812e-01 9.375e-02 -1.246e-01 -5.984e-17 7.899e-07
8.125e-01 9.375e-02 -1.219e-01 -5.117e-17 9.822e-07
8.438e-01 9.375e-02 -1.149e-01 0.000e+00 4.299e-07
8.750e-01 9.375e-02 -1.023e-01 3.469e-18 -1.224e-07
9.062e-01 9.375e-02 -8.363e-02 1.492e-17 -5.453e-07
9.375e-01 9.375e-02 -5.938e-02 -8.327e-17 -9.682e-07
9.688e-01 9.375e-02 -3.085e-02 -9.368e-17 -1.164e-06
1.000e+00 9.375e-02 -8.882e-16 -9.080e-17 -1.360e-06
1.031e+00 9.375e-02 3.085e-02 -1.475e-17 -1.164e-06
1.062e+00 9.375e-02 5.938e-02 3.469e-17 -9.682e-07
1.094e+00 9.375e-02 8.363e-02 2.186e-17 -5.453e-07
1.125e+00 9.375e-02 1.023e-01 1.388e-16 -1.224e-07
1.156e+00 9.375e-02 1.149e-01 1.318e-16 4.299e-07
1.188e+00 9.375e-02 1.219e-01 7.633e-17 9.822e-07
1.219e+00 9.375e-02 1.246e-01 -6.678e-17 7.899e-07
1.250e+00 9.375e-02 1.250e-01 -8.847e-17 5.976e-07
1.281e+00 9.375e-02 1.250e-01 -9.714e-17 2.187e-07
1.312e+00 9.375e-02 1.250e-01 -1.180e-16 -1.601e-07
1.344e+00 9.375e-02 1.250e-01 -8.372e-19 -5.861e-08
1.375e+00 9.375e-02 1.250e-01 7.633e-17 4.291e-08
1.406e+00 9.375e-02 1.250e-01 1.180e-16 1.571e-08
1.438e+00 9.375e-02 1.250e-01 2.498e-16 -1.150e-08
1.469e+00 9.375e-02 1.250e-01 1.492e-16 -4.208e-09
1.500e+00 9.375e-02 1.250e-01 1.388e-16 3.081e-09
1.531e+00 9.375e-02 1.250e-01 4.163e-17 1.128e-09
1.562e+00 9.375e-02 1.250e-01 3.123e-17 -8.255e-10
1.594e+00 9.375e-02 1.250e-01 -3.990e-17 -3.021e-10
1.625e+00 9.375e-02 1.250e-01 -9.021e-17 2.212e-10
1.656e+00 9.375e-02 1.250e-01 -5.551e-17 8.096e-11
1.688e+00 9.375e-02 1.250e-01 0.000e+00 -5.927e-11
1.719e+00 9.375e-02 1.250e-01 4.163e-17 -2.170e-11
1.750e+00 9.375e-02 1.250e-01 3.123e-17 1.588e-11
1.781e+00 9.375e-02 1.250e-01 5.551e-17 5.812e-12
1.812e+00 9.375e-02 1.250e-01 6.939e-17 -4.254e-12
1.844e+00 9.375e-02 1.250e-01 9.714e-17 -1.556e-12
1.875e+00 9.375e-02 1.250e-01 8.133e-17 1.143e-12
1.906e+00 9.375e-02 1.250e-01 5.898e-17 4.066e-13
1.938e+00 9.375e-02 1.250e-01 3.469e-17 -3.295e-13
1.969e+00 9.375e-02 1.250e-01 3.469e-18 -8.275e-14
2.000e+00 9.375e-02 1.250e-01 -3.858e-17 1.640e-13
0.000e+00 1.250e-01 -1.250e-01 0.000e+00 1.727e-13
3.125e-02 1.250e-01 -1.250e-01 -1.943e-16 -7.560e-14
6.250e-02 1.250e-01 -1.250e-01 -2.108e-16 -3.239e-13
9.375e-02 1.250e-01 -1.250e-01 -5.725e-17 4.233e-13
1.250e-01 1.250e-01 -1.250e-01 6.364e-17 1.171e-12
1.562e-01 1.250e-01 -1.250e-01 2.082e-16 -1.528e-12
1.875e-01 1.250e-01 -1.250e-01 2.063e-16 -4.227e-12
2.188e-01 1.250e-01 -1.250e-01 -4.857e-17 5.840e-12
2.500e-01 1.250e-01 -1.250e-01 5.204e-17 1.591e-11
2.812e-01 1.250e-01 -1.250e-01 -1.527e-16 -2.165e-11
3.125e-01 1.250e-01 -1.250e-01 -1.945e-16 -5.921e-11
3.438e-01 1.250e-01 -1.250e-01 -3.146e-16 8.098e-11
3.750e-01 1.250e-01 -1.250e-01 -2.724e-16 2.212e-10
4.062e-01 1.250e-01 -1.250e-01 -2.429e-16 -3.021e-10
4.375e-01 1.250e-01 -1.250e-01 -3.162e-16 -8.254e-10
4.688e-01 1.250e-01 -1.250e-01 -2.845e-16 1.128e-09
5.000e-01 1.250e-01 -1.250e-01 -2.064e-16 3.081e-09
5.312e-01 1.250e-01 -1.250e-01 -1.214e-16 -4.208e-09
5.625e-01 1.250e-01 -1.250e-01 -1.612e-16 -1.150e-08
5.938e-01 1.250e-01 -1.250e-01 -1.310e-16 1.571e-08
6.250e-01 1.250e-01 -1.250e-01 -8.153e-17 4.291e-08
6.562e-01 1.250e-01 -1.250e-01 1.457e-16 -5.861e-08
6.875e-01 1.250e-01 -1.250e-01 9.162e-17 -1.601e-07
7.188e-01 1.250e-01 -1.250e-01 8.478e-17 2.187e-07
7.500e-01 1.250e-01 -1.250e-01 -1.943e-16 5.976e-07
7.812e-01 1.250e-01 -1.246e-01 -7.633e-17 7.899e-07
8.125e-01 1.250e-01 -1.219e-01 -1.190e-16 9.822e-07
8.438e-01 1.250e-01 -1.149e-01 2.472e-17 4.299e-07
8.750e-01 1.250e-01 -1.023e-01 -1.128e-17 -1.224e-07
9.062e-01 1.250e-01 -8.363e-02 -6.939e-17 -5.453e-07
9.375e-01 1.250e-01 -5.938e-02 -1.717e-16 -9.682e-07
9.688e-01 1.250e-01 -3.085e-02 -4.163e-17 -1.164e-06
1.000e+00 1.250e-01 -9.145e-16 -1.388e-16 -1.360e-06
1.031e+00 1.250e-01 3.085e-02 -2.776e-17 -1.164e-06
1.062e+00 1.250e-01 5.938e-02 5.107e-17 -9.682e-07
1.094e+00 1.250e-01 8.363e-02 1.110e-16 -5.453e-07
1.125e+00 1.250e-01 1.023e-01 9.368e-17 -1.224e-07
1.156e+00 1.250e-01 1.149e-01 -5.551e-17 4.299e-07
1.188e+00 1.250e-01 1.219e-01 2.385e-17 9.822e-07
1.219e+00 1.250e-01 1.246e-01 -1.388e-17 7.899e-07
1.250e+00 1.250e-01 1.250e-01 -3.296e-17 5.976e-07
1.281e+00 1.250e-01 1.250e-01 -1.214e-17 2.187e-07
1.312e+00 1.250e-01 1.250e-01 -3.296e-17 -1.601e-07
1.344e+00 1.250e-01 1.250e-01 0.000e+00 -5.861e-08
1.375e+00 1.250e-01 1.250e-01 1.995e-17 4.291e-08
1.406e+00 1.250e-01 1.250e-01 1.388e-17 1.571e-08
1.438e+00 1.250e-01 1.250e-01 1.527e-16 -1.150e-08
1.469e+00 1.250e-01 1.250e-01 3.007e-16 -4.208e-09
1.500e+00 1.250e-01 1.250e-01 1.670e-16 3.081e-09
1.531e+00 1.250e-01 1.250e-01 8.327e-17 1.128e-09
1.562e+00 1.250e-01 1.250e-01 5.219e-18 -8.255e-10
1.594e+00 1.250e-01 1.250e-01 1.388e-17 -3.021e-10
1.625e+00 1.250e-01 1.250e-01 -1.210e-16 2.212e-10
1.656e+00 1.250e-01 1.250e-01 -8.327e-17 8.096e-11
1.688e+00 1.250e-01 1.250e-01 -1.305e-17 -5.927e-11
1.719e+00 1.250e-01 1.250e-01 4.163e-17 -2.170e-11
1.750e+00 1.250e-01 1.250e-01 8.648e-17 1.588e-11
1.781e+00 1.250e-01 1.250e-01 -6.939e-18 5.813e-12
1.812e+00 1.250e-01 1.250e-01 2.550e-16 -4.250e-12
1.844e+00 1.250e-01 1.250e-01 6.603e-17 -1.555e-12
1.875e+00 1.250e-01 1.250e-01 6.202e-17 1.140e-12
1.906e+00 1.250e-01 1.250e-01 7.856e-18 4.051e-13
1.938e+00 1.250e-01 1.250e-01 -1.409e-17 -3.303e-13
1.969e+00 1.250e-01 1.250e-01 -3.610e-17 -8.363e-14
2.000e+00 1.250e-01 1.250e-01 5.383e-19 1.631e-13
0.000e+00 1.562e-01 -1.250e-01 -2.377e-16 1.649e-13
3.125e-02 1.562e-01 -1.250e-01 -6.939e-17 -7.700e-14
6.250e-02 1.562e-01 -1.250e-01 -6.592e-17 -3.189e-13
9.375e-02 1.562e-01 -1.250e-01 1.388e-17 4.224e-13
1.250e-01 1.562e-01 -1.250e-01 1.457e-16 1.164e-12
1.562e-01 1.562e-01 -1.250e-01 2.833e-16 -1.533e-12
1.875e-01 1.562e-01 -1.250e-01 3.539e-16 -4.230e-12
2.188e-01 1.562e-01 -1.250e-01 -3.494e-16 5.841e-12
2.500e-01 1.562e-01 -1.250e-01 1.943e-16 1.591e-11
2.812e-01 1.562e-01 -1.250e-01 2.082e-16 -2.166e-11
3.125e-01 1.562e-01 -1.250e-01 1.804e-16 -5.923e-11
3.438e-01 1.562e-01 -1.250e-01 -1.585e-16 8.098e-11
3.750e-01 1.562e-01 -1.250e-01 -2.567e-16 2.212e-10
4.062e-01 1.562e-01 -1.250e-01 -3.365e-16 -3.021e-10
4.375e-01 1.562e-01 -1.250e-01 -2.602e-16 -8.255e-10
4.688e-01 1.562e-01 -1.250e-01 1.742e-16 1.128e-09
5.000e-01 1.562e-01 -1.250e-01 -1.596e-16 3.081e-09
5.312e-01 1.562e-01 -1.250e-01 -2.498e-16 -4.208e-09
5.625e-01 1.562e-01 -1.250e-01 -1.631e-16 -1.150e-08
5.938e-01 1.562e-01 -1.250e-01 -4.195e-16 1.571e-08
6.250e-01 1.562e-01 -1.250e-01 8.327e-17 4.291e-08
6.562e-01 1.562e-01 -1.250e-01 1.388e-16 -5.861e-08
6.875e-01 1.562e-01 -1.250e-01 8.327e-17 -1.601e-07
7.188e-01 1.562e-01 -1.250e-01 -3.584e-17 2.187e-07
7.500e-01 1.562e-01 -1.250e-01 -1.388e-17 5.976e-07
7.812e-01 1.562e-01 -1.246e-01 -2.351e-16 7.899e-07
8.125e-01 1.562e-01 -1.219e-01 -9.021e-17 9.822e-07
8.438e-01 1.562e-01 -1.149e-01 -5.413e-17 4.299e-07
8.750e-01 1.562e-01 -1.023e-01 -2.602e-17 -1.224e-07
9.062e-01 1.562e-01 -8.363e-02 -2.196e-16 -5.453e-07
9.375e-01 1.562e-01 -5.938e-02 -6.939e-17 -9.682e-07
9.688e-01 1.562e-01 -3.085e-02 -7.047e-17 -1.164e-06
1.000e+00 1.562e-01 -9.957e-16 -7.047e-17 -1.360e-06
1.031e+00 1.562e-01 3.085e-02 -1.041e-17 -1.164e-06
1.062e+00 1.562e-01 5.938e-02 7.286e-17 -9.682e-07
1.094e+00 1.562e-01 8.363e-02 1.422e-16 -5.453e-07
1.125e+00 1.562e-01 1.023e-01 1.527e-16 -1.224e-07
1.156e+00 1.562e-01 1.149e-01 1.908e-17 4.299e-07
1.188e+00 1.562e-01 1.219e-01 -2.776e-17 9.822e-07
1.219e+00 1.562e-01 1.246e-01 -5.551e-17 7.899e-07
1.250e+00 1.562e-01 1.250e-01 -1.943e-16 5.976e-07
1.281e+00 1.562e-01 1.250e-01 1.041e-17 2.187e-07
1.312e+00 1.562e-01 1.250e-01 3.469e-18 -1.601e-07
1.344e+00 1.562e-01 1.250e-01 -2.776e-17 -5.861e-08
1.375e+00 1.562e-01 1.250e-01 2.776e-17 4.291e-08
1.406e+00 1.562e-01 1.250e-01 7.806e-18 1.571e-08
1.438e+00 1.562e-01 1.250e-01 1.145e-16 -1.150e-08
1.469e+00 1.562e-01 1.250e-01 1.561e-16 -4.208e-09
1.500e+00 1.562e-01 1.250e-01 1.943e-16 3.081e-09
1.531e+00 1.562e-01 1.250e-01 7.743e-17 1.128e-09
1.562e+00 1.562e-01 1.250e-01 5.945e-18 -8.255e-10
1.594e+00 1.562e-01 1.250e-01 -2.429e-17 -3.021e-10
1.625e+00 1.562e-01 1.250e-01 -3.520e-17 2.212e-10
1.656e+00 1.562e-01 1.250e-01 -1.207e-17 8.096e-11
1.688e+00 1.562e-01 1.250e-01 -3.442e-18 -5.927e-11
1.719e+00 1.562e-01 1.250e-01 -1.210e-17 -2.170e-11
1.750e+00 1.562e-01 1.250e-01 1.740e-17 1.588e-11
1.781e+00 1.562e-01 1.250e-01 5.642e-17 5.812e-12
1.812e+00 1.562e-01 1.250e-01 1.032e-17 -4.256e-12
1.844e+00 1.562e-01 1.250e-01 4.317e-17 -1.557e-12
1.875e+00 1.562e-01 1.250e-01 -1.762e-17 1.143e-12
1.906e+00 1.562e-01 1.250e-01 -2.299e-17 4.056e-13
1.938e+00 1.562e-01 1.250e-01 0.000e+00 -3.320e-13
1.969e+00 1.562e-01 1.250e-01 -1.041e-17 -8.401e-14
2.000e+00 1.562e-01 1.250e-01 5.064e-18 1.639e-13
0.000e+00 1.875e-01 -1.250e-01 -2.671e-16 1.571e-13
3.125e-02 1.875e-01 -1.250e-01 -6.592e-17 -7.840e-14
6.250e-02 1.875e-01 -1.250e-01 3.123e-17 -3.139e-13
9.375e-02 1.875e-01 -1.250e-01 1.041e-16 4.216e-13
1.250e-01 1.875e-01 -1.250e-01 1.596e-16 1.157e-12
1.562e-01 1.875e-01 -1.250e-01 2.220e-16 -1.538e-12
1.875e-01 1.875e-01 -1.250e-01 3.053e-16 -4.232e-12
2.188e-01 1.875e-01 -1.250e-01 2.914e-16 5.842e-12
2.500e-01 1.875e-01 -1.250e-01 1.874e-16 1.592e-11
2.812e-01 1.875e-01 -1.250e-01 1.318e-16 -2.167e-11
3.125e-01 1.875e-01 -1.250e-01 1.180e-16 -5.925e-11
3.438e-01 1.875e-01 -1.250e-01 4.163e-17 8.098e-11
3.750e-01 1.875e-01 -1.250e-01 -8.327e-17 2.212e-10
4.062e-01 1.875e-01 -1.250e-01 -2.142e-16 -3.021e-10
4.375e-01 1.875e-01 -1.250e-01 -2.325e-16 -8.255e-10
4.688e-01 1.875e-01 -1.250e-01 -2.116e-16 1.128e-09
5.000e-01 1.875e-01 -1.250e-01 -1.370e-16 3.081e-09
5.312e-01 1.875e-01 -1.250e-01 -1.596e-16 -4.208e-09
5.625e-01 1.875e-01 -1.250e-01 -9.714e-17 -1.150e-08
5.938e-01 1.875e-01 -1.250e-01 -2.429e-17 1.571e-08
6.250e-01 1.875e-01 -1.250e-01 1.422e-16 4.291e-08
6.562e-01 1.875e-01 -1.250e-01 1.596e-16 -5.861e-08
6.875e-01 1.875e-01 -1.250e-01 2.082e-17 -1.601e-07
7.188e-01 1.875e-01 -1.250e-01 -1.110e-16 2.187e-07
7.500e-01 1.875e-01 -1.250e-01 -7.633e-17 5.976e-07
7.812e-01 1.875e-01 -1.246e-01 -7.152e-17 7.899e-07
8.125e-01 1.875e-01 -1.219e-01 -2.082e-17 9.822e-07
8.438e-01 1.875e-01 -1.149e-01 1.214e-16 4.299e-07
8.750e-01 1.875e-01 -1.023e-01 -6.418e-17 -1.224e-07
9.062e-01 1.875e-01 -8.363e-02 -8.327e-17 -5.453e-07
9.375e-01 1.875e-01 -5.938e-02 -6.939e-18 -9.682e-07
9.688e-01 1.875e-01 -3.085e-02 8.674e-17 -1.164e-06
1.000e+00 1.875e-01 -1.103e-15 9.969e-18 -1.360e-06
1.031e+00 1.875e-01 3.085e-02 0.000e+00 -1.164e-06
1.062e+00 1.875e-01 5.938e-02 6.968e-17 -9.682e-07
1.094e+00 1.875e-01 8.363e-02 -2.776e-17 -5.453e-07
1.125e+00 1.875e-01 1.023e-01 1.558e-16 -1.224e-07
1.156e+00 1.875e-01 1.149e-01 1.665e-16 4.299e-07
1.188e+00 1.875e-01 1.219e-01 -9.774e-18 9.822e-07
1.219e+00 1.875e-01 1.246e-01 -1.041e-16 7.899e-07
1.250e+00 1.875e-01 1.250e-01 3.544e-18 5.976e-07
1.281e+00 1.875e-01 1.250e-01 1.110e-16 2.187e-07
1.312e+00 1.875e-01 1.250e-01 -1.163e-16 -1.601e-07
1.344e+00 1.875e-01 1.250e-01 3.123e-17 -5.861e-08
1.375e+00 1.875e-01 1.250e-01 -4.268e-17 4.291e-08
1.406e+00 1.875e-01 1.250e-01 -7.549e-17 1.571e-08
1.438e+00 1.875e-01 1.250e-01 1.447e-16 -1.150e-08
1.469e+00 1.875e-01 1.250e-01 1.388e-16 -4.208e-09
1.500e+00 1.875e-01 1.250e-01 1.547e-16 3.081e-09
1.531e+00 1.875e-01 1.250e-01 5.985e-17 1.128e-09
1.562e+00 1.875e-01 1.250e-01 -1.049e-17 -8.255e-10
1.594e+00 1.875e-01 1.250e-01 -2.515e-17 -3.021e-10
1.625e+00 1.875e-01 1.250e-01 -4.163e-17 2.212e-10
1.656e+00 1.875e-01 1.250e-01 -2.862e-17 8.095e-11
1.688e+00 1.875e-01 1.250e-01 -3.123e-17 -5.927e-11
1.719e+00 1.875e-01 1.250e-01 -2.082e-17 -2.169e-11
1.750e+00 1.875e-01 1.250e-01 -4.172e-17 1.588e-11
1.781e+00 1.875e-01 1.250e-01 2.602e-18 5.810e-12
1.812e+00 1.875e-01 1.250e-01 -3.808e-18 -4.262e-12
1.844e+00 1.875e-01 1.250e-01 -1.041e-17 -1.558e-12
1.875e+00 1.875e-01 1.250e-01 -1.160e-17 1.146e-12
1.906e+00 1.875e-01 1.250e-01 -5.551e-17 4.060e-13
1.938e+00 1.875e-01 1.250e-01 -6.966e-17 -3.336e-13
1.969e+00 1.875e-01 1.250e-01 -1.392e-17 -8.439e-14
2.000e+00 1.875e-01 1.250e-01 -2.429e-17 1.648e-13
0.000e+00 2.188e-01 -1.250e-01 -1.388e-16 1.552e-13
3.125e-02 2.188e-01 -1.250e-01 -1.041e-17 -8.091e-14
6.250e-02 2.188e-01 -1.250e-01 4.450e-17 -3.170e-13
9.375e-02 2.188e-01 -1.250e-01 3.383e-17 4.229e-13
1.250e-01 2.188e-01 -1.250e-01 5.551e-17 1.163e-12
1.562e-01 2.188e-01 -1.250e-01 1.110e-16 -1.535e-12
1.875e-01 2.188e-01 -1.250e-01 2.307e-16 -4.233e-12
2.188e-01 2.188e-01 -1.250e-01 1.249e-16 5.840e-12
2.500e-01 2.188e-01 -1.250e-01 1.145e-16 1.591e-11
2.812e-01 2.188e-01 -1.250e-01 5.551e-17 -2.166e-11
3.125e-01 2.188e-01 -1.250e-01 1.041e-17 -5.924e-11
3.438e-01 2.188e-01 -1.250e-01 1.388e-17 8.098e-11
3.750e-01 2.188e-01 -1.250e-01 -1.388e-17 2.212e-10
4.062e-01 2.188e-01 -1.250e-01 -9.021e-17 -3.021e-10
4.375e-01 2.188e-01 -1.250e-01 -9.541e-17 -8.255e-10
4.688e-01 2.188e-01 -1.250e-01 -8.327e-17 1.128e-09
5.000e-01 2.188e-01 -1.250e-01 -6.939e-17 3.081e-09
5.312e-01 2.188e-01 -1.250e-01 -1.041e-16 -4.208e-09
5.625e-01 2.188e-01 -1.250e-01 7.459e-17 -1.150e-08
5.938e-01 2.188e-01 -1.250e-01 2.776e-17 1.571e-08
6.250e-01 2.188e-01 -1.250e-01 1.318e-16 4.291e-08
6.562e-01 2.188e-01 -1.250e-01 9.237e-17 -5.861e-08
6.875e-01 2.188e-01 -1.250e-01 -5.031e-17 -1.601e-07
7.188e-01 2.188e-01 -1.250e-01 -6.939e-17 2.187e-07
7.500e-01 2.188e-01 -1.250e-01 -1.110e-16 5.976e-07
7.812e-01 2.188e-01 -1.246e-01 -2.082e-17 7.899e-07
8.125e-01 2.188e-01 -1.219e-01 1.284e-16 9.822e-07
8.438e-01 2.188e-01 -1.149e-01 2.776e-17 4.299e-07
8.750e-01 2.188e-01 -1.023e-01 -5.204e-17 -1.224e-07
9.062e-01 2.188e-01 -8.363e-02 1.388e-17 -5.453e-07
9.375e-01 2.188e-01 -5.938e-02 -5.760e-19 -9.682e-07
9.688e-01 2.188e-01 -3.085e-02 2.949e-17 -1.164e-06
1.000e+00 2.188e-01 -1.001e-15 5.031e-17 -1.360e-06
1.031e+00 2.188e-01 3.085e-02 -2.776e-17 -1.164e-06
1.062e+00 2.188e-01 5.938e-02 -2.776e-17 -9.682e-07
1.094e+00 2.188e-01 8.363e-02 -1.388e-17 -5.453e-07
1.125e+00 2.188e-01 1.023e-01 2.082e-17 -1.224e-07
1.156e+00 2.188e-01 1.149e-01 6.765e-17 4.299e-07
1.188e+00 2.188e-01 1.219e-01 1.527e-16 9.822e-07
1.219e+00 2.188e-01 1.246e-01 -8.327e-17 7.899e-07
1.250e+00 2.188e-01 1.250e-01 -4.163e-17 5.976e-07
1.281e+00 2.188e-01 1.250e-01 6.939e-18 2.187e-07
1.312e+00 2.188e-01 1.250e-01 -1.388e-17 -1.601e-07
1.344e+00 2.188e-01 1.250e-01 0.000e+00 -5.861e-08
1.375e+00 2.188e-01 1.250e-01 -1.735e-17 4.291e-08
1.406e+00 2.188e-01 1.250e-01 -2.082e-17 1.571e-08
1.438e+00 2.188e-01 1.250e-01 9.194e-17 -1.150e-08
1.469e+00 2.188e-01 1.250e-01 5.551e-17 -4.208e-09
1.500e+00 2.188e-01 1.250e-01 5.204e-17 3.081e-09
1.531e+00 2.188e-01 1.250e-01 1.735e-17 1.128e-09
1.562e+00 2.188e-01 1.250e-01 -1.496e-18 -8.255e-10
1.594e+00 2.188e-01 1.250e-01 -1.908e-17 -3.021e-10
1.625e+00 2.188e-01 1.250e-01 -4.043e-17 2.212e-10
1.656e+00 2.188e-01 1.250e-01 -2.429e-17 8.095e-11
1.688e+00 2.188e-01 1.250e-01 -2.363e-17 -5.927e-11
1.719e+00 2.188e-01 1.250e-01 -8.674e-18 -2.169e-11
1.750e+00 2.188e-01 1.250e-01 7.672e-19 1.588e-11
1.781e+00 2.188e-01 1.250e-01 -1.561e-17 5.812e-12
1.812e+00 2.188e-01 1.250e-01 1.388e-17 -4.258e-12
1.844e+00 2.188e-01 1.250e-01 -4.163e-17 -1.558e-12
1.875e+00 2.188e-01 1.250e-01 7.391e-18 1.142e-12
1.906e+00 2.188e-01 1.250e-01 -1.561e-17 4.054e-13
1.938e+00 2.188e-01 1.250e-01 -2.845e-17 -3.315e-13
1.969e+00 2.188e-01 1.250e-01 0.000e+00 -8.364e-14
2.000e+00 2.188e-01 1.250e-01 1.388e-17 1.642e-13
0.000e+00 2.500e-01 -1.250e-01 0.000e+00 1.534e-13
3.125e-02 2.500e-01 -1.250e-01 0.000e+00 -8.341e-14
6.250e-02 2.500e-01 -1.250e-01 0.000e+00 -3.202e-13
9.375e-02 2.500e-01 -1.250e-01 0.000e+00 4.242e-13
1.250e-01 2.500e-01 -1.250e-01 0.000e+00 1.169e-12
1.562e-01 2.500e-01 -1.250e-01 0.000e+00 -1.533e-12
1.875e-01 2.500e-01 -1.250e-01 0.000e+00 -4.234e-12
2.188e-01 2.500e-01 -1.250e-01 0.000e+00 5.838e-12
2.500e-01 2.500e-01 -1.250e-01 0.000e+00 1.591e-11
2.812e-01 2.500e-01 -1.250e-01 0.000e+00 -2.166e-11
3.125e-01 2.500e-01 -1.250e-01 0.000e+00 -5.924e-11
3.438e-01 2.500e-01 -1.250e-01 0.000e+00 8.098e-11
3.750e-01 2.500e-01 -1.250e-01 0.000e+00 2.212e-10
4.062e-01 2.500e-01 -1.250e-01 0.000e+00 -3.021e-10
4.375e-01 2.500e-01 -1.250e-01 0.000e+00 -8.255e-10
4.688e-01 2.500e-01 -1.250e-01 0.000e+00 1.128e-09
5.000e-01 2.500e-01 -1.250e-01 0.000e+00 3.081e-09
5.312e-01 2.500e-01 -1.250e-01 0.000e+00 -4.208e-09
5.625e-01 2.500e-01 -1.250e-01 0.000e+00 -1.150e-08
5.938e-01 2.500e-01 -1.250e-01 0.000e+00 1.571e-08
6.250e-01 2.500e-01 -1.250e-01 0.000e+00 4.291e-08
6.562e-01 2.500e-01 -1.250e-01 0.000e+00 -5.861e-08
6.875e-01 2.500e-01 -1.250e-01 0.000e+00 -1.601e-07
7.188e-01 2.500e-01 -1.250e-01 0.000e+00 2.187e-07
7.500e-01 2.500e-01 -1.250e-01 0.000e+00 5.976e-07
7.812e-01 2.500e-01 -1.246e-01 0.000e+00 7.899e-07
8.125e-01 2.500e-01 -1.219e-01 0.000e+00 9.822e-07
8.438e-01 2.500e-01 -1.149e-01 0.000e+00 4.299e-07
8.750e-01 2.500e-01 -1.023e-01 0.000e+00 -1.224e-07
9.062e-01 2.500e-01 -8.363e-02 0.000e+00 -5.453e-07
9.375e-01 2.500e-01 -5.938e-02 0.000e+00 -9.682e-07
9.688e-01 2.500e-01 -3.085e-02 0.000e+00 -1.164e-06
1.000e+00 2.500e-01 -1.022e-15 0.000e+00 -1.360e-06
1.031e+00 2.500e-01 3.085e-02 0.000e+00 -1.164e-06
1.062e+00 2.500e-01 5.938e-02 0.000e+00 -9.682e-07
1.094e+00 2.500e-01 8.363e-02 0.000e+00 -5.453e-07
1.125e+00 2.500e-01 1.023e-01 0.000e+00 -1.224e-07
1.156e+00 2.500e-01 1.149e-01 0.000e+00 4.299e-07
1.188e+00 2.500e-01 1.219e-01 0.000e+00 9.822e-07
1.219e+00 2.500e-01 1.246e-01 0.000e+00 7.899e-07
1.250e+00 2.500e-01 1.250e-01 0.000e+00 5.976e-07
1.281e+00 2.500e-01 1.250e-01 0.000e+00 2.187e-07
1.312e+00 2.500e-01 1.250e-01 0.000e+00 -1.601e-07
1.344e+00 2.500e-01 1.250e-01 0.000e+00 -5.861e-08
1.375e+00 2.500e-01 1.250e-01 0.000e+00 4.291e-08
1.406e+00 2.500e-01 1.250e-01 0.000e+00 1.571e-08
1.438e+00 2.500e-01 1.250e-01 0.000e+00 -1.150e-08
1.469e+00 2.500e-01 1.250e-01 0.000e+00 -4.208e-09
1.500e+00 2.500e-01 1.250e-01 0.000e+00 3.081e-09
1.531e+00 2.500e-01 1.250e-01 0.000e+00 1.128e-09
1.562e+00 2.500e-01 1.250e-01 0.000e+00 -8.255e-10
1.594e+00 2.500e-01 1.250e-01 0.000e+00 -3.021e-10
1.625e+00 2.500e-01 1.250e-01 0.000e+00 2.212e-10
1.656e+00 2.500e-01 1.250e-01 0.000e+00 8.096e-11
1.688e+00 2.500e-01 1.250e-01 0.000e+00 -5.927e-11
1.719e+00 2.500e-01 1.250e-01 0.000e+00 -2.169e-11
1.750e+00 2.500e-01 1.250e-01 0.000e+00 1.588e-11
1.781e+00 2.500e-01 1.250e-01 0.000e+00 5.813e-12
1.812e+00 2.500e-01 1.250e-01 0.000e+00 -4.254e-12
1.844e+00 2.500e-01 1.250e-01 0.000e+00 -1.558e-12
1.875e+00 2.500e-01 1.250e-01 0.000e+00 1.139e-12
1.906e+00 2.500e-01 1.250e-01 0.000e+00 4.048e-13
1.938e+00 2.500e-01 1.250e-01 0.000e+00 -3.293e-13
1.969e+00 2.500e-01 1.250e-01 0.000e+00 -8.289e-14
2.000e+00 2.500e-01 1.250e-01 0.000e+00 1.636e-13
