3.125e-02 3.125e-02 -7.901e-14 -6.173e-14 -2.130e-15 -6.386e-14
9.375e-02 3.125e-02 4.270e-13 3.120e-13 -6.960e-15 3.050e-13
1.562e-01 3.125e-02 -1.518e-12 -1.162e-12 4.441e-16 -1.162e-12
2.188e-01 3.125e-02 5.849e-12 4.354e-12 1.834e-15 4.355e-12
2.812e-01 3.125e-02 -2.168e-11 -1.627e-11 1.021e-14 -1.626e-11
3.438e-01 3.125e-02 8.097e-11 6.072e-11 -6.745e-15 6.071e-11
4.062e-01 3.125e-02 -3.021e-10 -2.266e-10 -2.665e-15 -2.266e-10
4.688e-01 3.125e-02 1.128e-09 8.457e-10 -1.947e-15 8.457e-10
5.312e-01 3.125e-02 -4.208e-09 -3.156e-09 -4.441e-15 -3.156e-09
5.938e-01 3.125e-02 1.571e-08 1.178e-08 -8.021e-15 1.178e-08
6.562e-01 3.125e-02 -5.861e-08 -4.396e-08 1.188e-14 -4.396e-08
7.188e-01 3.125e-02 2.187e-07 1.641e-07 3.338e-15 1.641e-07
7.812e-01 3.125e-02 7.899e-07 4.984e-02 -2.661e-15 4.984e-02
8.438e-01 3.125e-02 4.299e-07 3.135e-01 -6.945e-16 3.135e-01
9.062e-01 3.125e-02 -5.453e-07 6.865e-01 3.331e-16 6.865e-01
9.688e-01 3.125e-02 -1.164e-06 9.502e-01 -2.354e-15 9.502e-01
1.031e+00 3.125e-02 -1.164e-06 9.502e-01 3.182e-16 9.502e-01
1.094e+00 3.125e-02 -5.453e-07 6.865e-01 9.921e-16 6.865e-01
1.156e+00 3.125e-02 4.299e-07 3.135e-01 2.143e-15 3.135e-01
1.219e+00 3.125e-02 7.899e-07 4.984e-02 -5.850e-17 4.984e-02
1.281e+00 3.125e-02 2.187e-07 1.641e-07 -1.856e-15 1.641e-07
1.344e+00 3.125e-02 -5.861e-08 -4.396e-08 1.912e-16 -4.396e-08
1.406e+00 3.125e-02 1.571e-08 1.178e-08 1.564e-15 1.178e-08
1.469e+00 3.125e-02 -4.208e-09 -3.156e-09 2.082e-15 -3.156e-09
1.531e+00 3.125e-02 1.128e-09 8.457e-10 3.145e-15 8.457e-10
1.594e+00 3.125e-02 -3.021e-10 -2.266e-10 -1.887e-15 -2.266e-10
1.656e+00 3.125e-02 8.096e-11 6.072e-11 1.176e-15 6.072e-11
1.719e+00 3.125e-02 -2.169e-11 -1.627e-11 3.157e-16 -1.627e-11
1.781e+00 3.125e-02 5.810e-12 4.359e-12 -6.145e-16 4.359e-12
1.844e+00 3.125e-02 -1.557e-12 -1.166e-12 1.207e-15 -1.165e-12
1.906e+00 3.125e-02 4.086e-13 3.058e-13 4.324e-16 3.062e-13
1.969e+00 3.125e-02 -8.087e-14 -6.151e-14 3.747e-16 -6.113e-14
3.125e-02 9.375e-02 -7.879e-14 -5.729e-14 -9.784e-16 -5.827e-14
9.375e-02 9.375e-02 4.240e-13 3.080e-13 6.044e-15 3.140e-13
1.562e-01 9.375e-02 -1.519e-12 -1.162e-12 2.887e-15 -1.159e-12
2.188e-01 9.375e-02 5.846e-12 4.345e-12 -2.612e-15 4.343e-12
2.812e-01 9.375e-02 -2.167e-11 -1.627e-11 -1.266e-14 -1.628e-11
3.438e-01 9.375e-02 8.097e-11 6.072e-11 1.711e-15 6.072e-11
4.062e-01 9.375e-02 -3.021e-10 -2.266e-10 -1.221e-15 -2.266e-10
4.688e-01 9.375e-02 1.128e-09 8.457e-10 -2.605e-15 8.457e-10
5.312e-01 9.375e-02 -4.208e-09 -3.156e-09 2.498e-15 -3.156e-09
5.938e-01 9.375e-02 1.571e-08 1.178e-08 5.926e-15 1.178e-08
6.562e-01 9.375e-02 -5.861e-08 -4.396e-08 -9.548e-15 -4.396e-08
7.188e-01 9.375e-02 2.187e-07 1.641e-07 -1.982e-15 1.641e-07
7.812e-01 9.375e-02 7.899e-07 4.984e-02 1.440e-15 4.984e-02
8.438e-01 9.375e-02 4.299e-07 3.135e-01 1.090e-15 3.135e-01
9.062e-01 9.375e-02 -5.453e-07 6.865e-01 -1.443e-15 6.865e-01
9.688e-01 9.375e-02 -1.164e-06 9.502e-01 1.688e-15 9.502e-01
1.031e+00 9.375e-02 -1.164e-06 9.502e-01 -7.623e-16 9.502e-01
1.094e+00 9.375e-02 -5.453e-07 6.865e-01 7.842e-16 6.865e-01
1.156e+00 9.375e-02 4.299e-07 3.135e-01 -3.031e-15 3.135e-01
1.219e+00 9.375e-02 7.899e-07 4.984e-02 -1.635e-16 4.984e-02
1.281e+00 9.375e-02 2.187e-07 1.641e-07 1.662e-15 1.641e-07
1.344e+00 9.375e-02 -5.861e-08 -4.396e-08 -1.912e-16 -4.396e-08
1.406e+00 9.375e-02 1.571e-08 1.178e-08 -1.342e-15 1.178e-08
1.469e+00 9.375e-02 -4.208e-09 -3.156e-09 2.729e-15 -3.156e-09
1.531e+00 9.375e-02 1.128e-09 8.457e-10 -1.813e-15 8.457e-10
1.594e+00 9.375e-02 -3.021e-10 -2.266e-10 2.109e-15 -2.266e-10
1.656e+00 9.375e-02 8.096e-11 6.072e-11 -2.508e-15 6.072e-11
1.719e+00 9.375e-02 -2.170e-11 -1.627e-11 3.504e-16 -1.627e-11
1.781e+00 9.375e-02 5.812e-12 4.361e-12 5.034e-16 4.361e-12
1.844e+00 9.375e-02 -1.556e-12 -1.167e-12 -1.509e-16 -1.167e-12
1.906e+00 9.375e-02 4.066e-13 3.064e-13 -3.067e-16 3.061e-13
1.969e+00 9.375e-02 -8.275e-14 -6.040e-14 -9.523e-16 -6.135e-14
3.125e-02 1.562e-01 -7.700e-14 -6.395e-14 2.054e-15 -6.189e-14
9.375e-02 1.562e-01 4.224e-13 3.024e-13 2.581e-15 3.050e-13
1.562e-01 1.562e-01 -1.533e-12 -1.164e-12 2.220e-16 -1.164e-12
2.188e-01 1.562e-01 5.841e-12 4.361e-12 5.440e-15 4.367e-12
2.812e-01 1.562e-01 -2.166e-11 -1.627e-11 4.552e-15 -1.627e-11
3.438e-01 1.562e-01 8.098e-11 6.072e-11 5.700e-15 6.072e-11
4.062e-01 1.562e-01 -3.021e-10 -2.266e-10 4.580e-16 -2.266e-10
4.688e-01 1.562e-01 1.128e-09 8.457e-10 1.166e-15 8.457e-10
5.312e-01 1.562e-01 -4.208e-09 -3.156e-09 -6.106e-16 -3.156e-09
5.938e-01 1.562e-01 1.571e-08 1.178e-08 1.707e-15 1.178e-08
6.562e-01 1.562e-01 -5.861e-08 -4.396e-08 2.220e-16 -4.396e-08
7.188e-01 1.562e-01 2.187e-07 1.641e-07 -3.133e-15 1.641e-07
7.812e-01 1.562e-01 7.899e-07 4.984e-02 7.695e-17 4.984e-02
8.438e-01 1.562e-01 4.299e-07 3.135e-01 1.547e-15 3.135e-01
9.062e-01 1.562e-01 -5.453e-07 6.865e-01 -2.220e-16 6.865e-01
9.688e-01 1.562e-01 -1.164e-06 9.502e-01 2.054e-15 9.502e-01
1.031e+00 1.562e-01 -1.164e-06 9.502e-01 4.441e-16 9.502e-01
1.094e+00 1.562e-01 -5.453e-07 6.865e-01 -2.220e-15 6.865e-01
1.156e+00 1.562e-01 4.299e-07 3.135e-01 3.553e-15 3.135e-01
1.219e+00 1.562e-01 7.899e-07 4.984e-02 -1.443e-15 4.984e-02
1.281e+00 1.562e-01 2.187e-07 1.641e-07 1.971e-15 1.641e-07
1.344e+00 1.562e-01 -5.861e-08 -4.396e-08 4.996e-16 -4.396e-08
1.406e+00 1.562e-01 1.571e-08 1.178e-08 -1.430e-15 1.178e-08
1.469e+00 1.562e-01 -4.208e-09 -3.156e-09 -2.591e-15 -3.156e-09
1.531e+00 1.562e-01 1.128e-09 8.457e-10 -3.747e-16 8.457e-10
1.594e+00 1.562e-01 -3.021e-10 -2.266e-10 -6.245e-16 -2.266e-10
1.656e+00 1.562e-01 8.096e-11 6.072e-11 8.743e-16 6.072e-11
1.719e+00 1.562e-01 -2.170e-11 -1.627e-11 -9.992e-16 -1.627e-11
1.781e+00 1.562e-01 5.812e-12 4.360e-12 1.527e-16 4.360e-12
1.844e+00 1.562e-01 -1.557e-12 -1.166e-12 -1.223e-15 -1.167e-12
1.906e+00 1.562e-01 4.056e-13 3.060e-13 -1.014e-15 3.050e-13
1.969e+00 1.562e-01 -8.401e-14 -6.151e-14 3.549e-16 -6.115e-14
3.125e-02 2.188e-01 -8.091e-14 -6.217e-14 1.055e-15 -6.112e-14
9.375e-02 2.188e-01 4.229e-13 3.078e-13 -1.665e-15 3.061e-13
1.562e-01 2.188e-01 -1.535e-12 -1.164e-12 -3.553e-15 -1.168e-12
2.188e-01 2.188e-01 5.840e-12 4.364e-12 -4.663e-15 4.359e-12
2.812e-01 2.188e-01 -2.166e-11 -1.627e-11 -2.109e-15 -1.627e-11
3.438e-01 2.188e-01 8.098e-11 6.072e-11 -6.661e-16 6.072e-11
4.062e-01 2.188e-01 -3.021e-10 -2.266e-10 3.428e-15 -2.266e-10
4.688e-01 2.188e-01 1.128e-09 8.457e-10 3.386e-15 8.457e-10
5.312e-01 2.188e-01 -4.208e-09 -3.156e-09 2.554e-15 -3.156e-09
5.938e-01 2.188e-01 1.571e-08 1.178e-08 3.886e-16 1.178e-08
6.562e-01 2.188e-01 -5.861e-08 -4.396e-08 -2.554e-15 -4.396e-08
7.188e-01 2.188e-01 2.187e-07 1.641e-07 1.776e-15 1.641e-07
7.812e-01 2.188e-01 7.899e-07 4.984e-02 1.144e-15 4.984e-02
8.438e-01 2.188e-01 4.299e-07 3.135e-01 -1.943e-15 3.135e-01
9.062e-01 2.188e-01 -5.453e-07 6.865e-01 1.332e-15 6.865e-01
9.688e-01 2.188e-01 -1.164e-06 9.502e-01 -1.388e-15 9.502e-01
1.031e+00 2.188e-01 -1.164e-06 9.502e-01 0.000e+00 9.502e-01
1.094e+00 2.188e-01 -5.453e-07 6.865e-01 4.441e-16 6.865e-01
1.156e+00 2.188e-01 4.299e-07 3.135e-01 -2.665e-15 3.135e-01
1.219e+00 2.188e-01 7.899e-07 4.984e-02 1.665e-15 4.984e-02
1.281e+00 2.188e-01 2.187e-07 1.641e-07 -1.776e-15 1.641e-07
1.344e+00 2.188e-01 -5.861e-08 -4.396e-08 -4.996e-16 -4.396e-08
1.406e+00 2.188e-01 1.571e-08 1.178e-08 1.208e-15 1.178e-08
1.469e+00 2.188e-01 -4.208e-09 -3.156e-09 -2.220e-15 -3.156e-09
1.531e+00 2.188e-01 1.128e-09 8.457e-10 -9.576e-16 8.457e-10
1.594e+00 2.188e-01 -3.021e-10 -2.266e-10 4.025e-16 -2.266e-10
1.656e+00 2.188e-01 8.095e-11 6.072e-11 4.580e-16 6.072e-11
1.719e+00 2.188e-01 -2.169e-11 -1.627e-11 3.331e-16 -1.627e-11
1.781e+00 2.188e-01 5.812e-12 4.358e-12 -4.163e-17 4.358e-12
1.844e+00 2.188e-01 -1.558e-12 -1.167e-12 1.665e-16 -1.166e-12
1.906e+00 2.188e-01 4.054e-13 3.069e-13 8.882e-16 3.078e-13
1.969e+00 2.188e-01 -8.364e-14 -6.151e-14 2.227e-16 -6.128e-14
