0.000000e+00 -5.104984e+09 5.104984e+09 
6.311520e+09 -4.817486e+09 4.835736e+09 
1.262304e+10 -4.580384e+09 4.634738e+09 
1.893456e+10 -4.400413e+09 4.453446e+09 
2.524608e+10 -4.240827e+09 4.307861e+09 
3.155760e+10 -4.114238e+09 4.170671e+09 
3.786912e+10 -3.996229e+09 4.056020e+09 
4.418064e+10 -3.896020e+09 3.947338e+09 
5.049216e+10 -3.804176e+09 3.852339e+09 
5.680368e+10 -3.712643e+09 3.761429e+09 
6.311520e+10 -3.627525e+09 3.672963e+09 
6.942672e+10 -3.554616e+09 3.594490e+09 
7.573824e+10 -3.485992e+09 3.522282e+09 
8.204976e+10 -3.425013e+09 3.458938e+09 
8.836128e+10 -3.366973e+09 3.400228e+09 
9.467280e+10 -3.316115e+09 3.347599e+09 
1.009843e+11 -3.266298e+09 3.299014e+09 
1.072958e+11 -3.221864e+09 3.253173e+09 
1.136074e+11 -3.176641e+09 3.212512e+09 
1.199189e+11 -3.132635e+09 3.170830e+09 
1.262304e+11 -3.094147e+09 3.134160e+09 
1.325419e+11 -3.053783e+09 3.099086e+09 
1.388534e+11 -3.018242e+09 3.067680e+09 
1.451650e+11 -2.982311e+09 3.035461e+09 
1.514765e+11 -2.948584e+09 3.007112e+09 
1.577880e+11 -2.916784e+09 2.981046e+09 
1.640995e+11 -2.886360e+09 2.954712e+09 
1.704110e+11 -2.855886e+09 2.929630e+09 
1.767226e+11 -2.827995e+09 2.906308e+09 
1.830341e+11 -2.799774e+09 2.881381e+09 
1.893456e+11 -2.772616e+09 2.859929e+09 
1.956571e+11 -2.746334e+09 2.837958e+09 
2.019686e+11 -2.719767e+09 2.816953e+09 
2.082802e+11 -2.696602e+09 2.797581e+09 
2.145917e+11 -2.673647e+09 2.778535e+09 
2.209032e+11 -2.650469e+09 2.759603e+09 
2.272147e+11 -2.628814e+09 2.742930e+09 
2.335262e+11 -2.606514e+09 2.725966e+09 
2.398378e+11 -2.586415e+09 2.709909e+09 
2.461493e+11 -2.566639e+09 2.694108e+09 
2.524608e+11 -2.546387e+09 2.676482e+09 
2.587723e+11 -2.526206e+09 2.659612e+09 
2.650838e+11 -2.509708e+09 2.645160e+09 
2.713954e+11 -2.490666e+09 2.629360e+09 
2.777069e+11 -2.472148e+09 2.614251e+09 
2.840184e+11 -2.454255e+09 2.601082e+09 
2.903299e+11 -2.438458e+09 2.585949e+09 
2.966414e+11 -2.447734e+09 2.603702e+09 
3.029530e+11 -2.463393e+09 2.609791e+09 
3.092645e+11 -2.483138e+09 2.620472e+09 
3.155760e+11 -2.496686e+09 2.645617e+09 
3.218875e+11 -2.513327e+09 2.655662e+09 
3.281990e+11 -2.531534e+09 2.670750e+09 
3.345106e+11 -2.548934e+09 2.682241e+09 
3.408221e+11 -2.568044e+09 2.693441e+09 
3.471336e+11 -2.582492e+09 2.706476e+09 
3.534451e+11 -2.598305e+09 2.720793e+09 
3.597566e+11 -2.614735e+09 2.752591e+09 
3.660682e+11 -2.629622e+09 2.778349e+09 
3.723797e+11 -2.645149e+09 2.785134e+09 
3.786912e+11 -2.660961e+09 2.797689e+09 
3.850027e+11 -2.676401e+09 2.813734e+09 
3.913142e+11 -2.690573e+09 2.831847e+09 
3.976258e+11 -2.702397e+09 2.856448e+09 
4.039373e+11 -2.717339e+09 2.869077e+09 
4.102488e+11 -2.729305e+09 2.873794e+09 
4.165603e+11 -2.738982e+09 2.894145e+09 
4.228718e+11 -2.749464e+09 2.907996e+09 
4.291834e+11 -2.763911e+09 2.913036e+09 
4.354949e+11 -2.772811e+09 2.919519e+09 
4.418064e+11 -2.781679e+09 2.929273e+09 
4.481179e+11 -2.790155e+09 2.942465e+09 
4.544294e+11 -2.802739e+09 2.932559e+09 
4.607410e+11 -2.809099e+09 2.950075e+09 
4.670525e+11 -2.816602e+09 2.947495e+09 
4.733640e+11 -2.822564e+09 2.949608e+09 
4.796755e+11 -2.834300e+09 2.941493e+09 
4.859870e+11 -2.840213e+09 2.951651e+09 
4.922986e+11 -2.845549e+09 2.971193e+09 
4.986101e+11 -2.846847e+09 2.976699e+09 
5.049216e+11 -2.851839e+09 2.973679e+09 
5.112331e+11 -2.856583e+09 2.991526e+09 
5.175446e+11 -2.865251e+09 3.004518e+09 
5.238562e+11 -2.866529e+09 3.009322e+09 
5.301677e+11 -2.867734e+09 3.023204e+09 
5.364792e+11 -2.874606e+09 3.034690e+09 
5.427907e+11 -2.884054e+09 3.041401e+09 
5.491022e+11 -2.886909e+09 3.045163e+09 
5.554138e+11 -2.890817e+09 3.042399e+09 
5.617253e+11 -2.897641e+09 3.058065e+09 
5.680368e+11 -2.903488e+09 3.060352e+09 
5.743483e+11 -2.909987e+09 3.071213e+09 
5.806598e+11 -2.911908e+09 3.067753e+09 
5.869714e+11 -2.916268e+09 3.063845e+09 
5.932829e+11 -2.922970e+09 3.080322e+09 
5.995944e+11 -2.926574e+09 3.077029e+09 
6.059059e+11 -2.928657e+09 3.073262e+09 
6.122174e+11 -2.934860e+09 3.063197e+09 
6.185290e+11 -2.939654e+09 3.065676e+09 
6.248405e+11 -2.944385e+09 3.072572e+09 
6.311520e+11 -3.100471e+09 2.996856e+09 
6.374635e+11 -3.192142e+09 2.910944e+09 
6.437750e+11 -3.024121e+09 2.823162e+09 
6.500866e+11 -3.156499e+09 2.731205e+09 
6.563981e+11 -3.258066e+09 2.655171e+09 
6.627096e+11 -3.349077e+09 2.585756e+09 
6.690211e+11 -3.428238e+09 2.486101e+09 
6.753326e+11 -3.493835e+09 2.379791e+09 
6.816442e+11 -3.557747e+09 2.290705e+09 
6.879557e+11 -3.606306e+09 2.201817e+09 
6.942672e+11 -3.654258e+09 2.111023e+09 
7.005787e+11 -3.693353e+09 2.025535e+09 
7.068902e+11 -3.725418e+09 1.956804e+09 
7.132018e+11 -3.759646e+09 1.893135e+09 
7.195133e+11 -3.784278e+09 1.820533e+09 
7.258248e+11 -3.806597e+09 1.764969e+09 
7.321363e+11 -3.842299e+09 1.722671e+09 
7.384478e+11 -3.883551e+09 1.686357e+09 
7.447594e+11 -3.911306e+09 1.635955e+09 
7.510709e+11 -3.932091e+09 1.599896e+09 
7.573824e+11 -3.943387e+09 1.566656e+09 
7.636939e+11 -3.943759e+09 1.532158e+09 
7.700054e+11 -3.936266e+09 1.490561e+09 
7.763170e+11 -3.928374e+09 1.460471e+09 
7.826285e+11 -3.911778e+09 1.438428e+09 
7.889400e+11 -3.885051e+09 1.404022e+09 
7.952515e+11 -3.868347e+09 1.377447e+09 
8.015630e+11 -3.830925e+09 1.350559e+09 
8.078746e+11 -3.807662e+09 1.317726e+09 
8.141861e+11 -3.779585e+09 1.278236e+09 
8.204976e+11 -3.771621e+09 1.253498e+09 
8.268091e+11 -3.766154e+09 1.226345e+09 
8.331206e+11 -3.758951e+09 1.195334e+09 
8.394322e+11 -3.745550e+09 1.169835e+09 
8.457437e+11 -3.738793e+09 1.148135e+09 
8.520552e+11 -3.721765e+09 1.125530e+09 
8.583667e+11 -3.708423e+09 1.106060e+09 
8.646782e+11 -3.687047e+09 1.086278e+09 
8.709898e+11 -3.668625e+09 1.066526e+09 
8.773013e+11 -3.646474e+09 1.044842e+09 
8.836128e+11 -3.618290e+09 1.021618e+09 
8.899243e+11 -3.597451e+09 1.000811e+09 
8.962358e+11 -3.571713e+09 9.821595e+08 
9.025474e+11 -3.542488e+09 9.866892e+08 
9.088589e+11 -3.521704e+09 9.755178e+08 
9.151704e+11 -3.498153e+09 9.947641e+08 
9.214819e+11 -3.474381e+09 9.789805e+08 
9.277934e+11 -3.451957e+09 9.636084e+08 
9.341050e+11 -3.430130e+09 9.704472e+08 
9.404165e+11 -3.405695e+09 9.684779e+08 
9.467280e+11 -3.375188e+09 9.657602e+08 
9.530395e+11 -3.343086e+09 9.606038e+08 
9.593510e+11 -3.308318e+09 9.371806e+08 
9.656626e+11 -3.281856e+09 9.307388e+08 
9.719741e+11 -3.251462e+09 9.168780e+08 
9.782856e+11 -3.208151e+09 9.069194e+08 
9.845971e+11 -3.173926e+09 8.944391e+08 
9.909086e+11 -3.136194e+09 8.847952e+08 
9.972202e+11 -3.112404e+09 8.774858e+08 
1.003532e+12 -3.092931e+09 8.726163e+08 
1.009843e+12 -3.070791e+09 8.699646e+08 
1.016155e+12 -3.052665e+09 8.642250e+08 
1.022466e+12 -3.026203e+09 8.771015e+08 
1.028778e+12 -3.003931e+09 8.630830e+08 
1.035089e+12 -2.987763e+09 8.376643e+08 
1.041401e+12 -2.961012e+09 8.333472e+08 
1.047712e+12 -2.936181e+09 8.183729e+08 
1.054024e+12 -2.916572e+09 8.034821e+08 
1.060335e+12 -2.889253e+09 7.967557e+08 
1.066647e+12 -2.872490e+09 8.100959e+08 
1.072958e+12 -2.852125e+09 8.001364e+08 
1.079270e+12 -2.829052e+09 7.854743e+08 
1.085581e+12 -2.808175e+09 7.952415e+08 
1.091893e+12 -2.785148e+09 7.973230e+08 
1.098204e+12 -2.761762e+09 7.782222e+08 
1.104516e+12 -2.741352e+09 7.561747e+08 
1.110828e+12 -2.709703e+09 7.732583e+08 
1.117139e+12 -2.686565e+09 7.582933e+08 
1.123451e+12 -2.666578e+09 7.787148e+08 
1.129762e+12 -2.643537e+09 7.808752e+08 
1.136074e+12 -2.619676e+09 7.559028e+08 
1.142385e+12 -2.595164e+09 7.684821e+08 
1.148697e+12 -2.572917e+09 7.561209e+08 
1.155008e+12 -2.547579e+09 7.373627e+08 
1.161320e+12 -2.526255e+09 7.546947e+08 
1.167631e+12 -2.509076e+09 7.375512e+08 
1.173943e+12 -2.482114e+09 7.357875e+08 
1.180254e+12 -2.460052e+09 7.256889e+08 
1.186566e+12 -2.435595e+09 7.059356e+08 
1.192877e+12 -2.413384e+09 7.068560e+08 
1.199189e+12 -2.391272e+09 7.031615e+08 
1.205500e+12 -2.371671e+09 6.840730e+08 
1.211812e+12 -2.350950e+09 6.744952e+08 
1.218123e+12 -2.332289e+09 6.621939e+08 
1.224435e+12 -2.308602e+09 6.537305e+08 
1.230746e+12 -2.287322e+09 6.472328e+08 
1.237058e+12 -2.260960e+09 6.309786e+08 
1.243369e+12 -2.240569e+09 6.265795e+08 
1.249681e+12 -2.218985e+09 6.145204e+08 
1.255992e+12 -2.200420e+09 6.006265e+08 
1.262304e+12 -2.175940e+09 5.962449e+08 
1.268616e+12 -2.154905e+09 5.855625e+08 
1.274927e+12 -2.133975e+09 5.770886e+08 
1.281239e+12 -2.117626e+09 5.672080e+08 
1.287550e+12 -2.100413e+09 5.519763e+08 
1.293862e+12 -2.081662e+09 5.556636e+08 
1.300173e+12 -2.067216e+09 5.453515e+08 
1.306485e+12 -2.047077e+09 5.298674e+08 
