0.000000e+00 -3.560485e-12 3.560485e-12 
6.311520e+09 -2.408743e-12 2.417868e-12 
1.262304e+10 -2.290192e-12 2.317369e-12 
1.893456e+10 -2.200206e-12 2.226723e-12 
2.524608e+10 -2.120414e-12 2.153931e-12 
3.155760e+10 -2.057119e-12 2.085335e-12 
3.786912e+10 -1.998115e-12 2.028010e-12 
4.418064e+10 -1.948010e-12 1.973669e-12 
5.049216e+10 -1.902088e-12 1.926170e-12 
5.680368e+10 -1.856321e-12 1.880714e-12 
6.311520e+10 -1.813763e-12 1.836482e-12 
6.942672e+10 -1.777308e-12 1.797245e-12 
7.573824e+10 -1.742996e-12 1.761141e-12 
8.204976e+10 -1.712506e-12 1.729469e-12 
8.836128e+10 -1.683487e-12 1.700114e-12 
9.467280e+10 -1.658058e-12 1.673799e-12 
1.009843e+11 -1.633149e-12 1.649507e-12 
1.072958e+11 -1.610932e-12 1.626587e-12 
1.136074e+11 -1.588321e-12 1.606256e-12 
1.199189e+11 -1.566317e-12 1.585415e-12 
1.262304e+11 -1.547074e-12 1.567080e-12 
1.325419e+11 -1.526892e-12 1.549543e-12 
1.388534e+11 -1.509121e-12 1.533840e-12 
1.451650e+11 -1.491156e-12 1.517731e-12 
1.514765e+11 -1.474292e-12 1.503556e-12 
1.577880e+11 -1.458392e-12 1.490523e-12 
1.640995e+11 -1.443180e-12 1.477356e-12 
1.704110e+11 -1.427943e-12 1.464815e-12 
1.767226e+11 -1.413998e-12 1.453154e-12 
1.830341e+11 -1.399887e-12 1.440690e-12 
1.893456e+11 -1.386308e-12 1.429965e-12 
1.956571e+11 -1.373167e-12 1.418979e-12 
2.019686e+11 -1.359884e-12 1.408476e-12 
2.082802e+11 -1.348301e-12 1.398791e-12 
2.145917e+11 -1.336823e-12 1.389267e-12 
2.209032e+11 -1.325234e-12 1.379801e-12 
2.272147e+11 -1.314407e-12 1.371465e-12 
2.335262e+11 -1.303257e-12 1.362983e-12 
2.398378e+11 -1.293208e-12 1.354955e-12 
2.461493e+11 -1.283320e-12 1.347054e-12 
2.524608e+11 -1.273194e-12 1.338241e-12 
2.587723e+11 -1.263103e-12 1.329806e-12 
2.650838e+11 -1.254854e-12 1.322580e-12 
2.713954e+11 -1.245333e-12 1.314680e-12 
2.777069e+11 -1.236074e-12 1.307125e-12 
2.840184e+11 -1.227128e-12 1.300541e-12 
2.903299e+11 -1.218434e-12 1.292974e-12 
2.966414e+11 -1.209085e-12 1.284996e-12 
3.029530e+11 -1.200422e-12 1.277639e-12 
3.092645e+11 -1.192321e-12 1.271033e-12 
3.155760e+11 -1.183322e-12 1.263465e-12 
3.218875e+11 -1.175243e-12 1.256812e-12 
3.281990e+11 -1.166803e-12 1.250322e-12 
3.345106e+11 -1.157959e-12 1.243775e-12 
3.408221e+11 -1.149176e-12 1.237692e-12 
3.471336e+11 -1.141486e-12 1.231992e-12 
3.534451e+11 -1.133262e-12 1.226425e-12 
3.597566e+11 -1.124861e-12 1.220444e-12 
3.660682e+11 -1.117045e-12 1.214363e-12 
3.723797e+11 -1.109704e-12 1.209103e-12 
3.786912e+11 -1.101796e-12 1.203207e-12 
3.850027e+11 -1.094549e-12 1.197712e-12 
3.913142e+11 -1.087755e-12 1.192049e-12 
3.976258e+11 -1.081156e-12 1.187011e-12 
4.039373e+11 -1.074233e-12 1.181826e-12 
4.102488e+11 -1.067898e-12 1.176445e-12 
4.165603e+11 -1.060920e-12 1.171397e-12 
4.228718e+11 -1.053952e-12 1.166161e-12 
4.291834e+11 -1.047629e-12 1.161344e-12 
4.354949e+11 -1.040020e-12 1.156118e-12 
4.418064e+11 -1.033727e-12 1.151139e-12 
4.481179e+11 -1.026920e-12 1.146250e-12 
4.544294e+11 -1.021289e-12 1.141071e-12 
4.607410e+11 -1.014168e-12 1.136778e-12 
4.670525e+11 -1.007739e-12 1.132096e-12 
4.733640e+11 -1.000932e-12 1.126583e-12 
4.796755e+11 -9.947339e-13 1.122352e-12 
4.859870e+11 -9.886527e-13 1.117654e-12 
4.922986e+11 -9.821166e-13 1.114192e-12 
4.986101e+11 -9.753596e-13 1.109404e-12 
5.049216e+11 -9.694343e-13 1.104661e-12 
5.112331e+11 -9.633962e-13 1.100076e-12 
5.175446e+11 -9.573031e-13 1.095422e-12 
5.238562e+11 -9.513974e-13 1.090431e-12 
5.301677e+11 -9.446704e-13 1.086335e-12 
5.364792e+11 -9.391228e-13 1.083203e-12 
5.427907e+11 -9.327925e-13 1.114529e-12 
5.491022e+11 -9.270046e-13 1.074638e-12 
5.554138e+11 -9.213932e-13 1.069713e-12 
5.617253e+11 -9.149601e-13 1.065555e-12 
5.680368e+11 -9.092559e-13 1.061740e-12 
5.743483e+11 -9.043072e-13 1.057157e-12 
5.806598e+11 -8.991910e-13 1.053100e-12 
5.869714e+11 -8.940573e-13 1.049542e-12 
5.932829e+11 -8.889706e-13 1.045341e-12 
5.995944e+11 -8.832208e-13 1.041730e-12 
6.059059e+11 -8.774087e-13 1.037587e-12 
6.122174e+11 -8.723136e-13 1.034384e-12 
6.185290e+11 -8.674073e-13 1.031692e-12 
6.248405e+11 -8.628454e-13 1.027391e-12 
6.311520e+11 -3.970414e-12 1.484077e-12 
6.374635e+11 -3.139359e-12 1.375008e-12 
6.437750e+11 -2.232179e-12 1.265798e-12 
6.500866e+11 -1.930533e-12 1.169436e-12 
6.563981e+11 -1.896282e-12 1.191258e-12 
6.627096e+11 -1.501032e-12 1.068284e-12 
6.690211e+11 -1.305064e-12 9.473467e-13 
6.753326e+11 -1.328418e-12 9.163673e-13 
6.816442e+11 -1.314368e-12 9.060765e-13 
6.879557e+11 -1.269722e-12 8.604742e-13 
6.942672e+11 -1.340677e-12 8.350119e-13 
7.005787e+11 -1.282873e-12 8.108848e-13 
7.068902e+11 -1.347042e-12 7.889245e-13 
7.132018e+11 -1.284023e-12 7.849800e-13 
7.195133e+11 -1.390959e-12 7.658795e-13 
7.258248e+11 -1.295752e-12 7.288210e-13 
7.321363e+11 -1.282309e-12 7.104200e-13 
7.384478e+11 -1.271200e-12 6.930026e-13 
7.447594e+11 -1.269650e-12 6.762247e-13 
7.510709e+11 -1.258465e-12 6.601553e-13 
7.573824e+11 -1.256981e-12 6.444504e-13 
7.636939e+11 -1.255083e-12 6.303635e-13 
7.700054e+11 -1.254768e-12 6.164066e-13 
7.763170e+11 -1.223765e-12 6.030373e-13 
7.826285e+11 -1.195397e-12 5.900405e-13 
7.889400e+11 -1.206464e-12 5.778707e-13 
7.952515e+11 -1.130706e-12 5.660982e-13 
8.015630e+11 -1.136411e-12 5.549667e-13 
8.078746e+11 -1.131295e-12 5.441246e-13 
8.141861e+11 -1.139123e-12 5.336105e-13 
8.204976e+11 -1.130332e-12 5.236924e-13 
8.268091e+11 -1.136716e-12 5.140540e-13 
8.331206e+11 -1.115394e-12 5.048561e-13 
8.394322e+11 -1.106519e-12 5.470734e-13 
8.457437e+11 -1.094514e-12 5.294280e-13 
8.520552e+11 -1.088020e-12 4.788551e-13 
8.583667e+11 -1.081746e-12 4.704551e-13 
8.646782e+11 -1.033685e-12 4.628434e-13 
8.709898e+11 -1.062071e-12 4.551494e-13 
8.773013e+11 -1.047781e-12 4.475834e-13 
8.836128e+11 -9.930741e-13 5.532520e-13 
8.899243e+11 -1.032863e-12 4.565422e-13 
8.962358e+11 -9.684797e-13 4.931515e-13 
9.025474e+11 -9.415424e-13 4.877049e-13 
9.088589e+11 -8.691054e-13 4.368322e-13 
9.151704e+11 -8.794985e-13 4.411650e-13 
9.214819e+11 -8.627414e-13 3.999357e-13 
9.277934e+11 -8.983561e-13 4.195959e-13 
9.341050e+11 -8.596132e-13 5.091766e-13 
9.404165e+11 -8.746970e-13 3.825266e-13 
9.467280e+11 -8.798362e-13 5.585585e-13 
9.530395e+11 -8.869758e-13 3.712502e-13 
9.593510e+11 -8.680049e-13 3.854861e-13 
9.656626e+11 -8.612613e-13 5.377493e-13 
9.719741e+11 -8.725322e-13 4.821185e-13 
9.782856e+11 -8.632457e-13 4.426434e-13 
9.845971e+11 -8.339421e-13 4.053747e-13 
9.909086e+11 -8.617727e-13 4.808733e-13 
9.972202e+11 -8.690983e-13 3.874436e-13 
1.003532e+12 -8.518895e-13 4.651499e-13 
1.009843e+12 -8.563512e-13 4.513891e-13 
1.016155e+12 -8.372812e-13 3.704607e-13 
1.022466e+12 -8.099193e-13 3.928027e-13 
1.028778e+12 -8.257897e-13 4.277866e-13 
1.035089e+12 -8.043689e-13 3.839632e-13 
1.041401e+12 -8.078372e-13 4.057295e-13 
1.047712e+12 -7.942851e-13 3.029986e-13 
1.054024e+12 -7.687621e-13 3.135085e-13 
1.060335e+12 -7.542660e-13 3.464974e-13 
1.066647e+12 -7.549652e-13 4.468555e-13 
1.072958e+12 -7.498757e-13 3.395585e-13 
1.079270e+12 -7.115987e-13 2.883680e-13 
1.085581e+12 -7.175134e-13 4.926062e-13 
1.091893e+12 -6.301419e-13 3.136864e-13 
1.098204e+12 -6.599367e-13 3.738105e-13 
1.104516e+12 -6.989564e-13 3.464328e-13 
1.110828e+12 -6.498777e-13 3.243813e-13 
1.117139e+12 -5.884367e-13 3.205277e-13 
1.123451e+12 -5.951650e-13 3.496613e-13 
1.129762e+12 -6.154201e-13 2.625815e-13 
1.136074e+12 -5.917914e-13 2.884965e-13 
1.142385e+12 -5.875513e-13 2.749153e-13 
1.148697e+12 -5.801935e-13 2.670668e-13 
1.155008e+12 -5.865035e-13 3.425873e-13 
1.161320e+12 -5.774148e-13 3.466210e-13 
1.167631e+12 -5.791770e-13 3.693955e-13 
1.173943e+12 -5.747735e-13 3.517654e-13 
1.180254e+12 -5.704388e-13 2.843881e-13 
1.186566e+12 -5.729831e-13 3.539137e-13 
1.192877e+12 -5.682378e-13 4.130911e-13 
1.199189e+12 -5.570225e-13 2.344653e-13 
1.205500e+12 -5.535742e-13 3.493086e-13 
1.211812e+12 -5.493338e-13 2.988915e-13 
1.218123e+12 -5.537078e-13 2.980076e-13 
1.224435e+12 -5.470478e-13 3.264899e-13 
1.230746e+12 -5.401585e-13 2.564432e-13 
1.237058e+12 -5.411454e-13 3.287376e-13 
1.243369e+12 -5.427559e-13 2.744049e-13 
1.249681e+12 -5.323695e-13 2.505950e-13 
1.255992e+12 -5.381264e-13 3.420296e-13 
1.262304e+12 -5.309266e-13 5.157833e-13 
1.268616e+12 -5.248624e-13 2.605995e-13 
1.274927e+12 -5.235724e-13 2.494126e-13 
1.281239e+12 -5.331468e-13 2.870365e-13 
1.287550e+12 -5.202808e-13 2.523848e-13 
1.293862e+12 -5.157554e-13 2.146782e-13 
1.300173e+12 -5.160331e-13 2.476113e-13 
1.306485e+12 -5.032606e-13 3.084300e-13 
