6.311520e+09 -5.086297e+09 5.086297e+09 
1.262304e+10 -4.834732e+09 4.816524e+09 
1.893456e+10 -4.633647e+09 4.579377e+09 
2.524608e+10 -4.455697e+09 4.399477e+09 
3.155760e+10 -4.316350e+09 4.240319e+09 
3.786912e+10 -4.184910e+09 4.113536e+09 
4.418064e+10 -4.074702e+09 3.995547e+09 
5.049216e+10 -3.970484e+09 3.895332e+09 
5.680368e+10 -3.879062e+09 3.804018e+09 
6.311520e+10 -3.792754e+09 3.715665e+09 
6.942672e+10 -3.708997e+09 3.635734e+09 
7.573824e+10 -3.631419e+09 3.576658e+09 
8.204976e+10 -3.561218e+09 3.511860e+09 
8.836128e+10 -3.496185e+09 3.458997e+09 
9.467280e+10 -3.443118e+09 3.407535e+09 
1.009843e+11 -3.390881e+09 3.359750e+09 
1.072958e+11 -3.341408e+09 3.308505e+09 
1.136074e+11 -3.296558e+09 3.265288e+09 
1.199189e+11 -3.254885e+09 3.218146e+09 
1.262304e+11 -3.207923e+09 3.174707e+09 
1.325419e+11 -3.171745e+09 3.139628e+09 
1.388534e+11 -3.139475e+09 3.107969e+09 
1.451650e+11 -3.109321e+09 3.073689e+09 
1.514765e+11 -3.076497e+09 3.034668e+09 
1.577880e+11 -3.049454e+09 2.997012e+09 
1.640995e+11 -3.019145e+09 2.968569e+09 
1.704110e+11 -2.988162e+09 2.934983e+09 
1.767226e+11 -2.962539e+09 2.904652e+09 
1.830341e+11 -2.934034e+09 2.882528e+09 
1.893456e+11 -2.913840e+09 2.858762e+09 
1.956571e+11 -2.891075e+09 2.830364e+09 
2.019686e+11 -2.869620e+09 2.801321e+09 
2.082802e+11 -2.847959e+09 2.772511e+09 
2.145917e+11 -2.869600e+09 2.745925e+09 
2.209032e+11 -2.948582e+09 2.719564e+09 
2.272147e+11 -3.013563e+09 2.697120e+09 
2.335262e+11 -3.065989e+09 2.676113e+09 
2.398378e+11 -3.093210e+09 2.693326e+09 
2.461493e+11 -3.141136e+09 2.738134e+09 
2.524608e+11 -3.193328e+09 2.778704e+09 
2.587723e+11 -3.238756e+09 2.821008e+09 
2.650838e+11 -3.294156e+09 2.860557e+09 
2.713954e+11 -3.339248e+09 2.882485e+09 
2.777069e+11 -3.399855e+09 2.920467e+09 
2.840184e+11 -3.455450e+09 2.963653e+09 
2.903299e+11 -3.493193e+09 2.997923e+09 
2.966414e+11 -3.565869e+09 3.005692e+09 
3.029530e+11 -3.625569e+09 3.049272e+09 
3.092645e+11 -3.655828e+09 3.077173e+09 
3.155760e+11 -3.732159e+09 3.140983e+09 
3.218875e+11 -3.751695e+09 3.184708e+09 
3.281990e+11 -3.790802e+09 3.188321e+09 
3.345106e+11 -3.885755e+09 3.202962e+09 
3.408221e+11 -3.915763e+09 3.214991e+09 
3.471336e+11 -4.003164e+09 3.268504e+09 
3.534451e+11 -4.044521e+09 3.285049e+09 
3.597566e+11 -4.113271e+09 3.304229e+09 
3.660682e+11 -4.148231e+09 3.334267e+09 
3.723797e+11 -4.206420e+09 3.347728e+09 
3.786912e+11 -4.239046e+09 3.368040e+09 
3.850027e+11 -4.260536e+09 3.386467e+09 
3.913142e+11 -4.288555e+09 3.398665e+09 
3.976258e+11 -4.323396e+09 3.433040e+09 
4.039373e+11 -4.357580e+09 3.448466e+09 
4.102488e+11 -4.389007e+09 3.459437e+09 
4.165603e+11 -4.418463e+09 3.473351e+09 
4.228718e+11 -4.463891e+09 3.498838e+09 
4.291834e+11 -4.497080e+09 3.521489e+09 
4.354949e+11 -4.523824e+09 3.525392e+09 
4.418064e+11 -4.551965e+09 3.545205e+09 
4.481179e+11 -4.618501e+09 3.574367e+09 
4.544294e+11 -4.648052e+09 3.590991e+09 
4.607410e+11 -4.678559e+09 3.606683e+09 
4.670525e+11 -4.717843e+09 3.625125e+09 
4.733640e+11 -4.772528e+09 3.640127e+09 
4.796755e+11 -4.811128e+09 3.651949e+09 
4.859870e+11 -4.849408e+09 3.670980e+09 
4.922986e+11 -4.885718e+09 3.694204e+09 
4.986101e+11 -4.950271e+09 3.707877e+09 
5.049216e+11 -4.993542e+09 3.723970e+09 
5.112331e+11 -5.016657e+09 3.720207e+09 
5.175446e+11 -5.089849e+09 3.726273e+09 
5.238562e+11 -5.137353e+09 3.740487e+09 
5.301677e+11 -5.176415e+09 3.787729e+09 
5.364792e+11 -5.225812e+09 3.770744e+09 
5.427907e+11 -5.263008e+09 3.779512e+09 
5.491022e+11 -5.305040e+09 3.833117e+09 
5.554138e+11 -5.418565e+09 3.827891e+09 
5.617253e+11 -5.420923e+09 3.817262e+09 
5.680368e+11 -5.439502e+09 3.822768e+09 
5.743483e+11 -5.474869e+09 3.846165e+09 
5.806598e+11 -5.497433e+09 3.872639e+09 
5.869714e+11 -5.499209e+09 3.854785e+09 
5.932829e+11 -5.488723e+09 3.866111e+09 
5.995944e+11 -5.496455e+09 3.872038e+09 
6.059059e+11 -5.509759e+09 3.877316e+09 
6.122174e+11 -5.558161e+09 3.888108e+09 
6.185290e+11 -5.579982e+09 3.943478e+09 
6.248405e+11 -5.583190e+09 3.909848e+09 
6.311520e+11 -5.562181e+09 3.968677e+09 
6.374635e+11 -5.499812e+09 3.881327e+09 
6.437750e+11 -5.420647e+09 3.823010e+09 
6.500866e+11 -5.364443e+09 3.915329e+09 
6.563981e+11 -5.306809e+09 3.979402e+09 
6.627096e+11 -5.237345e+09 4.006857e+09 
6.690211e+11 -5.141729e+09 4.010709e+09 
6.753326e+11 -5.058533e+09 4.017916e+09 
6.816442e+11 -4.997352e+09 3.977607e+09 
6.879557e+11 -4.925192e+09 3.957979e+09 
6.942672e+11 -4.859520e+09 4.030348e+09 
7.005787e+11 -4.762482e+09 4.013572e+09 
7.068902e+11 -4.662263e+09 4.037995e+09 
7.132018e+11 -4.444075e+09 3.997875e+09 
7.195133e+11 -4.369198e+09 4.016005e+09 
7.258248e+11 -4.393875e+09 4.041866e+09 
7.321363e+11 -4.369490e+09 4.070724e+09 
7.384478e+11 -4.222925e+09 4.115622e+09 
7.447594e+11 -4.132103e+09 4.126809e+09 
7.510709e+11 -4.132089e+09 4.029767e+09 
7.573824e+11 -4.072330e+09 3.946541e+09 
7.636939e+11 -3.990737e+09 3.917547e+09 
7.700054e+11 -3.902637e+09 3.920540e+09 
7.763170e+11 -3.811893e+09 3.894528e+09 
7.826285e+11 -3.728693e+09 3.882570e+09 
7.889400e+11 -3.657902e+09 3.893183e+09 
7.952515e+11 -3.627375e+09 3.924726e+09 
8.015630e+11 -3.516416e+09 3.892335e+09 
8.078746e+11 -3.388477e+09 3.845841e+09 
8.141861e+11 -3.347152e+09 3.827421e+09 
8.204976e+11 -3.281688e+09 3.775708e+09 
8.268091e+11 -3.223021e+09 3.719230e+09 
8.331206e+11 -3.169468e+09 3.710316e+09 
8.394322e+11 -3.097653e+09 3.772200e+09 
8.457437e+11 -3.044967e+09 3.855480e+09 
8.520552e+11 -3.001311e+09 3.931126e+09 
8.583667e+11 -2.935015e+09 3.894082e+09 
8.646782e+11 -2.867739e+09 3.836137e+09 
8.709898e+11 -2.856079e+09 3.780659e+09 
8.773013e+11 -2.816873e+09 3.726221e+09 
8.836128e+11 -2.784130e+09 3.647574e+09 
8.899243e+11 -2.757601e+09 3.587574e+09 
8.962358e+11 -2.807486e+09 3.516385e+09 
9.025474e+11 -2.712019e+09 3.468724e+09 
9.088589e+11 -2.689113e+09 3.417325e+09 
9.151704e+11 -2.646321e+09 3.376751e+09 
9.214819e+11 -2.606383e+09 3.330778e+09 
9.277934e+11 -2.552580e+09 3.291469e+09 
9.341050e+11 -2.514549e+09 3.270508e+09 
9.404165e+11 -2.510597e+09 3.243650e+09 
9.467280e+11 -2.477709e+09 3.193279e+09 
9.530395e+11 -2.434660e+09 3.127061e+09 
9.593510e+11 -2.366178e+09 3.144746e+09 
9.656626e+11 -2.326102e+09 3.121364e+09 
9.719741e+11 -2.266500e+09 3.131773e+09 
9.782856e+11 -2.264091e+09 3.154570e+09 
9.845971e+11 -2.303993e+09 3.183439e+09 
9.909086e+11 -2.273262e+09 3.172175e+09 
9.972202e+11 -2.263734e+09 3.181117e+09 
1.003532e+12 -2.316247e+09 3.186786e+09 
1.009843e+12 -2.319265e+09 3.166321e+09 
1.016155e+12 -2.295731e+09 3.141626e+09 
1.022466e+12 -2.306915e+09 3.123427e+09 
1.028778e+12 -2.270777e+09 3.072710e+09 
1.035089e+12 -2.247667e+09 3.046400e+09 
1.041401e+12 -2.247709e+09 2.994036e+09 
1.047712e+12 -2.221615e+09 2.952709e+09 
1.054024e+12 -2.221495e+09 2.901290e+09 
1.060335e+12 -2.233869e+09 2.854942e+09 
1.066647e+12 -2.263699e+09 2.843759e+09 
1.072958e+12 -2.286655e+09 2.847566e+09 
1.079270e+12 -2.323918e+09 2.823721e+09 
1.085581e+12 -2.336356e+09 2.792315e+09 
1.091893e+12 -2.352312e+09 2.810334e+09 
1.098204e+12 -2.364494e+09 2.857357e+09 
1.104516e+12 -2.383768e+09 2.784741e+09 
1.110828e+12 -2.405932e+09 2.764237e+09 
1.117139e+12 -2.423096e+09 2.760948e+09 
1.123451e+12 -2.449488e+09 2.741719e+09 
1.129762e+12 -2.450021e+09 2.716725e+09 
1.136074e+12 -2.481485e+09 2.696713e+09 
1.142385e+12 -2.452613e+09 2.718550e+09 
1.148697e+12 -2.474520e+09 2.731382e+09 
1.155008e+12 -2.471550e+09 2.733393e+09 
1.161320e+12 -2.500046e+09 2.706725e+09 
1.167631e+12 -2.517472e+09 2.697837e+09 
1.173943e+12 -2.549791e+09 2.712379e+09 
1.180254e+12 -2.575020e+09 2.696661e+09 
1.186566e+12 -2.603508e+09 2.678426e+09 
1.192877e+12 -2.606834e+09 2.639453e+09 
1.199189e+12 -2.614508e+09 2.573038e+09 
1.205500e+12 -2.605134e+09 2.546459e+09 
1.211812e+12 -2.578755e+09 2.513944e+09 
1.218123e+12 -2.598928e+09 2.459779e+09 
1.224435e+12 -2.594911e+09 2.430102e+09 
1.230746e+12 -2.595350e+09 2.409424e+09 
1.237058e+12 -2.599064e+09 2.393760e+09 
1.243369e+12 -2.582156e+09 2.370419e+09 
1.249681e+12 -2.615365e+09 2.358553e+09 
1.255992e+12 -2.592813e+09 2.372224e+09 
1.262304e+12 -2.557073e+09 2.389118e+09 
1.268616e+12 -2.518891e+09 2.393695e+09 
1.274927e+12 -2.517851e+09 2.395658e+09 
1.281239e+12 -2.516619e+09 2.395730e+09 
1.287550e+12 -2.519179e+09 2.390189e+09 
1.293862e+12 -2.519282e+09 2.390813e+09 
1.300173e+12 -2.490500e+09 2.388212e+09 
1.306485e+12 -2.494030e+09 2.391433e+09 
1.312796e+12 -2.465245e+09 2.392877e+09 
