6.311520e+09 -1.510257e+09 3.348383e+09 
1.262304e+10 -1.410900e+09 3.699895e+09 
1.893456e+10 -1.291900e+09 4.030302e+09 
2.524608e+10 -1.172040e+09 4.093674e+09 
3.155760e+10 -1.148321e+09 4.024831e+09 
3.786912e+10 -1.191266e+09 3.835113e+09 
4.418064e+10 -1.263307e+09 3.661232e+09 
5.049216e+10 -1.315917e+09 3.515024e+09 
5.680368e+10 -1.354515e+09 3.309398e+09 
6.311520e+10 -1.380478e+09 3.239124e+09 
6.942672e+10 -1.398066e+09 3.148328e+09 
7.573824e+10 -1.409752e+09 3.068030e+09 
8.204976e+10 -1.499038e+09 3.034996e+09 
8.836128e+10 -1.586727e+09 3.020131e+09 
9.467280e+10 -1.671317e+09 3.009360e+09 
1.009843e+11 -1.753207e+09 3.072419e+09 
1.072958e+11 -1.832417e+09 3.132684e+09 
1.136074e+11 -1.909283e+09 3.185558e+09 
1.199189e+11 -1.983750e+09 3.233530e+09 
1.262304e+11 -2.056115e+09 3.275399e+09 
1.325419e+11 -2.126276e+09 3.323604e+09 
1.388534e+11 -2.194295e+09 3.392261e+09 
1.451650e+11 -2.259958e+09 3.439655e+09 
1.514765e+11 -2.323551e+09 3.517891e+09 
1.577880e+11 -2.385724e+09 3.583724e+09 
1.640995e+11 -2.445769e+09 3.618502e+09 
1.704110e+11 -2.504431e+09 3.632170e+09 
1.767226e+11 -2.561547e+09 3.665076e+09 
1.830341e+11 -2.617040e+09 3.722925e+09 
1.893456e+11 -2.670919e+09 3.767828e+09 
1.956571e+11 -2.723917e+09 3.809135e+09 
2.019686e+11 -2.775175e+09 3.838965e+09 
2.082802e+11 -2.825340e+09 3.854325e+09 
2.145917e+11 -2.874292e+09 3.870966e+09 
2.209032e+11 -2.921904e+09 3.907760e+09 
2.272147e+11 -2.968730e+09 3.937299e+09 
2.335262e+11 -3.014398e+09 3.943716e+09 
2.398378e+11 -3.058755e+09 3.963110e+09 
2.461493e+11 -3.102146e+09 3.973709e+09 
2.524608e+11 -3.144287e+09 3.977627e+09 
2.587723e+11 -3.185447e+09 4.010071e+09 
2.650838e+11 -3.225398e+09 4.039584e+09 
2.713954e+11 -3.264761e+09 4.059787e+09 
2.777069e+11 -3.303579e+09 4.071669e+09 
2.840184e+11 -3.341577e+09 4.081338e+09 
2.903299e+11 -3.378566e+09 4.089711e+09 
2.966414e+11 -3.414661e+09 4.091594e+09 
3.029530e+11 -3.450577e+09 4.092473e+09 
3.092645e+11 -3.485447e+09 4.110239e+09 
3.155760e+11 -3.519981e+09 4.134307e+09 
3.218875e+11 -3.553677e+09 4.152036e+09 
3.281990e+11 -3.586853e+09 4.166952e+09 
3.345106e+11 -3.619327e+09 4.175165e+09 
3.408221e+11 -3.651069e+09 4.178009e+09 
3.471336e+11 -3.682643e+09 4.214859e+09 
3.534451e+11 -3.713311e+09 4.242369e+09 
3.597566e+11 -3.743318e+09 4.262704e+09 
3.660682e+11 -3.772864e+09 4.273405e+09 
3.723797e+11 -3.802187e+09 4.280650e+09 
3.786912e+11 -3.830612e+09 4.282893e+09 
3.850027e+11 -3.858324e+09 4.284062e+09 
3.913142e+11 -3.884933e+09 4.316264e+09 
3.976258e+11 -3.911326e+09 4.358883e+09 
4.039373e+11 -3.937089e+09 4.394128e+09 
4.102488e+11 -3.962376e+09 4.418248e+09 
4.165603e+11 -3.986734e+09 4.440798e+09 
4.228718e+11 -4.010779e+09 4.456804e+09 
4.291834e+11 -4.034231e+09 4.469003e+09 
4.354949e+11 -4.057944e+09 4.478097e+09 
4.418064e+11 -4.080425e+09 4.490689e+09 
4.481179e+11 -4.103061e+09 4.524375e+09 
4.544294e+11 -4.125250e+09 4.553798e+09 
4.607410e+11 -4.147543e+09 4.577046e+09 
4.670525e+11 -4.168536e+09 4.592380e+09 
4.733640e+11 -4.189775e+09 4.601178e+09 
4.796755e+11 -4.210768e+09 4.609260e+09 
4.859870e+11 -4.231309e+09 4.614352e+09 
4.922986e+11 -4.251034e+09 4.621511e+09 
4.986101e+11 -4.271055e+09 4.644757e+09 
5.049216e+11 -4.290783e+09 4.689032e+09 
5.112331e+11 -4.309793e+09 4.729011e+09 
5.175446e+11 -4.328920e+09 4.777691e+09 
5.238562e+11 -4.347786e+09 4.821822e+09 
5.301677e+11 -4.366600e+09 4.857359e+09 
5.364792e+11 -4.385087e+09 4.886428e+09 
5.427907e+11 -4.403128e+09 4.913431e+09 
5.491022e+11 -4.420652e+09 4.927253e+09 
5.554138e+11 -4.437941e+09 4.940296e+09 
5.617253e+11 -4.455156e+09 4.949352e+09 
5.680368e+11 -4.471408e+09 4.953403e+09 
5.743483e+11 -4.487527e+09 4.965536e+09 
5.806598e+11 -4.503777e+09 4.966904e+09 
5.869714e+11 -4.519061e+09 4.979321e+09 
5.932829e+11 -4.534484e+09 5.017649e+09 
5.995944e+11 -4.548906e+09 5.044046e+09 
6.059059e+11 -4.563192e+09 5.066018e+09 
6.122174e+11 -4.577518e+09 5.084674e+09 
6.185290e+11 -4.591635e+09 5.097193e+09 
6.248405e+11 -4.605619e+09 5.112900e+09 
6.311520e+11 -4.618598e+09 5.111682e+09 
6.374635e+11 -4.494411e+09 4.915370e+09 
6.437750e+11 -4.380690e+09 4.765585e+09 
6.500866e+11 -4.276975e+09 4.564299e+09 
6.563981e+11 -4.177686e+09 4.432070e+09 
6.627096e+11 -4.083261e+09 4.279423e+09 
6.690211e+11 -3.993257e+09 4.156197e+09 
6.753326e+11 -3.906662e+09 4.071156e+09 
6.816442e+11 -3.823566e+09 3.960428e+09 
6.879557e+11 -3.744348e+09 3.808457e+09 
6.942672e+11 -3.668418e+09 3.679360e+09 
7.005787e+11 -3.596034e+09 3.608830e+09 
7.068902e+11 -3.524693e+09 3.543814e+09 
7.132018e+11 -3.456734e+09 3.479554e+09 
7.195133e+11 -3.391506e+09 3.388888e+09 
7.258248e+11 -3.330850e+09 3.323943e+09 
7.321363e+11 -3.273530e+09 3.284788e+09 
7.384478e+11 -3.225699e+09 3.244951e+09 
7.447594e+11 -3.180839e+09 3.205649e+09 
7.510709e+11 -3.136811e+09 3.189631e+09 
7.573824e+11 -3.095674e+09 3.165098e+09 
7.636939e+11 -3.055633e+09 3.145354e+09 
7.700054e+11 -3.055638e+09 3.092616e+09 
7.763170e+11 -3.032556e+09 3.071007e+09 
7.826285e+11 -3.021151e+09 3.009339e+09 
7.889400e+11 -3.028808e+09 2.989570e+09 
7.952515e+11 -2.981209e+09 2.932797e+09 
8.015630e+11 -2.971969e+09 2.883973e+09 
8.078746e+11 -2.901352e+09 2.843606e+09 
8.141861e+11 -2.880622e+09 2.804120e+09 
8.204976e+11 -2.879296e+09 2.762894e+09 
8.268091e+11 -2.859617e+09 2.715613e+09 
8.331206e+11 -2.816339e+09 2.673491e+09 
8.394322e+11 -2.824950e+09 2.625291e+09 
8.457437e+11 -2.809733e+09 2.573740e+09 
8.520552e+11 -2.832917e+09 2.519428e+09 
8.583667e+11 -2.839663e+09 2.472646e+09 
8.646782e+11 -2.820164e+09 2.416421e+09 
8.709898e+11 -2.807357e+09 2.369879e+09 
8.773013e+11 -2.802581e+09 2.317689e+09 
8.836128e+11 -2.761225e+09 2.279658e+09 
8.899243e+11 -2.745230e+09 2.247289e+09 
8.962358e+11 -2.726144e+09 2.229806e+09 
9.025474e+11 -2.731024e+09 2.214774e+09 
9.088589e+11 -2.706666e+09 2.214430e+09 
9.151704e+11 -2.721256e+09 2.203771e+09 
9.214819e+11 -2.699069e+09 2.195648e+09 
9.277934e+11 -2.700984e+09 2.169607e+09 
9.341050e+11 -2.682347e+09 2.139454e+09 
9.404165e+11 -2.688567e+09 2.132082e+09 
9.467280e+11 -2.665284e+09 2.142461e+09 
9.530395e+11 -2.666409e+09 2.129432e+09 
9.593510e+11 -2.657132e+09 2.118472e+09 
9.656626e+11 -2.651231e+09 2.120371e+09 
9.719741e+11 -2.671190e+09 2.130784e+09 
9.782856e+11 -2.656570e+09 2.174793e+09 
9.845971e+11 -2.654512e+09 2.153963e+09 
9.909086e+11 -2.645449e+09 2.184581e+09 
9.972202e+11 -2.642054e+09 2.195289e+09 
1.003532e+12 -2.628528e+09 2.217085e+09 
1.009843e+12 -2.620515e+09 2.232113e+09 
1.016155e+12 -2.606030e+09 2.225140e+09 
1.022466e+12 -2.589111e+09 2.207308e+09 
1.028778e+12 -2.573292e+09 2.174435e+09 
1.035089e+12 -2.538766e+09 2.155574e+09 
1.041401e+12 -2.517038e+09 2.143245e+09 
1.047712e+12 -2.496067e+09 2.132987e+09 
1.054024e+12 -2.476210e+09 2.110301e+09 
1.060335e+12 -2.459397e+09 2.090532e+09 
1.066647e+12 -2.449954e+09 2.072617e+09 
1.072958e+12 -2.431627e+09 2.037025e+09 
1.079270e+12 -2.410012e+09 1.982819e+09 
1.085581e+12 -2.391007e+09 1.974009e+09 
1.091893e+12 -2.376735e+09 1.942836e+09 
1.098204e+12 -2.374518e+09 1.914192e+09 
1.104516e+12 -2.360083e+09 1.893354e+09 
1.110828e+12 -2.358107e+09 1.886352e+09 
1.117139e+12 -2.355152e+09 1.868942e+09 
1.123451e+12 -2.346173e+09 1.866728e+09 
1.129762e+12 -2.336453e+09 1.860243e+09 
1.136074e+12 -2.330892e+09 1.846493e+09 
1.142385e+12 -2.343057e+09 1.863866e+09 
1.148697e+12 -2.342199e+09 1.866066e+09 
1.155008e+12 -2.332086e+09 1.855928e+09 
1.161320e+12 -2.331929e+09 1.877227e+09 
1.167631e+12 -2.309544e+09 1.899611e+09 
1.173943e+12 -2.302078e+09 1.907078e+09 
1.180254e+12 -2.298681e+09 1.910475e+09 
1.186566e+12 -2.336225e+09 1.872930e+09 
1.192877e+12 -2.344585e+09 1.864570e+09 
1.199189e+12 -2.360754e+09 1.848402e+09 
1.205500e+12 -2.366147e+09 1.843008e+09 
1.211812e+12 -2.366057e+09 1.843099e+09 
1.218123e+12 -2.348254e+09 1.860902e+09 
1.224435e+12 -2.347697e+09 1.861459e+09 
1.230746e+12 -2.325150e+09 1.838183e+09 
1.237058e+12 -2.318094e+09 1.835305e+09 
1.243369e+12 -2.313041e+09 1.841741e+09 
1.249681e+12 -2.294947e+09 1.819748e+09 
1.255992e+12 -2.298589e+09 1.831657e+09 
1.262304e+12 -2.308197e+09 1.845261e+09 
1.268616e+12 -2.316140e+09 1.852377e+09 
1.274927e+12 -2.297674e+09 1.827421e+09 
1.281239e+12 -2.278552e+09 1.848058e+09 
1.287550e+12 -2.274387e+09 1.851223e+09 
1.293862e+12 -2.253904e+09 1.856208e+09 
1.300173e+12 -2.252559e+09 1.827724e+09 
1.306485e+12 -2.241737e+09 1.812044e+09 
1.312796e+12 -2.235357e+09 1.812228e+09 
