0.000000e+00 -4.958483e-07 4.958483e-07 0.000000e+00
6.311520e+09 -4.475934e-07 4.436873e-07 2.000000e+02
1.262304e+10 -4.346242e-07 4.308322e-07 4.000000e+02
1.893456e+10 -4.244459e-07 4.180972e-07 6.000000e+02
2.524608e+10 -4.132247e-07 4.087567e-07 8.000000e+02
3.155760e+10 -4.044216e-07 3.990043e-07 1.000000e+03
3.786912e+10 -3.952494e-07 3.912439e-07 1.200000e+03
4.418064e+10 -3.875631e-07 3.832279e-07 1.400000e+03
5.049216e+10 -3.799996e-07 3.765149e-07 1.600000e+03
5.680368e+10 -3.732419e-07 3.693803e-07 1.800000e+03
6.311520e+10 -3.661946e-07 3.633274e-07 2.000000e+03
6.942672e+10 -3.599484e-07 3.576379e-07 2.200000e+03
7.573824e+10 -3.537466e-07 3.519265e-07 2.400000e+03
8.204976e+10 -3.483430e-07 3.467599e-07 2.600000e+03
8.836128e+10 -3.426188e-07 3.414940e-07 2.800000e+03
9.467280e+10 -3.379117e-07 3.367393e-07 3.000000e+03
1.009843e+11 -3.329275e-07 3.318395e-07 3.200000e+03
1.072958e+11 -3.284771e-07 3.271072e-07 3.400000e+03
1.136074e+11 -3.241298e-07 3.226972e-07 3.600000e+03
1.199189e+11 -3.197102e-07 3.178586e-07 3.800000e+03
1.262304e+11 -3.157342e-07 3.137813e-07 4.000000e+03
1.325419e+11 -3.115615e-07 3.094767e-07 4.200000e+03
1.388534e+11 -3.080248e-07 3.056944e-07 4.400000e+03
1.451650e+11 -3.041940e-07 3.017493e-07 4.600000e+03
1.514765e+11 -3.005835e-07 2.982258e-07 4.800000e+03
1.577880e+11 -2.971743e-07 2.946951e-07 5.000000e+03
1.640995e+11 -2.939664e-07 2.913796e-07 5.200000e+03
1.704110e+11 -2.906263e-07 2.880163e-07 5.400000e+03
1.767226e+11 -2.876549e-07 2.848482e-07 5.600000e+03
1.830341e+11 -2.844932e-07 2.816009e-07 5.800000e+03
1.893456e+11 -2.817414e-07 2.786474e-07 6.000000e+03
1.956571e+11 -2.787407e-07 2.753723e-07 6.200000e+03
2.019686e+11 -2.757391e-07 2.724236e-07 6.400000e+03
2.082802e+11 -2.734308e-07 2.696293e-07 6.600000e+03
2.145917e+11 -2.709184e-07 2.669219e-07 6.800000e+03
2.209032e+11 -2.683488e-07 2.640694e-07 7.000000e+03
2.272147e+11 -2.659586e-07 2.617020e-07 7.200000e+03
2.335262e+11 -2.634878e-07 2.590804e-07 7.400000e+03
2.398378e+11 -2.611792e-07 2.566939e-07 7.600000e+03
2.461493e+11 -2.590811e-07 2.542130e-07 7.800000e+03
2.524608e+11 -2.567535e-07 2.515855e-07 8.000000e+03
2.587723e+11 -2.544305e-07 2.492566e-07 8.200000e+03
2.650838e+11 -2.526162e-07 2.470584e-07 8.400000e+03
2.713954e+11 -2.505084e-07 2.443208e-07 8.600000e+03
2.777069e+11 -2.483998e-07 2.417102e-07 8.800000e+03
2.840184e+11 -2.466951e-07 2.395763e-07 9.000000e+03
2.903299e+11 -2.446367e-07 2.373211e-07 9.200000e+03
2.966414e+11 -2.427441e-07 2.348712e-07 9.400000e+03
3.029530e+11 -2.409302e-07 2.327159e-07 9.600000e+03
3.092645e+11 -2.391996e-07 2.306084e-07 9.800000e+03
3.155760e+11 -2.372262e-07 2.285081e-07 1.000000e+04
3.218875e+11 -2.355298e-07 2.264863e-07 1.020000e+04
3.281990e+11 -2.337009e-07 2.244843e-07 1.040000e+04
3.345106e+11 -2.317740e-07 2.225288e-07 1.060000e+04
3.408221e+11 -2.299545e-07 2.205894e-07 1.080000e+04
3.471336e+11 -2.284551e-07 2.187911e-07 1.100000e+04
3.534451e+11 -2.267330e-07 2.170923e-07 1.120000e+04
3.597566e+11 -2.248816e-07 2.153521e-07 1.140000e+04
3.660682e+11 -2.233168e-07 2.137996e-07 1.160000e+04
3.723797e+11 -2.218917e-07 2.119861e-07 1.180000e+04
3.786912e+11 -2.201915e-07 2.101542e-07 1.200000e+04
3.850027e+11 -2.187204e-07 2.087619e-07 1.220000e+04
3.913142e+11 -2.173856e-07 2.070848e-07 1.240000e+04
3.976258e+11 -2.160227e-07 2.055864e-07 1.260000e+04
4.039373e+11 -2.146274e-07 2.041007e-07 1.280000e+04
4.102488e+11 -2.133200e-07 2.026929e-07 1.300000e+04
4.165603e+11 -2.118349e-07 2.012401e-07 1.320000e+04
4.228718e+11 -2.104441e-07 1.997658e-07 1.340000e+04
4.291834e+11 -2.091261e-07 1.984347e-07 1.360000e+04
4.354949e+11 -2.076113e-07 1.970159e-07 1.380000e+04
4.418064e+11 -2.063262e-07 1.958246e-07 1.400000e+04
4.481179e+11 -2.049318e-07 1.943702e-07 1.420000e+04
4.544294e+11 -2.038896e-07 1.931475e-07 1.440000e+04
4.607410e+11 -2.026007e-07 1.917320e-07 1.460000e+04
4.670525e+11 -2.010730e-07 1.905659e-07 1.480000e+04
4.733640e+11 -1.996645e-07 1.892210e-07 1.500000e+04
4.796755e+11 -1.984817e-07 1.879523e-07 1.520000e+04
4.859870e+11 -1.973048e-07 1.865947e-07 1.540000e+04
4.922986e+11 -1.960280e-07 1.853484e-07 1.560000e+04
4.986101e+11 -1.946187e-07 1.841445e-07 1.580000e+04
5.049216e+11 -1.934128e-07 1.827465e-07 1.600000e+04
5.112331e+11 -1.921652e-07 1.813772e-07 1.620000e+04
5.175446e+11 -1.910605e-07 1.801365e-07 1.640000e+04
5.238562e+11 -1.898618e-07 1.788817e-07 1.660000e+04
5.301677e+11 -1.884279e-07 1.776615e-07 1.680000e+04
5.364792e+11 -1.872703e-07 1.762276e-07 1.700000e+04
5.427907e+11 -1.859859e-07 1.749097e-07 1.720000e+04
5.491022e+11 -1.847523e-07 1.738413e-07 1.740000e+04
5.554138e+11 -1.837838e-07 1.726589e-07 1.760000e+04
5.617253e+11 -1.823819e-07 1.714537e-07 1.780000e+04
5.680368e+11 -1.811728e-07 1.702264e-07 1.800000e+04
5.743483e+11 -1.801829e-07 1.692054e-07 1.820000e+04
5.806598e+11 -1.791527e-07 1.681099e-07 1.840000e+04
5.869714e+11 -1.782121e-07 1.670944e-07 1.860000e+04
5.932829e+11 -1.771652e-07 1.662887e-07 1.880000e+04
5.995944e+11 -1.759055e-07 1.653004e-07 1.900000e+04
6.059059e+11 -1.746710e-07 1.642706e-07 1.920000e+04
6.122174e+11 -1.736578e-07 1.633213e-07 1.940000e+04
6.185290e+11 -1.727153e-07 1.623129e-07 1.960000e+04
6.248405e+11 -1.718454e-07 1.615125e-07 1.980000e+04
6.311520e+11 -3.201612e-07 3.591424e-07 2.000000e+04
6.374635e+11 -3.091225e-07 3.285126e-07 2.020000e+04
6.437750e+11 -2.968574e-07 3.085723e-07 2.040000e+04
6.500866e+11 -2.880774e-07 2.913154e-07 2.060000e+04
6.563981e+11 -2.795638e-07 2.785093e-07 2.080000e+04
6.627096e+11 -2.722329e-07 2.654021e-07 2.100000e+04
6.690211e+11 -2.638916e-07 2.551823e-07 2.120000e+04
6.753326e+11 -2.535373e-07 2.451151e-07 2.140000e+04
6.816442e+11 -2.451115e-07 2.355163e-07 2.160000e+04
6.879557e+11 -2.379263e-07 2.275807e-07 2.180000e+04
6.942672e+11 -2.302149e-07 2.212420e-07 2.200000e+04
7.005787e+11 -2.250404e-07 2.179231e-07 2.220000e+04
7.068902e+11 -2.151761e-07 2.142042e-07 2.240000e+04
7.132018e+11 -2.085743e-07 2.111006e-07 2.260000e+04
7.195133e+11 -2.027539e-07 2.076563e-07 2.280000e+04
7.258248e+11 -1.957664e-07 2.038012e-07 2.300000e+04
7.321363e+11 -1.896740e-07 1.999802e-07 2.320000e+04
7.384478e+11 -1.840685e-07 1.963071e-07 2.340000e+04
7.447594e+11 -1.766983e-07 1.922372e-07 2.360000e+04
7.510709e+11 -1.737919e-07 1.887572e-07 2.380000e+04
7.573824e+11 -1.668626e-07 1.847098e-07 2.400000e+04
7.636939e+11 -1.627640e-07 1.814194e-07 2.420000e+04
7.700054e+11 -1.585203e-07 1.782927e-07 2.440000e+04
7.763170e+11 -1.531128e-07 1.748753e-07 2.460000e+04
7.826285e+11 -1.490924e-07 1.714799e-07 2.480000e+04
7.889400e+11 -1.452867e-07 1.681907e-07 2.500000e+04
7.952515e+11 -1.407680e-07 1.646970e-07 2.520000e+04
8.015630e+11 -1.391824e-07 1.615400e-07 2.540000e+04
8.078746e+11 -1.350994e-07 1.585443e-07 2.560000e+04
8.141861e+11 -1.320335e-07 1.548466e-07 2.580000e+04
8.204976e+11 -1.290324e-07 1.517616e-07 2.600000e+04
8.268091e+11 -1.252249e-07 1.485551e-07 2.620000e+04
8.331206e+11 -1.228936e-07 1.457990e-07 2.640000e+04
8.394322e+11 -1.206000e-07 1.426402e-07 2.660000e+04
8.457437e+11 -1.172863e-07 1.393823e-07 2.680000e+04
8.520552e+11 -1.146357e-07 1.365936e-07 2.700000e+04
8.583667e+11 -1.125383e-07 1.346513e-07 2.720000e+04
8.646782e+11 -1.102993e-07 1.320721e-07 2.740000e+04
8.709898e+11 -1.082144e-07 1.296864e-07 2.760000e+04
8.773013e+11 -1.061852e-07 1.271910e-07 2.780000e+04
8.836128e+11 -1.042650e-07 1.251106e-07 2.800000e+04
8.899243e+11 -1.023750e-07 1.225881e-07 2.820000e+04
8.962358e+11 -1.005606e-07 1.203542e-07 2.840000e+04
9.025474e+11 -9.867896e-08 1.183322e-07 2.860000e+04
9.088589e+11 -9.700789e-08 1.163430e-07 2.880000e+04
9.151704e+11 -9.536195e-08 1.138331e-07 2.900000e+04
9.214819e+11 -9.370001e-08 1.116835e-07 2.920000e+04
9.277934e+11 -9.207484e-08 1.098321e-07 2.940000e+04
9.341050e+11 -9.051414e-08 1.073280e-07 2.960000e+04
9.404165e+11 -8.903799e-08 1.054300e-07 2.980000e+04
9.467280e+11 -8.756042e-08 1.035275e-07 3.000000e+04
9.530395e+11 -8.605189e-08 1.011896e-07 3.020000e+04
9.593510e+11 -8.464192e-08 9.993700e-08 3.040000e+04
9.656626e+11 -8.329352e-08 9.831971e-08 3.060000e+04
9.719741e+11 -8.193826e-08 9.619943e-08 3.080000e+04
9.782856e+11 -8.058588e-08 9.481402e-08 3.100000e+04
9.845971e+11 -7.930935e-08 9.302321e-08 3.120000e+04
9.909086e+11 -7.814737e-08 9.116741e-08 3.140000e+04
9.972202e+11 -7.687559e-08 8.972577e-08 3.160000e+04
1.003532e+12 -7.565186e-08 8.794877e-08 3.180000e+04
1.009843e+12 -7.446741e-08 8.657226e-08 3.200000e+04
1.016155e+12 -7.336695e-08 8.499504e-08 3.220000e+04
1.022466e+12 -7.227134e-08 8.344501e-08 3.240000e+04
1.028778e+12 -7.114868e-08 8.206703e-08 3.260000e+04
1.035089e+12 -7.005498e-08 8.060843e-08 3.280000e+04
1.041401e+12 -6.899381e-08 7.927874e-08 3.300000e+04
1.047712e+12 -6.799264e-08 7.810228e-08 3.320000e+04
1.054024e+12 -6.697681e-08 7.675830e-08 3.340000e+04
1.060335e+12 -6.596741e-08 7.552754e-08 3.360000e+04
1.066647e+12 -6.524576e-08 7.440443e-08 3.380000e+04
1.072958e+12 -6.402632e-08 7.319238e-08 3.400000e+04
1.079270e+12 -6.312932e-08 7.215408e-08 3.420000e+04
1.085581e+12 -6.216715e-08 7.086087e-08 3.440000e+04
1.091893e+12 -6.123664e-08 6.978601e-08 3.460000e+04
1.098204e+12 -6.036629e-08 6.879794e-08 3.480000e+04
1.104516e+12 -5.952799e-08 6.776006e-08 3.500000e+04
1.110828e+12 -5.871888e-08 6.680011e-08 3.520000e+04
1.117139e+12 -5.956732e-08 6.571600e-08 3.540000e+04
1.123451e+12 -5.809972e-08 6.438258e-08 3.560000e+04
1.129762e+12 -5.631788e-08 6.317520e-08 3.580000e+04
1.136074e+12 -5.623754e-08 6.245442e-08 3.600000e+04
1.142385e+12 -5.504351e-08 6.125725e-08 3.620000e+04
1.148697e+12 -5.440386e-08 6.025088e-08 3.640000e+04
1.155008e+12 -5.405911e-08 5.965586e-08 3.660000e+04
1.161320e+12 -5.371324e-08 5.845074e-08 3.680000e+04
1.167631e+12 -5.378654e-08 5.753546e-08 3.700000e+04
1.173943e+12 -5.391866e-08 5.656379e-08 3.720000e+04
1.180254e+12 -5.207096e-08 5.563114e-08 3.740000e+04
1.186566e+12 -5.142560e-08 5.498656e-08 3.760000e+04
1.192877e+12 -5.170026e-08 5.408802e-08 3.780000e+04
1.199189e+12 -4.950839e-08 5.332321e-08 3.800000e+04
1.205500e+12 -4.990431e-08 5.249538e-08 3.820000e+04
1.211812e+12 -4.978990e-08 5.166111e-08 3.840000e+04
1.218123e+12 -4.909325e-08 5.084689e-08 3.860000e+04
1.224435e+12 -4.855938e-08 4.994347e-08 3.880000e+04
1.230746e+12 -4.818276e-08 4.930013e-08 3.900000e+04
1.237058e+12 -4.909556e-08 4.862522e-08 3.920000e+04
1.243369e+12 -4.762767e-08 4.782316e-08 3.940000e+04
1.249681e+12 -4.850139e-08 4.746148e-08 3.960000e+04
1.255992e+12 -4.752172e-08 4.670403e-08 3.980000e+04
1.262304e+12 -4.721123e-08 4.591602e-08 4.000000e+04
1.268616e+12 -4.631640e-08 4.515628e-08 4.020000e+04
1.274927e+12 -4.541556e-08 4.463644e-08 4.040000e+04
1.281239e+12 -4.583356e-08 4.394214e-08 4.060000e+04
1.287550e+12 -4.649549e-08 4.340677e-08 4.080000e+04
1.293862e+12 -4.462013e-08 4.254055e-08 4.100000e+04
1.300173e+12 -4.511258e-08 4.200212e-08 4.120000e+04
1.306485e+12 -4.378491e-08 4.143807e-08 4.140000e+04
