6.311520e+09 -1.382466e-02 1.525370e-02 
1.262304e+10 -1.157711e-02 1.126689e-02 
1.893456e+10 -9.471883e-03 8.745235e-03 
2.524608e+10 -8.091049e-03 7.973839e-03 
3.155760e+10 -7.648026e-03 7.252235e-03 
3.786912e+10 -7.082680e-03 6.533178e-03 
4.418064e+10 -6.751621e-03 6.088417e-03 
5.049216e+10 -6.277367e-03 5.671311e-03 
5.680368e+10 -5.888958e-03 5.209876e-03 
6.311520e+10 -5.770572e-03 5.057266e-03 
6.942672e+10 -5.602960e-03 5.022088e-03 
7.573824e+10 -6.075347e-03 4.746446e-03 
8.204976e+10 -5.377215e-03 4.561048e-03 
8.836128e+10 -5.462383e-03 4.363196e-03 
9.467280e+10 -5.349569e-03 4.219026e-03 
1.009843e+11 -5.046448e-03 4.089375e-03 
1.072958e+11 -5.032277e-03 3.986600e-03 
1.136074e+11 -5.005466e-03 3.861103e-03 
1.199189e+11 -4.761430e-03 3.780549e-03 
1.262304e+11 -4.727636e-03 3.658386e-03 
1.325419e+11 -4.813998e-03 3.592748e-03 
1.388534e+11 -4.806073e-03 3.457474e-03 
1.451650e+11 -4.712025e-03 3.371629e-03 
1.514765e+11 -4.574724e-03 3.282685e-03 
1.577880e+11 -4.679573e-03 3.176095e-03 
1.640995e+11 -4.809023e-03 3.117220e-03 
1.704110e+11 -4.663112e-03 3.006007e-03 
1.767226e+11 -4.755483e-03 2.929274e-03 
1.830341e+11 -4.662487e-03 2.857536e-03 
1.893456e+11 -4.753601e-03 2.785317e-03 
1.956571e+11 -4.791431e-03 2.704146e-03 
2.019686e+11 -4.910523e-03 2.632349e-03 
2.082802e+11 -4.755809e-03 2.584605e-03 
2.145917e+11 -4.858615e-03 2.512250e-03 
2.209032e+11 -4.964343e-03 2.455472e-03 
2.272147e+11 -5.056886e-03 2.446710e-03 
2.335262e+11 -4.963761e-03 2.495807e-03 
2.398378e+11 -4.970189e-03 2.443108e-03 
2.461493e+11 -5.096786e-03 2.318481e-03 
2.524608e+11 -5.023838e-03 2.360297e-03 
2.587723e+11 -5.109388e-03 2.339052e-03 
2.650838e+11 -5.092549e-03 2.469533e-03 
2.713954e+11 -5.135252e-03 2.676491e-03 
2.777069e+11 -5.157548e-03 2.352377e-03 
2.840184e+11 -5.312116e-03 2.665606e-03 
2.903299e+11 -5.283105e-03 2.327995e-03 
2.966414e+11 -5.135133e-03 2.473780e-03 
3.029530e+11 -5.232963e-03 2.451937e-03 
3.092645e+11 -5.238880e-03 2.286458e-03 
3.155760e+11 -5.206305e-03 2.454353e-03 
3.218875e+11 -5.171854e-03 2.439477e-03 
3.281990e+11 -5.203811e-03 2.417711e-03 
3.345106e+11 -5.225001e-03 2.319615e-03 
3.408221e+11 -5.231981e-03 2.399734e-03 
3.471336e+11 -5.347469e-03 2.311818e-03 
3.534451e+11 -5.343387e-03 2.418599e-03 
3.597566e+11 -5.352679e-03 2.284961e-03 
3.660682e+11 -5.402710e-03 2.198203e-03 
3.723797e+11 -5.396718e-03 2.379514e-03 
3.786912e+11 -5.345613e-03 2.199119e-03 
3.850027e+11 -5.323192e-03 2.713447e-03 
3.913142e+11 -5.316796e-03 2.720426e-03 
3.976258e+11 -5.299865e-03 2.497794e-03 
4.039373e+11 -5.285943e-03 3.395555e-03 
4.102488e+11 -5.269778e-03 3.083573e-03 
4.165603e+11 -5.276417e-03 3.091717e-03 
4.228718e+11 -5.224914e-03 2.724560e-03 
4.291834e+11 -5.224096e-03 3.106524e-03 
4.354949e+11 -5.168825e-03 3.342455e-03 
4.418064e+11 -5.296914e-03 2.444667e-03 
4.481179e+11 -5.256584e-03 2.703773e-03 
4.544294e+11 -5.138721e-03 2.528559e-03 
4.607410e+11 -5.168503e-03 2.519915e-03 
4.670525e+11 -5.174341e-03 2.419547e-03 
4.733640e+11 -5.100511e-03 2.495018e-03 
4.796755e+11 -5.013276e-03 2.439143e-03 
4.859870e+11 -5.047288e-03 2.511974e-03 
4.922986e+11 -4.957811e-03 2.032691e-03 
4.986101e+11 -4.895122e-03 2.195604e-03 
5.049216e+11 -4.942824e-03 2.435684e-03 
5.112331e+11 -4.841490e-03 2.048348e-03 
5.175446e+11 -4.678944e-03 2.057078e-03 
5.238562e+11 -4.770849e-03 2.162533e-03 
5.301677e+11 -4.636201e-03 2.526078e-03 
5.364792e+11 -4.706440e-03 3.412925e-03 
5.427907e+11 -4.699523e-03 3.912133e-03 
5.491022e+11 -4.686954e-03 3.869030e-03 
5.554138e+11 -4.768650e-03 2.885119e-03 
5.617253e+11 -4.791480e-03 2.470477e-03 
5.680368e+11 -4.798280e-03 5.287454e-03 
5.743483e+11 -4.827490e-03 5.523064e-03 
5.806598e+11 -4.811561e-03 3.939395e-03 
5.869714e+11 -4.777742e-03 3.233799e-03 
5.932829e+11 -4.720681e-03 2.913333e-03 
5.995944e+11 -4.746175e-03 3.113464e-03 
6.059059e+11 -4.774806e-03 3.017954e-03 
6.122174e+11 -4.716447e-03 3.739867e-03 
6.185290e+11 -4.728233e-03 3.395075e-03 
6.248405e+11 -4.707121e-03 3.243165e-03 
6.311520e+11 -4.620530e-03 3.097414e-03 
6.374635e+11 -8.263414e-03 1.051003e-02 
6.437750e+11 -7.396337e-03 9.040235e-03 
6.500866e+11 -7.187092e-03 8.314328e-03 
6.563981e+11 -7.056961e-03 7.041390e-03 
6.627096e+11 -6.527543e-03 6.527866e-03 
6.690211e+11 -6.369617e-03 5.756110e-03 
6.753326e+11 -6.334651e-03 5.262489e-03 
6.816442e+11 -5.931572e-03 6.252314e-03 
6.879557e+11 -5.956866e-03 6.586255e-03 
6.942672e+11 -5.983089e-03 5.598045e-03 
7.005787e+11 -5.740417e-03 7.364300e-03 
7.068902e+11 -5.531399e-03 5.305348e-03 
7.132018e+11 -5.262842e-03 6.831930e-03 
7.195133e+11 -5.240589e-03 5.578354e-03 
7.258248e+11 -5.112915e-03 5.765135e-03 
7.321363e+11 -5.057222e-03 5.527225e-03 
7.384478e+11 -4.658806e-03 5.414173e-03 
7.447594e+11 -4.470652e-03 5.313205e-03 
7.510709e+11 -4.758888e-03 5.187488e-03 
7.573824e+11 -4.138101e-03 5.066608e-03 
7.636939e+11 -4.315263e-03 5.150880e-03 
7.700054e+11 -4.377773e-03 4.964924e-03 
7.763170e+11 -4.166115e-03 5.104120e-03 
7.826285e+11 -3.951431e-03 4.598845e-03 
7.889400e+11 -3.348365e-03 4.840128e-03 
7.952515e+11 -3.215617e-03 4.832279e-03 
8.015630e+11 -3.035788e-03 4.459462e-03 
8.078746e+11 -3.161588e-03 4.633854e-03 
8.141861e+11 -3.011645e-03 4.443790e-03 
8.204976e+11 -2.980499e-03 4.243913e-03 
8.268091e+11 -2.792708e-03 4.208405e-03 
8.331206e+11 -3.150885e-03 4.420312e-03 
8.394322e+11 -2.977133e-03 3.879885e-03 
8.457437e+11 -2.559570e-03 3.858079e-03 
8.520552e+11 -2.481760e-03 3.931049e-03 
8.583667e+11 -2.753263e-03 3.600607e-03 
8.646782e+11 -2.321043e-03 3.680794e-03 
8.709898e+11 -2.324868e-03 3.274087e-03 
8.773013e+11 -2.118641e-03 3.148993e-03 
8.836128e+11 -2.056709e-03 3.155076e-03 
8.899243e+11 -2.068219e-03 3.224153e-03 
8.962358e+11 -2.363335e-03 2.985209e-03 
9.025474e+11 -1.903674e-03 2.839355e-03 
9.088589e+11 -2.244494e-03 2.800638e-03 
9.151704e+11 -2.180904e-03 2.619843e-03 
9.214819e+11 -1.885141e-03 2.510811e-03 
9.277934e+11 -1.652307e-03 2.298011e-03 
9.341050e+11 -1.834791e-03 2.194942e-03 
9.404165e+11 -1.645383e-03 2.258818e-03 
9.467280e+11 -1.522430e-03 2.008447e-03 
9.530395e+11 -1.819700e-03 2.118290e-03 
9.593510e+11 -1.582631e-03 1.881899e-03 
9.656626e+11 -1.418452e-03 1.868148e-03 
9.719741e+11 -1.448519e-03 1.856151e-03 
9.782856e+11 -1.411317e-03 1.897427e-03 
9.845971e+11 -1.236599e-03 1.806057e-03 
9.909086e+11 -1.310679e-03 1.743752e-03 
9.972202e+11 -1.316728e-03 1.751707e-03 
1.003532e+12 -1.229365e-03 1.763241e-03 
1.009843e+12 -1.153128e-03 1.740576e-03 
1.016155e+12 -1.280190e-03 1.681002e-03 
1.022466e+12 -1.160332e-03 1.713484e-03 
1.028778e+12 -1.170693e-03 1.646243e-03 
1.035089e+12 -1.116543e-03 1.586715e-03 
1.041401e+12 -1.061069e-03 1.631101e-03 
1.047712e+12 -1.135450e-03 1.660169e-03 
1.054024e+12 -1.157324e-03 1.536682e-03 
1.060335e+12 -1.043729e-03 1.494756e-03 
1.066647e+12 -1.061748e-03 1.515199e-03 
1.072958e+12 -9.741510e-04 1.454891e-03 
1.079270e+12 -1.001896e-03 1.386366e-03 
1.085581e+12 -9.644077e-04 1.431035e-03 
1.091893e+12 -9.471618e-04 1.407589e-03 
1.098204e+12 -9.644892e-04 1.422531e-03 
1.104516e+12 -9.414459e-04 1.285879e-03 
1.110828e+12 -1.054476e-03 1.284826e-03 
1.117139e+12 -8.722454e-04 1.233464e-03 
1.123451e+12 -9.189564e-04 1.203961e-03 
1.129762e+12 -9.424239e-04 1.129419e-03 
1.136074e+12 -1.012115e-03 1.040702e-03 
1.142385e+12 -8.954458e-04 1.069452e-03 
1.148697e+12 -9.480051e-04 1.074946e-03 
1.155008e+12 -8.859523e-04 1.052348e-03 
1.161320e+12 -8.746722e-04 9.853446e-04 
1.167631e+12 -8.219254e-04 9.751003e-04 
1.173943e+12 -8.643805e-04 9.676145e-04 
1.180254e+12 -7.574166e-04 9.557608e-04 
1.186566e+12 -9.252256e-04 9.415531e-04 
1.192877e+12 -7.667462e-04 8.476310e-04 
1.199189e+12 -7.937570e-04 8.704323e-04 
1.205500e+12 -8.197008e-04 8.452294e-04 
1.211812e+12 -7.629366e-04 8.593421e-04 
1.218123e+12 -7.394903e-04 8.896613e-04 
1.224435e+12 -9.928948e-04 8.342477e-04 
1.230746e+12 -8.465593e-04 8.226303e-04 
1.237058e+12 -6.713299e-04 7.705367e-04 
1.243369e+12 -8.224787e-04 7.364258e-04 
1.249681e+12 -8.702658e-04 7.757776e-04 
1.255992e+12 -6.215853e-04 7.463702e-04 
1.262304e+12 -6.003883e-04 6.935227e-04 
1.268616e+12 -5.600387e-04 6.867076e-04 
1.274927e+12 -5.684080e-04 6.824039e-04 
1.281239e+12 -6.309386e-04 6.577890e-04 
1.287550e+12 -5.543148e-04 6.818491e-04 
1.293862e+12 -5.650387e-04 6.315489e-04 
1.300173e+12 -4.927685e-04 6.375491e-04 
1.306485e+12 -5.172894e-04 6.105709e-04 
1.312796e+12 -5.136671e-04 5.949424e-04 
