6.311520e+09 -1.652637e-02 1.464026e-02 
1.262304e+10 -1.137160e-02 1.167978e-02 
1.893456e+10 -8.855525e-03 9.373713e-03 
2.524608e+10 -7.792293e-03 8.285356e-03 
3.155760e+10 -7.220300e-03 7.843890e-03 
3.786912e+10 -6.647789e-03 7.304934e-03 
4.418064e+10 -6.103443e-03 6.981421e-03 
5.049216e+10 -5.822293e-03 6.657102e-03 
5.680368e+10 -5.198505e-03 6.605687e-03 
6.311520e+10 -5.059103e-03 6.069836e-03 
6.942672e+10 -4.979941e-03 5.792508e-03 
7.573824e+10 -4.752779e-03 5.824664e-03 
8.204976e+10 -4.571709e-03 5.326680e-03 
8.836128e+10 -4.368611e-03 5.186972e-03 
9.467280e+10 -4.221943e-03 5.067083e-03 
1.009843e+11 -4.089560e-03 4.941259e-03 
1.072958e+11 -3.984464e-03 4.900797e-03 
1.136074e+11 -3.859228e-03 4.834622e-03 
1.199189e+11 -3.778596e-03 4.627477e-03 
1.262304e+11 -3.657186e-03 4.535665e-03 
1.325419e+11 -3.590889e-03 4.416229e-03 
1.388534e+11 -3.458863e-03 4.227253e-03 
1.451650e+11 -3.372894e-03 4.214794e-03 
1.514765e+11 -3.331467e-03 4.251154e-03 
1.577880e+11 -3.191243e-03 4.250080e-03 
1.640995e+11 -3.118024e-03 4.283654e-03 
1.704110e+11 -3.142772e-03 4.272332e-03 
1.767226e+11 -2.931447e-03 4.321934e-03 
1.830341e+11 -2.984668e-03 4.274690e-03 
1.893456e+11 -2.785901e-03 4.331634e-03 
1.956571e+11 -2.798091e-03 4.305998e-03 
2.019686e+11 -2.745685e-03 4.473882e-03 
2.082802e+11 -2.584566e-03 4.381018e-03 
2.145917e+11 -2.550695e-03 4.472630e-03 
2.209032e+11 -2.455963e-03 4.530851e-03 
2.272147e+11 -2.379617e-03 4.710399e-03 
2.335262e+11 -2.316806e-03 4.648202e-03 
2.398378e+11 -2.277048e-03 4.665122e-03 
2.461493e+11 -2.224062e-03 4.760688e-03 
2.524608e+11 -2.165319e-03 4.701971e-03 
2.587723e+11 -2.210218e-03 4.789043e-03 
2.650838e+11 -2.140168e-03 4.870477e-03 
2.713954e+11 -2.534458e-03 4.907761e-03 
2.777069e+11 -2.154992e-03 4.893101e-03 
2.840184e+11 -2.524079e-03 5.041575e-03 
2.903299e+11 -2.200848e-03 4.980636e-03 
2.966414e+11 -2.248472e-03 4.898207e-03 
3.029530e+11 -2.318951e-03 4.908976e-03 
3.092645e+11 -2.149054e-03 4.970623e-03 
3.155760e+11 -2.082234e-03 5.000046e-03 
3.218875e+11 -2.176449e-03 5.080556e-03 
3.281990e+11 -2.053431e-03 5.078243e-03 
3.345106e+11 -1.948176e-03 5.079445e-03 
3.408221e+11 -2.014720e-03 5.070128e-03 
3.471336e+11 -1.943209e-03 5.095509e-03 
3.534451e+11 -2.032988e-03 5.151312e-03 
3.597566e+11 -1.921123e-03 5.119537e-03 
3.660682e+11 -1.853271e-03 5.165531e-03 
3.723797e+11 -2.000440e-03 5.152932e-03 
3.786912e+11 -1.849733e-03 5.095368e-03 
3.850027e+11 -2.393112e-03 5.066585e-03 
3.913142e+11 -2.420850e-03 5.064029e-03 
3.976258e+11 -2.217967e-03 5.012638e-03 
4.039373e+11 -3.010494e-03 4.984803e-03 
4.102488e+11 -2.742501e-03 5.057997e-03 
4.165603e+11 -2.763581e-03 5.098768e-03 
4.228718e+11 -2.442688e-03 4.984235e-03 
4.291834e+11 -2.799470e-03 5.035354e-03 
4.354949e+11 -3.006289e-03 4.934107e-03 
4.418064e+11 -2.219899e-03 5.084247e-03 
4.481179e+11 -2.450958e-03 5.047573e-03 
4.544294e+11 -2.270403e-03 4.832527e-03 
4.607410e+11 -2.276238e-03 4.849941e-03 
4.670525e+11 -2.185972e-03 4.886194e-03 
4.733640e+11 -2.242486e-03 4.719095e-03 
4.796755e+11 -2.223231e-03 4.646817e-03 
4.859870e+11 -2.283372e-03 4.710312e-03 
4.922986e+11 -1.849538e-03 4.644037e-03 
4.986101e+11 -1.944730e-03 4.649965e-03 
5.049216e+11 -2.140026e-03 4.641200e-03 
5.112331e+11 -1.758008e-03 4.547178e-03 
5.175446e+11 -1.733411e-03 4.513613e-03 
5.238562e+11 -1.923873e-03 4.547052e-03 
5.301677e+11 -2.177037e-03 4.624653e-03 
5.364792e+11 -2.897234e-03 4.615632e-03 
5.427907e+11 -3.375028e-03 4.617555e-03 
5.491022e+11 -3.205652e-03 4.566589e-03 
5.554138e+11 -2.372697e-03 4.611904e-03 
5.617253e+11 -2.071873e-03 4.608717e-03 
5.680368e+11 -4.440085e-03 4.637169e-03 
5.743483e+11 -4.634191e-03 4.596395e-03 
5.806598e+11 -3.345023e-03 4.584192e-03 
5.869714e+11 -2.745944e-03 4.541118e-03 
5.932829e+11 -2.463303e-03 4.363555e-03 
5.995944e+11 -2.649083e-03 4.376301e-03 
6.059059e+11 -2.530545e-03 4.454337e-03 
6.122174e+11 -3.167383e-03 4.329755e-03 
6.185290e+11 -2.864191e-03 4.367241e-03 
6.248405e+11 -2.743633e-03 4.305851e-03 
6.311520e+11 -2.658789e-03 4.294957e-03 
6.374635e+11 -8.332643e-03 6.818242e-03 
6.437750e+11 -7.594380e-03 7.171454e-03 
6.500866e+11 -6.858985e-03 7.077481e-03 
6.563981e+11 -5.600648e-03 7.046877e-03 
6.627096e+11 -4.752727e-03 6.593637e-03 
6.690211e+11 -4.806237e-03 6.760658e-03 
6.753326e+11 -4.043866e-03 6.971418e-03 
6.816442e+11 -4.846908e-03 6.834577e-03 
6.879557e+11 -5.048168e-03 6.707711e-03 
6.942672e+11 -4.234937e-03 6.417510e-03 
7.005787e+11 -5.576587e-03 6.503268e-03 
7.068902e+11 -4.056450e-03 6.053200e-03 
7.132018e+11 -5.126433e-03 6.009125e-03 
7.195133e+11 -4.207921e-03 5.807097e-03 
7.258248e+11 -4.424973e-03 5.751933e-03 
7.321363e+11 -4.209629e-03 5.746461e-03 
7.384478e+11 -3.942225e-03 5.392720e-03 
7.447594e+11 -3.787713e-03 5.187141e-03 
7.510709e+11 -3.732947e-03 5.149192e-03 
7.573824e+11 -3.645249e-03 4.515642e-03 
7.636939e+11 -3.529587e-03 4.718825e-03 
7.700054e+11 -3.331470e-03 4.848677e-03 
7.763170e+11 -3.450000e-03 4.679136e-03 
7.826285e+11 -3.431245e-03 4.489105e-03 
7.889400e+11 -3.404188e-03 3.835171e-03 
7.952515e+11 -3.316902e-03 3.728513e-03 
8.015630e+11 -3.275003e-03 3.536821e-03 
8.078746e+11 -3.102985e-03 3.544414e-03 
8.141861e+11 -3.116150e-03 3.398533e-03 
8.204976e+11 -2.933363e-03 3.457007e-03 
8.268091e+11 -2.854198e-03 3.239903e-03 
8.331206e+11 -2.829972e-03 3.649133e-03 
8.394322e+11 -2.595867e-03 3.448665e-03 
8.457437e+11 -2.512692e-03 2.998260e-03 
8.520552e+11 -2.471501e-03 2.874377e-03 
8.583667e+11 -2.274903e-03 3.187348e-03 
8.646782e+11 -2.309796e-03 2.681052e-03 
8.709898e+11 -2.079222e-03 2.695612e-03 
8.773013e+11 -2.224451e-03 2.455867e-03 
8.836128e+11 -2.193129e-03 2.506652e-03 
8.899243e+11 -2.004483e-03 2.516494e-03 
8.962358e+11 -1.990482e-03 2.865522e-03 
9.025474e+11 -1.955320e-03 2.281871e-03 
9.088589e+11 -1.922294e-03 2.710782e-03 
9.151704e+11 -1.978247e-03 2.629012e-03 
9.214819e+11 -1.856670e-03 2.265029e-03 
9.277934e+11 -1.898909e-03 2.373136e-03 
9.341050e+11 -1.779239e-03 2.259233e-03 
9.404165e+11 -1.752363e-03 2.023485e-03 
9.467280e+11 -1.864655e-03 2.093588e-03 
9.530395e+11 -1.866792e-03 2.218928e-03 
9.593510e+11 -1.752186e-03 1.923531e-03 
9.656626e+11 -1.642169e-03 1.887651e-03 
9.719741e+11 -1.521272e-03 1.806401e-03 
9.782856e+11 -1.563298e-03 1.726849e-03 
9.845971e+11 -1.528411e-03 1.751632e-03 
9.909086e+11 -1.418687e-03 1.671418e-03 
9.972202e+11 -1.452136e-03 1.662203e-03 
1.003532e+12 -1.450213e-03 1.599119e-03 
1.009843e+12 -1.422624e-03 1.563263e-03 
1.016155e+12 -1.366005e-03 1.379691e-03 
1.022466e+12 -1.407676e-03 1.436726e-03 
1.028778e+12 -1.345384e-03 1.411635e-03 
1.035089e+12 -1.283437e-03 1.408699e-03 
1.041401e+12 -1.344037e-03 1.300406e-03 
1.047712e+12 -1.351888e-03 1.238386e-03 
1.054024e+12 -1.255375e-03 1.222084e-03 
1.060335e+12 -1.209590e-03 1.214090e-03 
1.066647e+12 -1.248005e-03 1.106862e-03 
1.072958e+12 -1.198296e-03 1.211159e-03 
1.079270e+12 -1.125326e-03 1.126312e-03 
1.085581e+12 -1.158319e-03 1.075748e-03 
1.091893e+12 -1.148705e-03 1.085710e-03 
1.098204e+12 -1.167595e-03 9.997400e-04 
1.104516e+12 -1.054476e-03 1.098614e-03 
1.110828e+12 -1.053703e-03 1.151193e-03 
1.117139e+12 -1.023849e-03 1.064639e-03 
1.123451e+12 -9.941664e-04 1.079570e-03 
1.129762e+12 -9.420474e-04 1.117155e-03 
1.136074e+12 -8.785590e-04 9.821001e-04 
1.142385e+12 -9.234398e-04 1.159388e-03 
1.148697e+12 -8.600820e-04 9.736020e-04 
1.155008e+12 -8.600197e-04 9.056110e-04 
1.161320e+12 -8.451128e-04 9.756599e-04 
1.167631e+12 -8.228101e-04 9.367118e-04 
1.173943e+12 -8.021844e-04 9.249865e-04 
1.180254e+12 -8.249006e-04 9.557266e-04 
1.186566e+12 -7.810771e-04 9.478947e-04 
1.192877e+12 -7.540950e-04 1.003990e-03 
1.199189e+12 -7.797839e-04 9.059215e-04 
1.205500e+12 -7.418890e-04 8.338928e-04 
1.211812e+12 -7.585427e-04 7.709343e-04 
1.218123e+12 -7.849127e-04 8.192959e-04 
1.224435e+12 -7.241962e-04 1.078925e-03 
1.230746e+12 -7.151022e-04 9.176043e-04 
1.237058e+12 -6.808540e-04 8.605712e-04 
1.243369e+12 -6.426591e-04 8.830777e-04 
1.249681e+12 -6.683806e-04 9.780195e-04 
1.255992e+12 -6.755150e-04 7.753812e-04 
1.262304e+12 -6.193472e-04 7.276118e-04 
1.268616e+12 -5.672680e-04 6.710592e-04 
1.274927e+12 -5.745564e-04 9.021640e-04 
1.281239e+12 -5.644226e-04 6.771134e-04 
1.287550e+12 -5.754120e-04 7.116403e-04 
1.293862e+12 -5.157398e-04 6.124474e-04 
1.300173e+12 -5.218675e-04 6.288048e-04 
1.306485e+12 -4.931040e-04 6.881141e-04 
1.312796e+12 -4.871672e-04 6.039822e-04 
