nel= 64 ; vrms = 0.008280
nel= 144 ; vrms = 0.006196
nel= 576 ; vrms = 0.008526
