#1 2 3 4 5 6 7  8  9 10 11 12 13
#x y z u v w p xx yy zz xy xz yz
0.000000e+00 0.000000e+00 2.500000e+04 0.000000e+00 0.000000e+00 2.801434e-01 -7.099201e+05 1.785750e+06 3.477159e+05 -3.705393e+03 -1.152598e-01 -4.204911e+03 -1.192499e+00 
1.562500e+02 0.000000e+00 2.500000e+04 1.164119e-02 0.000000e+00 2.796775e-01 -7.067192e+05 1.777661e+06 3.461482e+05 -3.651481e+03 -2.576758e-01 -8.346546e+03 -9.679299e-01 
3.125000e+02 0.000000e+00 2.500000e+04 2.317378e-02 0.000000e+00 2.782884e-01 -6.972108e+05 1.753633e+06 3.414910e+05 -3.491777e+03 -5.148379e-01 -1.644757e+04 -5.287761e-01 
4.687500e+02 0.000000e+00 2.500000e+04 3.449246e-02 0.000000e+00 2.760011e-01 -6.816675e+05 1.714359e+06 3.338780e+05 -3.234666e+03 -6.129692e-01 -2.407368e+04 -6.043765e-02 
6.250000e+02 0.000000e+00 2.500000e+04 4.549815e-02 0.000000e+00 2.728559e-01 -6.605226e+05 1.660942e+06 3.235213e+05 -2.895905e+03 -5.700704e-01 -3.102120e+04 4.727083e-01 
7.812500e+02 0.000000e+00 2.500000e+04 5.610076e-02 0.000000e+00 2.689070e-01 -6.343507e+05 1.594844e+06 3.107024e+05 -2.493944e+03 -4.323711e-01 -3.712583e+04 8.349125e-01 
9.375000e+02 0.000000e+00 2.500000e+04 6.622122e-02 0.000000e+00 2.642200e-01 -6.038326e+05 1.517792e+06 2.957547e+05 -2.049530e+03 -2.016368e-01 -4.226953e+04 9.485944e-01 
1.093750e+03 0.000000e+00 2.500000e+04 7.579316e-02 0.000000e+00 2.588694e-01 -5.697203e+05 1.431699e+06 2.790467e+05 -1.584931e+03 -2.251913e-02 -4.638334e+04 9.636229e-01 
1.250000e+03 0.000000e+00 2.500000e+04 8.476362e-02 0.000000e+00 2.529359e-01 -5.328028e+05 1.338565e+06 2.609646e+05 -1.121229e+03 7.573600e-02 -4.944391e+04 1.058142e+00 
1.406250e+03 0.000000e+00 2.500000e+04 9.309353e-02 0.000000e+00 2.465037e-01 -4.938728e+05 1.240398e+06 2.418969e+05 -6.761217e+02 8.608084e-02 -5.147287e+04 1.354696e+00 
1.562500e+03 0.000000e+00 2.500000e+04 1.007573e-01 0.000000e+00 2.396579e-01 -4.536938e+05 1.139129e+06 2.222174e+05 -2.646967e+02 1.904752e-01 -5.253145e+04 1.350468e+00 
1.718750e+03 0.000000e+00 2.500000e+04 1.077418e-01 0.000000e+00 2.324821e-01 -4.129779e+05 1.036555e+06 2.022749e+05 1.042715e+02 4.099914e-01 -5.270328e+04 8.209245e-01 
1.875000e+03 0.000000e+00 2.500000e+04 1.140458e-01 0.000000e+00 2.250568e-01 -3.723674e+05 9.342923e+05 1.823840e+05 4.257845e+02 4.023327e-01 -5.209373e+04 3.371830e-01 
2.031250e+03 0.000000e+00 2.500000e+04 1.196781e-01 0.000000e+00 2.174574e-01 -3.324175e+05 8.337422e+05 1.628167e+05 6.935284e+02 2.331738e-01 -5.082350e+04 1.305075e-01 
2.187500e+03 0.000000e+00 2.500000e+04 1.246557e-01 0.000000e+00 2.097535e-01 -2.935970e+05 7.360815e+05 1.438026e+05 9.068470e+02 5.285188e-02 -4.901187e+04 1.698795e-02 
2.343750e+03 0.000000e+00 2.500000e+04 1.290031e-01 0.000000e+00 2.020078e-01 -2.562838e+05 6.422562e+05 1.255267e+05 1.068365e+03 -1.864356e-01 -4.677561e+04 -1.567064e-01 
2.500000e+03 0.000000e+00 2.500000e+04 1.327499e-01 0.000000e+00 1.942760e-01 -2.207686e+05 5.529912e+05 1.081316e+05 1.183155e+03 -4.300152e-01 -4.422675e+04 -4.975966e-01 
2.656250e+03 0.000000e+00 2.500000e+04 1.359295e-01 0.000000e+00 1.866066e-01 -1.872620e+05 4.688091e+05 9.172014e+04 1.256629e+03 -6.749960e-01 -4.146826e+04 -9.963991e-01 
2.812500e+03 0.000000e+00 2.500000e+04 1.385784e-01 0.000000e+00 1.790408e-01 -1.558989e+05 3.900463e+05 7.635865e+04 1.291740e+03 -1.059084e+00 -3.858710e+04 -1.454685e+00 
2.968750e+03 0.000000e+00 2.500000e+04 1.407341e-01 0.000000e+00 1.716130e-01 -1.267557e+05 3.168866e+05 6.208442e+04 1.296073e+03 -1.604420e+00 -3.565601e+04 -1.454014e+00 
3.125000e+03 0.000000e+00 2.500000e+04 1.424348e-01 0.000000e+00 1.643517e-01 -9.985518e+04 2.493795e+05 4.890866e+04 1.277412e+03 -2.074416e+00 -3.274015e+04 -9.355795e-01 
3.281250e+03 0.000000e+00 2.500000e+04 1.437185e-01 0.000000e+00 1.572792e-01 -7.517392e+04 1.874621e+05 3.681988e+04 1.239738e+03 -2.337156e+00 -2.988857e+04 -2.930922e-01 
3.437500e+03 0.000000e+00 2.500000e+04 1.446222e-01 0.000000e+00 1.504128e-01 -5.265694e+04 1.309909e+05 2.579116e+04 1.188784e+03 -2.422590e+00 -2.713523e+04 4.019424e-01 
3.593750e+03 0.000000e+00 2.500000e+04 1.451815e-01 0.000000e+00 1.437652e-01 -3.222126e+04 7.975364e+04 1.578184e+04 1.128288e+03 -2.330964e+00 -2.451039e+04 1.203805e+00 
3.750000e+03 0.000000e+00 2.500000e+04 1.454303e-01 0.000000e+00 1.373453e-01 -1.376567e+04 3.349452e+04 6.742367e+03 1.060116e+03 -2.064137e+00 -2.203459e+04 1.675950e+00 
3.906250e+03 0.000000e+00 2.500000e+04 1.454005e-01 0.000000e+00 1.311582e-01 2.821969e+03 -8.071795e+03 -1.382189e+03 9.880769e+02 -1.735116e+00 -1.971496e+04 1.742635e+00 
4.062500e+03 0.000000e+00 2.500000e+04 1.451220e-01 0.000000e+00 1.252066e-01 1.766182e+04 -4.525119e+04 -8.650687e+03 9.164189e+02 -1.507005e+00 -1.755691e+04 1.827902e+00 
4.218750e+03 0.000000e+00 2.500000e+04 1.446225e-01 0.000000e+00 1.194903e-01 3.087852e+04 -7.835767e+04 -1.512417e+04 8.462836e+02 -1.122271e+00 -1.556564e+04 1.707073e+00 
4.375000e+03 0.000000e+00 2.500000e+04 1.439275e-01 0.000000e+00 1.140074e-01 4.259984e+04 -1.077095e+05 -2.086523e+04 7.751939e+02 -3.872812e-01 -1.373676e+04 1.125556e+00 
4.531250e+03 0.000000e+00 2.500000e+04 1.430604e-01 0.000000e+00 1.087543e-01 5.294624e+04 -1.336113e+05 -2.593285e+04 7.054291e+02 3.214337e-01 -1.206330e+04 3.877947e-01 
4.687500e+03 0.000000e+00 2.500000e+04 1.420425e-01 0.000000e+00 1.037264e-01 6.203438e+04 -1.563601e+05 -3.038418e+04 6.411082e+02 7.873361e-01 -1.054042e+04 -3.607162e-01 
4.843750e+03 0.000000e+00 2.500000e+04 1.408932e-01 0.000000e+00 9.891761e-02 6.997793e+04 -1.762410e+05 -3.427490e+04 5.820812e+02 1.068339e+00 -9.161190e+03 -1.341749e+00 
5.000000e+03 0.000000e+00 2.500000e+04 1.396301e-01 0.000000e+00 9.432149e-02 7.688209e+04 -1.935167e+05 -3.765653e+04 5.269480e+02 1.113235e+00 -7.915452e+03 -2.381950e+00 
5.156250e+03 0.000000e+00 2.500000e+04 1.382691e-01 0.000000e+00 8.993093e-02 8.284945e+04 -2.084428e+05 -4.057932e+04 4.738143e+02 8.261164e-01 -6.792118e+03 -2.868692e+00 
5.312500e+03 0.000000e+00 2.500000e+04 1.368242e-01 0.000000e+00 8.573849e-02 8.797187e+04 -2.212519e+05 -4.308826e+04 4.245838e+02 4.760293e-01 -5.782957e+03 -2.826347e+00 
5.468750e+03 0.000000e+00 2.500000e+04 1.353083e-01 0.000000e+00 8.173654e-02 9.233460e+04 -2.321587e+05 -4.522511e+04 3.800156e+02 3.913959e-01 -4.878545e+03 -2.554095e+00 
5.625000e+03 0.000000e+00 2.500000e+04 1.337327e-01 0.000000e+00 7.791727e-02 9.601589e+04 -2.413580e+05 -4.702819e+04 3.385346e+02 3.136812e-01 -4.070211e+03 -1.893911e+00 
5.781250e+03 0.000000e+00 2.500000e+04 1.321077e-01 0.000000e+00 7.427294e-02 9.908623e+04 -2.490280e+05 -4.853203e+04 3.013891e+02 1.738585e-01 -3.348997e+03 -1.024893e+00 
5.937500e+03 0.000000e+00 2.500000e+04 1.304423e-01 0.000000e+00 7.079595e-02 1.016143e+05 -2.553402e+05 -4.977029e+04 2.674100e+02 1.933256e-01 -2.708178e+03 -7.040428e-01 
6.093750e+03 0.000000e+00 2.500000e+04 1.287445e-01 0.000000e+00 6.747866e-02 1.036568e+05 -2.604362e+05 -5.077067e+04 2.365160e+02 4.204809e-01 -2.139777e+03 -7.264508e-01 
6.250000e+03 0.000000e+00 2.500000e+04 1.270214e-01 0.000000e+00 6.431368e-02 1.052673e+05 -2.644518e+05 -5.155951e+04 2.093425e+02 6.852104e-01 -1.635268e+03 -6.604288e-01 
6.406250e+03 0.000000e+00 2.500000e+04 1.252795e-01 0.000000e+00 6.129388e-02 1.064956e+05 -2.675111e+05 -5.216112e+04 1.853632e+02 7.025058e-01 -1.189803e+03 -1.128841e+00 
6.562500e+03 0.000000e+00 2.500000e+04 1.235243e-01 0.000000e+00 5.841226e-02 1.073859e+05 -2.697252e+05 -5.259716e+04 1.647819e+02 6.594463e-01 -7.968054e+02 -1.866224e+00 
6.718750e+03 0.000000e+00 2.500000e+04 1.217606e-01 0.000000e+00 5.566205e-02 1.079798e+05 -2.711964e+05 -5.288808e+04 1.449492e+02 7.019442e-01 -4.507745e+02 -2.352398e+00 
6.875000e+03 0.000000e+00 2.500000e+04 1.199928e-01 0.000000e+00 5.303685e-02 1.083105e+05 -2.720070e+05 -5.305005e+04 1.254653e+02 7.218442e-01 -1.460057e+02 -2.650528e+00 
7.031250e+03 0.000000e+00 2.500000e+04 1.182246e-01 0.000000e+00 5.053050e-02 1.084121e+05 -2.722451e+05 -5.309981e+04 1.086114e+02 5.123169e-01 1.205581e+02 -2.437102e+00 
7.187500e+03 0.000000e+00 2.500000e+04 1.164593e-01 0.000000e+00 4.813704e-02 1.083121e+05 -2.719803e+05 -5.305084e+04 9.479316e+01 -1.722374e-01 3.519501e+02 -1.940508e+00 
7.343750e+03 0.000000e+00 2.500000e+04 1.146996e-01 0.000000e+00 4.585094e-02 1.080338e+05 -2.712700e+05 -5.291449e+04 8.320008e+01 -9.966217e-01 5.527271e+02 -1.355243e+00 
7.500000e+03 0.000000e+00 2.500000e+04 1.129482e-01 0.000000e+00 4.366678e-02 1.076030e+05 -2.701788e+05 -5.270352e+04 7.327268e+01 -1.540568e+00 7.261185e+02 -3.128186e-01 
7.656250e+03 0.000000e+00 2.500000e+04 1.112070e-01 0.000000e+00 4.157945e-02 1.070389e+05 -2.687536e+05 -5.242723e+04 6.407906e+01 -1.726266e+00 8.766739e+02 7.304209e-01 
7.812500e+03 0.000000e+00 2.500000e+04 1.094780e-01 0.000000e+00 3.958424e-02 1.063603e+05 -2.670403e+05 -5.209486e+04 5.419209e+01 -1.742080e+00 1.006882e+03 9.497259e-01 
7.968750e+03 0.000000e+00 2.500000e+04 1.077627e-01 0.000000e+00 3.767650e-02 1.055828e+05 -2.650799e+05 -5.171404e+04 4.547089e+01 -1.856961e+00 1.117068e+03 7.439317e-01 
8.125000e+03 0.000000e+00 2.500000e+04 1.060625e-01 0.000000e+00 3.585178e-02 1.047197e+05 -2.629066e+05 -5.129127e+04 3.882687e+01 -1.775041e+00 1.210543e+03 7.060851e-01 
8.281250e+03 0.000000e+00 2.500000e+04 1.043784e-01 0.000000e+00 3.410608e-02 1.037865e+05 -2.605582e+05 -5.083419e+04 3.303287e+01 -1.498415e+00 1.289820e+03 2.202271e-01 
8.437500e+03 0.000000e+00 2.500000e+04 1.027115e-01 0.000000e+00 3.243543e-02 1.027922e+05 -2.580570e+05 -5.034722e+04 2.752661e+01 -1.502997e+00 1.352829e+03 -5.930754e-01 
8.593750e+03 0.000000e+00 2.500000e+04 1.010625e-01 0.000000e+00 3.083599e-02 1.017478e+05 -2.554288e+05 -4.983564e+04 2.119648e+01 -1.559183e+00 1.404691e+03 -9.147680e-01 
8.750000e+03 0.000000e+00 2.500000e+04 9.943198e-02 0.000000e+00 2.930438e-02 1.006628e+05 -2.527007e+05 -4.930425e+04 1.640677e+01 -1.398889e+00 1.448835e+03 -1.545336e+00 
8.906250e+03 0.000000e+00 2.500000e+04 9.782047e-02 0.000000e+00 2.783727e-02 9.954391e+04 -2.498894e+05 -4.875620e+04 1.384437e+01 -1.161424e+00 1.482146e+03 -2.611083e+00 
9.062500e+03 0.000000e+00 2.500000e+04 9.622836e-02 0.000000e+00 2.643142e-02 9.839896e+04 -2.470130e+05 -4.819541e+04 1.148575e+01 -7.957156e-01 1.507403e+03 -2.712924e+00 
9.218750e+03 0.000000e+00 2.500000e+04 9.465590e-02 0.000000e+00 2.508391e-02 9.723452e+04 -2.440871e+05 -4.762507e+04 8.593147e+00 -2.968763e-01 1.525977e+03 -2.171234e+00 
9.375000e+03 0.000000e+00 2.500000e+04 9.310327e-02 0.000000e+00 2.379196e-02 9.605637e+04 -2.411265e+05 -4.704802e+04 5.435070e+00 1.089854e-01 1.537911e+03 -1.735155e+00 
9.531250e+03 0.000000e+00 2.500000e+04 9.157062e-02 0.000000e+00 2.255291e-02 9.486781e+04 -2.381417e+05 -4.646587e+04 4.139024e+00 4.982968e-01 1.544087e+03 -1.244498e+00 
9.687500e+03 0.000000e+00 2.500000e+04 9.005797e-02 0.000000e+00 2.136422e-02 9.367332e+04 -2.351431e+05 -4.588081e+04 3.926038e+00 9.634251e-01 1.544478e+03 -9.868264e-01 
9.843750e+03 0.000000e+00 2.500000e+04 8.856536e-02 0.000000e+00 2.022357e-02 9.247608e+04 -2.321375e+05 -4.529441e+04 3.683112e+00 1.374161e+00 1.541456e+03 -6.660215e-01 
1.000000e+04 0.000000e+00 2.500000e+04 8.709275e-02 0.000000e+00 1.912859e-02 9.128080e+04 -2.291349e+05 -4.470896e+04 1.482893e+00 1.821711e+00 1.536665e+03 1.962554e-01 
1.015625e+04 0.000000e+00 2.500000e+04 8.563993e-02 0.000000e+00 1.807721e-02 9.009154e+04 -2.261455e+05 -4.412647e+04 -2.618616e+00 2.486682e+00 1.527845e+03 6.076191e-01 
1.031250e+04 0.000000e+00 2.500000e+04 8.420683e-02 0.000000e+00 1.706754e-02 8.890837e+04 -2.231720e+05 -4.354696e+04 -6.156636e+00 3.252848e+00 1.515481e+03 -5.771390e-01 
1.046875e+04 0.000000e+00 2.500000e+04 8.279337e-02 0.000000e+00 1.609759e-02 8.773374e+04 -2.202211e+05 -4.297163e+04 -8.524384e+00 3.584740e+00 1.502036e+03 -2.178421e+00 
1.062500e+04 0.000000e+00 2.500000e+04 8.139928e-02 0.000000e+00 1.516543e-02 8.656934e+04 -2.172987e+05 -4.240131e+04 -8.036269e+00 3.362317e+00 1.484718e+03 -1.819195e+00 
1.078125e+04 0.000000e+00 2.500000e+04 8.002423e-02 0.000000e+00 1.426935e-02 8.541799e+04 -2.144093e+05 -4.183738e+04 -7.303221e+00 3.150471e+00 1.464304e+03 -2.573391e-01 
1.093750e+04 0.000000e+00 2.500000e+04 7.866798e-02 0.000000e+00 1.340789e-02 8.428102e+04 -2.115540e+05 -4.128050e+04 -8.599824e+00 3.168669e+00 1.444484e+03 -3.473304e-01 
1.109375e+04 0.000000e+00 2.500000e+04 7.733037e-02 0.000000e+00 1.257952e-02 8.315849e+04 -2.087346e+05 -4.073069e+04 -1.018464e+01 3.023033e+00 1.424323e+03 -1.919384e+00 
1.125000e+04 0.000000e+00 2.500000e+04 7.601114e-02 0.000000e+00 1.178264e-02 8.205133e+04 -2.059548e+05 -4.018840e+04 -1.078137e+01 2.517343e+00 1.403137e+03 -2.609775e+00 
1.140625e+04 0.000000e+00 2.500000e+04 7.470991e-02 0.000000e+00 1.101580e-02 8.096086e+04 -2.032168e+05 -3.965430e+04 -1.146568e+01 2.029539e+00 1.380764e+03 -1.668290e+00 
1.156250e+04 0.000000e+00 2.500000e+04 7.342632e-02 0.000000e+00 1.027780e-02 7.988932e+04 -2.005250e+05 -3.912946e+04 -1.344545e+01 1.957763e+00 1.358328e+03 -2.520590e-01 
1.171875e+04 0.000000e+00 2.500000e+04 7.216009e-02 0.000000e+00 9.567539e-03 7.883502e+04 -1.978785e+05 -3.861307e+04 -1.345533e+01 2.238799e+00 1.335723e+03 9.070347e-02 
1.187500e+04 0.000000e+00 2.500000e+04 7.091097e-02 0.000000e+00 8.883764e-03 7.779739e+04 -1.952759e+05 -3.810484e+04 -1.137871e+01 2.338913e+00 1.310256e+03 -5.883410e-01 
1.203125e+04 0.000000e+00 2.500000e+04 6.967863e-02 0.000000e+00 8.225259e-03 7.677803e+04 -1.927188e+05 -3.760557e+04 -9.785107e+00 1.946679e+00 1.284057e+03 -7.831235e-01 
1.218750e+04 0.000000e+00 2.500000e+04 6.846277e-02 0.000000e+00 7.590970e-03 7.577855e+04 -1.902104e+05 -3.711603e+04 -9.264623e+00 1.337401e+00 1.259574e+03 -4.006776e-01 
1.234375e+04 0.000000e+00 2.500000e+04 6.726299e-02 0.000000e+00 6.979940e-03 7.479833e+04 -1.877504e+05 -3.663592e+04 -8.689081e+00 6.792416e-01 1.235706e+03 -5.567823e-01 
1.250000e+04 0.000000e+00 2.500000e+04 6.607901e-02 0.000000e+00 6.391240e-03 7.383537e+04 -1.853349e+05 -3.616426e+04 -6.941112e+00 1.142287e-03 1.211207e+03 -1.437906e+00 
1.265625e+04 0.000000e+00 2.500000e+04 6.491055e-02 0.000000e+00 5.823862e-03 7.289321e+04 -1.829691e+05 -3.570280e+04 -7.749177e+00 -6.471336e-01 1.186935e+03 -2.380150e+00 
1.281250e+04 0.000000e+00 2.500000e+04 6.375724e-02 0.000000e+00 5.276905e-03 7.197288e+04 -1.806552e+05 -3.525202e+04 -1.141909e+01 -1.431320e+00 1.163378e+03 -2.565515e+00 
1.296875e+04 0.000000e+00 2.500000e+04 6.261871e-02 0.000000e+00 4.749594e-03 7.107092e+04 -1.783895e+05 -3.481025e+04 -1.297579e+01 -2.087029e+00 1.138688e+03 -1.868611e+00 
1.312500e+04 0.000000e+00 2.500000e+04 6.149462e-02 0.000000e+00 4.241150e-03 7.018650e+04 -1.761707e+05 -3.437706e+04 -1.171585e+01 -2.109686e+00 1.113863e+03 -9.060950e-01 
1.328125e+04 0.000000e+00 2.500000e+04 6.038469e-02 0.000000e+00 3.750834e-03 6.932037e+04 -1.739979e+05 -3.395283e+04 -1.039680e+01 -1.709913e+00 1.088483e+03 -6.894935e-02 
1.343750e+04 0.000000e+00 2.500000e+04 5.928862e-02 0.000000e+00 3.277915e-03 6.847418e+04 -1.718735e+05 -3.353837e+04 -1.068926e+01 -1.338292e+00 1.063141e+03 4.569613e-01 
1.359375e+04 0.000000e+00 2.500000e+04 5.820611e-02 0.000000e+00 2.821743e-03 6.764643e+04 -1.697960e+05 -3.313294e+04 -1.036777e+01 -1.083907e+00 1.040606e+03 5.829212e-01 
1.375000e+04 0.000000e+00 2.500000e+04 5.713681e-02 0.000000e+00 2.381694e-03 6.683477e+04 -1.677609e+05 -3.273540e+04 -7.962575e+00 -7.651463e-01 1.017509e+03 4.935348e-01 
1.390625e+04 0.000000e+00 2.500000e+04 5.608047e-02 0.000000e+00 1.957114e-03 6.604088e+04 -1.657697e+05 -3.234656e+04 -6.413846e+00 -2.946447e-01 9.932168e+02 2.780939e-01 
1.406250e+04 0.000000e+00 2.500000e+04 5.503685e-02 0.000000e+00 1.547401e-03 6.526618e+04 -1.638251e+05 -3.196711e+04 -6.349439e+00 3.393346e-02 9.701829e+02 -3.578220e-01 
1.421875e+04 0.000000e+00 2.500000e+04 5.400559e-02 0.000000e+00 1.151984e-03 6.451024e+04 -1.619279e+05 -3.159685e+04 -5.963619e+00 -1.514561e-01 9.485509e+02 -1.280901e+00 
1.437500e+04 0.000000e+00 2.500000e+04 5.298637e-02 0.000000e+00 7.703394e-04 6.377050e+04 -1.600725e+05 -3.123453e+04 -4.504866e+00 -6.170283e-01 9.273995e+02 -1.629387e+00 
1.453125e+04 0.000000e+00 2.500000e+04 5.197896e-02 0.000000e+00 4.019326e-04 6.304797e+04 -1.582595e+05 -3.088064e+04 -3.778597e+00 -9.301053e-01 9.045735e+02 -1.480259e+00 
1.468750e+04 0.000000e+00 2.500000e+04 5.098306e-02 0.000000e+00 4.623285e-05 6.234555e+04 -1.564942e+05 -3.053659e+04 -5.852061e+00 -1.408664e+00 8.822044e+02 -1.585375e+00 
1.484375e+04 0.000000e+00 2.500000e+04 4.999835e-02 0.000000e+00 -2.971826e-04 6.165978e+04 -1.547703e+05 -3.020071e+04 -8.330341e+00 -2.080131e+00 8.617824e+02 -1.585206e+00 
1.500000e+04 0.000000e+00 2.500000e+04 4.902455e-02 0.000000e+00 -6.287475e-04 6.098861e+04 -1.530849e+05 -2.987197e+04 -8.932663e+00 -2.229462e+00 8.411517e+02 -9.889578e-01 
1.515625e+04 0.000000e+00 2.500000e+04 4.806142e-02 0.000000e+00 -9.489085e-04 6.033427e+04 -1.514422e+05 -2.955148e+04 -9.091682e+00 -1.842169e+00 8.198355e+02 -2.790134e-01 
1.531250e+04 0.000000e+00 2.500000e+04 4.710867e-02 0.000000e+00 -1.258042e-03 5.969639e+04 -1.498402e+05 -2.923905e+04 -9.926104e+00 -1.411358e+00 7.986472e+02 -7.114571e-02 
1.546875e+04 0.000000e+00 2.500000e+04 4.616606e-02 0.000000e+00 -1.556499e-03 5.907226e+04 -1.482733e+05 -2.893335e+04 -1.015842e+01 -7.977848e-01 7.801928e+02 -4.153233e-01 
1.562500e+04 0.000000e+00 2.500000e+04 4.523337e-02 0.000000e+00 -1.844645e-03 5.846191e+04 -1.467427e+05 -2.863441e+04 -8.625268e+00 1.250998e-01 7.627375e+02 -1.036763e+00 
1.578125e+04 0.000000e+00 2.500000e+04 4.431038e-02 0.000000e+00 -2.122895e-03 5.786692e+04 -1.452514e+05 -2.834298e+04 -6.359252e+00 6.051589e-01 7.427059e+02 -1.795177e+00 
1.593750e+04 0.000000e+00 2.500000e+04 4.339688e-02 0.000000e+00 -2.391625e-03 5.728690e+04 -1.437967e+05 -2.805889e+04 -5.146559e+00 2.529745e-01 7.229041e+02 -2.479623e+00 
1.609375e+04 0.000000e+00 2.500000e+04 4.249260e-02 0.000000e+00 -2.651172e-03 5.672276e+04 -1.423802e+05 -2.778258e+04 -5.558050e+00 -1.604502e-01 7.043535e+02 -2.586582e+00 
1.625000e+04 0.000000e+00 2.500000e+04 4.159719e-02 0.000000e+00 -2.901888e-03 5.617457e+04 -1.410035e+05 -2.751408e+04 -6.164717e+00 -1.147380e-01 6.858609e+02 -1.470644e+00 
1.640625e+04 0.000000e+00 2.500000e+04 4.071044e-02 0.000000e+00 -3.144049e-03 5.564015e+04 -1.396619e+05 -2.725232e+04 -6.263145e+00 3.224899e-02 6.674545e+02 8.420234e-01 
1.656250e+04 0.000000e+00 2.500000e+04 3.983219e-02 0.000000e+00 -3.377868e-03 5.511914e+04 -1.383534e+05 -2.699713e+04 -6.839040e+00 3.735952e-02 6.492112e+02 2.785297e+00 
1.671875e+04 0.000000e+00 2.500000e+04 3.896219e-02 0.000000e+00 -3.603562e-03 5.461187e+04 -1.370795e+05 -2.674867e+04 -7.459272e+00 3.246023e-01 6.329106e+02 3.066694e+00 
1.687500e+04 0.000000e+00 2.500000e+04 3.810015e-02 0.000000e+00 -3.821379e-03 5.411731e+04 -1.358382e+05 -2.650644e+04 -7.328242e+00 1.266190e+00 6.172547e+02 2.488117e+00 
1.703125e+04 0.000000e+00 2.500000e+04 3.724595e-02 0.000000e+00 -4.031644e-03 5.363498e+04 -1.346265e+05 -2.627019e+04 -8.205638e+00 2.373710e+00 5.998068e+02 2.059018e+00 
1.718750e+04 0.000000e+00 2.500000e+04 3.639947e-02 0.000000e+00 -4.234629e-03 5.316702e+04 -1.334485e+05 -2.604099e+04 -1.154438e+01 2.725893e+00 5.831265e+02 1.540994e+00 
1.734375e+04 0.000000e+00 2.500000e+04 3.556045e-02 0.000000e+00 -4.430503e-03 5.271243e+04 -1.323050e+05 -2.581833e+04 -1.391384e+01 2.186282e+00 5.684705e+02 7.459870e-01 
1.750000e+04 0.000000e+00 2.500000e+04 3.472860e-02 0.000000e+00 -4.619488e-03 5.226713e+04 -1.311893e+05 -2.560023e+04 -1.183579e+01 1.721801e+00 5.531614e+02 1.385419e-01 
1.765625e+04 0.000000e+00 2.500000e+04 3.390376e-02 0.000000e+00 -4.801886e-03 5.183333e+04 -1.301033e+05 -2.538775e+04 -8.903261e+00 1.928731e+00 5.368515e+02 1.276501e-01 
1.781250e+04 0.000000e+00 2.500000e+04 3.308576e-02 0.000000e+00 -4.977917e-03 5.141369e+04 -1.290508e+05 -2.518222e+04 -8.028511e+00 2.108296e+00 5.207919e+02 7.139504e-01 
1.796875e+04 0.000000e+00 2.500000e+04 3.227437e-02 0.000000e+00 -5.147697e-03 5.100599e+04 -1.280283e+05 -2.498252e+04 -7.139873e+00 1.772706e+00 5.052493e+02 1.438596e+00 
1.812500e+04 0.000000e+00 2.500000e+04 3.146941e-02 0.000000e+00 -5.311382e-03 5.060949e+04 -1.270339e+05 -2.478832e+04 -6.257967e+00 1.551541e+00 4.901731e+02 1.603306e+00 
1.828125e+04 0.000000e+00 2.500000e+04 3.067069e-02 0.000000e+00 -5.469171e-03 5.022412e+04 -1.260679e+05 -2.459957e+04 -4.929676e+00 1.893667e+00 4.757207e+02 1.062443e+00 
1.843750e+04 0.000000e+00 2.500000e+04 2.987804e-02 0.000000e+00 -5.621260e-03 4.985061e+04 -1.251311e+05 -2.441663e+04 -4.165005e+00 2.379627e+00 4.622063e+02 5.575980e-01 
1.859375e+04 0.000000e+00 2.500000e+04 2.909128e-02 0.000000e+00 -5.767853e-03 4.948927e+04 -1.242216e+05 -2.423964e+04 -6.536664e+00 2.602147e+00 4.489243e+02 5.897474e-01 
1.875000e+04 0.000000e+00 2.500000e+04 2.831025e-02 0.000000e+00 -5.909084e-03 4.913826e+04 -1.233383e+05 -2.406772e+04 -8.795101e+00 2.513756e+00 4.371553e+02 6.779724e-01 
1.890625e+04 0.000000e+00 2.500000e+04 2.753479e-02 0.000000e+00 -6.045045e-03 4.879671e+04 -1.224815e+05 -2.390043e+04 -8.234970e+00 2.033391e+00 4.260733e+02 1.659400e-01 
1.906250e+04 0.000000e+00 2.500000e+04 2.676471e-02 0.000000e+00 -6.175898e-03 4.846444e+04 -1.216496e+05 -2.373769e+04 -6.041445e+00 1.393141e+00 4.130490e+02 -9.724714e-01 
1.921875e+04 0.000000e+00 2.500000e+04 2.599984e-02 0.000000e+00 -6.301814e-03 4.814216e+04 -1.208428e+05 -2.357983e+04 -3.849145e+00 1.103590e+00 3.997410e+02 -2.102910e+00 
1.937500e+04 0.000000e+00 2.500000e+04 2.524003e-02 0.000000e+00 -6.422971e-03 4.783165e+04 -1.200640e+05 -2.342775e+04 -3.163916e+00 9.445326e-01 3.856577e+02 -2.754058e+00 
1.953125e+04 0.000000e+00 2.500000e+04 2.448511e-02 0.000000e+00 -6.539558e-03 4.753303e+04 -1.193139e+05 -2.328149e+04 -3.758384e+00 1.418968e-01 3.709261e+02 -2.838963e+00 
1.968750e+04 0.000000e+00 2.500000e+04 2.373493e-02 0.000000e+00 -6.651676e-03 4.724403e+04 -1.185879e+05 -2.313993e+04 -4.265001e+00 -1.358508e+00 3.575459e+02 -2.265786e+00 
1.984375e+04 0.000000e+00 2.500000e+04 2.298929e-02 0.000000e+00 -6.759378e-03 4.696452e+04 -1.178865e+05 -2.300303e+04 -4.074578e+00 -2.707948e+00 3.456912e+02 -1.249287e+00 
2.000000e+04 0.000000e+00 2.500000e+04 2.224799e-02 0.000000e+00 -6.862774e-03 4.669654e+04 -1.172135e+05 -2.287177e+04 -4.324854e+00 -3.166378e+00 3.352777e+02 2.042314e-02 
2.015625e+04 0.000000e+00 2.500000e+04 2.151082e-02 0.000000e+00 -6.961970e-03 4.643833e+04 -1.165642e+05 -2.274531e+04 -5.526377e+00 -2.687005e+00 3.243963e+02 1.384411e+00 
2.031250e+04 0.000000e+00 2.500000e+04 2.077771e-02 0.000000e+00 -7.057038e-03 4.618799e+04 -1.159339e+05 -2.262269e+04 -7.397053e+00 -1.711164e+00 3.131345e+02 2.206095e+00 
2.046875e+04 0.000000e+00 2.500000e+04 2.004856e-02 0.000000e+00 -7.148053e-03 4.594547e+04 -1.153244e+05 -2.250390e+04 -8.079624e+00 -8.397508e-01 3.028735e+02 2.237781e+00 
2.062500e+04 0.000000e+00 2.500000e+04 1.932325e-02 0.000000e+00 -7.235102e-03 4.571074e+04 -1.147375e+05 -2.238893e+04 -5.762061e+00 -4.191276e-01 2.914971e+02 1.781405e+00 
2.078125e+04 0.000000e+00 2.500000e+04 1.860161e-02 0.000000e+00 -7.318313e-03 4.548577e+04 -1.141741e+05 -2.227874e+04 -4.484809e+00 -4.595528e-01 2.779553e+02 9.732186e-01 
2.093750e+04 0.000000e+00 2.500000e+04 1.788351e-02 0.000000e+00 -7.397826e-03 4.527066e+04 -1.136322e+05 -2.217338e+04 -6.366516e+00 -7.459795e-01 2.649647e+02 1.544095e-01 
2.109375e+04 0.000000e+00 2.500000e+04 1.716880e-02 0.000000e+00 -7.473731e-03 4.506506e+04 -1.131146e+05 -2.207268e+04 -7.877395e+00 -9.786170e-01 2.532016e+02 -9.635571e-02 
2.125000e+04 0.000000e+00 2.500000e+04 1.645729e-02 0.000000e+00 -7.546121e-03 4.486951e+04 -1.126233e+05 -2.197690e+04 -8.359407e+00 -1.198676e+00 2.409355e+02 4.887166e-01 
2.140625e+04 0.000000e+00 2.500000e+04 1.574883e-02 0.000000e+00 -7.615075e-03 4.468237e+04 -1.121521e+05 -2.188524e+04 -9.815585e+00 -1.323549e+00 2.285795e+02 1.743762e+00 
2.156250e+04 0.000000e+00 2.500000e+04 1.504329e-02 0.000000e+00 -7.680604e-03 4.450265e+04 -1.116995e+05 -2.179722e+04 -1.125305e+01 -9.045696e-01 2.181177e+02 3.118264e+00 
2.171875e+04 0.000000e+00 2.500000e+04 1.434055e-02 0.000000e+00 -7.742727e-03 4.433138e+04 -1.112694e+05 -2.171333e+04 -1.137421e+01 -7.469655e-02 2.085942e+02 3.949181e+00 
2.187500e+04 0.000000e+00 2.500000e+04 1.364045e-02 0.000000e+00 -7.801516e-03 4.416900e+04 -1.108618e+05 -2.163380e+04 -1.144433e+01 7.898553e-01 1.974607e+02 3.736688e+00 
2.203125e+04 0.000000e+00 2.500000e+04 1.294288e-02 0.000000e+00 -7.857029e-03 4.401279e+04 -1.104712e+05 -2.155729e+04 -9.881735e+00 1.788868e+00 1.871079e+02 2.690509e+00 
2.218750e+04 0.000000e+00 2.500000e+04 1.224777e-02 0.000000e+00 -7.909331e-03 4.386308e+04 -1.100996e+05 -2.148396e+04 -5.664201e+00 2.742348e+00 1.795190e+02 1.929132e+00 
2.234375e+04 0.000000e+00 2.500000e+04 1.155496e-02 0.000000e+00 -7.958526e-03 4.372402e+04 -1.097529e+05 -2.141585e+04 -3.300693e+00 3.037233e+00 1.696484e+02 2.042476e+00 
2.250000e+04 0.000000e+00 2.500000e+04 1.086430e-02 0.000000e+00 -8.004718e-03 4.359480e+04 -1.094267e+05 -2.135255e+04 -5.108430e+00 2.513397e+00 1.570894e+02 2.377506e+00 
2.265625e+04 0.000000e+00 2.500000e+04 1.017567e-02 0.000000e+00 -8.047894e-03 4.347409e+04 -1.091203e+05 -2.129343e+04 -8.511327e+00 1.539696e+00 1.471301e+02 2.242581e+00 
2.281250e+04 0.000000e+00 2.500000e+04 9.488935e-03 0.000000e+00 -8.088031e-03 4.336172e+04 -1.088364e+05 -2.123839e+04 -1.035202e+01 3.947557e-01 1.383938e+02 1.535234e+00 
2.296875e+04 0.000000e+00 2.500000e+04 8.803938e-03 0.000000e+00 -8.125192e-03 4.325593e+04 -1.085712e+05 -2.118658e+04 -9.975993e+00 -7.953341e-01 1.287004e+02 7.580531e-01 
2.312500e+04 0.000000e+00 2.500000e+04 8.120585e-03 0.000000e+00 -8.159450e-03 4.315718e+04 -1.083244e+05 -2.113821e+04 -8.943792e+00 -1.620647e+00 1.175755e+02 4.902843e-01 
2.328125e+04 0.000000e+00 2.500000e+04 7.438717e-03 0.000000e+00 -8.190918e-03 4.306822e+04 -1.081013e+05 -2.109464e+04 -8.755391e+00 -1.701391e+00 1.060371e+02 7.342807e-01 
2.343750e+04 0.000000e+00 2.500000e+04 6.758129e-03 0.000000e+00 -8.219584e-03 4.298786e+04 -1.078999e+05 -2.105528e+04 -8.355655e+00 -1.170027e+00 9.594266e+01 1.438082e+00 
2.359375e+04 0.000000e+00 2.500000e+04 6.078726e-03 0.000000e+00 -8.245392e-03 4.291281e+04 -1.077143e+05 -2.101852e+04 -5.603840e+00 -2.819197e-01 8.683444e+01 2.306177e+00 
2.375000e+04 0.000000e+00 2.500000e+04 5.400479e-03 0.000000e+00 -8.268363e-03 4.284466e+04 -1.075459e+05 -2.098514e+04 -2.909348e+00 5.726469e-01 7.822987e+01 2.340569e+00 
2.390625e+04 0.000000e+00 2.500000e+04 4.723283e-03 0.000000e+00 -8.288577e-03 4.278707e+04 -1.073998e+05 -2.095693e+04 -4.448027e+00 7.492322e-01 6.837933e+01 1.162985e+00 
2.406250e+04 0.000000e+00 2.500000e+04 4.046986e-03 0.000000e+00 -8.306107e-03 4.273819e+04 -1.072742e+05 -2.093299e+04 -7.332690e+00 1.543694e-01 5.980636e+01 2.431573e-01 
2.421875e+04 0.000000e+00 2.500000e+04 3.371444e-03 0.000000e+00 -8.320932e-03 4.269596e+04 -1.071679e+05 -2.091231e+04 -7.667221e+00 -6.918103e-01 5.229523e+01 8.435895e-01 
2.437500e+04 0.000000e+00 2.500000e+04 2.696484e-03 0.000000e+00 -8.333060e-03 4.266234e+04 -1.070832e+05 -2.089584e+04 -7.973519e+00 -1.461081e+00 4.165987e+01 1.846606e+00 
2.453125e+04 0.000000e+00 2.500000e+04 2.021976e-03 0.000000e+00 -8.342493e-03 4.263658e+04 -1.070175e+05 -2.088322e+04 -9.012779e+00 -1.948337e+00 3.165027e+01 2.282833e+00 
2.468750e+04 0.000000e+00 2.500000e+04 1.347822e-03 0.000000e+00 -8.349205e-03 4.261713e+04 -1.069705e+05 -2.087370e+04 -7.158788e+00 -1.998565e+00 2.183117e+01 3.049428e+00 
2.484375e+04 0.000000e+00 2.500000e+04 6.738907e-04 0.000000e+00 -8.353264e-03 4.260554e+04 -1.069420e+05 -2.086802e+04 -6.551574e+00 -1.404830e+00 9.865286e+00 5.213431e+00 
2.500000e+04 0.000000e+00 2.500000e+04 0.000000e+00 0.000000e+00 -8.354800e-03 4.260210e+04 -1.069318e+05 -2.086633e+04 -8.123677e+00 -8.931081e-01 3.851587e+00 6.733106e+00 
