#1 2 3 4 5 6 7  8  9 10 11 12 13
#x y z u v w p xx yy zz xy xz yz
0.000000e+00 0.000000e+00 2.500000e+04 0.000000e+00 0.000000e+00 2.830727e-01 -7.466896e+05 1.867850e+06 3.657255e+05 6.493680e+03 0.000000e+00 -1.199356e+04 -1.283497e+00 
6.250000e+01 0.000000e+00 2.500000e+04 4.694138e-03 0.000000e+00 2.829977e-01 -7.461295e+05 1.866454e+06 3.654512e+05 6.483000e+03 -4.641558e-01 -1.226803e+03 -1.036548e+00 
1.250000e+02 0.000000e+00 2.500000e+04 9.381269e-03 0.000000e+00 2.827731e-01 -7.444555e+05 1.862275e+06 3.646313e+05 6.460687e+03 -8.809530e-01 -2.446398e+03 -1.163088e+00 
1.875000e+02 0.000000e+00 2.500000e+04 1.405441e-02 0.000000e+00 2.823994e-01 -7.416716e+05 1.855326e+06 3.632677e+05 6.420977e+03 -9.083859e-01 -3.654819e+03 -1.207999e+00 
2.500000e+02 0.000000e+00 2.500000e+04 1.870663e-02 0.000000e+00 2.818777e-01 -7.377888e+05 1.845640e+06 3.613659e+05 6.360618e+03 -7.410401e-01 -4.845655e+03 -9.140571e-01 
3.125000e+02 0.000000e+00 2.500000e+04 2.333112e-02 0.000000e+00 2.812096e-01 -7.328305e+05 1.833265e+06 3.589374e+05 6.288820e+03 -2.181075e-01 -6.013337e+03 -1.032944e+00 
3.750000e+02 0.000000e+00 2.500000e+04 2.792118e-02 0.000000e+00 2.803969e-01 -7.268186e+05 1.818262e+06 3.559928e+05 6.200818e+03 1.748660e-01 -7.152901e+03 -1.415019e+00 
4.375000e+02 0.000000e+00 2.500000e+04 3.247031e-02 0.000000e+00 2.794421e-01 -7.197815e+05 1.800699e+06 3.525460e+05 6.098981e+03 2.442184e-01 -8.257769e+03 -1.577997e+00 
5.000000e+02 0.000000e+00 2.500000e+04 3.697214e-02 0.000000e+00 2.783477e-01 -7.117519e+05 1.780662e+06 3.486132e+05 5.980767e+03 2.402198e-01 -9.327221e+03 -1.533854e+00 
5.625000e+02 0.000000e+00 2.500000e+04 4.142061e-02 0.000000e+00 2.771170e-01 -7.027671e+05 1.758241e+06 3.442125e+05 5.848394e+03 1.325819e-01 -1.035295e+04 -1.293463e+00 
6.250000e+02 0.000000e+00 2.500000e+04 4.580982e-02 0.000000e+00 2.757531e-01 -6.928686e+05 1.733538e+06 3.393642e+05 5.703872e+03 5.013933e-01 -1.133428e+04 -8.683369e-01 
6.875000e+02 0.000000e+00 2.500000e+04 5.013419e-02 0.000000e+00 2.742601e-01 -6.821000e+05 1.706665e+06 3.340898e+05 5.545081e+03 8.533795e-01 -1.226312e+04 -8.079796e-01 
7.500000e+02 0.000000e+00 2.500000e+04 5.438841e-02 0.000000e+00 2.726417e-01 -6.705092e+05 1.677740e+06 3.284127e+05 5.374941e+03 1.201590e+00 -1.314203e+04 -1.254525e+00 
8.125000e+02 0.000000e+00 2.500000e+04 5.856749e-02 0.000000e+00 2.709024e-01 -6.581477e+05 1.646890e+06 3.223581e+05 5.194949e+03 1.517662e+00 -1.396388e+04 -1.859203e+00 
8.750000e+02 0.000000e+00 2.500000e+04 6.266674e-02 0.000000e+00 2.690467e-01 -6.450675e+05 1.614242e+06 3.159514e+05 5.009039e+03 1.648572e+00 -1.472817e+04 -2.184889e+00 
9.375000e+02 0.000000e+00 2.500000e+04 6.668180e-02 0.000000e+00 2.670793e-01 -6.313227e+05 1.579934e+06 3.092193e+05 4.814491e+03 1.894177e+00 -1.543523e+04 -2.426261e+00 
1.000000e+03 0.000000e+00 2.500000e+04 7.060871e-02 0.000000e+00 2.650052e-01 -6.169701e+05 1.544107e+06 3.021895e+05 4.614198e+03 1.808952e+00 -1.607908e+04 -2.439058e+00 
1.062500e+03 0.000000e+00 2.500000e+04 7.444379e-02 0.000000e+00 2.628295e-01 -6.020629e+05 1.506893e+06 2.948880e+05 4.407988e+03 1.983323e+00 -1.666042e+04 -2.360549e+00 
1.125000e+03 0.000000e+00 2.500000e+04 7.818374e-02 0.000000e+00 2.605574e-01 -5.866575e+05 1.468434e+06 2.873425e+05 4.196492e+03 1.962713e+00 -1.718061e+04 -1.899066e+00 
1.187500e+03 0.000000e+00 2.500000e+04 8.182561e-02 0.000000e+00 2.581942e-01 -5.708119e+05 1.428873e+06 2.795813e+05 3.981388e+03 1.769583e+00 -1.764082e+04 -1.551128e+00 
1.250000e+03 0.000000e+00 2.500000e+04 8.536681e-02 0.000000e+00 2.557453e-01 -5.545815e+05 1.388351e+06 2.716318e+05 3.761407e+03 1.823646e+00 -1.803915e+04 -1.301047e+00 
1.312500e+03 0.000000e+00 2.500000e+04 8.880510e-02 0.000000e+00 2.532162e-01 -5.380229e+05 1.347008e+06 2.635214e+05 3.539024e+03 1.840164e+00 -1.837659e+04 -1.254149e+00 
1.375000e+03 0.000000e+00 2.500000e+04 9.213860e-02 0.000000e+00 2.506123e-01 -5.211903e+05 1.304980e+06 2.552769e+05 3.314212e+03 1.516645e+00 -1.865527e+04 -1.535809e+00 
1.437500e+03 0.000000e+00 2.500000e+04 9.536575e-02 0.000000e+00 2.479392e-01 -5.041391e+05 1.262403e+06 2.469253e+05 3.089030e+03 1.179948e+00 -1.887754e+04 -1.867909e+00 
1.500000e+03 0.000000e+00 2.500000e+04 9.848534e-02 0.000000e+00 2.452021e-01 -4.869221e+05 1.219408e+06 2.384924e+05 2.865793e+03 9.197662e-01 -1.904214e+04 -2.118604e+00 
1.562500e+03 0.000000e+00 2.500000e+04 1.014965e-01 0.000000e+00 2.424066e-01 -4.695873e+05 1.176114e+06 2.300020e+05 2.645903e+03 6.847565e-01 -1.915412e+04 -2.140432e+00 
1.625000e+03 0.000000e+00 2.500000e+04 1.043985e-01 0.000000e+00 2.395579e-01 -4.521822e+05 1.132645e+06 2.214770e+05 2.424699e+03 5.668849e-01 -1.921553e+04 -2.074142e+00 
1.687500e+03 0.000000e+00 2.500000e+04 1.071913e-01 0.000000e+00 2.366613e-01 -4.347545e+05 1.089115e+06 2.129410e+05 2.207380e+03 3.244592e-01 -1.922515e+04 -1.951889e+00 
1.750000e+03 0.000000e+00 2.500000e+04 1.098746e-01 0.000000e+00 2.337219e-01 -4.173474e+05 1.045631e+06 2.044151e+05 1.995686e+03 6.655899e-01 -1.918943e+04 -1.938274e+00 
1.812500e+03 0.000000e+00 2.500000e+04 1.124489e-01 0.000000e+00 2.307447e-01 -4.000018e+05 1.002300e+06 1.959192e+05 1.786125e+03 6.486631e-01 -1.910949e+04 -1.768996e+00 
1.875000e+03 0.000000e+00 2.500000e+04 1.149145e-01 0.000000e+00 2.277346e-01 -3.827584e+05 9.592170e+05 1.874735e+05 1.584733e+03 5.387012e-01 -1.898777e+04 -1.616140e+00 
1.937500e+03 0.000000e+00 2.500000e+04 1.172723e-01 0.000000e+00 2.246964e-01 -3.656502e+05 9.164721e+05 1.790940e+05 1.384612e+03 6.546844e-01 -1.882910e+04 -1.190675e+00 
2.000000e+03 0.000000e+00 2.500000e+04 1.195231e-01 0.000000e+00 2.216345e-01 -3.487111e+05 8.741468e+05 1.707973e+05 1.189253e+03 3.888681e-01 -1.863166e+04 -6.736849e-01 
2.062500e+03 0.000000e+00 2.500000e+04 1.216682e-01 0.000000e+00 2.185534e-01 -3.319751e+05 8.323209e+05 1.626001e+05 1.004348e+03 2.595919e-01 -1.840530e+04 -1.301664e-01 
2.125000e+03 0.000000e+00 2.500000e+04 1.237089e-01 0.000000e+00 2.154574e-01 -3.154675e+05 7.910668e+05 1.545147e+05 8.210566e+02 1.459018e-01 -1.814838e+04 8.469644e-02 
2.187500e+03 0.000000e+00 2.500000e+04 1.256467e-01 0.000000e+00 2.123505e-01 -2.992156e+05 7.504447e+05 1.465546e+05 6.475470e+02 9.660353e-02 -1.786241e+04 -1.244528e-01 
2.250000e+03 0.000000e+00 2.500000e+04 1.274832e-01 0.000000e+00 2.092366e-01 -2.832408e+05 7.105132e+05 1.387302e+05 4.789116e+02 2.127864e-01 -1.755415e+04 -4.590798e-01 
2.312500e+03 0.000000e+00 2.500000e+04 1.292203e-01 0.000000e+00 2.061194e-01 -2.675651e+05 6.713258e+05 1.310523e+05 3.172352e+02 5.719800e-02 -1.722312e+04 -1.163285e+00 
2.375000e+03 0.000000e+00 2.500000e+04 1.308599e-01 0.000000e+00 2.030024e-01 -2.522060e+05 6.329258e+05 1.235295e+05 1.627586e+02 1.759520e-01 -1.687196e+04 -1.523640e+00 
2.437500e+03 0.000000e+00 2.500000e+04 1.324040e-01 0.000000e+00 1.998890e-01 -2.371812e+05 5.953534e+05 1.161704e+05 1.975197e+01 3.944751e-01 -1.650382e+04 -1.838698e+00 
2.500000e+03 0.000000e+00 2.500000e+04 1.338548e-01 0.000000e+00 1.967823e-01 -2.225011e+05 5.586415e+05 1.089801e+05 -1.182109e+02 3.767807e-01 -1.612241e+04 -1.688530e+00 
2.562500e+03 0.000000e+00 2.500000e+04 1.352144e-01 0.000000e+00 1.936853e-01 -2.081796e+05 5.228220e+05 1.019655e+05 -2.486567e+02 3.000382e-01 -1.572942e+04 -1.417859e+00 
2.625000e+03 0.000000e+00 2.500000e+04 1.364851e-01 0.000000e+00 1.906008e-01 -1.942236e+05 4.879151e+05 9.512993e+04 -3.741820e+02 1.368802e-01 -1.532507e+04 -9.897971e-01 
2.687500e+03 0.000000e+00 2.500000e+04 1.376693e-01 0.000000e+00 1.875313e-01 -1.806429e+05 4.539419e+05 8.847814e+04 -4.914672e+02 -1.236117e-01 -1.491443e+04 -6.050060e-01 
2.750000e+03 0.000000e+00 2.500000e+04 1.387693e-01 0.000000e+00 1.844792e-01 -1.674440e+05 4.209202e+05 8.201339e+04 -6.015527e+02 -8.103557e-01 -1.449777e+04 -5.050093e-01 
2.812500e+03 0.000000e+00 2.500000e+04 1.397875e-01 0.000000e+00 1.814469e-01 -1.546278e+05 3.888571e+05 7.573605e+04 -7.098214e+02 -1.607180e+00 -1.407511e+04 -6.865044e-01 
2.875000e+03 0.000000e+00 2.500000e+04 1.407263e-01 0.000000e+00 1.784365e-01 -1.422010e+05 3.577612e+05 6.964948e+04 -8.076120e+02 -2.038338e+00 -1.365018e+04 -8.273071e-01 
2.937500e+03 0.000000e+00 2.500000e+04 1.415882e-01 0.000000e+00 1.754498e-01 -1.301615e+05 3.276335e+05 6.375258e+04 -9.015637e+02 -2.603796e+00 -1.322339e+04 -9.647993e-01 
3.000000e+03 0.000000e+00 2.500000e+04 1.423756e-01 0.000000e+00 1.724887e-01 -1.185137e+05 2.984772e+05 5.804755e+04 -9.834573e+02 -2.927814e+00 -1.279797e+04 -1.610981e+00 
3.062500e+03 0.000000e+00 2.500000e+04 1.430909e-01 0.000000e+00 1.695548e-01 -1.072532e+05 2.702899e+05 5.253216e+04 -1.062588e+03 -2.862323e+00 -1.237473e+04 -1.600901e+00 
3.125000e+03 0.000000e+00 2.500000e+04 1.437365e-01 0.000000e+00 1.666495e-01 -9.637857e+04 2.430636e+05 4.720583e+04 -1.133759e+03 -2.807959e+00 -1.195170e+04 -1.655108e+00 
3.187500e+03 0.000000e+00 2.500000e+04 1.443150e-01 0.000000e+00 1.637743e-01 -8.588508e+04 2.167893e+05 4.206616e+04 -1.200195e+03 -2.653424e+00 -1.153410e+04 -1.651373e+00 
3.250000e+03 0.000000e+00 2.500000e+04 1.448286e-01 0.000000e+00 1.609303e-01 -7.577331e+04 1.914666e+05 3.711346e+04 -1.260133e+03 -2.347538e+00 -1.112356e+04 -1.434747e+00 
3.312500e+03 0.000000e+00 2.500000e+04 1.452797e-01 0.000000e+00 1.581187e-01 -6.603479e+04 1.670762e+05 3.234357e+04 -1.315432e+03 -2.028144e+00 -1.071532e+04 -1.328266e+00 
3.375000e+03 0.000000e+00 2.500000e+04 1.456706e-01 0.000000e+00 1.553403e-01 -5.666261e+04 1.436008e+05 2.775312e+04 -1.366058e+03 -1.785051e+00 -1.031431e+04 -1.345687e+00 
3.437500e+03 0.000000e+00 2.500000e+04 1.460037e-01 0.000000e+00 1.525961e-01 -4.765447e+04 1.210336e+05 2.334096e+04 -1.411131e+03 -1.424944e+00 -9.920160e+03 -1.545870e+00 
3.500000e+03 0.000000e+00 2.500000e+04 1.462812e-01 0.000000e+00 1.498868e-01 -3.899997e+04 9.935173e+04 1.910203e+04 -1.453836e+03 -1.158478e+00 -9.531772e+03 -1.849183e+00 
3.562500e+03 0.000000e+00 2.500000e+04 1.465053e-01 0.000000e+00 1.472130e-01 -3.069395e+04 7.853468e+04 1.503377e+04 -1.486594e+03 -8.248175e-01 -9.150434e+03 -2.266889e+00 
3.625000e+03 0.000000e+00 2.500000e+04 1.466781e-01 0.000000e+00 1.445753e-01 -2.272645e+04 5.856657e+04 1.113132e+04 -1.518543e+03 -8.370005e-01 -8.779408e+03 -2.008594e+00 
3.687500e+03 0.000000e+00 2.500000e+04 1.468018e-01 0.000000e+00 1.419742e-01 -1.509136e+04 3.942898e+04 7.391686e+03 -1.546584e+03 -1.055679e+00 -8.416124e+03 -1.246696e+00 
3.750000e+03 0.000000e+00 2.500000e+04 1.468783e-01 0.000000e+00 1.394100e-01 -7.778794e+03 2.109711e+04 3.810022e+03 -1.570747e+03 -8.718861e-01 -8.060985e+03 -5.185349e-01 
3.812500e+03 0.000000e+00 2.500000e+04 1.469098e-01 0.000000e+00 1.368830e-01 -7.822998e+02 3.553725e+03 3.831672e+02 -1.589993e+03 -6.971799e-01 -7.717310e+03 1.324267e-01 
3.875000e+03 0.000000e+00 2.500000e+04 1.468981e-01 0.000000e+00 1.343934e-01 5.908018e+03 -1.322248e+04 -2.893723e+03 -1.607852e+03 -7.867616e-01 -7.382605e+03 3.081437e-01 
3.937500e+03 0.000000e+00 2.500000e+04 1.468453e-01 0.000000e+00 1.319415e-01 1.229926e+04 -2.925239e+04 -6.024128e+03 -1.621267e+03 -8.648969e-01 -7.057894e+03 3.919273e-01 
4.000000e+03 0.000000e+00 2.500000e+04 1.467530e-01 0.000000e+00 1.295272e-01 1.840287e+04 -4.456008e+04 -9.013650e+03 -1.634874e+03 -4.334646e-01 -6.740184e+03 3.585781e-01 
4.062500e+03 0.000000e+00 2.500000e+04 1.466231e-01 0.000000e+00 1.271506e-01 2.422430e+04 -5.916606e+04 -1.186497e+04 -1.641885e+03 -3.404872e-01 -6.432830e+03 3.158095e-01 
4.125000e+03 0.000000e+00 2.500000e+04 1.464573e-01 0.000000e+00 1.248118e-01 2.977251e+04 -7.308974e+04 -1.458245e+04 -1.645338e+03 1.336011e-01 -6.136037e+03 2.640446e-01 
4.187500e+03 0.000000e+00 2.500000e+04 1.462574e-01 0.000000e+00 1.225105e-01 3.505833e+04 -8.635616e+04 -1.717143e+04 -1.647409e+03 7.650978e-01 -5.848473e+03 -2.446960e-01 
4.250000e+03 0.000000e+00 2.500000e+04 1.460249e-01 0.000000e+00 1.202468e-01 4.009060e+04 -9.898828e+04 -1.963621e+04 -1.647313e+03 1.106224e+00 -5.570032e+03 -6.106484e-01 
4.312500e+03 0.000000e+00 2.500000e+04 1.457615e-01 0.000000e+00 1.180203e-01 4.487926e+04 -1.110087e+05 -2.198168e+04 -1.647371e+03 1.350505e+00 -5.301371e+03 -1.164884e+00 
4.375000e+03 0.000000e+00 2.500000e+04 1.454685e-01 0.000000e+00 1.158310e-01 4.942789e+04 -1.224322e+05 -2.420958e+04 -1.641909e+03 1.073401e+00 -5.043534e+03 -1.765805e+00 
4.437500e+03 0.000000e+00 2.500000e+04 1.451476e-01 0.000000e+00 1.136785e-01 5.374983e+04 -1.332836e+05 -2.632645e+04 -1.639472e+03 1.036650e+00 -4.791894e+03 -2.199830e+00 
4.500000e+03 0.000000e+00 2.500000e+04 1.448000e-01 0.000000e+00 1.115627e-01 5.784744e+04 -1.435807e+05 -2.833344e+04 -1.628188e+03 6.701894e-01 -4.550651e+03 -2.288648e+00 
4.562500e+03 0.000000e+00 2.500000e+04 1.444273e-01 0.000000e+00 1.094831e-01 6.173432e+04 -1.533442e+05 -3.023722e+04 -1.621497e+03 6.617814e-01 -4.317166e+03 -2.176992e+00 
4.625000e+03 0.000000e+00 2.500000e+04 1.440306e-01 0.000000e+00 1.074395e-01 6.541605e+04 -1.625967e+05 -3.204052e+04 -1.610903e+03 8.948772e-01 -4.092898e+03 -2.349634e+00 
4.687500e+03 0.000000e+00 2.500000e+04 1.436113e-01 0.000000e+00 1.054315e-01 6.890191e+04 -1.713586e+05 -3.374787e+04 -1.599258e+03 1.171230e+00 -3.877346e+03 -2.250277e+00 
4.750000e+03 0.000000e+00 2.500000e+04 1.431705e-01 0.000000e+00 1.034587e-01 7.219950e+04 -1.796489e+05 -3.536302e+04 -1.586590e+03 1.435396e+00 -3.669045e+03 -1.889192e+00 
4.812500e+03 0.000000e+00 2.500000e+04 1.427095e-01 0.000000e+00 1.015207e-01 7.531448e+04 -1.874832e+05 -3.688873e+04 -1.571516e+03 1.330617e+00 -3.469418e+03 -1.659280e+00 
4.875000e+03 0.000000e+00 2.500000e+04 1.422293e-01 0.000000e+00 9.961720e-02 7.825699e+04 -1.948814e+05 -3.832995e+04 -1.559607e+03 1.571283e+00 -3.276620e+03 -1.354950e+00 
4.937500e+03 0.000000e+00 2.500000e+04 1.417311e-01 0.000000e+00 9.774764e-02 8.102943e+04 -2.018589e+05 -3.968789e+04 -1.541495e+03 1.724742e+00 -3.093584e+03 -8.819867e-01 
5.000000e+03 0.000000e+00 2.500000e+04 1.412158e-01 0.000000e+00 9.591160e-02 8.364471e+04 -2.084362e+05 -4.096884e+04 -1.529120e+03 1.998585e+00 -2.916148e+03 -5.980736e-01 
5.062500e+03 0.000000e+00 2.500000e+04 1.406844e-01 0.000000e+00 9.410865e-02 8.610319e+04 -2.146265e+05 -4.217299e+04 -1.510100e+03 2.315316e+00 -2.746925e+03 -7.339624e-01 
5.125000e+03 0.000000e+00 2.500000e+04 1.401379e-01 0.000000e+00 9.233831e-02 8.841512e+04 -2.204450e+05 -4.330537e+04 -1.494997e+03 2.599281e+00 -2.584029e+03 -8.726301e-01 
5.187500e+03 0.000000e+00 2.500000e+04 1.395773e-01 0.000000e+00 9.060013e-02 9.058321e+04 -2.259084e+05 -4.436729e+04 -1.473977e+03 2.806546e+00 -2.427084e+03 -6.067909e-01 
5.250000e+03 0.000000e+00 2.500000e+04 1.390033e-01 0.000000e+00 8.889361e-02 9.261645e+04 -2.310333e+05 -4.536316e+04 -1.452879e+03 2.771466e+00 -2.279084e+03 -4.812901e-01 
5.312500e+03 0.000000e+00 2.500000e+04 1.384168e-01 0.000000e+00 8.721826e-02 9.452237e+04 -2.358335e+05 -4.629667e+04 -1.436943e+03 2.974892e+00 -2.135961e+03 -2.564487e-01 
5.375000e+03 0.000000e+00 2.500000e+04 1.378187e-01 0.000000e+00 8.557360e-02 9.630216e+04 -2.403222e+05 -4.716840e+04 -1.415832e+03 2.846145e+00 -1.998076e+03 -2.049309e-01 
5.437500e+03 0.000000e+00 2.500000e+04 1.372096e-01 0.000000e+00 8.395913e-02 9.796634e+04 -2.445167e+05 -4.798351e+04 -1.398851e+03 2.279508e+00 -1.867612e+03 -4.250779e-01 
5.500000e+03 0.000000e+00 2.500000e+04 1.365904e-01 0.000000e+00 8.237437e-02 9.951391e+04 -2.484236e+05 -4.874151e+04 -1.376615e+03 1.658314e+00 -1.744329e+03 -4.966732e-01 
5.562500e+03 0.000000e+00 2.500000e+04 1.359616e-01 0.000000e+00 8.081881e-02 1.009541e+05 -2.520568e+05 -4.944688e+04 -1.358475e+03 1.043278e+00 -1.624064e+03 -6.551288e-01 
5.625000e+03 0.000000e+00 2.500000e+04 1.353240e-01 0.000000e+00 7.929198e-02 1.022910e+05 -2.554325e+05 -5.010170e+04 -1.338715e+03 4.516455e-01 -1.507433e+03 -8.657780e-01 
5.687500e+03 0.000000e+00 2.500000e+04 1.346783e-01 0.000000e+00 7.779337e-02 1.035288e+05 -2.585602e+05 -5.070798e+04 -1.318222e+03 -4.167322e-02 -1.397887e+03 -1.214515e+00 
5.750000e+03 0.000000e+00 2.500000e+04 1.340250e-01 0.000000e+00 7.632251e-02 1.046701e+05 -2.614476e+05 -5.126699e+04 -1.295715e+03 -2.581686e-01 -1.293549e+03 -1.346238e+00 
5.812500e+03 0.000000e+00 2.500000e+04 1.333647e-01 0.000000e+00 7.487888e-02 1.057239e+05 -2.641133e+05 -5.178312e+04 -1.275190e+03 -2.790702e-01 -1.191851e+03 -1.660258e+00 
5.875000e+03 0.000000e+00 2.500000e+04 1.326979e-01 0.000000e+00 7.346200e-02 1.066934e+05 -2.665666e+05 -5.225801e+04 -1.255669e+03 -5.037942e-01 -1.096027e+03 -2.152194e+00 
5.937500e+03 0.000000e+00 2.500000e+04 1.320252e-01 0.000000e+00 7.207140e-02 1.075769e+05 -2.688083e+05 -5.269072e+04 -1.231639e+03 -9.222879e-01 -1.006675e+03 -2.174465e+00 
6.000000e+03 0.000000e+00 2.500000e+04 1.313472e-01 0.000000e+00 7.070658e-02 1.083849e+05 -2.708541e+05 -5.308649e+04 -1.214162e+03 -1.112296e+00 -9.198176e+02 -1.750977e+00 
6.062500e+03 0.000000e+00 2.500000e+04 1.306642e-01 0.000000e+00 6.936706e-02 1.091182e+05 -2.727156e+05 -5.344565e+04 -1.193362e+03 -1.152296e+00 -8.372813e+02 -1.667884e+00 
6.125000e+03 0.000000e+00 2.500000e+04 1.299767e-01 0.000000e+00 6.805236e-02 1.097829e+05 -2.744024e+05 -5.377123e+04 -1.175139e+03 -1.098063e+00 -7.577605e+02 -1.943646e+00 
6.187500e+03 0.000000e+00 2.500000e+04 1.292852e-01 0.000000e+00 6.676205e-02 1.103783e+05 -2.759169e+05 -5.406285e+04 -1.155256e+03 -1.276703e+00 -6.828845e+02 -1.838966e+00 
6.250000e+03 0.000000e+00 2.500000e+04 1.285902e-01 0.000000e+00 6.549564e-02 1.109067e+05 -2.772652e+05 -5.432167e+04 -1.133376e+03 -1.469651e+00 -6.117435e+02 -1.680014e+00 
6.312500e+03 0.000000e+00 2.500000e+04 1.278918e-01 0.000000e+00 6.425269e-02 1.113768e+05 -2.784644e+05 -5.455192e+04 -1.114133e+03 -1.425943e+00 -5.431026e+02 -1.427570e+00 
6.375000e+03 0.000000e+00 2.500000e+04 1.271907e-01 0.000000e+00 6.303273e-02 1.117884e+05 -2.795175e+05 -5.475348e+04 -1.094048e+03 -1.721692e+00 -4.792999e+02 -1.323773e+00 
6.437500e+03 0.000000e+00 2.500000e+04 1.264871e-01 0.000000e+00 6.183533e-02 1.121434e+05 -2.804285e+05 -5.492736e+04 -1.074207e+03 -1.906799e+00 -4.164196e+02 -1.193022e+00 
6.500000e+03 0.000000e+00 2.500000e+04 1.257813e-01 0.000000e+00 6.066005e-02 1.124464e+05 -2.812102e+05 -5.507577e+04 -1.053127e+03 -1.984204e+00 -3.575300e+02 -1.038272e+00 
6.562500e+03 0.000000e+00 2.500000e+04 1.250737e-01 0.000000e+00 5.950645e-02 1.127009e+05 -2.818675e+05 -5.520045e+04 -1.034779e+03 -2.099921e+00 -3.021204e+02 -1.274493e+00 
6.625000e+03 0.000000e+00 2.500000e+04 1.243646e-01 0.000000e+00 5.837412e-02 1.129082e+05 -2.824059e+05 -5.530198e+04 -1.016795e+03 -2.176595e+00 -2.484536e+02 -1.367492e+00 
6.687500e+03 0.000000e+00 2.500000e+04 1.236543e-01 0.000000e+00 5.726262e-02 1.130696e+05 -2.828289e+05 -5.538103e+04 -9.988615e+02 -2.404737e+00 -1.987190e+02 -1.429240e+00 
6.750000e+03 0.000000e+00 2.500000e+04 1.229431e-01 0.000000e+00 5.617157e-02 1.131880e+05 -2.831450e+05 -5.543902e+04 -9.799916e+02 -2.195390e+00 -1.506513e+02 -1.829677e+00 
6.812500e+03 0.000000e+00 2.500000e+04 1.222312e-01 0.000000e+00 5.510052e-02 1.132684e+05 -2.833644e+05 -5.547842e+04 -9.624683e+02 -2.302201e+00 -1.061458e+02 -2.172701e+00 
6.875000e+03 0.000000e+00 2.500000e+04 1.215188e-01 0.000000e+00 5.404911e-02 1.133086e+05 -2.834821e+05 -5.549808e+04 -9.455197e+02 -2.585894e+00 -6.425064e+01 -2.290161e+00 
6.937500e+03 0.000000e+00 2.500000e+04 1.208063e-01 0.000000e+00 5.301694e-02 1.133094e+05 -2.835050e+05 -5.549847e+04 -9.246188e+02 -2.417353e+00 -2.252228e+01 -2.260481e+00 
7.000000e+03 0.000000e+00 2.500000e+04 1.200938e-01 0.000000e+00 5.200362e-02 1.132789e+05 -2.834451e+05 -5.548353e+04 -9.079821e+02 -2.290439e+00 1.542164e+01 -1.938330e+00 
7.062500e+03 0.000000e+00 2.500000e+04 1.193815e-01 0.000000e+00 5.100877e-02 1.132162e+05 -2.833033e+05 -5.545285e+04 -8.925995e+02 -1.927170e+00 5.214552e+01 -2.042437e+00 
7.125000e+03 0.000000e+00 2.500000e+04 1.186697e-01 0.000000e+00 5.003203e-02 1.131216e+05 -2.830842e+05 -5.540648e+04 -8.740110e+02 -1.812726e+00 8.772119e+01 -1.995158e+00 
7.187500e+03 0.000000e+00 2.500000e+04 1.179585e-01 0.000000e+00 4.907303e-02 1.129987e+05 -2.827905e+05 -5.534628e+04 -8.591774e+02 -1.695374e+00 1.204568e+02 -1.645936e+00 
7.250000e+03 0.000000e+00 2.500000e+04 1.172482e-01 0.000000e+00 4.813142e-02 1.128467e+05 -2.824265e+05 -5.527186e+04 -8.417630e+02 -1.479837e+00 1.520800e+02 -1.675718e+00 
7.312500e+03 0.000000e+00 2.500000e+04 1.165388e-01 0.000000e+00 4.720683e-02 1.126704e+05 -2.819987e+05 -5.518548e+04 -8.268894e+02 -1.778342e+00 1.806527e+02 -1.363369e+00 
7.375000e+03 0.000000e+00 2.500000e+04 1.158306e-01 0.000000e+00 4.629894e-02 1.124685e+05 -2.815053e+05 -5.508661e+04 -8.135694e+02 -1.745487e+00 2.089006e+02 -1.387747e+00 
7.437500e+03 0.000000e+00 2.500000e+04 1.151237e-01 0.000000e+00 4.540742e-02 1.122401e+05 -2.809520e+05 -5.497477e+04 -7.936514e+02 -1.603745e+00 2.362796e+02 -1.662633e+00 
7.500000e+03 0.000000e+00 2.500000e+04 1.144182e-01 0.000000e+00 4.453190e-02 1.119944e+05 -2.803487e+05 -5.485438e+04 -7.800289e+02 -1.654958e+00 2.596051e+02 -1.923878e+00 
7.562500e+03 0.000000e+00 2.500000e+04 1.137144e-01 0.000000e+00 4.367207e-02 1.117277e+05 -2.796933e+05 -5.472377e+04 -7.659919e+02 -1.498778e+00 2.829767e+02 -2.599795e+00 
7.625000e+03 0.000000e+00 2.500000e+04 1.130122e-01 0.000000e+00 4.282764e-02 1.114404e+05 -2.789881e+05 -5.458304e+04 -7.499666e+02 -1.472428e+00 3.044778e+02 -2.795176e+00 
7.687500e+03 0.000000e+00 2.500000e+04 1.123118e-01 0.000000e+00 4.199827e-02 1.111356e+05 -2.782358e+05 -5.443376e+04 -7.372726e+02 -1.333289e+00 3.247163e+02 -2.560408e+00 
7.750000e+03 0.000000e+00 2.500000e+04 1.116134e-01 0.000000e+00 4.118368e-02 1.108106e+05 -2.774382e+05 -5.427459e+04 -7.190425e+02 -9.129695e-01 3.448102e+02 -2.761631e+00 
7.812500e+03 0.000000e+00 2.500000e+04 1.109170e-01 0.000000e+00 4.038355e-02 1.104725e+05 -2.766037e+05 -5.410897e+04 -7.048251e+02 -7.538949e-01 3.620271e+02 -3.085400e+00 
7.875000e+03 0.000000e+00 2.500000e+04 1.102228e-01 0.000000e+00 3.959759e-02 1.101199e+05 -2.757301e+05 -5.393626e+04 -6.931942e+02 -6.738908e-01 3.784734e+02 -3.249584e+00 
7.937500e+03 0.000000e+00 2.500000e+04 1.095308e-01 0.000000e+00 3.882552e-02 1.097501e+05 -2.748182e+05 -5.375514e+04 -6.769431e+02 -7.476166e-01 3.946596e+02 -3.541777e+00 
8.000000e+03 0.000000e+00 2.500000e+04 1.088412e-01 0.000000e+00 3.806706e-02 1.093702e+05 -2.738754e+05 -5.356908e+04 -6.661661e+02 -9.176419e-01 4.096203e+02 -3.331080e+00 
8.062500e+03 0.000000e+00 2.500000e+04 1.081539e-01 0.000000e+00 3.732194e-02 1.089767e+05 -2.728995e+05 -5.337635e+04 -6.543131e+02 -6.899942e-01 4.235938e+02 -3.201196e+00 
8.125000e+03 0.000000e+00 2.500000e+04 1.074692e-01 0.000000e+00 3.658988e-02 1.085700e+05 -2.718935e+05 -5.317713e+04 -6.393200e+02 -8.171948e-01 4.369731e+02 -3.211380e+00 
8.187500e+03 0.000000e+00 2.500000e+04 1.067869e-01 0.000000e+00 3.587061e-02 1.081571e+05 -2.708655e+05 -5.297491e+04 -6.308797e+02 -1.153175e+00 4.496000e+02 -2.716034e+00 
8.250000e+03 0.000000e+00 2.500000e+04 1.061073e-01 0.000000e+00 3.516389e-02 1.077327e+05 -2.698123e+05 -5.276705e+04 -6.188028e+02 -1.315149e+00 4.618649e+02 -2.641276e+00 
8.312500e+03 0.000000e+00 2.500000e+04 1.054304e-01 0.000000e+00 3.446946e-02 1.072986e+05 -2.687358e+05 -5.255442e+04 -6.056280e+02 -1.586723e+00 4.726530e+02 -2.237721e+00 
8.375000e+03 0.000000e+00 2.500000e+04 1.047562e-01 0.000000e+00 3.378708e-02 1.068580e+05 -2.676382e+05 -5.233860e+04 -5.971142e+02 -1.563805e+00 4.822519e+02 -1.542579e+00 
8.437500e+03 0.000000e+00 2.500000e+04 1.040848e-01 0.000000e+00 3.311652e-02 1.064047e+05 -2.665157e+05 -5.211659e+04 -5.817767e+02 -1.361257e+00 4.913105e+02 -1.592887e+00 
8.500000e+03 0.000000e+00 2.500000e+04 1.034162e-01 0.000000e+00 3.245754e-02 1.059466e+05 -2.653764e+05 -5.189221e+04 -5.711874e+02 -1.095785e+00 4.992148e+02 -1.748610e+00 
8.562500e+03 0.000000e+00 2.500000e+04 1.027505e-01 0.000000e+00 3.180989e-02 1.054826e+05 -2.642204e+05 -5.166494e+04 -5.624154e+02 -6.669533e-01 5.067164e+02 -2.003409e+00 
8.625000e+03 0.000000e+00 2.500000e+04 1.020877e-01 0.000000e+00 3.117336e-02 1.050082e+05 -2.630446e+05 -5.143259e+04 -5.474087e+02 -5.823673e-01 5.135749e+02 -2.593397e+00 
8.687500e+03 0.000000e+00 2.500000e+04 1.014279e-01 0.000000e+00 3.054772e-02 1.045325e+05 -2.618588e+05 -5.119962e+04 -5.391981e+02 -7.183592e-01 5.200055e+02 -2.655230e+00 
8.750000e+03 0.000000e+00 2.500000e+04 1.007711e-01 0.000000e+00 2.993276e-02 1.040510e+05 -2.606598e+05 -5.096377e+04 -5.295510e+02 -6.073201e-01 5.261884e+02 -2.382361e+00 
8.812500e+03 0.000000e+00 2.500000e+04 1.001173e-01 0.000000e+00 2.932826e-02 1.035629e+05 -2.594459e+05 -5.072469e+04 -5.181323e+02 -5.222773e-01 5.308856e+02 -2.520000e+00 
8.875000e+03 0.000000e+00 2.500000e+04 9.946661e-02 0.000000e+00 2.873401e-02 1.030746e+05 -2.582264e+05 -5.048551e+04 -5.118709e+02 -5.224304e-01 5.363356e+02 -2.279025e+00 
8.937500e+03 0.000000e+00 2.500000e+04 9.881896e-02 0.000000e+00 2.814982e-02 1.025812e+05 -2.569973e+05 -5.024385e+04 -5.024507e+02 -5.497366e-01 5.412891e+02 -2.141241e+00 
9.000000e+03 0.000000e+00 2.500000e+04 9.817441e-02 0.000000e+00 2.757550e-02 1.020821e+05 -2.557560e+05 -4.999941e+04 -4.909520e+02 -7.505853e-01 5.453493e+02 -2.339312e+00 
9.062500e+03 0.000000e+00 2.500000e+04 9.753298e-02 0.000000e+00 2.701085e-02 1.015817e+05 -2.545083e+05 -4.975430e+04 -4.824345e+02 -8.586597e-01 5.499087e+02 -2.042654e+00 
9.125000e+03 0.000000e+00 2.500000e+04 9.689469e-02 0.000000e+00 2.645567e-02 1.010784e+05 -2.532541e+05 -4.950776e+04 -4.731772e+02 -1.071027e+00 5.522922e+02 -2.019734e+00 
9.187500e+03 0.000000e+00 2.500000e+04 9.625956e-02 0.000000e+00 2.590979e-02 1.005732e+05 -2.519951e+05 -4.926035e+04 -4.642178e+02 -1.429879e+00 5.545856e+02 -2.010922e+00 
9.250000e+03 0.000000e+00 2.500000e+04 9.562760e-02 0.000000e+00 2.537301e-02 1.000684e+05 -2.507340e+05 -4.901311e+04 -4.581639e+02 -1.355921e+00 5.571837e+02 -1.638344e+00 
9.312500e+03 0.000000e+00 2.500000e+04 9.499881e-02 0.000000e+00 2.484518e-02 9.955883e+04 -2.494654e+05 -4.876351e+04 -4.475277e+02 -1.328531e+00 5.584025e+02 -1.544379e+00 
9.375000e+03 0.000000e+00 2.500000e+04 9.437321e-02 0.000000e+00 2.432610e-02 9.904843e+04 -2.481937e+05 -4.851352e+04 -4.380650e+02 -1.396436e+00 5.601838e+02 -1.511758e+00 
9.437500e+03 0.000000e+00 2.500000e+04 9.375081e-02 0.000000e+00 2.381561e-02 9.854017e+04 -2.469243e+05 -4.826457e+04 -4.316508e+02 -1.135581e+00 5.622578e+02 -1.408513e+00 
9.500000e+03 0.000000e+00 2.500000e+04 9.313159e-02 0.000000e+00 2.331357e-02 9.802841e+04 -2.456495e+05 -4.801391e+04 -4.218328e+02 -9.509694e-01 5.632692e+02 -1.681440e+00 
9.562500e+03 0.000000e+00 2.500000e+04 9.251559e-02 0.000000e+00 2.281979e-02 9.751623e+04 -2.443711e+05 -4.776305e+04 -4.145482e+02 -8.774224e-01 5.642036e+02 -1.948962e+00 
9.625000e+03 0.000000e+00 2.500000e+04 9.190279e-02 0.000000e+00 2.233412e-02 9.700309e+04 -2.430924e+05 -4.751172e+04 -4.051830e+02 -8.953952e-01 5.648415e+02 -1.718196e+00 
9.687500e+03 0.000000e+00 2.500000e+04 9.129321e-02 0.000000e+00 2.185641e-02 9.648996e+04 -2.418122e+05 -4.726039e+04 -3.972821e+02 -7.934399e-01 5.640105e+02 -1.715196e+00 
9.750000e+03 0.000000e+00 2.500000e+04 9.068684e-02 0.000000e+00 2.138648e-02 9.597747e+04 -2.405326e+05 -4.700937e+04 -3.903999e+02 -4.193601e-01 5.640057e+02 -1.639855e+00 
9.812500e+03 0.000000e+00 2.500000e+04 9.008369e-02 0.000000e+00 2.092421e-02 9.546531e+04 -2.392565e+05 -4.675852e+04 -3.809013e+02 -6.786716e-02 5.635966e+02 -1.492420e+00 
9.875000e+03 0.000000e+00 2.500000e+04 8.948373e-02 0.000000e+00 2.046943e-02 9.495525e+04 -2.379828e+05 -4.650870e+04 -3.742531e+02 2.147929e-03 5.624022e+02 -2.084036e+00 
9.937500e+03 0.000000e+00 2.500000e+04 8.888697e-02 0.000000e+00 2.002201e-02 9.444560e+04 -2.367105e+05 -4.625907e+04 -3.672233e+02 -6.727486e-02 5.623785e+02 -2.497177e+00 
1.000000e+04 0.000000e+00 2.500000e+04 8.829341e-02 0.000000e+00 1.958181e-02 9.393813e+04 -2.354415e+05 -4.601051e+04 -3.624193e+02 -2.027176e-01 5.617845e+02 -2.475487e+00 
1.006250e+04 0.000000e+00 2.500000e+04 8.770303e-02 0.000000e+00 1.914872e-02 9.342899e+04 -2.341711e+05 -4.576114e+04 -3.547646e+02 -5.287538e-01 5.604561e+02 -2.552753e+00 
1.012500e+04 0.000000e+00 2.500000e+04 8.711585e-02 0.000000e+00 1.872257e-02 9.292138e+04 -2.329051e+05 -4.551251e+04 -3.465445e+02 -7.921895e-01 5.596069e+02 -2.552953e+00 
1.018750e+04 0.000000e+00 2.500000e+04 8.653183e-02 0.000000e+00 1.830324e-02 9.241898e+04 -2.316476e+05 -4.526644e+04 -3.429372e+02 -1.113905e+00 5.584990e+02 -2.410206e+00 
1.025000e+04 0.000000e+00 2.500000e+04 8.595096e-02 0.000000e+00 1.789060e-02 9.191617e+04 -2.303914e+05 -4.502017e+04 -3.369855e+02 -1.554182e+00 5.567505e+02 -2.342541e+00 
1.031250e+04 0.000000e+00 2.500000e+04 8.537326e-02 0.000000e+00 1.748453e-02 9.141509e+04 -2.291404e+05 -4.477474e+04 -3.301449e+02 -1.889406e+00 5.554511e+02 -1.929002e+00 
1.037500e+04 0.000000e+00 2.500000e+04 8.479868e-02 0.000000e+00 1.708492e-02 9.091723e+04 -2.278965e+05 -4.453089e+04 -3.243534e+02 -1.891695e+00 5.529991e+02 -1.006142e+00 
1.043750e+04 0.000000e+00 2.500000e+04 8.422722e-02 0.000000e+00 1.669163e-02 9.042013e+04 -2.266546e+05 -4.428741e+04 -3.183428e+02 -1.478668e+00 5.498303e+02 -6.775119e-01 
1.050000e+04 0.000000e+00 2.500000e+04 8.365888e-02 0.000000e+00 1.630456e-02 8.992445e+04 -2.254170e+05 -4.404463e+04 -3.117521e+02 -1.080015e+00 5.481064e+02 -7.875679e-01 
1.056250e+04 0.000000e+00 2.500000e+04 8.309364e-02 0.000000e+00 1.592360e-02 8.943180e+04 -2.241859e+05 -4.380333e+04 -3.062040e+02 -1.039614e+00 5.457586e+02 -8.299299e-01 
1.062500e+04 0.000000e+00 2.500000e+04 8.253149e-02 0.000000e+00 1.554862e-02 8.894109e+04 -2.229593e+05 -4.356299e+04 -3.010087e+02 -1.006156e+00 5.423538e+02 -8.413033e-01 
1.068750e+04 0.000000e+00 2.500000e+04 8.197242e-02 0.000000e+00 1.517953e-02 8.845389e+04 -2.217400e+05 -4.332436e+04 -2.973005e+02 -6.719178e-01 5.398284e+02 -4.123131e-01 
1.075000e+04 0.000000e+00 2.500000e+04 8.141639e-02 0.000000e+00 1.481620e-02 8.796939e+04 -2.205278e+05 -4.308705e+04 -2.933464e+02 -2.680920e-01 5.368778e+02 -1.425230e-01 
1.081250e+04 0.000000e+00 2.500000e+04 8.086341e-02 0.000000e+00 1.445855e-02 8.748553e+04 -2.193194e+05 -4.285005e+04 -2.870956e+02 6.572897e-02 5.337452e+02 -2.225492e-01 
1.087500e+04 0.000000e+00 2.500000e+04 8.031346e-02 0.000000e+00 1.410646e-02 8.700560e+04 -2.181180e+05 -4.261499e+04 -2.838177e+02 5.036187e-01 5.305287e+02 -7.995132e-02 
1.093750e+04 0.000000e+00 2.500000e+04 7.976652e-02 0.000000e+00 1.375984e-02 8.652734e+04 -2.169218e+05 -4.238074e+04 -2.794422e+02 1.043470e+00 5.271128e+02 -1.678924e-02 
1.100000e+04 0.000000e+00 2.500000e+04 7.922258e-02 0.000000e+00 1.341859e-02 8.605014e+04 -2.157309e+05 -4.214700e+04 -2.725466e+02 1.395197e+00 5.247745e+02 -3.463515e-01 
1.106250e+04 0.000000e+00 2.500000e+04 7.868162e-02 0.000000e+00 1.308261e-02 8.557741e+04 -2.145499e+05 -4.191547e+04 -2.668471e+02 1.596443e+00 5.220791e+02 -6.870417e-01 
1.112500e+04 0.000000e+00 2.500000e+04 7.814361e-02 0.000000e+00 1.275180e-02 8.510760e+04 -2.133761e+05 -4.168535e+04 -2.612896e+02 1.637638e+00 5.187628e+02 -6.824831e-01 
1.118750e+04 0.000000e+00 2.500000e+04 7.760855e-02 0.000000e+00 1.242607e-02 8.464118e+04 -2.122088e+05 -4.145691e+04 -2.578247e+02 1.677340e+00 5.156574e+02 -5.661579e-01 
1.125000e+04 0.000000e+00 2.500000e+04 7.707641e-02 0.000000e+00 1.210532e-02 8.417837e+04 -2.110517e+05 -4.123022e+04 -2.531868e+02 1.828076e+00 5.132493e+02 -4.881236e-01 
1.131250e+04 0.000000e+00 2.500000e+04 7.654717e-02 0.000000e+00 1.178949e-02 8.371855e+04 -2.099022e+05 -4.100501e+04 -2.484942e+02 1.730322e+00 5.095365e+02 -6.353495e-01 
1.137500e+04 0.000000e+00 2.500000e+04 7.602081e-02 0.000000e+00 1.147847e-02 8.326181e+04 -2.087575e+05 -4.078129e+04 -2.466194e+02 1.583237e+00 5.051205e+02 -8.189554e-01 
1.143750e+04 0.000000e+00 2.500000e+04 7.549732e-02 0.000000e+00 1.117218e-02 8.280699e+04 -2.076207e+05 -4.055853e+04 -2.417482e+02 1.651635e+00 5.023007e+02 -6.366354e-01 
1.150000e+04 0.000000e+00 2.500000e+04 7.497667e-02 0.000000e+00 1.087055e-02 8.235673e+04 -2.064945e+05 -4.033799e+04 -2.376792e+02 1.705829e+00 4.988172e+02 -7.979755e-01 
1.156250e+04 0.000000e+00 2.500000e+04 7.445884e-02 0.000000e+00 1.057348e-02 8.190972e+04 -2.053753e+05 -4.011905e+04 -2.348199e+02 1.547136e+00 4.949891e+02 -1.284208e+00 
1.162500e+04 0.000000e+00 2.500000e+04 7.394382e-02 0.000000e+00 1.028091e-02 8.146474e+04 -2.042621e+05 -3.990110e+04 -2.310526e+02 1.279200e+00 4.920993e+02 -1.256143e+00 
1.168750e+04 0.000000e+00 2.500000e+04 7.343158e-02 0.000000e+00 9.992757e-03 8.102225e+04 -2.031559e+05 -3.968437e+04 -2.264597e+02 1.037350e+00 4.889918e+02 -9.642432e-01 
1.175000e+04 0.000000e+00 2.500000e+04 7.292212e-02 0.000000e+00 9.708942e-03 8.058219e+04 -2.020576e+05 -3.946883e+04 -2.201671e+02 7.649691e-01 4.854259e+02 -8.191187e-01 
1.181250e+04 0.000000e+00 2.500000e+04 7.241540e-02 0.000000e+00 9.429374e-03 8.014918e+04 -2.009720e+05 -3.925674e+04 -2.188482e+02 4.470642e-01 4.818159e+02 -4.586907e-01 
1.187500e+04 0.000000e+00 2.500000e+04 7.191140e-02 0.000000e+00 9.153996e-03 7.971865e+04 -1.998941e+05 -3.904587e+04 -2.160080e+02 3.881917e-01 4.777097e+02 1.620809e-01 
1.193750e+04 0.000000e+00 2.500000e+04 7.141010e-02 0.000000e+00 8.882744e-03 7.928856e+04 -1.988205e+05 -3.883521e+04 -2.100152e+02 6.231125e-01 4.745529e+02 4.519564e-01 
1.200000e+04 0.000000e+00 2.500000e+04 7.091149e-02 0.000000e+00 8.615537e-03 7.886357e+04 -1.977571e+05 -3.862705e+04 -2.065187e+02 8.036963e-01 4.714817e+02 5.247241e-01 
1.206250e+04 0.000000e+00 2.500000e+04 7.041554e-02 0.000000e+00 8.352307e-03 7.844196e+04 -1.967031e+05 -3.842055e+04 -2.022596e+02 7.033341e-01 4.678524e+02 5.260800e-01 
1.212500e+04 0.000000e+00 2.500000e+04 6.992223e-02 0.000000e+00 8.092993e-03 7.802334e+04 -1.956550e+05 -3.821551e+04 -1.994660e+02 4.803839e-01 4.646109e+02 5.167799e-01 
1.218750e+04 0.000000e+00 2.500000e+04 6.943154e-02 0.000000e+00 7.837528e-03 7.760767e+04 -1.946152e+05 -3.801192e+04 -1.959006e+02 4.970074e-01 4.610574e+02 8.654228e-01 
1.225000e+04 0.000000e+00 2.500000e+04 6.894346e-02 0.000000e+00 7.585833e-03 7.719744e+04 -1.935869e+05 -3.781099e+04 -1.944598e+02 5.286682e-01 4.575242e+02 1.035537e+00 
1.231250e+04 0.000000e+00 2.500000e+04 6.845794e-02 0.000000e+00 7.337858e-03 7.679041e+04 -1.925657e+05 -3.761163e+04 -1.938466e+02 4.239923e-01 4.540397e+02 8.838744e-01 
1.237500e+04 0.000000e+00 2.500000e+04 6.797499e-02 0.000000e+00 7.093549e-03 7.638342e+04 -1.915498e+05 -3.741229e+04 -1.881826e+02 4.250752e-01 4.508406e+02 8.754344e-01 
1.243750e+04 0.000000e+00 2.500000e+04 6.749458e-02 0.000000e+00 6.852827e-03 7.598177e+04 -1.905446e+05 -3.721556e+04 -1.851222e+02 4.743404e-01 4.474853e+02 8.750895e-01 
1.250000e+04 0.000000e+00 2.500000e+04 6.701669e-02 0.000000e+00 6.615637e-03 7.558409e+04 -1.895487e+05 -3.702078e+04 -1.827710e+02 4.741234e-01 4.437710e+02 6.381406e-01 
1.256250e+04 0.000000e+00 2.500000e+04 6.654128e-02 0.000000e+00 6.381919e-03 7.518940e+04 -1.885611e+05 -3.682746e+04 -1.796292e+02 2.991685e-01 4.402742e+02 2.078178e-01 
1.262500e+04 0.000000e+00 2.500000e+04 6.606835e-02 0.000000e+00 6.151618e-03 7.479874e+04 -1.875827e+05 -3.663612e+04 -1.774103e+02 -2.966790e-02 4.368704e+02 1.190777e-01 
1.268750e+04 0.000000e+00 2.500000e+04 6.559787e-02 0.000000e+00 5.924685e-03 7.440974e+04 -1.866108e+05 -3.644559e+04 -1.727956e+02 -2.174959e-01 4.326610e+02 1.565278e-01 
1.275000e+04 0.000000e+00 2.500000e+04 6.512982e-02 0.000000e+00 5.701058e-03 7.402389e+04 -1.856465e+05 -3.625660e+04 -1.685649e+02 -3.588303e-01 4.281414e+02 -1.513570e-01 
1.281250e+04 0.000000e+00 2.500000e+04 6.466418e-02 0.000000e+00 5.480681e-03 7.364288e+04 -1.846917e+05 -3.606998e+04 -1.669877e+02 -5.843740e-01 4.241009e+02 -2.903692e-01 
1.287500e+04 0.000000e+00 2.500000e+04 6.420093e-02 0.000000e+00 5.263507e-03 7.326455e+04 -1.837447e+05 -3.588468e+04 -1.642574e+02 -6.774190e-01 4.206998e+02 -3.237349e-01 
1.293750e+04 0.000000e+00 2.500000e+04 6.374005e-02 0.000000e+00 5.049489e-03 7.288827e+04 -1.828047e+05 -3.570038e+04 -1.597091e+02 -5.568208e-01 4.176306e+02 -5.953378e-01 
1.300000e+04 0.000000e+00 2.500000e+04 6.328153e-02 0.000000e+00 4.838563e-03 7.251638e+04 -1.818735e+05 -3.551823e+04 -1.574330e+02 -3.053179e-01 4.137601e+02 -9.315491e-01 
1.306250e+04 0.000000e+00 2.500000e+04 6.282533e-02 0.000000e+00 4.630677e-03 7.214792e+04 -1.809510e+05 -3.533776e+04 -1.549668e+02 -4.552705e-02 4.104503e+02 -1.275130e+00 
1.312500e+04 0.000000e+00 2.500000e+04 6.237145e-02 0.000000e+00 4.425793e-03 7.178350e+04 -1.800379e+05 -3.515927e+04 -1.533266e+02 3.644453e-02 4.075913e+02 -1.853425e+00 
1.318750e+04 0.000000e+00 2.500000e+04 6.191984e-02 0.000000e+00 4.223856e-03 7.142289e+04 -1.791328e+05 -3.498264e+04 -1.531930e+02 -8.319268e-02 4.038431e+02 -2.626890e+00 
1.325000e+04 0.000000e+00 2.500000e+04 6.147051e-02 0.000000e+00 4.024822e-03 7.106291e+04 -1.782330e+05 -3.480632e+04 -1.493544e+02 -3.275476e-01 4.003646e+02 -2.880059e+00 
1.331250e+04 0.000000e+00 2.500000e+04 6.102343e-02 0.000000e+00 3.828646e-03 7.070684e+04 -1.773420e+05 -3.463192e+04 -1.466068e+02 -6.681626e-01 3.972495e+02 -2.753059e+00 
1.337500e+04 0.000000e+00 2.500000e+04 6.057857e-02 0.000000e+00 3.635277e-03 7.035507e+04 -1.764604e+05 -3.445963e+04 -1.451466e+02 -1.031749e+00 3.930303e+02 -2.906712e+00 
1.343750e+04 0.000000e+00 2.500000e+04 6.013592e-02 0.000000e+00 3.444670e-03 7.000578e+04 -1.755861e+05 -3.428855e+04 -1.427303e+02 -1.341720e+00 3.890680e+02 -2.867924e+00 
1.350000e+04 0.000000e+00 2.500000e+04 5.969546e-02 0.000000e+00 3.256786e-03 6.965964e+04 -1.747185e+05 -3.411901e+04 -1.414443e+02 -1.440245e+00 3.863528e+02 -2.377949e+00 
1.356250e+04 0.000000e+00 2.500000e+04 5.925717e-02 0.000000e+00 3.071590e-03 6.931429e+04 -1.738574e+05 -3.394986e+04 -1.355987e+02 -1.384875e+00 3.836464e+02 -1.959035e+00 
1.362500e+04 0.000000e+00 2.500000e+04 5.882104e-02 0.000000e+00 2.889024e-03 6.897417e+04 -1.730074e+05 -3.378327e+04 -1.318047e+02 -1.250339e+00 3.800516e+02 -1.854870e+00 
1.368750e+04 0.000000e+00 2.500000e+04 5.838702e-02 0.000000e+00 2.709045e-03 6.863898e+04 -1.721665e+05 -3.361909e+04 -1.313335e+02 -1.029533e+00 3.759457e+02 -1.654526e+00 
1.375000e+04 0.000000e+00 2.500000e+04 5.795512e-02 0.000000e+00 2.531626e-03 6.830406e+04 -1.713303e+05 -3.345505e+04 -1.267950e+02 -8.719295e-01 3.731514e+02 -1.157135e+00 
1.381250e+04 0.000000e+00 2.500000e+04 5.752530e-02 0.000000e+00 2.356713e-03 6.797543e+04 -1.705060e+05 -3.329409e+04 -1.262065e+02 -6.074156e-01 3.697093e+02 -8.819522e-01 
1.387500e+04 0.000000e+00 2.500000e+04 5.709754e-02 0.000000e+00 2.184269e-03 6.765112e+04 -1.696914e+05 -3.313524e+04 -1.267493e+02 -1.726388e-01 3.648485e+02 -7.473148e-01 
1.393750e+04 0.000000e+00 2.500000e+04 5.667183e-02 0.000000e+00 2.014273e-03 6.732701e+04 -1.688788e+05 -3.297650e+04 -1.257410e+02 1.657310e-01 3.608517e+02 -4.388562e-01 
1.400000e+04 0.000000e+00 2.500000e+04 5.624815e-02 0.000000e+00 1.846689e-03 6.700511e+04 -1.680712e+05 -3.281883e+04 -1.253389e+02 3.969242e-01 3.578946e+02 -1.962530e-01 
1.406250e+04 0.000000e+00 2.500000e+04 5.582650e-02 0.000000e+00 1.681474e-03 6.668621e+04 -1.672729e+05 -3.266263e+04 -1.230756e+02 7.544128e-01 3.542455e+02 -1.446115e-01 
1.412500e+04 0.000000e+00 2.500000e+04 5.540684e-02 0.000000e+00 1.518584e-03 6.637053e+04 -1.664821e+05 -3.250802e+04 -1.214719e+02 1.108793e+00 3.501754e+02 -1.595675e-01 
1.418750e+04 0.000000e+00 2.500000e+04 5.498916e-02 0.000000e+00 1.357991e-03 6.605623e+04 -1.656957e+05 -3.235407e+04 -1.188989e+02 1.157753e+00 3.473526e+02 -6.567126e-02 
1.425000e+04 0.000000e+00 2.500000e+04 5.457345e-02 0.000000e+00 1.199662e-03 6.574499e+04 -1.649182e+05 -3.220163e+04 -1.150888e+02 1.080898e+00 3.448397e+02 -1.447313e-01 
1.431250e+04 0.000000e+00 2.500000e+04 5.415968e-02 0.000000e+00 1.043551e-03 6.543819e+04 -1.641508e+05 -3.205136e+04 -1.124459e+02 1.118830e+00 3.410910e+02 -3.886467e-01 
1.437500e+04 0.000000e+00 2.500000e+04 5.374783e-02 0.000000e+00 8.896275e-04 6.513427e+04 -1.633892e+05 -3.190250e+04 -1.111340e+02 1.074967e+00 3.370625e+02 -2.396834e-01 
1.443750e+04 0.000000e+00 2.500000e+04 5.333789e-02 0.000000e+00 7.378561e-04 6.483422e+04 -1.626368e+05 -3.175554e+04 -1.103177e+02 8.663557e-01 3.352850e+02 8.579569e-02 
1.450000e+04 0.000000e+00 2.500000e+04 5.292982e-02 0.000000e+00 5.882123e-04 6.453840e+04 -1.618957e+05 -3.161065e+04 -1.088202e+02 1.014927e+00 3.329688e+02 2.592960e-01 
1.456250e+04 0.000000e+00 2.500000e+04 5.252361e-02 0.000000e+00 4.406680e-04 6.424498e+04 -1.611592e+05 -3.146693e+04 -1.087975e+02 1.612212e+00 3.273022e+02 3.633581e-01 
1.462500e+04 0.000000e+00 2.500000e+04 5.211925e-02 0.000000e+00 2.951902e-04 6.395208e+04 -1.604238e+05 -3.132347e+04 -1.089645e+02 1.875465e+00 3.237160e+02 4.339646e-01 
1.468750e+04 0.000000e+00 2.500000e+04 5.171673e-02 0.000000e+00 1.517559e-04 6.366088e+04 -1.596960e+05 -3.118084e+04 -1.058194e+02 1.866924e+00 3.226838e+02 5.616594e-01 
1.475000e+04 0.000000e+00 2.500000e+04 5.131603e-02 0.000000e+00 1.032672e-05 6.337323e+04 -1.589782e+05 -3.103995e+04 -1.014891e+02 2.317397e+00 3.183722e+02 6.858879e-01 
1.481250e+04 0.000000e+00 2.500000e+04 5.091712e-02 0.000000e+00 -1.291439e-04 6.308876e+04 -1.582654e+05 -3.090062e+04 -1.002407e+02 2.885251e+00 3.126843e+02 8.123156e-01 
1.487500e+04 0.000000e+00 2.500000e+04 5.052000e-02 0.000000e+00 -2.666772e-04 6.280800e+04 -1.575593e+05 -3.076310e+04 -1.015506e+02 2.970022e+00 3.109130e+02 9.395644e-01 
1.493750e+04 0.000000e+00 2.500000e+04 5.012464e-02 0.000000e+00 -4.022849e-04 6.252998e+04 -1.568638e+05 -3.062693e+04 -9.917227e+01 3.069908e+00 3.099347e+02 9.526232e-01 
1.500000e+04 0.000000e+00 2.500000e+04 4.973102e-02 0.000000e+00 -5.360028e-04 6.225367e+04 -1.561741e+05 -3.049159e+04 -9.531480e+01 3.617204e+00 3.049702e+02 9.441048e-01 
1.506250e+04 0.000000e+00 2.500000e+04 4.933913e-02 0.000000e+00 -6.678719e-04 6.197998e+04 -1.554867e+05 -3.035754e+04 -9.568739e+01 3.936895e+00 3.000206e+02 8.648013e-01 
1.512500e+04 0.000000e+00 2.500000e+04 4.894896e-02 0.000000e+00 -7.979017e-04 6.170869e+04 -1.548064e+05 -3.022466e+04 -9.502374e+01 3.636297e+00 2.998166e+02 5.939978e-01 
1.518750e+04 0.000000e+00 2.500000e+04 4.856049e-02 0.000000e+00 -9.261113e-04 6.144010e+04 -1.541360e+05 -3.009311e+04 -9.113694e+01 3.390174e+00 2.986274e+02 1.832436e-01 
1.525000e+04 0.000000e+00 2.500000e+04 4.817369e-02 0.000000e+00 -1.052554e-03 6.117510e+04 -1.534724e+05 -2.996332e+04 -8.958212e+01 3.374223e+00 2.932225e+02 -9.403766e-02 
1.531250e+04 0.000000e+00 2.500000e+04 4.778856e-02 0.000000e+00 -1.177257e-03 6.091364e+04 -1.528147e+05 -2.983525e+04 -9.096801e+01 3.081693e+00 2.898790e+02 6.914531e-02 
1.537500e+04 0.000000e+00 2.500000e+04 4.740507e-02 0.000000e+00 -1.300222e-03 6.065528e+04 -1.521659e+05 -2.970871e+04 -9.120543e+01 2.682054e+00 2.891827e+02 2.217276e-01 
1.543750e+04 0.000000e+00 2.500000e+04 4.702320e-02 0.000000e+00 -1.421472e-03 6.039886e+04 -1.515237e+05 -2.958311e+04 -8.973693e+01 2.536131e+00 2.861286e+02 -1.289412e-01 
1.550000e+04 0.000000e+00 2.500000e+04 4.664294e-02 0.000000e+00 -1.541044e-03 6.014356e+04 -1.508842e+05 -2.945807e+04 -8.837455e+01 2.315129e+00 2.814718e+02 -3.311728e-01 
1.556250e+04 0.000000e+00 2.500000e+04 4.626429e-02 0.000000e+00 -1.658963e-03 5.989104e+04 -1.502512e+05 -2.933439e+04 -8.755710e+01 1.746013e+00 2.791682e+02 1.723658e-01 
1.562500e+04 0.000000e+00 2.500000e+04 4.588721e-02 0.000000e+00 -1.775248e-03 5.964297e+04 -1.496288e+05 -2.921288e+04 -8.722567e+01 1.264463e+00 2.778189e+02 8.309307e-01 
1.568750e+04 0.000000e+00 2.500000e+04 4.551169e-02 0.000000e+00 -1.889919e-03 5.939734e+04 -1.490141e+05 -2.909258e+04 -8.534739e+01 1.184045e+00 2.749689e+02 1.359608e+00 
1.575000e+04 0.000000e+00 2.500000e+04 4.513770e-02 0.000000e+00 -2.002997e-03 5.915377e+04 -1.484038e+05 -2.897327e+04 -8.422586e+01 1.424532e+00 2.712284e+02 2.053323e+00 
1.581250e+04 0.000000e+00 2.500000e+04 4.476525e-02 0.000000e+00 -2.114509e-03 5.891327e+04 -1.477979e+05 -2.885548e+04 -8.640840e+01 1.794821e+00 2.680846e+02 2.549584e+00 
1.587500e+04 0.000000e+00 2.500000e+04 4.439431e-02 0.000000e+00 -2.224462e-03 5.867288e+04 -1.471963e+05 -2.873773e+04 -8.456216e+01 1.910606e+00 2.668685e+02 2.431710e+00 
1.593750e+04 0.000000e+00 2.500000e+04 4.402488e-02 0.000000e+00 -2.332875e-03 5.843396e+04 -1.466017e+05 -2.862072e+04 -7.947090e+01 1.883911e+00 2.650156e+02 2.195587e+00 
1.600000e+04 0.000000e+00 2.500000e+04 4.365693e-02 0.000000e+00 -2.439793e-03 5.819970e+04 -1.460147e+05 -2.850597e+04 -7.843204e+01 2.162406e+00 2.605016e+02 2.274213e+00 
1.606250e+04 0.000000e+00 2.500000e+04 4.329045e-02 0.000000e+00 -2.545238e-03 5.796822e+04 -1.454324e+05 -2.839260e+04 -7.970384e+01 2.469796e+00 2.572867e+02 2.360598e+00 
1.612500e+04 0.000000e+00 2.500000e+04 4.292543e-02 0.000000e+00 -2.649208e-03 5.773888e+04 -1.448571e+05 -2.828027e+04 -7.926081e+01 2.510904e+00 2.565513e+02 2.077921e+00 
1.618750e+04 0.000000e+00 2.500000e+04 4.256185e-02 0.000000e+00 -2.751723e-03 5.751165e+04 -1.442898e+05 -2.816897e+04 -7.614756e+01 2.642229e+00 2.539316e+02 1.502724e+00 
1.625000e+04 0.000000e+00 2.500000e+04 4.219968e-02 0.000000e+00 -2.852816e-03 5.728650e+04 -1.437255e+05 -2.805870e+04 -7.531991e+01 2.905534e+00 2.491419e+02 1.067476e+00 
1.631250e+04 0.000000e+00 2.500000e+04 4.183893e-02 0.000000e+00 -2.952497e-03 5.706260e+04 -1.431623e+05 -2.794903e+04 -7.648958e+01 2.808224e+00 2.462100e+02 7.715785e-01 
1.637500e+04 0.000000e+00 2.500000e+04 4.147959e-02 0.000000e+00 -3.050778e-03 5.683900e+04 -1.426044e+05 -2.783951e+04 -7.310999e+01 2.234197e+00 2.448532e+02 1.725052e-01 
1.643750e+04 0.000000e+00 2.500000e+04 4.112165e-02 0.000000e+00 -3.147698e-03 5.661928e+04 -1.420557e+05 -2.773189e+04 -7.020639e+01 1.680715e+00 2.421241e+02 -2.808539e-01 
1.650000e+04 0.000000e+00 2.500000e+04 4.076507e-02 0.000000e+00 -3.243284e-03 5.640316e+04 -1.415134e+05 -2.762604e+04 -7.006149e+01 1.373055e+00 2.389808e+02 -4.723181e-02 
1.656250e+04 0.000000e+00 2.500000e+04 4.040985e-02 0.000000e+00 -3.337549e-03 5.618849e+04 -1.409763e+05 -2.752089e+04 -6.829136e+01 1.051010e+00 2.372015e+02 1.158190e-01 
1.662500e+04 0.000000e+00 2.500000e+04 4.005597e-02 0.000000e+00 -3.430508e-03 5.597820e+04 -1.404488e+05 -2.741789e+04 -6.793972e+01 6.968335e-01 2.354274e+02 -1.937616e-01 
1.668750e+04 0.000000e+00 2.500000e+04 3.970341e-02 0.000000e+00 -3.522175e-03 5.577102e+04 -1.399285e+05 -2.731642e+04 -6.814270e+01 4.991821e-01 2.331133e+02 -3.414536e-01 
1.675000e+04 0.000000e+00 2.500000e+04 3.935215e-02 0.000000e+00 -3.612566e-03 5.556491e+04 -1.394122e+05 -2.721546e+04 -6.705567e+01 4.305978e-01 2.313309e+02 -2.788786e-01 
1.681250e+04 0.000000e+00 2.500000e+04 3.900218e-02 0.000000e+00 -3.701693e-03 5.536064e+04 -1.389002e+05 -2.711542e+04 -6.629982e+01 3.356719e-01 2.291599e+02 -2.806180e-01 
1.687500e+04 0.000000e+00 2.500000e+04 3.865349e-02 0.000000e+00 -3.789568e-03 5.515730e+04 -1.383918e+05 -2.701582e+04 -6.430652e+01 1.557911e-01 2.262881e+02 -1.129298e-01 
1.693750e+04 0.000000e+00 2.500000e+04 3.830608e-02 0.000000e+00 -3.876215e-03 5.495674e+04 -1.378899e+05 -2.691759e+04 -6.271647e+01 -4.324462e-03 2.236151e+02 2.080635e-01 
1.700000e+04 0.000000e+00 2.500000e+04 3.795992e-02 0.000000e+00 -3.961655e-03 5.475991e+04 -1.373961e+05 -2.682118e+04 -6.248777e+01 7.969710e-02 2.215326e+02 6.476473e-01 
1.706250e+04 0.000000e+00 2.500000e+04 3.761499e-02 0.000000e+00 -4.045898e-03 5.456440e+04 -1.369061e+05 -2.672542e+04 -6.169902e+01 5.837055e-01 2.190827e+02 1.179675e+00 
1.712500e+04 0.000000e+00 2.500000e+04 3.727129e-02 0.000000e+00 -4.128960e-03 5.437157e+04 -1.364211e+05 -2.663097e+04 -6.260656e+01 1.017644e+00 2.168515e+02 1.099742e+00 
1.718750e+04 0.000000e+00 2.500000e+04 3.692880e-02 0.000000e+00 -4.210847e-03 5.418120e+04 -1.359430e+05 -2.653773e+04 -6.284515e+01 9.582120e-01 2.148993e+02 5.403096e-01 
1.725000e+04 0.000000e+00 2.500000e+04 3.658750e-02 0.000000e+00 -4.291574e-03 5.399157e+04 -1.354689e+05 -2.644485e+04 -6.091873e+01 9.859037e-01 2.116695e+02 3.682910e-01 
1.731250e+04 0.000000e+00 2.500000e+04 3.624740e-02 0.000000e+00 -4.371167e-03 5.380424e+04 -1.349984e+05 -2.635310e+04 -6.123587e+01 1.236610e+00 2.091419e+02 2.519575e-01 
1.737500e+04 0.000000e+00 2.500000e+04 3.590847e-02 0.000000e+00 -4.449627e-03 5.361815e+04 -1.345322e+05 -2.626195e+04 -6.029514e+01 1.130506e+00 2.081648e+02 -2.333348e-01 
1.743750e+04 0.000000e+00 2.500000e+04 3.557071e-02 0.000000e+00 -4.526967e-03 5.343391e+04 -1.340720e+05 -2.617171e+04 -5.801050e+01 8.291441e-01 2.058424e+02 -7.153856e-01 
1.750000e+04 0.000000e+00 2.500000e+04 3.523409e-02 0.000000e+00 -4.603220e-03 5.325273e+04 -1.336174e+05 -2.608297e+04 -5.780851e+01 5.905026e-01 2.031973e+02 -1.022966e+00 
1.756250e+04 0.000000e+00 2.500000e+04 3.489862e-02 0.000000e+00 -4.678388e-03 5.307210e+04 -1.331658e+05 -2.599450e+04 -5.600934e+01 2.538177e-01 2.011880e+02 -1.164990e+00 
1.762500e+04 0.000000e+00 2.500000e+04 3.456427e-02 0.000000e+00 -4.752479e-03 5.289270e+04 -1.327180e+05 -2.590663e+04 -5.348735e+01 -1.526255e-01 1.980278e+02 -1.260641e+00 
1.768750e+04 0.000000e+00 2.500000e+04 3.423105e-02 0.000000e+00 -4.825529e-03 5.271630e+04 -1.322760e+05 -2.582023e+04 -5.269063e+01 -6.036829e-01 1.952530e+02 -1.473494e+00 
1.775000e+04 0.000000e+00 2.500000e+04 3.389892e-02 0.000000e+00 -4.897549e-03 5.254344e+04 -1.318424e+05 -2.573556e+04 -5.230969e+01 -1.042190e+00 1.946824e+02 -1.455696e+00 
1.781250e+04 0.000000e+00 2.500000e+04 3.356788e-02 0.000000e+00 -4.968543e-03 5.237396e+04 -1.314176e+05 -2.565255e+04 -5.177148e+01 -1.212188e+00 1.928768e+02 -1.166909e+00 
1.787500e+04 0.000000e+00 2.500000e+04 3.323789e-02 0.000000e+00 -5.038528e-03 5.220621e+04 -1.309962e+05 -2.557039e+04 -5.207665e+01 -1.277608e+00 1.886980e+02 -1.125135e+00 
1.793750e+04 0.000000e+00 2.500000e+04 3.290897e-02 0.000000e+00 -5.107503e-03 5.203922e+04 -1.305760e+05 -2.548860e+04 -5.304018e+01 -1.572924e+00 1.868042e+02 -1.236656e+00 
1.800000e+04 0.000000e+00 2.500000e+04 3.258110e-02 0.000000e+00 -5.175473e-03 5.187347e+04 -1.301612e+05 -2.540741e+04 -5.179155e+01 -1.783504e+00 1.865455e+02 -1.245951e+00 
1.806250e+04 0.000000e+00 2.500000e+04 3.225426e-02 0.000000e+00 -5.242467e-03 5.171072e+04 -1.297536e+05 -2.532770e+04 -5.090045e+01 -1.824388e+00 1.847643e+02 -1.141766e+00 
1.812500e+04 0.000000e+00 2.500000e+04 3.192843e-02 0.000000e+00 -5.308494e-03 5.154957e+04 -1.293488e+05 -2.524877e+04 -5.115023e+01 -2.031902e+00 1.819492e+02 -8.841095e-01 
1.818750e+04 0.000000e+00 2.500000e+04 3.160363e-02 0.000000e+00 -5.373564e-03 5.138916e+04 -1.289475e+05 -2.517020e+04 -4.977446e+01 -2.256734e+00 1.794712e+02 -8.892857e-01 
1.825000e+04 0.000000e+00 2.500000e+04 3.127983e-02 0.000000e+00 -5.437700e-03 5.123303e+04 -1.285552e+05 -2.509373e+04 -5.018447e+01 -2.394497e+00 1.778698e+02 -1.134488e+00 
1.831250e+04 0.000000e+00 2.500000e+04 3.095700e-02 0.000000e+00 -5.500901e-03 5.107913e+04 -1.281686e+05 -2.501835e+04 -5.046970e+01 -2.564870e+00 1.761095e+02 -9.315042e-01 
1.837500e+04 0.000000e+00 2.500000e+04 3.063514e-02 0.000000e+00 -5.563168e-03 5.092501e+04 -1.277828e+05 -2.494286e+04 -4.938846e+01 -2.573584e+00 1.734813e+02 -7.116656e-01 
1.843750e+04 0.000000e+00 2.500000e+04 3.031425e-02 0.000000e+00 -5.624513e-03 5.077089e+04 -1.273972e+05 -2.486738e+04 -4.809688e+01 -2.313071e+00 1.714045e+02 -1.015553e+00 
1.850000e+04 0.000000e+00 2.500000e+04 2.999433e-02 0.000000e+00 -5.684945e-03 5.061698e+04 -1.270147e+05 -2.479199e+04 -4.420709e+01 -2.050984e+00 1.706402e+02 -1.363793e+00 
1.856250e+04 0.000000e+00 2.500000e+04 2.967536e-02 0.000000e+00 -5.744494e-03 5.046787e+04 -1.266422e+05 -2.471895e+04 -4.247778e+01 -2.180078e+00 1.683356e+02 -1.750438e+00 
1.862500e+04 0.000000e+00 2.500000e+04 2.935731e-02 0.000000e+00 -5.803186e-03 5.032405e+04 -1.262786e+05 -2.464851e+04 -4.499516e+01 -2.578497e+00 1.645191e+02 -2.035423e+00 
1.868750e+04 0.000000e+00 2.500000e+04 2.904017e-02 0.000000e+00 -5.861007e-03 5.018056e+04 -1.259170e+05 -2.457823e+04 -4.648593e+01 -2.625083e+00 1.629995e+02 -1.810114e+00 
1.875000e+04 0.000000e+00 2.500000e+04 2.872394e-02 0.000000e+00 -5.917955e-03 5.003680e+04 -1.255574e+05 -2.450782e+04 -4.515988e+01 -2.340281e+00 1.625661e+02 -1.693074e+00 
1.881250e+04 0.000000e+00 2.500000e+04 2.840861e-02 0.000000e+00 -5.974044e-03 4.989449e+04 -1.252018e+05 -2.443812e+04 -4.351635e+01 -2.272322e+00 1.601641e+02 -2.085909e+00 
1.887500e+04 0.000000e+00 2.500000e+04 2.809417e-02 0.000000e+00 -6.029298e-03 4.975291e+04 -1.248484e+05 -2.436877e+04 -4.156677e+01 -2.396483e+00 1.565196e+02 -2.589799e+00 
1.893750e+04 0.000000e+00 2.500000e+04 2.778061e-02 0.000000e+00 -6.083737e-03 4.961462e+04 -1.245013e+05 -2.430104e+04 -4.148760e+01 -2.546046e+00 1.544225e+02 -2.876466e+00 
1.900000e+04 0.000000e+00 2.500000e+04 2.746791e-02 0.000000e+00 -6.137362e-03 4.947971e+04 -1.241628e+05 -2.423496e+04 -4.135513e+01 -2.775310e+00 1.534525e+02 -2.654397e+00 
1.906250e+04 0.000000e+00 2.500000e+04 2.715606e-02 0.000000e+00 -6.190178e-03 4.934571e+04 -1.238285e+05 -2.416933e+04 -3.927435e+01 -2.824510e+00 1.514032e+02 -2.069992e+00 
1.912500e+04 0.000000e+00 2.500000e+04 2.684504e-02 0.000000e+00 -6.242194e-03 4.921445e+04 -1.234974e+05 -2.410503e+04 -4.087164e+01 -2.531555e+00 1.491539e+02 -1.648418e+00 
1.918750e+04 0.000000e+00 2.500000e+04 2.653486e-02 0.000000e+00 -6.293411e-03 4.908413e+04 -1.231693e+05 -2.404121e+04 -4.187135e+01 -2.072336e+00 1.474318e+02 -1.536214e+00 
1.925000e+04 0.000000e+00 2.500000e+04 2.622549e-02 0.000000e+00 -6.343834e-03 4.895403e+04 -1.228443e+05 -2.397748e+04 -4.026108e+01 -1.798974e+00 1.456115e+02 -1.647914e+00 
1.931250e+04 0.000000e+00 2.500000e+04 2.591694e-02 0.000000e+00 -6.393482e-03 4.882579e+04 -1.225233e+05 -2.391467e+04 -3.944836e+01 -1.893691e+00 1.430867e+02 -1.533707e+00 
1.937500e+04 0.000000e+00 2.500000e+04 2.560919e-02 0.000000e+00 -6.442366e-03 4.869998e+04 -1.222074e+05 -2.385305e+04 -3.951168e+01 -1.812345e+00 1.406387e+02 -1.040432e+00 
1.943750e+04 0.000000e+00 2.500000e+04 2.530223e-02 0.000000e+00 -6.490496e-03 4.857758e+04 -1.218983e+05 -2.379310e+04 -4.131595e+01 -1.204426e+00 1.393917e+02 -8.731982e-01 
1.950000e+04 0.000000e+00 2.500000e+04 2.499603e-02 0.000000e+00 -6.537870e-03 4.845601e+04 -1.215923e+05 -2.373356e+04 -4.218583e+01 -7.116104e-01 1.378742e+02 -1.280387e+00 
1.956250e+04 0.000000e+00 2.500000e+04 2.469061e-02 0.000000e+00 -6.584488e-03 4.833184e+04 -1.212851e+05 -2.367274e+04 -3.768402e+01 -7.742432e-01 1.351730e+02 -1.899499e+00 
1.962500e+04 0.000000e+00 2.500000e+04 2.438596e-02 0.000000e+00 -6.630375e-03 4.821015e+04 -1.209819e+05 -2.361314e+04 -3.541963e+01 -1.132884e+00 1.328246e+02 -2.295430e+00 
1.968750e+04 0.000000e+00 2.500000e+04 2.408205e-02 0.000000e+00 -6.675551e-03 4.809321e+04 -1.206869e+05 -2.355586e+04 -3.691119e+01 -1.447514e+00 1.311814e+02 -2.178408e+00 
1.975000e+04 0.000000e+00 2.500000e+04 2.377889e-02 0.000000e+00 -6.720022e-03 4.797921e+04 -1.203995e+05 -2.350002e+04 -3.806393e+01 -1.554366e+00 1.297351e+02 -1.697879e+00 
1.981250e+04 0.000000e+00 2.500000e+04 2.347643e-02 0.000000e+00 -6.763780e-03 4.786840e+04 -1.201183e+05 -2.344575e+04 -4.110875e+01 -1.505412e+00 1.277498e+02 -1.031685e+00 
1.987500e+04 0.000000e+00 2.500000e+04 2.317468e-02 0.000000e+00 -6.806818e-03 4.775574e+04 -1.198372e+05 -2.339057e+04 -3.950370e+01 -1.156617e+00 1.258732e+02 -3.423700e-01 
1.993750e+04 0.000000e+00 2.500000e+04 2.287364e-02 0.000000e+00 -6.849140e-03 4.764320e+04 -1.195561e+05 -2.333545e+04 -3.803968e+01 -4.242037e-01 1.242512e+02 -3.615229e-02 
2.000000e+04 0.000000e+00 2.500000e+04 2.257330e-02 0.000000e+00 -6.890751e-03 4.753067e+04 -1.192756e+05 -2.328033e+04 -3.609438e+01 1.897620e-01 1.230031e+02 -5.229319e-01 
2.006250e+04 0.000000e+00 2.500000e+04 2.227367e-02 0.000000e+00 -6.931671e-03 4.741761e+04 -1.189965e+05 -2.322495e+04 -3.140020e+01 2.443950e-01 1.216160e+02 -1.434363e+00 
2.012500e+04 0.000000e+00 2.500000e+04 2.197473e-02 0.000000e+00 -6.971929e-03 4.730988e+04 -1.187261e+05 -2.317219e+04 -3.140970e+01 -2.549974e-01 1.192074e+02 -1.642379e+00 
2.018750e+04 0.000000e+00 2.500000e+04 2.167646e-02 0.000000e+00 -7.011541e-03 4.720631e+04 -1.184652e+05 -2.312146e+04 -3.223747e+01 -7.058994e-01 1.172426e+02 -8.984340e-01 
2.025000e+04 0.000000e+00 2.500000e+04 2.137883e-02 0.000000e+00 -7.050503e-03 4.710601e+04 -1.182118e+05 -2.307233e+04 -3.383962e+01 -5.165365e-01 1.150160e+02 8.444227e-02 
2.031250e+04 0.000000e+00 2.500000e+04 2.108184e-02 0.000000e+00 -7.088808e-03 4.700892e+04 -1.179635e+05 -2.302478e+04 -3.845516e+01 1.422516e-01 1.124125e+02 6.737982e-01 
2.037500e+04 0.000000e+00 2.500000e+04 2.078547e-02 0.000000e+00 -7.126444e-03 4.691023e+04 -1.177134e+05 -2.297644e+04 -4.085931e+01 8.050265e-01 1.107411e+02 7.432530e-01 
2.043750e+04 0.000000e+00 2.500000e+04 2.048973e-02 0.000000e+00 -7.163403e-03 4.680724e+04 -1.174590e+05 -2.292600e+04 -3.670931e+01 1.363023e+00 1.096142e+02 6.009443e-01 
2.050000e+04 0.000000e+00 2.500000e+04 2.019463e-02 0.000000e+00 -7.199717e-03 4.670614e+04 -1.172084e+05 -2.287648e+04 -3.353639e+01 1.828681e+00 1.083126e+02 1.435142e-01 
2.056250e+04 0.000000e+00 2.500000e+04 1.990016e-02 0.000000e+00 -7.235413e-03 4.660959e+04 -1.169670e+05 -2.282919e+04 -3.258608e+01 1.968377e+00 1.059287e+02 -3.892888e-01 
2.062500e+04 0.000000e+00 2.500000e+04 1.960627e-02 0.000000e+00 -7.270488e-03 4.651659e+04 -1.167323e+05 -2.278364e+04 -3.386618e+01 1.863601e+00 1.040387e+02 -5.546295e-01 
2.068750e+04 0.000000e+00 2.500000e+04 1.931298e-02 0.000000e+00 -7.304935e-03 4.642324e+04 -1.164977e+05 -2.273791e+04 -3.414980e+01 1.861944e+00 1.028784e+02 -6.226865e-01 
2.075000e+04 0.000000e+00 2.500000e+04 1.902027e-02 0.000000e+00 -7.338756e-03 4.632858e+04 -1.162642e+05 -2.269155e+04 -3.003296e+01 1.963132e+00 1.011266e+02 -5.731697e-01 
2.081250e+04 0.000000e+00 2.500000e+04 1.872815e-02 0.000000e+00 -7.371978e-03 4.623913e+04 -1.160391e+05 -2.264774e+04 -3.053160e+01 1.975575e+00 9.922520e+01 -6.448828e-01 
2.087500e+04 0.000000e+00 2.500000e+04 1.843658e-02 0.000000e+00 -7.404604e-03 4.615180e+04 -1.158181e+05 -2.260496e+04 -3.229340e+01 1.823208e+00 9.699908e+01 -9.332070e-01 
2.093750e+04 0.000000e+00 2.500000e+04 1.814557e-02 0.000000e+00 -7.436615e-03 4.606203e+04 -1.155954e+05 -2.256099e+04 -2.973277e+01 1.727647e+00 9.563653e+01 -6.933577e-01 
2.100000e+04 0.000000e+00 2.500000e+04 1.785511e-02 0.000000e+00 -7.468032e-03 4.597426e+04 -1.153760e+05 -2.251801e+04 -2.875316e+01 1.845790e+00 9.458413e+01 -3.256692e-01 
2.106250e+04 0.000000e+00 2.500000e+04 1.756520e-02 0.000000e+00 -7.498880e-03 4.589015e+04 -1.151649e+05 -2.247681e+04 -2.875449e+01 1.812346e+00 9.270332e+01 -1.187242e-01 
2.112500e+04 0.000000e+00 2.500000e+04 1.727581e-02 0.000000e+00 -7.529165e-03 4.580993e+04 -1.149625e+05 -2.243752e+04 -2.980901e+01 1.753022e+00 9.085183e+01 6.579458e-01 
2.118750e+04 0.000000e+00 2.500000e+04 1.698692e-02 0.000000e+00 -7.558877e-03 4.573318e+04 -1.147653e+05 -2.239993e+04 -3.426897e+01 2.069982e+00 8.930432e+01 1.942064e+00 
2.125000e+04 0.000000e+00 2.500000e+04 1.669853e-02 0.000000e+00 -7.587998e-03 4.565393e+04 -1.145677e+05 -2.236111e+04 -3.299969e+01 2.808100e+00 8.715070e+01 3.199535e+00 
2.131250e+04 0.000000e+00 2.500000e+04 1.641063e-02 0.000000e+00 -7.616548e-03 4.557685e+04 -1.143731e+05 -2.232335e+04 -3.407793e+01 3.757323e+00 8.442554e+01 3.625413e+00 
2.137500e+04 0.000000e+00 2.500000e+04 1.612322e-02 0.000000e+00 -7.644522e-03 4.550096e+04 -1.141802e+05 -2.228619e+04 -3.651429e+01 4.461539e+00 8.320276e+01 3.409810e+00 
2.143750e+04 0.000000e+00 2.500000e+04 1.583629e-02 0.000000e+00 -7.671904e-03 4.542201e+04 -1.139847e+05 -2.224752e+04 -3.386114e+01 4.977517e+00 8.260984e+01 3.219386e+00 
2.150000e+04 0.000000e+00 2.500000e+04 1.554986e-02 0.000000e+00 -7.698716e-03 4.534409e+04 -1.137917e+05 -2.220935e+04 -3.118251e+01 5.315909e+00 8.053643e+01 2.734565e+00 
2.156250e+04 0.000000e+00 2.500000e+04 1.526390e-02 0.000000e+00 -7.724985e-03 4.526927e+04 -1.136049e+05 -2.217271e+04 -3.023584e+01 5.169405e+00 7.877212e+01 1.973091e+00 
2.162500e+04 0.000000e+00 2.500000e+04 1.497841e-02 0.000000e+00 -7.750718e-03 4.519773e+04 -1.134233e+05 -2.213766e+04 -3.217465e+01 4.666324e+00 7.798034e+01 1.411512e+00 
2.168750e+04 0.000000e+00 2.500000e+04 1.469337e-02 0.000000e+00 -7.775903e-03 4.512644e+04 -1.132452e+05 -2.210275e+04 -3.138261e+01 4.026309e+00 7.705106e+01 1.533990e+00 
2.175000e+04 0.000000e+00 2.500000e+04 1.440877e-02 0.000000e+00 -7.800556e-03 4.505671e+04 -1.130719e+05 -2.206859e+04 -2.960598e+01 3.344481e+00 7.543627e+01 1.900050e+00 
2.181250e+04 0.000000e+00 2.500000e+04 1.412460e-02 0.000000e+00 -7.824692e-03 4.499070e+04 -1.129054e+05 -2.203626e+04 -3.047199e+01 2.594065e+00 7.350693e+01 2.154879e+00 
2.187500e+04 0.000000e+00 2.500000e+04 1.384084e-02 0.000000e+00 -7.848303e-03 4.492638e+04 -1.127431e+05 -2.200476e+04 -3.126268e+01 1.950032e+00 7.213783e+01 2.817885e+00 
2.193750e+04 0.000000e+00 2.500000e+04 1.355748e-02 0.000000e+00 -7.871388e-03 4.486217e+04 -1.125833e+05 -2.197331e+04 -2.989256e+01 1.650196e+00 7.086554e+01 3.865396e+00 
2.200000e+04 0.000000e+00 2.500000e+04 1.327453e-02 0.000000e+00 -7.893953e-03 4.480006e+04 -1.124280e+05 -2.194289e+04 -2.930889e+01 1.659737e+00 6.930163e+01 4.828676e+00 
2.206250e+04 0.000000e+00 2.500000e+04 1.299195e-02 0.000000e+00 -7.916007e-03 4.474148e+04 -1.122783e+05 -2.191420e+04 -3.193329e+01 1.834024e+00 6.793255e+01 5.292929e+00 
2.212500e+04 0.000000e+00 2.500000e+04 1.270975e-02 0.000000e+00 -7.937536e-03 4.468320e+04 -1.121304e+05 -2.188565e+04 -3.354481e+01 1.972084e+00 6.626621e+01 5.721275e+00 
2.218750e+04 0.000000e+00 2.500000e+04 1.242792e-02 0.000000e+00 -7.958536e-03 4.462439e+04 -1.119843e+05 -2.185685e+04 -3.201249e+01 2.433003e+00 6.494748e+01 6.344125e+00 
2.225000e+04 0.000000e+00 2.500000e+04 1.214645e-02 0.000000e+00 -7.979024e-03 4.456966e+04 -1.118444e+05 -2.183004e+04 -3.452412e+01 3.141250e+00 6.413748e+01 6.299465e+00 
2.231250e+04 0.000000e+00 2.500000e+04 1.186533e-02 0.000000e+00 -7.998987e-03 4.451390e+04 -1.117047e+05 -2.180273e+04 -3.427559e+01 3.474542e+00 6.184458e+01 5.761012e+00 
2.237500e+04 0.000000e+00 2.500000e+04 1.158457e-02 0.000000e+00 -8.018422e-03 4.445656e+04 -1.115629e+05 -2.177464e+04 -3.215216e+01 3.596712e+00 5.943692e+01 5.337741e+00 
2.243750e+04 0.000000e+00 2.500000e+04 1.130416e-02 0.000000e+00 -8.037351e-03 4.440075e+04 -1.114242e+05 -2.174731e+04 -3.074485e+01 3.697922e+00 5.765792e+01 4.642024e+00 
2.250000e+04 0.000000e+00 2.500000e+04 1.102409e-02 0.000000e+00 -8.055782e-03 4.434726e+04 -1.112911e+05 -2.172111e+04 -2.953144e+01 3.564148e+00 5.548281e+01 3.660561e+00 
2.256250e+04 0.000000e+00 2.500000e+04 1.074434e-02 0.000000e+00 -8.073712e-03 4.429526e+04 -1.111604e+05 -2.169564e+04 -2.973518e+01 3.136346e+00 5.400910e+01 2.639716e+00 
2.262500e+04 0.000000e+00 2.500000e+04 1.046493e-02 0.000000e+00 -8.091149e-03 4.424227e+04 -1.110300e+05 -2.166969e+04 -2.714013e+01 2.576911e+00 5.278397e+01 1.551922e+00 
2.268750e+04 0.000000e+00 2.500000e+04 1.018584e-02 0.000000e+00 -8.108107e-03 4.419217e+04 -1.109060e+05 -2.164514e+04 -2.540841e+01 1.904427e+00 5.107441e+01 4.906814e-01 
2.275000e+04 0.000000e+00 2.500000e+04 9.907050e-03 0.000000e+00 -8.124592e-03 4.414493e+04 -1.107873e+05 -2.162201e+04 -2.547133e+01 9.772430e-01 4.982858e+01 -5.601674e-01 
2.281250e+04 0.000000e+00 2.500000e+04 9.628557e-03 0.000000e+00 -8.140601e-03 4.409798e+04 -1.106698e+05 -2.159901e+04 -2.510854e+01 -4.415908e-02 4.855475e+01 -1.207234e+00 
2.287500e+04 0.000000e+00 2.500000e+04 9.350358e-03 0.000000e+00 -8.156142e-03 4.405277e+04 -1.105572e+05 -2.157687e+04 -2.428857e+01 -9.667460e-01 4.783290e+01 -1.412517e+00 
2.293750e+04 0.000000e+00 2.500000e+04 9.072430e-03 0.000000e+00 -8.171226e-03 4.401121e+04 -1.104521e+05 -2.155651e+04 -2.504265e+01 -1.894304e+00 4.763844e+01 -1.379327e+00 
2.300000e+04 0.000000e+00 2.500000e+04 8.794760e-03 0.000000e+00 -8.185839e-03 4.397132e+04 -1.103509e+05 -2.153697e+04 -2.604828e+01 -2.716351e+00 4.691309e+01 -7.776241e-01 
2.306250e+04 0.000000e+00 2.500000e+04 8.517343e-03 0.000000e+00 -8.199981e-03 4.393224e+04 -1.102522e+05 -2.151783e+04 -2.671294e+01 -3.134784e+00 4.531439e+01 2.205476e-02 
2.312500e+04 0.000000e+00 2.500000e+04 8.240171e-03 0.000000e+00 -8.213657e-03 4.389408e+04 -1.101571e+05 -2.149914e+04 -2.602467e+01 -3.241961e+00 4.412820e+01 5.570447e-01 
2.318750e+04 0.000000e+00 2.500000e+04 7.963231e-03 0.000000e+00 -8.226864e-03 4.385869e+04 -1.100660e+05 -2.148181e+04 -2.825398e+01 -3.323111e+00 4.332208e+01 1.012819e+00 
2.325000e+04 0.000000e+00 2.500000e+04 7.686519e-03 0.000000e+00 -8.239598e-03 4.382320e+04 -1.099762e+05 -2.146443e+04 -2.902914e+01 -3.334650e+00 4.177387e+01 1.643896e+00 
2.331250e+04 0.000000e+00 2.500000e+04 7.410033e-03 0.000000e+00 -8.251863e-03 4.378780e+04 -1.098889e+05 -2.144709e+04 -2.744693e+01 -3.222152e+00 4.038435e+01 2.118631e+00 
2.337500e+04 0.000000e+00 2.500000e+04 7.133758e-03 0.000000e+00 -8.263665e-03 4.375544e+04 -1.098063e+05 -2.143124e+04 -2.876659e+01 -3.126001e+00 3.911507e+01 2.187806e+00 
2.343750e+04 0.000000e+00 2.500000e+04 6.857688e-03 0.000000e+00 -8.274993e-03 4.372315e+04 -1.097253e+05 -2.141542e+04 -2.871999e+01 -2.999219e+00 3.720935e+01 2.240595e+00 
2.350000e+04 0.000000e+00 2.500000e+04 6.581821e-03 0.000000e+00 -8.285858e-03 4.369188e+04 -1.096467e+05 -2.140011e+04 -2.879372e+01 -2.758444e+00 3.572963e+01 1.925438e+00 
2.356250e+04 0.000000e+00 2.500000e+04 6.306147e-03 0.000000e+00 -8.296264e-03 4.366223e+04 -1.095716e+05 -2.138558e+04 -2.947951e+01 -2.645240e+00 3.536937e+01 1.336554e+00 
2.362500e+04 0.000000e+00 2.500000e+04 6.030659e-03 0.000000e+00 -8.306197e-03 4.363164e+04 -1.094976e+05 -2.137060e+04 -2.668610e+01 -2.719462e+00 3.468654e+01 1.031338e+00 
2.368750e+04 0.000000e+00 2.500000e+04 5.755353e-03 0.000000e+00 -8.315676e-03 4.360293e+04 -1.094267e+05 -2.135654e+04 -2.551933e+01 -2.885770e+00 3.373953e+01 6.112169e-01 
2.375000e+04 0.000000e+00 2.500000e+04 5.480220e-03 0.000000e+00 -8.324701e-03 4.357538e+04 -1.093595e+05 -2.134304e+04 -2.356922e+01 -3.139517e+00 3.374411e+01 1.846389e-01 
2.381250e+04 0.000000e+00 2.500000e+04 5.205250e-03 0.000000e+00 -8.333281e-03 4.355000e+04 -1.092978e+05 -2.133061e+04 -2.158278e+01 -3.242049e+00 3.320345e+01 -1.465255e-01 
2.387500e+04 0.000000e+00 2.500000e+04 4.930425e-03 0.000000e+00 -8.341428e-03 4.352803e+04 -1.092422e+05 -2.131985e+04 -2.202623e+01 -3.230983e+00 3.155699e+01 -6.118230e-01 
2.393750e+04 0.000000e+00 2.500000e+04 4.655735e-03 0.000000e+00 -8.349131e-03 4.350630e+04 -1.091879e+05 -2.130921e+04 -2.178366e+01 -3.306162e+00 2.945195e+01 -9.333793e-01 
2.400000e+04 0.000000e+00 2.500000e+04 4.381183e-03 0.000000e+00 -8.356391e-03 4.348476e+04 -1.091346e+05 -2.129866e+04 -2.104932e+01 -3.415730e+00 2.670971e+01 -8.851211e-01 
2.406250e+04 0.000000e+00 2.500000e+04 4.106761e-03 0.000000e+00 -8.363217e-03 4.346595e+04 -1.090859e+05 -2.128945e+04 -2.251930e+01 -3.508872e+00 2.384113e+01 -6.854840e-01 
2.412500e+04 0.000000e+00 2.500000e+04 3.832455e-03 0.000000e+00 -8.369607e-03 4.344849e+04 -1.090412e+05 -2.128089e+04 -2.334814e+01 -3.505831e+00 2.184289e+01 -4.821615e-01 
2.418750e+04 0.000000e+00 2.500000e+04 3.558259e-03 0.000000e+00 -8.375556e-03 4.343203e+04 -1.090006e+05 -2.127283e+04 -2.263830e+01 -3.197937e+00 1.998288e+01 -7.461569e-02 
2.425000e+04 0.000000e+00 2.500000e+04 3.284157e-03 0.000000e+00 -8.381073e-03 4.341840e+04 -1.089652e+05 -2.126615e+04 -2.380262e+01 -2.706499e+00 1.757594e+01 3.265919e-01 
2.431250e+04 0.000000e+00 2.500000e+04 3.010139e-03 0.000000e+00 -8.386150e-03 4.340491e+04 -1.089311e+05 -2.125955e+04 -2.404671e+01 -2.165464e+00 1.554160e+01 1.141924e+00 
2.437500e+04 0.000000e+00 2.500000e+04 2.736209e-03 0.000000e+00 -8.390781e-03 4.339247e+04 -1.088988e+05 -2.125346e+04 -2.513433e+01 -1.354527e+00 1.372944e+01 2.249976e+00 
2.443750e+04 0.000000e+00 2.500000e+04 2.462356e-03 0.000000e+00 -8.394973e-03 4.338238e+04 -1.088707e+05 -2.124851e+04 -2.795703e+01 -4.187190e-01 1.174797e+01 2.757672e+00 
2.450000e+04 0.000000e+00 2.500000e+04 2.188571e-03 0.000000e+00 -8.398708e-03 4.337063e+04 -1.088430e+05 -2.124276e+04 -2.613109e+01 3.619122e-01 1.054638e+01 2.830312e+00 
2.456250e+04 0.000000e+00 2.500000e+04 1.914854e-03 0.000000e+00 -8.401996e-03 4.336013e+04 -1.088189e+05 -2.123761e+04 -2.390672e+01 1.114287e+00 9.148522e+00 2.707940e+00 
2.462500e+04 0.000000e+00 2.500000e+04 1.641188e-03 0.000000e+00 -8.404849e-03 4.335420e+04 -1.088010e+05 -2.123471e+04 -2.689843e+01 1.746143e+00 7.798922e+00 2.462876e+00 
2.468750e+04 0.000000e+00 2.500000e+04 1.367565e-03 0.000000e+00 -8.407243e-03 4.334698e+04 -1.087818e+05 -2.123117e+04 -2.791020e+01 2.237289e+00 6.982655e+00 2.374208e+00 
2.475000e+04 0.000000e+00 2.500000e+04 1.093996e-03 0.000000e+00 -8.409183e-03 4.333870e+04 -1.087633e+05 -2.122712e+04 -2.568732e+01 2.621805e+00 6.305068e+00 2.078474e+00 
2.481250e+04 0.000000e+00 2.500000e+04 8.204638e-04 0.000000e+00 -8.410691e-03 4.333436e+04 -1.087518e+05 -2.122499e+04 -2.624742e+01 2.573230e+00 5.768446e+00 1.316785e+00 
2.487500e+04 0.000000e+00 2.500000e+04 5.469534e-04 0.000000e+00 -8.411749e-03 4.332951e+04 -1.087411e+05 -2.122262e+04 -2.476245e+01 1.981302e+00 4.463825e+00 4.997320e-01 
2.493750e+04 0.000000e+00 2.500000e+04 2.734730e-04 0.000000e+00 -8.412370e-03 4.332428e+04 -1.087326e+05 -2.122006e+04 -2.019840e+01 1.171764e+00 2.792751e+00 -3.608161e-01 
2.500000e+04 0.000000e+00 2.500000e+04 0.000000e+00 0.000000e+00 -8.412589e-03 4.332535e+04 -1.087320e+05 -2.122058e+04 -2.351730e+01 0.000000e+00 -3.502198e+01 -4.495505e-01 
