#1 2 3 4 5 6 7  8  9 10 11 12 13
#x y z u v w p xx yy zz xy xz yz
0.000000e+00 0.000000e+00 2.500000e+04 0.000000e+00 0.000000e+00 2.689845e-01 -6.288812e+05 1.597548e+06 3.080234e+05 -1.892766e+04 9.097512e-01 -2.174328e+04 -1.660513e+00 
3.906250e+02 0.000000e+00 2.500000e+04 2.702774e-02 0.000000e+00 2.663837e-01 -6.136378e+05 1.557860e+06 3.005573e+05 -1.750406e+04 -8.358743e-01 -4.182216e+04 5.417249e-01 
7.812500e+02 0.000000e+00 2.500000e+04 5.265988e-02 0.000000e+00 2.588344e-01 -5.700763e+05 1.444638e+06 2.792210e+05 -1.363043e+04 -4.705383e+00 -7.745843e+04 2.265194e+00 
1.171875e+03 0.000000e+00 2.500000e+04 7.570762e-02 0.000000e+00 2.470386e-01 -5.041349e+05 1.273810e+06 2.469232e+05 -8.328589e+03 -6.280398e+00 -1.024211e+05 1.498323e+00 
1.562500e+03 0.000000e+00 2.500000e+04 9.534458e-02 0.000000e+00 2.320050e-01 -4.240197e+05 1.067226e+06 2.076831e+05 -2.850039e+03 -4.801248e+00 -1.149109e+05 8.049298e-01 
1.953125e+03 0.000000e+00 2.500000e+04 1.111629e-01 0.000000e+00 2.148663e-01 -3.383528e+05 8.475701e+05 1.657238e+05 1.764419e+03 -3.659069e+00 -1.158054e+05 8.479430e-01 
2.343750e+03 0.000000e+00 2.500000e+04 1.231458e-01 0.000000e+00 1.967049e-01 -2.545859e+05 6.341127e+05 1.246951e+05 4.949833e+03 -3.368546e+00 -1.078391e+05 1.790345e+00 
2.734375e+03 0.000000e+00 2.500000e+04 1.315726e-01 0.000000e+00 1.784310e-01 -1.780576e+05 4.403350e+05 8.721190e+04 6.626019e+03 -1.934622e+00 -9.444297e+04 1.836694e+00 
3.125000e+03 0.000000e+00 2.500000e+04 1.369025e-01 0.000000e+00 1.607252e-01 -1.118024e+05 2.735832e+05 5.476035e+04 7.063624e+03 8.210692e-01 -7.876520e+04 1.839764e+00 
3.515625e+03 0.000000e+00 2.500000e+04 1.396678e-01 0.000000e+00 1.440374e-01 -5.687949e+04 1.361041e+05 2.785934e+04 6.675024e+03 2.272029e+00 -6.313555e+04 2.473228e+00 
3.906250e+03 0.000000e+00 2.500000e+04 1.403944e-01 0.000000e+00 1.286202e-01 -1.295200e+04 2.666255e+04 6.343837e+03 5.849616e+03 1.829049e+00 -4.895031e+04 2.411083e+00 
4.296875e+03 0.000000e+00 2.500000e+04 1.395553e-01 0.000000e+00 1.145774e-01 2.111584e+04 -5.788243e+04 -1.034245e+04 4.877365e+03 1.446661e+00 -3.684509e+04 1.965816e+00 
4.687500e+03 0.000000e+00 2.500000e+04 1.375509e-01 0.000000e+00 1.019105e-01 4.681411e+04 -1.214363e+05 -2.292936e+04 3.923341e+03 1.578276e+00 -2.694904e+04 8.512415e-01 
5.078125e+03 0.000000e+00 2.500000e+04 1.347053e-01 0.000000e+00 9.055842e-02 6.566904e+04 -1.679127e+05 -3.216443e+04 3.069984e+03 9.746668e-01 -1.909834e+04 -1.765458e-01 
5.468750e+03 0.000000e+00 2.500000e+04 1.312738e-01 0.000000e+00 8.042561e-02 7.907600e+04 -2.008507e+05 -3.873110e+04 2.353813e+03 -3.610540e-01 -1.300546e+04 4.294203e-01 
5.859375e+03 0.000000e+00 2.500000e+04 1.274520e-01 0.000000e+00 7.140141e-02 8.823398e+04 -2.232644e+05 -4.321664e+04 1.779101e+03 -9.627593e-01 -8.356884e+03 1.720120e+00 
6.250000e+03 0.000000e+00 2.500000e+04 1.233880e-01 0.000000e+00 6.337217e-02 9.413283e+04 -2.376230e+05 -4.610587e+04 1.330404e+03 -4.150817e-01 -4.864471e+03 1.117730e+00 
6.640625e+03 0.000000e+00 2.500000e+04 1.191919e-01 0.000000e+00 5.622781e-02 9.757049e+04 -2.459052e+05 -4.778963e+04 9.833717e+02 8.328450e-02 -2.274565e+03 -1.743692e+00 
7.031250e+03 0.000000e+00 2.500000e+04 1.149442e-01 0.000000e+00 4.986638e-02 9.916856e+04 -2.496530e+05 -4.857235e+04 7.197181e+02 5.746770e-01 -3.779609e+02 -3.537792e+00 
7.421875e+03 0.000000e+00 2.500000e+04 1.107034e-01 0.000000e+00 4.419522e-02 9.941479e+04 -2.500690e+05 -4.869296e+04 5.175703e+02 6.439290e-01 9.867343e+02 -3.698102e+00 
7.812500e+03 0.000000e+00 2.500000e+04 1.065105e-01 0.000000e+00 3.913174e-02 9.868500e+04 -2.480791e+05 -4.833551e+04 3.596034e+02 -1.091402e+00 1.950842e+03 -3.349756e+00 
8.203125e+03 0.000000e+00 2.500000e+04 1.023940e-01 0.000000e+00 3.460332e-02 9.725712e+04 -2.443764e+05 -4.763614e+04 2.411517e+02 -2.799002e+00 2.613682e+03 -1.989536e+00 
8.593750e+03 0.000000e+00 2.500000e+04 9.837306e-02 0.000000e+00 3.054617e-02 9.534097e+04 -2.394808e+05 -4.669762e+04 1.555658e+02 -2.423454e+00 3.050616e+03 -1.639930e-01 
8.984375e+03 0.000000e+00 2.500000e+04 9.445990e-02 0.000000e+00 2.690463e-02 9.310037e+04 -2.337930e+05 -4.560018e+04 9.202559e+01 -1.298332e+00 3.319332e+03 1.247881e+00 
9.375000e+03 0.000000e+00 2.500000e+04 9.066175e-02 0.000000e+00 2.362987e-02 9.065834e+04 -2.276137e+05 -4.440408e+04 4.273461e+01 -9.626661e-02 3.464744e+03 1.416049e+00 
9.765625e+03 0.000000e+00 2.500000e+04 8.698193e-02 0.000000e+00 2.067951e-02 8.810294e+04 -2.211628e+05 -4.315246e+04 6.458183e+00 1.933242e+00 3.521851e+03 9.124200e-01 
1.015625e+04 0.000000e+00 2.500000e+04 8.342124e-02 0.000000e+00 1.801659e-02 8.549921e+04 -2.146018e+05 -4.187716e+04 -1.863611e+01 2.939110e+00 3.511583e+03 5.216062e-01 
1.054688e+04 0.000000e+00 2.500000e+04 7.997846e-02 0.000000e+00 1.560877e-02 8.289524e+04 -2.080487e+05 -4.060175e+04 -3.527143e+01 1.253863e+00 3.453966e+03 -9.791230e-03 
1.093750e+04 0.000000e+00 2.500000e+04 7.665078e-02 0.000000e+00 1.342807e-02 8.032843e+04 -2.015957e+05 -3.934454e+04 -4.506020e+01 -1.067116e+00 3.365434e+03 -2.198671e-01 
1.132812e+04 0.000000e+00 2.500000e+04 7.343446e-02 0.000000e+00 1.144997e-02 7.782510e+04 -1.953055e+05 -3.811842e+04 -5.134413e+01 -1.975314e+00 3.254234e+03 -1.012541e+00 
1.171875e+04 0.000000e+00 2.500000e+04 7.032525e-02 0.000000e+00 9.652967e-03 7.539890e+04 -1.892128e+05 -3.693007e+04 -5.385842e+01 -1.228699e+00 3.129218e+03 -2.445697e+00 
1.210938e+04 0.000000e+00 2.500000e+04 6.731876e-02 0.000000e+00 8.018213e-03 7.305958e+04 -1.833414e+05 -3.578428e+04 -5.305045e+01 1.126637e+00 2.995173e+03 -2.622230e+00 
1.250000e+04 0.000000e+00 2.500000e+04 6.441044e-02 0.000000e+00 6.529018e-03 7.081725e+04 -1.777116e+05 -3.468600e+04 -5.418112e+01 3.691785e+00 2.854752e+03 -1.512427e+00 
1.289062e+04 0.000000e+00 2.500000e+04 6.159558e-02 0.000000e+00 5.170878e-03 6.867847e+04 -1.723385e+05 -3.363844e+04 -5.850519e+01 3.911418e+00 2.713682e+03 -1.000223e-01 
1.328125e+04 0.000000e+00 2.500000e+04 5.886933e-02 0.000000e+00 3.931054e-03 6.664225e+04 -1.672233e+05 -3.264110e+04 -6.229336e+01 2.015686e+00 2.574499e+03 6.457121e-01 
1.367188e+04 0.000000e+00 2.500000e+04 5.622687e-02 0.000000e+00 2.798182e-03 6.470564e+04 -1.623617e+05 -3.169256e+04 -6.266155e+01 8.916004e-01 2.437354e+03 2.270250e-02 
1.406250e+04 0.000000e+00 2.500000e+04 5.366354e-02 0.000000e+00 1.762172e-03 6.286987e+04 -1.577547e+05 -3.079340e+04 -6.153754e+01 8.799479e-01 2.304640e+03 -5.219178e-01 
1.445312e+04 0.000000e+00 2.500000e+04 5.117489e-02 0.000000e+00 8.140323e-04 6.113106e+04 -1.533918e+05 -2.994174e+04 -5.960366e+01 5.381720e-01 2.175961e+03 3.588454e-01 
1.484375e+04 0.000000e+00 2.500000e+04 4.875678e-02 0.000000e+00 -5.416624e-05 5.948610e+04 -1.492666e+05 -2.913605e+04 -5.569605e+01 2.587470e-01 2.051004e+03 1.033071e+00 
1.523438e+04 0.000000e+00 2.500000e+04 4.640512e-02 0.000000e+00 -8.494715e-04 5.793800e+04 -1.453841e+05 -2.837780e+04 -5.208394e+01 -2.644129e-01 1.932097e+03 2.628987e-01 
1.562500e+04 0.000000e+00 2.500000e+04 4.411579e-02 0.000000e+00 -1.578250e-03 5.648190e+04 -1.417329e+05 -2.766461e+04 -4.821032e+01 -1.909814e+00 1.817984e+03 -1.149555e+00 
1.601562e+04 0.000000e+00 2.500000e+04 4.188480e-02 0.000000e+00 -2.246289e-03 5.511284e+04 -1.382988e+05 -2.699404e+04 -4.566244e+01 -3.216484e+00 1.707446e+03 -2.021733e+00 
1.640625e+04 0.000000e+00 2.500000e+04 3.970843e-02 0.000000e+00 -2.858655e-03 5.382718e+04 -1.350716e+05 -2.636433e+04 -4.566156e+01 -2.633598e+00 1.601573e+03 -1.429727e+00 
1.679688e+04 0.000000e+00 2.500000e+04 3.758334e-02 0.000000e+00 -3.419680e-03 5.261916e+04 -1.320414e+05 -2.577265e+04 -4.346979e+01 -8.825059e-01 1.499848e+03 -3.902654e-01 
1.718750e+04 0.000000e+00 2.500000e+04 3.550642e-02 0.000000e+00 -3.933447e-03 5.148722e+04 -1.292031e+05 -2.521823e+04 -4.029386e+01 -2.946105e-01 1.401408e+03 -7.112040e-01 
1.757812e+04 0.000000e+00 2.500000e+04 3.347463e-02 0.000000e+00 -4.403838e-03 5.042827e+04 -1.265452e+05 -2.469956e+04 -4.007452e+01 -1.384002e+00 1.307561e+03 -1.516792e+00 
1.796875e+04 0.000000e+00 2.500000e+04 3.148489e-02 0.000000e+00 -4.834230e-03 4.944069e+04 -1.240646e+05 -2.421585e+04 -4.165441e+01 -1.705533e+00 1.217822e+03 -6.903344e-01 
1.835938e+04 0.000000e+00 2.500000e+04 2.953404e-02 0.000000e+00 -5.227495e-03 4.852387e+04 -1.217610e+05 -2.376680e+04 -4.381168e+01 -2.978953e-01 1.131393e+03 1.695985e+00 
1.875000e+04 0.000000e+00 2.500000e+04 2.761919e-02 0.000000e+00 -5.586170e-03 4.767330e+04 -1.196235e+05 -2.335019e+04 -4.618659e+01 1.356382e+00 1.046313e+03 4.006929e+00 
1.914062e+04 0.000000e+00 2.500000e+04 2.573782e-02 0.000000e+00 -5.912578e-03 4.688167e+04 -1.176384e+05 -2.296245e+04 -4.417510e+01 2.597424e+00 9.625338e+02 5.185599e+00 
1.953125e+04 0.000000e+00 2.500000e+04 2.388772e-02 0.000000e+00 -6.208909e-03 4.614543e+04 -1.157968e+05 -2.260185e+04 -3.763622e+01 3.870877e+00 8.845975e+02 5.028976e+00 
1.992188e+04 0.000000e+00 2.500000e+04 2.206657e-02 0.000000e+00 -6.477156e-03 4.546883e+04 -1.141047e+05 -2.227045e+04 -3.138204e+01 4.657169e+00 8.113782e+02 3.548960e+00 
2.031250e+04 0.000000e+00 2.500000e+04 2.027182e-02 0.000000e+00 -6.719125e-03 4.485247e+04 -1.125623e+05 -2.196855e+04 -2.655012e+01 4.060393e+00 7.409775e+02 1.518022e+00 
2.070312e+04 0.000000e+00 2.500000e+04 1.850094e-02 0.000000e+00 -6.936528e-03 4.429323e+04 -1.111601e+05 -2.169465e+04 -2.496428e+01 2.960823e+00 6.722311e+02 -2.101815e-01 
2.109375e+04 0.000000e+00 2.500000e+04 1.675158e-02 0.000000e+00 -7.130809e-03 4.378785e+04 -1.098908e+05 -2.144711e+04 -2.562319e+01 2.983465e+00 6.048728e+02 -1.718251e+00 
2.148438e+04 0.000000e+00 2.500000e+04 1.502164e-02 0.000000e+00 -7.303082e-03 4.333314e+04 -1.087497e+05 -2.122439e+04 -2.530387e+01 3.925976e+00 5.404920e+02 -3.029518e+00 
2.187500e+04 0.000000e+00 2.500000e+04 1.330926e-02 0.000000e+00 -7.454285e-03 4.292830e+04 -1.077346e+05 -2.102610e+04 -2.415094e+01 3.795229e+00 4.782595e+02 -4.332089e+00 
2.226562e+04 0.000000e+00 2.500000e+04 1.161253e-02 0.000000e+00 -7.585420e-03 4.257207e+04 -1.068417e+05 -2.085163e+04 -2.293664e+01 2.077031e+00 4.167060e+02 -5.636846e+00 
2.265625e+04 0.000000e+00 2.500000e+04 9.929322e-03 0.000000e+00 -7.697553e-03 4.226476e+04 -1.060714e+05 -2.070111e+04 -2.180771e+01 4.310796e-01 3.548665e+02 -6.546463e+00 
2.304688e+04 0.000000e+00 2.500000e+04 8.257535e-03 0.000000e+00 -7.791558e-03 4.201024e+04 -1.054304e+05 -2.057644e+04 -2.384867e+01 -8.566081e-01 2.945294e+02 -6.343378e+00 
2.343750e+04 0.000000e+00 2.500000e+04 6.594994e-03 0.000000e+00 -7.867995e-03 4.180688e+04 -1.049146e+05 -2.047684e+04 -2.919151e+01 -2.430241e+00 2.355440e+02 -3.752743e+00 
2.382812e+04 0.000000e+00 2.500000e+04 4.939748e-03 0.000000e+00 -7.926996e-03 4.164866e+04 -1.045142e+05 -2.039934e+04 -3.240134e+01 -2.796579e+00 1.769611e+02 2.596485e-01 
2.421875e+04 0.000000e+00 2.500000e+04 3.289843e-03 0.000000e+00 -7.968719e-03 4.153412e+04 -1.042264e+05 -2.034324e+04 -3.270067e+01 -1.451341e+00 1.184906e+02 3.611385e+00 
2.460938e+04 0.000000e+00 2.500000e+04 1.643958e-03 0.000000e+00 -7.993688e-03 4.146473e+04 -1.040521e+05 -2.030925e+04 -3.278632e+01 -3.844321e-01 5.860473e+01 4.172577e+00 
2.500000e+04 0.000000e+00 2.500000e+04 0.000000e+00 0.000000e+00 -8.001735e-03 4.144160e+04 -1.039938e+05 -2.029793e+04 -3.304583e+01 -1.832496e-01 2.824528e+01 3.341614e+00 
