#1 2 3  4 
#z w p zz 
0.000000e+00 0.000000e+00 -1.026653e+04 2.940845e+04 
1.953125e+02 2.380735e-04 -1.027007e+04 2.941105e+04 
3.906250e+02 4.762040e-04 -1.028416e+04 2.942254e+04 
5.859375e+02 7.144555e-04 -1.030661e+04 2.943680e+04 
7.812500e+02 9.527065e-04 -1.033038e+04 2.944200e+04 
9.765625e+02 1.190768e-03 -1.035940e+04 2.944794e+04 
1.171875e+03 1.428836e-03 -1.039958e+04 2.946498e+04 
1.367188e+03 1.666898e-03 -1.044915e+04 2.948699e+04 
1.562500e+03 1.904922e-03 -1.050298e+04 2.950588e+04 
1.757812e+03 2.142895e-03 -1.056235e+04 2.952366e+04 
1.953125e+03 2.380668e-03 -1.063226e+04 2.954787e+04 
2.148438e+03 2.618301e-03 -1.071135e+04 2.957709e+04 
2.343750e+03 2.855818e-03 -1.079792e+04 2.960767e+04 
2.539062e+03 3.093253e-03 -1.089194e+04 2.963982e+04 
2.734375e+03 3.330645e-03 -1.099272e+04 2.967304e+04 
2.929688e+03 3.567877e-03 -1.110199e+04 2.970845e+04 
3.125000e+03 3.804911e-03 -1.121948e+04 2.974383e+04 
3.320312e+03 4.041578e-03 -1.134239e+04 2.977427e+04 
3.515625e+03 4.277898e-03 -1.147437e+04 2.980642e+04 
3.710938e+03 4.513940e-03 -1.161766e+04 2.984336e+04 
3.906250e+03 4.749609e-03 -1.176974e+04 2.988217e+04 
4.101562e+03 4.985008e-03 -1.192899e+04 2.991810e+04 
4.296875e+03 5.220008e-03 -1.209613e+04 2.994863e+04 
4.492188e+03 5.454430e-03 -1.227450e+04 2.998161e+04 
4.687500e+03 5.688201e-03 -1.246266e+04 3.001460e+04 
4.882812e+03 5.921287e-03 -1.265806e+04 3.004091e+04 
5.078125e+03 6.153764e-03 -1.286216e+04 3.006131e+04 
5.273438e+03 6.385472e-03 -1.307786e+04 3.007947e+04 
5.468750e+03 6.616286e-03 -1.330542e+04 3.009427e+04 
5.664062e+03 6.846042e-03 -1.354278e+04 3.010015e+04 
5.859375e+03 7.074682e-03 -1.379040e+04 3.009770e+04 
6.054688e+03 7.302132e-03 -1.404836e+04 3.008510e+04 
6.250000e+03 7.528103e-03 -1.431975e+04 3.006633e+04 
6.445312e+03 7.752507e-03 -1.460112e+04 3.003522e+04 
6.640625e+03 7.975098e-03 -1.489030e+04 2.998680e+04 
6.835938e+03 8.195801e-03 -1.519621e+04 2.993372e+04 
7.031250e+03 8.414405e-03 -1.551705e+04 2.987004e+04 
7.226562e+03 8.630646e-03 -1.584679e+04 2.978418e+04 
7.421875e+03 8.844411e-03 -1.618832e+04 2.967644e+04 
7.617188e+03 9.055492e-03 -1.654748e+04 2.955306e+04 
7.812500e+03 9.263657e-03 -1.692166e+04 2.940686e+04 
8.007812e+03 9.468300e-03 -1.730919e+04 2.923247e+04 
8.203125e+03 9.669074e-03 -1.771223e+04 2.903177e+04 
8.398438e+03 9.865735e-03 -1.812956e+04 2.879824e+04 
8.593750e+03 1.005794e-02 -1.856376e+04 2.853277e+04 
8.789062e+03 1.024529e-02 -1.901523e+04 2.823265e+04 
8.984375e+03 1.042727e-02 -1.948348e+04 2.789218e+04 
9.179688e+03 1.060355e-02 -1.997078e+04 2.750934e+04 
9.375000e+03 1.077350e-02 -2.047619e+04 2.707715e+04 
9.570312e+03 1.093649e-02 -2.100006e+04 2.659207e+04 
9.765625e+03 1.109196e-02 -2.154574e+04 2.605188e+04 
9.960938e+03 1.123918e-02 -2.211262e+04 2.544561e+04 
1.015625e+04 1.137735e-02 -2.270083e+04 2.476658e+04 
1.035156e+04 1.150567e-02 -2.331121e+04 2.400924e+04 
1.054688e+04 1.162313e-02 -2.394407e+04 2.316487e+04 
1.074219e+04 1.172873e-02 -2.460251e+04 2.222793e+04 
1.093750e+04 1.182156e-02 -2.528652e+04 2.118579e+04 
1.113281e+04 1.190041e-02 -2.599782e+04 2.002976e+04 
1.132812e+04 1.196387e-02 -2.673609e+04 1.874622e+04 
1.152344e+04 1.201050e-02 -2.750257e+04 1.732266e+04 
1.171875e+04 1.203876e-02 -2.830020e+04 1.574675e+04 
1.191406e+04 1.204682e-02 -2.912855e+04 1.399732e+04 
1.210938e+04 1.203285e-02 -2.999198e+04 1.206242e+04 
1.230469e+04 1.199477e-02 -3.088942e+04 9.917238e+03 
1.250000e+04 1.193014e-02 -3.182087e+04 7.536796e+03 
1.269531e+04 1.183653e-02 -3.279156e+04 4.902630e+03 
1.289062e+04 1.171114e-02 -3.380256e+04 1.981139e+03 
1.308594e+04 1.155078e-02 -3.485700e+04 -1.260609e+03 
1.328125e+04 1.135183e-02 -3.595431e+04 -4.862805e+03 
1.347656e+04 1.111032e-02 -3.709611e+04 -8.867344e+03 
1.367188e+04 1.082204e-02 -3.828752e+04 -1.332034e+04 
1.386719e+04 1.048191e-02 -3.953053e+04 -1.827966e+04 
1.406250e+04 1.008460e-02 -4.082583e+04 -2.381333e+04 
1.425781e+04 9.623638e-03 -4.217837e+04 -2.999186e+04 
1.445312e+04 9.092207e-03 -4.359061e+04 -3.689985e+04 
1.464844e+04 8.482514e-03 -4.506413e+04 -4.464094e+04 
1.484375e+04 7.785333e-03 -4.660779e+04 -5.332418e+04 
1.503906e+04 6.990587e-03 -4.822173e+04 -6.309201e+04 
1.523438e+04 6.086429e-03 -4.990767e+04 -7.410863e+04 
1.542969e+04 5.059543e-03 -5.167442e+04 -8.655780e+04 
1.562500e+04 3.894322e-03 -5.352586e+04 -1.006648e+05 
1.582031e+04 2.572733e-03 -5.546637e+04 -1.166981e+05 
1.601562e+04 1.074211e-03 -5.750482e+04 -1.349788e+05 
1.621094e+04 -6.256547e-04 -5.964829e+04 -1.558984e+05 
1.640625e+04 -2.555543e-03 -6.190046e+04 -1.799415e+05 
1.660156e+04 -4.749343e-03 -6.427215e+04 -2.076937e+05 
1.679688e+04 -7.247363e-03 -6.677751e+04 -2.398775e+05 
1.699219e+04 -1.009799e-02 -6.942511e+04 -2.774122e+05 
1.718750e+04 -1.335989e-02 -7.222946e+04 -3.214524e+05 
1.738281e+04 -1.710460e-02 -7.520612e+04 -3.734800e+05 
1.757812e+04 -2.142043e-02 -7.837860e+04 -4.354103e+05 
1.777344e+04 -2.641718e-02 -8.177863e+04 -5.097622e+05 
1.796875e+04 -3.223388e-02 -8.544171e+04 -5.999196e+05 
1.816406e+04 -3.904871e-02 -8.942283e+04 -7.104912e+05 
1.835938e+04 -4.709396e-02 -9.380918e+04 -8.479038e+05 
1.855469e+04 -5.667868e-02 -9.873678e+04 -1.021380e+06 
1.875000e+04 -6.822449e-02 -1.044359e+05 -1.244605e+06 
1.894531e+04 -8.232407e-02 -1.113695e+05 -1.538773e+06 
1.914062e+04 -9.984626e-02 -1.204414e+05 -1.938787e+06 
1.933594e+04 -1.221315e-01 -1.350345e+05 -2.507700e+06 
1.953125e+04 -1.515313e-01 -1.587229e+05 -3.378494e+06 
1.972656e+04 -1.922483e-01 -3.425108e+05 -4.994243e+06 
1.992188e+04 -2.665529e-01 -4.832217e+06 1.324364e+06 
2.011719e+04 -1.965127e-01 -9.768967e+06 1.035350e+07 
2.031250e+04 -1.404485e-01 -1.022473e+07 1.232000e+07 
2.050781e+04 -6.556113e-02 -1.005453e+07 1.267715e+07 
2.070312e+04 1.065386e-02 -1.005740e+07 1.274305e+07 
2.089844e+04 8.712473e-02 -1.006957e+07 1.279851e+07 
2.109375e+04 1.640632e-01 -1.007863e+07 1.280991e+07 
2.128906e+04 2.406706e-01 -1.008463e+07 1.277724e+07 
2.148438e+04 3.171582e-01 -1.010013e+07 1.273413e+07 
2.167969e+04 3.924529e-01 -1.028903e+07 1.239975e+07 
2.187500e+04 4.490569e-01 -9.852438e+06 1.045599e+07 
2.207031e+04 5.197664e-01 -4.935485e+06 1.449537e+06 
2.226562e+04 4.462566e-01 -4.663586e+05 -4.846491e+06 
2.246094e+04 4.064543e-01 -3.041090e+05 -3.208338e+06 
2.265625e+04 3.780823e-01 -3.031151e+05 -2.315409e+06 
2.285156e+04 3.569286e-01 -3.125934e+05 -1.724767e+06 
2.304688e+04 3.406298e-01 -3.292171e+05 -1.303623e+06 
2.324219e+04 3.278303e-01 -3.498852e+05 -9.891929e+05 
2.343750e+04 3.176411e-01 -3.740278e+05 -7.469190e+05 
2.363281e+04 3.094445e-01 -4.015700e+05 -5.560782e+05 
2.382812e+04 3.027858e-01 -4.327312e+05 -4.036362e+05 
2.402344e+04 2.973137e-01 -4.679174e+05 -2.812268e+05 
2.421875e+04 2.927408e-01 -5.076937e+05 -1.835748e+05 
2.441406e+04 2.888175e-01 -5.527902e+05 -1.076374e+05 
2.460938e+04 2.853116e-01 -6.041281e+05 -5.216220e+04 
2.480469e+04 2.819903e-01 -6.628630e+05 -1.752929e+04 
2.500000e+04 2.786031e-01 -6.942407e+05 -5.571456e+03 
