#1 2 3  4 
#z w p zz 
0.000000e+00 0.000000e+00 -1.042636e+04 2.987904e+04 
6.250000e+01 7.741328e-05 -1.042387e+04 2.987533e+04 
1.250000e+02 1.548110e-04 -1.042196e+04 2.987191e+04 
1.875000e+02 2.322087e-04 -1.042498e+04 2.987470e+04 
2.500000e+02 3.096147e-04 -1.042721e+04 2.987704e+04 
3.125000e+02 3.870202e-04 -1.043070e+04 2.987933e+04 
3.750000e+02 4.644298e-04 -1.043307e+04 2.987944e+04 
4.375000e+02 5.418287e-04 -1.043689e+04 2.987952e+04 
5.000000e+02 6.192271e-04 -1.044213e+04 2.988169e+04 
5.625000e+02 6.966236e-04 -1.044775e+04 2.988280e+04 
6.250000e+02 7.740118e-04 -1.045456e+04 2.988472e+04 
6.875000e+02 8.513993e-04 -1.046217e+04 2.988650e+04 
7.500000e+02 9.287753e-04 -1.047256e+04 2.989011e+04 
8.125000e+02 1.006154e-03 -1.048349e+04 2.989690e+04 
8.750000e+02 1.083539e-03 -1.049340e+04 2.990144e+04 
9.375000e+02 1.160915e-03 -1.050526e+04 2.990649e+04 
1.000000e+03 1.238295e-03 -1.051778e+04 2.991166e+04 
1.062500e+03 1.315666e-03 -1.052969e+04 2.991497e+04 
1.125000e+03 1.393030e-03 -1.054343e+04 2.992272e+04 
1.187500e+03 1.470407e-03 -1.055793e+04 2.992922e+04 
1.250000e+03 1.547767e-03 -1.057372e+04 2.993354e+04 
1.312500e+03 1.625123e-03 -1.058871e+04 2.993898e+04 
1.375000e+03 1.702472e-03 -1.060315e+04 2.994295e+04 
1.437500e+03 1.779808e-03 -1.062136e+04 2.995094e+04 
1.500000e+03 1.857151e-03 -1.064011e+04 2.996009e+04 
1.562500e+03 1.934487e-03 -1.065787e+04 2.996629e+04 
1.625000e+03 2.011814e-03 -1.067672e+04 2.997306e+04 
1.687500e+03 2.089134e-03 -1.069737e+04 2.998069e+04 
1.750000e+03 2.166446e-03 -1.072057e+04 2.999099e+04 
1.812500e+03 2.243760e-03 -1.074215e+04 2.999866e+04 
1.875000e+03 2.321054e-03 -1.076354e+04 3.000351e+04 
1.937500e+03 2.398332e-03 -1.078831e+04 3.001186e+04 
2.000000e+03 2.475602e-03 -1.081235e+04 3.002050e+04 
2.062500e+03 2.552861e-03 -1.083713e+04 3.003109e+04 
2.125000e+03 2.630122e-03 -1.086351e+04 3.004149e+04 
2.187500e+03 2.707365e-03 -1.088901e+04 3.004858e+04 
2.250000e+03 2.784592e-03 -1.091550e+04 3.005816e+04 
2.312500e+03 2.861814e-03 -1.094428e+04 3.007085e+04 
2.375000e+03 2.939032e-03 -1.097423e+04 3.008342e+04 
2.437500e+03 3.016240e-03 -1.100370e+04 3.009226e+04 
2.500000e+03 3.093423e-03 -1.103195e+04 3.010021e+04 
2.562500e+03 3.170595e-03 -1.106367e+04 3.011223e+04 
2.625000e+03 3.247756e-03 -1.109599e+04 3.012056e+04 
2.687500e+03 3.324882e-03 -1.112569e+04 3.012502e+04 
2.750000e+03 3.401980e-03 -1.115733e+04 3.013499e+04 
2.812500e+03 3.479070e-03 -1.119281e+04 3.014945e+04 
2.875000e+03 3.556150e-03 -1.122881e+04 3.015975e+04 
2.937500e+03 3.633195e-03 -1.126341e+04 3.016574e+04 
3.000000e+03 3.710206e-03 -1.129943e+04 3.017522e+04 
3.062500e+03 3.787200e-03 -1.133850e+04 3.018760e+04 
3.125000e+03 3.864169e-03 -1.137862e+04 3.019836e+04 
3.187500e+03 3.941107e-03 -1.141700e+04 3.020729e+04 
3.250000e+03 4.018014e-03 -1.145603e+04 3.021671e+04 
3.312500e+03 4.094892e-03 -1.149883e+04 3.022780e+04 
3.375000e+03 4.171738e-03 -1.154139e+04 3.023693e+04 
3.437500e+03 4.248542e-03 -1.158336e+04 3.024590e+04 
3.500000e+03 4.325315e-03 -1.162810e+04 3.025899e+04 
3.562500e+03 4.402065e-03 -1.167390e+04 3.027206e+04 
3.625000e+03 4.478779e-03 -1.172086e+04 3.028390e+04 
3.687500e+03 4.555459e-03 -1.176804e+04 3.029640e+04 
3.750000e+03 4.632107e-03 -1.181523e+04 3.030753e+04 
3.812500e+03 4.708712e-03 -1.186423e+04 3.031930e+04 
3.875000e+03 4.785284e-03 -1.191458e+04 3.033340e+04 
3.937500e+03 4.861822e-03 -1.196528e+04 3.034630e+04 
4.000000e+03 4.938320e-03 -1.201636e+04 3.035917e+04 
4.062500e+03 5.014782e-03 -1.206887e+04 3.037221e+04 
4.125000e+03 5.091200e-03 -1.212291e+04 3.038578e+04 
4.187500e+03 5.167582e-03 -1.217715e+04 3.039988e+04 
4.250000e+03 5.243923e-03 -1.223195e+04 3.041217e+04 
4.312500e+03 5.320214e-03 -1.228850e+04 3.042474e+04 
4.375000e+03 5.396459e-03 -1.234562e+04 3.043696e+04 
4.437500e+03 5.472652e-03 -1.240270e+04 3.044854e+04 
4.500000e+03 5.548795e-03 -1.246091e+04 3.045940e+04 
4.562500e+03 5.624878e-03 -1.252138e+04 3.047040e+04 
4.625000e+03 5.700905e-03 -1.258121e+04 3.048055e+04 
4.687500e+03 5.776867e-03 -1.264086e+04 3.048927e+04 
4.750000e+03 5.852766e-03 -1.270453e+04 3.050100e+04 
4.812500e+03 5.928607e-03 -1.276816e+04 3.050939e+04 
4.875000e+03 6.004363e-03 -1.283095e+04 3.051624e+04 
4.937500e+03 6.080055e-03 -1.289692e+04 3.052584e+04 
5.000000e+03 6.155670e-03 -1.296425e+04 3.053203e+04 
5.062500e+03 6.231194e-03 -1.303174e+04 3.053813e+04 
5.125000e+03 6.306640e-03 -1.309955e+04 3.054492e+04 
5.187500e+03 6.381999e-03 -1.316946e+04 3.055254e+04 
5.250000e+03 6.457278e-03 -1.324034e+04 3.055705e+04 
5.312500e+03 6.532449e-03 -1.331092e+04 3.055819e+04 
5.375000e+03 6.607519e-03 -1.338285e+04 3.056175e+04 
5.437500e+03 6.682492e-03 -1.345581e+04 3.056376e+04 
5.500000e+03 6.757352e-03 -1.353114e+04 3.056650e+04 
5.562500e+03 6.832111e-03 -1.360778e+04 3.057004e+04 
5.625000e+03 6.906758e-03 -1.368493e+04 3.057312e+04 
5.687500e+03 6.981300e-03 -1.376238e+04 3.057448e+04 
5.750000e+03 7.055719e-03 -1.384144e+04 3.057486e+04 
5.812500e+03 7.130021e-03 -1.392242e+04 3.057456e+04 
5.875000e+03 7.204190e-03 -1.400257e+04 3.056862e+04 
5.937500e+03 7.278210e-03 -1.408466e+04 3.056544e+04 
6.000000e+03 7.352108e-03 -1.416917e+04 3.056316e+04 
6.062500e+03 7.425855e-03 -1.425410e+04 3.055638e+04 
6.125000e+03 7.499450e-03 -1.433965e+04 3.055010e+04 
6.187500e+03 7.572896e-03 -1.442812e+04 3.054708e+04 
6.250000e+03 7.646202e-03 -1.451854e+04 3.054285e+04 
6.312500e+03 7.719344e-03 -1.460746e+04 3.053105e+04 
6.375000e+03 7.792304e-03 -1.469854e+04 3.052174e+04 
6.437500e+03 7.865110e-03 -1.479318e+04 3.051538e+04 
6.500000e+03 7.937740e-03 -1.488861e+04 3.050528e+04 
6.562500e+03 8.010190e-03 -1.498360e+04 3.049250e+04 
6.625000e+03 8.082450e-03 -1.508043e+04 3.047907e+04 
6.687500e+03 8.154520e-03 -1.518006e+04 3.046633e+04 
6.750000e+03 8.226395e-03 -1.527977e+04 3.045117e+04 
6.812500e+03 8.298065e-03 -1.537948e+04 3.043325e+04 
6.875000e+03 8.369523e-03 -1.548014e+04 3.041127e+04 
6.937500e+03 8.440747e-03 -1.558369e+04 3.039026e+04 
7.000000e+03 8.511757e-03 -1.568762e+04 3.036935e+04 
7.062500e+03 8.582532e-03 -1.579240e+04 3.034532e+04 
7.125000e+03 8.653071e-03 -1.590080e+04 3.032040e+04 
7.187500e+03 8.723359e-03 -1.600839e+04 3.028935e+04 
7.250000e+03 8.793374e-03 -1.611619e+04 3.025711e+04 
7.312500e+03 8.863130e-03 -1.622764e+04 3.022786e+04 
7.375000e+03 8.932622e-03 -1.634087e+04 3.019573e+04 
7.437500e+03 9.001831e-03 -1.645314e+04 3.015735e+04 
7.500000e+03 9.070738e-03 -1.656640e+04 3.011731e+04 
7.562500e+03 9.139350e-03 -1.668261e+04 3.007694e+04 
7.625000e+03 9.207650e-03 -1.680033e+04 3.003201e+04 
7.687500e+03 9.275621e-03 -1.691931e+04 2.998568e+04 
7.750000e+03 9.343267e-03 -1.704030e+04 2.993811e+04 
7.812500e+03 9.410570e-03 -1.716361e+04 2.988820e+04 
7.875000e+03 9.477526e-03 -1.728778e+04 2.983635e+04 
7.937500e+03 9.544125e-03 -1.741295e+04 2.978017e+04 
8.000000e+03 9.610347e-03 -1.754020e+04 2.972049e+04 
8.062500e+03 9.676184e-03 -1.766957e+04 2.966085e+04 
8.125000e+03 9.741637e-03 -1.780015e+04 2.959778e+04 
8.187500e+03 9.806680e-03 -1.793244e+04 2.952939e+04 
8.250000e+03 9.871300e-03 -1.806710e+04 2.946034e+04 
8.312500e+03 9.935499e-03 -1.820226e+04 2.938805e+04 
8.375000e+03 9.999255e-03 -1.833898e+04 2.931077e+04 
8.437500e+03 1.006255e-02 -1.847882e+04 2.923303e+04 
8.500000e+03 1.012539e-02 -1.861925e+04 2.915147e+04 
8.562500e+03 1.018775e-02 -1.876025e+04 2.906278e+04 
8.625000e+03 1.024961e-02 -1.890494e+04 2.897333e+04 
8.687500e+03 1.031096e-02 -1.905111e+04 2.888025e+04 
8.750000e+03 1.037179e-02 -1.919725e+04 2.877977e+04 
8.812500e+03 1.043207e-02 -1.934639e+04 2.867784e+04 
8.875000e+03 1.049180e-02 -1.949743e+04 2.857283e+04 
8.937500e+03 1.055096e-02 -1.964858e+04 2.845948e+04 
9.000000e+03 1.060952e-02 -1.980193e+04 2.834280e+04 
9.062500e+03 1.066749e-02 -1.995789e+04 2.822347e+04 
9.125000e+03 1.072483e-02 -2.011553e+04 2.809822e+04 
9.187500e+03 1.078152e-02 -2.027644e+04 2.797112e+04 
9.250000e+03 1.083757e-02 -2.044048e+04 2.783820e+04 
9.312500e+03 1.089294e-02 -2.060381e+04 2.769639e+04 
9.375000e+03 1.094760e-02 -2.076792e+04 2.754837e+04 
9.437500e+03 1.100154e-02 -2.093839e+04 2.740040e+04 
9.500000e+03 1.105476e-02 -2.111034e+04 2.724723e+04 
9.562500e+03 1.110721e-02 -2.127977e+04 2.708072e+04 
9.625000e+03 1.115887e-02 -2.145343e+04 2.691174e+04 
9.687500e+03 1.120974e-02 -2.163132e+04 2.673898e+04 
9.750000e+03 1.125977e-02 -2.180861e+04 2.655468e+04 
9.812500e+03 1.130894e-02 -2.198724e+04 2.636388e+04 
9.875000e+03 1.135724e-02 -2.217047e+04 2.617051e+04 
9.937500e+03 1.140464e-02 -2.235606e+04 2.596923e+04 
1.000000e+04 1.145111e-02 -2.254234e+04 2.576003e+04 
1.006250e+04 1.149663e-02 -2.273001e+04 2.554153e+04 
1.012500e+04 1.154116e-02 -2.292161e+04 2.531608e+04 
1.018750e+04 1.158469e-02 -2.311605e+04 2.508541e+04 
1.025000e+04 1.162718e-02 -2.331139e+04 2.484324e+04 
1.031250e+04 1.166860e-02 -2.351164e+04 2.459589e+04 
1.037500e+04 1.170893e-02 -2.371416e+04 2.434107e+04 
1.043750e+04 1.174814e-02 -2.391782e+04 2.407466e+04 
1.050000e+04 1.178618e-02 -2.412496e+04 2.379856e+04 
1.056250e+04 1.182303e-02 -2.433419e+04 2.351290e+04 
1.062500e+04 1.185864e-02 -2.454437e+04 2.321474e+04 
1.068750e+04 1.189298e-02 -2.475794e+04 2.290910e+04 
1.075000e+04 1.192604e-02 -2.497509e+04 2.259472e+04 
1.081250e+04 1.195774e-02 -2.519413e+04 2.226684e+04 
1.087500e+04 1.198808e-02 -2.541684e+04 2.193254e+04 
1.093750e+04 1.201702e-02 -2.564228e+04 2.158647e+04 
1.100000e+04 1.204450e-02 -2.587060e+04 2.122664e+04 
1.106250e+04 1.207049e-02 -2.610101e+04 2.085340e+04 
1.112500e+04 1.209493e-02 -2.633483e+04 2.046959e+04 
1.118750e+04 1.211780e-02 -2.657166e+04 2.007099e+04 
1.125000e+04 1.213903e-02 -2.680851e+04 1.965446e+04 
1.131250e+04 1.215858e-02 -2.704997e+04 1.922832e+04 
1.137500e+04 1.217640e-02 -2.729593e+04 1.879056e+04 
1.143750e+04 1.219246e-02 -2.754192e+04 1.833484e+04 
1.150000e+04 1.220668e-02 -2.779127e+04 1.786240e+04 
1.156250e+04 1.221903e-02 -2.804724e+04 1.737850e+04 
1.162500e+04 1.222944e-02 -2.830543e+04 1.687774e+04 
1.168750e+04 1.223786e-02 -2.856358e+04 1.635432e+04 
1.175000e+04 1.224422e-02 -2.882759e+04 1.581665e+04 
1.181250e+04 1.224847e-02 -2.909701e+04 1.526587e+04 
1.187500e+04 1.225055e-02 -2.936638e+04 1.469049e+04 
1.193750e+04 1.225039e-02 -2.963973e+04 1.409744e+04 
1.200000e+04 1.224793e-02 -2.991731e+04 1.348451e+04 
1.206250e+04 1.224308e-02 -3.019769e+04 1.284974e+04 
1.212500e+04 1.223580e-02 -3.048255e+04 1.219705e+04 
1.218750e+04 1.222600e-02 -3.077083e+04 1.151978e+04 
1.225000e+04 1.221360e-02 -3.106312e+04 1.082088e+04 
1.231250e+04 1.219854e-02 -3.135905e+04 1.009832e+04 
1.237500e+04 1.218072e-02 -3.165827e+04 9.350561e+03 
1.243750e+04 1.216007e-02 -3.196166e+04 8.578969e+03 
1.250000e+04 1.213650e-02 -3.226817e+04 7.781467e+03 
1.256250e+04 1.210992e-02 -3.257821e+04 6.957782e+03 
1.262500e+04 1.208025e-02 -3.289353e+04 6.107772e+03 
1.268750e+04 1.204740e-02 -3.321090e+04 5.224336e+03 
1.275000e+04 1.201124e-02 -3.353172e+04 4.308858e+03 
1.281250e+04 1.197168e-02 -3.385843e+04 3.364805e+03 
1.287500e+04 1.192862e-02 -3.418864e+04 2.389300e+03 
1.293750e+04 1.188196e-02 -3.452412e+04 1.384209e+03 
1.300000e+04 1.183159e-02 -3.486447e+04 3.461079e+02 
1.306250e+04 1.177739e-02 -3.520771e+04 -7.292342e+02 
1.312500e+04 1.171925e-02 -3.555561e+04 -1.842551e+03 
1.318750e+04 1.165703e-02 -3.590864e+04 -2.993881e+03 
1.325000e+04 1.159061e-02 -3.626501e+04 -4.183889e+03 
1.331250e+04 1.151987e-02 -3.662613e+04 -5.415687e+03 
1.337500e+04 1.144464e-02 -3.699282e+04 -6.689695e+03 
1.343750e+04 1.136481e-02 -3.736402e+04 -8.006304e+03 
1.350000e+04 1.128022e-02 -3.774062e+04 -9.369777e+03 
1.356250e+04 1.119072e-02 -3.812269e+04 -1.077963e+04 
1.362500e+04 1.109615e-02 -3.850961e+04 -1.223822e+04 
1.368750e+04 1.099634e-02 -3.890177e+04 -1.374684e+04 
1.375000e+04 1.089114e-02 -3.929965e+04 -1.530783e+04 
1.381250e+04 1.078036e-02 -3.970241e+04 -1.692700e+04 
1.387500e+04 1.066381e-02 -4.011018e+04 -1.860142e+04 
1.393750e+04 1.054132e-02 -4.052318e+04 -2.033590e+04 
1.400000e+04 1.041266e-02 -4.094192e+04 -2.213469e+04 
1.406250e+04 1.027764e-02 -4.136552e+04 -2.399933e+04 
1.412500e+04 1.013604e-02 -4.179400e+04 -2.593222e+04 
1.418750e+04 9.987628e-03 -4.223025e+04 -2.793188e+04 
1.425000e+04 9.832188e-03 -4.267163e+04 -3.000513e+04 
1.431250e+04 9.669468e-03 -4.311894e+04 -3.215248e+04 
1.437500e+04 9.499238e-03 -4.357371e+04 -3.437875e+04 
1.443750e+04 9.321212e-03 -4.403312e+04 -3.668948e+04 
1.450000e+04 9.135134e-03 -4.450015e+04 -3.908220e+04 
1.456250e+04 8.940723e-03 -4.497485e+04 -4.156233e+04 
1.462500e+04 8.737691e-03 -4.545470e+04 -4.413697e+04 
1.468750e+04 8.525720e-03 -4.594144e+04 -4.681009e+04 
1.475000e+04 8.304491e-03 -4.643417e+04 -4.958486e+04 
1.481250e+04 8.073669e-03 -4.693392e+04 -5.246523e+04 
1.487500e+04 7.832908e-03 -4.744197e+04 -5.545401e+04 
1.493750e+04 7.581851e-03 -4.795580e+04 -5.855839e+04 
1.500000e+04 7.320114e-03 -4.847772e+04 -6.178390e+04 
1.506250e+04 7.047301e-03 -4.900782e+04 -6.513429e+04 
1.512500e+04 6.763001e-03 -4.954493e+04 -6.861405e+04 
1.518750e+04 6.466795e-03 -5.009057e+04 -7.222862e+04 
1.525000e+04 6.158234e-03 -5.064415e+04 -7.598752e+04 
1.531250e+04 5.836840e-03 -5.120532e+04 -7.989901e+04 
1.537500e+04 5.502114e-03 -5.177316e+04 -8.396945e+04 
1.543750e+04 5.153541e-03 -5.235091e+04 -8.820289e+04 
1.550000e+04 4.790588e-03 -5.293776e+04 -9.260956e+04 
1.556250e+04 4.412677e-03 -5.352984e+04 -9.720206e+04 
1.562500e+04 4.019208e-03 -5.413164e+04 -1.019847e+05 
1.568750e+04 3.609564e-03 -5.474360e+04 -1.069663e+05 
1.575000e+04 3.183087e-03 -5.536306e+04 -1.121607e+05 
1.581250e+04 2.739080e-03 -5.599081e+04 -1.175777e+05 
1.587500e+04 2.276826e-03 -5.662763e+04 -1.232267e+05 
1.593750e+04 1.795563e-03 -5.727528e+04 -1.291189e+05 
1.600000e+04 1.294500e-03 -5.793369e+04 -1.352645e+05 
1.606250e+04 7.728126e-04 -5.860074e+04 -1.416833e+05 
1.612500e+04 2.295899e-04 -5.927826e+04 -1.483882e+05 
1.618750e+04 -3.360778e-04 -5.996563e+04 -1.553950e+05 
1.625000e+04 -9.251968e-04 -6.066373e+04 -1.627172e+05 
1.631250e+04 -1.538766e-03 -6.137181e+04 -1.703753e+05 
1.637500e+04 -2.177916e-03 -6.209097e+04 -1.783881e+05 
1.643750e+04 -2.843766e-03 -6.282204e+04 -1.867746e+05 
1.650000e+04 -3.537569e-03 -6.356223e+04 -1.955626e+05 
1.656250e+04 -4.260610e-03 -6.431402e+04 -2.047695e+05 
1.662500e+04 -5.014258e-03 -6.507832e+04 -2.144179e+05 
1.668750e+04 -5.799941e-03 -6.585522e+04 -2.245342e+05 
1.675000e+04 -6.619195e-03 -6.664313e+04 -2.351531e+05 
1.681250e+04 -7.473657e-03 -6.744322e+04 -2.463011e+05 
1.687500e+04 -8.365036e-03 -6.825541e+04 -2.580160e+05 
1.693750e+04 -9.295203e-03 -6.908003e+04 -2.703309e+05 
1.700000e+04 -1.026607e-02 -6.991745e+04 -2.832842e+05 
1.706250e+04 -1.127976e-02 -7.076774e+04 -2.969199e+05 
1.712500e+04 -1.233846e-02 -7.163085e+04 -3.112833e+05 
1.718750e+04 -1.344456e-02 -7.250832e+04 -3.264203e+05 
1.725000e+04 -1.460055e-02 -7.339902e+04 -3.423852e+05 
1.731250e+04 -1.580916e-02 -7.430271e+04 -3.592391e+05 
1.737500e+04 -1.707325e-02 -7.522207e+04 -3.770402e+05 
1.743750e+04 -1.839593e-02 -7.615363e+04 -3.958611e+05 
1.750000e+04 -1.978051e-02 -7.709897e+04 -4.157741e+05 
1.756250e+04 -2.123054e-02 -7.806182e+04 -4.368584e+05 
1.762500e+04 -2.274984e-02 -7.903833e+04 -4.592064e+05 
1.768750e+04 -2.434253e-02 -8.002799e+04 -4.829179e+05 
1.775000e+04 -2.601306e-02 -8.103462e+04 -5.080957e+05 
1.781250e+04 -2.776619e-02 -8.205552e+04 -5.348607e+05 
1.787500e+04 -2.960713e-02 -8.309082e+04 -5.633434e+05 
1.793750e+04 -3.154145e-02 -8.414143e+04 -5.936853e+05 
1.800000e+04 -3.357524e-02 -8.520515e+04 -6.260478e+05 
1.806250e+04 -3.571508e-02 -8.628552e+04 -6.606018e+05 
1.812500e+04 -3.796814e-02 -8.738023e+04 -6.975460e+05 
1.818750e+04 -4.034223e-02 -8.848740e+04 -7.370979e+05 
1.825000e+04 -4.284588e-02 -8.961095e+04 -7.794969e+05 
1.831250e+04 -4.548841e-02 -9.074729e+04 -8.250153e+05 
1.837500e+04 -4.828002e-02 -9.189457e+04 -8.739565e+05 
1.843750e+04 -5.123195e-02 -9.305540e+04 -9.266612e+05 
1.850000e+04 -5.435652e-02 -9.422690e+04 -9.835144e+05 
1.856250e+04 -5.766736e-02 -9.540559e+04 -1.044952e+06 
1.862500e+04 -6.117953e-02 -9.659328e+04 -1.111464e+06 
1.868750e+04 -6.490971e-02 -9.778607e+04 -1.183615e+06 
1.875000e+04 -6.887647e-02 -9.897966e+04 -1.262046e+06 
1.881250e+04 -7.310049e-02 -1.001712e+05 -1.347492e+06 
1.887500e+04 -7.760494e-02 -1.013580e+05 -1.440793e+06 
1.893750e+04 -8.241573e-02 -1.025329e+05 -1.542929e+06 
1.900000e+04 -8.756212e-02 -1.036874e+05 -1.655033e+06 
1.906250e+04 -9.307709e-02 -1.048181e+05 -1.778416e+06 
1.912500e+04 -9.899809e-02 -1.059106e+05 -1.914628e+06 
1.918750e+04 -1.053677e-01 -1.069472e+05 -2.065491e+06 
1.925000e+04 -1.122348e-01 -1.079174e+05 -2.233152e+06 
1.931250e+04 -1.196553e-01 -1.087941e+05 -2.420180e+06 
1.937500e+04 -1.276940e-01 -1.095443e+05 -2.629653e+06 
1.943750e+04 -1.364260e-01 -1.101382e+05 -2.865269e+06 
1.950000e+04 -1.459391e-01 -1.105274e+05 -3.131519e+06 
1.956250e+04 -1.563363e-01 -1.106655e+05 -3.433847e+06 
1.962500e+04 -1.677394e-01 -1.105174e+05 -3.778809e+06 
1.968750e+04 -1.802922e-01 -1.103274e+05 -4.173678e+06 
1.975000e+04 -1.941626e-01 -1.102479e+05 -4.626229e+06 
1.981250e+04 -2.095436e-01 -1.173717e+05 -5.129921e+06 
1.987500e+04 -2.265839e-01 -1.304656e+05 -5.666562e+06 
1.993750e+04 -2.453590e-01 -1.532730e+05 -6.184336e+06 
2.000000e+04 -2.657052e-01 -5.120062e+06 3.368695e+06 
2.006250e+04 -2.399783e-01 -1.007511e+07 1.304055e+07 
2.012500e+04 -2.150439e-01 -1.006812e+07 1.284339e+07 
2.018750e+04 -1.905279e-01 -1.005365e+07 1.275119e+07 
2.025000e+04 -1.661255e-01 -1.004652e+07 1.272773e+07 
2.031250e+04 -1.417342e-01 -1.004342e+07 1.272914e+07 
2.037500e+04 -1.173135e-01 -1.004637e+07 1.273815e+07 
2.043750e+04 -9.287497e-02 -1.004900e+07 1.274437e+07 
2.050000e+04 -6.842342e-02 -1.005162e+07 1.274942e+07 
2.056250e+04 -4.396134e-02 -1.005416e+07 1.275392e+07 
2.062500e+04 -1.948945e-02 -1.005671e+07 1.275826e+07 
2.068750e+04 4.991972e-03 -1.005930e+07 1.276255e+07 
2.075000e+04 2.948273e-02 -1.006195e+07 1.276679e+07 
2.081250e+04 5.398253e-02 -1.006466e+07 1.277095e+07 
2.087500e+04 7.849096e-02 -1.006744e+07 1.277499e+07 
2.093750e+04 1.030075e-01 -1.007029e+07 1.277892e+07 
2.100000e+04 1.275318e-01 -1.007321e+07 1.278271e+07 
2.106250e+04 1.520632e-01 -1.007619e+07 1.278638e+07 
2.112500e+04 1.766012e-01 -1.007925e+07 1.278992e+07 
2.118750e+04 2.011453e-01 -1.008239e+07 1.279334e+07 
2.125000e+04 2.256951e-01 -1.008560e+07 1.279665e+07 
2.131250e+04 2.502501e-01 -1.008890e+07 1.279988e+07 
2.137500e+04 2.748100e-01 -1.009228e+07 1.280305e+07 
2.143750e+04 2.993745e-01 -1.009572e+07 1.280617e+07 
2.150000e+04 3.239433e-01 -1.009920e+07 1.280914e+07 
2.156250e+04 3.485156e-01 -1.010265e+07 1.281155e+07 
2.162500e+04 3.730890e-01 -1.010612e+07 1.281280e+07 
2.168750e+04 3.976585e-01 -1.010932e+07 1.281125e+07 
2.175000e+04 4.222124e-01 -1.011861e+07 1.281730e+07 
2.181250e+04 4.467913e-01 -1.013199e+07 1.284820e+07 
2.187500e+04 4.714974e-01 -1.015277e+07 1.294786e+07 
2.193750e+04 4.966355e-01 -1.016613e+07 1.315246e+07 
2.200000e+04 5.225795e-01 -5.217528e+06 3.488038e+06 
2.206250e+04 5.024637e-01 -2.572592e+05 -6.057561e+06 
2.212500e+04 4.839322e-01 -2.410516e+05 -5.532367e+06 
2.218750e+04 4.671485e-01 -2.346435e+05 -4.988315e+06 
2.225000e+04 4.520369e-01 -2.342992e+05 -4.477225e+06 
2.231250e+04 4.384486e-01 -2.412560e+05 -4.017293e+06 
2.237500e+04 4.261903e-01 -2.484302e+05 -3.615057e+06 
2.243750e+04 4.150940e-01 -2.556714e+05 -3.262755e+06 
2.250000e+04 4.050154e-01 -2.627425e+05 -2.953114e+06 
2.256250e+04 3.958327e-01 -2.696881e+05 -2.679577e+06 
2.262500e+04 3.874425e-01 -2.765614e+05 -2.436708e+06 
2.268750e+04 3.797567e-01 -2.834159e+05 -2.220019e+06 
2.275000e+04 3.726998e-01 -2.902927e+05 -2.025818e+06 
2.281250e+04 3.662067e-01 -2.972317e+05 -1.851032e+06 
2.287500e+04 3.602209e-01 -3.042656e+05 -1.693101e+06 
2.293750e+04 3.546933e-01 -3.114198e+05 -1.549881e+06 
2.300000e+04 3.495808e-01 -3.187173e+05 -1.419559e+06 
2.306250e+04 3.448454e-01 -3.261809e+05 -1.300597e+06 
2.312500e+04 3.404536e-01 -3.338277e+05 -1.191688e+06 
2.318750e+04 3.363755e-01 -3.416731e+05 -1.091714e+06 
2.325000e+04 3.325844e-01 -3.497371e+05 -9.997078e+05 
2.331250e+04 3.290567e-01 -3.580338e+05 -9.148397e+05 
2.337500e+04 3.257707e-01 -3.665782e+05 -8.363892e+05 
2.343750e+04 3.227071e-01 -3.753879e+05 -7.637321e+05 
2.350000e+04 3.198482e-01 -3.844796e+05 -6.963205e+05 
2.356250e+04 3.171781e-01 -3.938682e+05 -6.336821e+05 
2.362500e+04 3.146820e-01 -4.035702e+05 -5.754045e+05 
2.368750e+04 3.123464e-01 -4.136034e+05 -5.211247e+05 
2.375000e+04 3.101588e-01 -4.239852e+05 -4.705228e+05 
2.381250e+04 3.081077e-01 -4.347341e+05 -4.233272e+05 
2.387500e+04 3.061822e-01 -4.458707e+05 -3.792964e+05 
2.393750e+04 3.043722e-01 -4.574130e+05 -3.382242e+05 
2.400000e+04 3.026681e-01 -4.693823e+05 -2.999293e+05 
2.406250e+04 3.010607e-01 -4.818030e+05 -2.642574e+05 
2.412500e+04 2.995415e-01 -4.946974e+05 -2.310810e+05 
2.418750e+04 2.981021e-01 -5.080905e+05 -2.002907e+05 
2.425000e+04 2.967343e-01 -5.220097e+05 -1.717973e+05 
2.431250e+04 2.954304e-01 -5.364856e+05 -1.455266e+05 
2.437500e+04 2.941825e-01 -5.515480e+05 -1.214310e+05 
2.443750e+04 2.929830e-01 -5.672300e+05 -9.947317e+04 
2.450000e+04 2.918244e-01 -5.835659e+05 -7.963668e+04 
2.456250e+04 2.906989e-01 -6.005936e+05 -6.192305e+04 
2.462500e+04 2.895988e-01 -6.183522e+05 -4.635221e+04 
2.468750e+04 2.885163e-01 -6.368850e+05 -3.295631e+04 
2.475000e+04 2.874432e-01 -6.562375e+05 -2.179103e+04 
2.481250e+04 2.863712e-01 -6.764583e+05 -1.293099e+04 
2.487500e+04 2.852916e-01 -6.976008e+05 -6.465342e+03 
2.493750e+04 2.841953e-01 -7.197218e+05 -2.509265e+03 
2.500000e+04 2.830727e-01 -7.466896e+05 6.493680e+03 
