#1 2 3  4 
#z w p zz 
0.000000e+00 0.000000e+00 -1.023157e+04 2.933403e+04 
2.604167e+02 3.170212e-04 -1.023889e+04 2.933375e+04 
5.208333e+02 6.337299e-04 -1.026075e+04 2.933935e+04 
7.812500e+02 9.502378e-04 -1.029403e+04 2.935036e+04 
1.041667e+03 1.266660e-03 -1.033880e+04 2.936571e+04 
1.302083e+03 1.583114e-03 -1.039735e+04 2.938917e+04 
1.562500e+03 1.899544e-03 -1.047006e+04 2.941957e+04 
1.822917e+03 2.215789e-03 -1.055621e+04 2.945433e+04 
2.083333e+03 2.531908e-03 -1.065109e+04 2.948410e+04 
2.343750e+03 2.847906e-03 -1.076198e+04 2.952175e+04 
2.604167e+03 3.163882e-03 -1.089174e+04 2.957131e+04 
2.864583e+03 3.479413e-03 -1.102907e+04 2.960949e+04 
3.125000e+03 3.794401e-03 -1.118038e+04 2.964827e+04 
3.385417e+03 4.108999e-03 -1.135073e+04 2.969864e+04 
3.645833e+03 4.423198e-03 -1.153387e+04 2.974814e+04 
3.906250e+03 4.736857e-03 -1.173082e+04 2.979522e+04 
4.166667e+03 5.049733e-03 -1.194367e+04 2.984111e+04 
4.427083e+03 5.361860e-03 -1.217404e+04 2.988735e+04 
4.687500e+03 5.673074e-03 -1.242183e+04 2.993192e+04 
4.947917e+03 5.983203e-03 -1.268588e+04 2.997032e+04 
5.208333e+03 6.292107e-03 -1.296636e+04 2.999814e+04 
5.468750e+03 6.599373e-03 -1.326528e+04 3.001497e+04 
5.729167e+03 6.904798e-03 -1.358457e+04 3.002347e+04 
5.989583e+03 7.208143e-03 -1.392012e+04 3.001295e+04 
6.250000e+03 7.508920e-03 -1.427301e+04 2.998119e+04 
6.510417e+03 7.806868e-03 -1.465030e+04 2.993877e+04 
6.770833e+03 8.101702e-03 -1.504905e+04 2.987662e+04 
7.031250e+03 8.392947e-03 -1.546735e+04 2.978699e+04 
7.291667e+03 8.680132e-03 -1.591015e+04 2.967316e+04 
7.552083e+03 8.962761e-03 -1.637686e+04 2.952498e+04 
7.812500e+03 9.240182e-03 -1.686745e+04 2.933363e+04 
8.072917e+03 9.511610e-03 -1.738652e+04 2.910054e+04 
8.333333e+03 9.776297e-03 -1.793310e+04 2.881770e+04 
8.593750e+03 1.003339e-02 -1.850629e+04 2.847546e+04 
8.854167e+03 1.028191e-02 -1.910980e+04 2.806851e+04 
9.114583e+03 1.052067e-02 -1.974440e+04 2.758768e+04 
9.375000e+03 1.074830e-02 -2.041345e+04 2.702901e+04 
9.635417e+03 1.096364e-02 -2.111829e+04 2.638077e+04 
9.895833e+03 1.116538e-02 -2.185807e+04 2.562601e+04 
1.015625e+04 1.135196e-02 -2.263509e+04 2.474858e+04 
1.041667e+04 1.152122e-02 -2.345013e+04 2.372778e+04 
1.067708e+04 1.167068e-02 -2.430977e+04 2.255448e+04 
1.093750e+04 1.179798e-02 -2.521439e+04 2.120406e+04 
1.119792e+04 1.190044e-02 -2.616336e+04 1.964811e+04 
1.145833e+04 1.197504e-02 -2.716251e+04 1.786187e+04 
1.171875e+04 1.201811e-02 -2.821735e+04 1.581587e+04 
1.197917e+04 1.202582e-02 -2.932922e+04 1.347262e+04 
1.223958e+04 1.199354e-02 -3.049649e+04 1.077915e+04 
1.250000e+04 1.191593e-02 -3.172987e+04 7.697916e+03 
1.276042e+04 1.178718e-02 -3.303118e+04 4.164781e+03 
1.302083e+04 1.160041e-02 -3.440201e+04 1.023315e+02 
1.328125e+04 1.134795e-02 -3.585308e+04 -4.561706e+03 
1.354167e+04 1.102083e-02 -3.738520e+04 -9.933259e+03 
1.380208e+04 1.060829e-02 -3.900366e+04 -1.612843e+04 
1.406250e+04 1.009808e-02 -4.071830e+04 -2.327918e+04 
1.432292e+04 9.476436e-03 -4.253314e+04 -3.156017e+04 
1.458333e+04 8.726500e-03 -4.445770e+04 -4.117351e+04 
1.484375e+04 7.828508e-03 -4.649904e+04 -5.237130e+04 
1.510417e+04 6.758954e-03 -4.866410e+04 -6.546481e+04 
1.536458e+04 5.489805e-03 -5.096966e+04 -8.082540e+04 
1.562500e+04 3.987852e-03 -5.342903e+04 -9.892815e+04 
1.588542e+04 2.212542e-03 -5.605375e+04 -1.203771e+05 
1.614583e+04 1.138544e-04 -5.885719e+04 -1.459455e+05 
1.640625e+04 -2.369466e-03 -6.186347e+04 -1.766175e+05 
1.666667e+04 -5.313472e-03 -6.509765e+04 -2.136876e+05 
1.692708e+04 -8.814241e-03 -6.858343e+04 -2.588878e+05 
1.718750e+04 -1.299462e-02 -7.236316e+04 -3.145340e+05 
1.744792e+04 -1.801322e-02 -7.648853e+04 -3.838228e+05 
1.770833e+04 -2.407888e-02 -8.103103e+04 -4.712473e+05 
1.796875e+04 -3.147287e-02 -8.610115e+04 -5.832731e+05 
1.822917e+04 -4.058168e-02 -9.187148e+04 -7.294978e+05 
1.848958e+04 -5.195036e-02 -9.865030e+04 -9.246505e+05 
1.875000e+04 -6.637672e-02 -1.069570e+05 -1.192352e+06 
1.901042e+04 -8.507002e-02 -1.181939e+05 -1.572430e+06 
1.927083e+04 -1.100009e-01 -1.331668e+05 -2.137122e+06 
1.953125e+04 -1.443357e-01 -1.718518e+05 -3.027062e+06 
1.979167e+04 -1.956901e-01 -1.182582e+05 -4.513440e+06 
2.005208e+04 -2.627480e-01 -5.046226e+06 4.055030e+06 
2.031250e+04 -1.512434e-01 -9.986572e+06 1.310010e+07 
2.057292e+04 -4.419705e-02 -1.001245e+07 1.283322e+07 
2.083333e+04 5.863319e-02 -1.007978e+07 1.303175e+07 
2.109375e+04 1.650854e-01 -1.005937e+07 1.311134e+07 
2.135417e+04 2.730458e-01 -1.006268e+07 1.335556e+07 
2.161458e+04 3.866631e-01 -1.006862e+07 1.392209e+07 
2.187500e+04 5.100427e-01 -5.153198e+06 4.891281e+06 
2.213542e+04 4.496216e-01 -2.426910e+05 -3.945913e+06 
2.239583e+04 4.036775e-01 -2.761471e+05 -2.855952e+06 
2.265625e+04 3.700588e-01 -2.992572e+05 -2.010242e+06 
2.291667e+04 3.458039e-01 -3.171977e+05 -1.421971e+06 
2.317708e+04 3.279407e-01 -3.420028e+05 -1.005193e+06 
2.343750e+04 3.145943e-01 -3.724406e+05 -7.017323e+05 
2.369792e+04 3.044870e-01 -4.088739e+05 -4.755339e+05 
2.395833e+04 2.967177e-01 -4.519017e+05 -3.048783e+05 
2.421875e+04 2.906035e-01 -5.026070e+05 -1.770799e+05 
2.447917e+04 2.855789e-01 -5.625492e+05 -8.562414e+04 
2.473958e+04 2.811209e-01 -6.338566e+05 -2.886546e+04 
2.500000e+04 2.766835e-01 -6.726570e+05 -9.237491e+03 
