5.370000000000000000e+06 2.100000000000000000e+01
5.371001001001001336e+06 2.100000000000000000e+01
5.372002002002001740e+06 2.100000000000000000e+01
5.373003003003003076e+06 2.100000000000000000e+01
5.374004004004004411e+06 2.100000000000000000e+01
5.375005005005004816e+06 2.100000000000000000e+01
5.376006006006006151e+06 2.100000000000000000e+01
5.377007007007006556e+06 2.100000000000000000e+01
5.378008008008007891e+06 2.100000000000000000e+01
5.379009009009009227e+06 2.100000000000000000e+01
5.380010010010009632e+06 2.100000000000000000e+01
5.381011011011010967e+06 2.100000000000000000e+01
5.382012012012012303e+06 2.100000000000000000e+01
5.383013013013012707e+06 2.100000000000000000e+01
5.384014014014014043e+06 2.100000000000000000e+01
5.385015015015015379e+06 2.100000000000000000e+01
5.386016016016015783e+06 2.100000000000000000e+01
5.387017017017017119e+06 2.100000000000000000e+01
5.388018018018018454e+06 2.100000000000000000e+01
5.389019019019018859e+06 2.100000000000000000e+01
5.390020020020020194e+06 2.100000000000000000e+01
5.391021021021020599e+06 2.100000000000000000e+01
5.392022022022021934e+06 2.100000000000000000e+01
5.393023023023023270e+06 2.100000000000000000e+01
5.394024024024023674e+06 2.100000000000000000e+01
5.395025025025025010e+06 2.100000000000000000e+01
5.396026026026026346e+06 2.100000000000000000e+01
5.397027027027026750e+06 2.100000000000000000e+01
5.398028028028028086e+06 2.100000000000000000e+01
5.399029029029029422e+06 2.100000000000000000e+01
5.400030030030029826e+06 2.100000000000000000e+01
5.401031031031031162e+06 2.100000000000000000e+01
5.402032032032031566e+06 2.100000000000000000e+01
5.403033033033032902e+06 2.100000000000000000e+01
5.404034034034034237e+06 2.100000000000000000e+01
5.405035035035034642e+06 2.100000000000000000e+01
5.406036036036035977e+06 2.100000000000000000e+01
5.407037037037037313e+06 2.100000000000000000e+01
5.408038038038037717e+06 2.100000000000000000e+01
5.409039039039039053e+06 2.100000000000000000e+01
5.410040040040040389e+06 2.100000000000000000e+01
5.411041041041040793e+06 2.100000000000000000e+01
5.412042042042042129e+06 2.100000000000000000e+01
5.413043043043043464e+06 2.100000000000000000e+01
5.414044044044043869e+06 2.100000000000000000e+01
5.415045045045045204e+06 2.100000000000000000e+01
5.416046046046045609e+06 2.100000000000000000e+01
5.417047047047046944e+06 2.100000000000000000e+01
5.418048048048048280e+06 2.100000000000000000e+01
5.419049049049048685e+06 2.100000000000000000e+01
5.420050050050050020e+06 2.100000000000000000e+01
5.421051051051051356e+06 2.100000000000000000e+01
5.422052052052051760e+06 2.100000000000000000e+01
5.423053053053053096e+06 2.100000000000000000e+01
5.424054054054054432e+06 2.100000000000000000e+01
5.425055055055054836e+06 2.100000000000000000e+01
5.426056056056056172e+06 2.100000000000000000e+01
5.427057057057057507e+06 2.100000000000000000e+01
5.428058058058057912e+06 2.100000000000000000e+01
5.429059059059059247e+06 2.100000000000000000e+01
5.430060060060059652e+06 2.100000000000000000e+01
5.431061061061060987e+06 2.100000000000000000e+01
5.432062062062062323e+06 2.100000000000000000e+01
5.433063063063062727e+06 2.100000000000000000e+01
5.434064064064064063e+06 2.100000000000000000e+01
5.435065065065065399e+06 2.100000000000000000e+01
5.436066066066065803e+06 2.100000000000000000e+01
5.437067067067067139e+06 2.100000000000000000e+01
5.438068068068068475e+06 2.100000000000000000e+01
5.439069069069068879e+06 2.100000000000000000e+01
5.440070070070070215e+06 2.100000000000000000e+01
5.441071071071070619e+06 2.100000000000000000e+01
5.442072072072071955e+06 2.100000000000000000e+01
5.443073073073073290e+06 2.100000000000000000e+01
5.444074074074073695e+06 2.100000000000000000e+01
5.445075075075075030e+06 2.100000000000000000e+01
5.446076076076076366e+06 2.100000000000000000e+01
5.447077077077076770e+06 2.100000000000000000e+01
5.448078078078078106e+06 2.100000000000000000e+01
5.449079079079079442e+06 2.100000000000000000e+01
5.450080080080079846e+06 2.100000000000000000e+01
5.451081081081081182e+06 2.100000000000000355e+01
5.452082082082082517e+06 2.100000000000000355e+01
5.453083083083082922e+06 2.100000000000000355e+01
5.454084084084084257e+06 2.100000000000000355e+01
5.455085085085084662e+06 2.100000000000000355e+01
5.456086086086085998e+06 2.100000000000000711e+01
5.457087087087087333e+06 2.100000000000000711e+01
5.458088088088087738e+06 2.100000000000000711e+01
5.459089089089089073e+06 2.100000000000000711e+01
5.460090090090090409e+06 2.100000000000000711e+01
5.461091091091090813e+06 2.100000000000000711e+01
5.462092092092092149e+06 2.100000000000000711e+01
5.463093093093093485e+06 2.100000000000000711e+01
5.464094094094093889e+06 2.100000000000001066e+01
5.465095095095095225e+06 2.100000000000001066e+01
5.466096096096096560e+06 2.100000000000001066e+01
5.467097097097096965e+06 2.100000000000001066e+01
5.468098098098098300e+06 2.100000000000001066e+01
5.469099099099098705e+06 2.100000000000001066e+01
5.470100100100100040e+06 2.100000000000001066e+01
5.471101101101101376e+06 2.100000000000001066e+01
5.472102102102101780e+06 2.100000000000001421e+01
5.473103103103103116e+06 2.100000000000001776e+01
5.474104104104104452e+06 2.100000000000001776e+01
5.475105105105104856e+06 2.100000000000001776e+01
5.476106106106106192e+06 2.100000000000002132e+01
5.477107107107107528e+06 2.100000000000002132e+01
5.478108108108107932e+06 2.100000000000002132e+01
5.479109109109109268e+06 2.100000000000002487e+01
5.480110110110109672e+06 2.100000000000002487e+01
5.481111111111111008e+06 2.100000000000002842e+01
5.482112112112112343e+06 2.100000000000002842e+01
5.483113113113112748e+06 2.100000000000003197e+01
5.484114114114114083e+06 2.100000000000003197e+01
5.485115115115115419e+06 2.100000000000003553e+01
5.486116116116115823e+06 2.100000000000003908e+01
5.487117117117117159e+06 2.100000000000004263e+01
5.488118118118118495e+06 2.100000000000004619e+01
5.489119119119118899e+06 2.100000000000004619e+01
5.490120120120120235e+06 2.100000000000004974e+01
5.491121121121121570e+06 2.100000000000005684e+01
5.492122122122121975e+06 2.100000000000006040e+01
5.493123123123123311e+06 2.100000000000006395e+01
5.494124124124123715e+06 2.100000000000007105e+01
5.495125125125125051e+06 2.100000000000007461e+01
5.496126126126126386e+06 2.100000000000008171e+01
5.497127127127126791e+06 2.100000000000008527e+01
5.498128128128128126e+06 2.100000000000009237e+01
5.499129129129129462e+06 2.100000000000009592e+01
5.500130130130129866e+06 2.100000000000010658e+01
5.501131131131131202e+06 2.100000000000011369e+01
5.502132132132132538e+06 2.100000000000012079e+01
5.503133133133132942e+06 2.100000000000012790e+01
5.504134134134134278e+06 2.100000000000013856e+01
5.505135135135134682e+06 2.100000000000014921e+01
5.506136136136136018e+06 2.100000000000015987e+01
5.507137137137137353e+06 2.100000000000017053e+01
5.508138138138137758e+06 2.100000000000018474e+01
5.509139139139139093e+06 2.100000000000019895e+01
5.510140140140140429e+06 2.100000000000021316e+01
5.511141141141140833e+06 2.100000000000022382e+01
5.512142142142142169e+06 2.100000000000024158e+01
5.513143143143143505e+06 2.100000000000025935e+01
5.514144144144143909e+06 2.100000000000027711e+01
5.515145145145145245e+06 2.100000000000029488e+01
5.516146146146146581e+06 2.100000000000031619e+01
5.517147147147146985e+06 2.100000000000034106e+01
5.518148148148148321e+06 2.100000000000036238e+01
5.519149149149148725e+06 2.100000000000039080e+01
5.520150150150150061e+06 2.100000000000041922e+01
5.521151151151151396e+06 2.100000000000044764e+01
5.522152152152151801e+06 2.100000000000047962e+01
5.523153153153153136e+06 2.100000000000051514e+01
5.524154154154154472e+06 2.100000000000055067e+01
5.525155155155154876e+06 2.100000000000058620e+01
5.526156156156156212e+06 2.100000000000062883e+01
5.527157157157157548e+06 2.100000000000067502e+01
5.528158158158157952e+06 2.100000000000072120e+01
5.529159159159159288e+06 2.100000000000077449e+01
5.530160160160159692e+06 2.100000000000082778e+01
5.531161161161161028e+06 2.100000000000088463e+01
5.532162162162162364e+06 2.100000000000094857e+01
5.533163163163162768e+06 2.100000000000101252e+01
5.534164164164164104e+06 2.100000000000108358e+01
5.535165165165165439e+06 2.100000000000115818e+01
5.536166166166165844e+06 2.100000000000123990e+01
5.537167167167167179e+06 2.100000000000132516e+01
5.538168168168168515e+06 2.100000000000141753e+01
5.539169169169168919e+06 2.100000000000151346e+01
5.540170170170170255e+06 2.100000000000162004e+01
5.541171171171171591e+06 2.100000000000173372e+01
5.542172172172171995e+06 2.100000000000185452e+01
5.543173173173173331e+06 2.100000000000198241e+01
5.544174174174173735e+06 2.100000000000211742e+01
5.545175175175175071e+06 2.100000000000226308e+01
5.546176176176176406e+06 2.100000000000241940e+01
5.547177177177176811e+06 2.100000000000258282e+01
5.548178178178178146e+06 2.100000000000276401e+01
5.549179179179179482e+06 2.100000000000295231e+01
5.550180180180179887e+06 2.100000000000315481e+01
5.551181181181181222e+06 2.100000000000336797e+01
5.552182182182182558e+06 2.100000000000360245e+01
5.553183183183182962e+06 2.100000000000384404e+01
5.554184184184184298e+06 2.100000000000410694e+01
5.555185185185184702e+06 2.100000000000438760e+01
5.556186186186186038e+06 2.100000000000468603e+01
5.557187187187187374e+06 2.100000000000500222e+01
5.558188188188187778e+06 2.100000000000534328e+01
5.559189189189189114e+06 2.100000000000570566e+01
5.560190190190190449e+06 2.100000000000609290e+01
5.561191191191190854e+06 2.100000000000650147e+01
5.562192192192192189e+06 2.100000000000693845e+01
5.563193193193193525e+06 2.100000000000740741e+01
5.564194194194193929e+06 2.100000000000790834e+01
5.565195195195195265e+06 2.100000000000844125e+01
5.566196196196196601e+06 2.100000000000900613e+01
5.567197197197197005e+06 2.100000000000960654e+01
5.568198198198198341e+06 2.100000000001025313e+01
5.569199199199199677e+06 2.100000000001093881e+01
5.570200200200200081e+06 2.100000000001167066e+01
5.571201201201201417e+06 2.100000000001244871e+01
5.572202202202201821e+06 2.100000000001328004e+01
5.573203203203203157e+06 2.100000000001416112e+01
5.574204204204204492e+06 2.100000000001510259e+01
5.575205205205204897e+06 2.100000000001610445e+01
5.576206206206206232e+06 2.100000000001717382e+01
5.577207207207207568e+06 2.100000000001831069e+01
5.578208208208207972e+06 2.100000000001952216e+01
5.579209209209209308e+06 2.100000000002081180e+01
5.580210210210210644e+06 2.100000000002218314e+01
5.581211211211211048e+06 2.100000000002364686e+01
5.582212212212212384e+06 2.100000000002520295e+01
5.583213213213212788e+06 2.100000000002685852e+01
5.584214214214214124e+06 2.100000000002862066e+01
5.585215215215215459e+06 2.100000000003049649e+01
5.586216216216215864e+06 2.100000000003249312e+01
5.587217217217217200e+06 2.100000000003461764e+01
5.588218218218218535e+06 2.100000000003688072e+01
5.589219219219218940e+06 2.100000000003928591e+01
5.590220220220220275e+06 2.100000000004184386e+01
5.591221221221221611e+06 2.100000000004456524e+01
5.592222222222222015e+06 2.100000000004746070e+01
5.593223223223223351e+06 2.100000000005054446e+01
5.594224224224224687e+06 2.100000000005381651e+01
5.595225225225225091e+06 2.100000000005730172e+01
5.596226226226226427e+06 2.100000000006100720e+01
5.597227227227226831e+06 2.100000000006494361e+01
5.598228228228228167e+06 2.100000000006913226e+01
5.599229229229229502e+06 2.100000000007358381e+01
5.600230230230229907e+06 2.100000000007831602e+01
5.601231231231231242e+06 2.100000000008334666e+01
5.602232232232232578e+06 2.100000000008869350e+01
5.603233233233232982e+06 2.100000000009437429e+01
5.604234234234234318e+06 2.100000000010041390e+01
5.605235235235235654e+06 2.100000000010683365e+01
5.606236236236236058e+06 2.100000000011364776e+01
5.607237237237237394e+06 2.100000000012089174e+01
5.608238238238237798e+06 2.100000000012858692e+01
5.609239239239239134e+06 2.100000000013676171e+01
5.610240240240240470e+06 2.100000000014544455e+01
5.611241241241240874e+06 2.100000000015466739e+01
5.612242242242242210e+06 2.100000000016445867e+01
5.613243243243243545e+06 2.100000000017486101e+01
5.614244244244243950e+06 2.100000000018590285e+01
5.615245245245245285e+06 2.100000000019762680e+01
5.616246246246246621e+06 2.100000000021007551e+01
5.617247247247247025e+06 2.100000000022329161e+01
5.618248248248248361e+06 2.100000000023732127e+01
5.619249249249249697e+06 2.100000000025221070e+01
5.620250250250250101e+06 2.100000000026801317e+01
5.621251251251251437e+06 2.100000000028478553e+01
5.622252252252251841e+06 2.100000000030258107e+01
5.623253253253253177e+06 2.100000000032146730e+01
5.624254254254254512e+06 2.100000000034150460e+01
5.625255255255254917e+06 2.100000000036276049e+01
5.626256256256256253e+06 2.100000000038531311e+01
5.627257257257257588e+06 2.100000000040922998e+01
5.628258258258257993e+06 2.100000000043460346e+01
5.629259259259259328e+06 2.100000000046151172e+01
5.630260260260260664e+06 2.100000000049004711e+01
5.631261261261261068e+06 2.100000000052030913e+01
5.632262262262262404e+06 2.100000000055239724e+01
5.633263263263262808e+06 2.100000000058641447e+01
5.634264264264264144e+06 2.100000000062248162e+01
5.635265265265265480e+06 2.100000000066071237e+01
5.636266266266265884e+06 2.100000000070124173e+01
5.637267267267267220e+06 2.100000000074419759e+01
5.638268268268268555e+06 2.100000000078972207e+01
5.639269269269268960e+06 2.100000000083796436e+01
5.640270270270270295e+06 2.100000000088908791e+01
5.641271271271271631e+06 2.100000000094325614e+01
5.642272272272272035e+06 2.100000000100064668e+01
5.643273273273273371e+06 2.100000000106144782e+01
5.644274274274274707e+06 2.100000000112585496e+01
5.645275275275275111e+06 2.100000000119407773e+01
5.646276276276276447e+06 2.100000000126633637e+01
5.647277277277276851e+06 2.100000000134286182e+01
5.648278278278278187e+06 2.100000000142389922e+01
5.649279279279279523e+06 2.100000000150971147e+01
5.650280280280279927e+06 2.100000000160057212e+01
5.651281281281281263e+06 2.100000000169676895e+01
5.652282282282282598e+06 2.100000000179860749e+01
5.653283283283283003e+06 2.100000000190641103e+01
5.654284284284284338e+06 2.100000000202052064e+01
5.655285285285285674e+06 2.100000000214128804e+01
5.656286286286286078e+06 2.100000000226910402e+01
5.657287287287287414e+06 2.100000000240435583e+01
5.658288288288287818e+06 2.100000000254747690e+01
5.659289289289289154e+06 2.100000000269890776e+01
5.660290290290290490e+06 2.100000000285911739e+01
5.661291291291290894e+06 2.100000000302859959e+01
5.662292292292292230e+06 2.100000000320788374e+01
5.663293293293293566e+06 2.100000000339751338e+01
5.664294294294293970e+06 2.100000000359807828e+01
5.665295295295295306e+06 2.100000000381018239e+01
5.666296296296296641e+06 2.100000000403447586e+01
5.667297297297297046e+06 2.100000000427164792e+01
5.668298298298298381e+06 2.100000000452240556e+01
5.669299299299299717e+06 2.100000000478751261e+01
5.670300300300300121e+06 2.100000000506776843e+01
5.671301301301301457e+06 2.100000000536401501e+01
5.672302302302302793e+06 2.100000000567713698e+01
5.673303303303303197e+06 2.100000000600806871e+01
5.674304304304304533e+06 2.100000000635780495e+01
5.675305305305304937e+06 2.100000000672736888e+01
5.676306306306306273e+06 2.100000000711786896e+01
5.677307307307307608e+06 2.100000000753044915e+01
5.678308308308308013e+06 2.100000000796632804e+01
5.679309309309309348e+06 2.100000000842678105e+01
5.680310310310310684e+06 2.100000000891316176e+01
5.681311311311311089e+06 2.100000000942688061e+01
5.682312312312312424e+06 2.100000000996943328e+01
5.683313313313312829e+06 2.100000001054239718e+01
5.684314314314314164e+06 2.100000001114742432e+01
5.685315315315315500e+06 2.100000001178626263e+01
5.686316316316315904e+06 2.100000001246074177e+01
5.687317317317317240e+06 2.100000001317280152e+01
5.688318318318318576e+06 2.100000001392447047e+01
5.689319319319318980e+06 2.100000001471789091e+01
5.690320320320320316e+06 2.100000001555531171e+01
5.691321321321321651e+06 2.100000001643910963e+01
5.692322322322322056e+06 2.100000001737177513e+01
5.693323323323323391e+06 2.100000001835593366e+01
5.694324324324324727e+06 2.100000001939434213e+01
5.695325325325325131e+06 2.100000002048990666e+01
5.696326326326326467e+06 2.100000002164568258e+01
5.697327327327327803e+06 2.100000002286487799e+01
5.698328328328328207e+06 2.100000002415087508e+01
5.699329329329329543e+06 2.100000002550723011e+01
5.700330330330329947e+06 2.100000002693766632e+01
5.701331331331331283e+06 2.100000002844612368e+01
5.702332332332332619e+06 2.100000003003671978e+01
5.703333333333333023e+06 2.100000003171380314e+01
5.704334334334334359e+06 2.100000003348193189e+01
5.705335335335335694e+06 2.100000003534589865e+01
5.706336336336336099e+06 2.100000003731075182e+01
5.707337337337337434e+06 2.100000003938177429e+01
5.708338338338337839e+06 2.100000004156453670e+01
5.709339339339339174e+06 2.100000004386489039e+01
5.710340340340340510e+06 2.100000004628896733e+01
5.711341341341340914e+06 2.100000004884322280e+01
5.712342342342342250e+06 2.100000005153443539e+01
5.713343343343343586e+06 2.100000005436972472e+01
5.714344344344343990e+06 2.100000005735656217e+01
5.715345345345345326e+06 2.100000006050280632e+01
5.716346346346346661e+06 2.100000006381669237e+01
5.717347347347347066e+06 2.100000006730688540e+01
5.718348348348348401e+06 2.100000007098246613e+01
5.719349349349349737e+06 2.100000007485297360e+01
5.720350350350350142e+06 2.100000007892843001e+01
5.721351351351351477e+06 2.100000008321933720e+01
5.722352352352352813e+06 2.100000008773673343e+01
5.723353353353353217e+06 2.100000009249220057e+01
5.724354354354354553e+06 2.100000009749787111e+01
5.725355355355354957e+06 2.100000010276650642e+01
5.726356356356356293e+06 2.100000010831147534e+01
5.727357357357357629e+06 2.100000011414680756e+01
5.728358358358358033e+06 2.100000012028722551e+01
5.729359359359359369e+06 2.100000012674815508e+01
5.730360360360360704e+06 2.100000013354579664e+01
5.731361361361361109e+06 2.100000014069712861e+01
5.732362362362362444e+06 2.100000014821995720e+01
5.733363363363363780e+06 2.100000015613295190e+01
5.734364364364364184e+06 2.100000016445568463e+01
5.735365365365365520e+06 2.100000017320867940e+01
5.736366366366365924e+06 2.100000018241344790e+01
5.737367367367367260e+06 2.100000019209254631e+01
5.738368368368368596e+06 2.100000020226959663e+01
5.739369369369369000e+06 2.100000021296937902e+01
5.740370370370370336e+06 2.100000022421784251e+01
5.741371371371371672e+06 2.100000023604219024e+01
5.742372372372372076e+06 2.100000024847091495e+01
5.743373373373373412e+06 2.100000026153387012e+01
5.744374374374374747e+06 2.100000027526233737e+01
5.745375375375375152e+06 2.100000028968906918e+01
5.746376376376376487e+06 2.100000030484838121e+01
5.747377377377377823e+06 2.100000032077620915e+01
5.748378378378378227e+06 2.100000033751017980e+01
5.749379379379379563e+06 2.100000035508970697e+01
5.750380380380379967e+06 2.100000037355604832e+01
5.751381381381381303e+06 2.100000039295239773e+01
5.752382382382382639e+06 2.100000041332397416e+01
5.753383383383383043e+06 2.100000043471811750e+01
5.754384384384384379e+06 2.100000045718437036e+01
5.755385385385385714e+06 2.100000048077458104e+01
5.756386386386386119e+06 2.100000050554302078e+01
5.757387387387387455e+06 2.100000053154646906e+01
5.758388388388388790e+06 2.100000055884434147e+01
5.759389389389389195e+06 2.100000058749879628e+01
5.760390390390390530e+06 2.100000061757486236e+01
5.761391391391390935e+06 2.100000064914056708e+01
5.762392392392392270e+06 2.100000068226705707e+01
5.763393393393393606e+06 2.100000071702874749e+01
5.764394394394394010e+06 2.100000075350346052e+01
5.765395395395395346e+06 2.100000079177257462e+01
5.766396396396396682e+06 2.100000083192117728e+01
5.767397397397397086e+06 2.100000087403823912e+01
5.768398398398398422e+06 2.100000091821675596e+01
5.769399399399399757e+06 2.100000096455395493e+01
5.770400400400400162e+06 2.100000101315145073e+01
5.771401401401401497e+06 2.100000106411546597e+01
5.772402402402402833e+06 2.100000111755698740e+01
5.773403403403403237e+06 2.100000117359201113e+01
5.774404404404404573e+06 2.100000123234173088e+01
5.775405405405404978e+06 2.100000129393278314e+01
5.776406406406406313e+06 2.100000135849744964e+01
5.777407407407407649e+06 2.100000142617393095e+01
5.778408408408408053e+06 2.100000149710657027e+01
5.779409409409409389e+06 2.100000157144613766e+01
5.780410410410410725e+06 2.100000164935008939e+01
5.781411411411411129e+06 2.100000173098283085e+01
5.782412412412412465e+06 2.100000181651606468e+01
5.783413413413413800e+06 2.100000190612903594e+01
5.784414414414414205e+06 2.100000200000889095e+01
5.785415415415415540e+06 2.100000209835098985e+01
5.786416416416415945e+06 2.100000220135925133e+01
5.787417417417417280e+06 2.100000230924651135e+01
5.788418418418418616e+06 2.100000242223489266e+01
5.789419419419419020e+06 2.100000254055620275e+01
5.790420420420420356e+06 2.100000266445230679e+01
5.791421421421421692e+06 2.100000279417557181e+01
5.792422422422422096e+06 2.100000292998928231e+01
5.793423423423423432e+06 2.100000307216809503e+01
5.794424424424424767e+06 2.100000322099850436e+01
5.795425425425425172e+06 2.100000337677932905e+01
5.796426426426426508e+06 2.100000353982221668e+01
5.797427427427427843e+06 2.100000371045215530e+01
5.798428428428428248e+06 2.100000388900802761e+01
5.799429429429429583e+06 2.100000407584317230e+01
5.800430430430430919e+06 2.100000427132596315e+01
5.801431431431431323e+06 2.100000447584041652e+01
5.802432432432432659e+06 2.100000468978684154e+01
5.803433433433433063e+06 2.100000491358245114e+01
5.804434434434434399e+06 2.100000514766209037e+01
5.805435435435435735e+06 2.100000539247889719e+01
5.806436436436436139e+06 2.100000564850505924e+01
5.807437437437437475e+06 2.100000591623257051e+01
5.808438438438438810e+06 2.100000619617399877e+01
5.809439439439439215e+06 2.100000648886332044e+01
5.810440440440440550e+06 2.100000679485675192e+01
5.811441441441440955e+06 2.100000711473364134e+01
5.812442442442442290e+06 2.100000744909736383e+01
5.813443443443443626e+06 2.100000779857626654e+01
5.814444444444444031e+06 2.100000816382464919e+01
5.815445445445445366e+06 2.100000854552377660e+01
5.816446446446446702e+06 2.100000894438293031e+01
5.817447447447447106e+06 2.100000936114048855e+01
5.818448448448448442e+06 2.100000979656506317e+01
5.819449449449449778e+06 2.100001025145666134e+01
5.820450450450450182e+06 2.100001072664789348e+01
5.821451451451451518e+06 2.100001122300523804e+01
5.822452452452452853e+06 2.100001174143032756e+01
5.823453453453453258e+06 2.100001228286130939e+01
5.824454454454454593e+06 2.100001284827422054e+01
5.825455455455455929e+06 2.100001343868444081e+01
5.826456456456456333e+06 2.100001405514818131e+01
5.827457457457457669e+06 2.100001469876404414e+01
5.828458458458458073e+06 2.100001537067461044e+01
5.829459459459459409e+06 2.100001607206809595e+01
5.830460460460460745e+06 2.100001680418008121e+01
5.831461461461461149e+06 2.100001756829526300e+01
5.832462462462462485e+06 2.100001836574932312e+01
5.833463463463463821e+06 2.100001919793080063e+01
5.834464464464464225e+06 2.100002006628307782e+01
5.835465465465465561e+06 2.100002097230640175e+01
5.836466466466465965e+06 2.100002191755999092e+01
5.837467467467467301e+06 2.100002290366422741e+01
5.838468468468468636e+06 2.100002393230288789e+01
5.839469469469469041e+06 2.100002500522547777e+01
5.840470470470470376e+06 2.100002612424964354e+01
5.841471471471471712e+06 2.100002729126365608e+01
5.842472472472472116e+06 2.100002850822898992e+01
5.843473473473473452e+06 2.100002977718296648e+01
5.844474474474474788e+06 2.100003110024152875e+01
5.845475475475475192e+06 2.100003247960205854e+01
5.846476476476476528e+06 2.100003391754630755e+01
5.847477477477477863e+06 2.100003541644346328e+01
5.848478478478478268e+06 2.100003697875324704e+01
5.849479479479479603e+06 2.100003860702916114e+01
5.850480480480480939e+06 2.100004030392185328e+01
5.851481481481481344e+06 2.100004207218252716e+01
5.852482482482482679e+06 2.100004391466654496e+01
5.853483483483483084e+06 2.100004583433709371e+01
5.854484484484484419e+06 2.100004783426898669e+01
5.855485485485485755e+06 2.100004991765259277e+01
5.856486486486486159e+06 2.100005208779788290e+01
5.857487487487487495e+06 2.100005434813861882e+01
5.858488488488488831e+06 2.100005670223665533e+01
5.859489489489489235e+06 2.100005915378640609e+01
5.860490490490490571e+06 2.100006170661943727e+01
5.861491491491491906e+06 2.100006436470920690e+01
5.862492492492492311e+06 2.100006713217594623e+01
5.863493493493493646e+06 2.100007001329171885e+01
5.864494494494494051e+06 2.100007301248562186e+01
5.865495495495495386e+06 2.100007613434915044e+01
5.866496496496496722e+06 2.100007938364172233e+01
5.867497497497497126e+06 2.100008276529640128e+01
5.868498498498498462e+06 2.100008628442576253e+01
5.869499499499499798e+06 2.100008994632796799e+01
5.870500500500500202e+06 2.100009375649301546e+01
5.871501501501501538e+06 2.100009772060917612e+01
5.872502502502502874e+06 2.100010184456963458e+01
5.873503503503503278e+06 2.100010613447932784e+01
5.874504504504504614e+06 2.100011059666200453e+01
5.875505505505505949e+06 2.100011523766746535e+01
5.876506506506506354e+06 2.100012006427906286e+01
5.877507507507507689e+06 2.100012508352138596e+01
5.878508508508508094e+06 2.100013030266821801e+01
5.879509509509509429e+06 2.100013572925067251e+01
5.880510510510510765e+06 2.100014137106564149e+01
5.881511511511511169e+06 2.100014723618442503e+01
5.882512512512512505e+06 2.100015333296165920e+01
5.883513513513513841e+06 2.100015967004450346e+01
5.884514514514514245e+06 2.100016625638205525e+01
5.885515515515515581e+06 2.100017310123510939e+01
5.886516516516516916e+06 2.100018021418610914e+01
5.887517517517517321e+06 2.100018760514947402e+01
5.888518518518518656e+06 2.100019528438217975e+01
5.889519519519519061e+06 2.100020326249461888e+01
5.890520520520520397e+06 2.100021155046183452e+01
5.891521521521521732e+06 2.100022015963500976e+01
5.892522522522522137e+06 2.100022910175331603e+01
5.893523523523523472e+06 2.100023838895610950e+01
5.894524524524524808e+06 2.100024803379540117e+01
5.895525525525525212e+06 2.100025804924878514e+01
5.896526526526526548e+06 2.100026844873261211e+01
5.897527527527527884e+06 2.100027924611560692e+01
5.898528528528528288e+06 2.100029045573283781e+01
5.899529529529529624e+06 2.100030209240005163e+01
5.900530530530530959e+06 2.100031417142842471e+01
5.901531531531531364e+06 2.100032670863971873e+01
5.902532532532532699e+06 2.100033972038182029e+01
5.903533533533534035e+06 2.100035322354473877e+01
5.904534534534534439e+06 2.100036723557699148e+01
5.905535535535535775e+06 2.100038177450246835e+01
5.906536536536536179e+06 2.100039685893771590e+01
5.907537537537537515e+06 2.100041250810971505e+01
5.908538538538538851e+06 2.100042874187406738e+01
5.909539539539539255e+06 2.100044558073374290e+01
5.910540540540540591e+06 2.100046304585825396e+01
5.911541541541541927e+06 2.100048115910335156e+01
5.912542542542542331e+06 2.100049994303124379e+01
5.913543543543543667e+06 2.100051942093131174e+01
5.914544544544544071e+06 2.100053961684139026e+01
5.915545545545545407e+06 2.100056055556957446e+01
5.916546546546546742e+06 2.100058226271656991e+01
5.917547547547547147e+06 2.100060476469864668e+01
5.918548548548548482e+06 2.100062808877114406e+01
5.919549549549549818e+06 2.100065226305257227e+01
5.920550550550550222e+06 2.100067731654931791e+01
5.921551551551551558e+06 2.100070327918097846e+01
5.922552552552552894e+06 2.100073018180630413e+01
5.923553553553553298e+06 2.100075805624978997e+01
5.924554554554554634e+06 2.100078693532891450e+01
5.925555555555555969e+06 2.100081685288206046e+01
5.926556556556556374e+06 2.100084784379710001e+01
5.927557557557557710e+06 2.100087994404066905e+01
5.928558558558559045e+06 2.100091319068814144e+01
5.929559559559559450e+06 2.100094762195435294e+01
5.930560560560560785e+06 2.100098327722502134e+01
5.931561561561561190e+06 2.100102019708892698e+01
5.932562562562562525e+06 2.100105842337083928e+01
5.933563563563563861e+06 2.100109799916524622e+01
5.934564564564564265e+06 2.100113896887083698e+01
5.935565565565565601e+06 2.100118137822578745e+01
5.936566566566566937e+06 2.100122527434390562e+01
5.937567567567567341e+06 2.100127070575154420e+01
5.938568568568568677e+06 2.100131772242538375e+01
5.939569569569569081e+06 2.100136637583109334e+01
5.940570570570570417e+06 2.100141671896284024e+01
5.941571571571571752e+06 2.100146880638368430e+01
5.942572572572572157e+06 2.100152269426689955e+01
5.943573573573573492e+06 2.100157844043818756e+01
5.944574574574574828e+06 2.100163610441883932e+01
5.945575575575575233e+06 2.100169574746984935e+01
5.946576576576576568e+06 2.100175743263697115e+01
5.947577577577577904e+06 2.100182122479677105e+01
5.948578578578578308e+06 2.100188719070368748e+01
5.949579579579579644e+06 2.100195539903804942e+01
5.950580580580580980e+06 2.100202592045519978e+01
5.951581581581581384e+06 2.100209882763557800e+01
5.952582582582582720e+06 2.100217419533591112e+01
5.953583583583584055e+06 2.100225210044148128e+01
5.954584584584584460e+06 2.100233262201943063e+01
5.955585585585585795e+06 2.100241584137324224e+01
5.956586586586586200e+06 2.100250184209827609e+01
5.957587587587587535e+06 2.100259071013849166e+01
5.958588588588588871e+06 2.100268253384428974e+01
5.959589589589589275e+06 2.100277740403153715e+01
5.960590590590590611e+06 2.100287541404178882e+01
5.961591591591591947e+06 2.100297665980367512e+01
5.962592592592592351e+06 2.100308123989555398e+01
5.963593593593593687e+06 2.100318925560934247e+01
5.964594594594594091e+06 2.100330081101564872e+01
5.965595595595595427e+06 2.100341601303014372e+01
5.966596596596596763e+06 2.100353497148120852e+01
5.967597597597597167e+06 2.100365779917888531e+01
5.968598598598598503e+06 2.100378461198515367e+01
5.969599599599599838e+06 2.100391552888553193e+01
5.970600600600600243e+06 2.100405067206200016e+01
5.971601601601601578e+06 2.100419016696732655e+01
5.972602602602602914e+06 2.100433414240071173e+01
5.973603603603603318e+06 2.100448273058491111e+01
5.974604604604604654e+06 2.100463606724466459e+01
5.975605605605605990e+06 2.100479429168663970e+01
5.976606606606606394e+06 2.100495754688075678e+01
5.977607607607607730e+06 2.100512597954298499e+01
5.978608608608609065e+06 2.100529974021963042e+01
5.979609609609609470e+06 2.100547898337307018e+01
5.980610610610610805e+06 2.100566386746901060e+01
5.981611611611611210e+06 2.100585455506526245e+01
5.982612612612612545e+06 2.100605121290204735e+01
5.983613613613613881e+06 2.100625401199381415e+01
5.984614614614614286e+06 2.100646312772267876e+01
5.985615615615615621e+06 2.100667873993337409e+01
5.986616616616616957e+06 2.100690103302982337e+01
5.987617617617617361e+06 2.100713019607330523e+01
5.988618618618618697e+06 2.100736642288223877e+01
5.989619619619619101e+06 2.100760991213359219e+01
5.990620620620620437e+06 2.100786086746593284e+01
5.991621621621621773e+06 2.100811949758415054e+01
5.992622622622622177e+06 2.100838601636581515e+01
5.993623623623623513e+06 2.100866064296926439e+01
5.994624624624624848e+06 2.100894360194333998e+01
5.995625625625625253e+06 2.100923512333885768e+01
5.996626626626626588e+06 2.100953544282180019e+01
5.997627627627627924e+06 2.100984480178821912e+01
5.998628628628628328e+06 2.101016344748090248e+01
5.999629629629629664e+06 2.101049163310778667e+01
6.000630630630631000e+06 2.101082961796214477e+01
6.001631631631631404e+06 2.101117766754453697e+01
6.002632632632632740e+06 2.101153605368655874e+01
6.003633633633634076e+06 2.101190505467640435e+01
6.004634634634634480e+06 2.101228495538621033e+01
6.005635635635635816e+06 2.101267604740123573e+01
6.006636636636637151e+06 2.101307862915087554e+01
6.007637637637637556e+06 2.101349300604151438e+01
6.008638638638638891e+06 2.101391949059121345e+01
6.009639639639639296e+06 2.101435840256627685e+01
6.010640640640640631e+06 2.101481006911968663e+01
6.011641641641641967e+06 2.101527482493138521e+01
6.012642642642642371e+06 2.101575301235047277e+01
6.013643643643643707e+06 2.101624498153930176e+01
6.014644644644644111e+06 2.101675109061944013e+01
6.015645645645645447e+06 2.101727170581959570e+01
6.016646646646646783e+06 2.101780720162538785e+01
6.017647647647647187e+06 2.101835796093111597e+01
6.018648648648648523e+06 2.101892437519342494e+01
6.019649649649649858e+06 2.101950684458690688e+01
6.020650650650650263e+06 2.102010577816165693e+01
6.021651651651651599e+06 2.102072159400279716e+01
6.022652652652652934e+06 2.102135471939192968e+01
6.023653653653653339e+06 2.102200559097057919e+01
6.024654654654654674e+06 2.102267465490561094e+01
6.025655655655656010e+06 2.102336236705660255e+01
6.026656656656656414e+06 2.102406919314523037e+01
6.027657657657657750e+06 2.102479560892664168e+01
6.028658658658659086e+06 2.102554210036279869e+01
6.029659659659659490e+06 2.102630916379785830e+01
6.030660660660660826e+06 2.102709730613553418e+01
6.031661661661662161e+06 2.102790704501851593e+01
6.032662662662662566e+06 2.102873890900983866e+01
6.033663663663663901e+06 2.102959343777636292e+01
6.034664664664664306e+06 2.103047118227420853e+01
6.035665665665665641e+06 2.103137270493628819e+01
6.036666666666666977e+06 2.103229857986186246e+01
6.037667667667667381e+06 2.103324939300812702e+01
6.038668668668668717e+06 2.103422574238388876e+01
6.039669669669670053e+06 2.103522823824529908e+01
6.040670670670670457e+06 2.103625750329363697e+01
6.041671671671671793e+06 2.103731417287520600e+01
6.042672672672672197e+06 2.103839889518327055e+01
6.043673673673673533e+06 2.103951233146213795e+01
6.044674674674674869e+06 2.104065515621329396e+01
6.045675675675675273e+06 2.104182805740369488e+01
6.046676676676676609e+06 2.104303173667613436e+01
6.047677677677677944e+06 2.104426690956174895e+01
6.048678678678678349e+06 2.104553430569469441e+01
6.049679679679679684e+06 2.104683466902894295e+01
6.050680680680681020e+06 2.104816875805722276e+01
6.051681681681681424e+06 2.104953734603217441e+01
6.052682682682682760e+06 2.105094122118966027e+01
6.053683683683684096e+06 2.105238118697426231e+01
6.054684684684684500e+06 2.105385806226703238e+01
6.055685685685685836e+06 2.105537268161543452e+01
6.056686686686687171e+06 2.105692589546553251e+01
6.057687687687687576e+06 2.105851857039644770e+01
6.058688688688688911e+06 2.106015158935710474e+01
6.059689689689689316e+06 2.106182585190523326e+01
6.060690690690690652e+06 2.106354227444872507e+01
6.061691691691691987e+06 2.106530179048933249e+01
6.062692692692692392e+06 2.106710535086867608e+01
6.063693693693693727e+06 2.106895392401671430e+01
6.064694694694695063e+06 2.107084849620255795e+01
6.065695695695695467e+06 2.107279007178774677e+01
6.066696696696696803e+06 2.107477967348201275e+01
6.067697697697697207e+06 2.107681834260151277e+01
6.068698698698698543e+06 2.107890713932959770e+01
6.069699699699699879e+06 2.108104714298015026e+01
6.070700700700700283e+06 2.108323945226353757e+01
6.071701701701701619e+06 2.108548518555515727e+01
6.072702702702702954e+06 2.108778548116670848e+01
6.073703703703703359e+06 2.109014149762016643e+01
6.074704704704704694e+06 2.109255441392451047e+01
6.075705705705706030e+06 2.109502542985527285e+01
6.076706706706706434e+06 2.109755576623695106e+01
6.077707707707707770e+06 2.110014666522834048e+01
6.078708708708709106e+06 2.110279939061081578e+01
6.079709709709709510e+06 2.110551522807963565e+01
6.080710710710710846e+06 2.110829548553838819e+01
6.081711711711712182e+06 2.111114149339648094e+01
6.082712712712712586e+06 2.111405460486994912e+01
6.083713713713713922e+06 2.111703619628550044e+01
6.084714714714714326e+06 2.112008766738790655e+01
6.085715715715715662e+06 2.112321044165085482e+01
6.086716716716716997e+06 2.112640596659130310e+01
6.087717717717717402e+06 2.112967571408741918e+01
6.088718718718718737e+06 2.113302118070023639e+01
6.089719719719720073e+06 2.113644388799904306e+01
6.090720720720720477e+06 2.113994538289066583e+01
6.091721721721721813e+06 2.114352723795274258e+01
6.092722722722722217e+06 2.114719105177099578e+01
6.093723723723723553e+06 2.115093844928080458e+01
6.094724724724724889e+06 2.115477108211293356e+01
6.095725725725725293e+06 2.115869062894378771e+01
6.096726726726726629e+06 2.116269879585014380e+01
6.097727727727727965e+06 2.116679731666854636e+01
6.098728728728728369e+06 2.117098795335950712e+01
6.099729729729729705e+06 2.117527249637664966e+01
6.100730730730731040e+06 2.117965276504088834e+01
6.101731731731731445e+06 2.118413060791985814e+01
6.102732732732732780e+06 2.118870790321274455e+01
6.103733733733734116e+06 2.119338655914058833e+01
6.104734734734734520e+06 2.119816851434235616e+01
6.105735735735735856e+06 2.120305573827686274e+01
6.106736736736737192e+06 2.120805023163075376e+01
6.107737737737737596e+06 2.121315402673272743e+01
6.108738738738738932e+06 2.121836918797423621e+01
6.109739739739739336e+06 2.122369781223673613e+01
6.110740740740740672e+06 2.122914202932589589e+01
6.111741741741742007e+06 2.123470400241277645e+01
6.112742742742742412e+06 2.124038592848232909e+01
6.113743743743743747e+06 2.124619003878943602e+01
6.114744744744745083e+06 2.125211859932264957e+01
6.115745745745745488e+06 2.125817391127597134e+01
6.116746746746746823e+06 2.126435831152888767e+01
6.117747747747747228e+06 2.127067417313489628e+01
6.118748748748748563e+06 2.127712390581887902e+01
6.119749749749749899e+06 2.128370995648349506e+01
6.120750750750750303e+06 2.129043480972499935e+01
6.121751751751751639e+06 2.129730098835872099e+01
6.122752752752752975e+06 2.130431105395449265e+01
6.123753753753753379e+06 2.131146760738244339e+01
6.124754754754754715e+06 2.131877328936942462e+01
6.125755755755756050e+06 2.132623078106638914e+01
6.126756756756756455e+06 2.133384280462716731e+01
6.127757757757757790e+06 2.134161212379893513e+01
6.128758758758759126e+06 2.134954154452477937e+01
6.129759759759759530e+06 2.135763391555873270e+01
6.130760760760760866e+06 2.136589212909378332e+01
6.131761761761762202e+06 2.137431912140306167e+01
6.132762762762762606e+06 2.138291787349488615e+01
6.133763763763763942e+06 2.139169141178198075e+01
6.134764764764765278e+06 2.140064280876527292e+01
6.135765765765765682e+06 2.140977518373290067e+01
6.136766766766767018e+06 2.141909170347481250e+01
6.137767767767767422e+06 2.142859558301342915e+01
6.138768768768768758e+06 2.143829008635107058e+01
6.139769769769770093e+06 2.144817852723441121e+01
6.140770770770770498e+06 2.145826426993681224e+01
6.141771771771771833e+06 2.146855073005888670e+01
6.142772772772772238e+06 2.147904137534796476e+01
6.143773773773773573e+06 2.148973972653713105e+01
6.144774774774774909e+06 2.150064935820430989e+01
6.145775775775775313e+06 2.151177389965221565e+01
6.146776776776776649e+06 2.152311703580976143e+01
6.147777777777777985e+06 2.153468250815554796e+01
6.148778778778778389e+06 2.154647411566427451e+01
6.149779779779779725e+06 2.155849571577678958e+01
6.150780780780781060e+06 2.157075122539437828e+01
6.151781781781781465e+06 2.158324462189828452e+01
6.152782782782782800e+06 2.159597994419518940e+01
6.153783783783784136e+06 2.160896129378940245e+01
6.154784784784784541e+06 2.162219283588274976e+01
6.155785785785785876e+06 2.163567880050302961e+01
6.156786786786787212e+06 2.164942348366179559e+01
6.157787787787787616e+06 2.166343124854267188e+01
6.158788788788788952e+06 2.167770652672099274e+01
6.159789789789790288e+06 2.169225381941576813e+01
6.160790790790790692e+06 2.170707769877516213e+01
6.161791791791792028e+06 2.172218280919646816e+01
6.162792792792792432e+06 2.173757386868156516e+01
6.163793793793793768e+06 2.175325567022936823e+01
6.164794794794795103e+06 2.176923308326597706e+01
6.165795795795795508e+06 2.178551105511413510e+01
6.166796796796796843e+06 2.180209461250318981e+01
6.167797797797798179e+06 2.181898886312057328e+01
6.168798798798798583e+06 2.183619899720657997e+01
6.169799799799799919e+06 2.185373028919362071e+01
6.170800800800800323e+06 2.187158809939123572e+01
6.171801801801801659e+06 2.188977787571882772e+01
6.172802802802802995e+06 2.190830515548707425e+01
6.173803803803803399e+06 2.192717556723012962e+01
6.174804804804804735e+06 2.194639483259000556e+01
6.175805805805806071e+06 2.196596876825478262e+01
6.176806806806806475e+06 2.198590328795265236e+01
6.177807807807807811e+06 2.200620440450352433e+01
6.178808808808809146e+06 2.202687823192988148e+01
6.179809809809809551e+06 2.204793098762921488e+01
6.180810810810810886e+06 2.206936899460990631e+01
6.181811811811812222e+06 2.209119868379242746e+01
6.182812812812812626e+06 2.211342659637848485e+01
6.183813813813813962e+06 2.213605938629012471e+01
6.184814814814815298e+06 2.215910382268096157e+01
6.185815815815815702e+06 2.218256679252235841e+01
6.186816816816817038e+06 2.220645530326686767e+01
6.187817817817817442e+06 2.223077648559135255e+01
6.188818818818818778e+06 2.225553759622295757e+01
6.189819819819820113e+06 2.228074602085022349e+01
6.190820820820820518e+06 2.230640927712263988e+01
6.191821821821821854e+06 2.233253501774158778e+01
6.192822822822823189e+06 2.235913103364552157e+01
6.193823823823823594e+06 2.238620525729305655e+01
6.194824824824824929e+06 2.241376576604719872e+01
6.195825825825825334e+06 2.244182078566391425e+01
6.196826826826826669e+06 2.247037869388937636e+01
6.197827827827828005e+06 2.249944802416885636e+01
6.198828828828828409e+06 2.252903746947188779e+01
6.199829829829829745e+06 2.255915588623755852e+01
6.200830830830831081e+06 2.258981229844386718e+01
6.201831831831831485e+06 2.262101590180616029e+01
6.202832832832832821e+06 2.265277606810896316e+01
6.203833833833834156e+06 2.268510234967575201e+01
6.204834834834834561e+06 2.271800448398214556e+01
6.205835835835835896e+06 2.275149239841753612e+01
6.206836836836837232e+06 2.278557621520019794e+01
6.207837837837837636e+06 2.282026625645212548e+01
6.208838838838838972e+06 2.285557304943914403e+01
6.209839839839840308e+06 2.289150733198217580e+01
6.210840840840840712e+06 2.292808005804655735e+01
6.211841841841842048e+06 2.296530240351579266e+01
6.212842842842842452e+06 2.300318577215631777e+01
6.213843843843843788e+06 2.304174180178137377e+01
6.214844844844845124e+06 2.308098237062043978e+01
6.215845845845845528e+06 2.312091960390302248e+01
6.216846846846846864e+06 2.316156588066460387e+01
6.217847847847848199e+06 2.320293384078303589e+01
6.218848848848848604e+06 2.324503639225494922e+01
6.219849849849849939e+06 2.328788671872120375e+01
6.220850850850850344e+06 2.333149828725073860e+01
6.221851851851851679e+06 2.337588485639407310e+01
6.222852852852853015e+06 2.342106048451581302e+01
6.223853853853853419e+06 2.346703953841839052e+01
6.224854854854854755e+06 2.351383670226836031e+01
6.225855855855856091e+06 2.356146698683687646e+01
6.226856856856856495e+06 2.360994573906809890e+01
6.227857857857857831e+06 2.365928865198839404e+01
6.228858858858859167e+06 2.370951177496984386e+01
6.229859859859859571e+06 2.376063152436377024e+01
6.230860860860860907e+06 2.381266469451889378e+01
6.231861861861862242e+06 2.386562846920005754e+01
6.232862862862862647e+06 2.391954043342508029e+01
6.233863863863863982e+06 2.397441858573702334e+01
6.234864864864865318e+06 2.403028135092993978e+01
6.235865865865865722e+06 2.408714759324848487e+01
6.236866866866867058e+06 2.414503663008135703e+01
6.237867867867867462e+06 2.420396824616937081e+01
6.238868868868868798e+06 2.426396270835205016e+01
6.239869869869870134e+06 2.432504078087479371e+01
6.240870870870870538e+06 2.438722374128269976e+01
6.241871871871871874e+06 2.445053339692658056e+01
6.242872872872873209e+06 2.451499210210824131e+01
6.243873873873873614e+06 2.458062277589467826e+01
6.244874874874874949e+06 2.464744892063118087e+01
6.245875875875875354e+06 2.471549464118456285e+01
6.246876876876876689e+06 2.478478466495174715e+01
6.247877877877878025e+06 2.485534436266714309e+01
6.248878878878878430e+06 2.492719977004773568e+01
6.249879879879879765e+06 2.500037761031454764e+01
6.250880880880881101e+06 2.507490531763124864e+01
6.251881881881881505e+06 2.515081106150481816e+01
6.252882882882882841e+06 2.522812377219372237e+01
6.253883883883884177e+06 2.530687316717158808e+01
6.254884884884884581e+06 2.538708977869894667e+01
6.255885885885885917e+06 2.546880498255662673e+01
6.256886886886887252e+06 2.555205102799740402e+01
6.257887887887887657e+06 2.563686106897767658e+01
6.258888888888888992e+06 2.572326919673257706e+01
6.259889889889890328e+06 2.581131047376136678e+01
6.260890890890890732e+06 2.590102096929621212e+01
6.261891891891892068e+06 2.599243779632936224e+01
6.262892892892893404e+06 2.608559915027819898e+01
6.263893893893893808e+06 2.618054434937474539e+01
6.264894894894895144e+06 2.627731387686886677e+01
6.265895895895895548e+06 2.637594942513997509e+01
6.266896896896896884e+06 2.647649394182051097e+01
6.267897897897898220e+06 2.657899167803635265e+01
6.268898898898898624e+06 2.668348823888024413e+01
6.269899899899899960e+06 2.679003063623887826e+01
6.270900900900900364e+06 2.689866734410128046e+01
6.271901901901901700e+06 2.700944835648805409e+01
6.272902902902903035e+06 2.712242524814403311e+01
6.273903903903903440e+06 2.723765123815208611e+01
6.274904904904904775e+06 2.735518125663193700e+01
6.275905905905906111e+06 2.747507201469893801e+01
6.276906906906906515e+06 2.759738207787203734e+01
6.277907907907907851e+06 2.772217194312978705e+01
6.278908908908909187e+06 2.784950411982646301e+01
6.279909909909909591e+06 2.797944321469778828e+01
6.280910910910910927e+06 2.811205602119824221e+01
6.281911911911912262e+06 2.824741161342834772e+01
6.282912912912912667e+06 2.838558144493171653e+01
6.283913913913914002e+06 2.852663945265757306e+01
6.284914914914915338e+06 2.867066216640535004e+01
6.285915915915915743e+06 2.881772882409396885e+01
6.286916916916917078e+06 2.896792149321929344e+01
6.287917917917918414e+06 2.912132519888950100e+01
6.288918918918918818e+06 2.927802805886027926e+01
6.289919919919920154e+06 2.943812142601907311e+01
6.290920920920920558e+06 2.960170003880059042e+01
6.291921921921921894e+06 2.976886218005728679e+01
6.292922922922923230e+06 2.993970984493974896e+01
6.293923923923923634e+06 3.011434891839285299e+01
6.294924924924924970e+06 3.029288936291465717e+01
6.295925925925926305e+06 3.047544541727561906e+01
6.296926926926926710e+06 3.066213580695495722e+01
6.297927927927928045e+06 3.085308396710655643e+01
6.298928928928928450e+06 3.104841827893177353e+01
6.299929929929929785e+06 3.124827232041375780e+01
6.300930930930931121e+06 3.145278513243610519e+01
6.301931931931931525e+06 3.166210150140327784e+01
6.302932932932932861e+06 3.187637225956728670e+01
6.303933933933934197e+06 3.209575460436653316e+01
6.304934934934934601e+06 3.232041243819982412e+01
6.305935935935935937e+06 3.255051673017600677e+01
6.306936936936937273e+06 3.278624590151315488e+01
6.307937937937937677e+06 3.302778623641572864e+01
6.308938938938939013e+06 3.327533232041412248e+01
6.309939939939940348e+06 3.352908750833050533e+01
6.310940940940940753e+06 3.378926442423813370e+01
6.311941941941942088e+06 3.405608549599325841e+01
6.312942942942943424e+06 3.432978352715925041e+01
6.313943943943943828e+06 3.461060230941549776e+01
6.314944944944945164e+06 3.489879727883220539e+01
6.315945945945945568e+06 3.519463621971869571e+01
6.316946946946946904e+06 3.549840002012477669e+01
6.317947947947948240e+06 3.581038348346439193e+01
6.318948948948948644e+06 3.613089620119367140e+01
6.319949949949949980e+06 3.646026349196723970e+01
6.320950950950951315e+06 3.679882741325428697e+01
6.321951951951951720e+06 3.714694785202779315e+01
6.322952952952953056e+06 3.750500370183049625e+01
6.323953953953953460e+06 3.787339413430176904e+01
6.324954954954954796e+06 3.825253997413880569e+01
6.325955955955956131e+06 3.864288518743254741e+01
6.326956956956956536e+06 3.904489849444716043e+01
6.327957957957957871e+06 3.945907511914997201e+01
6.328958958958959207e+06 3.988593868921104502e+01
6.329959959959959611e+06 4.032604330179746199e+01
6.330960960960960947e+06 4.077997577228722292e+01
6.331961961961962283e+06 4.124835808507837953e+01
6.332962962962962687e+06 4.173185006801450925e+01
6.333963963963964023e+06 4.223115231459383523e+01
6.334964964964965358e+06 4.274700938116174598e+01
6.335965965965965763e+06 4.328021328976640092e+01
6.336966966966967098e+06 4.383160737131825613e+01
6.337967967967968434e+06 4.440209048825525429e+01
6.338968968968968838e+06 4.499262168117736849e+01
6.339969969969970174e+06 4.560422528995415092e+01
6.340970970970970578e+06 4.623799660680240464e+01
6.341971971971971914e+06 4.689510812695619535e+01
6.342972972972973250e+06 4.757681647193361840e+01
6.343973973973973654e+06 4.828447007139615010e+01
6.344974974974974990e+06 4.901951770237216977e+01
6.345975975975976326e+06 4.978351799959309432e+01
6.346976976976976730e+06 5.057815006829094528e+01
6.347977977977978066e+06 5.140522535148937067e+01
6.348978978978978470e+06 5.226670092826068270e+01
6.349979979979979806e+06 5.316469444840521419e+01
6.350980980980981141e+06 5.410150094337917892e+01
6.351981981981981546e+06 5.507961179437610610e+01
6.352982982982982881e+06 5.610173618754802050e+01
6.353983983983984217e+06 5.717082544533233346e+01
6.354984984984984621e+06 5.829010069398850646e+01
6.355985985985985957e+06 5.946308441350650043e+01
6.356986986986987293e+06 6.069363652067879400e+01
6.357987987987987697e+06 6.198599576389570132e+01
6.358988988988989033e+06 6.334482736484945775e+01
6.359989989989990368e+06 6.477527803535919304e+01
6.360990990990990773e+06 6.628303973660113968e+01
6.361991991991992109e+06 6.787442384556408115e+01
6.362992992992993444e+06 6.955644776600476575e+01
6.363993993993993849e+06 7.133693649011766524e+01
6.364994994994995184e+06 7.322464221100590009e+01
6.365995995995995589e+06 7.522938584311033594e+01
6.366996996996996924e+06 7.736222527943857585e+01
6.367997997997998260e+06 7.963565647026292993e+01
6.368998998998998664e+06 8.206385504380918405e+01
6.370000000000000000e+06 8.466296833706326197e+01
