5.370000000000000000e+06 1.623000000000000000e+03
5.371001001001001336e+06 1.623000000000000000e+03
5.372002002002001740e+06 1.623000000000000000e+03
5.373003003003003076e+06 1.623000000000000000e+03
5.374004004004004411e+06 1.623000000000000000e+03
5.375005005005004816e+06 1.623000000000000000e+03
5.376006006006006151e+06 1.623000000000000000e+03
5.377007007007006556e+06 1.623000000000000000e+03
5.378008008008007891e+06 1.623000000000000000e+03
5.379009009009009227e+06 1.623000000000000000e+03
5.380010010010009632e+06 1.623000000000000000e+03
5.381011011011010967e+06 1.623000000000000000e+03
5.382012012012012303e+06 1.623000000000000000e+03
5.383013013013012707e+06 1.623000000000000000e+03
5.384014014014014043e+06 1.623000000000000000e+03
5.385015015015015379e+06 1.623000000000000000e+03
5.386016016016015783e+06 1.623000000000000000e+03
5.387017017017017119e+06 1.623000000000000000e+03
5.388018018018018454e+06 1.623000000000000000e+03
5.389019019019018859e+06 1.623000000000000000e+03
5.390020020020020194e+06 1.623000000000000000e+03
5.391021021021020599e+06 1.623000000000000000e+03
5.392022022022021934e+06 1.623000000000000000e+03
5.393023023023023270e+06 1.623000000000000000e+03
5.394024024024023674e+06 1.623000000000000000e+03
5.395025025025025010e+06 1.623000000000000000e+03
5.396026026026026346e+06 1.623000000000000000e+03
5.397027027027026750e+06 1.623000000000000000e+03
5.398028028028028086e+06 1.623000000000000000e+03
5.399029029029029422e+06 1.623000000000000000e+03
5.400030030030029826e+06 1.623000000000000000e+03
5.401031031031031162e+06 1.623000000000000000e+03
5.402032032032031566e+06 1.623000000000000000e+03
5.403033033033032902e+06 1.623000000000000000e+03
5.404034034034034237e+06 1.623000000000000000e+03
5.405035035035034642e+06 1.623000000000000000e+03
5.406036036036035977e+06 1.623000000000000000e+03
5.407037037037037313e+06 1.623000000000000000e+03
5.408038038038037717e+06 1.623000000000000000e+03
5.409039039039039053e+06 1.623000000000000000e+03
5.410040040040040389e+06 1.623000000000000000e+03
5.411041041041040793e+06 1.623000000000000000e+03
5.412042042042042129e+06 1.623000000000000000e+03
5.413043043043043464e+06 1.623000000000000000e+03
5.414044044044043869e+06 1.623000000000000000e+03
5.415045045045045204e+06 1.623000000000000000e+03
5.416046046046045609e+06 1.623000000000000000e+03
5.417047047047046944e+06 1.623000000000000000e+03
5.418048048048048280e+06 1.623000000000000000e+03
5.419049049049048685e+06 1.623000000000000000e+03
5.420050050050050020e+06 1.623000000000000000e+03
5.421051051051051356e+06 1.623000000000000000e+03
5.422052052052051760e+06 1.623000000000000000e+03
5.423053053053053096e+06 1.623000000000000000e+03
5.424054054054054432e+06 1.623000000000000000e+03
5.425055055055054836e+06 1.623000000000000000e+03
5.426056056056056172e+06 1.623000000000000000e+03
5.427057057057057507e+06 1.623000000000000000e+03
5.428058058058057912e+06 1.623000000000000000e+03
5.429059059059059247e+06 1.623000000000000000e+03
5.430060060060059652e+06 1.623000000000000000e+03
5.431061061061060987e+06 1.623000000000000000e+03
5.432062062062062323e+06 1.623000000000000000e+03
5.433063063063062727e+06 1.623000000000000000e+03
5.434064064064064063e+06 1.623000000000000000e+03
5.435065065065065399e+06 1.623000000000000000e+03
5.436066066066065803e+06 1.623000000000000000e+03
5.437067067067067139e+06 1.623000000000000000e+03
5.438068068068068475e+06 1.623000000000000000e+03
5.439069069069068879e+06 1.623000000000000000e+03
5.440070070070070215e+06 1.623000000000000000e+03
5.441071071071070619e+06 1.623000000000000000e+03
5.442072072072071955e+06 1.623000000000000000e+03
5.443073073073073290e+06 1.623000000000000000e+03
5.444074074074073695e+06 1.623000000000000000e+03
5.445075075075075030e+06 1.623000000000000000e+03
5.446076076076076366e+06 1.623000000000000000e+03
5.447077077077076770e+06 1.623000000000000000e+03
5.448078078078078106e+06 1.623000000000000000e+03
5.449079079079079442e+06 1.623000000000000000e+03
5.450080080080079846e+06 1.623000000000000000e+03
5.451081081081081182e+06 1.623000000000000000e+03
5.452082082082082517e+06 1.623000000000000000e+03
5.453083083083082922e+06 1.623000000000000000e+03
5.454084084084084257e+06 1.623000000000000000e+03
5.455085085085084662e+06 1.623000000000000000e+03
5.456086086086085998e+06 1.623000000000000000e+03
5.457087087087087333e+06 1.623000000000000000e+03
5.458088088088087738e+06 1.623000000000000000e+03
5.459089089089089073e+06 1.623000000000000000e+03
5.460090090090090409e+06 1.623000000000000000e+03
5.461091091091090813e+06 1.623000000000000000e+03
5.462092092092092149e+06 1.623000000000000000e+03
5.463093093093093485e+06 1.623000000000000000e+03
5.464094094094093889e+06 1.623000000000000000e+03
5.465095095095095225e+06 1.623000000000000000e+03
5.466096096096096560e+06 1.623000000000000000e+03
5.467097097097096965e+06 1.623000000000000000e+03
5.468098098098098300e+06 1.623000000000000000e+03
5.469099099099098705e+06 1.623000000000000000e+03
5.470100100100100040e+06 1.623000000000000000e+03
5.471101101101101376e+06 1.623000000000000000e+03
5.472102102102101780e+06 1.623000000000000000e+03
5.473103103103103116e+06 1.623000000000000000e+03
5.474104104104104452e+06 1.623000000000000000e+03
5.475105105105104856e+06 1.623000000000000000e+03
5.476106106106106192e+06 1.623000000000000000e+03
5.477107107107107528e+06 1.623000000000000000e+03
5.478108108108107932e+06 1.623000000000000000e+03
5.479109109109109268e+06 1.623000000000000000e+03
5.480110110110109672e+06 1.623000000000000000e+03
5.481111111111111008e+06 1.623000000000000000e+03
5.482112112112112343e+06 1.623000000000000000e+03
5.483113113113112748e+06 1.623000000000000000e+03
5.484114114114114083e+06 1.623000000000000000e+03
5.485115115115115419e+06 1.623000000000000000e+03
5.486116116116115823e+06 1.623000000000000000e+03
5.487117117117117159e+06 1.623000000000000000e+03
5.488118118118118495e+06 1.623000000000000000e+03
5.489119119119118899e+06 1.623000000000000000e+03
5.490120120120120235e+06 1.623000000000000000e+03
5.491121121121121570e+06 1.623000000000000000e+03
5.492122122122121975e+06 1.623000000000000000e+03
5.493123123123123311e+06 1.623000000000000000e+03
5.494124124124123715e+06 1.623000000000000000e+03
5.495125125125125051e+06 1.623000000000000000e+03
5.496126126126126386e+06 1.623000000000000000e+03
5.497127127127126791e+06 1.623000000000000000e+03
5.498128128128128126e+06 1.623000000000000000e+03
5.499129129129129462e+06 1.623000000000000000e+03
5.500130130130129866e+06 1.623000000000000000e+03
5.501131131131131202e+06 1.623000000000000000e+03
5.502132132132132538e+06 1.623000000000000000e+03
5.503133133133132942e+06 1.623000000000000000e+03
5.504134134134134278e+06 1.623000000000000000e+03
5.505135135135134682e+06 1.623000000000000000e+03
5.506136136136136018e+06 1.623000000000000000e+03
5.507137137137137353e+06 1.623000000000000000e+03
5.508138138138137758e+06 1.623000000000000000e+03
5.509139139139139093e+06 1.623000000000000000e+03
5.510140140140140429e+06 1.623000000000000000e+03
5.511141141141140833e+06 1.623000000000000000e+03
5.512142142142142169e+06 1.623000000000000000e+03
5.513143143143143505e+06 1.623000000000000000e+03
5.514144144144143909e+06 1.623000000000000000e+03
5.515145145145145245e+06 1.623000000000000000e+03
5.516146146146146581e+06 1.623000000000000000e+03
5.517147147147146985e+06 1.623000000000000000e+03
5.518148148148148321e+06 1.623000000000000000e+03
5.519149149149148725e+06 1.623000000000000000e+03
5.520150150150150061e+06 1.623000000000000000e+03
5.521151151151151396e+06 1.623000000000000000e+03
5.522152152152151801e+06 1.623000000000000000e+03
5.523153153153153136e+06 1.623000000000000000e+03
5.524154154154154472e+06 1.623000000000000000e+03
5.525155155155154876e+06 1.623000000000000000e+03
5.526156156156156212e+06 1.623000000000000000e+03
5.527157157157157548e+06 1.623000000000000000e+03
5.528158158158157952e+06 1.623000000000000000e+03
5.529159159159159288e+06 1.623000000000000000e+03
5.530160160160159692e+06 1.623000000000000000e+03
5.531161161161161028e+06 1.623000000000000000e+03
5.532162162162162364e+06 1.623000000000000000e+03
5.533163163163162768e+06 1.623000000000000000e+03
5.534164164164164104e+06 1.623000000000000000e+03
5.535165165165165439e+06 1.623000000000000000e+03
5.536166166166165844e+06 1.623000000000000000e+03
5.537167167167167179e+06 1.623000000000000000e+03
5.538168168168168515e+06 1.623000000000000000e+03
5.539169169169168919e+06 1.623000000000000000e+03
5.540170170170170255e+06 1.623000000000000000e+03
5.541171171171171591e+06 1.623000000000000000e+03
5.542172172172171995e+06 1.623000000000000000e+03
5.543173173173173331e+06 1.623000000000000000e+03
5.544174174174173735e+06 1.623000000000000000e+03
5.545175175175175071e+06 1.623000000000000000e+03
5.546176176176176406e+06 1.623000000000000000e+03
5.547177177177176811e+06 1.623000000000000000e+03
5.548178178178178146e+06 1.623000000000000000e+03
5.549179179179179482e+06 1.623000000000000000e+03
5.550180180180179887e+06 1.623000000000000000e+03
5.551181181181181222e+06 1.623000000000000000e+03
5.552182182182182558e+06 1.623000000000000000e+03
5.553183183183182962e+06 1.623000000000000000e+03
5.554184184184184298e+06 1.623000000000000000e+03
5.555185185185184702e+06 1.623000000000000000e+03
5.556186186186186038e+06 1.623000000000000000e+03
5.557187187187187374e+06 1.623000000000000000e+03
5.558188188188187778e+06 1.623000000000000000e+03
5.559189189189189114e+06 1.623000000000000000e+03
5.560190190190190449e+06 1.623000000000000000e+03
5.561191191191190854e+06 1.623000000000000000e+03
5.562192192192192189e+06 1.623000000000000000e+03
5.563193193193193525e+06 1.623000000000000000e+03
5.564194194194193929e+06 1.623000000000000000e+03
5.565195195195195265e+06 1.623000000000000000e+03
5.566196196196196601e+06 1.623000000000000000e+03
5.567197197197197005e+06 1.623000000000000000e+03
5.568198198198198341e+06 1.623000000000000000e+03
5.569199199199199677e+06 1.623000000000000000e+03
5.570200200200200081e+06 1.623000000000000000e+03
5.571201201201201417e+06 1.623000000000000000e+03
5.572202202202201821e+06 1.623000000000000000e+03
5.573203203203203157e+06 1.623000000000000000e+03
5.574204204204204492e+06 1.623000000000000000e+03
5.575205205205204897e+06 1.623000000000000000e+03
5.576206206206206232e+06 1.623000000000000000e+03
5.577207207207207568e+06 1.623000000000000000e+03
5.578208208208207972e+06 1.623000000000000000e+03
5.579209209209209308e+06 1.623000000000000000e+03
5.580210210210210644e+06 1.623000000000000000e+03
5.581211211211211048e+06 1.623000000000000000e+03
5.582212212212212384e+06 1.623000000000000000e+03
5.583213213213212788e+06 1.623000000000000000e+03
5.584214214214214124e+06 1.623000000000000000e+03
5.585215215215215459e+06 1.623000000000000000e+03
5.586216216216215864e+06 1.623000000000000000e+03
5.587217217217217200e+06 1.623000000000000000e+03
5.588218218218218535e+06 1.623000000000000000e+03
5.589219219219218940e+06 1.623000000000000000e+03
5.590220220220220275e+06 1.623000000000000000e+03
5.591221221221221611e+06 1.623000000000000000e+03
5.592222222222222015e+06 1.623000000000000000e+03
5.593223223223223351e+06 1.623000000000000000e+03
5.594224224224224687e+06 1.623000000000000000e+03
5.595225225225225091e+06 1.623000000000000000e+03
5.596226226226226427e+06 1.623000000000000000e+03
5.597227227227226831e+06 1.623000000000000000e+03
5.598228228228228167e+06 1.623000000000000000e+03
5.599229229229229502e+06 1.623000000000000000e+03
5.600230230230229907e+06 1.623000000000000000e+03
5.601231231231231242e+06 1.623000000000000000e+03
5.602232232232232578e+06 1.623000000000000000e+03
5.603233233233232982e+06 1.623000000000000000e+03
5.604234234234234318e+06 1.623000000000000000e+03
5.605235235235235654e+06 1.623000000000000000e+03
5.606236236236236058e+06 1.623000000000000000e+03
5.607237237237237394e+06 1.623000000000000000e+03
5.608238238238237798e+06 1.623000000000000000e+03
5.609239239239239134e+06 1.623000000000000000e+03
5.610240240240240470e+06 1.623000000000000000e+03
5.611241241241240874e+06 1.623000000000000000e+03
5.612242242242242210e+06 1.623000000000000000e+03
5.613243243243243545e+06 1.623000000000000000e+03
5.614244244244243950e+06 1.623000000000000000e+03
5.615245245245245285e+06 1.623000000000000000e+03
5.616246246246246621e+06 1.623000000000000000e+03
5.617247247247247025e+06 1.623000000000000000e+03
5.618248248248248361e+06 1.623000000000000000e+03
5.619249249249249697e+06 1.623000000000000000e+03
5.620250250250250101e+06 1.623000000000000000e+03
5.621251251251251437e+06 1.623000000000000000e+03
5.622252252252251841e+06 1.623000000000000000e+03
5.623253253253253177e+06 1.623000000000000000e+03
5.624254254254254512e+06 1.623000000000000000e+03
5.625255255255254917e+06 1.623000000000000000e+03
5.626256256256256253e+06 1.623000000000000000e+03
5.627257257257257588e+06 1.623000000000000000e+03
5.628258258258257993e+06 1.623000000000000000e+03
5.629259259259259328e+06 1.623000000000000000e+03
5.630260260260260664e+06 1.623000000000000000e+03
5.631261261261261068e+06 1.623000000000000000e+03
5.632262262262262404e+06 1.623000000000000000e+03
5.633263263263262808e+06 1.623000000000000000e+03
5.634264264264264144e+06 1.623000000000000000e+03
5.635265265265265480e+06 1.623000000000000000e+03
5.636266266266265884e+06 1.623000000000000000e+03
5.637267267267267220e+06 1.623000000000000000e+03
5.638268268268268555e+06 1.623000000000000000e+03
5.639269269269268960e+06 1.623000000000000000e+03
5.640270270270270295e+06 1.623000000000000000e+03
5.641271271271271631e+06 1.623000000000000000e+03
5.642272272272272035e+06 1.623000000000000000e+03
5.643273273273273371e+06 1.623000000000000000e+03
5.644274274274274707e+06 1.623000000000000000e+03
5.645275275275275111e+06 1.623000000000000000e+03
5.646276276276276447e+06 1.623000000000000000e+03
5.647277277277276851e+06 1.623000000000000000e+03
5.648278278278278187e+06 1.623000000000000000e+03
5.649279279279279523e+06 1.623000000000000000e+03
5.650280280280279927e+06 1.623000000000000000e+03
5.651281281281281263e+06 1.623000000000000000e+03
5.652282282282282598e+06 1.623000000000000000e+03
5.653283283283283003e+06 1.623000000000000000e+03
5.654284284284284338e+06 1.623000000000000000e+03
5.655285285285285674e+06 1.623000000000000000e+03
5.656286286286286078e+06 1.623000000000000000e+03
5.657287287287287414e+06 1.623000000000000000e+03
5.658288288288287818e+06 1.623000000000000000e+03
5.659289289289289154e+06 1.623000000000000000e+03
5.660290290290290490e+06 1.623000000000000000e+03
5.661291291291290894e+06 1.623000000000000000e+03
5.662292292292292230e+06 1.623000000000000000e+03
5.663293293293293566e+06 1.623000000000000000e+03
5.664294294294293970e+06 1.623000000000000000e+03
5.665295295295295306e+06 1.623000000000000000e+03
5.666296296296296641e+06 1.623000000000000000e+03
5.667297297297297046e+06 1.623000000000000000e+03
5.668298298298298381e+06 1.623000000000000000e+03
5.669299299299299717e+06 1.623000000000000000e+03
5.670300300300300121e+06 1.623000000000000000e+03
5.671301301301301457e+06 1.623000000000000000e+03
5.672302302302302793e+06 1.623000000000000000e+03
5.673303303303303197e+06 1.623000000000000000e+03
5.674304304304304533e+06 1.623000000000000000e+03
5.675305305305304937e+06 1.623000000000000000e+03
5.676306306306306273e+06 1.623000000000000000e+03
5.677307307307307608e+06 1.623000000000000000e+03
5.678308308308308013e+06 1.623000000000000000e+03
5.679309309309309348e+06 1.623000000000000000e+03
5.680310310310310684e+06 1.623000000000000000e+03
5.681311311311311089e+06 1.623000000000000000e+03
5.682312312312312424e+06 1.623000000000000000e+03
5.683313313313312829e+06 1.623000000000000000e+03
5.684314314314314164e+06 1.623000000000000000e+03
5.685315315315315500e+06 1.623000000000000000e+03
5.686316316316315904e+06 1.623000000000000000e+03
5.687317317317317240e+06 1.623000000000000000e+03
5.688318318318318576e+06 1.623000000000000000e+03
5.689319319319318980e+06 1.623000000000000000e+03
5.690320320320320316e+06 1.623000000000000000e+03
5.691321321321321651e+06 1.623000000000000000e+03
5.692322322322322056e+06 1.623000000000000000e+03
5.693323323323323391e+06 1.623000000000000000e+03
5.694324324324324727e+06 1.623000000000000000e+03
5.695325325325325131e+06 1.623000000000000000e+03
5.696326326326326467e+06 1.623000000000000000e+03
5.697327327327327803e+06 1.623000000000000000e+03
5.698328328328328207e+06 1.623000000000000000e+03
5.699329329329329543e+06 1.623000000000000000e+03
5.700330330330329947e+06 1.623000000000000000e+03
5.701331331331331283e+06 1.623000000000000000e+03
5.702332332332332619e+06 1.623000000000000000e+03
5.703333333333333023e+06 1.623000000000000000e+03
5.704334334334334359e+06 1.623000000000000000e+03
5.705335335335335694e+06 1.623000000000000000e+03
5.706336336336336099e+06 1.623000000000000000e+03
5.707337337337337434e+06 1.623000000000000000e+03
5.708338338338337839e+06 1.623000000000000000e+03
5.709339339339339174e+06 1.623000000000000000e+03
5.710340340340340510e+06 1.623000000000000000e+03
5.711341341341340914e+06 1.623000000000000000e+03
5.712342342342342250e+06 1.623000000000000000e+03
5.713343343343343586e+06 1.623000000000000000e+03
5.714344344344343990e+06 1.623000000000000000e+03
5.715345345345345326e+06 1.623000000000000000e+03
5.716346346346346661e+06 1.623000000000000000e+03
5.717347347347347066e+06 1.623000000000000000e+03
5.718348348348348401e+06 1.623000000000000000e+03
5.719349349349349737e+06 1.623000000000000000e+03
5.720350350350350142e+06 1.623000000000000000e+03
5.721351351351351477e+06 1.623000000000000000e+03
5.722352352352352813e+06 1.623000000000000000e+03
5.723353353353353217e+06 1.623000000000000000e+03
5.724354354354354553e+06 1.623000000000000000e+03
5.725355355355354957e+06 1.623000000000000000e+03
5.726356356356356293e+06 1.623000000000000000e+03
5.727357357357357629e+06 1.623000000000000000e+03
5.728358358358358033e+06 1.623000000000000000e+03
5.729359359359359369e+06 1.623000000000000000e+03
5.730360360360360704e+06 1.623000000000000000e+03
5.731361361361361109e+06 1.623000000000000000e+03
5.732362362362362444e+06 1.623000000000000000e+03
5.733363363363363780e+06 1.623000000000000000e+03
5.734364364364364184e+06 1.623000000000000000e+03
5.735365365365365520e+06 1.623000000000000000e+03
5.736366366366365924e+06 1.623000000000000000e+03
5.737367367367367260e+06 1.623000000000000000e+03
5.738368368368368596e+06 1.623000000000000000e+03
5.739369369369369000e+06 1.623000000000000000e+03
5.740370370370370336e+06 1.623000000000000000e+03
5.741371371371371672e+06 1.623000000000000000e+03
5.742372372372372076e+06 1.623000000000000000e+03
5.743373373373373412e+06 1.623000000000000000e+03
5.744374374374374747e+06 1.623000000000000000e+03
5.745375375375375152e+06 1.623000000000000000e+03
5.746376376376376487e+06 1.623000000000000000e+03
5.747377377377377823e+06 1.623000000000000000e+03
5.748378378378378227e+06 1.623000000000000000e+03
5.749379379379379563e+06 1.623000000000000000e+03
5.750380380380379967e+06 1.623000000000000000e+03
5.751381381381381303e+06 1.623000000000000000e+03
5.752382382382382639e+06 1.623000000000000000e+03
5.753383383383383043e+06 1.623000000000000000e+03
5.754384384384384379e+06 1.623000000000000000e+03
5.755385385385385714e+06 1.623000000000000000e+03
5.756386386386386119e+06 1.623000000000000000e+03
5.757387387387387455e+06 1.623000000000000000e+03
5.758388388388388790e+06 1.623000000000000000e+03
5.759389389389389195e+06 1.623000000000000000e+03
5.760390390390390530e+06 1.623000000000000000e+03
5.761391391391390935e+06 1.623000000000000000e+03
5.762392392392392270e+06 1.623000000000000000e+03
5.763393393393393606e+06 1.623000000000000000e+03
5.764394394394394010e+06 1.623000000000000000e+03
5.765395395395395346e+06 1.623000000000000000e+03
5.766396396396396682e+06 1.623000000000000000e+03
5.767397397397397086e+06 1.623000000000000000e+03
5.768398398398398422e+06 1.623000000000000000e+03
5.769399399399399757e+06 1.623000000000000000e+03
5.770400400400400162e+06 1.623000000000000000e+03
5.771401401401401497e+06 1.623000000000000000e+03
5.772402402402402833e+06 1.623000000000000000e+03
5.773403403403403237e+06 1.623000000000000000e+03
5.774404404404404573e+06 1.623000000000000000e+03
5.775405405405404978e+06 1.622999999999999773e+03
5.776406406406406313e+06 1.622999999999999773e+03
5.777407407407407649e+06 1.622999999999999773e+03
5.778408408408408053e+06 1.622999999999999773e+03
5.779409409409409389e+06 1.622999999999999773e+03
5.780410410410410725e+06 1.622999999999999773e+03
5.781411411411411129e+06 1.622999999999999773e+03
5.782412412412412465e+06 1.622999999999999773e+03
5.783413413413413800e+06 1.622999999999999773e+03
5.784414414414414205e+06 1.622999999999999773e+03
5.785415415415415540e+06 1.622999999999999773e+03
5.786416416416415945e+06 1.622999999999999773e+03
5.787417417417417280e+06 1.622999999999999773e+03
5.788418418418418616e+06 1.622999999999999773e+03
5.789419419419419020e+06 1.622999999999999545e+03
5.790420420420420356e+06 1.622999999999999545e+03
5.791421421421421692e+06 1.622999999999999545e+03
5.792422422422422096e+06 1.622999999999999318e+03
5.793423423423423432e+06 1.622999999999999318e+03
5.794424424424424767e+06 1.622999999999999318e+03
5.795425425425425172e+06 1.622999999999999091e+03
5.796426426426426508e+06 1.622999999999999091e+03
5.797427427427427843e+06 1.622999999999998863e+03
5.798428428428428248e+06 1.622999999999998863e+03
5.799429429429429583e+06 1.622999999999998636e+03
5.800430430430430919e+06 1.622999999999998408e+03
5.801431431431431323e+06 1.622999999999998408e+03
5.802432432432432659e+06 1.622999999999998181e+03
5.803433433433433063e+06 1.622999999999997954e+03
5.804434434434434399e+06 1.622999999999997499e+03
5.805435435435435735e+06 1.622999999999997499e+03
5.806436436436436139e+06 1.622999999999997044e+03
5.807437437437437475e+06 1.622999999999996589e+03
5.808438438438438810e+06 1.622999999999996362e+03
5.809439439439439215e+06 1.622999999999995907e+03
5.810440440440440550e+06 1.622999999999995453e+03
5.811441441441440955e+06 1.622999999999994998e+03
5.812442442442442290e+06 1.622999999999994088e+03
5.813443443443443626e+06 1.622999999999993634e+03
5.814444444444444031e+06 1.622999999999992724e+03
5.815445445445445366e+06 1.622999999999991815e+03
5.816446446446446702e+06 1.622999999999990905e+03
5.817447447447447106e+06 1.622999999999989996e+03
5.818448448448448442e+06 1.622999999999988859e+03
5.819449449449449778e+06 1.622999999999987494e+03
5.820450450450450182e+06 1.622999999999985903e+03
5.821451451451451518e+06 1.622999999999984311e+03
5.822452452452452853e+06 1.622999999999982492e+03
5.823453453453453258e+06 1.622999999999980446e+03
5.824454454454454593e+06 1.622999999999978172e+03
5.825455455455455929e+06 1.622999999999975671e+03
5.826456456456456333e+06 1.622999999999972715e+03
5.827457457457457669e+06 1.622999999999969532e+03
5.828458458458458073e+06 1.622999999999966121e+03
5.829459459459459409e+06 1.622999999999962029e+03
5.830460460460460745e+06 1.622999999999957708e+03
5.831461461461461149e+06 1.622999999999952934e+03
5.832462462462462485e+06 1.622999999999947477e+03
5.833463463463463821e+06 1.622999999999941565e+03
5.834464464464464225e+06 1.622999999999934971e+03
5.835465465465465561e+06 1.622999999999927468e+03
5.836466466466465965e+06 1.622999999999919282e+03
5.837467467467467301e+06 1.622999999999909960e+03
5.838468468468468636e+06 1.622999999999899956e+03
5.839469469469469041e+06 1.622999999999888587e+03
5.840470470470470376e+06 1.622999999999875854e+03
5.841471471471471712e+06 1.622999999999861984e+03
5.842472472472472116e+06 1.622999999999846523e+03
5.843473473473473452e+06 1.622999999999829242e+03
5.844474474474474788e+06 1.622999999999810143e+03
5.845475475475475192e+06 1.622999999999788997e+03
5.846476476476476528e+06 1.622999999999765350e+03
5.847477477477477863e+06 1.622999999999739430e+03
5.848478478478478268e+06 1.622999999999710326e+03
5.849479479479479603e+06 1.622999999999678266e+03
5.850480480480480939e+06 1.622999999999642796e+03
5.851481481481481344e+06 1.622999999999603006e+03
5.852482482482482679e+06 1.622999999999559350e+03
5.853483483483483084e+06 1.622999999999510919e+03
5.854484484484484419e+06 1.622999999999457259e+03
5.855485485485485755e+06 1.622999999999397687e+03
5.856486486486486159e+06 1.622999999999331976e+03
5.857487487487487495e+06 1.622999999999258989e+03
5.858488488488488831e+06 1.622999999999178272e+03
5.859489489489489235e+06 1.622999999999088914e+03
5.860490490490490571e+06 1.622999999998990006e+03
5.861491491491491906e+06 1.622999999998880639e+03
5.862492492492492311e+06 1.622999999998759677e+03
5.863493493493493646e+06 1.622999999998625981e+03
5.864494494494494051e+06 1.622999999998478188e+03
5.865495495495495386e+06 1.622999999998314706e+03
5.866496496496496722e+06 1.622999999998134172e+03
5.867497497497497126e+06 1.622999999997934538e+03
5.868498498498498462e+06 1.622999999997713985e+03
5.869499499499499798e+06 1.622999999997470240e+03
5.870500500500500202e+06 1.622999999997201257e+03
5.871501501501501538e+06 1.622999999996904307e+03
5.872502502502502874e+06 1.622999999996576662e+03
5.873503503503503278e+06 1.622999999996214683e+03
5.874504504504504614e+06 1.622999999995815415e+03
5.875505505505505949e+06 1.622999999995374992e+03
5.876506506506506354e+06 1.622999999994889322e+03
5.877507507507507689e+06 1.622999999994353402e+03
5.878508508508508094e+06 1.622999999993762685e+03
5.879509509509509429e+06 1.622999999993111487e+03
5.880510510510510765e+06 1.622999999992393896e+03
5.881511511511511169e+06 1.622999999991603090e+03
5.882512512512512505e+06 1.622999999990731794e+03
5.883513513513513841e+06 1.622999999989772277e+03
5.884514514514514245e+06 1.622999999988715444e+03
5.885515515515515581e+06 1.622999999987552201e+03
5.886516516516516916e+06 1.622999999986271177e+03
5.887517517517517321e+06 1.622999999984861688e+03
5.888518518518518656e+06 1.622999999983310545e+03
5.889519519519519061e+06 1.622999999981604105e+03
5.890520520520520397e+06 1.622999999979727136e+03
5.891521521521521732e+06 1.622999999977662810e+03
5.892522522522522137e+06 1.622999999975393166e+03
5.893523523523523472e+06 1.622999999972898195e+03
5.894524524524524808e+06 1.622999999970156068e+03
5.895525525525525212e+06 1.622999999967143140e+03
5.896526526526526548e+06 1.622999999963832806e+03
5.897527527527527884e+06 1.622999999960196646e+03
5.898528528528528288e+06 1.622999999956203510e+03
5.899529529529529624e+06 1.622999999951819291e+03
5.900530530530530959e+06 1.622999999947006245e+03
5.901531531531531364e+06 1.622999999941723900e+03
5.902532532532532699e+06 1.622999999935927463e+03
5.903533533533534035e+06 1.622999999929568276e+03
5.904534534534534439e+06 1.622999999922592679e+03
5.905535535535535775e+06 1.622999999914942919e+03
5.906536536536536179e+06 1.622999999906555558e+03
5.907537537537537515e+06 1.622999999897360567e+03
5.908538538538538851e+06 1.622999999887283138e+03
5.909539539539539255e+06 1.622999999876240054e+03
5.910540540540540591e+06 1.622999999864141728e+03
5.911541541541541927e+06 1.622999999850889481e+03
5.912542542542542331e+06 1.622999999836376446e+03
5.913543543543543667e+06 1.622999999820485527e+03
5.914544544544544071e+06 1.622999999803089850e+03
5.915545545545545407e+06 1.622999999784050033e+03
5.916546546546546742e+06 1.622999999763215556e+03
5.917547547547547147e+06 1.622999999740421117e+03
5.918548548548548482e+06 1.622999999715487775e+03
5.919549549549549818e+06 1.622999999688219759e+03
5.920550550550550222e+06 1.622999999658405159e+03
5.921551551551551558e+06 1.622999999625811824e+03
5.922552552552552894e+06 1.622999999590188054e+03
5.923553553553553298e+06 1.622999999551260089e+03
5.924554554554554634e+06 1.622999999508729616e+03
5.925555555555555969e+06 1.622999999462272399e+03
5.926556556556556374e+06 1.622999999411536464e+03
5.927557557557557710e+06 1.622999999356138233e+03
5.928558558558559045e+06 1.622999999295661155e+03
5.929559559559559450e+06 1.622999999229653440e+03
5.930560560560560785e+06 1.622999999157622824e+03
5.931561561561561190e+06 1.622999999079035888e+03
5.932562562562562525e+06 1.622999998993312602e+03
5.933563563563563861e+06 1.622999998899823368e+03
5.934564564564564265e+06 1.622999998797885155e+03
5.935565565565565601e+06 1.622999998686756499e+03
5.936566566566566937e+06 1.622999998565632495e+03
5.937567567567567341e+06 1.622999998433640712e+03
5.938568568568568677e+06 1.622999998289834139e+03
5.939569569569569081e+06 1.622999998133186637e+03
5.940570570570570417e+06 1.622999997962585439e+03
5.941571571571571752e+06 1.622999997776824557e+03
5.942572572572572157e+06 1.622999997574596364e+03
5.943573573573573492e+06 1.622999997354485913e+03
5.944574574574574828e+06 1.622999997114958433e+03
5.945575575575575233e+06 1.622999996854353185e+03
5.946576576576576568e+06 1.622999996570871645e+03
5.947577577577577904e+06 1.622999996262567038e+03
5.948578578578578308e+06 1.622999995927331838e+03
5.949579579579579644e+06 1.622999995562886397e+03
5.950580580580580980e+06 1.622999995166764165e+03
5.951581581581581384e+06 1.622999994736296685e+03
5.952582582582582720e+06 1.622999994268599721e+03
5.953583583583584055e+06 1.622999993760553480e+03
5.954584584584584460e+06 1.622999993208787146e+03
5.955585585585585795e+06 1.622999992609657056e+03
5.956586586586586200e+06 1.622999991959226236e+03
5.957587587587587535e+06 1.622999991253242570e+03
5.958588588588588871e+06 1.622999990487113337e+03
5.959589589589589275e+06 1.622999989655879062e+03
5.960590590590590611e+06 1.622999988754186461e+03
5.961591591591591947e+06 1.622999987776257512e+03
5.962592592592592351e+06 1.622999986715856721e+03
5.963593593593593687e+06 1.622999985566257237e+03
5.964594594594594091e+06 1.622999984320202884e+03
5.965595595595595427e+06 1.622999982969869279e+03
5.966596596596596763e+06 1.622999981506819495e+03
5.967597597597597167e+06 1.622999979921959721e+03
5.968598598598598503e+06 1.622999978205488560e+03
5.969599599599599838e+06 1.622999976346845870e+03
5.970600600600600243e+06 1.622999974334655008e+03
5.971601601601601578e+06 1.622999972156663262e+03
5.972602602602602914e+06 1.622999969799676592e+03
5.973603603603603318e+06 1.622999967249490737e+03
5.974604604604604654e+06 1.622999964490817092e+03
5.975605605605605990e+06 1.622999961507203125e+03
5.976606606606606394e+06 1.622999958280947340e+03
5.977607607607607730e+06 1.622999954793009238e+03
5.978608608608609065e+06 1.622999951022911773e+03
5.979609609609609470e+06 1.622999946948638581e+03
5.980610610610610805e+06 1.622999942546521652e+03
5.981611611611611210e+06 1.622999937791124239e+03
5.982612612612612545e+06 1.622999932655114435e+03
5.983613613613613881e+06 1.622999927109129203e+03
5.984614614614614286e+06 1.622999921121630678e+03
5.985615615615615621e+06 1.622999914658753596e+03
5.986616616616616957e+06 1.622999907684138861e+03
5.987617617617617361e+06 1.622999900158760283e+03
5.988618618618618697e+06 1.622999892040736768e+03
5.989619619619619101e+06 1.622999883285133592e+03
5.990620620620620437e+06 1.622999873843749356e+03
5.991621621621621773e+06 1.622999863664891336e+03
5.992622622622622177e+06 1.622999852693131743e+03
5.993623623623623513e+06 1.622999840869053060e+03
5.994624624624624848e+06 1.622999828128972695e+03
5.995625625625625253e+06 1.622999814404652398e+03
5.996626626626626588e+06 1.622999799622988576e+03
5.997627627627627924e+06 1.622999783705680329e+03
5.998628628628628328e+06 1.622999766568879750e+03
5.999629629629629664e+06 1.622999748122816754e+03
6.000630630630631000e+06 1.622999728271403228e+03
6.001631631631631404e+06 1.622999706911808289e+03
6.002632632632632740e+06 1.622999683934011045e+03
6.003633633633634076e+06 1.622999659220320837e+03
6.004634634634634480e+06 1.622999632644870871e+03
6.005635635635635816e+06 1.622999604073080263e+03
6.006636636636637151e+06 1.622999573361079229e+03
6.007637637637637556e+06 1.622999540355102454e+03
6.008638638638638891e+06 1.622999504890844719e+03
6.009639639639639296e+06 1.622999466792774228e+03
6.010640640640640631e+06 1.622999425873407517e+03
6.011641641641641967e+06 1.622999381932538427e+03
6.012642642642642371e+06 1.622999334756420467e+03
6.013643643643643707e+06 1.622999284116901435e+03
6.014644644644644111e+06 1.622999229770503462e+03
6.015645645645645447e+06 1.622999171457451894e+03
6.016646646646646783e+06 1.622999108900641886e+03
6.017647647647647187e+06 1.622999041804548369e+03
6.018648648648648523e+06 1.622998969854068946e+03
6.019649649649649858e+06 1.622998892713299483e+03
6.020650650650650263e+06 1.622998810024238765e+03
6.021651651651651599e+06 1.622998721405418109e+03
6.022652652652652934e+06 1.622998626450450047e+03
6.023653653653653339e+06 1.622998524726495816e+03
6.024654654654654674e+06 1.622998415772642829e+03
6.025655655655656010e+06 1.622998299098191183e+03
6.026656656656656414e+06 1.622998174180841488e+03
6.027657657657657750e+06 1.622998040464781752e+03
6.028658658658659086e+06 1.622997897358665114e+03
6.029659659659659490e+06 1.622997744233475032e+03
6.030660660660660826e+06 1.622997580420272470e+03
6.031661661661662161e+06 1.622997405207816428e+03
6.032662662662662566e+06 1.622997217840053281e+03
6.033663663663663901e+06 1.622997017513470610e+03
6.034664664664664306e+06 1.622996803374302772e+03
6.035665665665665641e+06 1.622996574515588009e+03
6.036666666666666977e+06 1.622996329974062746e+03
6.037667667667667381e+06 1.622996068726892418e+03
6.038668668668668717e+06 1.622995789688224704e+03
6.039669669669670053e+06 1.622995491705557924e+03
6.040670670670670457e+06 1.622995173555921610e+03
6.041671671671671793e+06 1.622994833941849492e+03
6.042672672672672197e+06 1.622994471487145802e+03
6.043673673673673533e+06 1.622994084732428519e+03
6.044674674674674869e+06 1.622993672130440245e+03
6.045675675675675273e+06 1.622993232041120109e+03
6.046676676676676609e+06 1.622992762726417368e+03
6.047677677677677944e+06 1.622992262344845358e+03
6.048678678678678349e+06 1.622991728945754403e+03
6.049679679679679684e+06 1.622991160463317101e+03
6.050680680680681020e+06 1.622990554710210290e+03
6.051681681681681424e+06 1.622989909370983241e+03
6.052682682682682760e+06 1.622989221995090929e+03
6.053683683683684096e+06 1.622988489989589880e+03
6.054684684684684500e+06 1.622987710611468401e+03
6.055685685685685836e+06 1.622986880959605969e+03
6.056686686686687171e+06 1.622985997966339710e+03
6.057687687687687576e+06 1.622985058388624793e+03
6.058688688688688911e+06 1.622984058798768046e+03
6.059689689689689316e+06 1.622982995574721826e+03
6.060690690690690652e+06 1.622981864889913822e+03
6.061691691691691987e+06 1.622980662702600966e+03
6.062692692692692392e+06 1.622979384744719027e+03
6.063693693693693727e+06 1.622978026510217205e+03
6.064694694694695063e+06 1.622976583242849529e+03
6.065695695695695467e+06 1.622975049923403958e+03
6.066696696696696803e+06 1.622973421256349411e+03
6.067697697697697207e+06 1.622971691655873201e+03
6.068698698698698543e+06 1.622969855231289557e+03
6.069699699699699879e+06 1.622967905771792630e+03
6.070700700700700283e+06 1.622965836730529418e+03
6.071701701701701619e+06 1.622963641207968067e+03
6.072702702702702954e+06 1.622961311934533569e+03
6.073703703703703359e+06 1.622958841252485627e+03
6.074704704704704694e+06 1.622956221097008438e+03
6.075705705705706030e+06 1.622953442976486940e+03
6.076706706706706434e+06 1.622950497951938132e+03
6.077707707707707770e+06 1.622947376615567237e+03
6.078708708708709106e+06 1.622944069068420731e+03
6.079709709709709510e+06 1.622940564897100103e+03
6.080710710710710846e+06 1.622936853149510625e+03
6.081711711711712182e+06 1.622932922309605146e+03
6.082712712712712586e+06 1.622928760271094461e+03
6.083713713713713922e+06 1.622924354310087210e+03
6.084714714714714326e+06 1.622919691056627471e+03
6.085715715715715662e+06 1.622914756465087748e+03
6.086716716716716997e+06 1.622909535783389174e+03
6.087717717717717402e+06 1.622904013521004572e+03
6.088718718718718737e+06 1.622898173415711881e+03
6.089719719719720073e+06 1.622891998399055183e+03
6.090720720720720477e+06 1.622885470560477643e+03
6.091721721721721813e+06 1.622878571110083385e+03
6.092722722722722217e+06 1.622871280339991245e+03
6.093723723723723553e+06 1.622863577584236737e+03
6.094724724724724889e+06 1.622855441177181092e+03
6.095725725725725293e+06 1.622846848410387793e+03
6.096726726726726629e+06 1.622837775487919998e+03
6.097727727727727965e+06 1.622828197480019981e+03
6.098728728728728369e+06 1.622818088275122818e+03
6.099729729729729705e+06 1.622807420530165018e+03
6.100730730730731040e+06 1.622796165619140993e+03
6.101731731731731445e+06 1.622784293579861242e+03
6.102732732732732780e+06 1.622771773058874487e+03
6.103733733733734116e+06 1.622758571254498975e+03
6.104734734734734520e+06 1.622744653857926323e+03
6.105735735735735856e+06 1.622729984992346999e+03
6.106736736736737192e+06 1.622714527150056711e+03
6.107737737737737596e+06 1.622698241127493020e+03
6.108738738738738932e+06 1.622681085958162384e+03
6.109739739739739336e+06 1.622663018843409191e+03
6.110740740740740672e+06 1.622643995080983132e+03
6.111741741741742007e+06 1.622623967991359677e+03
6.112742742742742412e+06 1.622602888841771119e+03
6.113743743743743747e+06 1.622580706767901802e+03
6.114744744744745083e+06 1.622557368693207536e+03
6.115745745745745488e+06 1.622532819245814153e+03
6.116746746746746823e+06 1.622507000672954518e+03
6.117747747747747228e+06 1.622479852752902616e+03
6.118748748748748563e+06 1.622451312704366956e+03
6.119749749749749899e+06 1.622421315093298062e+03
6.120750750750750303e+06 1.622389791737081850e+03
6.121751751751751639e+06 1.622356671606072041e+03
6.122752752752752975e+06 1.622321880722435026e+03
6.123753753753753379e+06 1.622285342056267609e+03
6.124754754754754715e+06 1.622246975418958073e+03
6.125755755755756050e+06 1.622206697353759637e+03
6.126756756756756455e+06 1.622164421023549949e+03
6.127757757757757790e+06 1.622120056095744758e+03
6.128758758758759126e+06 1.622073508624347824e+03
6.129759759759759530e+06 1.622024680929109991e+03
6.130760760760760866e+06 1.621973471471781750e+03
6.131761761761762202e+06 1.621919774729440633e+03
6.132762762762762606e+06 1.621863481064875032e+03
6.133763763763763942e+06 1.621804476594023299e+03
6.134764764764765278e+06 1.621742643050448123e+03
6.135765765765765682e+06 1.621677857646849816e+03
6.136766766766767018e+06 1.621609992933611466e+03
6.137767767767767422e+06 1.621538916654380046e+03
6.138768768768768758e+06 1.621464491598689392e+03
6.139769769769770093e+06 1.621386575451632552e+03
6.140770770770770498e+06 1.621305020640598286e+03
6.141771771771771833e+06 1.621219674179086724e+03
6.142772772772772238e+06 1.621130377507633284e+03
6.143773773773773573e+06 1.621036966331855183e+03
6.144774774774774909e+06 1.620939270457665316e+03
6.145775775775775313e+06 1.620837113623678988e+03
6.146776776776776649e+06 1.620730313330860099e+03
6.147777777777777985e+06 1.620618680669452488e+03
6.148778778778778389e+06 1.620502020143246455e+03
6.149779779779779725e+06 1.620380129491240950e+03
6.150780780780781060e+06 1.620252799506761221e+03
6.151781781781781465e+06 1.620119813854104450e+03
6.152782782782782800e+06 1.619980948882785697e+03
6.153783783783784136e+06 1.619835973439468262e+03
6.154784784784784541e+06 1.619684648677664882e+03
6.155785785785785876e+06 1.619526727865304792e+03
6.156786786786787212e+06 1.619361956190267847e+03
6.157787787787787616e+06 1.619190070563995505e+03
6.158788788788788952e+06 1.619010799423291473e+03
6.159789789789790288e+06 1.618823862530436145e+03
6.160790790790790692e+06 1.618628970771744889e+03
6.161791791791792028e+06 1.618425825954707079e+03
6.162792792792792432e+06 1.618214120603851143e+03
6.163793793793793768e+06 1.617993537755486841e+03
6.164794794794795103e+06 1.617763750751488033e+03
6.165795795795795508e+06 1.617524423032283039e+03
6.166796796796796843e+06 1.617275207929227236e+03
6.167797797797798179e+06 1.617015748456545225e+03
6.168798798798798583e+06 1.616745677103035632e+03
6.169799799799799919e+06 1.616464615623735654e+03
6.170800800800800323e+06 1.616172174831758866e+03
6.171801801801801659e+06 1.615867954390522073e+03
6.172802802802802995e+06 1.615551542606588328e+03
6.173803803803803399e+06 1.615222516223358753e+03
6.174804804804804735e+06 1.614880440215857107e+03
6.175805805805806071e+06 1.614524867586860182e+03
6.176806806806806475e+06 1.614155339164630732e+03
6.177807807807807811e+06 1.613771383402520314e+03
6.178808808808809146e+06 1.613372516180726279e+03
6.179809809809809551e+06 1.612958240610474604e+03
6.180810810810810886e+06 1.612528046840931438e+03
6.181811811811812222e+06 1.612081411869143722e+03
6.182812812812812626e+06 1.611617799353309010e+03
6.183813813813813962e+06 1.611136659429700103e+03
6.184814814814815298e+06 1.610637428533567572e+03
6.185815815815815702e+06 1.610119529224346024e+03
6.186816816816817038e+06 1.609582370015507649e+03
6.187817817817817442e+06 1.609025345209412080e+03
6.188818818818818778e+06 1.608447834737496123e+03
6.189819819819820113e+06 1.607849204006176251e+03
6.190820820820820518e+06 1.607228803748816063e+03
6.191821821821821854e+06 1.606585969884139104e+03
6.192822822822823189e+06 1.605920023381468582e+03
6.193823823823823594e+06 1.605230270133165732e+03
6.194824824824824929e+06 1.604516000834662918e+03
6.195825825825825334e+06 1.603776490872490058e+03
6.196826826826826669e+06 1.603011000220675442e+03
6.197827827827828005e+06 1.602218773345944555e+03
6.198828828828828409e+06 1.601399039122103432e+03
6.199829829829829745e+06 1.600551010754020126e+03
6.200830830830831081e+06 1.599673885711628600e+03
6.201831831831831485e+06 1.598766845674345177e+03
6.202832832832832821e+06 1.597829056486328000e+03
6.203833833833834156e+06 1.596859668122996254e+03
6.204834834834834561e+06 1.595857814669215713e+03
6.205835835835835896e+06 1.594822614309570099e+03
6.206836836836837232e+06 1.593753169331145955e+03
6.207837837837837636e+06 1.592648566139227114e+03
6.208838838838838972e+06 1.591507875286320314e+03
6.209839839839840308e+06 1.590330151514930549e+03
6.210840840840840712e+06 1.589114433814479071e+03
6.211841841841842048e+06 1.587859745492769207e+03
6.212842842842842452e+06 1.586565094262418143e+03
6.213843843843843788e+06 1.585229472342613008e+03
6.214844844844845124e+06 1.583851856576619866e+03
6.215845845845845528e+06 1.582431208565392581e+03
6.216846846846846864e+06 1.580966474817668541e+03
6.217847847847848199e+06 1.579456586916929382e+03
6.218848848848848604e+06 1.577900461705557746e+03
6.219849849849849939e+06 1.576297001486550471e+03
6.220850850850850344e+06 1.574645094243137464e+03
6.221851851851851679e+06 1.572943613876594327e+03
6.222852852852853015e+06 1.571191420462609585e+03
6.223853853853853419e+06 1.569387360526463453e+03
6.224854854854854755e+06 1.567530267337321447e+03
6.225855855855856091e+06 1.565618961221931386e+03
6.226856856856856495e+06 1.563652249897947968e+03
6.227857857857857831e+06 1.561628928827137088e+03
6.228858858858859167e+06 1.559547781588704311e+03
6.229859859859859571e+06 1.557407580272918722e+03
6.230860860860860907e+06 1.555207085895229056e+03
6.231861861861862242e+06 1.552945048831066742e+03
6.232862862862862647e+06 1.550620209271437261e+03
6.233863863863863982e+06 1.548231297699452170e+03
6.234864864864865318e+06 1.545777035387916385e+03
6.235865865865865722e+06 1.543256134918023690e+03
6.236866866866867058e+06 1.540667300719227114e+03
6.237867867867867462e+06 1.538009229630351228e+03
6.238868868868868798e+06 1.535280611481892720e+03
6.239869869869870134e+06 1.532480129699564714e+03
6.240870870870870538e+06 1.529606461928986619e+03
6.241871871871871874e+06 1.526658280681469705e+03
6.242872872872873209e+06 1.523634254000832243e+03
6.243873873873873614e+06 1.520533046151070039e+03
6.244874874874874949e+06 1.517353318324754810e+03
6.245875875875875354e+06 1.514093729372008511e+03
6.246876876876876689e+06 1.510752936549774176e+03
6.247877877877878025e+06 1.507329596291225698e+03
6.248878878878878430e+06 1.503822364994978670e+03
6.249879879879879765e+06 1.500229899833826948e+03
6.250880880880881101e+06 1.496550859582701605e+03
6.251881881881881505e+06 1.492783905465437329e+03
6.252882882882882841e+06 1.488927702019973367e+03
6.253883883883884177e+06 1.484980917981597486e+03
6.254884884884884581e+06 1.480942227183715886e+03
6.255885885885885917e+06 1.476810309475683425e+03
6.256886886886887252e+06 1.472583851657209152e+03
6.257887887887887657e+06 1.468261548428718925e+03
6.258888888888888992e+06 1.463842103357114866e+03
6.259889889889890328e+06 1.459324229856357761e+03
6.260890890890890732e+06 1.454706652182145490e+03
6.261891891891892068e+06 1.449988106440040610e+03
6.262892892892893404e+06 1.445167341606378159e+03
6.263893893893893808e+06 1.440243120561129899e+03
6.264894894894895144e+06 1.435214221131984459e+03
6.265895895895895548e+06 1.430079437148891884e+03
6.266896896896896884e+06 1.424837579508117869e+03
6.267897897897898220e+06 1.419487477245083937e+03
6.268898898898898624e+06 1.414027978614985386e+03
6.269899899899899960e+06 1.408457952180310031e+03
6.270900900900900364e+06 1.402776287904361880e+03
6.271901901901901700e+06 1.396981898249688584e+03
6.272902902902903035e+06 1.391073719280567502e+03
6.273903903903903440e+06 1.385050711768390556e+03
6.274904904904904775e+06 1.378911862298958113e+03
6.275905905905906111e+06 1.372656184380652348e+03
6.276906906906906515e+06 1.366282719552301842e+03
6.277907907907907851e+06 1.359790538489671235e+03
6.278908908908909187e+06 1.353178742109492077e+03
6.279909909909909591e+06 1.346446462669783841e+03
6.280910910910910927e+06 1.339592864865336651e+03
6.281911911911912262e+06 1.332617146917240007e+03
6.282912912912912667e+06 1.325518541655136460e+03
6.283913913913914002e+06 1.318296317591047682e+03
6.284914914914915338e+06 1.310949779983604913e+03
6.285915915915915743e+06 1.303478271891337727e+03
6.286916916916917078e+06 1.295881175213829465e+03
6.287917917917918414e+06 1.288157911719559252e+03
6.288918918918918818e+06 1.280307944059049532e+03
6.289919919919920154e+06 1.272330776762121332e+03
6.290920920920920558e+06 1.264225957218071699e+03
6.291921921921921894e+06 1.255993076637333616e+03
6.292922922922923230e+06 1.247631770993578357e+03
6.293923923923923634e+06 1.239141721944818073e+03
6.294924924924924970e+06 1.230522657732340576e+03
6.295925925925926305e+06 1.221774354056294214e+03
6.296926926926926710e+06 1.212896634926558136e+03
6.297927927927928045e+06 1.203889373487742205e+03
6.298928928928928450e+06 1.194752492817186067e+03
6.299929929929929785e+06 1.185485966694560375e+03
6.300930930930931121e+06 1.176089820342139319e+03
6.301931931931931525e+06 1.166564131134377021e+03
6.302932932932932861e+06 1.156909029275721878e+03
6.303933933933934197e+06 1.147124698445646345e+03
6.304934934934934601e+06 1.137211376409622517e+03
6.305935935935935937e+06 1.127169355595066236e+03
6.306936936936937273e+06 1.116998983631287956e+03
6.307937937937937677e+06 1.106700663852274147e+03
6.308938938938939013e+06 1.096274855761400204e+03
6.309939939939940348e+06 1.085722075457217215e+03
6.310940940940940753e+06 1.075042896019230056e+03
6.311941941941942088e+06 1.064237947852871457e+03
6.312942942942943424e+06 1.053307918992930354e+03
6.313943943943943828e+06 1.042253555364455224e+03
6.314944944944945164e+06 1.031075661000468244e+03
6.315945945945945568e+06 1.019775098215878188e+03
6.316946946946946904e+06 1.008352787736666755e+03
6.317947947947948240e+06 9.968097087840374115e+02
6.318948948948948644e+06 9.851468991126930632e+02
6.319949949949949980e+06 9.733654550028121548e+02
6.320950950950951315e+06 9.614665312053541584e+02
6.321951951951951720e+06 9.494513408400667913e+02
6.322952952952953056e+06 9.373211552459212044e+02
6.323953953953953460e+06 9.250773037837650463e+02
6.324954954954954796e+06 9.127211735906508920e+02
6.325955955955956131e+06 9.002542092859605418e+02
6.326956956956956536e+06 8.876779126288939779e+02
6.327957957957957871e+06 8.749938421273301401e+02
6.328958958958959207e+06 8.622036125981279611e+02
6.329959959959959611e+06 8.493088946786734823e+02
6.330960960960960947e+06 8.363114142898491536e+02
6.331961961961962283e+06 8.232129520506712197e+02
6.332962962962962687e+06 8.100153426445679088e+02
6.333963963963964023e+06 7.967204741376604034e+02
6.334964964964965358e+06 7.833302872494648454e+02
6.335965965965965763e+06 7.698467745761693095e+02
6.336966966966967098e+06 7.562719797670189337e+02
6.337967967967968434e+06 7.426079966544180024e+02
6.338968968968968838e+06 7.288569683380638935e+02
6.339969969969970174e+06 7.150210862238359368e+02
6.340970970970970578e+06 7.011025890182286275e+02
6.341971971971971914e+06 6.871037616787314164e+02
6.342972972972973250e+06 6.730269343213180946e+02
6.343973973973973654e+06 6.588744810855586138e+02
6.344974974974974990e+06 6.446488189583699295e+02
6.345975975975976326e+06 6.303524065574680435e+02
6.346976976976976730e+06 6.159877428752857895e+02
6.347977977977978066e+06 6.015573659845167640e+02
6.348978978978978470e+06 5.870638517065254973e+02
6.349979979979979806e+06 5.725098122434367269e+02
6.350980980980981141e+06 5.578978947755044828e+02
6.351981981981981546e+06 5.432307800246719580e+02
6.352982982982982881e+06 5.285111807857438180e+02
6.353983983983984217e+06 5.137418404266311427e+02
6.354984984984984621e+06 4.989255313587992759e+02
6.355985985985985957e+06 4.840650534794568216e+02
6.356986986986987293e+06 4.691632325870662612e+02
6.357987987987987697e+06 4.542229187714203817e+02
6.358988988988989033e+06 4.392469847799328591e+02
6.359989989989990368e+06 4.242383243618298820e+02
6.360990990990990773e+06 4.091998505915800024e+02
6.361991991991992109e+06 3.941344941733063933e+02
6.362992992992993444e+06 3.790452017279512802e+02
6.363993993993993849e+06 3.639349340646087967e+02
6.364994994994995184e+06 3.488066644378420733e+02
6.365995995995995589e+06 3.336633767928340149e+02
6.366996996996996924e+06 3.185080639997470371e+02
6.367997997997998260e+06 3.033437260794543135e+02
6.368998998998998664e+06 2.881733684220440637e+02
6.370000000000000000e+06 2.730000000000000000e+02
