3.155760e+09 -8.494808e-09 5.019659e-09 
6.311520e+09 -8.234769e-09 6.410510e-09 
9.467280e+09 -6.052051e-09 6.600402e-09 
1.262304e+10 -1.243096e-08 9.101247e-09 
1.577880e+10 -8.575279e-09 1.036715e-08 
1.893456e+10 -9.857286e-09 1.120818e-08 
2.209032e+10 -9.941667e-09 1.047895e-08 
2.524608e+10 -9.554958e-09 1.170269e-08 
2.840184e+10 -8.231220e-09 1.327509e-08 
3.155760e+10 -8.365377e-09 1.479936e-08 
3.471336e+10 -8.109300e-09 1.164343e-08 
3.786912e+10 -9.791699e-09 1.514828e-08 
4.102488e+10 -8.333577e-09 1.352619e-08 
4.418064e+10 -1.036628e-08 1.388438e-08 
4.733640e+10 -9.276700e-09 1.500387e-08 
5.049216e+10 -1.208175e-08 1.377233e-08 
5.364792e+10 -1.055352e-08 1.759814e-08 
5.680368e+10 -1.023046e-08 1.512879e-08 
5.995944e+10 -9.692204e-09 1.736857e-08 
6.311520e+10 -9.395511e-09 1.953978e-08 
6.627096e+10 -9.372644e-09 1.739713e-08 
6.942672e+10 -8.864552e-09 1.802296e-08 
7.258248e+10 -9.255895e-09 1.592674e-08 
7.573824e+10 -9.744813e-09 1.428081e-08 
7.889400e+10 -9.656453e-09 1.847719e-08 
8.204976e+10 -1.215565e-08 1.829770e-08 
8.520552e+10 -8.904387e-09 1.850983e-08 
8.836128e+10 -9.853995e-09 1.871547e-08 
9.151704e+10 -9.790437e-09 1.891482e-08 
9.467280e+10 -1.119703e-08 1.988032e-08 
9.782856e+10 -1.063178e-08 1.931918e-08 
1.009843e+11 -1.015952e-08 1.984019e-08 
1.041401e+11 -1.045596e-08 2.200396e-08 
1.072958e+11 -1.148733e-08 2.133518e-08 
1.104516e+11 -1.101502e-08 2.145433e-08 
1.136074e+11 -1.210168e-08 2.234209e-08 
1.167631e+11 -1.170710e-08 2.436106e-08 
1.199189e+11 -1.130455e-08 2.202511e-08 
1.230746e+11 -1.235006e-08 2.298698e-08 
1.262304e+11 -1.424050e-08 2.151106e-08 
1.293862e+11 -1.298266e-08 2.239708e-08 
1.325419e+11 -1.300868e-08 2.348126e-08 
1.356977e+11 -1.347925e-08 2.487267e-08 
1.388534e+11 -1.299423e-08 2.411128e-08 
1.420092e+11 -1.392377e-08 2.480698e-08 
1.451650e+11 -1.662837e-08 2.288922e-08 
1.483207e+11 -1.518004e-08 2.566369e-08 
1.514765e+11 -1.593102e-08 2.178906e-08 
1.546322e+11 -1.638453e-08 2.418323e-08 
1.577880e+11 -1.612430e-08 2.463469e-08 
1.609438e+11 -1.558245e-08 2.696960e-08 
1.640995e+11 -1.604663e-08 2.730240e-08 
1.672553e+11 -1.596568e-08 2.682635e-08 
1.704110e+11 -1.489775e-08 2.568009e-08 
1.735668e+11 -1.533463e-08 2.528011e-08 
1.767226e+11 -1.599946e-08 2.566463e-08 
1.798783e+11 -1.799539e-08 2.642350e-08 
1.830341e+11 -1.717906e-08 2.637954e-08 
1.861898e+11 -1.759437e-08 2.857388e-08 
1.893456e+11 -1.768323e-08 2.759849e-08 
1.925014e+11 -1.712133e-08 2.817909e-08 
1.956571e+11 -1.715796e-08 2.477631e-08 
1.988129e+11 -1.844270e-08 2.710689e-08 
2.019686e+11 -1.865039e-08 2.822411e-08 
2.051244e+11 -1.776575e-08 2.697400e-08 
2.082802e+11 -1.796245e-08 2.746388e-08 
2.114359e+11 -2.232914e-08 2.879935e-08 
2.145917e+11 -1.876806e-08 3.366169e-08 
2.177474e+11 -1.987485e-08 2.907653e-08 
2.209032e+11 -1.895677e-08 2.857258e-08 
2.240590e+11 -1.882818e-08 2.806278e-08 
2.272147e+11 -1.912335e-08 2.913437e-08 
2.303705e+11 -1.909256e-08 2.830944e-08 
2.335262e+11 -1.971475e-08 2.930861e-08 
2.366820e+11 -2.055923e-08 3.072819e-08 
2.398378e+11 -1.983335e-08 3.133207e-08 
2.429935e+11 -1.808568e-08 3.346196e-08 
2.461493e+11 -1.876046e-08 3.015140e-08 
2.493050e+11 -2.019097e-08 3.038680e-08 
2.524608e+11 -2.060422e-08 3.177338e-08 
2.556166e+11 -2.206054e-08 3.041462e-08 
2.587723e+11 -1.964766e-08 3.276134e-08 
2.619281e+11 -1.945647e-08 3.060008e-08 
2.650838e+11 -2.093043e-08 3.070204e-08 
2.682396e+11 -1.977878e-08 3.130671e-08 
2.713954e+11 -2.248020e-08 3.150674e-08 
2.745511e+11 -2.057712e-08 3.247291e-08 
2.777069e+11 -2.084014e-08 3.035931e-08 
2.808626e+11 -2.092618e-08 3.172091e-08 
2.840184e+11 -2.523677e-08 3.259049e-08 
2.871742e+11 -2.216238e-08 3.103788e-08 
2.903299e+11 -2.131503e-08 3.124615e-08 
2.934857e+11 -2.124173e-08 3.183417e-08 
2.966414e+11 -2.218427e-08 3.150454e-08 
2.997972e+11 -2.169823e-08 3.183383e-08 
3.029530e+11 -2.161321e-08 3.388812e-08 
3.061087e+11 -2.165145e-08 3.323688e-08 
3.092645e+11 -2.200225e-08 3.195976e-08 
3.124202e+11 -2.113566e-08 3.473194e-08 
3.155760e+11 -2.171945e-08 3.374877e-08 
3.187318e+11 -2.037886e-08 3.495142e-08 
3.218875e+11 -2.267512e-08 3.363301e-08 
3.250433e+11 -2.287392e-08 3.298958e-08 
3.281990e+11 -2.183585e-08 3.506874e-08 
3.313548e+11 -2.331526e-08 3.515361e-08 
3.345106e+11 -2.298767e-08 3.291912e-08 
3.376663e+11 -2.300797e-08 3.306980e-08 
3.408221e+11 -2.156420e-08 3.321586e-08 
3.439778e+11 -2.467693e-08 3.375484e-08 
3.471336e+11 -2.346300e-08 3.349381e-08 
3.502894e+11 -2.409621e-08 3.386309e-08 
3.534451e+11 -2.275526e-08 3.282648e-08 
3.566009e+11 -2.160016e-08 3.491063e-08 
3.597566e+11 -2.190427e-08 3.384196e-08 
3.629124e+11 -2.161987e-08 3.396439e-08 
3.660682e+11 -2.201990e-08 3.408138e-08 
3.692239e+11 -2.194916e-08 3.614058e-08 
3.723797e+11 -2.429389e-08 3.233136e-08 
3.755354e+11 -2.270556e-08 3.404454e-08 
3.786912e+11 -2.326542e-08 3.377464e-08 
3.818470e+11 -2.318069e-08 3.368064e-08 
3.850027e+11 -2.258814e-08 3.458026e-08 
3.881585e+11 -2.258896e-08 3.390783e-08 
3.913142e+11 -2.141482e-08 3.402824e-08 
3.944700e+11 -2.203934e-08 3.312886e-08 
3.976258e+11 -2.269249e-08 3.318248e-08 
4.007815e+11 -2.260116e-08 3.371122e-08 
4.039373e+11 -2.411873e-08 3.538216e-08 
4.070930e+11 -2.395186e-08 3.437449e-08 
4.102488e+11 -2.259120e-08 3.255399e-08 
4.134046e+11 -2.265913e-08 3.349603e-08 
4.165603e+11 -2.510212e-08 3.290058e-08 
4.197161e+11 -2.389931e-08 3.305182e-08 
4.228718e+11 -2.307118e-08 3.212098e-08 
4.260276e+11 -2.337852e-08 3.298989e-08 
4.291834e+11 -2.239740e-08 3.319183e-08 
4.323391e+11 -2.207378e-08 3.290806e-08 
4.354949e+11 -2.291737e-08 3.228682e-08 
4.386506e+11 -2.313048e-08 3.418824e-08 
4.418064e+11 -2.372560e-08 3.338212e-08 
4.449622e+11 -2.262493e-08 3.405781e-08 
4.481179e+11 -2.310816e-08 3.444684e-08 
4.512737e+11 -2.271451e-08 3.484933e-08 
4.544294e+11 -2.293624e-08 3.455479e-08 
4.575852e+11 -2.380277e-08 3.465540e-08 
4.607410e+11 -2.553318e-08 3.389244e-08 
4.638967e+11 -2.359319e-08 3.524898e-08 
4.670525e+11 -2.265730e-08 3.448117e-08 
4.702082e+11 -2.317037e-08 3.342565e-08 
4.733640e+11 -2.501919e-08 3.356082e-08 
4.765198e+11 -2.386718e-08 3.443708e-08 
4.796755e+11 -2.422256e-08 3.415517e-08 
4.828313e+11 -2.386719e-08 3.465413e-08 
4.859870e+11 -2.313658e-08 3.456165e-08 
4.891428e+11 -2.199394e-08 3.567763e-08 
4.922986e+11 -2.486776e-08 3.560923e-08 
4.954543e+11 -2.344098e-08 3.509492e-08 
4.986101e+11 -2.449839e-08 3.324835e-08 
5.017658e+11 -2.278314e-08 3.493346e-08 
5.049216e+11 -2.452808e-08 3.419176e-08 
5.080774e+11 -2.116704e-08 3.359972e-08 
5.112331e+11 -2.403908e-08 3.604632e-08 
5.143889e+11 -2.407546e-08 3.571514e-08 
5.175446e+11 -2.395316e-08 3.473422e-08 
5.207004e+11 -2.390211e-08 3.598772e-08 
5.238562e+11 -2.518059e-08 3.372770e-08 
5.270119e+11 -2.210627e-08 3.578426e-08 
5.301677e+11 -2.704681e-08 3.507497e-08 
5.333234e+11 -2.551901e-08 3.477353e-08 
5.364792e+11 -2.401384e-08 3.448131e-08 
5.396350e+11 -2.347463e-08 3.458417e-08 
5.427907e+11 -2.310519e-08 3.352549e-08 
5.459465e+11 -2.594545e-08 3.636050e-08 
5.491022e+11 -2.437896e-08 3.524745e-08 
5.522580e+11 -2.263354e-08 3.421015e-08 
5.554138e+11 -2.435034e-08 3.512408e-08 
5.585695e+11 -2.338774e-08 3.520726e-08 
5.617253e+11 -2.301574e-08 3.490176e-08 
5.648810e+11 -2.376953e-08 3.576400e-08 
5.680368e+11 -2.179468e-08 3.518549e-08 
5.711926e+11 -2.303321e-08 3.517878e-08 
5.743483e+11 -2.353478e-08 3.908457e-08 
5.775041e+11 -2.392446e-08 3.672975e-08 
5.806598e+11 -2.517821e-08 3.367475e-08 
5.838156e+11 -2.382828e-08 3.502878e-08 
5.869714e+11 -2.313549e-08 3.434262e-08 
5.901271e+11 -2.351326e-08 3.526220e-08 
5.932829e+11 -2.518265e-08 3.422652e-08 
5.964386e+11 -2.448417e-08 3.743106e-08 
5.995944e+11 -2.490481e-08 3.628524e-08 
6.027502e+11 -2.385284e-08 3.440223e-08 
6.059059e+11 -2.399145e-08 3.462880e-08 
6.090617e+11 -2.403583e-08 3.434101e-08 
6.122174e+11 -2.204514e-08 3.438074e-08 
6.153732e+11 -2.366294e-08 3.603119e-08 
6.185290e+11 -2.467615e-08 3.392666e-08 
6.216847e+11 -2.367945e-08 3.559101e-08 
6.248405e+11 -2.577814e-08 3.593411e-08 
6.279962e+11 -2.486837e-08 3.715087e-08 
6.311520e+11 -2.661694e-08 3.562750e-08 
