3.155760e+09 -3.181268e-23 5.383685e-23 
6.311520e+09 -4.062736e-23 5.218882e-23 
9.467280e+09 -4.183082e-23 3.835559e-23 
1.262304e+10 -5.768022e-23 7.878266e-23 
1.577880e+10 -6.570306e-23 5.434684e-23 
1.893456e+10 -7.103317e-23 6.247171e-23 
2.209032e+10 -6.641161e-23 6.300648e-23 
2.524608e+10 -7.416716e-23 6.055567e-23 
2.840184e+10 -8.413243e-23 5.216632e-23 
3.155760e+10 -9.379265e-23 5.301656e-23 
3.471336e+10 -7.379161e-23 5.139364e-23 
3.786912e+10 -9.600402e-23 6.205605e-23 
4.102488e+10 -8.572380e-23 5.281503e-23 
4.418064e+10 -8.799392e-23 6.569754e-23 
4.733640e+10 -9.508881e-23 5.879218e-23 
5.049216e+10 -8.728373e-23 7.656949e-23 
5.364792e+10 -1.115303e-22 6.688419e-23 
5.680368e+10 -9.588050e-23 6.483676e-23 
5.995944e+10 -1.100753e-22 6.142548e-23 
6.311520e+10 -1.238357e-22 5.954515e-23 
6.627096e+10 -1.102564e-22 5.940023e-23 
6.942672e+10 -1.142226e-22 5.618014e-23 
7.258248e+10 -1.009376e-22 5.866032e-23 
7.573824e+10 -9.050632e-23 6.175890e-23 
7.889400e+10 -1.171013e-22 6.119891e-23 
8.204976e+10 -1.159638e-22 7.703789e-23 
8.520552e+10 -1.173082e-22 5.643260e-23 
8.836128e+10 -1.186115e-22 6.245085e-23 
9.151704e+10 -1.198749e-22 6.204805e-23 
9.467280e+10 -1.259938e-22 7.096250e-23 
9.782856e+10 -1.224376e-22 6.738014e-23 
1.009843e+11 -1.257395e-22 6.438714e-23 
1.041401e+11 -1.394527e-22 6.626586e-23 
1.072958e+11 -1.352142e-22 7.280231e-23 
1.104516e+11 -1.359693e-22 6.980899e-23 
1.136074e+11 -1.415956e-22 7.669582e-23 
1.167631e+11 -1.543911e-22 7.419509e-23 
1.199189e+11 -1.395867e-22 7.164394e-23 
1.230746e+11 -1.456827e-22 7.826994e-23 
1.262304e+11 -1.363289e-22 9.025086e-23 
1.293862e+11 -1.419442e-22 8.227915e-23 
1.325419e+11 -1.488153e-22 8.244401e-23 
1.356977e+11 -1.576335e-22 8.542631e-23 
1.388534e+11 -1.528081e-22 8.235244e-23 
1.420092e+11 -1.572171e-22 8.824351e-23 
1.451650e+11 -1.450631e-22 1.053843e-22 
1.483207e+11 -1.626466e-22 9.620531e-23 
1.514765e+11 -1.380907e-22 1.009647e-22 
1.546322e+11 -1.532641e-22 1.038389e-22 
1.577880e+11 -1.561252e-22 1.021897e-22 
1.609438e+11 -1.709230e-22 9.875558e-23 
1.640995e+11 -1.730322e-22 1.016974e-22 
1.672553e+11 -1.700152e-22 1.011844e-22 
1.704110e+11 -1.627506e-22 9.441625e-23 
1.735668e+11 -1.602157e-22 9.718500e-23 
1.767226e+11 -1.626526e-22 1.013985e-22 
1.798783e+11 -1.674621e-22 1.140479e-22 
1.830341e+11 -1.671834e-22 1.088743e-22 
1.861898e+11 -1.810903e-22 1.115064e-22 
1.893456e+11 -1.749087e-22 1.120696e-22 
1.925014e+11 -1.785883e-22 1.085085e-22 
1.956571e+11 -1.570228e-22 1.087406e-22 
1.988129e+11 -1.717931e-22 1.168828e-22 
2.019686e+11 -1.788736e-22 1.181991e-22 
2.051244e+11 -1.709509e-22 1.125925e-22 
2.082802e+11 -1.740555e-22 1.138391e-22 
2.114359e+11 -1.825193e-22 1.415135e-22 
2.145917e+11 -2.133349e-22 1.189448e-22 
2.177474e+11 -1.842759e-22 1.259592e-22 
2.209032e+11 -1.810821e-22 1.201408e-22 
2.240590e+11 -1.778512e-22 1.193258e-22 
2.272147e+11 -1.846425e-22 1.211965e-22 
2.303705e+11 -1.794144e-22 1.210013e-22 
2.335262e+11 -1.857468e-22 1.249446e-22 
2.366820e+11 -1.947435e-22 1.302966e-22 
2.398378e+11 -1.985707e-22 1.256962e-22 
2.429935e+11 -2.120691e-22 1.146201e-22 
2.461493e+11 -1.910880e-22 1.188966e-22 
2.493050e+11 -1.925799e-22 1.279627e-22 
2.524608e+11 -2.013675e-22 1.305817e-22 
2.556166e+11 -1.927562e-22 1.398113e-22 
2.587723e+11 -2.076289e-22 1.245193e-22 
2.619281e+11 -1.939316e-22 1.233077e-22 
2.650838e+11 -1.945778e-22 1.326491e-22 
2.682396e+11 -1.984100e-22 1.253503e-22 
2.713954e+11 -1.996777e-22 1.424709e-22 
2.745511e+11 -2.058009e-22 1.304099e-22 
2.777069e+11 -1.924057e-22 1.320768e-22 
2.808626e+11 -2.010350e-22 1.326221e-22 
2.840184e+11 -2.065460e-22 1.599410e-22 
2.871742e+11 -1.967062e-22 1.404567e-22 
2.903299e+11 -1.980261e-22 1.350865e-22 
2.934857e+11 -2.017528e-22 1.346220e-22 
2.966414e+11 -1.996637e-22 1.405954e-22 
2.997972e+11 -2.017506e-22 1.375151e-22 
3.029530e+11 -2.147699e-22 1.369763e-22 
3.061087e+11 -2.106426e-22 1.372186e-22 
3.092645e+11 -2.025487e-22 1.394419e-22 
3.124202e+11 -2.201178e-22 1.339498e-22 
3.155760e+11 -2.138868e-22 1.376496e-22 
3.187318e+11 -2.215087e-22 1.291534e-22 
3.218875e+11 -2.131532e-22 1.437062e-22 
3.250433e+11 -2.090753e-22 1.449662e-22 
3.281990e+11 -2.222522e-22 1.383873e-22 
3.313548e+11 -2.227901e-22 1.477632e-22 
3.345106e+11 -2.086288e-22 1.456871e-22 
3.376663e+11 -2.095837e-22 1.458157e-22 
3.408221e+11 -2.105094e-22 1.366656e-22 
3.439778e+11 -2.139253e-22 1.563929e-22 
3.471336e+11 -2.122709e-22 1.486995e-22 
3.502894e+11 -2.146113e-22 1.527126e-22 
3.534451e+11 -2.080417e-22 1.442142e-22 
3.566009e+11 -2.212502e-22 1.368936e-22 
3.597566e+11 -2.144774e-22 1.388209e-22 
3.629124e+11 -2.152533e-22 1.370185e-22 
3.660682e+11 -2.159948e-22 1.395537e-22 
3.692239e+11 -2.290451e-22 1.391054e-22 
3.723797e+11 -2.049038e-22 1.539654e-22 
3.755354e+11 -2.157613e-22 1.438992e-22 
3.786912e+11 -2.140508e-22 1.474473e-22 
3.818470e+11 -2.134550e-22 1.469103e-22 
3.850027e+11 -2.191565e-22 1.431550e-22 
3.881585e+11 -2.148949e-22 1.431602e-22 
3.913142e+11 -2.156580e-22 1.357189e-22 
3.944700e+11 -2.099581e-22 1.396769e-22 
3.976258e+11 -2.102979e-22 1.438163e-22 
4.007815e+11 -2.136488e-22 1.432375e-22 
4.039373e+11 -2.242386e-22 1.528553e-22 
4.070930e+11 -2.178524e-22 1.517977e-22 
4.102488e+11 -2.063147e-22 1.431744e-22 
4.134046e+11 -2.122850e-22 1.436049e-22 
4.165603e+11 -2.085113e-22 1.590876e-22 
4.197161e+11 -2.094698e-22 1.514647e-22 
4.228718e+11 -2.035705e-22 1.462163e-22 
4.260276e+11 -2.090773e-22 1.481641e-22 
4.291834e+11 -2.103571e-22 1.419462e-22 
4.323391e+11 -2.085587e-22 1.398952e-22 
4.354949e+11 -2.046215e-22 1.452415e-22 
4.386506e+11 -2.166720e-22 1.465921e-22 
4.418064e+11 -2.115631e-22 1.503638e-22 
4.449622e+11 -2.158453e-22 1.433881e-22 
4.481179e+11 -2.183109e-22 1.464507e-22 
4.512737e+11 -2.208617e-22 1.439559e-22 
4.544294e+11 -2.189950e-22 1.453611e-22 
4.575852e+11 -2.196327e-22 1.508528e-22 
4.607410e+11 -2.147973e-22 1.618195e-22 
4.638967e+11 -2.233946e-22 1.495246e-22 
4.670525e+11 -2.185285e-22 1.435933e-22 
4.702082e+11 -2.118390e-22 1.468450e-22 
4.733640e+11 -2.126956e-22 1.585620e-22 
4.765198e+11 -2.182491e-22 1.512611e-22 
4.796755e+11 -2.164624e-22 1.535133e-22 
4.828313e+11 -2.196246e-22 1.512611e-22 
4.859870e+11 -2.190385e-22 1.466308e-22 
4.891428e+11 -2.261112e-22 1.393892e-22 
4.922986e+11 -2.256777e-22 1.576023e-22 
4.954543e+11 -2.224182e-22 1.485600e-22 
4.986101e+11 -2.107153e-22 1.552614e-22 
5.017658e+11 -2.213949e-22 1.443908e-22 
5.049216e+11 -2.166943e-22 1.554496e-22 
5.080774e+11 -2.129421e-22 1.341486e-22 
5.112331e+11 -2.284478e-22 1.523505e-22 
5.143889e+11 -2.263489e-22 1.525811e-22 
5.175446e+11 -2.201322e-22 1.518060e-22 
5.207004e+11 -2.280764e-22 1.514824e-22 
5.238562e+11 -2.137532e-22 1.595849e-22 
5.270119e+11 -2.267869e-22 1.401011e-22 
5.301677e+11 -2.222918e-22 1.714123e-22 
5.333234e+11 -2.203813e-22 1.617297e-22 
5.364792e+11 -2.185294e-22 1.521905e-22 
5.396350e+11 -2.191812e-22 1.487732e-22 
5.427907e+11 -2.124717e-22 1.464319e-22 
5.459465e+11 -2.304389e-22 1.644323e-22 
5.491022e+11 -2.233849e-22 1.545046e-22 
5.522580e+11 -2.168108e-22 1.434427e-22 
5.554138e+11 -2.226030e-22 1.543231e-22 
5.585695e+11 -2.231301e-22 1.482225e-22 
5.617253e+11 -2.211940e-22 1.458649e-22 
5.648810e+11 -2.266586e-22 1.506422e-22 
5.680368e+11 -2.229922e-22 1.381263e-22 
5.711926e+11 -2.229497e-22 1.459757e-22 
5.743483e+11 -2.477031e-22 1.491544e-22 
5.775041e+11 -2.327791e-22 1.516241e-22 
5.806598e+11 -2.134177e-22 1.595699e-22 
5.838156e+11 -2.219990e-22 1.510145e-22 
5.869714e+11 -2.176504e-22 1.466239e-22 
5.901271e+11 -2.234783e-22 1.490181e-22 
5.932829e+11 -2.169146e-22 1.595980e-22 
5.964386e+11 -2.372237e-22 1.551713e-22 
5.995944e+11 -2.299620e-22 1.578372e-22 
6.027502e+11 -2.180282e-22 1.511702e-22 
6.059059e+11 -2.194641e-22 1.520487e-22 
6.090617e+11 -2.176402e-22 1.523299e-22 
6.122174e+11 -2.178920e-22 1.397137e-22 
6.153732e+11 -2.283519e-22 1.499666e-22 
6.185290e+11 -2.150142e-22 1.563880e-22 
6.216847e+11 -2.255622e-22 1.500713e-22 
6.248405e+11 -2.277366e-22 1.633720e-22 
6.279962e+11 -2.354480e-22 1.576062e-22 
6.311520e+11 -2.257935e-22 1.686880e-22 
