0.000000e+00 -5.686867e-25 7.824884e-25 0.000000e+00
3.155760e+09 -4.238537e-25 3.871471e-25 1.000000e+02
6.311520e+09 -1.137206e-24 9.943396e-25 2.000000e+02
9.467280e+09 -9.463788e-25 9.450199e-25 3.000000e+02
1.262304e+10 -3.527859e-25 3.107511e-25 4.000000e+02
1.577880e+10 -5.686867e-25 3.986966e-25 5.000000e+02
1.893456e+10 -4.904050e-25 4.790522e-25 6.000000e+02
2.209032e+10 -5.068067e-25 5.635597e-25 7.000000e+02
2.524608e+10 -7.207268e-25 3.879429e-25 8.000000e+02
2.840184e+10 -5.590884e-25 4.783637e-25 9.000000e+02
3.155760e+10 -6.607562e-25 5.769266e-25 1.000000e+03
3.471336e+10 -6.626889e-25 5.412689e-25 1.100000e+03
3.786912e+10 -4.793888e-25 7.247266e-25 1.200000e+03
4.102488e+10 -5.169879e-25 6.878867e-25 1.300000e+03
4.418064e+10 -8.940676e-25 8.022157e-25 1.400000e+03
4.733640e+10 -1.259722e-24 1.138526e-24 1.500000e+03
5.049216e+10 -7.523587e-25 1.054978e-24 1.600000e+03
5.364792e+10 -7.480168e-25 6.878063e-25 1.700000e+03
5.680368e+10 -5.396061e-25 9.471380e-25 1.800000e+03
5.995944e+10 -5.299126e-25 8.498493e-25 1.900000e+03
6.311520e+10 -4.339338e-25 7.421099e-25 2.000000e+03
6.627096e+10 -4.784006e-25 6.240710e-25 2.100000e+03
6.942672e+10 -1.585295e-24 8.110247e-25 2.200000e+03
7.258248e+10 -9.936138e-25 1.165242e-24 2.300000e+03
7.573824e+10 -1.470314e-24 1.167921e-24 2.400000e+03
7.889400e+10 -1.011404e-24 9.521166e-25 2.500000e+03
8.204976e+10 -7.628751e-25 8.950353e-25 2.600000e+03
8.520552e+10 -6.356193e-25 7.975952e-25 2.700000e+03
8.836128e+10 -5.962576e-25 6.885935e-25 2.800000e+03
9.151704e+10 -1.061441e-24 9.499652e-25 2.900000e+03
9.467280e+10 -9.960095e-25 1.340130e-24 3.000000e+03
9.782856e+10 -1.003684e-24 8.937528e-25 3.100000e+03
1.009843e+11 -1.017520e-24 1.179379e-24 3.200000e+03
1.041401e+11 -1.143106e-24 1.117133e-24 3.300000e+03
1.072958e+11 -9.182437e-25 9.560033e-25 3.400000e+03
1.104516e+11 -1.025898e-24 1.144189e-24 3.500000e+03
1.136074e+11 -8.935848e-25 9.168457e-25 3.600000e+03
1.167631e+11 -8.588970e-25 1.208459e-24 3.700000e+03
1.199189e+11 -9.654751e-25 1.141261e-24 3.800000e+03
1.230746e+11 -1.670517e-24 2.048564e-24 3.900000e+03
1.262304e+11 -1.369210e-24 1.547732e-24 4.000000e+03
1.293862e+11 -1.002068e-24 1.014942e-24 4.100000e+03
1.325419e+11 -1.294893e-24 1.432779e-24 4.200000e+03
1.356977e+11 -1.234309e-24 1.139797e-24 4.300000e+03
1.388534e+11 -1.021051e-24 1.098195e-24 4.400000e+03
1.420092e+11 -1.872465e-24 1.984466e-24 4.500000e+03
1.451650e+11 -2.611539e-24 2.492043e-24 4.600000e+03
1.483207e+11 -2.445999e-24 1.922549e-24 4.700000e+03
1.514765e+11 -1.801876e-24 2.090368e-24 4.800000e+03
1.546322e+11 -1.428179e-24 1.452867e-24 4.900000e+03
1.577880e+11 -1.223868e-24 1.143684e-24 5.000000e+03
1.609438e+11 -1.229462e-24 2.179427e-24 5.100000e+03
1.640995e+11 -1.723144e-24 1.987172e-24 5.200000e+03
1.672553e+11 -5.460551e-25 1.442517e-24 5.300000e+03
1.704110e+11 -1.203677e-24 9.952017e-25 5.400000e+03
1.735668e+11 -8.610339e-25 1.180388e-24 5.500000e+03
1.767226e+11 -1.165381e-24 1.246274e-24 5.600000e+03
1.798783e+11 -6.079917e-25 1.165899e-24 5.700000e+03
1.830341e+11 -2.747306e-24 1.893468e-24 5.800000e+03
1.861898e+11 -1.331244e-24 1.500073e-24 5.900000e+03
1.893456e+11 -2.429641e-24 3.099716e-24 6.000000e+03
1.925014e+11 -1.627559e-24 1.277929e-24 6.100000e+03
1.956571e+11 -1.388597e-24 1.414396e-24 6.200000e+03
1.988129e+11 -2.922597e-24 2.190938e-24 6.300000e+03
2.019686e+11 -2.917750e-24 2.129546e-24 6.400000e+03
2.051244e+11 -6.817778e-25 1.543744e-24 6.500000e+03
2.082802e+11 -2.366835e-24 2.347448e-24 6.600000e+03
2.114359e+11 -3.639918e-24 2.505776e-24 6.700000e+03
2.145917e+11 -3.097081e-24 3.123044e-24 6.800000e+03
2.177474e+11 -1.667286e-24 1.556801e-24 6.900000e+03
2.209032e+11 -3.232988e-24 2.527586e-24 7.000000e+03
2.240590e+11 -2.445494e-24 3.087367e-24 7.100000e+03
2.272147e+11 -1.434584e-24 1.458219e-24 7.200000e+03
2.303705e+11 -9.919705e-25 1.280605e-24 7.300000e+03
2.335262e+11 -1.044477e-24 1.250414e-24 7.400000e+03
2.366820e+11 -9.394639e-25 1.457225e-24 7.500000e+03
2.398378e+11 -1.247233e-24 1.260437e-24 7.600000e+03
2.429935e+11 -1.092564e-24 1.319127e-24 7.700000e+03
2.461493e+11 -8.328884e-25 1.289239e-24 7.800000e+03
2.493050e+11 -2.104339e-24 2.157506e-24 7.900000e+03
2.524608e+11 -2.575953e-24 1.786182e-24 8.000000e+03
2.556166e+11 -1.469780e-24 1.110197e-24 8.100000e+03
2.587723e+11 -9.596007e-25 1.039681e-24 8.200000e+03
2.619281e+11 -1.928607e-24 1.963058e-24 8.300000e+03
2.650838e+11 -1.966977e-24 1.571966e-24 8.400000e+03
2.682396e+11 -2.335331e-24 3.061538e-24 8.500000e+03
2.713954e+11 -2.305847e-24 2.193967e-24 8.600000e+03
2.745511e+11 -1.705252e-24 1.910785e-24 8.700000e+03
2.777069e+11 -1.065480e-24 1.919318e-24 8.800000e+03
2.808626e+11 -2.570803e-24 2.200430e-24 8.900000e+03
2.840184e+11 -2.018474e-24 1.763006e-24 9.000000e+03
2.871742e+11 -8.761385e-25 1.503001e-24 9.100000e+03
2.903299e+11 -1.429391e-24 1.465741e-24 9.200000e+03
2.934857e+11 -1.107738e-24 1.524644e-24 9.300000e+03
2.966414e+11 -1.489311e-24 1.348006e-24 9.400000e+03
2.997972e+11 -1.318319e-24 2.027371e-24 9.500000e+03
3.029530e+11 -1.198766e-24 1.342654e-24 9.600000e+03
3.061087e+11 -1.862772e-24 1.305394e-24 9.700000e+03
3.092645e+11 -1.675970e-24 1.799764e-24 9.800000e+03
3.124202e+11 -1.001824e-24 1.564494e-24 9.900000e+03
3.155760e+11 -1.998481e-24 1.999289e-24 1.000000e+04
3.187318e+11 -1.268135e-24 1.453978e-24 1.010000e+04
3.218875e+11 -8.562612e-25 1.397533e-24 1.020000e+04
3.250433e+11 -1.310241e-24 1.624510e-24 1.030000e+04
3.281990e+11 -1.639420e-24 1.984749e-24 1.040000e+04
3.313548e+11 -1.252370e-24 1.583427e-24 1.050000e+04
3.345106e+11 -1.227846e-24 1.670820e-24 1.060000e+04
3.376663e+11 -1.154337e-24 1.289239e-24 1.070000e+04
3.408221e+11 -2.892393e-24 2.129093e-24 1.080000e+04
3.439778e+11 -1.982325e-24 1.887208e-24 1.090000e+04
3.471336e+11 -2.462155e-24 1.841769e-24 1.100000e+04
3.502894e+11 -1.985557e-24 2.091378e-24 1.110000e+04
3.534451e+11 -1.061037e-24 1.772249e-24 1.120000e+04
3.566009e+11 -9.401274e-25 1.501436e-24 1.130000e+04
3.597566e+11 -1.887006e-24 1.396423e-24 1.140000e+04
3.629124e+11 -9.790458e-25 1.437873e-24 1.150000e+04
3.660682e+11 -1.514080e-24 1.503859e-24 1.160000e+04
3.692239e+11 -1.404753e-24 1.565504e-24 1.170000e+04
3.723797e+11 -8.244712e-25 1.478262e-24 1.180000e+04
3.755354e+11 -1.030968e-24 1.307565e-24 1.190000e+04
3.786912e+11 -1.904373e-24 2.155547e-24 1.200000e+04
3.818470e+11 -1.355478e-24 1.895084e-24 1.210000e+04
3.850027e+11 -1.701112e-24 1.495630e-24 1.220000e+04
3.881585e+11 -1.952033e-24 1.780377e-24 1.230000e+04
3.913142e+11 -1.750068e-24 1.559395e-24 1.240000e+04
3.944700e+11 -2.114804e-24 1.800269e-24 1.250000e+04
3.976258e+11 -1.166454e-24 1.494267e-24 1.260000e+04
4.007815e+11 -2.964198e-24 2.787066e-24 1.270000e+04
4.039373e+11 -1.932242e-24 1.989545e-24 1.280000e+04
4.070930e+11 -1.127680e-24 1.435954e-24 1.290000e+04
4.102488e+11 -1.226231e-24 1.514663e-24 1.300000e+04
4.134046e+11 -1.378904e-24 1.371123e-24 1.310000e+04
4.165603e+11 -1.105281e-24 1.273487e-24 1.320000e+04
4.197161e+11 -1.825613e-24 1.397281e-24 1.330000e+04
4.228718e+11 -9.798536e-25 1.743572e-24 1.340000e+04
4.260276e+11 -7.562278e-25 1.172916e-24 1.350000e+04
4.291834e+11 -3.245311e-24 2.823110e-24 1.360000e+04
4.323391e+11 -2.919366e-24 2.135806e-24 1.370000e+04
4.354949e+11 -1.328013e-24 2.067750e-24 1.380000e+04
4.386506e+11 -1.775530e-24 2.127004e-24 1.390000e+04
4.418064e+11 -2.138989e-24 1.883775e-24 1.400000e+04
4.449622e+11 -2.562725e-24 2.740379e-24 1.410000e+04
4.481179e+11 -2.359102e-24 1.728678e-24 1.420000e+04
4.512737e+11 -1.373653e-24 1.318572e-24 1.430000e+04
4.544294e+11 -1.946379e-24 1.822382e-24 1.440000e+04
4.575852e+11 -2.644918e-24 2.428631e-24 1.450000e+04
4.607410e+11 -3.300434e-24 2.359111e-24 1.460000e+04
4.638967e+11 -1.510978e-24 1.854694e-24 1.470000e+04
4.670525e+11 -9.254370e-25 1.498407e-24 1.480000e+04
4.702082e+11 -2.699040e-24 3.253483e-24 1.490000e+04
4.733640e+11 -1.764221e-24 2.019484e-24 1.500000e+04
4.765198e+11 -1.292066e-24 1.565453e-24 1.510000e+04
4.796755e+11 -1.103446e-24 1.718429e-24 1.520000e+04
4.828313e+11 -2.292518e-24 2.643101e-24 1.530000e+04
4.859870e+11 -1.631743e-24 2.088954e-24 1.540000e+04
4.891428e+11 -2.087529e-24 2.077191e-24 1.550000e+04
4.922986e+11 -2.155193e-24 2.710248e-24 1.560000e+04
4.954543e+11 -2.749729e-24 1.831874e-24 1.570000e+04
4.986101e+11 -1.001664e-24 1.680211e-24 1.580000e+04
5.017658e+11 -1.605692e-24 1.953245e-24 1.590000e+04
5.049216e+11 -1.849443e-24 1.502496e-24 1.600000e+04
5.080774e+11 -1.035670e-24 1.676374e-24 1.610000e+04
5.112331e+11 -1.138181e-24 1.347400e-24 1.620000e+04
5.143889e+11 -2.037038e-24 2.357949e-24 1.630000e+04
5.175446e+11 -1.523499e-24 1.428987e-24 1.640000e+04
5.207004e+11 -2.409510e-24 2.913943e-24 1.650000e+04
5.238562e+11 -2.867263e-24 1.974550e-24 1.660000e+04
5.270119e+11 -2.248089e-24 2.140249e-24 1.670000e+04
5.301677e+11 -1.325589e-24 1.521227e-24 1.680000e+04
5.333234e+11 -6.991552e-25 1.525114e-24 1.690000e+04
5.364792e+11 -1.898921e-24 1.843155e-24 1.700000e+04
5.396350e+11 -1.466953e-24 2.113037e-24 1.710000e+04
5.427907e+11 -1.082443e-24 1.662439e-24 1.720000e+04
5.459465e+11 -8.966509e-25 1.386174e-24 1.730000e+04
5.491022e+11 -1.906674e-24 1.305394e-24 1.740000e+04
5.522580e+11 -1.698790e-24 2.354586e-24 1.750000e+04
5.554138e+11 -1.340937e-24 1.791737e-24 1.760000e+04
5.585695e+11 -2.278685e-24 2.269025e-24 1.770000e+04
5.617253e+11 -1.828845e-24 1.960515e-24 1.780000e+04
5.648810e+11 -1.467357e-24 1.244255e-24 1.790000e+04
5.680368e+11 -7.383233e-25 1.574238e-24 1.800000e+04
5.711926e+11 -2.614828e-24 2.386484e-24 1.810000e+04
5.743483e+11 -1.246829e-24 1.836367e-24 1.820000e+04
5.775041e+11 -2.527586e-24 2.740036e-24 1.830000e+04
5.806598e+11 -1.568331e-24 2.710955e-24 1.840000e+04
5.838156e+11 -2.085723e-24 1.384511e-24 1.850000e+04
5.869714e+11 -1.703233e-24 1.684401e-24 1.860000e+04
5.901271e+11 -1.524306e-24 1.161607e-24 1.870000e+04
5.932829e+11 -1.299740e-24 1.824729e-24 1.880000e+04
5.964386e+11 -2.901596e-24 2.326445e-24 1.890000e+04
5.995944e+11 -1.976671e-24 2.375721e-24 1.900000e+04
6.027502e+11 -2.729938e-24 1.726255e-24 1.910000e+04
6.059059e+11 -1.764221e-24 1.769674e-24 1.920000e+04
6.090617e+11 -1.218153e-24 1.668700e-24 1.930000e+04
6.122174e+11 -2.067952e-24 1.638205e-24 1.940000e+04
6.153732e+11 -1.105465e-24 1.412124e-24 1.950000e+04
6.185290e+11 -1.067777e-24 1.353862e-24 1.960000e+04
6.216847e+11 -2.303827e-24 1.997219e-24 1.970000e+04
6.248405e+11 -1.169685e-24 1.791232e-24 1.980000e+04
6.279962e+11 -1.294085e-24 1.625281e-24 1.990000e+04
