#1 2 3 4 5 6 7  8  9 10 11 12 13
#x y z u v w p xx yy zz xy xz yz
0.000000e+00 0.000000e+00 2.500000e+04 0.000000e+00 0.000000e+00 5.577338e-02 -1.972279e+05 4.240702e+05 1.706506e+05 -3.037171e+03 4.570648e-01 -5.841839e+03 -1.636735e+00 
3.906250e+02 0.000000e+00 2.500000e+04 5.271813e-03 0.000000e+00 5.526795e-02 -1.923699e+05 4.134792e+05 1.664472e+05 -2.816864e+03 8.194181e-01 -1.123683e+04 -1.683438e+00 
7.812500e+02 0.000000e+00 2.500000e+04 1.027327e-02 0.000000e+00 5.380031e-02 -1.785091e+05 3.832827e+05 1.544542e+05 -2.209774e+03 1.232820e+00 -2.082207e+04 -1.998088e+00 
1.171875e+03 0.000000e+00 2.500000e+04 1.477388e-02 0.000000e+00 5.150563e-02 -1.575753e+05 3.377533e+05 1.363414e+05 -1.368854e+03 1.110518e+00 -2.755616e+04 -1.554667e+00 
1.562500e+03 0.000000e+00 2.500000e+04 1.861242e-02 0.000000e+00 4.857843e-02 -1.322224e+05 2.827468e+05 1.144049e+05 -4.845207e+02 7.549795e-01 -3.094570e+04 4.288882e-01 
1.953125e+03 0.000000e+00 2.500000e+04 2.170859e-02 0.000000e+00 4.523795e-02 -1.052117e+05 2.243278e+05 9.103403e+04 2.733750e+02 5.183270e-01 -3.121215e+04 1.818847e+00 
2.343750e+03 0.000000e+00 2.500000e+04 2.405763e-02 0.000000e+00 4.169443e-02 -7.890204e+04 1.676314e+05 6.826967e+04 8.050484e+02 3.288351e-01 -2.907689e+04 1.054639e+00 
2.734375e+03 0.000000e+00 2.500000e+04 2.571270e-02 0.000000e+00 3.812549e-02 -5.496079e+04 1.162349e+05 4.755460e+04 1.092888e+03 -1.589085e-01 -2.545951e+04 -1.753653e-01 
3.125000e+03 0.000000e+00 2.500000e+04 2.676226e-02 0.000000e+00 3.466455e-02 -3.430710e+04 7.206302e+04 2.968408e+04 1.174193e+03 -5.777260e-01 -2.121362e+04 -3.386580e-01 
3.515625e+03 0.000000e+00 2.500000e+04 2.730950e-02 0.000000e+00 3.140032e-02 -1.723870e+04 3.568650e+04 1.491572e+04 1.113886e+03 -5.077650e-01 -1.697421e+04 -5.655559e-01 
3.906250e+03 0.000000e+00 2.500000e+04 2.745690e-02 0.000000e+00 2.838302e-02 -3.620112e+03 6.753578e+03 3.132287e+03 9.744699e+02 -3.230740e-01 -1.312577e+04 -1.232245e+00 
4.296875e+03 0.000000e+00 2.500000e+04 2.729682e-02 0.000000e+00 2.563354e-02 6.922221e+03 -1.558409e+04 -5.989424e+03 8.068541e+02 -2.034398e-01 -9.844815e+03 -9.411868e-01 
4.687500e+03 0.000000e+00 2.500000e+04 2.690763e-02 0.000000e+00 2.315277e-02 1.486022e+04 -3.236617e+04 -1.285775e+04 6.432533e+02 4.029137e-02 -7.166769e+03 -1.150586e-01 
5.078125e+03 0.000000e+00 2.500000e+04 2.635299e-02 0.000000e+00 2.092921e-02 2.067298e+04 -4.463137e+04 -1.788721e+04 4.996449e+02 6.213499e-01 -5.046899e+03 -1.312453e-01 
5.468750e+03 0.000000e+00 2.500000e+04 2.568292e-02 0.000000e+00 1.894432e-02 2.479952e+04 -5.331954e+04 -2.145768e+04 3.786746e+02 1.207101e+00 -3.407279e+03 -4.510547e-01 
5.859375e+03 0.000000e+00 2.500000e+04 2.493605e-02 0.000000e+00 1.717648e-02 2.761476e+04 -5.922998e+04 -2.389356e+04 2.792640e+02 1.204370e+00 -2.161939e+03 -2.154537e-01 
6.250000e+03 0.000000e+00 2.500000e+04 2.414136e-02 0.000000e+00 1.560355e-02 2.942380e+04 -6.301370e+04 -2.545883e+04 2.011164e+02 9.081860e-01 -1.229717e+03 -2.582921e-01 
6.640625e+03 0.000000e+00 2.500000e+04 2.332054e-02 0.000000e+00 1.420409e-02 3.047080e+04 -6.519054e+04 -2.636474e+04 1.428677e+02 5.257028e-01 -5.410419e+02 -9.299158e-01 
7.031250e+03 0.000000e+00 2.500000e+04 2.248947e-02 0.000000e+00 1.295808e-02 3.094790e+04 -6.616855e+04 -2.677755e+04 1.023830e+02 -1.611657e-01 -3.995207e+01 -9.711066e-01 
7.421875e+03 0.000000e+00 2.500000e+04 2.165960e-02 0.000000e+00 1.184738e-02 3.100771e+04 -6.626659e+04 -2.682929e+04 7.276139e+01 -7.946465e-01 3.181638e+02 -2.422751e-01 
7.812500e+03 0.000000e+00 2.500000e+04 2.083900e-02 0.000000e+00 1.085586e-02 3.076800e+04 -6.573024e+04 -2.662189e+04 4.813379e+01 -1.051811e+00 5.692817e+02 1.342503e-01 
8.203125e+03 0.000000e+00 2.500000e+04 2.003337e-02 0.000000e+00 9.969250e-03 3.031252e+04 -6.474008e+04 -2.622778e+04 3.031903e+01 -1.125346e+00 7.398667e+02 -7.333630e-02 
8.593750e+03 0.000000e+00 2.500000e+04 1.924647e-02 0.000000e+00 9.174915e-03 2.970715e+04 -6.343560e+04 -2.570399e+04 1.814372e+01 -1.086083e+00 8.506089e+02 -1.964018e-01 
8.984375e+03 0.000000e+00 2.500000e+04 1.848067e-02 0.000000e+00 8.461930e-03 2.900306e+04 -6.192340e+04 -2.509478e+04 9.003415e+00 -8.995691e-01 9.173047e+02 -1.165021e-01 
9.375000e+03 0.000000e+00 2.500000e+04 1.773740e-02 0.000000e+00 7.820807e-03 2.823679e+04 -6.028132e+04 -2.443177e+04 2.718802e+00 -6.710984e-01 9.517600e+02 -2.249674e-01 
9.765625e+03 0.000000e+00 2.500000e+04 1.701727e-02 0.000000e+00 7.243253e-03 2.743692e+04 -5.856884e+04 -2.373968e+04 -2.226457e+00 -4.624160e-01 9.628280e+02 -1.004984e-01 
1.015625e+04 0.000000e+00 2.500000e+04 1.632046e-02 0.000000e+00 6.721988e-03 2.662315e+04 -5.682791e+04 -2.303557e+04 -5.961804e+00 -4.014852e-01 9.561944e+02 3.496873e-01 
1.054688e+04 0.000000e+00 2.500000e+04 1.564675e-02 0.000000e+00 6.250734e-03 2.580907e+04 -5.508876e+04 -2.233119e+04 -7.256995e+00 -6.245102e-01 9.379652e+02 1.591463e-01 
1.093750e+04 0.000000e+00 2.500000e+04 1.499562e-02 0.000000e+00 5.824051e-03 2.500708e+04 -5.337607e+04 -2.163727e+04 -7.881705e+00 -7.250823e-01 9.115386e+02 -1.007102e+00 
1.132812e+04 0.000000e+00 2.500000e+04 1.436627e-02 0.000000e+00 5.437003e-03 2.422497e+04 -5.170550e+04 -2.096056e+04 -8.851413e+00 -3.638569e-01 8.792486e+02 -2.197735e+00 
1.171875e+04 0.000000e+00 2.500000e+04 1.375802e-02 0.000000e+00 5.085303e-03 2.346710e+04 -5.008753e+04 -2.030481e+04 -8.962756e+00 -3.545224e-01 8.444971e+02 -2.061481e+00 
1.210938e+04 0.000000e+00 2.500000e+04 1.317005e-02 0.000000e+00 4.765378e-03 2.273943e+04 -4.853333e+04 -1.967520e+04 -9.773488e+00 -9.053496e-01 8.077465e+02 -1.142535e+00 
1.250000e+04 0.000000e+00 2.500000e+04 1.260114e-02 0.000000e+00 4.474020e-03 2.204181e+04 -4.704399e+04 -1.907159e+04 -9.863508e+00 -7.949641e-01 7.701330e+02 -1.038898e+00 
1.289062e+04 0.000000e+00 2.500000e+04 1.205042e-02 0.000000e+00 4.208325e-03 2.137380e+04 -4.561968e+04 -1.849360e+04 -8.125937e+00 -1.606261e-01 7.326648e+02 -1.110074e+00 
1.328125e+04 0.000000e+00 2.500000e+04 1.151717e-02 0.000000e+00 3.965715e-03 2.073873e+04 -4.426477e+04 -1.794411e+04 -7.324899e+00 -1.769495e-01 6.943788e+02 -5.488316e-01 
1.367188e+04 0.000000e+00 2.500000e+04 1.100033e-02 0.000000e+00 3.743945e-03 2.013763e+04 -4.298044e+04 -1.742400e+04 -8.450140e+00 -7.591089e-01 6.570159e+02 -1.707793e-01 
1.406250e+04 0.000000e+00 2.500000e+04 1.049887e-02 0.000000e+00 3.541148e-03 1.956808e+04 -4.176429e+04 -1.693120e+04 -8.753176e+00 -1.394669e+00 6.221017e+02 1.209002e-01 
1.445312e+04 0.000000e+00 2.500000e+04 1.001196e-02 0.000000e+00 3.355609e-03 1.902843e+04 -4.061333e+04 -1.646427e+04 -7.692723e+00 -1.789829e+00 5.872991e+02 7.437846e-01 
1.484375e+04 0.000000e+00 2.500000e+04 9.538760e-03 0.000000e+00 3.185719e-03 1.852011e+04 -3.952740e+04 -1.602445e+04 -8.477421e+00 -1.789858e+00 5.525840e+02 1.302849e+00 
1.523438e+04 0.000000e+00 2.500000e+04 9.078456e-03 0.000000e+00 3.030110e-03 1.804059e+04 -3.850227e+04 -1.560955e+04 -9.958345e+00 -1.734687e+00 5.200303e+02 2.104235e+00 
1.562500e+04 0.000000e+00 2.500000e+04 8.630361e-03 0.000000e+00 2.887599e-03 1.758723e+04 -3.753440e+04 -1.521728e+04 -1.001466e+01 -1.873060e+00 4.886444e+02 3.000844e+00 
1.601562e+04 0.000000e+00 2.500000e+04 8.193749e-03 0.000000e+00 2.757080e-03 1.715928e+04 -3.662211e+04 -1.484699e+04 -8.723703e+00 -1.870700e+00 4.579864e+02 2.900153e+00 
1.640625e+04 0.000000e+00 2.500000e+04 7.767883e-03 0.000000e+00 2.637519e-03 1.675826e+04 -3.576615e+04 -1.450002e+04 -8.613042e+00 -1.372110e+00 4.290041e+02 2.075367e+00 
1.679688e+04 0.000000e+00 2.500000e+04 7.352048e-03 0.000000e+00 2.528005e-03 1.638395e+04 -3.496546e+04 -1.417615e+04 -1.025104e+01 -4.994989e-01 4.013448e+02 1.375101e+00 
1.718750e+04 0.000000e+00 2.500000e+04 6.945608e-03 0.000000e+00 2.427747e-03 1.603249e+04 -3.421416e+04 -1.387205e+04 -1.127333e+01 5.794869e-01 3.748933e+02 4.217702e-01 
1.757812e+04 0.000000e+00 2.500000e+04 6.547972e-03 0.000000e+00 2.336064e-03 1.570158e+04 -3.350889e+04 -1.358573e+04 -1.011310e+01 1.789733e+00 3.497905e+02 -9.563523e-01 
1.796875e+04 0.000000e+00 2.500000e+04 6.158585e-03 0.000000e+00 2.252232e-03 1.539049e+04 -3.284814e+04 -1.331656e+04 -6.776058e+00 2.752323e+00 3.247394e+02 -1.777510e+00 
1.835938e+04 0.000000e+00 2.500000e+04 5.776940e-03 0.000000e+00 2.175544e-03 1.510122e+04 -3.223304e+04 -1.306627e+04 -4.341232e+00 3.167556e+00 2.999564e+02 -1.411917e+00 
1.875000e+04 0.000000e+00 2.500000e+04 5.402447e-03 0.000000e+00 2.105532e-03 1.483540e+04 -3.166544e+04 -1.283627e+04 -4.502908e+00 3.331275e+00 2.769800e+02 -4.208509e-01 
1.914062e+04 0.000000e+00 2.500000e+04 5.034472e-03 0.000000e+00 2.041839e-03 1.458895e+04 -3.114002e+04 -1.262303e+04 -3.806843e+00 3.820067e+00 2.550988e+02 2.052470e-01 
1.953125e+04 0.000000e+00 2.500000e+04 4.672525e-03 0.000000e+00 1.983995e-03 1.436080e+04 -3.065378e+04 -1.242563e+04 -3.003098e+00 4.543798e+00 2.339912e+02 5.091614e-01 
1.992188e+04 0.000000e+00 2.500000e+04 4.316233e-03 0.000000e+00 1.931555e-03 1.415025e+04 -3.020479e+04 -1.224345e+04 -2.511652e+00 4.690274e+00 2.142336e+02 1.168152e+00 
2.031250e+04 0.000000e+00 2.500000e+04 3.965208e-03 0.000000e+00 1.884240e-03 1.395663e+04 -2.979277e+04 -1.207591e+04 -1.189770e+00 3.864850e+00 1.954862e+02 1.560255e+00 
2.070312e+04 0.000000e+00 2.500000e+04 3.618915e-03 0.000000e+00 1.841802e-03 1.378256e+04 -2.942076e+04 -1.192531e+04 -1.625217e+00 2.369430e+00 1.772648e+02 8.469590e-01 
2.109375e+04 0.000000e+00 2.500000e+04 3.276870e-03 0.000000e+00 1.803878e-03 1.362702e+04 -2.908683e+04 -1.179073e+04 -3.510614e+00 9.076101e-01 1.592386e+02 -4.516807e-02 
2.148438e+04 0.000000e+00 2.500000e+04 2.938580e-03 0.000000e+00 1.770155e-03 1.348856e+04 -2.878943e+04 -1.167092e+04 -5.318472e+00 -9.162208e-03 1.415298e+02 -7.358343e-02 
2.187500e+04 0.000000e+00 2.500000e+04 2.603601e-03 0.000000e+00 1.740518e-03 1.336483e+04 -2.852457e+04 -1.156387e+04 -6.061249e+00 -5.978401e-01 1.244696e+02 -1.177779e-01 
2.226562e+04 0.000000e+00 2.500000e+04 2.271594e-03 0.000000e+00 1.714874e-03 1.325356e+04 -2.828832e+04 -1.146759e+04 -4.774103e+00 -9.494729e-01 1.085471e+02 -1.022770e+00 
2.265625e+04 0.000000e+00 2.500000e+04 1.942241e-03 0.000000e+00 1.693074e-03 1.315647e+04 -2.808336e+04 -1.138358e+04 -2.464035e+00 -8.796088e-01 9.313739e+01 -1.887988e+00 
2.304688e+04 0.000000e+00 2.500000e+04 1.615196e-03 0.000000e+00 1.674831e-03 1.307501e+04 -2.791099e+04 -1.131310e+04 -9.431836e-01 -6.108735e-01 7.680913e+01 -2.206309e+00 
2.343750e+04 0.000000e+00 2.500000e+04 1.290017e-03 0.000000e+00 1.659967e-03 1.301010e+04 -2.777165e+04 -1.125694e+04 -1.712937e+00 -4.500054e-01 6.082584e+01 -2.071526e+00 
2.382812e+04 0.000000e+00 2.500000e+04 9.662825e-04 0.000000e+00 1.648413e-03 1.296310e+04 -2.766770e+04 -1.121627e+04 -5.331516e+00 -5.165040e-01 4.678394e+01 -7.885425e-01 
2.421875e+04 0.000000e+00 2.500000e+04 6.436017e-04 0.000000e+00 1.640220e-03 1.292817e+04 -2.759232e+04 -1.118605e+04 -6.142667e+00 -8.420963e-01 3.301941e+01 1.195271e+00 
2.460938e+04 0.000000e+00 2.500000e+04 3.216451e-04 0.000000e+00 1.635380e-03 1.290461e+04 -2.754430e+04 -1.116566e+04 -3.859055e+00 -8.721599e-01 1.767945e+01 -1.513629e-01 
2.500000e+04 0.000000e+00 2.500000e+04 0.000000e+00 0.000000e+00 1.634207e-03 1.289690e+04 -2.752859e+04 -1.115899e+04 -3.110423e+00 -6.771259e-01 9.551070e+00 -2.424570e+00 
