#1 2 3 4 5 6 7  8  9 10 11 12 13
#x y z u v w p xx yy zz xy xz yz
0.000000e+00 0.000000e+00 2.500000e+04 0.000000e+00 0.000000e+00 5.808015e-02 -2.212855e+05 4.729796e+05 1.914664e+05 -5.893456e+02 3.871973e-02 -1.127873e+03 -7.969141e-01 
1.562500e+02 0.000000e+00 2.500000e+04 2.276154e-03 0.000000e+00 5.798914e-02 -2.202842e+05 4.708352e+05 1.906001e+05 -5.824678e+02 9.304284e-02 -2.238299e+03 -8.036094e-01 
3.125000e+02 0.000000e+00 2.500000e+04 4.531120e-03 0.000000e+00 5.771773e-02 -2.173137e+05 4.644690e+05 1.880298e+05 -5.577555e+02 1.928731e-01 -4.410032e+03 -7.958049e-01 
4.687500e+02 0.000000e+00 2.500000e+04 6.744338e-03 0.000000e+00 5.727081e-02 -2.124603e+05 4.540655e+05 1.838305e+05 -5.148983e+02 2.473100e-01 -6.453751e+03 -8.256913e-01 
6.250000e+02 0.000000e+00 2.500000e+04 8.896472e-03 0.000000e+00 5.665627e-02 -2.058574e+05 4.399147e+05 1.781173e+05 -4.597037e+02 2.889502e-01 -8.315382e+03 -9.296567e-01 
7.812500e+02 0.000000e+00 2.500000e+04 1.096991e-02 0.000000e+00 5.588462e-02 -1.976845e+05 4.224032e+05 1.710457e+05 -3.954078e+02 3.866838e-01 -9.950933e+03 -9.718512e-01 
9.375000e+02 0.000000e+00 2.500000e+04 1.294922e-02 0.000000e+00 5.496866e-02 -1.881556e+05 4.019902e+05 1.628009e+05 -3.242292e+02 5.217171e-01 -1.132780e+04 -8.378599e-01 
1.093750e+03 0.000000e+00 2.500000e+04 1.482141e-02 0.000000e+00 5.392294e-02 -1.775072e+05 3.791830e+05 1.535874e+05 -2.488582e+02 6.432275e-01 -1.242786e+04 -6.617466e-01 
1.250000e+03 0.000000e+00 2.500000e+04 1.657614e-02 0.000000e+00 5.276321e-02 -1.659847e+05 3.545105e+05 1.436176e+05 -1.739558e+02 6.920944e-01 -1.324544e+04 -6.497263e-01 
1.406250e+03 0.000000e+00 2.500000e+04 1.820574e-02 0.000000e+00 5.150588e-02 -1.538359e+05 3.285043e+05 1.331059e+05 -1.025335e+02 6.714701e-01 -1.378664e+04 -8.098181e-01 
1.562500e+03 0.000000e+00 2.500000e+04 1.970518e-02 0.000000e+00 5.016754e-02 -1.412998e+05 3.016770e+05 1.222591e+05 -3.661995e+01 6.675450e-01 -1.406663e+04 -9.636525e-01 
1.718750e+03 0.000000e+00 2.500000e+04 2.107189e-02 0.000000e+00 4.876455e-02 -1.285983e+05 2.745036e+05 1.112691e+05 2.201548e+01 6.632722e-01 -1.410764e+04 -8.864590e-01 
1.875000e+03 0.000000e+00 2.500000e+04 2.230559e-02 0.000000e+00 4.731264e-02 -1.159331e+05 2.474146e+05 1.003106e+05 7.400028e+01 5.597961e-01 -1.393972e+04 -6.902059e-01 
2.031250e+03 0.000000e+00 2.500000e+04 2.340795e-02 0.000000e+00 4.582656e-02 -1.034767e+05 2.207804e+05 8.953280e+04 1.169005e+02 4.398947e-01 -1.359455e+04 -5.606720e-01 
2.187500e+03 0.000000e+00 2.500000e+04 2.438232e-02 0.000000e+00 4.431990e-02 -9.137385e+04 1.949108e+05 7.906085e+04 1.498711e+02 4.649461e-01 -1.310369e+04 -3.626044e-01 
2.343750e+03 0.000000e+00 2.500000e+04 2.523341e-02 0.000000e+00 4.280494e-02 -7.974363e+04 1.700581e+05 6.899785e+04 1.749332e+02 5.127642e-01 -1.249969e+04 -1.482533e-01 
2.500000e+03 0.000000e+00 2.500000e+04 2.596703e-02 0.000000e+00 4.129259e-02 -6.867686e+04 1.464152e+05 5.942237e+04 1.930164e+02 3.874005e-01 -1.181248e+04 -1.649837e-01 
2.656250e+03 0.000000e+00 2.500000e+04 2.658972e-02 0.000000e+00 3.979233e-02 -5.823799e+04 1.241192e+05 5.039019e+04 2.045883e+02 1.912211e-01 -1.106932e+04 -1.952144e-01 
2.812500e+03 0.000000e+00 2.500000e+04 2.710854e-02 0.000000e+00 3.831220e-02 -4.846754e+04 1.032579e+05 4.193634e+04 2.083798e+02 6.665544e-02 -1.029448e+04 -6.481010e-02 
2.968750e+03 0.000000e+00 2.500000e+04 2.753085e-02 0.000000e+00 3.685901e-02 -3.939023e+04 8.388128e+04 3.408224e+04 2.071714e+02 -1.494437e-02 -9.507111e+03 -1.157745e-01 
3.125000e+03 0.000000e+00 2.500000e+04 2.786412e-02 0.000000e+00 3.543831e-02 -3.101409e+04 6.600335e+04 2.683482e+04 2.041026e+02 -1.624374e-01 -8.723627e+03 -2.503241e-01 
3.281250e+03 0.000000e+00 2.500000e+04 2.811578e-02 0.000000e+00 3.405448e-02 -2.333109e+04 4.960703e+04 2.018713e+04 1.991008e+02 -3.740233e-01 -7.958336e+03 -1.170072e-01 
3.437500e+03 0.000000e+00 2.500000e+04 2.829303e-02 0.000000e+00 3.271091e-02 -1.632282e+04 3.465358e+04 1.412325e+04 1.916265e+02 -4.778663e-01 -7.220658e+03 7.243352e-02 
3.593750e+03 0.000000e+00 2.500000e+04 2.840287e-02 0.000000e+00 3.141011e-02 -9.962112e+03 2.108598e+04 8.619677e+03 1.806821e+02 -4.611528e-01 -6.516933e+03 1.468185e-01 
3.750000e+03 0.000000e+00 2.500000e+04 2.845193e-02 0.000000e+00 3.015381e-02 -4.218311e+03 8.836643e+03 3.649877e+03 1.684142e+02 -4.733271e-01 -5.853004e+03 2.919000e-01 
3.906250e+03 0.000000e+00 2.500000e+04 2.844645e-02 0.000000e+00 2.894303e-02 9.423301e+02 -2.168680e+03 -8.153473e+02 1.570365e+02 -5.174445e-01 -5.232233e+03 3.908434e-01 
4.062500e+03 0.000000e+00 2.500000e+04 2.839227e-02 0.000000e+00 2.777829e-02 5.559036e+03 -1.201233e+04 -4.809933e+03 1.451601e+02 -5.208614e-01 -4.655574e+03 6.856273e-02 
4.218750e+03 0.000000e+00 2.500000e+04 2.829482e-02 0.000000e+00 2.665960e-02 9.670614e+03 -2.077758e+04 -8.367459e+03 1.332016e+02 -5.152454e-01 -4.123141e+03 -5.399793e-01 
4.375000e+03 0.000000e+00 2.500000e+04 2.815910e-02 0.000000e+00 2.558656e-02 1.331526e+04 -2.854708e+04 -1.152098e+04 1.222677e+02 -5.646455e-01 -3.634768e+03 -1.073461e+00 
4.531250e+03 0.000000e+00 2.500000e+04 2.798969e-02 0.000000e+00 2.455847e-02 1.653124e+04 -3.540271e+04 -1.430359e+04 1.125813e+02 -6.321003e-01 -3.189368e+03 -1.487646e+00 
4.687500e+03 0.000000e+00 2.500000e+04 2.779076e-02 0.000000e+00 2.357437e-02 1.935696e+04 -4.142505e+04 -1.674853e+04 1.026904e+02 -6.267542e-01 -2.784364e+03 -1.700888e+00 
4.843750e+03 0.000000e+00 2.500000e+04 2.756609e-02 0.000000e+00 2.263313e-02 2.182882e+04 -4.669041e+04 -1.888730e+04 9.125058e+01 -5.758119e-01 -2.417176e+03 -1.539783e+00 
5.000000e+03 0.000000e+00 2.500000e+04 2.731911e-02 0.000000e+00 2.173346e-02 2.397803e+04 -5.126766e+04 -2.074690e+04 8.045811e+01 -5.736249e-01 -2.085308e+03 -1.091155e+00 
5.156250e+03 0.000000e+00 2.500000e+04 2.705292e-02 0.000000e+00 2.087402e-02 2.583335e+04 -5.522047e+04 -2.235221e+04 7.260987e+01 -5.947708e-01 -1.786270e+03 -6.608329e-01 
5.312500e+03 0.000000e+00 2.500000e+04 2.677032e-02 0.000000e+00 2.005335e-02 2.742397e+04 -5.861054e+04 -2.372848e+04 6.709699e+01 -5.375683e-01 -1.518040e+03 -3.492939e-01 
5.468750e+03 0.000000e+00 2.500000e+04 2.647379e-02 0.000000e+00 1.926993e-02 2.877921e+04 -6.149803e+04 -2.490109e+04 6.150365e+01 -4.350635e-01 -1.278000e+03 -9.609344e-02 
5.625000e+03 0.000000e+00 2.500000e+04 2.616557e-02 0.000000e+00 1.852228e-02 2.992372e+04 -6.393505e+04 -2.589138e+04 5.526719e+01 -3.698078e-01 -1.063464e+03 1.163717e-01 
5.781250e+03 0.000000e+00 2.500000e+04 2.584764e-02 0.000000e+00 1.780885e-02 3.087964e+04 -6.596852e+04 -2.671848e+04 4.808909e+01 -2.888361e-01 -8.723881e+02 5.133517e-01 
5.937500e+03 0.000000e+00 2.500000e+04 2.552179e-02 0.000000e+00 1.712814e-02 3.166647e+04 -6.764093e+04 -2.739929e+04 4.079393e+01 -1.298982e-01 -7.024100e+02 1.136879e+00 
6.093750e+03 0.000000e+00 2.500000e+04 2.518958e-02 0.000000e+00 1.647873e-02 3.230216e+04 -6.899156e+04 -2.794932e+04 3.438931e+01 9.237810e-02 -5.515384e+02 1.655926e+00 
6.250000e+03 0.000000e+00 2.500000e+04 2.485242e-02 0.000000e+00 1.585914e-02 3.280280e+04 -7.005574e+04 -2.838249e+04 2.981656e+01 3.047388e-01 -4.182748e+02 1.970994e+00 
6.406250e+03 0.000000e+00 2.500000e+04 2.451156e-02 0.000000e+00 1.526797e-02 3.318310e+04 -7.086519e+04 -2.871154e+04 2.744230e+01 4.186668e-01 -3.008801e+02 2.030225e+00 
6.562500e+03 0.000000e+00 2.500000e+04 2.416808e-02 0.000000e+00 1.470386e-02 3.345794e+04 -7.145011e+04 -2.894935e+04 2.563663e+01 4.553078e-01 -1.977729e+02 1.694821e+00 
6.718750e+03 0.000000e+00 2.500000e+04 2.382295e-02 0.000000e+00 1.416547e-02 3.364215e+04 -7.183961e+04 -2.910874e+04 2.188633e+01 4.679996e-01 -1.069413e+02 1.180212e+00 
6.875000e+03 0.000000e+00 2.500000e+04 2.347701e-02 0.000000e+00 1.365156e-02 3.374582e+04 -7.205635e+04 -2.919844e+04 1.731186e+01 4.098585e-01 -2.682803e+01 8.615452e-01 
7.031250e+03 0.000000e+00 2.500000e+04 2.313097e-02 0.000000e+00 1.316090e-02 3.377670e+04 -7.211924e+04 -2.922515e+04 1.429554e+01 2.499380e-01 4.340668e+01 9.469813e-01 
7.187500e+03 0.000000e+00 2.500000e+04 2.278550e-02 0.000000e+00 1.269235e-02 3.374437e+04 -7.204827e+04 -2.919718e+04 1.234041e+01 3.965912e-02 1.044276e+02 1.235782e+00 
7.343750e+03 0.000000e+00 2.500000e+04 2.244113e-02 0.000000e+00 1.224480e-02 3.365627e+04 -7.185925e+04 -2.912095e+04 1.140037e+01 -1.125680e-01 1.570507e+02 1.215177e+00 
7.500000e+03 0.000000e+00 2.500000e+04 2.209836e-02 0.000000e+00 1.181722e-02 3.352076e+04 -7.156876e+04 -2.900370e+04 1.017893e+01 -1.552264e-01 2.030003e+02 9.248580e-01 
7.656250e+03 0.000000e+00 2.500000e+04 2.175760e-02 0.000000e+00 1.140860e-02 3.334444e+04 -7.119080e+04 -2.885115e+04 8.609542e+00 -1.662701e-01 2.428507e+02 7.554159e-01 
7.812500e+03 0.000000e+00 2.500000e+04 2.141922e-02 0.000000e+00 1.101802e-02 3.313166e+04 -7.073573e+04 -2.866704e+04 7.787732e+00 -1.461820e-01 2.761888e+02 6.448812e-01 
7.968750e+03 0.000000e+00 2.500000e+04 2.108353e-02 0.000000e+00 1.064454e-02 3.288874e+04 -7.021601e+04 -2.845685e+04 6.635914e+00 -2.993643e-02 3.038618e+02 4.271652e-01 
8.125000e+03 0.000000e+00 2.500000e+04 2.075078e-02 0.000000e+00 1.028732e-02 3.261985e+04 -6.964099e+04 -2.822419e+04 5.646339e+00 1.180533e-01 3.274089e+02 4.232506e-02 
8.281250e+03 0.000000e+00 2.500000e+04 2.042120e-02 0.000000e+00 9.945573e-03 3.232900e+04 -6.901880e+04 -2.797253e+04 4.348479e+00 2.282061e-01 3.476193e+02 -4.462565e-01 
8.437500e+03 0.000000e+00 2.500000e+04 2.009496e-02 0.000000e+00 9.618506e-03 3.201915e+04 -6.835623e+04 -2.770444e+04 3.216276e+00 3.326820e-01 3.648850e+02 -6.028542e-01 
8.593750e+03 0.000000e+00 2.500000e+04 1.977223e-02 0.000000e+00 9.305405e-03 3.169241e+04 -6.765936e+04 -2.742173e+04 3.865362e+00 4.931796e-01 3.791252e+02 -2.933528e-01 
8.750000e+03 0.000000e+00 2.500000e+04 1.945311e-02 0.000000e+00 9.005596e-03 3.135315e+04 -6.693564e+04 -2.712819e+04 4.369710e+00 7.384588e-01 3.900163e+02 9.729934e-03 
8.906250e+03 0.000000e+00 2.500000e+04 1.913771e-02 0.000000e+00 8.718408e-03 3.100470e+04 -6.619068e+04 -2.682669e+04 3.279866e+00 1.002995e+00 3.983422e+02 1.645299e-01 
9.062500e+03 0.000000e+00 2.500000e+04 1.882611e-02 0.000000e+00 8.443226e-03 3.064866e+04 -6.542878e+04 -2.651863e+04 1.430102e+00 1.211821e+00 4.048480e+02 3.080420e-01 
9.218750e+03 0.000000e+00 2.500000e+04 1.851834e-02 0.000000e+00 8.179503e-03 3.028615e+04 -6.465369e+04 -2.620497e+04 2.075370e-01 1.383089e+00 4.098028e+02 3.329256e-01 
9.375000e+03 0.000000e+00 2.500000e+04 1.821447e-02 0.000000e+00 7.926692e-03 2.991778e+04 -6.386764e+04 -2.588623e+04 5.457663e-01 1.563263e+00 4.131207e+02 2.741757e-01 
9.531250e+03 0.000000e+00 2.500000e+04 1.791453e-02 0.000000e+00 7.684241e-03 2.954530e+04 -6.307358e+04 -2.556395e+04 1.644215e+00 1.736970e+00 4.147119e+02 1.542194e-01 
9.687500e+03 0.000000e+00 2.500000e+04 1.761851e-02 0.000000e+00 7.451673e-03 2.917246e+04 -6.227726e+04 -2.524136e+04 1.228285e+00 1.794656e+00 4.146691e+02 -2.703518e-01 
9.843750e+03 0.000000e+00 2.500000e+04 1.732644e-02 0.000000e+00 7.228498e-03 2.880009e+04 -6.148074e+04 -2.491916e+04 -3.729426e-01 1.735057e+00 4.131324e+02 -8.648205e-01 
1.000000e+04 0.000000e+00 2.500000e+04 1.703827e-02 0.000000e+00 7.014253e-03 2.842773e+04 -6.068500e+04 -2.459698e+04 -1.210570e+00 1.691298e+00 4.111235e+02 -1.113657e+00 
1.015625e+04 0.000000e+00 2.500000e+04 1.675400e-02 0.000000e+00 6.808543e-03 2.805583e+04 -5.989171e+04 -2.427519e+04 -5.845570e-01 1.692361e+00 4.085724e+02 -8.599641e-01 
1.031250e+04 0.000000e+00 2.500000e+04 1.647359e-02 0.000000e+00 6.610967e-03 2.768675e+04 -5.910417e+04 -2.395584e+04 -2.201728e-01 1.696147e+00 4.048662e+02 -2.184137e-01 
1.046875e+04 0.000000e+00 2.500000e+04 1.619700e-02 0.000000e+00 6.421136e-03 2.732104e+04 -5.832326e+04 -2.363942e+04 -4.295886e-01 1.661820e+00 4.005198e+02 6.505866e-01 
1.062500e+04 0.000000e+00 2.500000e+04 1.592418e-02 0.000000e+00 6.238723e-03 2.695937e+04 -5.754981e+04 -2.332649e+04 -1.821844e+00 1.644850e+00 3.958832e+02 1.232722e+00 
1.078125e+04 0.000000e+00 2.500000e+04 1.565509e-02 0.000000e+00 6.063439e-03 2.660126e+04 -5.678413e+04 -2.301664e+04 -3.021259e+00 1.774790e+00 3.910294e+02 1.192554e+00 
1.093750e+04 0.000000e+00 2.500000e+04 1.538970e-02 0.000000e+00 5.894944e-03 2.624657e+04 -5.602675e+04 -2.270974e+04 -3.216706e+00 1.982386e+00 3.857819e+02 9.075288e-01 
1.109375e+04 0.000000e+00 2.500000e+04 1.512795e-02 0.000000e+00 5.732918e-03 2.589668e+04 -5.527959e+04 -2.240700e+04 -3.453404e+00 2.052330e+00 3.802503e+02 6.069306e-01 
1.125000e+04 0.000000e+00 2.500000e+04 1.486980e-02 0.000000e+00 5.577098e-03 2.555069e+04 -5.454165e+04 -2.210764e+04 -2.794460e+00 1.934913e+00 3.746318e+02 9.284354e-02 
1.140625e+04 0.000000e+00 2.500000e+04 1.461520e-02 0.000000e+00 5.427188e-03 2.520947e+04 -5.381422e+04 -2.181239e+04 -1.803371e+00 1.761347e+00 3.685869e+02 -3.579328e-01 
1.156250e+04 0.000000e+00 2.500000e+04 1.436407e-02 0.000000e+00 5.282896e-03 2.487324e+04 -5.309800e+04 -2.152147e+04 -2.429686e-01 1.645833e+00 3.619096e+02 -3.159414e-01 
1.171875e+04 0.000000e+00 2.500000e+04 1.411634e-02 0.000000e+00 5.143988e-03 2.454395e+04 -5.239501e+04 -2.123655e+04 -2.858413e-01 1.582138e+00 3.552110e+02 -1.373873e-01 
1.187500e+04 0.000000e+00 2.500000e+04 1.387196e-02 0.000000e+00 5.010278e-03 2.422179e+04 -5.170588e+04 -2.095781e+04 -1.687914e+00 1.526071e+00 3.488778e+02 -1.996357e-01 
1.203125e+04 0.000000e+00 2.500000e+04 1.363086e-02 0.000000e+00 4.881534e-03 2.390350e+04 -5.102723e+04 -2.068240e+04 -8.555590e-01 1.529031e+00 3.419731e+02 -1.968955e-01 
1.218750e+04 0.000000e+00 2.500000e+04 1.339298e-02 0.000000e+00 4.757512e-03 2.359091e+04 -5.036062e+04 -2.041194e+04 -1.622498e-01 1.637104e+00 3.350046e+02 -3.335403e-02 
1.234375e+04 0.000000e+00 2.500000e+04 1.315826e-02 0.000000e+00 4.638060e-03 2.328497e+04 -4.970740e+04 -2.014723e+04 -2.881668e-01 1.772313e+00 3.288142e+02 -1.760296e-01 
1.250000e+04 0.000000e+00 2.500000e+04 1.292665e-02 0.000000e+00 4.523004e-03 2.298428e+04 -4.906617e+04 -1.988705e+04 3.937617e-01 1.838810e+00 3.220988e+02 -7.597461e-01 
1.265625e+04 0.000000e+00 2.500000e+04 1.269808e-02 0.000000e+00 4.412099e-03 2.269060e+04 -4.843866e+04 -1.963295e+04 -1.869458e-01 1.805823e+00 3.150744e+02 -1.242044e+00 
1.281250e+04 0.000000e+00 2.500000e+04 1.247248e-02 0.000000e+00 4.305170e-03 2.240193e+04 -4.782283e+04 -1.938318e+04 2.203204e-01 1.714652e+00 3.085130e+02 -1.462796e+00 
1.296875e+04 0.000000e+00 2.500000e+04 1.224979e-02 0.000000e+00 4.202102e-03 2.211903e+04 -4.722015e+04 -1.913840e+04 1.465270e+00 1.588964e+00 3.017828e+02 -2.055552e+00 
1.312500e+04 0.000000e+00 2.500000e+04 1.202995e-02 0.000000e+00 4.102734e-03 2.184382e+04 -4.663239e+04 -1.890028e+04 1.203302e+00 1.368520e+00 2.948849e+02 -2.918317e+00 
1.328125e+04 0.000000e+00 2.500000e+04 1.181290e-02 0.000000e+00 4.006856e-03 2.157590e+04 -4.605869e+04 -1.866846e+04 -5.584271e-01 1.082378e+00 2.882117e+02 -2.796458e+00 
1.343750e+04 0.000000e+00 2.500000e+04 1.159854e-02 0.000000e+00 3.914313e-03 2.131385e+04 -4.549795e+04 -1.844172e+04 -1.886924e+00 8.902206e-01 2.820560e+02 -1.301393e+00 
1.359375e+04 0.000000e+00 2.500000e+04 1.138680e-02 0.000000e+00 3.825050e-03 2.105531e+04 -4.494724e+04 -1.821802e+04 -6.561110e-01 8.902354e-01 2.759950e+02 9.268345e-02 
1.375000e+04 0.000000e+00 2.500000e+04 1.117764e-02 0.000000e+00 3.738994e-03 2.080237e+04 -4.440827e+04 -1.799916e+04 3.290809e-01 1.011496e+00 2.695635e+02 -5.128095e-02 
1.390625e+04 0.000000e+00 2.500000e+04 1.097102e-02 0.000000e+00 3.656000e-03 2.055602e+04 -4.388202e+04 -1.778601e+04 -1.236870e-02 1.097517e+00 2.631569e+02 -1.179039e+00 
1.406250e+04 0.000000e+00 2.500000e+04 1.076690e-02 0.000000e+00 3.575894e-03 2.031558e+04 -4.336792e+04 -1.757797e+04 -8.396186e-01 1.063055e+00 2.569994e+02 -1.673634e+00 
1.421875e+04 0.000000e+00 2.500000e+04 1.056520e-02 0.000000e+00 3.498552e-03 2.008101e+04 -4.286626e+04 -1.737502e+04 -1.762627e+00 9.247108e-01 2.511531e+02 -1.043023e+00 
1.437500e+04 0.000000e+00 2.500000e+04 1.036585e-02 0.000000e+00 3.423911e-03 1.985159e+04 -4.237614e+04 -1.717651e+04 -2.127618e+00 7.535290e-01 2.453814e+02 -2.791611e-01 
1.453125e+04 0.000000e+00 2.500000e+04 1.016880e-02 0.000000e+00 3.351886e-03 1.962632e+04 -4.189558e+04 -1.698160e+04 -1.795455e+00 6.230871e-01 2.395445e+02 -3.809389e-01 
1.468750e+04 0.000000e+00 2.500000e+04 9.973999e-03 0.000000e+00 3.282373e-03 1.940723e+04 -4.142736e+04 -1.679203e+04 -2.301977e+00 4.795551e-01 2.342792e+02 -1.168533e+00 
1.484375e+04 0.000000e+00 2.500000e+04 9.781402e-03 0.000000e+00 3.215266e-03 1.919279e+04 -4.097004e+04 -1.660648e+04 -1.837591e+00 2.090856e-01 2.292727e+02 -1.815931e+00 
1.500000e+04 0.000000e+00 2.500000e+04 9.590957e-03 0.000000e+00 3.150465e-03 1.898120e+04 -4.052104e+04 -1.642341e+04 8.523855e-01 -1.211069e-01 2.237730e+02 -2.003644e+00 
1.515625e+04 0.000000e+00 2.500000e+04 9.402608e-03 0.000000e+00 3.087886e-03 1.877558e+04 -4.008390e+04 -1.624549e+04 2.652157e+00 -3.781238e-01 2.178769e+02 -1.955873e+00 
1.531250e+04 0.000000e+00 2.500000e+04 9.216297e-03 0.000000e+00 3.027439e-03 1.857813e+04 -3.966119e+04 -1.607465e+04 1.451207e+00 -5.898325e-01 2.117002e+02 -1.795316e+00 
1.546875e+04 0.000000e+00 2.500000e+04 9.031961e-03 0.000000e+00 2.969032e-03 1.838736e+04 -3.925119e+04 -1.590959e+04 -1.297687e+00 -8.117119e-01 2.059184e+02 -1.352024e+00 
1.562500e+04 0.000000e+00 2.500000e+04 8.849535e-03 0.000000e+00 2.912608e-03 1.820126e+04 -3.885125e+04 -1.574856e+04 -3.952882e+00 -9.954965e-01 2.012890e+02 -5.837611e-01 
1.578125e+04 0.000000e+00 2.500000e+04 8.668976e-03 0.000000e+00 2.858143e-03 1.801776e+04 -3.845888e+04 -1.558979e+04 -4.594914e+00 -1.075428e+00 1.976318e+02 6.845480e-02 
1.593750e+04 0.000000e+00 2.500000e+04 8.490250e-03 0.000000e+00 2.805605e-03 1.783564e+04 -3.807288e+04 -1.543222e+04 -1.824211e+00 -1.047329e+00 1.934999e+02 1.344131e-02 
1.609375e+04 0.000000e+00 2.500000e+04 8.313327e-03 0.000000e+00 2.754904e-03 1.765900e+04 -3.769756e+04 -1.527938e+04 -5.717207e-02 -1.028104e+00 1.881174e+02 -8.269890e-01 
1.625000e+04 0.000000e+00 2.500000e+04 8.138165e-03 0.000000e+00 2.705934e-03 1.748825e+04 -3.733278e+04 -1.513164e+04 -3.368441e-01 -1.092219e+00 1.828410e+02 -1.734177e+00 
1.640625e+04 0.000000e+00 2.500000e+04 7.964708e-03 0.000000e+00 2.658625e-03 1.732371e+04 -3.697932e+04 -1.498927e+04 -2.536572e+00 -1.153032e+00 1.781328e+02 -1.844239e+00 
1.656250e+04 0.000000e+00 2.500000e+04 7.792894e-03 0.000000e+00 2.612924e-03 1.716443e+04 -3.663626e+04 -1.485146e+04 -5.581278e+00 -1.142765e+00 1.737301e+02 -1.134382e+00 
1.671875e+04 0.000000e+00 2.500000e+04 7.622680e-03 0.000000e+00 2.568809e-03 1.700758e+04 -3.629992e+04 -1.471574e+04 -7.078189e+00 -1.023768e+00 1.699120e+02 -3.705944e-01 
1.687500e+04 0.000000e+00 2.500000e+04 7.454032e-03 0.000000e+00 2.526262e-03 1.685303e+04 -3.597028e+04 -1.458202e+04 -6.800517e+00 -7.855883e-01 1.658619e+02 -2.883753e-01 
1.703125e+04 0.000000e+00 2.500000e+04 7.286925e-03 0.000000e+00 2.485219e-03 1.670081e+04 -3.564766e+04 -1.445030e+04 -4.457292e+00 -5.578200e-01 1.611468e+02 -9.237305e-01 
1.718750e+04 0.000000e+00 2.500000e+04 7.121323e-03 0.000000e+00 2.445601e-03 1.655268e+04 -3.533388e+04 -1.432214e+04 -2.021423e+00 -4.673768e-01 1.565988e+02 -1.591910e+00 
1.734375e+04 0.000000e+00 2.500000e+04 6.957183e-03 0.000000e+00 2.407351e-03 1.641038e+04 -3.503067e+04 -1.419901e+04 -1.449958e+00 -4.980923e-01 1.521158e+02 -1.672884e+00 
1.750000e+04 0.000000e+00 2.500000e+04 6.794453e-03 0.000000e+00 2.370413e-03 1.627305e+04 -3.473678e+04 -1.408019e+04 -2.176275e+00 -5.494738e-01 1.475247e+02 -1.075238e+00 
1.765625e+04 0.000000e+00 2.500000e+04 6.633083e-03 0.000000e+00 2.334744e-03 1.613952e+04 -3.445092e+04 -1.396466e+04 -2.991641e+00 -5.203195e-01 1.431534e+02 -4.568788e-02 
1.781250e+04 0.000000e+00 2.500000e+04 6.473034e-03 0.000000e+00 2.300333e-03 1.600862e+04 -3.417195e+04 -1.385140e+04 -2.523753e+00 -3.981897e-01 1.389943e+02 8.565503e-01 
1.796875e+04 0.000000e+00 2.500000e+04 6.314277e-03 0.000000e+00 2.267170e-03 1.588008e+04 -3.389925e+04 -1.374018e+04 -8.239927e-01 -1.993905e-01 1.353004e+02 1.131182e+00 
1.812500e+04 0.000000e+00 2.500000e+04 6.156786e-03 0.000000e+00 2.235223e-03 1.575633e+04 -3.363556e+04 -1.363310e+04 -3.271395e-01 5.858102e-03 1.314814e+02 8.549396e-01 
1.828125e+04 0.000000e+00 2.500000e+04 6.000531e-03 0.000000e+00 2.204416e-03 1.563670e+04 -3.337971e+04 -1.352959e+04 -8.035090e-01 9.645083e-02 1.269698e+02 3.810386e-01 
1.843750e+04 0.000000e+00 2.500000e+04 5.845478e-03 0.000000e+00 2.174707e-03 1.552073e+04 -3.313176e+04 -1.342925e+04 -1.186403e+00 6.428831e-02 1.228413e+02 7.157818e-02 
1.859375e+04 0.000000e+00 2.500000e+04 5.691574e-03 0.000000e+00 2.146073e-03 1.540724e+04 -3.289063e+04 -1.333105e+04 -3.309602e-02 5.915980e-02 1.190404e+02 2.765526e-01 
1.875000e+04 0.000000e+00 2.500000e+04 5.538767e-03 0.000000e+00 2.118464e-03 1.529735e+04 -3.265663e+04 -1.323597e+04 5.447362e-01 2.469630e-01 1.149231e+02 9.358614e-01 
1.890625e+04 0.000000e+00 2.500000e+04 5.387029e-03 0.000000e+00 2.091873e-03 1.519186e+04 -3.243081e+04 -1.314469e+04 -6.782224e-02 5.407856e-01 1.111224e+02 1.544139e+00 
1.906250e+04 0.000000e+00 2.500000e+04 5.236350e-03 0.000000e+00 2.066302e-03 1.508941e+04 -3.221181e+04 -1.305605e+04 -3.630266e-01 7.482647e-01 1.077473e+02 1.677963e+00 
1.921875e+04 0.000000e+00 2.500000e+04 5.086688e-03 0.000000e+00 2.041718e-03 1.499015e+04 -3.199931e+04 -1.297017e+04 -9.779139e-01 9.114383e-01 1.046470e+02 1.266461e+00 
1.937500e+04 0.000000e+00 2.500000e+04 4.938013e-03 0.000000e+00 2.018093e-03 1.489276e+04 -3.179177e+04 -1.288590e+04 -6.004373e-01 1.123010e+00 1.017042e+02 5.637826e-01 
1.953125e+04 0.000000e+00 2.500000e+04 4.790313e-03 0.000000e+00 1.995380e-03 1.479939e+04 -3.159204e+04 -1.280511e+04 -1.017518e+00 1.247453e+00 9.822633e+01 2.982202e-02 
1.968750e+04 0.000000e+00 2.500000e+04 4.643551e-03 0.000000e+00 1.973523e-03 1.471072e+04 -3.140069e+04 -1.272839e+04 -3.084244e+00 1.212012e+00 9.472656e+01 -7.071025e-02 
1.984375e+04 0.000000e+00 2.500000e+04 4.497674e-03 0.000000e+00 1.952525e-03 1.462436e+04 -3.121512e+04 -1.265367e+04 -4.287081e+00 1.182495e+00 9.187383e+01 7.532910e-02 
2.000000e+04 0.000000e+00 2.500000e+04 4.352647e-03 0.000000e+00 1.932384e-03 1.453891e+04 -3.103419e+04 -1.257974e+04 -2.810418e+00 1.253226e+00 8.873823e+01 1.664578e-01 
2.015625e+04 0.000000e+00 2.500000e+04 4.208447e-03 0.000000e+00 1.913061e-03 1.445552e+04 -3.085870e+04 -1.250758e+04 -2.680702e-01 1.346754e+00 8.534171e+01 1.490176e-01 
2.031250e+04 0.000000e+00 2.500000e+04 4.065052e-03 0.000000e+00 1.894544e-03 1.437607e+04 -3.069016e+04 -1.243883e+04 7.931998e-01 1.374739e+00 8.183474e+01 6.523253e-02 
2.046875e+04 0.000000e+00 2.500000e+04 3.922439e-03 0.000000e+00 1.876817e-03 1.430113e+04 -3.052981e+04 -1.237400e+04 4.108726e-01 1.350227e+00 7.788504e+01 -9.410265e-02 
2.062500e+04 0.000000e+00 2.500000e+04 3.780565e-03 0.000000e+00 1.859844e-03 1.423018e+04 -3.037718e+04 -1.231261e+04 -7.610213e-01 1.303472e+00 7.412845e+01 -1.752740e-01 
2.078125e+04 0.000000e+00 2.500000e+04 3.639402e-03 0.000000e+00 1.843603e-03 1.416031e+04 -3.022809e+04 -1.225215e+04 -6.976869e-01 1.278908e+00 7.131976e+01 8.932442e-02 
2.093750e+04 0.000000e+00 2.500000e+04 3.498924e-03 0.000000e+00 1.828095e-03 1.409211e+04 -3.008374e+04 -1.219314e+04 5.579080e-01 1.313075e+00 6.927290e+01 7.044673e-01 
2.109375e+04 0.000000e+00 2.500000e+04 3.359103e-03 0.000000e+00 1.813316e-03 1.402735e+04 -2.994644e+04 -1.213711e+04 1.498061e+00 1.330550e+00 6.679839e+01 1.210951e+00 
2.125000e+04 0.000000e+00 2.500000e+04 3.219916e-03 0.000000e+00 1.799247e-03 1.396526e+04 -2.981470e+04 -1.208339e+04 2.302337e+00 1.314207e+00 6.401253e+01 1.126065e+00 
2.140625e+04 0.000000e+00 2.500000e+04 3.081335e-03 0.000000e+00 1.785862e-03 1.390651e+04 -2.968949e+04 -1.203255e+04 2.513403e+00 1.247356e+00 6.148792e+01 5.634952e-01 
2.156250e+04 0.000000e+00 2.500000e+04 2.943336e-03 0.000000e+00 1.773133e-03 1.385168e+04 -2.957149e+04 -1.198511e+04 1.574561e+00 1.019590e+00 5.924546e+01 -4.120153e-02 
2.171875e+04 0.000000e+00 2.500000e+04 2.805886e-03 0.000000e+00 1.761069e-03 1.379993e+04 -2.945951e+04 -1.194033e+04 5.533229e-02 6.657643e-01 5.721749e+01 -2.597123e-01 
2.187500e+04 0.000000e+00 2.500000e+04 2.668959e-03 0.000000e+00 1.749633e-03 1.375034e+04 -2.935255e+04 -1.189742e+04 -1.041847e+00 3.352257e-01 5.433214e+01 2.472162e-01 
2.203125e+04 0.000000e+00 2.500000e+04 2.532520e-03 0.000000e+00 1.738794e-03 1.370353e+04 -2.925172e+04 -1.185692e+04 -1.945399e+00 1.048939e-01 5.072038e+01 1.132973e+00 
2.218750e+04 0.000000e+00 2.500000e+04 2.396526e-03 0.000000e+00 1.728582e-03 1.365885e+04 -2.915598e+04 -1.181826e+04 -2.306458e+00 -1.471744e-02 4.734608e+01 1.632632e+00 
2.234375e+04 0.000000e+00 2.500000e+04 2.260960e-03 0.000000e+00 1.718998e-03 1.361616e+04 -2.906492e+04 -1.178133e+04 -2.245691e+00 -9.336664e-02 4.459620e+01 1.470884e+00 
2.250000e+04 0.000000e+00 2.500000e+04 2.125813e-03 0.000000e+00 1.710056e-03 1.357491e+04 -2.897811e+04 -1.174563e+04 -9.783330e-01 -2.377908e-01 4.246750e+01 7.885965e-01 
2.265625e+04 0.000000e+00 2.500000e+04 1.991071e-03 0.000000e+00 1.701740e-03 1.353607e+04 -2.889632e+04 -1.171203e+04 1.455409e-01 -4.859428e-01 3.968570e+01 -6.141144e-02 
2.281250e+04 0.000000e+00 2.500000e+04 1.856714e-03 0.000000e+00 1.693972e-03 1.349964e+04 -2.881920e+04 -1.168051e+04 7.887782e-01 -8.165637e-01 3.633466e+01 -6.848434e-01 
2.296875e+04 0.000000e+00 2.500000e+04 1.722714e-03 0.000000e+00 1.686752e-03 1.346653e+04 -2.874847e+04 -1.165186e+04 7.463540e-01 -1.216647e+00 3.367896e+01 -8.822574e-01 
2.312500e+04 0.000000e+00 2.500000e+04 1.589029e-03 0.000000e+00 1.680079e-03 1.343758e+04 -2.868546e+04 -1.162681e+04 -4.711329e-01 -1.713853e+00 3.108084e+01 -6.476806e-01 
2.328125e+04 0.000000e+00 2.500000e+04 1.455631e-03 0.000000e+00 1.673949e-03 1.340995e+04 -2.862663e+04 -1.160290e+04 -3.053273e-01 -2.237252e+00 2.855867e+01 -2.447793e-01 
2.343750e+04 0.000000e+00 2.500000e+04 1.322489e-03 0.000000e+00 1.668386e-03 1.338475e+04 -2.857335e+04 -1.158110e+04 2.011517e-01 -2.607993e+00 2.642418e+01 1.669195e-01 
2.359375e+04 0.000000e+00 2.500000e+04 1.189573e-03 0.000000e+00 1.663362e-03 1.336137e+04 -2.852452e+04 -1.156088e+04 1.272924e+00 -2.709025e+00 2.352666e+01 7.365872e-01 
2.375000e+04 0.000000e+00 2.500000e+04 1.056857e-03 0.000000e+00 1.658852e-03 1.334087e+04 -2.848110e+04 -1.154314e+04 1.610685e+00 -2.585362e+00 2.083492e+01 1.283748e+00 
2.390625e+04 0.000000e+00 2.500000e+04 9.243166e-04 0.000000e+00 1.654922e-03 1.332300e+04 -2.844272e+04 -1.152767e+04 1.404110e+00 -2.354545e+00 1.948098e+01 1.238619e+00 
2.406250e+04 0.000000e+00 2.500000e+04 7.919520e-04 0.000000e+00 1.651591e-03 1.330701e+04 -2.840886e+04 -1.151383e+04 1.676274e+00 -2.101793e+00 1.790076e+01 6.444170e-01 
2.421875e+04 0.000000e+00 2.500000e+04 6.597509e-04 0.000000e+00 1.648777e-03 1.329392e+04 -2.838082e+04 -1.150251e+04 1.564533e+00 -1.916747e+00 1.472286e+01 4.925746e-02 
2.437500e+04 0.000000e+00 2.500000e+04 5.276742e-04 0.000000e+00 1.646460e-03 1.328357e+04 -2.835836e+04 -1.149355e+04 1.210591e+00 -1.787561e+00 1.144261e+01 -4.648293e-01 
2.453125e+04 0.000000e+00 2.500000e+04 3.956853e-04 0.000000e+00 1.644661e-03 1.327637e+04 -2.834197e+04 -1.148732e+04 1.860297e-01 -1.629014e+00 8.807592e+00 -6.731281e-01 
2.468750e+04 0.000000e+00 2.500000e+04 2.637664e-04 0.000000e+00 1.643343e-03 1.327052e+04 -2.832930e+04 -1.148226e+04 1.002572e-02 -1.362876e+00 5.755286e+00 3.093094e-02 
2.484375e+04 0.000000e+00 2.500000e+04 1.318823e-04 0.000000e+00 1.642510e-03 1.326602e+04 -2.832032e+04 -1.147837e+04 6.288080e-01 -8.318766e-01 2.726546e+00 1.560786e+00 
2.500000e+04 0.000000e+00 2.500000e+04 0.000000e+00 0.000000e+00 1.642198e-03 1.326438e+04 -2.831704e+04 -1.147695e+04 8.591817e-01 -4.739242e-01 1.351900e+00 2.448098e+00 
