#1 2 3  4 
#z w p zz 
0.000000e+00 0.000000e+00 -3.195391e+03 7.761747e+03 
2.604167e+02 6.505095e-05 -3.194992e+03 7.759654e+03 
5.208333e+02 1.300800e-04 -3.197682e+03 7.758234e+03 
7.812500e+02 1.950353e-04 -3.210486e+03 7.766040e+03 
1.041667e+03 2.599583e-04 -3.228363e+03 7.776644e+03 
1.302083e+03 3.248464e-04 -3.246824e+03 7.784217e+03 
1.562500e+03 3.895763e-04 -3.267005e+03 7.789598e+03 
1.822917e+03 4.541288e-04 -3.290699e+03 7.795315e+03 
2.083333e+03 5.184971e-04 -3.320868e+03 7.804952e+03 
2.343750e+03 5.825961e-04 -3.357542e+03 7.817980e+03 
2.604167e+03 6.464158e-04 -3.398261e+03 7.832332e+03 
2.864583e+03 7.099925e-04 -3.438748e+03 7.842778e+03 
3.125000e+03 7.732211e-04 -3.483638e+03 7.853635e+03 
3.385417e+03 8.360528e-04 -3.536693e+03 7.869129e+03 
3.645833e+03 8.985132e-04 -3.595404e+03 7.886032e+03 
3.906250e+03 9.605259e-04 -3.656756e+03 7.899526e+03 
4.166667e+03 1.021932e-03 -3.723345e+03 7.912289e+03 
4.427083e+03 1.082691e-03 -3.792984e+03 7.922089e+03 
4.687500e+03 1.142751e-03 -3.867088e+03 7.930459e+03 
4.947917e+03 1.202118e-03 -3.952020e+03 7.944005e+03 
5.208333e+03 1.260699e-03 -4.038974e+03 7.950910e+03 
5.468750e+03 1.318311e-03 -4.126892e+03 7.949199e+03 
5.729167e+03 1.374820e-03 -4.224068e+03 7.948012e+03 
5.989583e+03 1.430121e-03 -4.331374e+03 7.948118e+03 
6.250000e+03 1.484167e-03 -4.443345e+03 7.943213e+03 
6.510417e+03 1.536872e-03 -4.559390e+03 7.931776e+03 
6.770833e+03 1.588056e-03 -4.680100e+03 7.911570e+03 
7.031250e+03 1.637493e-03 -4.808290e+03 7.884764e+03 
7.291667e+03 1.685011e-03 -4.947545e+03 7.856312e+03 
7.552083e+03 1.730519e-03 -5.094910e+03 7.820653e+03 
7.812500e+03 1.773883e-03 -5.248080e+03 7.771817e+03 
8.072917e+03 1.814750e-03 -5.405779e+03 7.705313e+03 
8.333333e+03 1.852758e-03 -5.572839e+03 7.625897e+03 
8.593750e+03 1.887681e-03 -5.753140e+03 7.538066e+03 
8.854167e+03 1.919326e-03 -5.944389e+03 7.435665e+03 
9.114583e+03 1.947360e-03 -6.143173e+03 7.310562e+03 
9.375000e+03 1.971281e-03 -6.352493e+03 7.163944e+03 
9.635417e+03 1.990682e-03 -6.572963e+03 6.993615e+03 
9.895833e+03 2.005185e-03 -6.802817e+03 6.793367e+03 
1.015625e+04 2.014252e-03 -7.047187e+03 6.563237e+03 
1.041667e+04 2.017218e-03 -7.305256e+03 6.296998e+03 
1.067708e+04 2.013435e-03 -7.574791e+03 5.988540e+03 
1.093750e+04 2.002250e-03 -7.859702e+03 5.635594e+03 
1.119792e+04 1.982873e-03 -8.157083e+03 5.225604e+03 
1.145833e+04 1.954310e-03 -8.467333e+03 4.751351e+03 
1.171875e+04 1.915509e-03 -8.798920e+03 4.213830e+03 
1.197917e+04 1.865373e-03 -9.149215e+03 3.598556e+03 
1.223958e+04 1.802630e-03 -9.513946e+03 2.887825e+03 
1.250000e+04 1.725751e-03 -9.897250e+03 2.070541e+03 
1.276042e+04 1.632996e-03 -1.030579e+04 1.137126e+03 
1.302083e+04 1.522452e-03 -1.073977e+04 6.910752e+01 
1.328125e+04 1.391928e-03 -1.119673e+04 -1.160315e+03 
1.354167e+04 1.238920e-03 -1.167949e+04 -2.576006e+03 
1.380208e+04 1.060491e-03 -1.219041e+04 -4.207767e+03 
1.406250e+04 8.532338e-04 -1.272983e+04 -6.094946e+03 
1.432292e+04 6.132231e-04 -1.330316e+04 -8.278311e+03 
1.458333e+04 3.358788e-04 -1.391366e+04 -1.081054e+04 
1.484375e+04 1.574744e-05 -1.456182e+04 -1.376054e+04 
1.510417e+04 -3.535733e-04 -1.525298e+04 -1.720725e+04 
1.536458e+04 -7.796847e-04 -1.599064e+04 -2.125128e+04 
1.562500e+04 -1.271678e-03 -1.677805e+04 -2.601971e+04 
1.588542e+04 -1.840633e-03 -1.762653e+04 -3.166389e+04 
1.614583e+04 -2.500005e-03 -1.853995e+04 -3.838876e+04 
1.640625e+04 -3.266385e-03 -1.952510e+04 -4.645600e+04 
1.666667e+04 -4.160261e-03 -2.060139e+04 -5.619372e+04 
1.692708e+04 -5.207379e-03 -2.177936e+04 -6.805673e+04 
1.718750e+04 -6.440566e-03 -2.308105e+04 -8.265005e+04 
1.744792e+04 -7.902353e-03 -2.454534e+04 -1.007935e+05 
1.770833e+04 -9.648589e-03 -2.621713e+04 -1.236505e+05 
1.796875e+04 -1.175419e-02 -2.817089e+04 -1.528889e+05 
1.822917e+04 -1.432197e-02 -3.053732e+04 -1.909642e+05 
1.848958e+04 -1.749698e-02 -3.357017e+04 -2.416105e+05 
1.875000e+04 -2.149165e-02 -3.762916e+04 -3.108538e+05 
1.901042e+04 -2.662546e-02 -4.417538e+04 -4.082418e+05 
1.927083e+04 -3.343194e-02 -5.247626e+04 -5.536521e+05 
1.953125e+04 -4.271153e-02 -8.607134e+04 -7.682627e+05 
1.979167e+04 -5.672032e-02 -2.663267e+04 -1.210076e+06 
2.005208e+04 -7.448277e-02 -4.976552e+06 4.710675e+06 
2.031250e+04 -4.542518e-02 -9.925285e+06 1.074681e+07 
2.057292e+04 -1.705087e-02 -9.935194e+06 1.067339e+07 
2.083333e+04 9.684545e-03 -9.994245e+06 1.076734e+07 
2.109375e+04 3.765773e-02 -9.965144e+06 1.076491e+07 
2.135417e+04 6.587914e-02 -9.964675e+06 1.082935e+07 
2.161458e+04 9.566508e-02 -9.959771e+06 1.097224e+07 
2.187500e+04 1.279748e-01 -5.018830e+06 4.939834e+06 
2.213542e+04 1.115464e-01 -7.836777e+04 -1.043202e+06 
2.239583e+04 9.891947e-02 -9.603378e+04 -7.470766e+05 
2.265625e+04 8.949447e-02 -1.044512e+05 -5.206760e+05 
2.291667e+04 8.253694e-02 -1.053619e+05 -3.694760e+05 
2.317708e+04 7.722155e-02 -1.109294e+05 -2.614182e+05 
2.343750e+04 7.304774e-02 -1.189215e+05 -1.826805e+05 
2.369792e+04 6.966680e-02 -1.293698e+05 -1.237881e+05 
2.395833e+04 6.683021e-02 -1.421884e+05 -7.924721e+04 
2.421875e+04 6.434508e-02 -1.576029e+05 -4.579976e+04 
2.447917e+04 6.204734e-02 -1.760197e+05 -2.177855e+04 
2.473958e+04 5.978109e-02 -1.980583e+05 -6.744820e+03 
2.500000e+04 5.738060e-02 -2.100748e+05 -1.490494e+03 
