#1 2 3  4 
#z w p zz 
0.000000e+00 0.000000e+00 -3.239031e+03 7.873217e+03 
9.765625e+01 2.476117e-05 -3.239358e+03 7.873393e+03 
1.953125e+02 4.951907e-05 -3.241063e+03 7.874861e+03 
2.929688e+02 7.427631e-05 -3.243449e+03 7.877456e+03 
3.906250e+02 9.903749e-05 -3.245954e+03 7.880223e+03 
4.882812e+02 1.238002e-04 -3.249309e+03 7.882862e+03 
5.859375e+02 1.485504e-04 -3.253236e+03 7.884828e+03 
6.835938e+02 1.732922e-04 -3.258704e+03 7.888192e+03 
7.812500e+02 1.980310e-04 -3.264886e+03 7.892747e+03 
8.789062e+02 2.227683e-04 -3.268377e+03 7.893480e+03 
9.765625e+02 2.474962e-04 -3.270247e+03 7.891079e+03 
1.074219e+03 2.722018e-04 -3.274904e+03 7.891193e+03 
1.171875e+03 2.968881e-04 -3.282981e+03 7.895226e+03 
1.269531e+03 3.215590e-04 -3.291356e+03 7.899996e+03 
1.367188e+03 3.462261e-04 -3.299478e+03 7.903709e+03 
1.464844e+03 3.708751e-04 -3.307089e+03 7.905366e+03 
1.562500e+03 3.954949e-04 -3.313689e+03 7.905513e+03 
1.660156e+03 4.200847e-04 -3.323352e+03 7.909191e+03 
1.757812e+03 4.446539e-04 -3.337095e+03 7.916795e+03 
1.855469e+03 4.692012e-04 -3.350352e+03 7.922745e+03 
1.953125e+03 4.937171e-04 -3.362159e+03 7.926260e+03 
2.050781e+03 5.181994e-04 -3.375004e+03 7.930564e+03 
2.148438e+03 5.426552e-04 -3.388197e+03 7.934852e+03 
2.246094e+03 5.670680e-04 -3.402800e+03 7.940509e+03 
2.343750e+03 5.914486e-04 -3.417833e+03 7.946262e+03 
2.441406e+03 6.157880e-04 -3.428675e+03 7.946476e+03 
2.539062e+03 6.400778e-04 -3.439413e+03 7.946188e+03 
2.636719e+03 6.643301e-04 -3.456094e+03 7.952448e+03 
2.734375e+03 6.885377e-04 -3.475098e+03 7.960743e+03 
2.832031e+03 7.126983e-04 -3.490964e+03 7.964847e+03 
2.929688e+03 7.368165e-04 -3.505453e+03 7.966915e+03 
3.027344e+03 7.608839e-04 -3.522129e+03 7.970812e+03 
3.125000e+03 7.849054e-04 -3.542794e+03 7.978705e+03 
3.222656e+03 8.088761e-04 -3.565452e+03 7.988211e+03 
3.320312e+03 8.327912e-04 -3.587732e+03 7.996519e+03 
3.417969e+03 8.566528e-04 -3.608114e+03 8.001880e+03 
3.515625e+03 8.804477e-04 -3.627000e+03 8.004634e+03 
3.613281e+03 9.041782e-04 -3.648799e+03 8.010016e+03 
3.710938e+03 9.278444e-04 -3.673160e+03 8.017315e+03 
3.808594e+03 9.514383e-04 -3.695891e+03 8.021780e+03 
3.906250e+03 9.749559e-04 -3.715497e+03 8.021899e+03 
4.003906e+03 9.983915e-04 -3.736688e+03 8.022687e+03 
4.101562e+03 1.021739e-03 -3.762049e+03 8.027399e+03 
4.199219e+03 1.045011e-03 -3.787801e+03 8.032009e+03 
4.296875e+03 1.068200e-03 -3.812617e+03 8.034472e+03 
4.394531e+03 1.091289e-03 -3.837966e+03 8.036445e+03 
4.492188e+03 1.114273e-03 -3.864538e+03 8.038813e+03 
4.589844e+03 1.137154e-03 -3.893624e+03 8.042715e+03 
4.687500e+03 1.159929e-03 -3.924165e+03 8.047005e+03 
4.785156e+03 1.182592e-03 -3.954555e+03 8.050158e+03 
4.882812e+03 1.205139e-03 -3.987744e+03 8.055927e+03 
4.980469e+03 1.227574e-03 -4.021054e+03 8.060937e+03 
5.078125e+03 1.249892e-03 -4.051595e+03 8.061370e+03 
5.175781e+03 1.272090e-03 -4.082962e+03 8.061218e+03 
5.273438e+03 1.294145e-03 -4.116470e+03 8.062030e+03 
5.371094e+03 1.316052e-03 -4.150905e+03 8.062825e+03 
5.468750e+03 1.337819e-03 -4.187292e+03 8.064702e+03 
5.566406e+03 1.359441e-03 -4.225770e+03 8.067281e+03 
5.664062e+03 1.380898e-03 -4.261349e+03 8.064506e+03 
5.761719e+03 1.402173e-03 -4.294822e+03 8.057623e+03 
5.859375e+03 1.423273e-03 -4.331793e+03 8.053613e+03 
5.957031e+03 1.444201e-03 -4.373766e+03 8.054048e+03 
6.054688e+03 1.464955e-03 -4.417068e+03 8.054156e+03 
6.152344e+03 1.485519e-03 -4.457803e+03 8.049609e+03 
6.250000e+03 1.505887e-03 -4.498913e+03 8.044156e+03 
6.347656e+03 1.526053e-03 -4.544208e+03 8.041908e+03 
6.445312e+03 1.546015e-03 -4.591906e+03 8.040905e+03 
6.542969e+03 1.565767e-03 -4.638794e+03 8.037447e+03 
6.640625e+03 1.585295e-03 -4.684811e+03 8.030859e+03 
6.738281e+03 1.604591e-03 -4.731479e+03 8.022694e+03 
6.835938e+03 1.623648e-03 -4.780082e+03 8.014798e+03 
6.933594e+03 1.642457e-03 -4.830555e+03 8.007243e+03 
7.031250e+03 1.661010e-03 -4.881866e+03 7.998527e+03 
7.128906e+03 1.679299e-03 -4.932797e+03 7.987291e+03 
7.226562e+03 1.697320e-03 -4.982798e+03 7.972672e+03 
7.324219e+03 1.715055e-03 -5.035289e+03 7.957970e+03 
7.421875e+03 1.732493e-03 -5.090838e+03 7.943717e+03 
7.519531e+03 1.749621e-03 -5.146999e+03 7.927431e+03 
7.617188e+03 1.766426e-03 -5.205064e+03 7.911127e+03 
7.714844e+03 1.782898e-03 -5.264440e+03 7.893752e+03 
7.812500e+03 1.799025e-03 -5.323922e+03 7.873370e+03 
7.910156e+03 1.814796e-03 -5.384726e+03 7.851765e+03 
8.007812e+03 1.830199e-03 -5.446634e+03 7.828582e+03 
8.105469e+03 1.845219e-03 -5.509325e+03 7.803045e+03 
8.203125e+03 1.859843e-03 -5.574650e+03 7.777451e+03 
8.300781e+03 1.874060e-03 -5.642324e+03 7.751457e+03 
8.398438e+03 1.887857e-03 -5.710207e+03 7.721974e+03 
8.496094e+03 1.901216e-03 -5.778503e+03 7.688448e+03 
8.593750e+03 1.914116e-03 -5.846539e+03 7.650284e+03 
8.691406e+03 1.926537e-03 -5.916054e+03 7.610135e+03 
8.789062e+03 1.938458e-03 -5.988426e+03 7.569449e+03 
8.886719e+03 1.949866e-03 -6.061512e+03 7.525248e+03 
8.984375e+03 1.960739e-03 -6.136870e+03 7.478822e+03 
9.082031e+03 1.971055e-03 -6.213996e+03 7.429424e+03 
9.179688e+03 1.980789e-03 -6.289282e+03 7.372938e+03 
9.277344e+03 1.989915e-03 -6.366849e+03 7.314770e+03 
9.375000e+03 1.998425e-03 -6.449492e+03 7.258460e+03 
9.472656e+03 2.006300e-03 -6.532475e+03 7.197199e+03 
9.570312e+03 2.013508e-03 -6.615606e+03 7.130062e+03 
9.667969e+03 2.020027e-03 -6.699480e+03 7.057798e+03 
9.765625e+03 2.025829e-03 -6.784871e+03 6.981497e+03 
9.863281e+03 2.030885e-03 -6.873093e+03 6.902429e+03 
9.960938e+03 2.035167e-03 -6.963515e+03 6.819004e+03 
1.005859e+04 2.038644e-03 -7.055578e+03 6.730800e+03 
1.015625e+04 2.041284e-03 -7.148515e+03 6.637105e+03 
1.025391e+04 2.043058e-03 -7.241403e+03 6.535814e+03 
1.035156e+04 2.043921e-03 -7.334967e+03 6.427107e+03 
1.044922e+04 2.043839e-03 -7.433109e+03 6.315510e+03 
1.054688e+04 2.042782e-03 -7.536129e+03 6.201449e+03 
1.064453e+04 2.040711e-03 -7.641413e+03 6.081974e+03 
1.074219e+04 2.037591e-03 -7.746584e+03 5.953371e+03 
1.083984e+04 2.033373e-03 -7.851329e+03 5.814730e+03 
1.093750e+04 2.028015e-03 -7.958700e+03 5.669875e+03 
1.103516e+04 2.021479e-03 -8.070289e+03 5.519923e+03 
1.113281e+04 2.013711e-03 -8.186066e+03 5.364356e+03 
1.123047e+04 2.004668e-03 -8.303725e+03 5.199925e+03 
1.132812e+04 1.994297e-03 -8.420829e+03 5.022892e+03 
1.142578e+04 1.982538e-03 -8.538525e+03 4.834524e+03 
1.152344e+04 1.969336e-03 -8.660701e+03 4.639135e+03 
1.162109e+04 1.954633e-03 -8.787439e+03 4.436108e+03 
1.171875e+04 1.938371e-03 -8.916257e+03 4.221898e+03 
1.181641e+04 1.920488e-03 -9.045854e+03 3.993958e+03 
1.191406e+04 1.900908e-03 -9.175939e+03 3.751121e+03 
1.201172e+04 1.879557e-03 -9.312611e+03 3.500516e+03 
1.210938e+04 1.856370e-03 -9.454558e+03 3.239591e+03 
1.220703e+04 1.831264e-03 -9.594522e+03 2.958783e+03 
1.230469e+04 1.804160e-03 -9.735730e+03 2.661504e+03 
1.240234e+04 1.774972e-03 -9.882285e+03 2.351336e+03 
1.250000e+04 1.743600e-03 -1.003213e+04 2.025366e+03 
1.259766e+04 1.709955e-03 -1.018433e+04 1.682421e+03 
1.269531e+04 1.673942e-03 -1.033862e+04 1.320497e+03 
1.279297e+04 1.635451e-03 -1.049431e+04 9.370029e+02 
1.289062e+04 1.594375e-03 -1.065396e+04 5.335234e+02 
1.298828e+04 1.550594e-03 -1.081863e+04 1.095918e+02 
1.308594e+04 1.503985e-03 -1.098608e+04 -3.380661e+02 
1.318359e+04 1.454420e-03 -1.115535e+04 -8.111317e+02 
1.328125e+04 1.401760e-03 -1.133100e+04 -1.306254e+03 
1.337891e+04 1.345867e-03 -1.151208e+04 -1.826451e+03 
1.347656e+04 1.286593e-03 -1.169342e+04 -2.378902e+03 
1.357422e+04 1.223778e-03 -1.187736e+04 -2.962735e+03 
1.367188e+04 1.157251e-03 -1.206683e+04 -3.576512e+03 
1.376953e+04 1.086841e-03 -1.226327e+04 -4.220423e+03 
1.386719e+04 1.012356e-03 -1.246403e+04 -4.900552e+03 
1.396484e+04 9.335929e-04 -1.266672e+04 -5.621882e+03 
1.406250e+04 8.503427e-04 -1.287032e+04 -6.387553e+03 
1.416016e+04 7.623780e-04 -1.307739e+04 -7.197472e+03 
1.425781e+04 6.694658e-04 -1.329222e+04 -8.050008e+03 
1.435547e+04 5.713552e-04 -1.351311e+04 -8.950427e+03 
1.445312e+04 4.677738e-04 -1.373759e+04 -9.904531e+03 
1.455078e+04 3.584342e-04 -1.396516e+04 -1.091628e+04 
1.464844e+04 2.430361e-04 -1.419857e+04 -1.198613e+04 
1.474609e+04 1.212662e-04 -1.443865e+04 -1.311747e+04 
1.484375e+04 -7.219020e-06 -1.468529e+04 -1.431495e+04 
1.494141e+04 -1.427833e-04 -1.493531e+04 -1.558706e+04 
1.503906e+04 -2.858222e-04 -1.518988e+04 -1.693853e+04 
1.513672e+04 -4.367464e-04 -1.545303e+04 -1.837092e+04 
1.523438e+04 -5.960059e-04 -1.572023e+04 -1.989567e+04 
1.533203e+04 -7.640860e-04 -1.599232e+04 -2.151799e+04 
1.542969e+04 -9.414968e-04 -1.627401e+04 -2.323923e+04 
1.552734e+04 -1.128784e-03 -1.656404e+04 -2.506912e+04 
1.562500e+04 -1.326542e-03 -1.686032e+04 -2.701962e+04 
1.572266e+04 -1.535409e-03 -1.716092e+04 -2.910316e+04 
1.582031e+04 -1.756080e-03 -1.746663e+04 -3.132877e+04 
1.591797e+04 -1.989292e-03 -1.778191e+04 -3.370200e+04 
1.601562e+04 -2.235834e-03 -1.810734e+04 -3.623575e+04 
1.611328e+04 -2.496574e-03 -1.844034e+04 -3.894774e+04 
1.621094e+04 -2.772452e-03 -1.877861e+04 -4.185570e+04 
1.630859e+04 -3.064489e-03 -1.912371e+04 -4.497475e+04 
1.640625e+04 -3.373780e-03 -1.948127e+04 -4.831719e+04 
1.650391e+04 -3.701520e-03 -1.985082e+04 -5.190487e+04 
1.660156e+04 -4.049025e-03 -2.022759e+04 -5.576670e+04 
1.669922e+04 -4.417724e-03 -2.061244e+04 -5.992699e+04 
1.679688e+04 -4.809176e-03 -2.100883e+04 -6.441137e+04 
1.689453e+04 -5.225092e-03 -2.141756e+04 -6.925266e+04 
1.699219e+04 -5.667360e-03 -2.183600e+04 -7.449042e+04 
1.708984e+04 -6.138059e-03 -2.226486e+04 -8.016389e+04 
1.718750e+04 -6.639474e-03 -2.270755e+04 -8.631546e+04 
1.728516e+04 -7.174124e-03 -2.316411e+04 -9.299867e+04 
1.738281e+04 -7.744808e-03 -2.363264e+04 -1.002762e+05 
1.748047e+04 -8.354649e-03 -2.411421e+04 -1.082148e+05 
1.757812e+04 -9.007116e-03 -2.461148e+04 -1.168896e+05 
1.767578e+04 -9.706092e-03 -2.512666e+04 -1.263885e+05 
1.777344e+04 -1.045593e-02 -2.566018e+04 -1.368146e+05 
1.787109e+04 -1.126152e-02 -2.621009e+04 -1.482897e+05 
1.796875e+04 -1.212839e-02 -2.678046e+04 -1.609488e+05 
1.806641e+04 -1.306282e-02 -2.737211e+04 -1.749547e+05 
1.816406e+04 -1.407193e-02 -2.798438e+04 -1.904995e+05 
1.826172e+04 -1.516388e-02 -2.862321e+04 -2.078019e+05 
1.835938e+04 -1.634800e-02 -2.929464e+04 -2.271226e+05 
1.845703e+04 -1.763507e-02 -2.999738e+04 -2.487837e+05 
1.855469e+04 -1.903759e-02 -3.073224e+04 -2.731688e+05 
1.865234e+04 -2.057011e-02 -3.150942e+04 -3.007298e+05 
1.875000e+04 -2.224970e-02 -3.233697e+04 -3.320220e+05 
1.884766e+04 -2.409648e-02 -3.322339e+04 -3.677283e+05 
1.894531e+04 -2.613433e-02 -3.417965e+04 -4.086912e+05 
1.904297e+04 -2.839178e-02 -3.521932e+04 -4.559591e+05 
1.914062e+04 -3.090321e-02 -3.636216e+04 -5.108407e+05 
1.923828e+04 -3.371030e-02 -3.763253e+04 -5.749832e+05 
1.933594e+04 -3.686396e-02 -3.904961e+04 -6.504730e+05 
1.943359e+04 -4.042660e-02 -4.063959e+04 -7.399152e+05 
1.953125e+04 -4.447506e-02 -4.230458e+04 -8.465672e+05 
1.962891e+04 -4.910167e-02 -4.410015e+04 -9.738488e+05 
1.972656e+04 -5.441769e-02 -4.351160e+04 -1.126180e+06 
1.982422e+04 -6.051172e-02 -4.179874e+04 -1.297050e+06 
1.992188e+04 -6.745494e-02 -3.664953e+04 -1.475923e+06 
2.001953e+04 -7.518987e-02 -4.995795e+06 4.663916e+06 
2.011719e+04 -6.403190e-02 -9.957621e+06 1.084108e+07 
2.021484e+04 -5.335079e-02 -9.959995e+06 1.076301e+07 
2.031250e+04 -4.298879e-02 -9.965414e+06 1.072417e+07 
2.041016e+04 -3.277693e-02 -9.968760e+06 1.070533e+07 
2.050781e+04 -2.264973e-02 -9.971979e+06 1.069768e+07 
2.060547e+04 -1.256073e-02 -9.973292e+06 1.069224e+07 
2.070312e+04 -2.498660e-03 -9.974711e+06 1.068908e+07 
2.080078e+04 7.545795e-03 -9.976086e+06 1.068747e+07 
2.089844e+04 1.757987e-02 -9.977449e+06 1.068714e+07 
2.099609e+04 2.760953e-02 -9.978858e+06 1.068807e+07 
2.109375e+04 3.764065e-02 -9.980305e+06 1.069021e+07 
2.119141e+04 4.767909e-02 -9.981805e+06 1.069361e+07 
2.128906e+04 5.773080e-02 -9.983306e+06 1.069829e+07 
2.138672e+04 6.780296e-02 -9.984778e+06 1.070452e+07 
2.148438e+04 7.790480e-02 -9.986373e+06 1.071302e+07 
2.158203e+04 8.804748e-02 -9.986087e+06 1.072374e+07 
2.167969e+04 9.827734e-02 -9.985710e+06 1.074565e+07 
2.177734e+04 1.086597e-01 -9.983295e+06 1.078755e+07 
2.187500e+04 1.193634e-01 -9.983968e+06 1.086869e+07 
2.197266e+04 1.305459e-01 -5.025238e+06 4.694581e+06 
2.207031e+04 1.228373e-01 -6.924485e+04 -1.442203e+06 
2.216797e+04 1.159218e-01 -7.760832e+04 -1.260282e+06 
2.226562e+04 1.098567e-01 -8.260195e+04 -1.086376e+06 
2.236328e+04 1.045704e-01 -8.654842e+04 -9.310161e+05 
2.246094e+04 9.997390e-02 -8.819937e+04 -8.007135e+05 
2.255859e+04 9.595554e-02 -9.006813e+04 -6.910623e+05 
2.265625e+04 9.242247e-02 -9.210670e+04 -5.986475e+05 
2.275391e+04 8.929731e-02 -9.442877e+04 -5.202091e+05 
2.285156e+04 8.651702e-02 -9.701708e+04 -4.531486e+05 
2.294922e+04 8.402998e-02 -9.986306e+04 -3.953859e+05 
2.304688e+04 8.179377e-02 -1.029510e+05 -3.452843e+05 
2.314453e+04 7.977314e-02 -1.062716e+05 -3.015449e+05 
2.324219e+04 7.793858e-02 -1.098260e+05 -2.631276e+05 
2.333984e+04 7.626516e-02 -1.136154e+05 -2.292046e+05 
2.343750e+04 7.473154e-02 -1.176454e+05 -1.991082e+05 
2.353516e+04 7.331934e-02 -1.219252e+05 -1.722974e+05 
2.363281e+04 7.201251e-02 -1.264629e+05 -1.483389e+05 
2.373047e+04 7.079686e-02 -1.312763e+05 -1.268715e+05 
2.382812e+04 6.965977e-02 -1.363846e+05 -1.076034e+05 
2.392578e+04 6.858977e-02 -1.418030e+05 -9.030608e+04 
2.402344e+04 6.757635e-02 -1.475542e+05 -7.479025e+04 
2.412109e+04 6.660972e-02 -1.536642e+05 -6.090598e+04 
2.421875e+04 6.568063e-02 -1.601621e+05 -4.853905e+04 
2.431641e+04 6.478016e-02 -1.670777e+05 -3.760842e+04 
2.441406e+04 6.389961e-02 -1.744421e+05 -2.806408e+04 
2.451172e+04 6.303032e-02 -1.822952e+05 -1.987862e+04 
2.460938e+04 6.216349e-02 -1.906850e+05 -1.304571e+04 
2.470703e+04 6.129011e-02 -1.996577e+05 -7.593433e+03 
2.480469e+04 6.040075e-02 -2.092643e+05 -3.579673e+03 
2.490234e+04 5.948538e-02 -2.195685e+05 -1.084750e+03 
2.500000e+04 5.853324e-02 -2.249034e+05 -2.288215e+02 
