#1 2 3  4 
#z w p zz 
0.000000e+00 0.000000e+00 -3.122030e+03 7.545483e+03 
3.906250e+02 9.467752e-05 -3.126072e+03 7.547285e+03 
7.812500e+02 1.893166e-04 -3.138643e+03 7.552067e+03 
1.171875e+03 2.837329e-04 -3.161953e+03 7.561444e+03 
1.562500e+03 3.779036e-04 -3.191796e+03 7.570522e+03 
1.953125e+03 4.716320e-04 -3.228443e+03 7.579953e+03 
2.343750e+03 5.650022e-04 -3.277786e+03 7.595984e+03 
2.734375e+03 6.577782e-04 -3.337164e+03 7.614813e+03 
3.125000e+03 7.498383e-04 -3.403261e+03 7.631768e+03 
3.515625e+03 8.409728e-04 -3.480179e+03 7.649682e+03 
3.906250e+03 9.310815e-04 -3.566656e+03 7.665944e+03 
4.296875e+03 1.019966e-03 -3.663255e+03 7.680022e+03 
4.687500e+03 1.107439e-03 -3.773342e+03 7.694133e+03 
5.078125e+03 1.193162e-03 -3.893106e+03 7.702182e+03 
5.468750e+03 1.276882e-03 -4.025089e+03 7.704870e+03 
5.859375e+03 1.358203e-03 -4.173518e+03 7.704776e+03 
6.250000e+03 1.436739e-03 -4.335032e+03 7.696189e+03 
6.640625e+03 1.512208e-03 -4.507545e+03 7.673688e+03 
7.031250e+03 1.584215e-03 -4.698041e+03 7.641162e+03 
7.421875e+03 1.652080e-03 -4.904060e+03 7.590006e+03 
7.812500e+03 1.715001e-03 -5.125726e+03 7.515096e+03 
8.203125e+03 1.772277e-03 -5.367134e+03 7.417068e+03 
8.593750e+03 1.823102e-03 -5.623207e+03 7.283399e+03 
8.984375e+03 1.866587e-03 -5.899977e+03 7.112043e+03 
9.375000e+03 1.901535e-03 -6.203815e+03 6.899512e+03 
9.765625e+03 1.926325e-03 -6.530519e+03 6.629651e+03 
1.015625e+04 1.939408e-03 -6.882118e+03 6.292468e+03 
1.054688e+04 1.939033e-03 -7.264083e+03 5.877248e+03 
1.093750e+04 1.923013e-03 -7.675020e+03 5.361438e+03 
1.132812e+04 1.888415e-03 -8.122534e+03 4.730709e+03 
1.171875e+04 1.832200e-03 -8.611190e+03 3.961866e+03 
1.210938e+04 1.750806e-03 -9.135331e+03 3.011563e+03 
1.250000e+04 1.639516e-03 -9.698779e+03 1.839431e+03 
1.289062e+04 1.492794e-03 -1.031017e+04 4.000321e+02 
1.328125e+04 1.304050e-03 -1.097685e+04 -1.369205e+03 
1.367188e+04 1.064983e-03 -1.170562e+04 -3.549715e+03 
1.406250e+04 7.653940e-04 -1.250318e+04 -6.248849e+03 
1.445312e+04 3.926257e-04 -1.337785e+04 -9.610243e+03 
1.484375e+04 -6.954415e-05 -1.434615e+04 -1.381755e+04 
1.523438e+04 -6.417629e-04 -1.542324e+04 -1.912755e+04 
1.562500e+04 -1.351061e-03 -1.662787e+04 -2.589754e+04 
1.601562e+04 -2.233245e-03 -1.798985e+04 -3.462517e+04 
1.640625e+04 -3.336510e-03 -1.955074e+04 -4.603052e+04 
1.679688e+04 -4.727283e-03 -2.138051e+04 -6.117795e+04 
1.718750e+04 -6.500048e-03 -2.360240e+04 -8.169526e+04 
1.757812e+04 -8.793136e-03 -2.642014e+04 -1.102011e+05 
1.796875e+04 -1.181762e-02 -3.034249e+04 -1.510218e+05 
1.835938e+04 -1.591791e-02 -3.605397e+04 -2.122504e+05 
1.875000e+04 -2.167129e-02 -4.854399e+04 -3.075736e+05 
1.914062e+04 -3.032773e-02 -6.486695e+04 -4.797480e+05 
1.953125e+04 -4.391307e-02 -2.678446e+05 -7.448459e+05 
1.992188e+04 -7.795394e-02 -4.778603e+06 4.172682e+06 
2.031250e+04 -3.329907e-02 -9.758719e+06 1.012910e+07 
2.070312e+04 -3.543122e-03 -1.012007e+07 1.073946e+07 
2.109375e+04 3.816072e-02 -9.903027e+06 1.060465e+07 
2.148438e+04 7.907181e-02 -9.958137e+06 1.084472e+07 
2.187500e+04 1.262884e-01 -4.986835e+06 4.879328e+06 
2.226562e+04 1.028491e-01 -1.007623e+05 -8.920976e+05 
2.265625e+04 8.698009e-02 -1.333260e+05 -4.837336e+05 
2.304688e+04 7.746909e-02 -1.142446e+05 -2.924054e+05 
2.343750e+04 7.098801e-02 -1.210331e+05 -1.716639e+05 
2.382812e+04 6.627975e-02 -1.343593e+05 -9.462090e+04 
2.421875e+04 6.254103e-02 -1.545088e+05 -4.400960e+04 
2.460938e+04 5.921073e-02 -1.816965e+05 -1.359832e+04 
2.500000e+04 5.577338e-02 -1.972279e+05 -3.037171e+03 
