#1 2 3  4 
#z w p zz 
0.000000e+00 0.000000e+00 -3.206127e+03 7.783507e+03 
1.953125e+02 4.891898e-05 -3.205932e+03 7.782830e+03 
3.906250e+02 9.783197e-05 -3.207811e+03 7.783320e+03 
5.859375e+02 1.467186e-04 -3.212635e+03 7.785174e+03 
7.812500e+02 1.955798e-04 -3.219551e+03 7.787781e+03 
9.765625e+02 2.444237e-04 -3.228121e+03 7.790770e+03 
1.171875e+03 2.932084e-04 -3.240828e+03 7.796371e+03 
1.367188e+03 3.419472e-04 -3.256812e+03 7.803502e+03 
1.562500e+03 3.906070e-04 -3.274191e+03 7.810125e+03 
1.757812e+03 4.392021e-04 -3.293289e+03 7.816250e+03 
1.953125e+03 4.876718e-04 -3.314759e+03 7.822325e+03 
2.148438e+03 5.359883e-04 -3.341649e+03 7.832889e+03 
2.343750e+03 5.841564e-04 -3.368744e+03 7.842286e+03 
2.539062e+03 6.322045e-04 -3.393923e+03 7.847210e+03 
2.734375e+03 6.800998e-04 -3.423584e+03 7.854560e+03 
2.929688e+03 7.277822e-04 -3.458814e+03 7.866220e+03 
3.125000e+03 7.752482e-04 -3.495178e+03 7.877444e+03 
3.320312e+03 8.225550e-04 -3.532385e+03 7.887071e+03 
3.515625e+03 8.696742e-04 -3.574356e+03 7.898657e+03 
3.710938e+03 9.165204e-04 -3.619363e+03 7.909890e+03 
3.906250e+03 9.630434e-04 -3.665543e+03 7.918541e+03 
4.101562e+03 1.009240e-03 -3.716436e+03 7.929094e+03 
4.296875e+03 1.055114e-03 -3.769562e+03 7.939247e+03 
4.492188e+03 1.100623e-03 -3.823123e+03 7.946207e+03 
4.687500e+03 1.145724e-03 -3.882592e+03 7.955819e+03 
4.882812e+03 1.190406e-03 -3.943417e+03 7.963144e+03 
5.078125e+03 1.234624e-03 -4.003837e+03 7.965420e+03 
5.273438e+03 1.278353e-03 -4.071599e+03 7.970451e+03 
5.468750e+03 1.321547e-03 -4.142224e+03 7.973081e+03 
5.664062e+03 1.364116e-03 -4.212207e+03 7.969514e+03 
5.859375e+03 1.406009e-03 -4.288198e+03 7.966927e+03 
6.054688e+03 1.447214e-03 -4.367514e+03 7.962131e+03 
6.250000e+03 1.487684e-03 -4.448055e+03 7.953068e+03 
6.445312e+03 1.527391e-03 -4.536468e+03 7.946765e+03 
6.640625e+03 1.566269e-03 -4.630250e+03 7.938803e+03 
6.835938e+03 1.604202e-03 -4.724362e+03 7.922792e+03 
7.031250e+03 1.641133e-03 -4.821168e+03 7.901913e+03 
7.226562e+03 1.677011e-03 -4.922827e+03 7.878067e+03 
7.421875e+03 1.711776e-03 -5.029961e+03 7.850572e+03 
7.617188e+03 1.745358e-03 -5.144798e+03 7.821669e+03 
7.812500e+03 1.777651e-03 -5.264705e+03 7.787826e+03 
8.007812e+03 1.808529e-03 -5.385511e+03 7.742406e+03 
8.203125e+03 1.837859e-03 -5.507614e+03 7.684587e+03 
8.398438e+03 1.865515e-03 -5.634878e+03 7.619353e+03 
8.593750e+03 1.891406e-03 -5.772321e+03 7.552593e+03 
8.789062e+03 1.915446e-03 -5.916722e+03 7.478787e+03 
8.984375e+03 1.937483e-03 -6.062186e+03 7.388982e+03 
9.179688e+03 1.957326e-03 -6.213752e+03 7.287719e+03 
9.375000e+03 1.974816e-03 -6.373909e+03 7.176593e+03 
9.570312e+03 1.989764e-03 -6.536017e+03 7.045972e+03 
9.765625e+03 2.001937e-03 -6.703215e+03 6.898444e+03 
9.960938e+03 2.011150e-03 -6.880117e+03 6.738810e+03 
1.015625e+04 2.017205e-03 -7.063859e+03 6.561535e+03 
1.035156e+04 2.019867e-03 -7.255400e+03 6.363803e+03 
1.054688e+04 2.018843e-03 -7.455526e+03 6.143086e+03 
1.074219e+04 2.013803e-03 -7.660505e+03 5.893357e+03 
1.093750e+04 2.004412e-03 -7.872387e+03 5.615849e+03 
1.113281e+04 1.990347e-03 -8.094140e+03 5.310717e+03 
1.132812e+04 1.971217e-03 -8.325220e+03 4.972566e+03 
1.152344e+04 1.946617e-03 -8.568311e+03 4.600647e+03 
1.171875e+04 1.916117e-03 -8.820514e+03 4.187509e+03 
1.191406e+04 1.879195e-03 -9.080456e+03 3.727067e+03 
1.210938e+04 1.835298e-03 -9.350643e+03 3.216741e+03 
1.230469e+04 1.783821e-03 -9.631833e+03 2.650942e+03 
1.250000e+04 1.724089e-03 -9.923822e+03 2.022800e+03 
1.269531e+04 1.655363e-03 -1.022554e+04 1.323658e+03 
1.289062e+04 1.576847e-03 -1.054168e+04 5.505304e+02 
1.308594e+04 1.487648e-03 -1.087378e+04 -3.042623e+02 
1.328125e+04 1.386780e-03 -1.121714e+04 -1.256437e+03 
1.347656e+04 1.273137e-03 -1.157399e+04 -2.315328e+03 
1.367188e+04 1.145504e-03 -1.194599e+04 -3.493263e+03 
1.386719e+04 1.002494e-03 -1.233414e+04 -4.805434e+03 
1.406250e+04 8.425983e-04 -1.274183e+04 -6.266004e+03 
1.425781e+04 6.640886e-04 -1.316728e+04 -7.896749e+03 
1.445312e+04 4.650317e-04 -1.361077e+04 -9.720973e+03 
1.464844e+04 2.432509e-04 -1.407566e+04 -1.176348e+04 
1.484375e+04 -3.692493e-06 -1.456108e+04 -1.405728e+04 
1.503906e+04 -2.786312e-04 -1.506657e+04 -1.663999e+04 
1.523438e+04 -5.847559e-04 -1.560094e+04 -1.954574e+04 
1.542969e+04 -9.257198e-04 -1.616755e+04 -2.282239e+04 
1.562500e+04 -1.305723e-03 -1.675525e+04 -2.654366e+04 
1.582031e+04 -1.729656e-03 -1.736697e+04 -3.077964e+04 
1.601562e+04 -2.203119e-03 -1.801362e+04 -3.560690e+04 
1.621094e+04 -2.732739e-03 -1.869897e+04 -4.112695e+04 
1.640625e+04 -3.326213e-03 -1.942740e+04 -4.746312e+04 
1.660156e+04 -3.992645e-03 -2.019831e+04 -5.477536e+04 
1.679688e+04 -4.742877e-03 -2.101134e+04 -6.326166e+04 
1.699219e+04 -5.589957e-03 -2.187900e+04 -7.315354e+04 
1.718750e+04 -6.549530e-03 -2.281341e+04 -8.474668e+04 
1.738281e+04 -7.640715e-03 -2.381838e+04 -9.843388e+04 
1.757812e+04 -8.887039e-03 -2.490411e+04 -1.147204e+05 
1.777344e+04 -1.031786e-02 -2.609535e+04 -1.342575e+05 
1.796875e+04 -1.197016e-02 -2.742043e+04 -1.579214e+05 
1.816406e+04 -1.389140e-02 -2.891586e+04 -1.869109e+05 
1.835938e+04 -1.614333e-02 -3.064203e+04 -2.228911e+05 
1.855469e+04 -1.880814e-02 -3.270730e+04 -2.682328e+05 
1.875000e+04 -2.199781e-02 -3.530009e+04 -3.264312e+05 
1.894531e+04 -2.586963e-02 -3.881189e+04 -4.028360e+05 
1.914062e+04 -3.065460e-02 -4.390272e+04 -5.062547e+05 
1.933594e+04 -3.670660e-02 -5.383516e+04 -6.511760e+05 
1.953125e+04 -4.466128e-02 -6.887117e+04 -8.726471e+05 
1.972656e+04 -5.556664e-02 -2.297075e+05 -1.195305e+06 
1.992188e+04 -7.579195e-02 -4.789724e+06 3.856739e+06 
2.011719e+04 -5.682235e-02 -9.736789e+06 9.888055e+06 
2.031250e+04 -4.249342e-02 -1.013187e+07 1.067703e+07 
2.050781e+04 -2.282005e-02 -9.974245e+06 1.066414e+07 
2.070312e+04 -2.811776e-03 -9.973494e+06 1.067698e+07 
2.089844e+04 1.719039e-02 -9.980595e+06 1.069563e+07 
2.109375e+04 3.735156e-02 -9.983415e+06 1.069864e+07 
2.128906e+04 5.736507e-02 -9.981975e+06 1.068602e+07 
2.148438e+04 7.739569e-02 -9.988448e+06 1.067921e+07 
2.167969e+04 9.710173e-02 -1.015189e+07 1.069813e+07 
2.187500e+04 1.114725e-01 -9.762788e+06 9.915172e+06 
2.207031e+04 1.304916e-01 -4.821887e+06 3.889855e+06 
2.226562e+04 1.103215e-01 -2.682792e+05 -1.156217e+06 
2.246094e+04 9.947418e-02 -1.141502e+05 -8.276361e+05 
2.265625e+04 9.157722e-02 -1.061812e+05 -6.003129e+05 
2.285156e+04 8.557842e-02 -1.037453e+05 -4.496457e+05 
2.304688e+04 8.083695e-02 -1.066589e+05 -3.406381e+05 
2.324219e+04 7.699246e-02 -1.117456e+05 -2.588743e+05 
2.343750e+04 7.380583e-02 -1.184470e+05 -1.956407e+05 
2.363281e+04 7.110974e-02 -1.264912e+05 -1.457120e+05 
2.382812e+04 6.877963e-02 -1.358371e+05 -1.057533e+05 
2.402344e+04 6.671761e-02 -1.465457e+05 -7.361845e+04 
2.421875e+04 6.484207e-02 -1.587561e+05 -4.794697e+04 
2.441406e+04 6.308046e-02 -1.726729e+05 -2.795048e+04 
2.460938e+04 6.136370e-02 -1.885668e+05 -1.330389e+04 
2.480469e+04 5.962131e-02 -2.067891e+05 -4.098334e+03 
2.500000e+04 5.777655e-02 -2.165320e+05 -8.925670e+02 
