0.000000e+00 -5.083502e+09 5.083502e+09 
6.311520e+09 -4.836858e+09 4.813633e+09 
1.262304e+10 -4.633563e+09 4.584209e+09 
1.893456e+10 -4.457403e+09 4.402045e+09 
2.524608e+10 -4.308533e+09 4.252119e+09 
3.155760e+10 -4.176733e+09 4.120426e+09 
3.786912e+10 -4.057906e+09 4.008019e+09 
4.418064e+10 -3.953769e+09 3.902675e+09 
5.049216e+10 -3.848821e+09 3.801215e+09 
5.680368e+10 -3.753650e+09 3.708887e+09 
6.311520e+10 -3.664635e+09 3.626633e+09 
6.942672e+10 -3.588112e+09 3.553605e+09 
7.573824e+10 -3.516035e+09 3.484731e+09 
8.204976e+10 -3.453611e+09 3.424454e+09 
8.836128e+10 -3.394389e+09 3.366707e+09 
9.467280e+10 -3.342424e+09 3.313528e+09 
1.009843e+11 -3.292395e+09 3.260787e+09 
1.072958e+11 -3.247284e+09 3.212895e+09 
1.136074e+11 -3.202010e+09 3.165990e+09 
1.199189e+11 -3.164162e+09 3.123631e+09 
1.262304e+11 -3.125719e+09 3.081738e+09 
1.325419e+11 -3.092054e+09 3.043716e+09 
1.388534e+11 -3.059409e+09 3.006658e+09 
1.451650e+11 -3.028611e+09 2.971276e+09 
1.514765e+11 -2.999592e+09 2.936849e+09 
1.577880e+11 -2.972119e+09 2.903690e+09 
1.640995e+11 -2.945437e+09 2.872453e+09 
1.704110e+11 -2.920333e+09 2.840856e+09 
1.767226e+11 -2.895925e+09 2.811999e+09 
1.830341e+11 -2.874294e+09 2.782556e+09 
1.893456e+11 -2.853811e+09 2.755634e+09 
1.956571e+11 -2.833737e+09 2.728056e+09 
2.019686e+11 -2.813944e+09 2.703053e+09 
2.082802e+11 -2.795927e+09 2.680274e+09 
2.145917e+11 -2.776851e+09 2.655171e+09 
2.209032e+11 -2.757984e+09 2.633271e+09 
2.272147e+11 -2.777532e+09 2.612027e+09 
2.335262e+11 -2.812324e+09 2.625106e+09 
2.398378e+11 -2.840581e+09 2.662652e+09 
2.461493e+11 -2.862492e+09 2.696750e+09 
2.524608e+11 -2.864640e+09 2.732786e+09 
2.587723e+11 -2.888450e+09 2.768881e+09 
2.650838e+11 -2.932540e+09 2.797697e+09 
2.713954e+11 -2.984255e+09 2.833286e+09 
2.777069e+11 -3.057876e+09 2.860733e+09 
2.840184e+11 -3.117726e+09 2.888617e+09 
2.903299e+11 -3.180959e+09 2.925000e+09 
2.966414e+11 -3.252417e+09 2.950446e+09 
3.029530e+11 -3.304490e+09 2.978231e+09 
3.092645e+11 -3.400458e+09 3.007261e+09 
3.155760e+11 -3.461587e+09 3.036132e+09 
3.218875e+11 -3.517870e+09 3.062432e+09 
3.281990e+11 -3.584987e+09 3.108934e+09 
3.345106e+11 -3.631408e+09 3.159688e+09 
3.408221e+11 -3.676485e+09 3.196552e+09 
3.471336e+11 -3.713070e+09 3.229456e+09 
3.534451e+11 -3.729502e+09 3.265438e+09 
3.597566e+11 -3.749598e+09 3.298391e+09 
3.660682e+11 -3.744286e+09 3.325715e+09 
3.723797e+11 -3.750397e+09 3.349293e+09 
3.786912e+11 -3.767989e+09 3.370496e+09 
3.850027e+11 -3.761498e+09 3.391944e+09 
3.913142e+11 -3.749183e+09 3.409580e+09 
3.976258e+11 -3.819162e+09 3.419738e+09 
4.039373e+11 -3.854445e+09 3.441177e+09 
4.102488e+11 -3.903130e+09 3.460438e+09 
4.165603e+11 -3.974546e+09 3.477868e+09 
4.228718e+11 -4.041710e+09 3.496465e+09 
4.291834e+11 -4.091972e+09 3.513919e+09 
4.354949e+11 -4.175094e+09 3.528194e+09 
4.418064e+11 -4.225420e+09 3.549323e+09 
4.481179e+11 -4.282869e+09 3.571295e+09 
4.544294e+11 -4.345581e+09 3.582382e+09 
4.607410e+11 -4.408341e+09 3.595601e+09 
4.670525e+11 -4.438636e+09 3.614114e+09 
4.733640e+11 -4.488391e+09 3.631401e+09 
4.796755e+11 -4.508312e+09 3.646626e+09 
4.859870e+11 -4.532449e+09 3.658540e+09 
4.922986e+11 -4.550260e+09 3.671678e+09 
4.986101e+11 -4.541738e+09 3.688839e+09 
5.049216e+11 -4.547243e+09 3.699390e+09 
5.112331e+11 -4.552411e+09 3.716521e+09 
5.175446e+11 -4.526637e+09 3.727426e+09 
5.238562e+11 -4.516877e+09 3.745788e+09 
5.301677e+11 -4.515939e+09 3.753381e+09 
5.364792e+11 -4.484548e+09 3.766841e+09 
5.427907e+11 -4.447783e+09 3.775713e+09 
5.491022e+11 -4.456448e+09 3.792557e+09 
5.554138e+11 -4.513702e+09 3.806210e+09 
5.617253e+11 -4.544052e+09 3.816356e+09 
5.680368e+11 -4.607140e+09 3.829715e+09 
5.743483e+11 -4.660599e+09 3.840235e+09 
5.806598e+11 -4.688445e+09 3.852638e+09 
5.869714e+11 -4.733141e+09 3.861653e+09 
5.932829e+11 -4.802381e+09 3.871147e+09 
5.995944e+11 -4.856648e+09 3.880185e+09 
6.059059e+11 -4.893739e+09 3.893799e+09 
6.122174e+11 -4.922538e+09 3.904817e+09 
6.185290e+11 -4.989115e+09 3.910187e+09 
6.248405e+11 -5.034323e+09 3.916463e+09 
6.311520e+11 -4.998642e+09 3.832635e+09 
6.374635e+11 -4.925421e+09 3.754925e+09 
6.437750e+11 -4.834891e+09 3.673006e+09 
6.500866e+11 -4.720154e+09 3.590523e+09 
6.563981e+11 -4.584934e+09 3.513527e+09 
6.627096e+11 -4.444575e+09 3.434268e+09 
6.690211e+11 -4.284990e+09 3.365279e+09 
6.753326e+11 -4.156651e+09 3.295749e+09 
6.816442e+11 -4.012666e+09 3.241700e+09 
6.879557e+11 -3.887146e+09 3.187593e+09 
6.942672e+11 -3.761911e+09 3.129586e+09 
7.005787e+11 -3.753674e+09 3.079730e+09 
7.068902e+11 -3.766070e+09 3.026098e+09 
7.132018e+11 -3.722700e+09 2.976265e+09 
7.195133e+11 -3.765107e+09 2.922637e+09 
7.258248e+11 -3.696962e+09 2.871495e+09 
7.321363e+11 -3.654376e+09 2.829005e+09 
7.384478e+11 -3.591539e+09 2.817392e+09 
7.447594e+11 -3.532895e+09 2.833779e+09 
7.510709e+11 -3.459839e+09 2.847652e+09 
7.573824e+11 -3.370261e+09 2.846784e+09 
7.636939e+11 -3.269774e+09 2.827257e+09 
7.700054e+11 -3.185230e+09 2.817414e+09 
7.763170e+11 -3.097321e+09 2.797184e+09 
7.826285e+11 -3.027789e+09 2.792156e+09 
7.889400e+11 -2.919086e+09 2.780519e+09 
7.952515e+11 -2.839855e+09 2.752761e+09 
8.015630e+11 -2.762241e+09 2.715371e+09 
8.078746e+11 -2.679706e+09 2.704318e+09 
8.141861e+11 -2.607485e+09 2.695874e+09 
8.204976e+11 -2.536019e+09 2.683153e+09 
8.268091e+11 -2.473571e+09 2.682268e+09 
8.331206e+11 -2.420632e+09 2.701299e+09 
8.394322e+11 -2.353370e+09 2.695258e+09 
8.457437e+11 -2.294459e+09 2.746486e+09 
8.520552e+11 -2.239551e+09 2.760028e+09 
8.583667e+11 -2.178328e+09 2.728185e+09 
8.646782e+11 -2.136767e+09 2.709928e+09 
8.709898e+11 -2.094036e+09 2.732868e+09 
8.773013e+11 -2.059328e+09 2.710505e+09 
8.836128e+11 -2.025641e+09 2.688033e+09 
8.899243e+11 -1.985071e+09 2.664697e+09 
8.962358e+11 -1.986017e+09 2.643721e+09 
9.025474e+11 -1.938769e+09 2.596742e+09 
9.088589e+11 -1.910139e+09 2.571674e+09 
9.151704e+11 -1.909362e+09 2.551154e+09 
9.214819e+11 -1.887516e+09 2.528383e+09 
9.277934e+11 -1.874028e+09 2.512343e+09 
9.341050e+11 -1.865141e+09 2.498259e+09 
9.404165e+11 -1.853378e+09 2.490927e+09 
9.467280e+11 -1.848347e+09 2.478131e+09 
9.530395e+11 -1.841344e+09 2.465836e+09 
9.593510e+11 -1.834526e+09 2.456077e+09 
9.656626e+11 -1.821160e+09 2.447306e+09 
9.719741e+11 -1.812513e+09 2.428381e+09 
9.782856e+11 -1.806676e+09 2.418952e+09 
9.845971e+11 -1.795614e+09 2.391106e+09 
9.909086e+11 -1.784856e+09 2.389298e+09 
9.972202e+11 -1.774636e+09 2.346711e+09 
1.003532e+12 -1.764502e+09 2.333363e+09 
1.009843e+12 -1.755414e+09 2.315957e+09 
1.016155e+12 -1.743397e+09 2.291245e+09 
1.022466e+12 -1.732716e+09 2.269478e+09 
1.028778e+12 -1.721406e+09 2.263731e+09 
1.035089e+12 -1.709042e+09 2.249086e+09 
1.041401e+12 -1.692643e+09 2.230695e+09 
1.047712e+12 -1.679101e+09 2.217589e+09 
1.054024e+12 -1.665898e+09 2.209026e+09 
1.060335e+12 -1.653104e+09 2.193652e+09 
1.066647e+12 -1.643239e+09 2.194074e+09 
1.072958e+12 -1.628790e+09 2.184381e+09 
1.079270e+12 -1.612642e+09 2.176925e+09 
1.085581e+12 -1.599109e+09 2.164936e+09 
1.091893e+12 -1.588456e+09 2.147339e+09 
1.098204e+12 -1.574361e+09 2.136670e+09 
1.104516e+12 -1.561006e+09 2.115120e+09 
1.110828e+12 -1.544975e+09 2.116475e+09 
1.117139e+12 -1.530457e+09 2.103044e+09 
1.123451e+12 -1.515169e+09 2.081147e+09 
1.129762e+12 -1.500697e+09 2.073409e+09 
1.136074e+12 -1.490723e+09 2.062842e+09 
1.142385e+12 -1.476265e+09 2.056504e+09 
1.148697e+12 -1.459884e+09 2.027433e+09 
1.155008e+12 -1.444518e+09 2.016535e+09 
1.161320e+12 -1.430378e+09 2.004585e+09 
1.167631e+12 -1.413760e+09 1.999134e+09 
1.173943e+12 -1.400770e+09 2.002527e+09 
1.180254e+12 -1.385385e+09 2.004282e+09 
1.186566e+12 -1.370705e+09 2.007187e+09 
1.192877e+12 -1.356660e+09 2.007841e+09 
1.199189e+12 -1.341468e+09 2.009062e+09 
1.205500e+12 -1.326677e+09 2.011939e+09 
1.211812e+12 -1.312460e+09 2.014902e+09 
1.218123e+12 -1.299903e+09 2.016455e+09 
1.224435e+12 -1.283658e+09 2.013364e+09 
1.230746e+12 -1.271485e+09 2.016714e+09 
1.237058e+12 -1.257193e+09 2.017955e+09 
1.243369e+12 -1.242472e+09 2.013974e+09 
1.249681e+12 -1.228429e+09 2.014252e+09 
1.255992e+12 -1.215419e+09 2.013467e+09 
1.262304e+12 -1.204090e+09 2.014854e+09 
1.268616e+12 -1.192535e+09 2.014096e+09 
1.274927e+12 -1.179815e+09 2.010032e+09 
1.281239e+12 -1.165163e+09 2.010499e+09 
1.287550e+12 -1.153200e+09 2.005004e+09 
1.293862e+12 -1.141546e+09 2.006596e+09 
1.300173e+12 -1.130878e+09 2.007624e+09 
1.306485e+12 -1.120300e+09 2.006485e+09 
1.312796e+12 -1.109872e+09 2.006667e+09 
1.319108e+12 -1.099595e+09 2.004979e+09 
1.325419e+12 -1.090897e+09 2.005643e+09 
1.331731e+12 -1.080860e+09 2.008893e+09 
1.338042e+12 -1.069755e+09 2.011273e+09 
1.344354e+12 -1.060210e+09 2.013007e+09 
1.350665e+12 -1.047818e+09 2.010873e+09 
1.356977e+12 -1.037118e+09 2.016656e+09 
1.363288e+12 -1.028735e+09 2.016656e+09 
1.369600e+12 -1.018462e+09 2.016255e+09 
1.375911e+12 -1.008356e+09 2.013522e+09 
1.382223e+12 -1.002051e+09 2.012988e+09 
1.388534e+12 -9.924401e+08 2.015264e+09 
1.394846e+12 -9.841787e+08 2.016715e+09 
1.401157e+12 -9.743443e+08 2.015794e+09 
1.407469e+12 -9.634242e+08 2.017493e+09 
1.413780e+12 -9.543692e+08 2.018799e+09 
1.420092e+12 -9.451395e+08 2.020525e+09 
1.426404e+12 -9.361128e+08 2.018180e+09 
1.432715e+12 -9.265156e+08 2.016456e+09 
1.439027e+12 -9.195142e+08 2.016409e+09 
1.445338e+12 -9.104284e+08 2.015759e+09 
1.451650e+12 -9.033418e+08 2.012571e+09 
1.457961e+12 -8.957585e+08 2.006634e+09 
1.464273e+12 -8.877182e+08 2.004344e+09 
1.470584e+12 -8.802409e+08 2.000664e+09 
1.476896e+12 -8.718551e+08 2.003904e+09 
1.483207e+12 -8.639417e+08 2.002618e+09 
1.489519e+12 -8.553187e+08 2.000845e+09 
1.495830e+12 -8.486604e+08 1.999393e+09 
1.502142e+12 -8.425617e+08 1.999744e+09 
1.508453e+12 -8.352145e+08 1.998446e+09 
1.514765e+12 -8.268964e+08 1.998459e+09 
1.521076e+12 -8.173109e+08 1.997296e+09 
1.527388e+12 -8.114537e+08 1.994147e+09 
1.533699e+12 -8.040606e+08 1.993356e+09 
1.540011e+12 -7.968452e+08 1.988443e+09 
1.546322e+12 -7.895267e+08 1.985141e+09 
1.552634e+12 -7.832017e+08 1.985110e+09 
1.558945e+12 -7.753330e+08 1.982237e+09 
1.565257e+12 -7.691351e+08 1.980166e+09 
1.571568e+12 -7.603268e+08 1.980102e+09 
1.577880e+12 -7.526690e+08 1.979527e+09 
1.584192e+12 -7.452399e+08 1.977693e+09 
1.590503e+12 -7.371103e+08 1.973372e+09 
1.596815e+12 -7.310465e+08 1.972743e+09 
1.603126e+12 -7.250220e+08 1.974325e+09 
1.609438e+12 -7.177795e+08 1.974093e+09 
1.615749e+12 -7.105581e+08 1.972543e+09 
1.622061e+12 -7.043385e+08 1.971536e+09 
1.628372e+12 -6.982077e+08 1.969092e+09 
1.634684e+12 -6.922748e+08 1.968667e+09 
1.640995e+12 -6.856626e+08 1.968395e+09 
1.647307e+12 -6.783780e+08 1.968108e+09 
1.653618e+12 -6.708762e+08 1.963107e+09 
1.659930e+12 -6.638746e+08 1.962014e+09 
1.666241e+12 -6.580462e+08 1.959056e+09 
1.672553e+12 -6.517008e+08 1.956517e+09 
1.678864e+12 -6.463196e+08 1.955223e+09 
1.685176e+12 -6.405665e+08 1.952810e+09 
1.691487e+12 -6.340380e+08 1.951737e+09 
1.697799e+12 -6.294093e+08 1.945879e+09 
1.704110e+12 -6.231614e+08 1.944584e+09 
1.710422e+12 -6.190052e+08 1.944014e+09 
1.716733e+12 -6.128927e+08 1.943376e+09 
1.723045e+12 -6.069853e+08 1.937607e+09 
1.729356e+12 -6.011966e+08 1.937605e+09 
1.735668e+12 -5.946396e+08 1.935222e+09 
1.741980e+12 -5.884710e+08 1.934949e+09 
1.748291e+12 -5.833396e+08 1.933391e+09 
1.754603e+12 -5.786227e+08 1.932416e+09 
1.760914e+12 -5.716859e+08 1.929491e+09 
1.767226e+12 -5.655135e+08 1.928083e+09 
1.773537e+12 -5.611675e+08 1.926093e+09 
1.779849e+12 -5.543175e+08 1.925014e+09 
1.786160e+12 -5.482514e+08 1.923984e+09 
1.792472e+12 -5.423020e+08 1.922597e+09 
1.798783e+12 -5.368324e+08 1.921378e+09 
1.805095e+12 -5.309852e+08 1.913992e+09 
1.811406e+12 -5.250912e+08 1.913115e+09 
1.817718e+12 -5.191123e+08 1.911477e+09 
1.824029e+12 -5.148392e+08 1.908639e+09 
1.830341e+12 -5.101488e+08 1.907604e+09 
1.836652e+12 -5.048129e+08 1.904909e+09 
1.842964e+12 -5.007014e+08 1.903887e+09 
1.849275e+12 -4.961503e+08 1.900726e+09 
1.855587e+12 -4.905714e+08 1.899555e+09 
1.861898e+12 -4.855147e+08 1.898198e+09 
1.868210e+12 -4.805197e+08 1.896786e+09 
1.874521e+12 -4.766183e+08 1.895526e+09 
1.880833e+12 -4.726233e+08 1.894130e+09 
1.887144e+12 -4.672252e+08 1.892885e+09 
1.893456e+12 -4.622369e+08 1.889313e+09 
