0.000000e+00 -3.711980e-12 3.711980e-12 
6.311520e+09 -2.407169e-12 2.418797e-12 
1.262304e+10 -2.292471e-12 2.317184e-12 
1.893456e+10 -2.201395e-12 2.229126e-12 
2.524608e+10 -2.126440e-12 2.154704e-12 
3.155760e+10 -2.060601e-12 2.088812e-12 
3.786912e+10 -2.004403e-12 2.029405e-12 
4.418064e+10 -1.951736e-12 1.977342e-12 
5.049216e+10 -1.901010e-12 1.924873e-12 
5.680368e+10 -1.854846e-12 1.877274e-12 
6.311520e+10 -1.813718e-12 1.832745e-12 
6.942672e+10 -1.777203e-12 1.794464e-12 
7.573824e+10 -1.742751e-12 1.758411e-12 
8.204976e+10 -1.712597e-12 1.727180e-12 
8.836128e+10 -1.683721e-12 1.697583e-12 
9.467280e+10 -1.657114e-12 1.671576e-12 
1.009843e+11 -1.630743e-12 1.646576e-12 
1.072958e+11 -1.606773e-12 1.623988e-12 
1.136074e+11 -1.583319e-12 1.601371e-12 
1.199189e+11 -1.562138e-12 1.582404e-12 
1.262304e+11 -1.541189e-12 1.563205e-12 
1.325419e+11 -1.522175e-12 1.546309e-12 
1.388534e+11 -1.503642e-12 1.530007e-12 
1.451650e+11 -1.485947e-12 1.514626e-12 
1.514765e+11 -1.468732e-12 1.500029e-12 
1.577880e+11 -1.452148e-12 1.486307e-12 
1.640995e+11 -1.436527e-12 1.472983e-12 
1.704110e+11 -1.420724e-12 1.460443e-12 
1.767226e+11 -1.406292e-12 1.448251e-12 
1.830341e+11 -1.391584e-12 1.437314e-12 
1.893456e+11 -1.378117e-12 1.427084e-12 
1.956571e+11 -1.364334e-12 1.417056e-12 
2.019686e+11 -1.351830e-12 1.407171e-12 
2.082802e+11 -1.340444e-12 1.398174e-12 
2.145917e+11 -1.327888e-12 1.388645e-12 
2.209032e+11 -1.316942e-12 1.379223e-12 
2.272147e+11 -1.306314e-12 1.369418e-12 
2.335262e+11 -1.295195e-12 1.359982e-12 
2.398378e+11 -1.284986e-12 1.351317e-12 
2.461493e+11 -1.273911e-12 1.342385e-12 
2.524608e+11 -1.264013e-12 1.333951e-12 
2.587723e+11 -1.254452e-12 1.326189e-12 
2.650838e+11 -1.244388e-12 1.318131e-12 
2.713954e+11 -1.234685e-12 1.311132e-12 
2.777069e+11 -1.224390e-12 1.303757e-12 
2.840184e+11 -1.215009e-12 1.296269e-12 
2.903299e+11 -1.205830e-12 1.289720e-12 
2.966414e+11 -1.196474e-12 1.282359e-12 
3.029530e+11 -1.188010e-12 1.275745e-12 
3.092645e+11 -1.179001e-12 1.269218e-12 
3.155760e+11 -1.170773e-12 1.262495e-12 
3.218875e+11 -1.162680e-12 1.255974e-12 
3.281990e+11 -1.154422e-12 1.249090e-12 
3.345106e+11 -1.147055e-12 1.243050e-12 
3.408221e+11 -1.139064e-12 1.236807e-12 
3.471336e+11 -1.131396e-12 1.230635e-12 
3.534451e+11 -1.124382e-12 1.224861e-12 
3.597566e+11 -1.115912e-12 1.218559e-12 
3.660682e+11 -1.108674e-12 1.212761e-12 
3.723797e+11 -1.100989e-12 1.206875e-12 
3.786912e+11 -1.093597e-12 1.201681e-12 
3.850027e+11 -1.086238e-12 1.196763e-12 
3.913142e+11 -1.078853e-12 1.191000e-12 
3.976258e+11 -1.071669e-12 1.185829e-12 
4.039373e+11 -1.063974e-12 1.179749e-12 
4.102488e+11 -1.056924e-12 1.174992e-12 
4.165603e+11 -1.049657e-12 1.169247e-12 
4.228718e+11 -1.042852e-12 1.164676e-12 
4.291834e+11 -1.035117e-12 1.158983e-12 
4.354949e+11 -1.028280e-12 1.154351e-12 
4.418064e+11 -1.021049e-12 1.175016e-12 
4.481179e+11 -1.014192e-12 1.144365e-12 
4.544294e+11 -1.007665e-12 1.138905e-12 
4.607410e+11 -1.001245e-12 1.134496e-12 
4.670525e+11 -9.949193e-13 1.129376e-12 
4.733640e+11 -9.885022e-13 1.124812e-12 
4.796755e+11 -9.821408e-13 1.120615e-12 
4.859870e+11 -9.763940e-13 1.115609e-12 
4.922986e+11 -9.703461e-13 1.111553e-12 
4.986101e+11 -9.643972e-13 1.107368e-12 
5.049216e+11 -9.575800e-13 1.102252e-12 
5.112331e+11 -9.519048e-13 1.098361e-12 
5.175446e+11 -9.460359e-13 1.094866e-12 
5.238562e+11 -9.403880e-13 1.090849e-12 
5.301677e+11 -9.338922e-13 1.086711e-12 
5.364792e+11 -9.281445e-13 1.083008e-12 
5.427907e+11 -9.219049e-13 1.078693e-12 
5.491022e+11 -9.165910e-13 1.074856e-12 
5.554138e+11 -9.108007e-13 1.070541e-12 
5.617253e+11 -9.050107e-13 1.068208e-12 
5.680368e+11 -8.986996e-13 1.063421e-12 
5.743483e+11 -8.930654e-13 1.059508e-12 
5.806598e+11 -8.881295e-13 1.055588e-12 
5.869714e+11 -8.824863e-13 1.052210e-12 
5.932829e+11 -8.768408e-13 1.072981e-12 
5.995944e+11 -8.712973e-13 1.129112e-12 
6.059059e+11 -8.656180e-13 1.106040e-12 
6.122174e+11 -8.606576e-13 1.036700e-12 
6.185290e+11 -8.552673e-13 1.032715e-12 
6.248405e+11 -8.498625e-13 1.029400e-12 
6.311520e+11 -4.527060e-12 1.508136e-12 
6.374635e+11 -3.090575e-12 1.398478e-12 
6.437750e+11 -2.548538e-12 1.291809e-12 
6.500866e+11 -2.336782e-12 1.190998e-12 
6.563981e+11 -1.830182e-12 1.097469e-12 
6.627096e+11 -1.632238e-12 1.015575e-12 
6.690211e+11 -1.395697e-12 9.647200e-13 
6.753326e+11 -1.563727e-12 9.334142e-13 
6.816442e+11 -1.383740e-12 9.036701e-13 
6.879557e+11 -1.381849e-12 8.766134e-13 
6.942672e+11 -1.370013e-12 8.511613e-13 
7.005787e+11 -1.381489e-12 8.277629e-13 
7.068902e+11 -1.399927e-12 8.049383e-13 
7.132018e+11 -1.389843e-12 8.219001e-13 
7.195133e+11 -1.414310e-12 7.875045e-13 
7.258248e+11 -1.393698e-12 7.427033e-13 
7.321363e+11 -1.387854e-12 7.244680e-13 
7.384478e+11 -1.379164e-12 7.068005e-13 
7.447594e+11 -1.365032e-12 6.896236e-13 
7.510709e+11 -1.313809e-12 6.735870e-13 
7.573824e+11 -1.345490e-12 6.583983e-13 
7.636939e+11 -1.346597e-12 6.436785e-13 
7.700054e+11 -1.321292e-12 6.294911e-13 
7.763170e+11 -1.318726e-12 6.160212e-13 
7.826285e+11 -1.322584e-12 6.028342e-13 
7.889400e+11 -1.296920e-12 5.908321e-13 
7.952515e+11 -1.259675e-12 5.788619e-13 
8.015630e+11 -1.206438e-12 5.674942e-13 
8.078746e+11 -1.162666e-12 5.564534e-13 
8.141861e+11 -1.141654e-12 5.456962e-13 
8.204976e+11 -1.154042e-12 5.354593e-13 
8.268091e+11 -1.142854e-12 5.255434e-13 
8.331206e+11 -1.141409e-12 5.158240e-13 
8.394322e+11 -1.167603e-12 5.065324e-13 
8.457437e+11 -1.131563e-12 5.674172e-13 
8.520552e+11 -1.153157e-12 4.878364e-13 
8.583667e+11 -1.171060e-12 4.795702e-13 
8.646782e+11 -1.132849e-12 4.717692e-13 
8.709898e+11 -1.112616e-12 4.638689e-13 
8.773013e+11 -1.121438e-12 4.564510e-13 
8.836128e+11 -1.054081e-12 4.487285e-13 
8.899243e+11 -1.065850e-12 5.466854e-13 
8.962358e+11 -1.060453e-12 4.601569e-13 
9.025474e+11 -1.028830e-12 4.964251e-13 
9.088589e+11 -9.980523e-13 4.379027e-13 
9.151704e+11 -1.013116e-12 4.614645e-13 
9.214819e+11 -9.822121e-13 5.260485e-13 
9.277934e+11 -9.843334e-13 5.262553e-13 
9.341050e+11 -9.505966e-13 4.732200e-13 
9.404165e+11 -9.712081e-13 5.341117e-13 
9.467280e+11 -9.176718e-13 4.932442e-13 
9.530395e+11 -9.492810e-13 5.962687e-13 
9.593510e+11 -9.045258e-13 4.795148e-13 
9.656626e+11 -9.177033e-13 5.406995e-13 
9.719741e+11 -9.303453e-13 5.551370e-13 
9.782856e+11 -9.118486e-13 6.608215e-13 
9.845971e+11 -9.205982e-13 5.940133e-13 
9.909086e+11 -9.240692e-13 6.225656e-13 
9.972202e+11 -9.120290e-13 5.919483e-13 
1.003532e+12 -9.210532e-13 5.416336e-13 
1.009843e+12 -8.866849e-13 5.279378e-13 
1.016155e+12 -9.273882e-13 5.365512e-13 
1.022466e+12 -9.025617e-13 3.731018e-13 
1.028778e+12 -8.491063e-13 4.167245e-13 
1.035089e+12 -8.575356e-13 6.867052e-13 
1.041401e+12 -8.419140e-13 5.100216e-13 
1.047712e+12 -8.311440e-13 4.428798e-13 
1.054024e+12 -8.276364e-13 3.553302e-13 
1.060335e+12 -8.005264e-13 3.861263e-13 
1.066647e+12 -7.994872e-13 3.527971e-13 
1.072958e+12 -8.086125e-13 3.972974e-13 
1.079270e+12 -7.737456e-13 3.776955e-13 
1.085581e+12 -7.408418e-13 4.449504e-13 
1.091893e+12 -7.423086e-13 4.086405e-13 
1.098204e+12 -7.577280e-13 3.402616e-13 
1.104516e+12 -6.980327e-13 4.306547e-13 
1.110828e+12 -7.126771e-13 4.665117e-13 
1.117139e+12 -6.978534e-13 3.918402e-13 
1.123451e+12 -6.587768e-13 4.647482e-13 
1.129762e+12 -6.450704e-13 5.582747e-13 
1.136074e+12 -6.609622e-13 4.058507e-13 
1.142385e+12 -6.465775e-13 3.728962e-13 
1.148697e+12 -6.295092e-13 5.295342e-13 
1.155008e+12 -6.254137e-13 4.445335e-13 
1.161320e+12 -6.264070e-13 3.314847e-13 
1.167631e+12 -6.301748e-13 4.922008e-13 
1.173943e+12 -6.148309e-13 4.157043e-13 
1.180254e+12 -6.199625e-13 4.011964e-13 
1.186566e+12 -6.187838e-13 4.315504e-13 
1.192877e+12 -6.130251e-13 3.758139e-13 
1.199189e+12 -6.244368e-13 3.634872e-13 
1.205500e+12 -6.229339e-13 2.865071e-13 
1.211812e+12 -6.173168e-13 3.357534e-13 
1.218123e+12 -6.279297e-13 2.836839e-13 
1.224435e+12 -6.012773e-13 3.605358e-13 
1.230746e+12 -6.298239e-13 3.718892e-13 
1.237058e+12 -6.287739e-13 3.081068e-13 
1.243369e+12 -6.315507e-13 4.007169e-13 
1.249681e+12 -6.116424e-13 2.873601e-13 
1.255992e+12 -6.211453e-13 3.509517e-13 
1.262304e+12 -5.957113e-13 2.392854e-13 
1.268616e+12 -6.208497e-13 3.662790e-13 
1.274927e+12 -6.117864e-13 3.128481e-13 
1.281239e+12 -5.926528e-13 3.508736e-13 
1.287550e+12 -6.076977e-13 3.284848e-13 
1.293862e+12 -5.953507e-13 3.792033e-13 
1.300173e+12 -6.064240e-13 4.404262e-13 
1.306485e+12 -5.701520e-13 3.396582e-13 
1.312796e+12 -5.568860e-13 2.302112e-13 
1.319108e+12 -5.385198e-13 2.072243e-13 
1.325419e+12 -5.291508e-13 2.377560e-13 
1.331731e+12 -5.295571e-13 2.800743e-13 
1.338042e+12 -5.114740e-13 2.441469e-13 
1.344354e+12 -5.175538e-13 3.096959e-13 
1.350665e+12 -4.982124e-13 2.676313e-13 
1.356977e+12 -5.062289e-13 2.726055e-13 
1.363288e+12 -4.996285e-13 2.349045e-13 
1.369600e+12 -4.919218e-13 3.102970e-13 
1.375911e+12 -4.772903e-13 2.996798e-13 
1.382223e+12 -4.747903e-13 2.107593e-13 
1.388534e+12 -4.776155e-13 2.376736e-13 
1.394846e+12 -4.635555e-13 2.560171e-13 
1.401157e+12 -4.692360e-13 2.139190e-13 
1.407469e+12 -4.509132e-13 2.426959e-13 
1.413780e+12 -4.422895e-13 3.286933e-13 
1.420092e+12 -4.444434e-13 2.731793e-13 
1.426404e+12 -4.397329e-13 2.285581e-13 
1.432715e+12 -4.376723e-13 2.691665e-13 
1.439027e+12 -4.327446e-13 2.188163e-13 
1.445338e+12 -4.218703e-13 3.045410e-13 
1.451650e+12 -4.138764e-13 1.763854e-13 
1.457961e+12 -4.070095e-13 1.951399e-13 
1.464273e+12 -4.100720e-13 2.389223e-13 
1.470584e+12 -4.036153e-13 1.976203e-13 
1.476896e+12 -3.879334e-13 1.959269e-13 
1.483207e+12 -3.965296e-13 2.745687e-13 
1.489519e+12 -3.892143e-13 2.172219e-13 
1.495830e+12 -3.891285e-13 2.788302e-13 
1.502142e+12 -3.855778e-13 2.050250e-13 
1.508453e+12 -3.770437e-13 1.869025e-13 
1.514765e+12 -3.717269e-13 1.893448e-13 
1.521076e+12 -3.776491e-13 2.973238e-13 
1.527388e+12 -3.705811e-13 1.835477e-13 
1.533699e+12 -3.708513e-13 2.497590e-13 
1.540011e+12 -3.624210e-13 1.505120e-13 
1.546322e+12 -3.589534e-13 2.074032e-13 
1.552634e+12 -3.590773e-13 2.585798e-13 
1.558945e+12 -3.619404e-13 2.000015e-13 
1.565257e+12 -3.587823e-13 1.983231e-13 
1.571568e+12 -3.466981e-13 1.970360e-13 
1.577880e+12 -3.480891e-13 1.431365e-13 
1.584192e+12 -3.327434e-13 2.077721e-13 
1.590503e+12 -3.504411e-13 2.404736e-13 
1.596815e+12 -3.412318e-13 2.402224e-13 
1.603126e+12 -3.321184e-13 1.474683e-13 
1.609438e+12 -3.385094e-13 3.016080e-13 
1.615749e+12 -3.394557e-13 2.980237e-13 
1.622061e+12 -3.289941e-13 1.791051e-13 
1.628372e+12 -3.303807e-13 1.665794e-13 
1.634684e+12 -3.225013e-13 1.593989e-13 
1.640995e+12 -3.253149e-13 1.405411e-13 
1.647307e+12 -3.219836e-13 1.930201e-13 
1.653618e+12 -3.285130e-13 1.547001e-13 
1.659930e+12 -3.113472e-13 2.505615e-13 
1.666241e+12 -3.227439e-13 1.450489e-13 
1.672553e+12 -3.132797e-13 1.956918e-13 
1.678864e+12 -3.147343e-13 2.427654e-13 
1.685176e+12 -3.084420e-13 1.577192e-13 
1.691487e+12 -3.180549e-13 1.391628e-13 
1.697799e+12 -3.116749e-13 2.185205e-13 
1.704110e+12 -3.039432e-13 1.337502e-13 
1.710422e+12 -3.042546e-13 1.593107e-13 
1.716733e+12 -3.028729e-13 1.971952e-13 
1.723045e+12 -2.857467e-13 1.383658e-13 
1.729356e+12 -3.067483e-13 1.499979e-13 
1.735668e+12 -3.021304e-13 1.841514e-13 
1.741980e+12 -2.976092e-13 1.681873e-13 
1.748291e+12 -2.886282e-13 1.395994e-13 
1.754603e+12 -2.829369e-13 1.617911e-13 
1.760914e+12 -2.924077e-13 1.515733e-13 
1.767226e+12 -2.863300e-13 1.827145e-13 
1.773537e+12 -2.963236e-13 1.397847e-13 
1.779849e+12 -2.862234e-13 1.354789e-13 
1.786160e+12 -2.963643e-13 1.654742e-13 
1.792472e+12 -2.904247e-13 1.412163e-13 
1.798783e+12 -2.810869e-13 1.841165e-13 
1.805095e+12 -2.844186e-13 1.216383e-13 
1.811406e+12 -2.742549e-13 1.586387e-13 
1.817718e+12 -2.852782e-13 2.107957e-13 
1.824029e+12 -2.821196e-13 2.357664e-13 
1.830341e+12 -2.756089e-13 1.497358e-13 
1.836652e+12 -2.702683e-13 1.489395e-13 
1.842964e+12 -2.624157e-13 1.598517e-13 
1.849275e+12 -2.664855e-13 1.759722e-13 
1.855587e+12 -2.563091e-13 1.352332e-13 
1.861898e+12 -2.507505e-13 1.763048e-13 
1.868210e+12 -2.681760e-13 1.178416e-13 
1.874521e+12 -2.676116e-13 1.440341e-13 
1.880833e+12 -2.723863e-13 1.114007e-13 
1.887144e+12 -2.540143e-13 1.518019e-13 
1.893456e+12 -2.487895e-13 1.591208e-13 
