0.000000e+00 0.000000e+00 8.364126e-07 0.000000e+00
6.311520e+09 0.000000e+00 7.912372e-07 2.000000e+02
1.262304e+10 0.000000e+00 7.570037e-07 4.000000e+02
1.893456e+10 0.000000e+00 7.305454e-07 6.000000e+02
2.524608e+10 0.000000e+00 7.093973e-07 8.000000e+02
3.155760e+10 0.000000e+00 6.914270e-07 1.000000e+03
3.786912e+10 0.000000e+00 6.760708e-07 1.200000e+03
4.418064e+10 0.000000e+00 6.625660e-07 1.400000e+03
5.049216e+10 0.000000e+00 6.498450e-07 1.600000e+03
5.680368e+10 0.000000e+00 6.384617e-07 1.800000e+03
6.311520e+10 0.000000e+00 6.280885e-07 2.000000e+03
6.942672e+10 0.000000e+00 6.189889e-07 2.200000e+03
7.573824e+10 0.000000e+00 6.101861e-07 2.400000e+03
8.204976e+10 0.000000e+00 6.025224e-07 2.600000e+03
8.836128e+10 0.000000e+00 5.950429e-07 2.800000e+03
9.467280e+10 0.000000e+00 5.881063e-07 3.000000e+03
1.009843e+11 0.000000e+00 5.813147e-07 3.200000e+03
1.072958e+11 0.000000e+00 5.747347e-07 3.400000e+03
1.136074e+11 0.000000e+00 5.681987e-07 3.600000e+03
1.199189e+11 0.000000e+00 5.621099e-07 3.800000e+03
1.262304e+11 0.000000e+00 5.560549e-07 4.000000e+03
1.325419e+11 0.000000e+00 5.503581e-07 4.200000e+03
1.388534e+11 0.000000e+00 5.449519e-07 4.400000e+03
1.451650e+11 0.000000e+00 5.396821e-07 4.600000e+03
1.514765e+11 0.000000e+00 5.345476e-07 4.800000e+03
1.577880e+11 0.000000e+00 5.296884e-07 5.000000e+03
1.640995e+11 0.000000e+00 5.249460e-07 5.200000e+03
1.704110e+11 0.000000e+00 5.201192e-07 5.400000e+03
1.767226e+11 0.000000e+00 5.154725e-07 5.600000e+03
1.830341e+11 0.000000e+00 5.107848e-07 5.800000e+03
1.893456e+11 0.000000e+00 5.063490e-07 6.000000e+03
1.956571e+11 0.000000e+00 5.018141e-07 6.200000e+03
2.019686e+11 0.000000e+00 4.975318e-07 6.400000e+03
2.082802e+11 0.000000e+00 4.934647e-07 6.600000e+03
2.145917e+11 0.000000e+00 4.891247e-07 6.800000e+03
2.209032e+11 0.000000e+00 4.850576e-07 7.000000e+03
2.272147e+11 0.000000e+00 4.812558e-07 7.200000e+03
2.335262e+11 0.000000e+00 4.770953e-07 7.400000e+03
2.398378e+11 0.000000e+00 4.732341e-07 7.600000e+03
2.461493e+11 0.000000e+00 4.693400e-07 7.800000e+03
2.524608e+11 0.000000e+00 4.655713e-07 8.000000e+03
2.587723e+11 0.000000e+00 4.618725e-07 8.200000e+03
2.650838e+11 0.000000e+00 4.581067e-07 8.400000e+03
2.713954e+11 0.000000e+00 4.544507e-07 8.600000e+03
2.777069e+11 0.000000e+00 4.506517e-07 8.800000e+03
2.840184e+11 0.000000e+00 4.471303e-07 9.000000e+03
2.903299e+11 0.000000e+00 4.436154e-07 9.200000e+03
2.966414e+11 0.000000e+00 4.401432e-07 9.400000e+03
3.029530e+11 0.000000e+00 4.367815e-07 9.600000e+03
3.092645e+11 0.000000e+00 4.333969e-07 9.800000e+03
3.155760e+11 0.000000e+00 4.301988e-07 1.000000e+04
3.218875e+11 0.000000e+00 4.269322e-07 1.020000e+04
3.281990e+11 0.000000e+00 4.237569e-07 1.040000e+04
3.345106e+11 0.000000e+00 4.207488e-07 1.060000e+04
3.408221e+11 0.000000e+00 4.177304e-07 1.080000e+04
3.471336e+11 0.000000e+00 4.148196e-07 1.100000e+04
3.534451e+11 0.000000e+00 4.119057e-07 1.120000e+04
3.597566e+11 0.000000e+00 4.089321e-07 1.140000e+04
3.660682e+11 0.000000e+00 4.061022e-07 1.160000e+04
3.723797e+11 0.000000e+00 4.031441e-07 1.180000e+04
3.786912e+11 0.000000e+00 4.002896e-07 1.200000e+04
3.850027e+11 0.000000e+00 3.973697e-07 1.220000e+04
3.913142e+11 0.000000e+00 3.946049e-07 1.240000e+04
3.976258e+11 0.000000e+00 3.916715e-07 1.260000e+04
4.039373e+11 0.000000e+00 3.888512e-07 1.280000e+04
4.102488e+11 0.000000e+00 3.861834e-07 1.300000e+04
4.165603e+11 0.000000e+00 3.834644e-07 1.320000e+04
4.228718e+11 0.000000e+00 3.808863e-07 1.340000e+04
4.291834e+11 0.000000e+00 3.782085e-07 1.360000e+04
4.354949e+11 0.000000e+00 3.755699e-07 1.380000e+04
4.418064e+11 0.000000e+00 3.730230e-07 1.400000e+04
4.481179e+11 0.000000e+00 3.704977e-07 1.420000e+04
4.544294e+11 0.000000e+00 3.681711e-07 1.440000e+04
4.607410e+11 0.000000e+00 3.656358e-07 1.460000e+04
4.670525e+11 0.000000e+00 3.633328e-07 1.480000e+04
4.733640e+11 0.000000e+00 3.610978e-07 1.500000e+04
4.796755e+11 0.000000e+00 3.586452e-07 1.520000e+04
4.859870e+11 0.000000e+00 3.565303e-07 1.540000e+04
4.922986e+11 0.000000e+00 3.542814e-07 1.560000e+04
4.986101e+11 0.000000e+00 3.521649e-07 1.580000e+04
5.049216e+11 0.000000e+00 3.498939e-07 1.600000e+04
5.112331e+11 0.000000e+00 3.478292e-07 1.620000e+04
5.175446e+11 0.000000e+00 3.456951e-07 1.640000e+04
5.238562e+11 0.000000e+00 3.437077e-07 1.660000e+04
5.301677e+11 0.000000e+00 3.417189e-07 1.680000e+04
5.364792e+11 0.000000e+00 3.396571e-07 1.700000e+04
5.427907e+11 0.000000e+00 3.377255e-07 1.720000e+04
5.491022e+11 0.000000e+00 3.359383e-07 1.740000e+04
5.554138e+11 0.000000e+00 3.341630e-07 1.760000e+04
5.617253e+11 0.000000e+00 3.322188e-07 1.780000e+04
5.680368e+11 0.000000e+00 3.303892e-07 1.800000e+04
5.743483e+11 0.000000e+00 3.285446e-07 1.820000e+04
5.806598e+11 0.000000e+00 3.269290e-07 1.840000e+04
5.869714e+11 0.000000e+00 3.251451e-07 1.860000e+04
5.932829e+11 0.000000e+00 3.235785e-07 1.880000e+04
5.995944e+11 0.000000e+00 3.218258e-07 1.900000e+04
6.059059e+11 0.000000e+00 3.201660e-07 1.920000e+04
6.122174e+11 0.000000e+00 3.185948e-07 1.940000e+04
6.185290e+11 0.000000e+00 3.169613e-07 1.960000e+04
6.248405e+11 0.000000e+00 3.153740e-07 1.980000e+04
6.311520e+11 0.000000e+00 6.064157e-07 2.000000e+04
6.374635e+11 0.000000e+00 5.571375e-07 2.020000e+04
6.437750e+11 0.000000e+00 5.197938e-07 2.040000e+04
6.500866e+11 0.000000e+00 4.875246e-07 2.060000e+04
6.563981e+11 0.000000e+00 4.598709e-07 2.080000e+04
6.627096e+11 0.000000e+00 4.349457e-07 2.100000e+04
6.690211e+11 0.000000e+00 4.134005e-07 2.120000e+04
6.753326e+11 0.000000e+00 3.934108e-07 2.140000e+04
6.816442e+11 0.000000e+00 3.753831e-07 2.160000e+04
6.879557e+11 0.000000e+00 3.579253e-07 2.180000e+04
6.942672e+11 0.000000e+00 3.434396e-07 2.200000e+04
7.005787e+11 0.000000e+00 3.301031e-07 2.220000e+04
7.068902e+11 0.000000e+00 3.160581e-07 2.240000e+04
7.132018e+11 0.000000e+00 3.049583e-07 2.260000e+04
7.195133e+11 0.000000e+00 2.936691e-07 2.280000e+04
7.258248e+11 0.000000e+00 2.830229e-07 2.300000e+04
7.321363e+11 0.000000e+00 2.730598e-07 2.320000e+04
7.384478e+11 0.000000e+00 2.632900e-07 2.340000e+04
7.447594e+11 0.000000e+00 2.555477e-07 2.360000e+04
7.510709e+11 0.000000e+00 2.478823e-07 2.380000e+04
7.573824e+11 0.000000e+00 2.403231e-07 2.400000e+04
7.636939e+11 0.000000e+00 2.329417e-07 2.420000e+04
7.700054e+11 0.000000e+00 2.270442e-07 2.440000e+04
7.763170e+11 0.000000e+00 2.222035e-07 2.460000e+04
7.826285e+11 0.000000e+00 2.175545e-07 2.480000e+04
7.889400e+11 0.000000e+00 2.131651e-07 2.500000e+04
7.952515e+11 0.000000e+00 2.089111e-07 2.520000e+04
8.015630e+11 0.000000e+00 2.048186e-07 2.540000e+04
8.078746e+11 0.000000e+00 2.009777e-07 2.560000e+04
8.141861e+11 0.000000e+00 1.971527e-07 2.580000e+04
8.204976e+11 0.000000e+00 1.934044e-07 2.600000e+04
8.268091e+11 0.000000e+00 1.898612e-07 2.620000e+04
8.331206e+11 0.000000e+00 1.863159e-07 2.640000e+04
8.394322e+11 0.000000e+00 1.828980e-07 2.660000e+04
8.457437e+11 0.000000e+00 1.794573e-07 2.680000e+04
8.520552e+11 0.000000e+00 1.762742e-07 2.700000e+04
8.583667e+11 0.000000e+00 1.732221e-07 2.720000e+04
8.646782e+11 0.000000e+00 1.703526e-07 2.740000e+04
8.709898e+11 0.000000e+00 1.675414e-07 2.760000e+04
8.773013e+11 0.000000e+00 1.647979e-07 2.780000e+04
8.836128e+11 0.000000e+00 1.619647e-07 2.800000e+04
8.899243e+11 0.000000e+00 1.593658e-07 2.820000e+04
8.962358e+11 0.000000e+00 1.567874e-07 2.840000e+04
9.025474e+11 0.000000e+00 1.542608e-07 2.860000e+04
9.088589e+11 0.000000e+00 1.518614e-07 2.880000e+04
9.151704e+11 0.000000e+00 1.493139e-07 2.900000e+04
9.214819e+11 0.000000e+00 1.470823e-07 2.920000e+04
9.277934e+11 0.000000e+00 1.447466e-07 2.940000e+04
9.341050e+11 0.000000e+00 1.425358e-07 2.960000e+04
9.404165e+11 0.000000e+00 1.403827e-07 2.980000e+04
9.467280e+11 0.000000e+00 1.382177e-07 3.000000e+04
9.530395e+11 0.000000e+00 1.361051e-07 3.020000e+04
9.593510e+11 0.000000e+00 1.341445e-07 3.040000e+04
9.656626e+11 0.000000e+00 1.321772e-07 3.060000e+04
9.719741e+11 0.000000e+00 1.302594e-07 3.080000e+04
9.782856e+11 0.000000e+00 1.283891e-07 3.100000e+04
9.845971e+11 0.000000e+00 1.265103e-07 3.120000e+04
9.909086e+11 0.000000e+00 1.246119e-07 3.140000e+04
9.972202e+11 0.000000e+00 1.229262e-07 3.160000e+04
1.003532e+12 0.000000e+00 1.211312e-07 3.180000e+04
1.009843e+12 0.000000e+00 1.194107e-07 3.200000e+04
1.016155e+12 0.000000e+00 1.177391e-07 3.220000e+04
1.022466e+12 0.000000e+00 1.160417e-07 3.240000e+04
1.028778e+12 0.000000e+00 1.142835e-07 3.260000e+04
1.035089e+12 0.000000e+00 1.126738e-07 3.280000e+04
1.041401e+12 0.000000e+00 1.111104e-07 3.300000e+04
1.047712e+12 0.000000e+00 1.095560e-07 3.320000e+04
1.054024e+12 0.000000e+00 1.080729e-07 3.340000e+04
1.060335e+12 0.000000e+00 1.065923e-07 3.360000e+04
1.066647e+12 0.000000e+00 1.051566e-07 3.380000e+04
1.072958e+12 0.000000e+00 1.037902e-07 3.400000e+04
1.079270e+12 0.000000e+00 1.024158e-07 3.420000e+04
1.085581e+12 0.000000e+00 1.010158e-07 3.440000e+04
1.091893e+12 0.000000e+00 9.977253e-08 3.460000e+04
1.098204e+12 0.000000e+00 9.843331e-08 3.480000e+04
1.104516e+12 0.000000e+00 9.708073e-08 3.500000e+04
1.110828e+12 0.000000e+00 9.585988e-08 3.520000e+04
1.117139e+12 0.000000e+00 9.470237e-08 3.540000e+04
1.123451e+12 0.000000e+00 9.352118e-08 3.560000e+04
1.129762e+12 0.000000e+00 9.231983e-08 3.580000e+04
1.136074e+12 0.000000e+00 9.114599e-08 3.600000e+04
1.142385e+12 0.000000e+00 8.996704e-08 3.620000e+04
1.148697e+12 0.000000e+00 8.877388e-08 3.640000e+04
1.155008e+12 0.000000e+00 8.771166e-08 3.660000e+04
1.161320e+12 0.000000e+00 8.656770e-08 3.680000e+04
1.167631e+12 0.000000e+00 8.544412e-08 3.700000e+04
1.173943e+12 0.000000e+00 8.438176e-08 3.720000e+04
1.180254e+12 0.000000e+00 8.335699e-08 3.740000e+04
1.186566e+12 0.000000e+00 8.231492e-08 3.760000e+04
1.192877e+12 0.000000e+00 8.134310e-08 3.780000e+04
1.199189e+12 0.000000e+00 8.028318e-08 3.800000e+04
1.205500e+12 0.000000e+00 7.930162e-08 3.820000e+04
1.211812e+12 0.000000e+00 7.834765e-08 3.840000e+04
1.218123e+12 0.000000e+00 7.738256e-08 3.860000e+04
1.224435e+12 0.000000e+00 7.645881e-08 3.880000e+04
1.230746e+12 0.000000e+00 7.552739e-08 3.900000e+04
1.237058e+12 0.000000e+00 7.462853e-08 3.920000e+04
1.243369e+12 0.000000e+00 7.372695e-08 3.940000e+04
1.249681e+12 0.000000e+00 7.283538e-08 3.960000e+04
1.255992e+12 0.000000e+00 7.195176e-08 3.980000e+04
1.262304e+12 0.000000e+00 7.107699e-08 4.000000e+04
1.268616e+12 0.000000e+00 7.023444e-08 4.020000e+04
1.274927e+12 0.000000e+00 6.938647e-08 4.040000e+04
1.281239e+12 0.000000e+00 6.860717e-08 4.060000e+04
1.287550e+12 0.000000e+00 6.781346e-08 4.080000e+04
1.293862e+12 0.000000e+00 6.700938e-08 4.100000e+04
1.300173e+12 0.000000e+00 6.625494e-08 4.120000e+04
1.306485e+12 0.000000e+00 6.545192e-08 4.140000e+04
1.312796e+12 0.000000e+00 6.465203e-08 4.160000e+04
1.319108e+12 0.000000e+00 6.393372e-08 4.180000e+04
1.325419e+12 0.000000e+00 6.318234e-08 4.200000e+04
1.331731e+12 0.000000e+00 6.247217e-08 4.220000e+04
1.338042e+12 0.000000e+00 6.176117e-08 4.240000e+04
1.344354e+12 0.000000e+00 6.109516e-08 4.260000e+04
1.350665e+12 0.000000e+00 6.042039e-08 4.280000e+04
1.356977e+12 0.000000e+00 5.970902e-08 4.300000e+04
1.363288e+12 0.000000e+00 5.904874e-08 4.320000e+04
1.369600e+12 0.000000e+00 5.842657e-08 4.340000e+04
1.375911e+12 0.000000e+00 5.781284e-08 4.360000e+04
1.382223e+12 0.000000e+00 5.720214e-08 4.380000e+04
1.388534e+12 0.000000e+00 5.653518e-08 4.400000e+04
1.394846e+12 0.000000e+00 5.596308e-08 4.420000e+04
1.401157e+12 0.000000e+00 5.535509e-08 4.440000e+04
1.407469e+12 0.000000e+00 5.483552e-08 4.460000e+04
1.413780e+12 0.000000e+00 5.425031e-08 4.480000e+04
1.420092e+12 0.000000e+00 5.369554e-08 4.500000e+04
1.426404e+12 0.000000e+00 5.315087e-08 4.520000e+04
1.432715e+12 0.000000e+00 5.256387e-08 4.540000e+04
1.439027e+12 0.000000e+00 5.197115e-08 4.560000e+04
1.445338e+12 0.000000e+00 5.145522e-08 4.580000e+04
1.451650e+12 0.000000e+00 5.091324e-08 4.600000e+04
1.457961e+12 0.000000e+00 5.039048e-08 4.620000e+04
1.464273e+12 0.000000e+00 4.991957e-08 4.640000e+04
1.470584e+12 0.000000e+00 4.940326e-08 4.660000e+04
1.476896e+12 0.000000e+00 4.889057e-08 4.680000e+04
1.483207e+12 0.000000e+00 4.836965e-08 4.700000e+04
1.489519e+12 0.000000e+00 4.786314e-08 4.720000e+04
1.495830e+12 0.000000e+00 4.740319e-08 4.740000e+04
1.502142e+12 0.000000e+00 4.691299e-08 4.760000e+04
1.508453e+12 0.000000e+00 4.645188e-08 4.780000e+04
1.514765e+12 0.000000e+00 4.597960e-08 4.800000e+04
1.521076e+12 0.000000e+00 4.550926e-08 4.820000e+04
1.527388e+12 0.000000e+00 4.505790e-08 4.840000e+04
1.533699e+12 0.000000e+00 4.458620e-08 4.860000e+04
1.540011e+12 0.000000e+00 4.414454e-08 4.880000e+04
1.546322e+12 0.000000e+00 4.372154e-08 4.900000e+04
1.552634e+12 0.000000e+00 4.327249e-08 4.920000e+04
1.558945e+12 0.000000e+00 4.283765e-08 4.940000e+04
1.565257e+12 0.000000e+00 4.241049e-08 4.960000e+04
1.571568e+12 0.000000e+00 4.200451e-08 4.980000e+04
1.577880e+12 0.000000e+00 4.158992e-08 5.000000e+04
1.584192e+12 0.000000e+00 4.121570e-08 5.020000e+04
1.590503e+12 0.000000e+00 4.084570e-08 5.040000e+04
1.596815e+12 0.000000e+00 4.040931e-08 5.060000e+04
1.603126e+12 0.000000e+00 3.999309e-08 5.080000e+04
1.609438e+12 0.000000e+00 3.958563e-08 5.100000e+04
1.615749e+12 0.000000e+00 3.917077e-08 5.120000e+04
1.622061e+12 0.000000e+00 3.881290e-08 5.140000e+04
1.628372e+12 0.000000e+00 3.847193e-08 5.160000e+04
1.634684e+12 0.000000e+00 3.808208e-08 5.180000e+04
1.640995e+12 0.000000e+00 3.769619e-08 5.200000e+04
1.647307e+12 0.000000e+00 3.734667e-08 5.220000e+04
1.653618e+12 0.000000e+00 3.701010e-08 5.240000e+04
1.659930e+12 0.000000e+00 3.667750e-08 5.260000e+04
1.666241e+12 0.000000e+00 3.630486e-08 5.280000e+04
1.672553e+12 0.000000e+00 3.595297e-08 5.300000e+04
1.678864e+12 0.000000e+00 3.558177e-08 5.320000e+04
1.685176e+12 0.000000e+00 3.527182e-08 5.340000e+04
1.691487e+12 0.000000e+00 3.493492e-08 5.360000e+04
1.697799e+12 0.000000e+00 3.458135e-08 5.380000e+04
1.704110e+12 0.000000e+00 3.425820e-08 5.400000e+04
1.710422e+12 0.000000e+00 3.395427e-08 5.420000e+04
1.716733e+12 0.000000e+00 3.365121e-08 5.440000e+04
1.723045e+12 0.000000e+00 3.333480e-08 5.460000e+04
1.729356e+12 0.000000e+00 3.301012e-08 5.480000e+04
1.735668e+12 0.000000e+00 3.270286e-08 5.500000e+04
1.741980e+12 0.000000e+00 3.239159e-08 5.520000e+04
1.748291e+12 0.000000e+00 3.208442e-08 5.540000e+04
1.754603e+12 0.000000e+00 3.177159e-08 5.560000e+04
1.760914e+12 0.000000e+00 3.150073e-08 5.580000e+04
1.767226e+12 0.000000e+00 3.119105e-08 5.600000e+04
1.773537e+12 0.000000e+00 3.088416e-08 5.620000e+04
1.779849e+12 0.000000e+00 3.057357e-08 5.640000e+04
1.786160e+12 0.000000e+00 3.027331e-08 5.660000e+04
1.792472e+12 0.000000e+00 2.996912e-08 5.680000e+04
1.798783e+12 0.000000e+00 2.966667e-08 5.700000e+04
1.805095e+12 0.000000e+00 2.940801e-08 5.720000e+04
1.811406e+12 0.000000e+00 2.914067e-08 5.740000e+04
1.817718e+12 0.000000e+00 2.890556e-08 5.760000e+04
1.824029e+12 0.000000e+00 2.863783e-08 5.780000e+04
1.830341e+12 0.000000e+00 2.837753e-08 5.800000e+04
1.836652e+12 0.000000e+00 2.812845e-08 5.820000e+04
1.842964e+12 0.000000e+00 2.787701e-08 5.840000e+04
1.849275e+12 0.000000e+00 2.760796e-08 5.860000e+04
1.855587e+12 0.000000e+00 2.733095e-08 5.880000e+04
1.861898e+12 0.000000e+00 2.707216e-08 5.900000e+04
1.868210e+12 0.000000e+00 2.682603e-08 5.920000e+04
1.874521e+12 0.000000e+00 2.657912e-08 5.940000e+04
1.880833e+12 0.000000e+00 2.635396e-08 5.960000e+04
1.887144e+12 0.000000e+00 2.612552e-08 5.980000e+04
1.893456e+12 0.000000e+00 2.590404e-08 6.000000e+04
