0.000000e+00 -1.563091e-12 5.629679e-12 
6.311520e+09 -1.326798e-12 4.487694e-12 
1.262304e+10 -1.248753e-12 4.003765e-12 
1.893456e+10 -1.059359e-12 3.607721e-12 
2.524608e+10 -9.877015e-13 3.195871e-12 
3.155760e+10 -9.523604e-13 2.895541e-12 
3.786912e+10 -9.149124e-13 2.653071e-12 
4.418064e+10 -8.817945e-13 2.494451e-12 
5.049216e+10 -8.477706e-13 2.307965e-12 
5.680368e+10 -8.164631e-13 2.233872e-12 
6.311520e+10 -7.869779e-13 2.237223e-12 
6.942672e+10 -7.585346e-13 2.263531e-12 
7.573824e+10 -7.324926e-13 2.286917e-12 
8.204976e+10 -7.090908e-13 2.311334e-12 
8.836128e+10 -6.844925e-13 2.332298e-12 
9.467280e+10 -6.645684e-13 2.359570e-12 
1.009843e+11 -6.455619e-13 2.378970e-12 
1.072958e+11 -6.247977e-13 2.395881e-12 
1.136074e+11 -6.168764e-13 2.407302e-12 
1.199189e+11 -6.102031e-13 2.419223e-12 
1.262304e+11 -5.897695e-13 2.425731e-12 
1.325419e+11 -5.904555e-13 2.432334e-12 
1.388534e+11 -5.741343e-13 2.434707e-12 
1.451650e+11 -5.769607e-13 2.430060e-12 
1.514765e+11 -6.099195e-13 2.433074e-12 
1.577880e+11 -6.042703e-13 2.436177e-12 
1.640995e+11 -6.454200e-13 2.442425e-12 
1.704110e+11 -6.596157e-13 2.438907e-12 
1.767226e+11 -6.361495e-13 2.440220e-12 
1.830341e+11 -6.421826e-13 2.451050e-12 
1.893456e+11 -6.542960e-13 2.433446e-12 
1.956571e+11 -6.571789e-13 2.432274e-12 
2.019686e+11 -6.431040e-13 2.443423e-12 
2.082802e+11 -6.305922e-13 2.443958e-12 
2.145917e+11 -6.178575e-13 2.438028e-12 
2.209032e+11 -6.161622e-13 2.430465e-12 
2.272147e+11 -5.917650e-13 2.429136e-12 
2.335262e+11 -6.051515e-13 2.412891e-12 
2.398378e+11 -5.896935e-13 2.406332e-12 
2.461493e+11 -5.798728e-13 2.418368e-12 
2.524608e+11 -5.729806e-13 2.413244e-12 
2.587723e+11 -5.828164e-13 2.396098e-12 
2.650838e+11 -5.585517e-13 2.384924e-12 
2.713954e+11 -5.670576e-13 2.376832e-12 
2.777069e+11 -5.889236e-13 2.375364e-12 
2.840184e+11 -5.694910e-13 2.376964e-12 
2.903299e+11 -5.560566e-13 2.361716e-12 
2.966414e+11 -5.427372e-13 2.349431e-12 
3.029530e+11 -5.774503e-13 2.348535e-12 
3.092645e+11 -5.572376e-13 2.335024e-12 
3.155760e+11 -5.375936e-13 2.344777e-12 
3.218875e+11 -5.533235e-13 2.346191e-12 
3.281990e+11 -5.074862e-13 2.340149e-12 
3.345106e+11 -5.424977e-13 2.326004e-12 
3.408221e+11 -5.583235e-13 2.312651e-12 
3.471336e+11 -4.828567e-13 2.301486e-12 
3.534451e+11 -5.252632e-13 2.279477e-12 
3.597566e+11 -5.610209e-13 2.288851e-12 
3.660682e+11 -5.374811e-13 2.294073e-12 
3.723797e+11 -5.196120e-13 2.284405e-12 
3.786912e+11 -5.124519e-13 2.279584e-12 
3.850027e+11 -5.288386e-13 2.273056e-12 
3.913142e+11 -5.278495e-13 2.252678e-12 
3.976258e+11 -5.236528e-13 2.238605e-12 
4.039373e+11 -5.153670e-13 2.238266e-12 
4.102488e+11 -5.150375e-13 2.246503e-12 
4.165603e+11 -5.008845e-13 2.253148e-12 
4.228718e+11 -5.016882e-13 2.254031e-12 
4.291834e+11 -5.130302e-13 2.236650e-12 
4.354949e+11 -5.020632e-13 2.221383e-12 
4.418064e+11 -5.145372e-13 2.209437e-12 
4.481179e+11 -5.030854e-13 2.228622e-12 
4.544294e+11 -6.052452e-13 2.217734e-12 
4.607410e+11 -5.641890e-13 2.211881e-12 
4.670525e+11 -5.100714e-13 2.207121e-12 
4.733640e+11 -5.692447e-13 2.205336e-12 
4.796755e+11 -5.139300e-13 2.219074e-12 
4.859870e+11 -5.173223e-13 2.199485e-12 
4.922986e+11 -5.170071e-13 2.191758e-12 
4.986101e+11 -5.166289e-13 2.204720e-12 
5.049216e+11 -5.355671e-13 2.206223e-12 
5.112331e+11 -5.211633e-13 2.204906e-12 
5.175446e+11 -5.193866e-13 2.202336e-12 
5.238562e+11 -5.213735e-13 2.197842e-12 
5.301677e+11 -5.271766e-13 2.183743e-12 
5.364792e+11 -5.267101e-13 2.164183e-12 
5.427907e+11 -5.258575e-13 2.183819e-12 
5.491022e+11 -5.242522e-13 2.185561e-12 
5.554138e+11 -5.284572e-13 2.182162e-12 
5.617253e+11 -5.286821e-13 2.225552e-12 
5.680368e+11 -5.286573e-13 2.270639e-12 
5.743483e+11 -5.276967e-13 2.286177e-12 
5.806598e+11 -5.291627e-13 2.314979e-12 
5.869714e+11 -5.274381e-13 2.333000e-12 
5.932829e+11 -6.179134e-13 2.341187e-12 
5.995944e+11 -6.010079e-13 2.355318e-12 
6.059059e+11 -5.519033e-13 2.359967e-12 
6.122174e+11 -5.167342e-13 2.358839e-12 
6.185290e+11 -6.869414e-13 2.343393e-12 
6.248405e+11 -6.488705e-13 2.365096e-12 
6.311520e+11 -4.769078e-12 2.757461e-12 
6.374635e+11 -4.281829e-12 1.846448e-12 
6.437750e+11 -3.710179e-12 1.722705e-12 
6.500866e+11 -3.427667e-12 1.625379e-12 
6.563981e+11 -3.132994e-12 1.532497e-12 
6.627096e+11 -2.878140e-12 1.320783e-12 
6.690211e+11 -2.644915e-12 1.291769e-12 
6.753326e+11 -2.412788e-12 1.277149e-12 
6.816442e+11 -2.365649e-12 1.196139e-12 
6.879557e+11 -2.117808e-12 1.129299e-12 
6.942672e+11 -2.014360e-12 1.073793e-12 
7.005787e+11 -1.905566e-12 1.108530e-12 
7.068902e+11 -1.805350e-12 1.093622e-12 
7.132018e+11 -1.720701e-12 1.094581e-12 
7.195133e+11 -1.688505e-12 1.091193e-12 
7.258248e+11 -1.625950e-12 1.040086e-12 
7.321363e+11 -1.490151e-12 1.001605e-12 
7.384478e+11 -1.469388e-12 1.068426e-12 
7.447594e+11 -1.376419e-12 1.016939e-12 
7.510709e+11 -1.339224e-12 1.029990e-12 
7.573824e+11 -1.301957e-12 9.993623e-13 
7.636939e+11 -1.247166e-12 1.010276e-12 
7.700054e+11 -1.227268e-12 1.019876e-12 
7.763170e+11 -1.227147e-12 1.001126e-12 
7.826285e+11 -1.141199e-12 1.026758e-12 
7.889400e+11 -1.123785e-12 9.889304e-13 
7.952515e+11 -1.087721e-12 9.956552e-13 
8.015630e+11 -1.073921e-12 1.000889e-12 
8.078746e+11 -1.056240e-12 1.006454e-12 
8.141861e+11 -1.002814e-12 1.054724e-12 
8.204976e+11 -1.019036e-12 1.054086e-12 
8.268091e+11 -9.664613e-13 1.052689e-12 
8.331206e+11 -9.954083e-13 1.054340e-12 
8.394322e+11 -9.403794e-13 1.057039e-12 
8.457437e+11 -9.772579e-13 1.035481e-12 
8.520552e+11 -8.792893e-13 1.026515e-12 
8.583667e+11 -8.748427e-13 1.029643e-12 
8.646782e+11 -8.374561e-13 9.973466e-13 
8.709898e+11 -8.941573e-13 9.539259e-13 
8.773013e+11 -8.583119e-13 9.163970e-13 
8.836128e+11 -8.074733e-13 8.825891e-13 
8.899243e+11 -8.250503e-13 8.528993e-13 
8.962358e+11 -7.969748e-13 8.526096e-13 
9.025474e+11 -7.872111e-13 8.447718e-13 
9.088589e+11 -7.581159e-13 8.364941e-13 
9.151704e+11 -7.649783e-13 8.471202e-13 
9.214819e+11 -7.446120e-13 8.375182e-13 
9.277934e+11 -7.493299e-13 8.400815e-13 
9.341050e+11 -7.036094e-13 8.379006e-13 
9.404165e+11 -7.055892e-13 8.452373e-13 
9.467280e+11 -7.569978e-13 8.383511e-13 
9.530395e+11 -6.974092e-13 8.474020e-13 
9.593510e+11 -6.687988e-13 8.390841e-13 
9.656626e+11 -6.632240e-13 8.340880e-13 
9.719741e+11 -6.582967e-13 8.263547e-13 
9.782856e+11 -6.428973e-13 8.175741e-13 
9.845971e+11 -6.401672e-13 8.013971e-13 
9.909086e+11 -5.952935e-13 7.911188e-13 
9.972202e+11 -6.519826e-13 7.729364e-13 
1.003532e+12 -5.899493e-13 7.774196e-13 
1.009843e+12 -5.992544e-13 7.767689e-13 
1.016155e+12 -6.505367e-13 7.617965e-13 
1.022466e+12 -6.083417e-13 7.697658e-13 
1.028778e+12 -6.668963e-13 7.606418e-13 
1.035089e+12 -5.367509e-13 7.478679e-13 
1.041401e+12 -5.729934e-13 7.573066e-13 
1.047712e+12 -5.488608e-13 7.481421e-13 
1.054024e+12 -5.326017e-13 7.375552e-13 
1.060335e+12 -5.443327e-13 7.388780e-13 
1.066647e+12 -4.972395e-13 7.179718e-13 
1.072958e+12 -5.182859e-13 7.274552e-13 
1.079270e+12 -4.777199e-13 7.181713e-13 
1.085581e+12 -4.811789e-13 7.067131e-13 
1.091893e+12 -4.888667e-13 6.862168e-13 
1.098204e+12 -4.585654e-13 7.033943e-13 
1.104516e+12 -4.520946e-13 6.856474e-13 
1.110828e+12 -4.501910e-13 6.741014e-13 
1.117139e+12 -5.085319e-13 6.597523e-13 
1.123451e+12 -4.436880e-13 6.677817e-13 
1.129762e+12 -4.653799e-13 6.471788e-13 
1.136074e+12 -4.479281e-13 6.468501e-13 
1.142385e+12 -4.697348e-13 6.420040e-13 
1.148697e+12 -4.142548e-13 6.353229e-13 
1.155008e+12 -4.440312e-13 6.350682e-13 
1.161320e+12 -4.468105e-13 6.311025e-13 
1.167631e+12 -4.358405e-13 6.405577e-13 
1.173943e+12 -4.640857e-13 6.362067e-13 
1.180254e+12 -4.174299e-13 6.379573e-13 
1.186566e+12 -4.372299e-13 6.292467e-13 
1.192877e+12 -4.221866e-13 6.282346e-13 
1.199189e+12 -4.585683e-13 6.241597e-13 
1.205500e+12 -4.333396e-13 6.229319e-13 
1.211812e+12 -4.330398e-13 6.147630e-13 
1.218123e+12 -3.800175e-13 6.042174e-13 
1.224435e+12 -3.990137e-13 6.078554e-13 
1.230746e+12 -4.382914e-13 6.068534e-13 
1.237058e+12 -4.296412e-13 5.930989e-13 
1.243369e+12 -4.024881e-13 5.880884e-13 
1.249681e+12 -4.792369e-13 5.816742e-13 
1.255992e+12 -3.490162e-13 5.711543e-13 
1.262304e+12 -4.467815e-13 5.695480e-13 
1.268616e+12 -3.713136e-13 5.644854e-13 
1.274927e+12 -3.784706e-13 5.558836e-13 
1.281239e+12 -4.314609e-13 5.469522e-13 
1.287550e+12 -3.665596e-13 5.424405e-13 
1.293862e+12 -3.591633e-13 5.418461e-13 
1.300173e+12 -3.502302e-13 5.258351e-13 
1.306485e+12 -3.507085e-13 5.260659e-13 
1.312796e+12 -3.311863e-13 5.130452e-13 
1.319108e+12 -3.426217e-13 5.138240e-13 
1.325419e+12 -3.443722e-13 5.121495e-13 
1.331731e+12 -3.429944e-13 5.051348e-13 
1.338042e+12 -3.344126e-13 5.021054e-13 
1.344354e+12 -3.570778e-13 4.997473e-13 
1.350665e+12 -3.046422e-13 4.886591e-13 
1.356977e+12 -2.997742e-13 4.875899e-13 
1.363288e+12 -2.993306e-13 4.802157e-13 
1.369600e+12 -3.556545e-13 4.787600e-13 
1.375911e+12 -2.891575e-13 4.738333e-13 
1.382223e+12 -2.984972e-13 4.692908e-13 
1.388534e+12 -2.828148e-13 4.718885e-13 
1.394846e+12 -2.812655e-13 4.606678e-13 
1.401157e+12 -2.768539e-13 4.614117e-13 
1.407469e+12 -2.765513e-13 4.541709e-13 
1.413780e+12 -2.751913e-13 4.502488e-13 
1.420092e+12 -2.731445e-13 4.465243e-13 
1.426404e+12 -2.715610e-13 4.424490e-13 
1.432715e+12 -2.691894e-13 4.404306e-13 
1.439027e+12 -2.659745e-13 4.384926e-13 
1.445338e+12 -2.657851e-13 4.311128e-13 
1.451650e+12 -2.620796e-13 4.208294e-13 
1.457961e+12 -2.962952e-13 4.172212e-13 
1.464273e+12 -2.561017e-13 4.130907e-13 
1.470584e+12 -2.741795e-13 4.060426e-13 
1.476896e+12 -2.968205e-13 4.072837e-13 
1.483207e+12 -2.757515e-13 3.977642e-13 
1.489519e+12 -2.559779e-13 4.017252e-13 
1.495830e+12 -2.561672e-13 3.951891e-13 
1.502142e+12 -2.626749e-13 3.950619e-13 
1.508453e+12 -2.420653e-13 3.975617e-13 
1.514765e+12 -2.403428e-13 3.983482e-13 
1.521076e+12 -2.383455e-13 3.943080e-13 
1.527388e+12 -2.367092e-13 3.901899e-13 
1.533699e+12 -2.350249e-13 3.851088e-13 
1.540011e+12 -2.329234e-13 3.884519e-13 
1.546322e+12 -2.324851e-13 3.905334e-13 
1.552634e+12 -2.513635e-13 3.874056e-13 
1.558945e+12 -2.291727e-13 3.855010e-13 
1.565257e+12 -2.233548e-13 3.796240e-13 
1.571568e+12 -2.244641e-13 3.783533e-13 
1.577880e+12 -2.199447e-13 3.745588e-13 
1.584192e+12 -2.522253e-13 3.729011e-13 
1.590503e+12 -2.556083e-13 3.665837e-13 
1.596815e+12 -2.147049e-13 3.583479e-13 
1.603126e+12 -2.248509e-13 3.557485e-13 
1.609438e+12 -2.119493e-13 3.578998e-13 
1.615749e+12 -2.464035e-13 3.542549e-13 
1.622061e+12 -2.077131e-13 3.540387e-13 
1.628372e+12 -2.050286e-13 3.483323e-13 
1.634684e+12 -2.049825e-13 3.461195e-13 
1.640995e+12 -2.024406e-13 3.429532e-13 
1.647307e+12 -2.011218e-13 3.426533e-13 
1.653618e+12 -1.985908e-13 3.387475e-13 
1.659930e+12 -1.965935e-13 3.364276e-13 
1.666241e+12 -1.957473e-13 3.369350e-13 
1.672553e+12 -1.940460e-13 3.371856e-13 
1.678864e+12 -1.917280e-13 3.338397e-13 
1.685176e+12 -1.904154e-13 3.287924e-13 
1.691487e+12 -1.881263e-13 3.222724e-13 
1.697799e+12 -1.873251e-13 3.180855e-13 
1.704110e+12 -1.871571e-13 3.137416e-13 
1.710422e+12 -1.852825e-13 3.058706e-13 
1.716733e+12 -1.831960e-13 3.039232e-13 
1.723045e+12 -1.827111e-13 3.024866e-13 
1.729356e+12 -1.818787e-13 2.927784e-13 
1.735668e+12 -1.840165e-13 2.932338e-13 
1.741980e+12 -1.806376e-13 2.884086e-13 
1.748291e+12 -1.764713e-13 2.919963e-13 
1.754603e+12 -1.762390e-13 2.917826e-13 
1.760914e+12 -1.751272e-13 2.880640e-13 
1.767226e+12 -1.731786e-13 2.865655e-13 
1.773537e+12 -2.093078e-13 2.828973e-13 
1.779849e+12 -1.701897e-13 2.815376e-13 
1.786160e+12 -1.671727e-13 2.819942e-13 
1.792472e+12 -1.655763e-13 2.798217e-13 
1.798783e+12 -1.638906e-13 2.772029e-13 
1.805095e+12 -1.627031e-13 2.731421e-13 
1.811406e+12 -1.614819e-13 2.711662e-13 
1.817718e+12 -1.603189e-13 2.659959e-13 
1.824029e+12 -1.601090e-13 2.677366e-13 
1.830341e+12 -1.584050e-13 2.619549e-13 
1.836652e+12 -1.568210e-13 2.590945e-13 
1.842964e+12 -1.558239e-13 2.540544e-13 
1.849275e+12 -1.551711e-13 2.491277e-13 
1.855587e+12 -1.531688e-13 2.489513e-13 
1.861898e+12 -1.539361e-13 2.504070e-13 
1.868210e+12 -1.522866e-13 2.482434e-13 
1.874521e+12 -1.562543e-13 2.442386e-13 
1.880833e+12 -1.492322e-13 2.423095e-13 
1.887144e+12 -1.485569e-13 2.421401e-13 
1.893456e+12 -1.477061e-13 2.373359e-13 
