6.311520e+09 -5.083502e+09 5.083502e+09 
1.262304e+10 -4.836858e+09 4.813633e+09 
1.893456e+10 -4.633563e+09 4.584209e+09 
2.524608e+10 -4.458936e+09 4.402390e+09 
3.155760e+10 -4.315639e+09 4.252293e+09 
3.786912e+10 -4.187985e+09 4.120660e+09 
4.418064e+10 -4.073316e+09 4.008290e+09 
5.049216e+10 -3.972052e+09 3.940516e+09 
5.680368e+10 -3.871762e+09 3.890870e+09 
6.311520e+10 -3.781758e+09 3.798815e+09 
6.942672e+10 -3.695918e+09 3.633740e+09 
7.573824e+10 -3.621065e+09 3.600669e+09 
8.204976e+10 -3.549906e+09 3.509674e+09 
8.836128e+10 -3.489431e+09 3.455297e+09 
9.467280e+10 -3.431486e+09 3.400808e+09 
1.009843e+11 -3.379222e+09 3.349586e+09 
1.072958e+11 -3.328209e+09 3.295949e+09 
1.136074e+11 -3.280040e+09 3.248020e+09 
1.199189e+11 -3.234518e+09 3.200129e+09 
1.262304e+11 -3.196574e+09 3.158891e+09 
1.325419e+11 -3.157702e+09 3.119347e+09 
1.388534e+11 -3.122509e+09 3.087629e+09 
1.451650e+11 -3.086125e+09 3.048700e+09 
1.514765e+11 -3.054152e+09 3.013272e+09 
1.577880e+11 -3.024713e+09 2.981462e+09 
1.640995e+11 -3.001280e+09 2.951178e+09 
1.704110e+11 -2.974270e+09 2.917741e+09 
1.767226e+11 -2.949133e+09 2.885232e+09 
1.830341e+11 -2.921158e+09 2.858757e+09 
1.893456e+11 -2.895741e+09 2.831652e+09 
1.956571e+11 -2.871567e+09 2.802252e+09 
2.019686e+11 -2.847937e+09 2.773104e+09 
2.082802e+11 -2.827725e+09 2.748895e+09 
2.145917e+11 -2.858430e+09 2.727158e+09 
2.209032e+11 -2.924779e+09 2.699155e+09 
2.272147e+11 -2.980749e+09 2.674591e+09 
2.335262e+11 -3.049560e+09 2.692704e+09 
2.398378e+11 -3.093854e+09 2.723740e+09 
2.461493e+11 -3.152626e+09 2.766086e+09 
2.524608e+11 -3.221131e+09 2.856739e+09 
2.587723e+11 -3.268942e+09 2.878912e+09 
2.650838e+11 -3.360164e+09 2.894063e+09 
2.713954e+11 -3.397323e+09 2.972978e+09 
2.777069e+11 -3.447359e+09 2.954062e+09 
2.840184e+11 -3.502977e+09 3.000284e+09 
2.903299e+11 -3.550762e+09 3.050976e+09 
2.966414e+11 -3.674436e+09 3.056758e+09 
3.029530e+11 -3.675128e+09 3.097941e+09 
3.092645e+11 -3.720962e+09 3.130598e+09 
3.155760e+11 -3.806148e+09 3.143670e+09 
3.218875e+11 -3.837744e+09 3.196398e+09 
3.281990e+11 -3.859699e+09 3.233277e+09 
3.345106e+11 -3.922745e+09 3.243244e+09 
3.408221e+11 -3.967078e+09 3.281590e+09 
3.471336e+11 -4.012663e+09 3.310852e+09 
3.534451e+11 -4.057953e+09 3.330112e+09 
3.597566e+11 -4.091388e+09 3.363634e+09 
3.660682e+11 -4.159304e+09 3.393153e+09 
3.723797e+11 -4.191295e+09 3.417441e+09 
3.786912e+11 -4.256534e+09 3.439874e+09 
3.850027e+11 -4.312380e+09 3.461001e+09 
3.913142e+11 -4.357097e+09 3.486064e+09 
3.976258e+11 -4.398341e+09 3.474184e+09 
4.039373e+11 -4.446301e+09 3.547426e+09 
4.102488e+11 -4.501243e+09 3.521854e+09 
4.165603e+11 -4.563576e+09 3.550192e+09 
4.228718e+11 -4.659306e+09 3.571568e+09 
4.291834e+11 -4.670034e+09 3.609676e+09 
4.354949e+11 -4.718848e+09 3.647698e+09 
4.418064e+11 -4.741612e+09 3.646582e+09 
4.481179e+11 -4.788497e+09 3.642476e+09 
4.544294e+11 -4.806924e+09 3.666935e+09 
4.607410e+11 -4.850145e+09 3.659389e+09 
4.670525e+11 -4.883411e+09 3.703017e+09 
4.733640e+11 -4.912815e+09 3.674918e+09 
4.796755e+11 -4.951252e+09 3.707504e+09 
4.859870e+11 -4.970117e+09 3.732838e+09 
4.922986e+11 -5.000102e+09 3.720785e+09 
4.986101e+11 -5.071847e+09 3.750013e+09 
5.049216e+11 -5.084287e+09 3.772976e+09 
5.112331e+11 -5.099885e+09 3.807229e+09 
5.175446e+11 -5.146361e+09 3.840720e+09 
5.238562e+11 -5.184496e+09 3.842158e+09 
5.301677e+11 -5.212852e+09 3.844056e+09 
5.364792e+11 -5.255941e+09 3.873155e+09 
5.427907e+11 -5.301131e+09 3.852337e+09 
5.491022e+11 -5.330150e+09 3.862952e+09 
5.554138e+11 -5.369047e+09 3.869688e+09 
5.617253e+11 -5.450583e+09 3.878029e+09 
5.680368e+11 -5.483482e+09 3.881030e+09 
5.743483e+11 -5.561976e+09 3.888924e+09 
5.806598e+11 -5.562649e+09 3.888382e+09 
5.869714e+11 -5.614366e+09 3.902190e+09 
5.932829e+11 -5.676432e+09 3.931968e+09 
5.995944e+11 -5.729476e+09 3.922618e+09 
6.059059e+11 -5.727100e+09 3.931878e+09 
6.122174e+11 -5.734945e+09 3.945036e+09 
6.185290e+11 -5.734193e+09 3.957499e+09 
6.248405e+11 -5.727385e+09 3.966997e+09 
6.311520e+11 -5.752070e+09 3.977893e+09 
6.374635e+11 -5.686774e+09 3.896912e+09 
6.437750e+11 -5.600358e+09 3.812630e+09 
6.500866e+11 -5.484572e+09 3.868467e+09 
6.563981e+11 -5.399101e+09 3.951100e+09 
6.627096e+11 -5.391197e+09 3.984225e+09 
6.690211e+11 -5.250397e+09 4.038001e+09 
6.753326e+11 -5.140182e+09 4.053012e+09 
6.816442e+11 -5.086663e+09 4.048976e+09 
6.879557e+11 -5.068287e+09 4.109721e+09 
6.942672e+11 -4.981730e+09 4.126578e+09 
7.005787e+11 -4.884406e+09 4.193878e+09 
7.068902e+11 -4.836799e+09 4.257950e+09 
7.132018e+11 -4.710874e+09 4.309070e+09 
7.195133e+11 -4.608607e+09 4.185286e+09 
7.258248e+11 -4.575939e+09 4.199724e+09 
7.321363e+11 -4.512962e+09 4.149862e+09 
7.384478e+11 -4.378924e+09 4.163391e+09 
7.447594e+11 -4.297545e+09 4.154057e+09 
7.510709e+11 -4.221839e+09 4.186563e+09 
7.573824e+11 -4.118641e+09 4.149893e+09 
7.636939e+11 -4.033878e+09 4.143225e+09 
7.700054e+11 -3.957579e+09 4.128403e+09 
7.763170e+11 -3.882493e+09 4.090317e+09 
7.826285e+11 -3.790768e+09 4.058618e+09 
7.889400e+11 -3.704035e+09 4.012030e+09 
7.952515e+11 -3.670835e+09 3.856109e+09 
8.015630e+11 -3.645905e+09 3.922394e+09 
8.078746e+11 -3.617368e+09 3.974519e+09 
8.141861e+11 -3.558747e+09 3.846777e+09 
8.204976e+11 -3.523991e+09 3.806652e+09 
8.268091e+11 -3.421614e+09 3.817385e+09 
8.331206e+11 -3.383460e+09 3.789591e+09 
8.394322e+11 -3.413257e+09 3.821893e+09 
8.457437e+11 -3.241325e+09 3.826705e+09 
8.520552e+11 -3.181586e+09 3.819449e+09 
8.583667e+11 -3.141934e+09 3.815812e+09 
8.646782e+11 -3.084547e+09 3.780043e+09 
8.709898e+11 -3.013246e+09 3.743858e+09 
8.773013e+11 -2.940299e+09 3.659616e+09 
8.836128e+11 -2.891416e+09 3.592310e+09 
8.899243e+11 -2.845355e+09 3.600338e+09 
8.962358e+11 -2.797297e+09 3.646251e+09 
9.025474e+11 -2.750334e+09 3.676128e+09 
9.088589e+11 -2.669471e+09 3.703566e+09 
9.151704e+11 -2.629183e+09 3.739619e+09 
9.214819e+11 -2.597217e+09 3.740361e+09 
9.277934e+11 -2.579648e+09 3.682072e+09 
9.341050e+11 -2.531857e+09 3.656149e+09 
9.404165e+11 -2.507069e+09 3.674970e+09 
9.467280e+11 -2.529084e+09 3.681594e+09 
9.530395e+11 -2.493889e+09 3.657668e+09 
9.593510e+11 -2.488199e+09 3.654190e+09 
9.656626e+11 -2.477315e+09 3.672564e+09 
9.719741e+11 -2.460837e+09 3.641427e+09 
9.782856e+11 -2.448655e+09 3.650897e+09 
9.845971e+11 -2.431730e+09 3.642440e+09 
9.909086e+11 -2.419562e+09 3.606604e+09 
9.972202e+11 -2.396088e+09 3.592737e+09 
1.003532e+12 -2.379001e+09 3.587801e+09 
1.009843e+12 -2.359974e+09 3.553457e+09 
1.016155e+12 -2.332076e+09 3.539841e+09 
1.022466e+12 -2.307591e+09 3.498884e+09 
1.028778e+12 -2.289289e+09 3.439393e+09 
1.035089e+12 -2.266232e+09 3.339767e+09 
1.041401e+12 -2.291532e+09 3.254236e+09 
1.047712e+12 -2.336790e+09 3.248268e+09 
1.054024e+12 -2.353992e+09 3.215189e+09 
1.060335e+12 -2.357018e+09 3.230552e+09 
1.066647e+12 -2.362438e+09 3.214142e+09 
1.072958e+12 -2.382238e+09 3.216640e+09 
1.079270e+12 -2.414850e+09 3.211166e+09 
1.085581e+12 -2.420105e+09 3.202742e+09 
1.091893e+12 -2.458174e+09 3.203259e+09 
1.098204e+12 -2.476204e+09 3.229542e+09 
1.104516e+12 -2.504884e+09 3.235020e+09 
1.110828e+12 -2.541150e+09 3.237729e+09 
1.117139e+12 -2.568925e+09 3.256055e+09 
1.123451e+12 -2.572139e+09 3.286178e+09 
1.129762e+12 -2.576519e+09 3.309937e+09 
1.136074e+12 -2.578055e+09 3.237547e+09 
1.142385e+12 -2.576467e+09 3.198204e+09 
1.148697e+12 -2.601463e+09 3.172692e+09 
1.155008e+12 -2.575777e+09 3.171141e+09 
1.161320e+12 -2.576392e+09 3.157180e+09 
1.167631e+12 -2.613281e+09 3.149808e+09 
1.173943e+12 -2.623298e+09 3.113137e+09 
1.180254e+12 -2.654547e+09 3.062131e+09 
1.186566e+12 -2.660780e+09 3.019935e+09 
1.192877e+12 -2.688005e+09 3.006502e+09 
1.199189e+12 -2.728854e+09 3.012111e+09 
1.205500e+12 -2.734031e+09 3.023813e+09 
1.211812e+12 -2.736746e+09 3.016511e+09 
1.218123e+12 -2.766723e+09 2.993140e+09 
1.224435e+12 -2.794257e+09 2.996608e+09 
1.230746e+12 -2.801155e+09 2.960731e+09 
1.237058e+12 -2.826284e+09 2.973561e+09 
1.243369e+12 -2.849556e+09 2.986053e+09 
1.249681e+12 -2.865656e+09 2.970682e+09 
1.255992e+12 -2.862660e+09 2.994557e+09 
1.262304e+12 -2.882284e+09 2.992957e+09 
1.268616e+12 -2.884870e+09 2.991860e+09 
1.274927e+12 -2.883305e+09 3.018807e+09 
1.281239e+12 -2.869698e+09 3.012105e+09 
1.287550e+12 -2.857496e+09 3.000166e+09 
1.293862e+12 -2.836130e+09 3.019168e+09 
1.300173e+12 -2.843056e+09 3.026620e+09 
1.306485e+12 -2.845670e+09 3.016337e+09 
1.312796e+12 -2.850789e+09 2.986800e+09 
1.319108e+12 -2.852170e+09 2.969915e+09 
1.325419e+12 -2.862890e+09 2.948074e+09 
1.331731e+12 -2.868561e+09 2.959158e+09 
1.338042e+12 -2.868706e+09 2.960161e+09 
1.344354e+12 -2.897442e+09 2.940812e+09 
1.350665e+12 -2.897769e+09 2.954404e+09 
1.356977e+12 -2.954420e+09 2.958128e+09 
1.363288e+12 -2.878058e+09 2.929840e+09 
1.369600e+12 -2.876720e+09 2.911679e+09 
1.375911e+12 -2.878843e+09 2.891550e+09 
1.382223e+12 -2.880866e+09 2.870810e+09 
1.388534e+12 -2.838700e+09 2.856884e+09 
1.394846e+12 -2.836165e+09 2.831459e+09 
1.401157e+12 -2.833982e+09 2.800621e+09 
1.407469e+12 -2.839112e+09 2.783005e+09 
1.413780e+12 -2.835624e+09 2.763738e+09 
1.420092e+12 -2.833860e+09 2.752702e+09 
1.426404e+12 -2.832446e+09 2.737039e+09 
1.432715e+12 -2.835771e+09 2.729377e+09 
1.439027e+12 -2.838297e+09 2.717735e+09 
1.445338e+12 -2.840751e+09 2.710191e+09 
1.451650e+12 -2.837447e+09 2.707363e+09 
1.457961e+12 -2.835952e+09 2.703474e+09 
1.464273e+12 -2.835272e+09 2.703578e+09 
1.470584e+12 -2.835186e+09 2.705402e+09 
1.476896e+12 -2.835572e+09 2.708586e+09 
1.483207e+12 -2.834134e+09 2.705712e+09 
1.489519e+12 -2.833767e+09 2.705402e+09 
1.495830e+12 -2.834049e+09 2.700830e+09 
1.502142e+12 -2.832453e+09 2.694509e+09 
1.508453e+12 -2.830033e+09 2.693149e+09 
1.514765e+12 -2.830879e+09 2.692295e+09 
1.521076e+12 -2.789166e+09 2.690209e+09 
1.527388e+12 -2.788854e+09 2.687685e+09 
1.533699e+12 -2.792246e+09 2.691159e+09 
1.540011e+12 -2.791398e+09 2.689042e+09 
1.546322e+12 -2.777302e+09 2.689131e+09 
1.552634e+12 -2.748991e+09 2.679587e+09 
1.558945e+12 -2.727360e+09 2.661127e+09 
1.565257e+12 -2.692569e+09 2.649643e+09 
1.571568e+12 -2.688495e+09 2.639446e+09 
1.577880e+12 -2.672798e+09 2.634126e+09 
1.584192e+12 -2.672150e+09 2.629195e+09 
1.590503e+12 -2.670343e+09 2.613330e+09 
1.596815e+12 -2.623868e+09 2.618675e+09 
1.603126e+12 -2.612868e+09 2.607364e+09 
1.609438e+12 -2.586573e+09 2.591312e+09 
1.615749e+12 -2.582456e+09 2.559604e+09 
1.622061e+12 -2.579568e+09 2.537206e+09 
1.628372e+12 -2.578772e+09 2.517626e+09 
1.634684e+12 -2.578579e+09 2.508074e+09 
1.640995e+12 -2.577188e+09 2.507300e+09 
1.647307e+12 -2.563854e+09 2.508573e+09 
1.653618e+12 -2.561482e+09 2.480238e+09 
1.659930e+12 -2.565590e+09 2.472121e+09 
1.666241e+12 -2.560700e+09 2.450404e+09 
1.672553e+12 -2.559428e+09 2.434855e+09 
1.678864e+12 -2.562042e+09 2.406235e+09 
1.685176e+12 -2.571991e+09 2.406258e+09 
1.691487e+12 -2.571550e+09 2.390402e+09 
1.697799e+12 -2.571643e+09 2.396422e+09 
1.704110e+12 -2.571726e+09 2.390876e+09 
1.710422e+12 -2.570845e+09 2.386287e+09 
1.716733e+12 -2.571598e+09 2.386105e+09 
1.723045e+12 -2.571856e+09 2.385567e+09 
1.729356e+12 -2.570096e+09 2.385918e+09 
1.735668e+12 -2.568701e+09 2.386649e+09 
1.741980e+12 -2.594715e+09 2.387256e+09 
1.748291e+12 -2.595782e+09 2.387546e+09 
1.754603e+12 -2.597406e+09 2.387981e+09 
1.760914e+12 -2.597970e+09 2.387882e+09 
1.767226e+12 -2.599562e+09 2.388193e+09 
1.773537e+12 -2.599182e+09 2.388762e+09 
1.779849e+12 -2.597708e+09 2.389139e+09 
1.786160e+12 -2.596891e+09 2.389139e+09 
1.792472e+12 -2.595565e+09 2.382513e+09 
1.798783e+12 -2.595684e+09 2.379965e+09 
1.805095e+12 -2.595253e+09 2.378268e+09 
1.811406e+12 -2.595479e+09 2.377221e+09 
1.817718e+12 -2.594798e+09 2.381564e+09 
1.824029e+12 -2.595922e+09 2.381297e+09 
1.830341e+12 -2.597121e+09 2.380630e+09 
1.836652e+12 -2.596042e+09 2.380175e+09 
1.842964e+12 -2.597999e+09 2.379984e+09 
1.849275e+12 -2.578079e+09 2.380537e+09 
1.855587e+12 -2.576549e+09 2.380793e+09 
1.861898e+12 -2.576345e+09 2.381385e+09 
1.868210e+12 -2.577403e+09 2.381933e+09 
1.874521e+12 -2.576397e+09 2.386431e+09 
1.880833e+12 -2.576036e+09 2.382541e+09 
1.887144e+12 -2.577753e+09 2.381681e+09 
1.893456e+12 -2.577617e+09 2.381355e+09 
1.899768e+12 -2.577610e+09 2.381706e+09 
