0.000000e+00 -4.950464e-07 4.950464e-07 0.000000e+00
6.311520e+09 -4.471103e-07 4.440937e-07 2.000000e+02
1.262304e+10 -4.349890e-07 4.303538e-07 4.000000e+02
1.893456e+10 -4.235792e-07 4.185872e-07 6.000000e+02
2.524608e+10 -4.137181e-07 4.085145e-07 8.000000e+02
3.155760e+10 -4.039968e-07 3.995716e-07 1.000000e+03
3.786912e+10 -3.958512e-07 3.910723e-07 1.200000e+03
4.418064e+10 -3.876703e-07 3.839180e-07 1.400000e+03
5.049216e+10 -3.804741e-07 3.765794e-07 1.600000e+03
5.680368e+10 -3.731220e-07 3.701370e-07 1.800000e+03
6.311520e+10 -3.663088e-07 3.637253e-07 2.000000e+03
6.942672e+10 -3.602376e-07 3.580306e-07 2.200000e+03
7.573824e+10 -3.538922e-07 3.519907e-07 2.400000e+03
8.204976e+10 -3.486228e-07 3.468554e-07 2.600000e+03
8.836128e+10 -3.430461e-07 3.413736e-07 2.800000e+03
9.467280e+10 -3.381820e-07 3.366097e-07 3.000000e+03
1.009843e+11 -3.331653e-07 3.314635e-07 3.200000e+03
1.072958e+11 -3.285851e-07 3.267185e-07 3.400000e+03
1.136074e+11 -3.237625e-07 3.221352e-07 3.600000e+03
1.199189e+11 -3.197244e-07 3.179045e-07 3.800000e+03
1.262304e+11 -3.153906e-07 3.137210e-07 4.000000e+03
1.325419e+11 -3.115493e-07 3.096402e-07 4.200000e+03
1.388534e+11 -3.076567e-07 3.056961e-07 4.400000e+03
1.451650e+11 -3.039867e-07 3.020406e-07 4.600000e+03
1.514765e+11 -3.002491e-07 2.982816e-07 4.800000e+03
1.577880e+11 -2.967996e-07 2.947669e-07 5.000000e+03
1.640995e+11 -2.936310e-07 2.913280e-07 5.200000e+03
1.704110e+11 -2.902869e-07 2.878484e-07 5.400000e+03
1.767226e+11 -2.873376e-07 2.844276e-07 5.600000e+03
1.830341e+11 -2.840629e-07 2.814206e-07 5.800000e+03
1.893456e+11 -2.814147e-07 2.782920e-07 6.000000e+03
1.956571e+11 -2.782973e-07 2.753099e-07 6.200000e+03
2.019686e+11 -2.755997e-07 2.723197e-07 6.400000e+03
2.082802e+11 -2.731655e-07 2.694582e-07 6.600000e+03
2.145917e+11 -2.702967e-07 2.664636e-07 6.800000e+03
2.209032e+11 -2.679937e-07 2.635703e-07 7.000000e+03
2.272147e+11 -2.656304e-07 2.608062e-07 7.200000e+03
2.335262e+11 -2.630928e-07 2.578765e-07 7.400000e+03
2.398378e+11 -2.610034e-07 2.551994e-07 7.600000e+03
2.461493e+11 -2.585369e-07 2.526163e-07 7.800000e+03
2.524608e+11 -2.564200e-07 2.499732e-07 8.000000e+03
2.587723e+11 -2.542978e-07 2.475372e-07 8.200000e+03
2.650838e+11 -2.519881e-07 2.451647e-07 8.400000e+03
2.713954e+11 -2.498888e-07 2.427912e-07 8.600000e+03
2.777069e+11 -2.475525e-07 2.404298e-07 8.800000e+03
2.840184e+11 -2.455800e-07 2.382250e-07 9.000000e+03
2.903299e+11 -2.436398e-07 2.361082e-07 9.200000e+03
2.966414e+11 -2.415549e-07 2.339480e-07 9.400000e+03
3.029530e+11 -2.397417e-07 2.319436e-07 9.600000e+03
3.092645e+11 -2.378993e-07 2.298754e-07 9.800000e+03
3.155760e+11 -2.361154e-07 2.278547e-07 1.000000e+04
3.218875e+11 -2.344156e-07 2.259093e-07 1.020000e+04
3.281990e+11 -2.325330e-07 2.239628e-07 1.040000e+04
3.345106e+11 -2.309115e-07 2.220281e-07 1.060000e+04
3.408221e+11 -2.293582e-07 2.203142e-07 1.080000e+04
3.471336e+11 -2.277260e-07 2.185461e-07 1.100000e+04
3.534451e+11 -2.262692e-07 2.166710e-07 1.120000e+04
3.597566e+11 -2.245380e-07 2.149543e-07 1.140000e+04
3.660682e+11 -2.229977e-07 2.132658e-07 1.160000e+04
3.723797e+11 -2.213974e-07 2.114503e-07 1.180000e+04
3.786912e+11 -2.198263e-07 2.097666e-07 1.200000e+04
3.850027e+11 -2.181942e-07 2.081670e-07 1.220000e+04
3.913142e+11 -2.168187e-07 2.063116e-07 1.240000e+04
3.976258e+11 -2.152795e-07 2.046217e-07 1.260000e+04
4.039373e+11 -2.136301e-07 2.028671e-07 1.280000e+04
4.102488e+11 -2.122207e-07 2.011682e-07 1.300000e+04
4.165603e+11 -2.107528e-07 1.993507e-07 1.320000e+04
4.228718e+11 -2.094034e-07 1.977942e-07 1.340000e+04
4.291834e+11 -2.077501e-07 1.962439e-07 1.360000e+04
4.354949e+11 -2.063318e-07 1.945741e-07 1.380000e+04
4.418064e+11 -2.049432e-07 1.930866e-07 1.400000e+04
4.481179e+11 -2.034837e-07 1.916647e-07 1.420000e+04
4.544294e+11 -2.020856e-07 1.902256e-07 1.440000e+04
4.607410e+11 -2.008692e-07 1.886460e-07 1.460000e+04
4.670525e+11 -1.995599e-07 1.873424e-07 1.480000e+04
4.733640e+11 -1.982433e-07 1.860566e-07 1.500000e+04
4.796755e+11 -1.969680e-07 1.846401e-07 1.520000e+04
4.859870e+11 -1.957392e-07 1.834503e-07 1.540000e+04
4.922986e+11 -1.945063e-07 1.821730e-07 1.560000e+04
4.986101e+11 -1.933432e-07 1.809800e-07 1.580000e+04
5.049216e+11 -1.918470e-07 1.797018e-07 1.600000e+04
5.112331e+11 -1.906644e-07 1.784552e-07 1.620000e+04
5.175446e+11 -1.894979e-07 1.773398e-07 1.640000e+04
5.238562e+11 -1.883658e-07 1.762742e-07 1.660000e+04
5.301677e+11 -1.869732e-07 1.752370e-07 1.680000e+04
5.364792e+11 -1.857091e-07 1.740510e-07 1.700000e+04
5.427907e+11 -1.844866e-07 1.728361e-07 1.720000e+04
5.491022e+11 -1.834273e-07 1.719436e-07 1.740000e+04
5.554138e+11 -1.822051e-07 1.709481e-07 1.760000e+04
5.617253e+11 -1.810334e-07 1.698623e-07 1.780000e+04
5.680368e+11 -1.797317e-07 1.688667e-07 1.800000e+04
5.743483e+11 -1.786336e-07 1.678433e-07 1.820000e+04
5.806598e+11 -1.776435e-07 1.670308e-07 1.840000e+04
5.869714e+11 -1.765868e-07 1.660572e-07 1.860000e+04
5.932829e+11 -1.753624e-07 1.650250e-07 1.880000e+04
5.995944e+11 -1.742452e-07 1.639785e-07 1.900000e+04
6.059059e+11 -1.731085e-07 1.630446e-07 1.920000e+04
6.122174e+11 -1.721905e-07 1.622535e-07 1.940000e+04
6.185290e+11 -1.710475e-07 1.613019e-07 1.960000e+04
6.248405e+11 -1.698870e-07 1.603772e-07 1.980000e+04
6.311520e+11 -3.198893e-07 3.606948e-07 2.000000e+04
6.374635e+11 -3.061557e-07 3.334626e-07 2.020000e+04
6.437750e+11 -2.970457e-07 3.110482e-07 2.040000e+04
6.500866e+11 -2.887370e-07 2.948494e-07 2.060000e+04
6.563981e+11 -2.804491e-07 2.801411e-07 2.080000e+04
6.627096e+11 -2.724597e-07 2.680298e-07 2.100000e+04
6.690211e+11 -2.620267e-07 2.566578e-07 2.120000e+04
6.753326e+11 -2.563343e-07 2.475109e-07 2.140000e+04
6.816442e+11 -2.488019e-07 2.378455e-07 2.160000e+04
6.879557e+11 -2.391637e-07 2.290903e-07 2.180000e+04
6.942672e+11 -2.332408e-07 2.250851e-07 2.200000e+04
7.005787e+11 -2.230427e-07 2.218858e-07 2.220000e+04
7.068902e+11 -2.183481e-07 2.185120e-07 2.240000e+04
7.132018e+11 -2.115071e-07 2.149955e-07 2.260000e+04
7.195133e+11 -2.046802e-07 2.116612e-07 2.280000e+04
7.258248e+11 -1.985590e-07 2.077022e-07 2.300000e+04
7.321363e+11 -1.919878e-07 2.038895e-07 2.320000e+04
7.384478e+11 -1.879416e-07 2.003615e-07 2.340000e+04
7.447594e+11 -1.799107e-07 1.965915e-07 2.360000e+04
7.510709e+11 -1.755828e-07 1.930672e-07 2.380000e+04
7.573824e+11 -1.694930e-07 1.897043e-07 2.400000e+04
7.636939e+11 -1.647370e-07 1.861748e-07 2.420000e+04
7.700054e+11 -1.611175e-07 1.826010e-07 2.440000e+04
7.763170e+11 -1.558070e-07 1.791395e-07 2.460000e+04
7.826285e+11 -1.524730e-07 1.755821e-07 2.480000e+04
7.889400e+11 -1.473235e-07 1.723884e-07 2.500000e+04
7.952515e+11 -1.430474e-07 1.685677e-07 2.520000e+04
8.015630e+11 -1.388382e-07 1.652180e-07 2.540000e+04
8.078746e+11 -1.354153e-07 1.620120e-07 2.560000e+04
8.141861e+11 -1.318663e-07 1.586903e-07 2.580000e+04
8.204976e+11 -1.290862e-07 1.554810e-07 2.600000e+04
8.268091e+11 -1.268799e-07 1.523408e-07 2.620000e+04
8.331206e+11 -1.234289e-07 1.492449e-07 2.640000e+04
8.394322e+11 -1.209577e-07 1.462177e-07 2.660000e+04
8.457437e+11 -1.185653e-07 1.433541e-07 2.680000e+04
8.520552e+11 -1.162424e-07 1.402337e-07 2.700000e+04
8.583667e+11 -1.141029e-07 1.375957e-07 2.720000e+04
8.646782e+11 -1.119557e-07 1.347835e-07 2.740000e+04
8.709898e+11 -1.098295e-07 1.323259e-07 2.760000e+04
8.773013e+11 -1.077870e-07 1.296823e-07 2.780000e+04
8.836128e+11 -1.058744e-07 1.269961e-07 2.800000e+04
8.899243e+11 -1.039377e-07 1.247511e-07 2.820000e+04
8.962358e+11 -1.021340e-07 1.221780e-07 2.840000e+04
9.025474e+11 -1.003576e-07 1.199038e-07 2.860000e+04
9.088589e+11 -9.862574e-08 1.176857e-07 2.880000e+04
9.151704e+11 -9.703335e-08 1.154322e-07 2.900000e+04
9.214819e+11 -9.538119e-08 1.137323e-07 2.920000e+04
9.277934e+11 -9.381061e-08 1.114624e-07 2.940000e+04
9.341050e+11 -9.232741e-08 1.095155e-07 2.960000e+04
9.404165e+11 -9.084186e-08 1.074943e-07 2.980000e+04
9.467280e+11 -8.939581e-08 1.055288e-07 3.000000e+04
9.530395e+11 -8.795901e-08 1.034323e-07 3.020000e+04
9.593510e+11 -8.656075e-08 1.015561e-07 3.040000e+04
9.656626e+11 -8.512187e-08 9.992718e-08 3.060000e+04
9.719741e+11 -8.385451e-08 9.814491e-08 3.080000e+04
9.782856e+11 -8.254380e-08 9.593781e-08 3.100000e+04
9.845971e+11 -8.131565e-08 9.468205e-08 3.120000e+04
9.909086e+11 -8.008565e-08 9.296534e-08 3.140000e+04
9.972202e+11 -7.887364e-08 9.155704e-08 3.160000e+04
1.003532e+12 -7.769849e-08 8.981137e-08 3.180000e+04
1.009843e+12 -7.656297e-08 8.851779e-08 3.200000e+04
1.016155e+12 -7.543221e-08 8.679251e-08 3.220000e+04
1.022466e+12 -7.431143e-08 8.545009e-08 3.240000e+04
1.028778e+12 -7.326802e-08 8.430487e-08 3.260000e+04
1.035089e+12 -7.218318e-08 8.289884e-08 3.280000e+04
1.041401e+12 -7.112533e-08 8.160380e-08 3.300000e+04
1.047712e+12 -7.009200e-08 8.005197e-08 3.320000e+04
1.054024e+12 -6.904181e-08 7.872269e-08 3.340000e+04
1.060335e+12 -6.806777e-08 7.755191e-08 3.360000e+04
1.066647e+12 -6.712955e-08 7.610682e-08 3.380000e+04
1.072958e+12 -6.616283e-08 7.466350e-08 3.400000e+04
1.079270e+12 -6.521342e-08 7.367016e-08 3.420000e+04
1.085581e+12 -6.428765e-08 7.237568e-08 3.440000e+04
1.091893e+12 -6.336219e-08 7.119962e-08 3.460000e+04
1.098204e+12 -6.251888e-08 6.985963e-08 3.480000e+04
1.104516e+12 -6.168573e-08 6.870110e-08 3.500000e+04
1.110828e+12 -6.083836e-08 6.757983e-08 3.520000e+04
1.117139e+12 -5.999451e-08 6.730573e-08 3.540000e+04
1.123451e+12 -5.949954e-08 6.601029e-08 3.560000e+04
1.129762e+12 -5.837335e-08 6.489134e-08 3.580000e+04
1.136074e+12 -5.757507e-08 6.426905e-08 3.600000e+04
1.142385e+12 -5.682437e-08 6.306205e-08 3.620000e+04
1.148697e+12 -5.650950e-08 6.211776e-08 3.640000e+04
1.155008e+12 -5.585681e-08 6.129249e-08 3.660000e+04
1.161320e+12 -5.518814e-08 6.014002e-08 3.680000e+04
1.167631e+12 -5.437803e-08 5.943524e-08 3.700000e+04
1.173943e+12 -5.383012e-08 5.857848e-08 3.720000e+04
1.180254e+12 -5.427491e-08 5.754348e-08 3.740000e+04
1.186566e+12 -5.382039e-08 5.679243e-08 3.760000e+04
1.192877e+12 -5.308982e-08 5.589417e-08 3.780000e+04
1.199189e+12 -5.272916e-08 5.507787e-08 3.800000e+04
1.205500e+12 -5.193275e-08 5.432302e-08 3.820000e+04
1.211812e+12 -5.142689e-08 5.356007e-08 3.840000e+04
1.218123e+12 -5.113677e-08 5.287275e-08 3.860000e+04
1.224435e+12 -5.018162e-08 5.219394e-08 3.880000e+04
1.230746e+12 -5.014906e-08 5.137547e-08 3.900000e+04
1.237058e+12 -4.984769e-08 5.046642e-08 3.920000e+04
1.243369e+12 -4.919686e-08 4.966121e-08 3.940000e+04
1.249681e+12 -4.902474e-08 4.889737e-08 3.960000e+04
1.255992e+12 -4.845612e-08 4.831645e-08 3.980000e+04
1.262304e+12 -4.783458e-08 4.755446e-08 4.000000e+04
1.268616e+12 -4.766379e-08 4.715408e-08 4.020000e+04
1.274927e+12 -4.684039e-08 4.639457e-08 4.040000e+04
1.281239e+12 -4.640406e-08 4.576773e-08 4.060000e+04
1.287550e+12 -4.607939e-08 4.516521e-08 4.080000e+04
1.293862e+12 -4.576837e-08 4.444608e-08 4.100000e+04
1.300173e+12 -4.668603e-08 4.393013e-08 4.120000e+04
1.306485e+12 -4.487139e-08 4.349710e-08 4.140000e+04
1.312796e+12 -4.461852e-08 4.307336e-08 4.160000e+04
1.319108e+12 -4.410643e-08 4.221357e-08 4.180000e+04
1.325419e+12 -4.388313e-08 4.175890e-08 4.200000e+04
1.331731e+12 -4.356913e-08 4.111985e-08 4.220000e+04
1.338042e+12 -4.308555e-08 4.080736e-08 4.240000e+04
1.344354e+12 -4.296273e-08 4.012318e-08 4.260000e+04
1.350665e+12 -4.245702e-08 3.952947e-08 4.280000e+04
1.356977e+12 -4.250173e-08 3.904898e-08 4.300000e+04
1.363288e+12 -4.199386e-08 3.848953e-08 4.320000e+04
1.369600e+12 -4.160033e-08 3.799254e-08 4.340000e+04
1.375911e+12 -4.105290e-08 3.750980e-08 4.360000e+04
1.382223e+12 -4.092483e-08 3.713800e-08 4.380000e+04
1.388534e+12 -4.066112e-08 3.649433e-08 4.400000e+04
1.394846e+12 -4.025781e-08 3.614025e-08 4.420000e+04
1.401157e+12 -4.004484e-08 3.548881e-08 4.440000e+04
1.407469e+12 -3.973445e-08 3.510760e-08 4.460000e+04
1.413780e+12 -3.924413e-08 3.477836e-08 4.480000e+04
1.420092e+12 -3.907761e-08 3.426982e-08 4.500000e+04
1.426404e+12 -3.851501e-08 3.382480e-08 4.520000e+04
1.432715e+12 -3.809494e-08 3.347729e-08 4.540000e+04
1.439027e+12 -3.798509e-08 3.300153e-08 4.560000e+04
1.445338e+12 -3.761735e-08 3.256160e-08 4.580000e+04
1.451650e+12 -3.712339e-08 3.220254e-08 4.600000e+04
1.457961e+12 -3.664131e-08 3.185034e-08 4.620000e+04
1.464273e+12 -3.641975e-08 3.124231e-08 4.640000e+04
1.470584e+12 -3.617580e-08 3.074736e-08 4.660000e+04
1.476896e+12 -3.575531e-08 3.044101e-08 4.680000e+04
1.483207e+12 -3.546387e-08 3.014693e-08 4.700000e+04
1.489519e+12 -3.512435e-08 2.966232e-08 4.720000e+04
1.495830e+12 -3.487220e-08 2.922645e-08 4.740000e+04
1.502142e+12 -3.449941e-08 2.888293e-08 4.760000e+04
1.508453e+12 -3.438576e-08 2.852850e-08 4.780000e+04
1.514765e+12 -3.390270e-08 2.824225e-08 4.800000e+04
1.521076e+12 -3.323381e-08 2.795097e-08 4.820000e+04
1.527388e+12 -3.356418e-08 2.763407e-08 4.840000e+04
1.533699e+12 -3.303036e-08 2.729757e-08 4.860000e+04
1.540011e+12 -3.267859e-08 2.690038e-08 4.880000e+04
1.546322e+12 -3.228001e-08 2.641424e-08 4.900000e+04
1.552634e+12 -3.214521e-08 2.609904e-08 4.920000e+04
1.558945e+12 -3.158255e-08 2.582769e-08 4.940000e+04
1.565257e+12 -3.154536e-08 2.554538e-08 4.960000e+04
1.571568e+12 -3.119350e-08 2.524144e-08 4.980000e+04
1.577880e+12 -3.094285e-08 2.506105e-08 5.000000e+04
1.584192e+12 -3.049083e-08 2.485922e-08 5.020000e+04
1.590503e+12 -3.108754e-08 2.445842e-08 5.040000e+04
1.596815e+12 -3.011699e-08 2.422025e-08 5.060000e+04
1.603126e+12 -2.973481e-08 2.390212e-08 5.080000e+04
1.609438e+12 -2.940960e-08 2.357619e-08 5.100000e+04
1.615749e+12 -2.902540e-08 2.345767e-08 5.120000e+04
1.622061e+12 -2.912552e-08 2.312466e-08 5.140000e+04
1.628372e+12 -2.933438e-08 2.290500e-08 5.160000e+04
1.634684e+12 -2.861138e-08 2.259030e-08 5.180000e+04
1.640995e+12 -2.811701e-08 2.241086e-08 5.200000e+04
1.647307e+12 -2.770675e-08 2.232069e-08 5.220000e+04
1.653618e+12 -2.767395e-08 2.181886e-08 5.240000e+04
1.659930e+12 -2.785735e-08 2.160525e-08 5.260000e+04
1.666241e+12 -2.712222e-08 2.139439e-08 5.280000e+04
1.672553e+12 -2.701599e-08 2.113616e-08 5.300000e+04
1.678864e+12 -2.665701e-08 2.098793e-08 5.320000e+04
1.685176e+12 -2.624301e-08 2.074881e-08 5.340000e+04
1.691487e+12 -2.597219e-08 2.045374e-08 5.360000e+04
1.697799e+12 -2.568685e-08 2.011849e-08 5.380000e+04
1.704110e+12 -2.548922e-08 1.989138e-08 5.400000e+04
1.710422e+12 -2.527304e-08 1.979392e-08 5.420000e+04
1.716733e+12 -2.508548e-08 1.957765e-08 5.440000e+04
1.723045e+12 -2.514728e-08 1.930211e-08 5.460000e+04
1.729356e+12 -2.479174e-08 1.905995e-08 5.480000e+04
1.735668e+12 -2.442200e-08 1.885660e-08 5.500000e+04
1.741980e+12 -2.408675e-08 1.875468e-08 5.520000e+04
1.748291e+12 -2.383213e-08 1.855058e-08 5.540000e+04
1.754603e+12 -2.363278e-08 1.827835e-08 5.560000e+04
1.760914e+12 -2.388688e-08 1.814891e-08 5.580000e+04
1.767226e+12 -2.365494e-08 1.792895e-08 5.600000e+04
1.773537e+12 -2.324387e-08 1.769224e-08 5.620000e+04
1.779849e+12 -2.288391e-08 1.747938e-08 5.640000e+04
1.786160e+12 -2.268618e-08 1.725740e-08 5.660000e+04
1.792472e+12 -2.231239e-08 1.706907e-08 5.680000e+04
1.798783e+12 -2.234778e-08 1.699618e-08 5.700000e+04
1.805095e+12 -2.233414e-08 1.673410e-08 5.720000e+04
1.811406e+12 -2.243559e-08 1.653371e-08 5.740000e+04
1.817718e+12 -2.232822e-08 1.633940e-08 5.760000e+04
1.824029e+12 -2.183623e-08 1.617949e-08 5.780000e+04
1.830341e+12 -2.228917e-08 1.585482e-08 5.800000e+04
1.836652e+12 -2.084757e-08 1.576441e-08 5.820000e+04
1.842964e+12 -2.232489e-08 1.553202e-08 5.840000e+04
1.849275e+12 -2.167535e-08 1.536745e-08 5.860000e+04
1.855587e+12 -2.025850e-08 1.523617e-08 5.880000e+04
1.861898e+12 -2.038268e-08 1.511200e-08 5.900000e+04
1.868210e+12 -2.035635e-08 1.484393e-08 5.920000e+04
1.874521e+12 -1.973947e-08 1.468663e-08 5.940000e+04
1.880833e+12 -2.001086e-08 1.457487e-08 5.960000e+04
1.887144e+12 -1.951213e-08 1.436127e-08 5.980000e+04
1.893456e+12 -1.983531e-08 1.422555e-08 6.000000e+04
