0.000000e+00 -3.577534e-07 8.364126e-07 0.000000e+00
6.311520e+09 -3.322707e-07 7.912372e-07 2.000000e+02
1.262304e+10 -3.157800e-07 7.570037e-07 4.000000e+02
1.893456e+10 -3.034880e-07 7.305454e-07 6.000000e+02
2.524608e+10 -2.943363e-07 7.093973e-07 8.000000e+02
3.155760e+10 -2.854866e-07 6.914270e-07 1.000000e+03
3.786912e+10 -2.781816e-07 6.760708e-07 1.200000e+03
4.418064e+10 -2.708596e-07 6.625660e-07 1.400000e+03
5.049216e+10 -2.639859e-07 6.498450e-07 1.600000e+03
5.680368e+10 -2.575470e-07 6.384617e-07 1.800000e+03
6.311520e+10 -2.511598e-07 6.280885e-07 2.000000e+03
6.942672e+10 -2.457959e-07 6.189889e-07 2.200000e+03
7.573824e+10 -2.399477e-07 6.101861e-07 2.400000e+03
8.204976e+10 -2.352569e-07 6.025224e-07 2.600000e+03
8.836128e+10 -2.301567e-07 5.950429e-07 2.800000e+03
9.467280e+10 -2.251864e-07 5.881063e-07 3.000000e+03
1.009843e+11 -2.200140e-07 5.813147e-07 3.200000e+03
1.072958e+11 -2.162730e-07 5.747347e-07 3.400000e+03
1.136074e+11 -2.122162e-07 5.681987e-07 3.600000e+03
1.199189e+11 -2.080720e-07 5.621099e-07 3.800000e+03
1.262304e+11 -2.036591e-07 5.560549e-07 4.000000e+03
1.325419e+11 -2.013558e-07 5.503581e-07 4.200000e+03
1.388534e+11 -1.976615e-07 5.449519e-07 4.400000e+03
1.451650e+11 -1.932325e-07 5.396821e-07 4.600000e+03
1.514765e+11 -1.911829e-07 5.345476e-07 4.800000e+03
1.577880e+11 -1.882487e-07 5.296884e-07 5.000000e+03
1.640995e+11 -1.839710e-07 5.249460e-07 5.200000e+03
1.704110e+11 -1.828882e-07 5.201192e-07 5.400000e+03
1.767226e+11 -1.792322e-07 5.154725e-07 5.600000e+03
1.830341e+11 -1.763511e-07 5.107848e-07 5.800000e+03
1.893456e+11 -1.750140e-07 5.063490e-07 6.000000e+03
1.956571e+11 -1.707221e-07 5.018141e-07 6.200000e+03
2.019686e+11 -1.695072e-07 4.975318e-07 6.400000e+03
2.082802e+11 -1.675708e-07 4.934647e-07 6.600000e+03
2.145917e+11 -1.649906e-07 4.891247e-07 6.800000e+03
2.209032e+11 -1.633794e-07 4.850576e-07 7.000000e+03
2.272147e+11 -1.614507e-07 4.812558e-07 7.200000e+03
2.335262e+11 -1.591694e-07 4.770953e-07 7.400000e+03
2.398378e+11 -1.572088e-07 4.732341e-07 7.600000e+03
2.461493e+11 -1.560091e-07 4.693400e-07 7.800000e+03
2.524608e+11 -1.530585e-07 4.655713e-07 8.000000e+03
2.587723e+11 -1.523581e-07 4.618725e-07 8.200000e+03
2.650838e+11 -1.493916e-07 4.581067e-07 8.400000e+03
2.713954e+11 -1.483121e-07 4.544507e-07 8.600000e+03
2.777069e+11 -1.460893e-07 4.506517e-07 8.800000e+03
2.840184e+11 -1.448564e-07 4.471303e-07 9.000000e+03
2.903299e+11 -1.422979e-07 4.436154e-07 9.200000e+03
2.966414e+11 -1.420114e-07 4.401432e-07 9.400000e+03
3.029530e+11 -1.391342e-07 4.367815e-07 9.600000e+03
3.092645e+11 -1.384065e-07 4.333969e-07 9.800000e+03
3.155760e+11 -1.379464e-07 4.301988e-07 1.000000e+04
3.218875e+11 -1.361118e-07 4.269322e-07 1.020000e+04
3.281990e+11 -1.359233e-07 4.237569e-07 1.040000e+04
3.345106e+11 -1.341952e-07 4.207488e-07 1.060000e+04
3.408221e+11 -1.328480e-07 4.177304e-07 1.080000e+04
3.471336e+11 -1.330112e-07 4.148196e-07 1.100000e+04
3.534451e+11 -1.300669e-07 4.119057e-07 1.120000e+04
3.597566e+11 -1.297187e-07 4.089321e-07 1.140000e+04
3.660682e+11 -1.288975e-07 4.061022e-07 1.160000e+04
3.723797e+11 -1.262606e-07 4.031441e-07 1.180000e+04
3.786912e+11 -1.264901e-07 4.002896e-07 1.200000e+04
3.850027e+11 -1.235046e-07 3.973697e-07 1.220000e+04
3.913142e+11 -1.228664e-07 3.946049e-07 1.240000e+04
3.976258e+11 -1.224498e-07 3.916715e-07 1.260000e+04
4.039373e+11 -1.203083e-07 3.888512e-07 1.280000e+04
4.102488e+11 -1.189262e-07 3.861834e-07 1.300000e+04
4.165603e+11 -1.177385e-07 3.834644e-07 1.320000e+04
4.228718e+11 -1.166312e-07 3.808863e-07 1.340000e+04
4.291834e+11 -1.156837e-07 3.782085e-07 1.360000e+04
4.354949e+11 -1.145995e-07 3.755699e-07 1.380000e+04
4.418064e+11 -1.151723e-07 3.730230e-07 1.400000e+04
4.481179e+11 -1.133556e-07 3.704977e-07 1.420000e+04
4.544294e+11 -1.130855e-07 3.681711e-07 1.440000e+04
4.607410e+11 -1.120485e-07 3.656358e-07 1.460000e+04
4.670525e+11 -1.106190e-07 3.633328e-07 1.480000e+04
4.733640e+11 -1.107668e-07 3.610978e-07 1.500000e+04
4.796755e+11 -1.098638e-07 3.586452e-07 1.520000e+04
4.859870e+11 -1.082818e-07 3.565303e-07 1.540000e+04
4.922986e+11 -1.076131e-07 3.542814e-07 1.560000e+04
4.986101e+11 -1.065282e-07 3.521649e-07 1.580000e+04
5.049216e+11 -1.057599e-07 3.498939e-07 1.600000e+04
5.112331e+11 -1.049476e-07 3.478292e-07 1.620000e+04
5.175446e+11 -1.036552e-07 3.456951e-07 1.640000e+04
5.238562e+11 -1.018896e-07 3.437077e-07 1.660000e+04
5.301677e+11 -1.027061e-07 3.417189e-07 1.680000e+04
5.364792e+11 -1.005880e-07 3.396571e-07 1.700000e+04
5.427907e+11 -9.934179e-08 3.377255e-07 1.720000e+04
5.491022e+11 -9.840011e-08 3.359383e-07 1.740000e+04
5.554138e+11 -9.800685e-08 3.341630e-07 1.760000e+04
5.617253e+11 -9.637165e-08 3.322188e-07 1.780000e+04
5.680368e+11 -9.589671e-08 3.303892e-07 1.800000e+04
5.743483e+11 -9.499482e-08 3.285446e-07 1.820000e+04
5.806598e+11 -9.330264e-08 3.269290e-07 1.840000e+04
5.869714e+11 -9.507326e-08 3.251451e-07 1.860000e+04
5.932829e+11 -9.319754e-08 3.235785e-07 1.880000e+04
5.995944e+11 -9.202452e-08 3.218258e-07 1.900000e+04
6.059059e+11 -9.505868e-08 3.201660e-07 1.920000e+04
6.122174e+11 -9.058991e-08 3.185948e-07 1.940000e+04
6.185290e+11 -9.069601e-08 3.169613e-07 1.960000e+04
6.248405e+11 -8.986962e-08 3.153740e-07 1.980000e+04
6.311520e+11 -6.054266e-07 2.294953e-07 2.000000e+04
6.374635e+11 -5.556769e-07 2.155438e-07 2.020000e+04
6.437750e+11 -5.183366e-07 2.052506e-07 2.040000e+04
6.500866e+11 -4.857822e-07 1.980890e-07 2.060000e+04
6.563981e+11 -4.579116e-07 1.921349e-07 2.080000e+04
6.627096e+11 -4.324619e-07 1.874346e-07 2.100000e+04
6.690211e+11 -4.109400e-07 1.833715e-07 2.120000e+04
6.753326e+11 -3.909080e-07 1.800002e-07 2.140000e+04
6.816442e+11 -3.723409e-07 1.762888e-07 2.160000e+04
6.879557e+11 -3.543199e-07 1.723248e-07 2.180000e+04
6.942672e+11 -3.397287e-07 1.691347e-07 2.200000e+04
7.005787e+11 -3.263491e-07 1.654050e-07 2.220000e+04
7.068902e+11 -3.121354e-07 1.625595e-07 2.240000e+04
7.132018e+11 -3.000436e-07 1.599942e-07 2.260000e+04
7.195133e+11 -2.884715e-07 1.563550e-07 2.280000e+04
7.258248e+11 -2.777590e-07 1.531902e-07 2.300000e+04
7.321363e+11 -2.676968e-07 1.509887e-07 2.320000e+04
7.384478e+11 -2.576866e-07 1.476721e-07 2.340000e+04
7.447594e+11 -2.489967e-07 1.448787e-07 2.360000e+04
7.510709e+11 -2.425298e-07 1.424027e-07 2.380000e+04
7.573824e+11 -2.372484e-07 1.401599e-07 2.400000e+04
7.636939e+11 -2.321213e-07 1.371021e-07 2.420000e+04
7.700054e+11 -2.270442e-07 1.349939e-07 2.440000e+04
7.763170e+11 -2.222035e-07 1.325316e-07 2.460000e+04
7.826285e+11 -2.175545e-07 1.303697e-07 2.480000e+04
7.889400e+11 -2.131651e-07 1.274560e-07 2.500000e+04
7.952515e+11 -2.089111e-07 1.254280e-07 2.520000e+04
8.015630e+11 -2.048186e-07 1.235421e-07 2.540000e+04
8.078746e+11 -2.009777e-07 1.213181e-07 2.560000e+04
8.141861e+11 -1.971527e-07 1.186932e-07 2.580000e+04
8.204976e+11 -1.934044e-07 1.157513e-07 2.600000e+04
8.268091e+11 -1.898612e-07 1.142957e-07 2.620000e+04
8.331206e+11 -1.863159e-07 1.118408e-07 2.640000e+04
8.394322e+11 -1.828980e-07 1.089910e-07 2.660000e+04
8.457437e+11 -1.794573e-07 1.069642e-07 2.680000e+04
8.520552e+11 -1.762742e-07 1.051795e-07 2.700000e+04
8.583667e+11 -1.732221e-07 1.022906e-07 2.720000e+04
8.646782e+11 -1.703526e-07 1.006034e-07 2.740000e+04
8.709898e+11 -1.675414e-07 9.873182e-08 2.760000e+04
8.773013e+11 -1.647979e-07 9.688246e-08 2.780000e+04
8.836128e+11 -1.619647e-07 9.442551e-08 2.800000e+04
8.899243e+11 -1.593658e-07 9.268372e-08 2.820000e+04
8.962358e+11 -1.567874e-07 9.068324e-08 2.840000e+04
9.025474e+11 -1.542608e-07 8.903787e-08 2.860000e+04
9.088589e+11 -1.518614e-07 8.713476e-08 2.880000e+04
9.151704e+11 -1.493139e-07 8.554761e-08 2.900000e+04
9.214819e+11 -1.470823e-07 8.373656e-08 2.920000e+04
9.277934e+11 -1.447466e-07 8.196460e-08 2.940000e+04
9.341050e+11 -1.425358e-07 8.032077e-08 2.960000e+04
9.404165e+11 -1.403827e-07 7.919821e-08 2.980000e+04
9.467280e+11 -1.382177e-07 7.761351e-08 3.000000e+04
9.530395e+11 -1.361051e-07 7.621827e-08 3.020000e+04
9.593510e+11 -1.341445e-07 7.449264e-08 3.040000e+04
9.656626e+11 -1.321772e-07 7.341249e-08 3.060000e+04
9.719741e+11 -1.302594e-07 7.214722e-08 3.080000e+04
9.782856e+11 -1.283891e-07 7.079991e-08 3.100000e+04
9.845971e+11 -1.265103e-07 6.941504e-08 3.120000e+04
9.909086e+11 -1.246119e-07 6.828854e-08 3.140000e+04
9.972202e+11 -1.229262e-07 6.711762e-08 3.160000e+04
1.003532e+12 -1.211312e-07 6.585886e-08 3.180000e+04
1.009843e+12 -1.194107e-07 6.448811e-08 3.200000e+04
1.016155e+12 -1.177391e-07 6.343460e-08 3.220000e+04
1.022466e+12 -1.160417e-07 6.248223e-08 3.240000e+04
1.028778e+12 -1.142835e-07 6.123143e-08 3.260000e+04
1.035089e+12 -1.126738e-07 6.051150e-08 3.280000e+04
1.041401e+12 -1.111104e-07 5.910704e-08 3.300000e+04
1.047712e+12 -1.095560e-07 5.792305e-08 3.320000e+04
1.054024e+12 -1.080729e-07 5.731578e-08 3.340000e+04
1.060335e+12 -1.065923e-07 5.605184e-08 3.360000e+04
1.066647e+12 -1.051566e-07 5.514544e-08 3.380000e+04
1.072958e+12 -1.037902e-07 5.431876e-08 3.400000e+04
1.079270e+12 -1.024158e-07 5.333188e-08 3.420000e+04
1.085581e+12 -1.010158e-07 5.239400e-08 3.440000e+04
1.091893e+12 -9.977253e-08 5.146561e-08 3.460000e+04
1.098204e+12 -9.843331e-08 5.062006e-08 3.480000e+04
1.104516e+12 -9.708073e-08 4.985727e-08 3.500000e+04
1.110828e+12 -9.585988e-08 4.897429e-08 3.520000e+04
1.117139e+12 -9.470237e-08 4.826935e-08 3.540000e+04
1.123451e+12 -9.352118e-08 4.749063e-08 3.560000e+04
1.129762e+12 -9.231983e-08 4.657101e-08 3.580000e+04
1.136074e+12 -9.114599e-08 4.592829e-08 3.600000e+04
1.142385e+12 -8.996704e-08 4.530569e-08 3.620000e+04
1.148697e+12 -8.877388e-08 4.434746e-08 3.640000e+04
1.155008e+12 -8.771166e-08 4.378391e-08 3.660000e+04
1.161320e+12 -8.656770e-08 4.300695e-08 3.680000e+04
1.167631e+12 -8.544412e-08 4.235348e-08 3.700000e+04
1.173943e+12 -8.438176e-08 4.181780e-08 3.720000e+04
1.180254e+12 -8.335699e-08 4.098975e-08 3.740000e+04
1.186566e+12 -8.231492e-08 4.036859e-08 3.760000e+04
1.192877e+12 -8.134310e-08 3.972712e-08 3.780000e+04
1.199189e+12 -8.028318e-08 3.916783e-08 3.800000e+04
1.205500e+12 -7.930162e-08 3.857529e-08 3.820000e+04
1.211812e+12 -7.834765e-08 3.798451e-08 3.840000e+04
1.218123e+12 -7.738256e-08 3.748488e-08 3.860000e+04
1.224435e+12 -7.645881e-08 3.678169e-08 3.880000e+04
1.230746e+12 -7.552739e-08 3.636804e-08 3.900000e+04
1.237058e+12 -7.462853e-08 3.569984e-08 3.920000e+04
1.243369e+12 -7.372695e-08 3.512804e-08 3.940000e+04
1.249681e+12 -7.283538e-08 3.476938e-08 3.960000e+04
1.255992e+12 -7.195176e-08 3.420423e-08 3.980000e+04
1.262304e+12 -7.107699e-08 3.376661e-08 4.000000e+04
1.268616e+12 -7.023444e-08 3.332683e-08 4.020000e+04
1.274927e+12 -6.938647e-08 3.278470e-08 4.040000e+04
1.281239e+12 -6.860717e-08 3.246374e-08 4.060000e+04
1.287550e+12 -6.781346e-08 3.195778e-08 4.080000e+04
1.293862e+12 -6.700938e-08 3.153047e-08 4.100000e+04
1.300173e+12 -6.625494e-08 3.106512e-08 4.120000e+04
1.306485e+12 -6.545192e-08 3.061554e-08 4.140000e+04
1.312796e+12 -6.465203e-08 3.037440e-08 4.160000e+04
1.319108e+12 -6.393372e-08 2.984616e-08 4.180000e+04
1.325419e+12 -6.318234e-08 2.929748e-08 4.200000e+04
1.331731e+12 -6.247217e-08 2.900720e-08 4.220000e+04
1.338042e+12 -6.176117e-08 2.854271e-08 4.240000e+04
1.344354e+12 -6.109516e-08 2.830412e-08 4.260000e+04
1.350665e+12 -6.042039e-08 2.793508e-08 4.280000e+04
1.356977e+12 -5.970902e-08 2.759466e-08 4.300000e+04
1.363288e+12 -5.904874e-08 2.724153e-08 4.320000e+04
1.369600e+12 -5.842657e-08 2.697802e-08 4.340000e+04
1.375911e+12 -5.781284e-08 2.650931e-08 4.360000e+04
1.382223e+12 -5.720214e-08 2.624600e-08 4.380000e+04
1.388534e+12 -5.653518e-08 2.585824e-08 4.400000e+04
1.394846e+12 -5.596308e-08 2.554619e-08 4.420000e+04
1.401157e+12 -5.535509e-08 2.522747e-08 4.440000e+04
1.407469e+12 -5.483552e-08 2.499257e-08 4.460000e+04
1.413780e+12 -5.425031e-08 2.469007e-08 4.480000e+04
1.420092e+12 -5.369554e-08 2.432261e-08 4.500000e+04
1.426404e+12 -5.315087e-08 2.408869e-08 4.520000e+04
1.432715e+12 -5.256387e-08 2.383735e-08 4.540000e+04
1.439027e+12 -5.197115e-08 2.354927e-08 4.560000e+04
1.445338e+12 -5.145522e-08 2.323195e-08 4.580000e+04
1.451650e+12 -5.091324e-08 2.301437e-08 4.600000e+04
1.457961e+12 -5.039048e-08 2.265055e-08 4.620000e+04
1.464273e+12 -4.991957e-08 2.234519e-08 4.640000e+04
1.470584e+12 -4.940326e-08 2.212342e-08 4.660000e+04
1.476896e+12 -4.889057e-08 2.182366e-08 4.680000e+04
1.483207e+12 -4.836965e-08 2.157429e-08 4.700000e+04
1.489519e+12 -4.786314e-08 2.131342e-08 4.720000e+04
1.495830e+12 -4.740319e-08 2.107036e-08 4.740000e+04
1.502142e+12 -4.691299e-08 2.094058e-08 4.760000e+04
1.508453e+12 -4.645188e-08 2.065235e-08 4.780000e+04
1.514765e+12 -4.597960e-08 2.042511e-08 4.800000e+04
1.521076e+12 -4.550926e-08 2.020735e-08 4.820000e+04
1.527388e+12 -4.505790e-08 2.001025e-08 4.840000e+04
1.533699e+12 -4.458620e-08 1.969082e-08 4.860000e+04
1.540011e+12 -4.414454e-08 1.951308e-08 4.880000e+04
1.546322e+12 -4.372154e-08 1.932907e-08 4.900000e+04
1.552634e+12 -4.327249e-08 1.907036e-08 4.920000e+04
1.558945e+12 -4.283765e-08 1.882624e-08 4.940000e+04
1.565257e+12 -4.241049e-08 1.862249e-08 4.960000e+04
1.571568e+12 -4.200451e-08 1.842359e-08 4.980000e+04
1.577880e+12 -4.158992e-08 1.826357e-08 5.000000e+04
1.584192e+12 -4.121570e-08 1.804733e-08 5.020000e+04
1.590503e+12 -4.084570e-08 1.784359e-08 5.040000e+04
1.596815e+12 -4.040931e-08 1.769359e-08 5.060000e+04
1.603126e+12 -3.999309e-08 1.744961e-08 5.080000e+04
1.609438e+12 -3.958563e-08 1.730720e-08 5.100000e+04
1.615749e+12 -3.917077e-08 1.705992e-08 5.120000e+04
1.622061e+12 -3.881290e-08 1.686448e-08 5.140000e+04
1.628372e+12 -3.847193e-08 1.676122e-08 5.160000e+04
1.634684e+12 -3.808208e-08 1.653058e-08 5.180000e+04
1.640995e+12 -3.769619e-08 1.638547e-08 5.200000e+04
1.647307e+12 -3.734667e-08 1.621800e-08 5.220000e+04
1.653618e+12 -3.701010e-08 1.608620e-08 5.240000e+04
1.659930e+12 -3.667750e-08 1.586145e-08 5.260000e+04
1.666241e+12 -3.630486e-08 1.571838e-08 5.280000e+04
1.672553e+12 -3.595297e-08 1.558395e-08 5.300000e+04
1.678864e+12 -3.558177e-08 1.533679e-08 5.320000e+04
1.685176e+12 -3.527182e-08 1.520051e-08 5.340000e+04
1.691487e+12 -3.493492e-08 1.503076e-08 5.360000e+04
1.697799e+12 -3.458135e-08 1.486239e-08 5.380000e+04
1.704110e+12 -3.425820e-08 1.472577e-08 5.400000e+04
1.710422e+12 -3.395427e-08 1.455900e-08 5.420000e+04
1.716733e+12 -3.365121e-08 1.447024e-08 5.440000e+04
1.723045e+12 -3.333480e-08 1.430767e-08 5.460000e+04
1.729356e+12 -3.301012e-08 1.416873e-08 5.480000e+04
1.735668e+12 -3.270286e-08 1.395992e-08 5.500000e+04
1.741980e+12 -3.239159e-08 1.379528e-08 5.520000e+04
1.748291e+12 -3.208442e-08 1.368351e-08 5.540000e+04
1.754603e+12 -3.177159e-08 1.352376e-08 5.560000e+04
1.760914e+12 -3.150073e-08 1.339658e-08 5.580000e+04
1.767226e+12 -3.119105e-08 1.332738e-08 5.600000e+04
1.773537e+12 -3.088416e-08 1.314153e-08 5.620000e+04
1.779849e+12 -3.057357e-08 1.302237e-08 5.640000e+04
1.786160e+12 -3.027331e-08 1.281240e-08 5.660000e+04
1.792472e+12 -2.996912e-08 1.274004e-08 5.680000e+04
1.798783e+12 -2.966667e-08 1.254713e-08 5.700000e+04
1.805095e+12 -2.940801e-08 1.247807e-08 5.720000e+04
1.811406e+12 -2.914067e-08 1.235197e-08 5.740000e+04
1.817718e+12 -2.890556e-08 1.224814e-08 5.760000e+04
1.824029e+12 -2.863783e-08 1.209123e-08 5.780000e+04
1.830341e+12 -2.837753e-08 1.193572e-08 5.800000e+04
1.836652e+12 -2.812845e-08 1.180952e-08 5.820000e+04
1.842964e+12 -2.787701e-08 1.167871e-08 5.840000e+04
1.849275e+12 -2.760796e-08 1.160192e-08 5.860000e+04
1.855587e+12 -2.733095e-08 1.146773e-08 5.880000e+04
1.861898e+12 -2.707216e-08 1.133392e-08 5.900000e+04
1.868210e+12 -2.682603e-08 1.124396e-08 5.920000e+04
1.874521e+12 -2.657912e-08 1.105864e-08 5.940000e+04
1.880833e+12 -2.635396e-08 1.096903e-08 5.960000e+04
1.887144e+12 -2.612552e-08 1.087254e-08 5.980000e+04
1.893456e+12 -2.590404e-08 1.080141e-08 6.000000e+04
