6.311520e+09 -5.257251e+09 5.257251e+09 
1.262304e+10 -5.917741e+09 5.099280e+09 
1.893456e+10 -6.252561e+09 5.273705e+09 
2.524608e+10 -6.088671e+09 5.247783e+09 
3.155760e+10 -5.702262e+09 5.294772e+09 
3.786912e+10 -5.346024e+09 5.298655e+09 
4.418064e+10 -4.919267e+09 5.325640e+09 
5.049216e+10 -4.781315e+09 5.398904e+09 
5.680368e+10 -4.831777e+09 4.998760e+09 
6.311520e+10 -4.716308e+09 4.533208e+09 
6.942672e+10 -4.663828e+09 4.274327e+09 
7.573824e+10 -4.588830e+09 4.126911e+09 
8.204976e+10 -4.465231e+09 3.978137e+09 
8.836128e+10 -4.322748e+09 3.776842e+09 
9.467280e+10 -4.056960e+09 3.691706e+09 
1.009843e+11 -3.959508e+09 3.651756e+09 
1.072958e+11 -3.783351e+09 3.613038e+09 
1.136074e+11 -3.671537e+09 3.630309e+09 
1.199189e+11 -3.534319e+09 3.501502e+09 
1.262304e+11 -3.490662e+09 3.429352e+09 
1.325419e+11 -3.461521e+09 3.494170e+09 
1.388534e+11 -3.313000e+09 3.418645e+09 
1.451650e+11 -3.077905e+09 3.441769e+09 
1.514765e+11 -3.013756e+09 3.415654e+09 
1.577880e+11 -2.982008e+09 3.316978e+09 
1.640995e+11 -2.951723e+09 3.321857e+09 
1.704110e+11 -2.918285e+09 3.279253e+09 
1.767226e+11 -2.885775e+09 3.190056e+09 
1.830341e+11 -2.859134e+09 3.183749e+09 
1.893456e+11 -2.832030e+09 3.208810e+09 
1.956571e+11 -2.802633e+09 3.239739e+09 
2.019686e+11 -2.773680e+09 3.128917e+09 
2.082802e+11 -2.749314e+09 3.084055e+09 
2.145917e+11 -2.727570e+09 3.140188e+09 
2.209032e+11 -2.699572e+09 3.219574e+09 
2.272147e+11 -2.675008e+09 3.237684e+09 
2.335262e+11 -2.651392e+09 3.283653e+09 
2.398378e+11 -2.628988e+09 3.258633e+09 
2.461493e+11 -2.611045e+09 3.285708e+09 
2.524608e+11 -2.587261e+09 3.315975e+09 
2.587723e+11 -2.564500e+09 3.249964e+09 
2.650838e+11 -2.543338e+09 3.237498e+09 
2.713954e+11 -2.520098e+09 3.137992e+09 
2.777069e+11 -2.524883e+09 3.140080e+09 
2.840184e+11 -2.544475e+09 3.168332e+09 
2.903299e+11 -2.572560e+09 3.097727e+09 
2.966414e+11 -2.585881e+09 3.109415e+09 
3.029530e+11 -2.606062e+09 3.103796e+09 
3.092645e+11 -2.625015e+09 3.108373e+09 
3.155760e+11 -2.639371e+09 3.138887e+09 
3.218875e+11 -2.657790e+09 3.126175e+09 
3.281990e+11 -2.668570e+09 3.130163e+09 
3.345106e+11 -2.681041e+09 3.136007e+09 
3.408221e+11 -2.694692e+09 3.236350e+09 
3.471336e+11 -2.701740e+09 3.256622e+09 
3.534451e+11 -2.715992e+09 3.278616e+09 
3.597566e+11 -2.733533e+09 3.301949e+09 
3.660682e+11 -2.750814e+09 3.211993e+09 
3.723797e+11 -2.765532e+09 3.220589e+09 
3.786912e+11 -2.779336e+09 3.189805e+09 
3.850027e+11 -2.796293e+09 3.220649e+09 
3.913142e+11 -2.806734e+09 3.243257e+09 
3.976258e+11 -2.816325e+09 3.254171e+09 
4.039373e+11 -2.834289e+09 3.277737e+09 
4.102488e+11 -2.841634e+09 3.337162e+09 
4.165603e+11 -2.848912e+09 3.372887e+09 
4.228718e+11 -2.861614e+09 3.400280e+09 
4.291834e+11 -2.869661e+09 3.457017e+09 
4.354949e+11 -2.880548e+09 3.523442e+09 
4.418064e+11 -2.892071e+09 3.514975e+09 
4.481179e+11 -2.892380e+09 3.495715e+09 
4.544294e+11 -2.900009e+09 3.507412e+09 
4.607410e+11 -2.902470e+09 3.521390e+09 
4.670525e+11 -2.912128e+09 3.507478e+09 
4.733640e+11 -2.915093e+09 3.506502e+09 
4.796755e+11 -2.921522e+09 3.488945e+09 
4.859870e+11 -2.925593e+09 3.494759e+09 
4.922986e+11 -2.934082e+09 3.496229e+09 
4.986101e+11 -2.943912e+09 3.481514e+09 
5.049216e+11 -2.950548e+09 3.470538e+09 
5.112331e+11 -2.958296e+09 3.479458e+09 
5.175446e+11 -2.965620e+09 3.496337e+09 
5.238562e+11 -2.974606e+09 3.491745e+09 
5.301677e+11 -2.981867e+09 3.472464e+09 
5.364792e+11 -2.986998e+09 3.490252e+09 
5.427907e+11 -2.993701e+09 3.498605e+09 
5.491022e+11 -2.999957e+09 3.505764e+09 
5.554138e+11 -3.006251e+09 3.504612e+09 
5.617253e+11 -3.013718e+09 3.532212e+09 
5.680368e+11 -3.019521e+09 3.555831e+09 
5.743483e+11 -3.026294e+09 3.601793e+09 
5.806598e+11 -3.033664e+09 3.609525e+09 
5.869714e+11 -3.039060e+09 3.612199e+09 
5.932829e+11 -3.045068e+09 3.667519e+09 
5.995944e+11 -3.051917e+09 3.729836e+09 
6.059059e+11 -3.055773e+09 3.755614e+09 
6.122174e+11 -3.061041e+09 3.756649e+09 
6.185290e+11 -3.066367e+09 3.737955e+09 
6.248405e+11 -3.070812e+09 3.737498e+09 
6.311520e+11 -3.076415e+09 3.719100e+09 
6.374635e+11 -4.573369e+09 3.639321e+09 
6.437750e+11 -4.979927e+09 3.544638e+09 
6.500866e+11 -5.284035e+09 3.429966e+09 
6.563981e+11 -5.454089e+09 3.389279e+09 
6.627096e+11 -5.576320e+09 3.342347e+09 
6.690211e+11 -5.692305e+09 3.290499e+09 
6.753326e+11 -5.730648e+09 3.154414e+09 
6.816442e+11 -5.728958e+09 3.023457e+09 
6.879557e+11 -5.802407e+09 2.985622e+09 
6.942672e+11 -5.861755e+09 3.009220e+09 
7.005787e+11 -5.956826e+09 3.043864e+09 
7.068902e+11 -5.835872e+09 3.071719e+09 
7.132018e+11 -5.707216e+09 3.082338e+09 
7.195133e+11 -5.650975e+09 3.124313e+09 
7.258248e+11 -5.725899e+09 3.129050e+09 
7.321363e+11 -5.741939e+09 3.184203e+09 
7.384478e+11 -5.680980e+09 3.072895e+09 
7.447594e+11 -5.673109e+09 3.053724e+09 
7.510709e+11 -5.571969e+09 3.066632e+09 
7.573824e+11 -5.552358e+09 3.116771e+09 
7.636939e+11 -5.422142e+09 3.080412e+09 
7.700054e+11 -5.341337e+09 3.026072e+09 
7.763170e+11 -5.361961e+09 3.055175e+09 
7.826285e+11 -5.373348e+09 2.971567e+09 
7.889400e+11 -5.384863e+09 2.977573e+09 
7.952515e+11 -5.397489e+09 2.932992e+09 
8.015630e+11 -5.456056e+09 2.963934e+09 
8.078746e+11 -5.443511e+09 2.996219e+09 
8.141861e+11 -5.364858e+09 3.003470e+09 
8.204976e+11 -5.298511e+09 2.998117e+09 
8.268091e+11 -5.169023e+09 3.028080e+09 
8.331206e+11 -5.108039e+09 3.042595e+09 
8.394322e+11 -4.995598e+09 3.057642e+09 
8.457437e+11 -4.994156e+09 3.071012e+09 
8.520552e+11 -5.059267e+09 3.077292e+09 
8.583667e+11 -5.138592e+09 3.077875e+09 
8.646782e+11 -5.055734e+09 3.093614e+09 
8.709898e+11 -5.004464e+09 3.103535e+09 
8.773013e+11 -4.884196e+09 3.050820e+09 
8.836128e+11 -4.788634e+09 3.057002e+09 
8.899243e+11 -4.708965e+09 3.025663e+09 
8.962358e+11 -4.574527e+09 3.010592e+09 
9.025474e+11 -4.596388e+09 2.997719e+09 
9.088589e+11 -4.564862e+09 2.967905e+09 
9.151704e+11 -4.517458e+09 2.951683e+09 
9.214819e+11 -4.626322e+09 2.975268e+09 
9.277934e+11 -4.599810e+09 2.935540e+09 
9.341050e+11 -4.611055e+09 2.925290e+09 
9.404165e+11 -4.606607e+09 2.951785e+09 
9.467280e+11 -4.678094e+09 2.998609e+09 
9.530395e+11 -4.703302e+09 2.987593e+09 
9.593510e+11 -4.694696e+09 2.963986e+09 
9.656626e+11 -4.670857e+09 2.899172e+09 
9.719741e+11 -4.679643e+09 2.854231e+09 
9.782856e+11 -4.676522e+09 2.861871e+09 
9.845971e+11 -4.632936e+09 2.820074e+09 
9.909086e+11 -4.592034e+09 2.809666e+09 
9.972202e+11 -4.589727e+09 2.794366e+09 
1.003532e+12 -4.600615e+09 2.810394e+09 
1.009843e+12 -4.546733e+09 2.804268e+09 
1.016155e+12 -4.481534e+09 2.784921e+09 
1.022466e+12 -4.458861e+09 2.774681e+09 
1.028778e+12 -4.438027e+09 2.743668e+09 
1.035089e+12 -4.394640e+09 2.748302e+09 
1.041401e+12 -4.310319e+09 2.711847e+09 
1.047712e+12 -4.266992e+09 2.690641e+09 
1.054024e+12 -4.215320e+09 2.687285e+09 
1.060335e+12 -4.179355e+09 2.659636e+09 
1.066647e+12 -4.108671e+09 2.673662e+09 
1.072958e+12 -4.034051e+09 2.654724e+09 
1.079270e+12 -3.983032e+09 2.655599e+09 
1.085581e+12 -3.943721e+09 2.656828e+09 
1.091893e+12 -3.929660e+09 2.654338e+09 
1.098204e+12 -3.882131e+09 2.662668e+09 
1.104516e+12 -3.889848e+09 2.668083e+09 
1.110828e+12 -3.875052e+09 2.664352e+09 
1.117139e+12 -3.848889e+09 2.678064e+09 
1.123451e+12 -3.826403e+09 2.679998e+09 
1.129762e+12 -3.818968e+09 2.617094e+09 
1.136074e+12 -3.756619e+09 2.647358e+09 
1.142385e+12 -3.778290e+09 2.639505e+09 
1.148697e+12 -3.779049e+09 2.654085e+09 
1.155008e+12 -3.812026e+09 2.609856e+09 
1.161320e+12 -3.814842e+09 2.618804e+09 
1.167631e+12 -3.785021e+09 2.605556e+09 
1.173943e+12 -3.788117e+09 2.600488e+09 
1.180254e+12 -3.823933e+09 2.591129e+09 
1.186566e+12 -3.828959e+09 2.567572e+09 
1.192877e+12 -3.804098e+09 2.554047e+09 
1.199189e+12 -3.751565e+09 2.521361e+09 
1.205500e+12 -3.782997e+09 2.513362e+09 
1.211812e+12 -3.832721e+09 2.504500e+09 
1.218123e+12 -3.798725e+09 2.484247e+09 
1.224435e+12 -3.842052e+09 2.485120e+09 
1.230746e+12 -3.770964e+09 2.499093e+09 
1.237058e+12 -3.762122e+09 2.502352e+09 
1.243369e+12 -3.731188e+09 2.497714e+09 
1.249681e+12 -3.723532e+09 2.485997e+09 
1.255992e+12 -3.763456e+09 2.478229e+09 
1.262304e+12 -3.740379e+09 2.452659e+09 
1.268616e+12 -3.700653e+09 2.451468e+09 
1.274927e+12 -3.684393e+09 2.435649e+09 
1.281239e+12 -3.651322e+09 2.413779e+09 
1.287550e+12 -3.629127e+09 2.398880e+09 
1.293862e+12 -3.565314e+09 2.412093e+09 
1.300173e+12 -3.484982e+09 2.412812e+09 
1.306485e+12 -3.437284e+09 2.401911e+09 
1.312796e+12 -3.420252e+09 2.390763e+09 
1.319108e+12 -3.406974e+09 2.344457e+09 
1.325419e+12 -3.390990e+09 2.351362e+09 
1.331731e+12 -3.375793e+09 2.358853e+09 
1.338042e+12 -3.359817e+09 2.341188e+09 
1.344354e+12 -3.330979e+09 2.301143e+09 
1.350665e+12 -3.334244e+09 2.296053e+09 
1.356977e+12 -3.320784e+09 2.308480e+09 
1.363288e+12 -3.300938e+09 2.298745e+09 
1.369600e+12 -3.274445e+09 2.264958e+09 
1.375911e+12 -3.269992e+09 2.293993e+09 
1.382223e+12 -3.272809e+09 2.323983e+09 
1.388534e+12 -3.266980e+09 2.303417e+09 
1.394846e+12 -3.266610e+09 2.315153e+09 
1.401157e+12 -3.292037e+09 2.345728e+09 
1.407469e+12 -3.286690e+09 2.347774e+09 
1.413780e+12 -3.304463e+09 2.330001e+09 
1.420092e+12 -3.305724e+09 2.328740e+09 
1.426404e+12 -3.305487e+09 2.328977e+09 
1.432715e+12 -3.288552e+09 2.345912e+09 
1.439027e+12 -3.295461e+09 2.339003e+09 
1.445338e+12 -3.276004e+09 2.358459e+09 
1.451650e+12 -3.283263e+09 2.351201e+09 
1.457961e+12 -3.272092e+09 2.362371e+09 
1.464273e+12 -3.247321e+09 2.387143e+09 
1.470584e+12 -3.260690e+09 2.373774e+09 
1.476896e+12 -3.269172e+09 2.365292e+09 
1.483207e+12 -3.282397e+09 2.352067e+09 
1.489519e+12 -3.275793e+09 2.358670e+09 
1.495830e+12 -3.278459e+09 2.356005e+09 
1.502142e+12 -3.282473e+09 2.351991e+09 
1.508453e+12 -3.313345e+09 2.321119e+09 
1.514765e+12 -3.287417e+09 2.347046e+09 
1.521076e+12 -3.278346e+09 2.356118e+09 
1.527388e+12 -3.301411e+09 2.333052e+09 
1.533699e+12 -3.272709e+09 2.361755e+09 
1.540011e+12 -3.268947e+09 2.365517e+09 
1.546322e+12 -3.298415e+09 2.336049e+09 
1.552634e+12 -3.306486e+09 2.327978e+09 
1.558945e+12 -3.331828e+09 2.302636e+09 
1.565257e+12 -3.345002e+09 2.289462e+09 
1.571568e+12 -3.322388e+09 2.312075e+09 
1.577880e+12 -3.336636e+09 2.297828e+09 
1.584192e+12 -3.324977e+09 2.309487e+09 
1.590503e+12 -3.332837e+09 2.301627e+09 
1.596815e+12 -3.272603e+09 2.361861e+09 
1.603126e+12 -3.315821e+09 2.318643e+09 
1.609438e+12 -3.344879e+09 2.289585e+09 
1.615749e+12 -3.386355e+09 2.248109e+09 
1.622061e+12 -3.398135e+09 2.236329e+09 
1.628372e+12 -3.365148e+09 2.269316e+09 
1.634684e+12 -3.301133e+09 2.333331e+09 
1.640995e+12 -3.334719e+09 2.299745e+09 
1.647307e+12 -3.366545e+09 2.267919e+09 
1.653618e+12 -3.380030e+09 2.254434e+09 
1.659930e+12 -3.348840e+09 2.285624e+09 
1.666241e+12 -3.306589e+09 2.327874e+09 
1.672553e+12 -3.352500e+09 2.281964e+09 
1.678864e+12 -3.352263e+09 2.282201e+09 
1.685176e+12 -3.345380e+09 2.289083e+09 
1.691487e+12 -3.346001e+09 2.288462e+09 
1.697799e+12 -3.374507e+09 2.259957e+09 
1.704110e+12 -3.374917e+09 2.259546e+09 
1.710422e+12 -3.341546e+09 2.292918e+09 
1.716733e+12 -3.334159e+09 2.300305e+09 
1.723045e+12 -3.338263e+09 2.296201e+09 
1.729356e+12 -3.288864e+09 2.345599e+09 
1.735668e+12 -3.298212e+09 2.336252e+09 
1.741980e+12 -3.258208e+09 2.376256e+09 
1.748291e+12 -3.271886e+09 2.362578e+09 
1.754603e+12 -3.243599e+09 2.390864e+09 
1.760914e+12 -3.205822e+09 2.428642e+09 
1.767226e+12 -3.141348e+09 2.413016e+09 
1.773537e+12 -3.161658e+09 2.407020e+09 
1.779849e+12 -3.173512e+09 2.412517e+09 
1.786160e+12 -3.157719e+09 2.404618e+09 
1.792472e+12 -3.147118e+09 2.387514e+09 
1.798783e+12 -3.142380e+09 2.379494e+09 
1.805095e+12 -3.124822e+09 2.397051e+09 
1.811406e+12 -3.128368e+09 2.393506e+09 
1.817718e+12 -3.120907e+09 2.400966e+09 
1.824029e+12 -3.109409e+09 2.412464e+09 
1.830341e+12 -3.116592e+09 2.405282e+09 
1.836652e+12 -3.090295e+09 2.431579e+09 
1.842964e+12 -3.094742e+09 2.427131e+09 
1.849275e+12 -3.083467e+09 2.438407e+09 
1.855587e+12 -3.087722e+09 2.434152e+09 
1.861898e+12 -3.089805e+09 2.432069e+09 
1.868210e+12 -3.101243e+09 2.420630e+09 
1.874521e+12 -3.103349e+09 2.418525e+09 
1.880833e+12 -3.104931e+09 2.416943e+09 
1.887144e+12 -3.099767e+09 2.422107e+09 
1.893456e+12 -3.081829e+09 2.440044e+09 
1.899768e+12 -3.078857e+09 2.443016e+09 
