0.000000e+00 -1.598857e+09 3.534827e+09 
6.311520e+09 -1.481587e+09 2.758956e+09 
1.262304e+10 -1.335283e+09 2.255089e+09 
1.893456e+10 -1.224210e+09 1.965071e+09 
2.524608e+10 -1.130333e+09 1.794905e+09 
3.155760e+10 -1.061255e+09 1.883892e+09 
3.786912e+10 -1.002550e+09 2.041944e+09 
4.418064e+10 -1.049781e+09 2.181932e+09 
5.049216e+10 -1.119432e+09 2.318029e+09 
5.680368e+10 -1.221900e+09 2.452933e+09 
6.311520e+10 -1.320522e+09 2.570495e+09 
6.942672e+10 -1.415427e+09 2.685363e+09 
7.573824e+10 -1.507034e+09 2.782903e+09 
8.204976e+10 -1.595683e+09 2.865853e+09 
8.836128e+10 -1.681121e+09 2.949443e+09 
9.467280e+10 -1.763937e+09 3.014807e+09 
1.009843e+11 -1.844268e+09 3.087559e+09 
1.072958e+11 -1.921892e+09 3.161455e+09 
1.136074e+11 -1.997330e+09 3.233296e+09 
1.199189e+11 -2.070130e+09 3.294083e+09 
1.262304e+11 -2.140684e+09 3.349405e+09 
1.325419e+11 -2.209025e+09 3.393191e+09 
1.388534e+11 -2.275420e+09 3.439002e+09 
1.451650e+11 -2.339798e+09 3.476994e+09 
1.514765e+11 -2.402348e+09 3.511687e+09 
1.577880e+11 -2.463325e+09 3.550705e+09 
1.640995e+11 -2.522469e+09 3.605342e+09 
1.704110e+11 -2.580116e+09 3.649098e+09 
1.767226e+11 -2.636262e+09 3.674775e+09 
1.830341e+11 -2.690769e+09 3.692841e+09 
1.893456e+11 -2.744366e+09 3.704097e+09 
1.956571e+11 -2.796538e+09 3.748668e+09 
2.019686e+11 -2.847004e+09 3.780336e+09 
2.082802e+11 -2.896270e+09 3.807215e+09 
2.145917e+11 -2.944152e+09 3.817919e+09 
2.209032e+11 -2.991136e+09 3.826131e+09 
2.272147e+11 -3.037278e+09 3.833230e+09 
2.335262e+11 -3.082577e+09 3.829970e+09 
2.398378e+11 -3.126893e+09 3.844682e+09 
2.461493e+11 -3.170054e+09 3.868410e+09 
2.524608e+11 -3.212374e+09 3.881162e+09 
2.587723e+11 -3.253677e+09 3.887267e+09 
2.650838e+11 -3.294526e+09 3.890409e+09 
2.713954e+11 -3.334563e+09 3.890457e+09 
2.777069e+11 -3.373643e+09 3.895534e+09 
2.840184e+11 -3.411906e+09 3.920176e+09 
2.903299e+11 -3.449638e+09 3.931344e+09 
2.966414e+11 -3.486398e+09 3.941393e+09 
3.029530e+11 -3.522357e+09 3.942710e+09 
3.092645e+11 -3.557763e+09 3.938812e+09 
3.155760e+11 -3.591798e+09 3.965096e+09 
3.218875e+11 -3.625088e+09 3.992780e+09 
3.281990e+11 -3.657639e+09 4.008522e+09 
3.345106e+11 -3.689734e+09 4.010352e+09 
3.408221e+11 -3.720885e+09 4.015978e+09 
3.471336e+11 -3.751609e+09 4.015189e+09 
3.534451e+11 -3.781500e+09 4.002872e+09 
3.597566e+11 -3.811181e+09 3.990690e+09 
3.660682e+11 -3.840110e+09 4.000570e+09 
3.723797e+11 -3.868581e+09 4.015360e+09 
3.786912e+11 -3.896482e+09 4.029411e+09 
3.850027e+11 -3.923953e+09 4.039419e+09 
3.913142e+11 -3.951225e+09 4.055081e+09 
3.976258e+11 -3.977922e+09 4.059048e+09 
4.039373e+11 -4.004517e+09 4.058023e+09 
4.102488e+11 -4.030656e+09 4.056464e+09 
4.165603e+11 -4.056254e+09 4.094619e+09 
4.228718e+11 -4.081734e+09 4.113316e+09 
4.291834e+11 -4.106374e+09 4.148425e+09 
4.354949e+11 -4.130406e+09 4.150081e+09 
4.418064e+11 -4.154798e+09 4.140677e+09 
4.481179e+11 -4.177866e+09 4.143198e+09 
4.544294e+11 -4.200440e+09 4.142068e+09 
4.607410e+11 -4.222926e+09 4.153997e+09 
4.670525e+11 -4.244422e+09 4.178545e+09 
4.733640e+11 -4.265497e+09 4.201732e+09 
4.796755e+11 -4.286803e+09 4.222183e+09 
4.859870e+11 -4.307445e+09 4.242095e+09 
4.922986e+11 -4.327935e+09 4.266501e+09 
4.986101e+11 -4.348041e+09 4.275674e+09 
5.049216e+11 -4.367684e+09 4.292885e+09 
5.112331e+11 -4.386582e+09 4.310058e+09 
5.175446e+11 -4.405498e+09 4.316271e+09 
5.238562e+11 -4.424177e+09 4.330755e+09 
5.301677e+11 -4.442075e+09 4.338175e+09 
5.364792e+11 -4.460186e+09 4.343524e+09 
5.427907e+11 -4.477776e+09 4.369872e+09 
5.491022e+11 -4.495170e+09 4.401381e+09 
5.554138e+11 -4.512289e+09 4.425341e+09 
5.617253e+11 -4.528879e+09 4.454688e+09 
5.680368e+11 -4.545084e+09 4.476053e+09 
5.743483e+11 -4.561653e+09 4.495382e+09 
5.806598e+11 -4.577758e+09 4.508399e+09 
5.869714e+11 -4.593753e+09 4.523077e+09 
5.932829e+11 -4.609094e+09 4.533433e+09 
5.995944e+11 -4.624061e+09 4.540142e+09 
6.059059e+11 -4.639005e+09 4.543484e+09 
6.122174e+11 -4.653665e+09 4.552906e+09 
6.185290e+11 -4.667373e+09 4.571004e+09 
6.248405e+11 -4.681289e+09 4.604984e+09 
6.311520e+11 -4.555201e+09 4.406916e+09 
6.374635e+11 -4.440763e+09 4.245210e+09 
6.437750e+11 -4.332798e+09 4.107128e+09 
6.500866e+11 -4.232502e+09 3.992086e+09 
6.563981e+11 -4.137416e+09 3.839594e+09 
6.627096e+11 -4.046318e+09 3.715115e+09 
6.690211e+11 -3.959114e+09 3.603093e+09 
6.753326e+11 -3.875815e+09 3.487621e+09 
6.816442e+11 -3.794804e+09 3.384024e+09 
6.879557e+11 -3.717390e+09 3.312398e+09 
6.942672e+11 -3.642482e+09 3.231090e+09 
7.005787e+11 -3.570218e+09 3.134542e+09 
7.068902e+11 -3.500442e+09 3.040179e+09 
7.132018e+11 -3.433327e+09 2.952439e+09 
7.195133e+11 -3.368822e+09 2.880946e+09 
7.258248e+11 -3.305917e+09 2.821335e+09 
7.321363e+11 -3.245532e+09 2.765333e+09 
7.384478e+11 -3.186763e+09 2.712918e+09 
7.447594e+11 -3.133612e+09 2.652703e+09 
7.510709e+11 -3.082513e+09 2.595844e+09 
7.573824e+11 -3.035147e+09 2.550151e+09 
7.636939e+11 -2.991162e+09 2.503691e+09 
7.700054e+11 -2.948274e+09 2.448550e+09 
7.763170e+11 -2.906007e+09 2.392852e+09 
7.826285e+11 -2.867013e+09 2.341969e+09 
7.889400e+11 -2.829922e+09 2.312382e+09 
7.952515e+11 -2.793128e+09 2.287557e+09 
8.015630e+11 -2.757260e+09 2.248517e+09 
8.078746e+11 -2.722078e+09 2.219482e+09 
8.141861e+11 -2.688226e+09 2.182332e+09 
8.204976e+11 -2.656520e+09 2.137771e+09 
8.268091e+11 -2.625129e+09 2.099457e+09 
8.331206e+11 -2.594587e+09 2.065021e+09 
8.394322e+11 -2.564476e+09 2.018729e+09 
8.457437e+11 -2.535150e+09 1.982145e+09 
8.520552e+11 -2.506477e+09 1.940286e+09 
8.583667e+11 -2.478339e+09 1.910052e+09 
8.646782e+11 -2.450870e+09 1.881720e+09 
8.709898e+11 -2.424011e+09 1.863020e+09 
8.773013e+11 -2.397709e+09 1.836231e+09 
8.836128e+11 -2.371748e+09 1.814101e+09 
8.899243e+11 -2.346634e+09 1.785962e+09 
8.962358e+11 -2.321802e+09 1.743403e+09 
9.025474e+11 -2.297476e+09 1.717500e+09 
9.088589e+11 -2.273418e+09 1.688740e+09 
9.151704e+11 -2.250658e+09 1.662957e+09 
9.214819e+11 -2.227917e+09 1.631711e+09 
9.277934e+11 -2.205918e+09 1.613533e+09 
9.341050e+11 -2.184498e+09 1.594145e+09 
9.404165e+11 -2.163427e+09 1.556609e+09 
9.467280e+11 -2.142512e+09 1.537623e+09 
9.530395e+11 -2.121890e+09 1.526215e+09 
9.593510e+11 -2.101815e+09 1.502592e+09 
9.656626e+11 -2.082004e+09 1.486115e+09 
9.719741e+11 -2.062428e+09 1.473561e+09 
9.782856e+11 -2.043414e+09 1.450089e+09 
9.845971e+11 -2.024567e+09 1.424645e+09 
9.909086e+11 -2.006433e+09 1.404097e+09 
9.972202e+11 -1.988332e+09 1.396306e+09 
1.003532e+12 -1.970303e+09 1.388541e+09 
1.009843e+12 -1.952724e+09 1.357501e+09 
1.016155e+12 -1.935759e+09 1.344411e+09 
1.022466e+12 -1.918743e+09 1.333104e+09 
1.028778e+12 -1.901969e+09 1.319135e+09 
1.035089e+12 -1.885357e+09 1.299968e+09 
1.041401e+12 -1.868893e+09 1.279804e+09 
1.047712e+12 -1.852778e+09 1.262415e+09 
1.054024e+12 -1.837043e+09 1.241932e+09 
1.060335e+12 -1.821446e+09 1.228227e+09 
1.066647e+12 -1.806280e+09 1.212383e+09 
1.072958e+12 -1.791280e+09 1.189403e+09 
1.079270e+12 -1.776677e+09 1.174062e+09 
1.085581e+12 -1.762171e+09 1.156912e+09 
1.091893e+12 -1.747607e+09 1.147026e+09 
1.098204e+12 -1.733423e+09 1.133848e+09 
1.104516e+12 -1.719260e+09 1.123488e+09 
1.110828e+12 -1.705331e+09 1.105264e+09 
1.117139e+12 -1.691786e+09 1.097692e+09 
1.123451e+12 -1.678397e+09 1.084480e+09 
1.129762e+12 -1.665126e+09 1.063599e+09 
1.136074e+12 -1.651973e+09 1.051950e+09 
1.142385e+12 -1.639277e+09 1.036609e+09 
1.148697e+12 -1.626491e+09 1.022840e+09 
1.155008e+12 -1.613865e+09 1.009030e+09 
1.161320e+12 -1.601393e+09 9.999413e+08 
1.167631e+12 -1.589068e+09 9.867169e+08 
1.173943e+12 -1.577012e+09 9.784678e+08 
1.180254e+12 -1.565073e+09 9.703681e+08 
1.186566e+12 -1.553261e+09 9.594349e+08 
1.192877e+12 -1.541616e+09 9.496052e+08 
1.199189e+12 -1.530165e+09 9.373408e+08 
1.205500e+12 -1.518609e+09 9.283331e+08 
1.211812e+12 -1.507255e+09 9.132433e+08 
1.218123e+12 -1.496286e+09 9.061007e+08 
1.224435e+12 -1.485157e+09 8.932161e+08 
1.230746e+12 -1.474257e+09 8.877043e+08 
1.237058e+12 -1.463683e+09 8.759491e+08 
1.243369e+12 -1.452990e+09 8.676029e+08 
1.249681e+12 -1.442562e+09 8.594036e+08 
1.255992e+12 -1.432566e+09 8.498633e+08 
1.262304e+12 -1.422553e+09 8.394054e+08 
1.268616e+12 -1.412675e+09 8.288428e+08 
1.274927e+12 -1.402907e+09 8.196904e+08 
1.281239e+12 -1.393210e+09 8.113383e+08 
1.287550e+12 -1.383618e+09 8.012301e+08 
1.293862e+12 -1.374069e+09 7.948822e+08 
1.300173e+12 -1.364733e+09 7.887428e+08 
1.306485e+12 -1.355456e+09 7.799943e+08 
1.312796e+12 -1.346246e+09 7.685307e+08 
1.319108e+12 -1.337171e+09 7.617483e+08 
1.325419e+12 -1.328205e+09 7.558389e+08 
1.331731e+12 -1.319128e+09 7.460411e+08 
1.338042e+12 -1.310301e+09 7.331923e+08 
1.344354e+12 -1.301439e+09 7.276202e+08 
1.350665e+12 -1.292879e+09 7.266347e+08 
1.356977e+12 -1.284396e+09 7.171528e+08 
1.363288e+12 -1.275888e+09 7.078171e+08 
1.369600e+12 -1.267571e+09 7.029284e+08 
1.375911e+12 -1.259382e+09 6.976276e+08 
1.382223e+12 -1.251273e+09 6.899919e+08 
1.388534e+12 -1.243230e+09 6.801950e+08 
1.394846e+12 -1.235259e+09 6.736804e+08 
1.401157e+12 -1.227420e+09 6.662121e+08 
1.407469e+12 -1.219631e+09 6.589097e+08 
1.413780e+12 -1.211914e+09 6.521443e+08 
1.420092e+12 -1.204253e+09 6.451089e+08 
1.426404e+12 -1.196695e+09 6.391260e+08 
1.432715e+12 -1.189201e+09 6.335495e+08 
1.439027e+12 -1.181707e+09 6.270765e+08 
1.445338e+12 -1.174260e+09 6.227114e+08 
1.451650e+12 -1.167094e+09 6.171807e+08 
1.457961e+12 -1.159935e+09 6.108463e+08 
1.464273e+12 -1.152812e+09 6.056382e+08 
1.470584e+12 -1.145720e+09 5.968605e+08 
1.476896e+12 -1.138685e+09 5.900120e+08 
1.483207e+12 -1.131722e+09 5.827629e+08 
1.489519e+12 -1.124888e+09 5.726685e+08 
1.495830e+12 -1.118092e+09 5.658394e+08 
1.502142e+12 -1.111373e+09 5.603701e+08 
1.508453e+12 -1.104705e+09 5.533397e+08 
1.514765e+12 -1.098209e+09 5.469367e+08 
1.521076e+12 -1.091663e+09 5.400916e+08 
1.527388e+12 -1.085231e+09 5.387163e+08 
1.533699e+12 -1.078703e+09 5.302308e+08 
1.540011e+12 -1.072319e+09 5.218749e+08 
1.546322e+12 -1.066142e+09 5.224227e+08 
1.552634e+12 -1.059894e+09 5.157730e+08 
1.558945e+12 -1.053755e+09 5.054654e+08 
1.565257e+12 -1.047748e+09 4.990572e+08 
1.571568e+12 -1.041735e+09 4.945916e+08 
1.577880e+12 -1.035762e+09 4.853295e+08 
1.584192e+12 -1.029932e+09 4.804820e+08 
1.590503e+12 -1.024100e+09 4.785561e+08 
1.596815e+12 -1.018258e+09 4.716502e+08 
1.603126e+12 -1.012540e+09 4.671037e+08 
1.609438e+12 -1.006870e+09 4.599866e+08 
1.615749e+12 -1.001168e+09 4.553058e+08 
1.622061e+12 -9.956994e+08 4.512787e+08 
1.628372e+12 -9.901740e+08 4.447002e+08 
1.634684e+12 -9.848126e+08 4.402088e+08 
1.640995e+12 -9.794614e+08 4.364657e+08 
1.647307e+12 -9.740810e+08 4.301788e+08 
1.653618e+12 -9.689214e+08 4.279177e+08 
1.659930e+12 -9.636667e+08 4.256319e+08 
1.666241e+12 -9.584841e+08 4.222965e+08 
1.672553e+12 -9.533554e+08 4.187827e+08 
1.678864e+12 -9.482732e+08 4.150531e+08 
1.685176e+12 -9.432214e+08 4.085469e+08 
1.691487e+12 -9.382293e+08 4.055987e+08 
1.697799e+12 -9.333048e+08 4.004281e+08 
1.704110e+12 -9.284854e+08 3.956596e+08 
1.710422e+12 -9.236657e+08 3.927575e+08 
1.716733e+12 -9.188608e+08 3.888061e+08 
1.723045e+12 -9.140753e+08 3.856717e+08 
1.729356e+12 -9.093433e+08 3.820973e+08 
1.735668e+12 -9.045523e+08 3.786201e+08 
1.741980e+12 -8.998269e+08 3.774251e+08 
1.748291e+12 -8.951638e+08 3.729738e+08 
1.754603e+12 -8.905820e+08 3.690781e+08 
1.760914e+12 -8.860644e+08 3.650463e+08 
1.767226e+12 -8.815393e+08 3.597638e+08 
1.773537e+12 -8.771245e+08 3.564103e+08 
1.779849e+12 -8.726807e+08 3.524749e+08 
1.786160e+12 -8.682685e+08 3.493178e+08 
1.792472e+12 -8.639566e+08 3.466624e+08 
1.798783e+12 -8.596572e+08 3.430858e+08 
1.805095e+12 -8.553770e+08 3.399964e+08 
1.811406e+12 -8.511646e+08 3.365070e+08 
1.817718e+12 -8.469465e+08 3.323864e+08 
1.824029e+12 -8.427978e+08 3.294152e+08 
1.830341e+12 -8.387231e+08 3.257163e+08 
1.836652e+12 -8.346612e+08 3.221742e+08 
1.842964e+12 -8.306230e+08 3.191788e+08 
1.849275e+12 -8.266523e+08 3.156610e+08 
1.855587e+12 -8.227323e+08 3.140008e+08 
1.861898e+12 -8.188040e+08 3.109560e+08 
1.868210e+12 -8.149568e+08 3.080840e+08 
1.874521e+12 -8.110766e+08 3.062532e+08 
1.880833e+12 -8.072845e+08 3.023174e+08 
1.887144e+12 -8.035003e+08 3.005868e+08 
1.893456e+12 -7.998702e+08 2.982178e+08 
