0.000000e+00 -1.890457e-12 6.219736e-12 
6.311520e+09 -1.534690e-12 3.463186e-12 
1.262304e+10 -1.339380e-12 2.397730e-12 
1.893456e+10 -1.141924e-12 2.030005e-12 
2.524608e+10 -9.875697e-13 1.779799e-12 
3.155760e+10 -9.520679e-13 1.588534e-12 
3.786912e+10 -9.142891e-13 1.467167e-12 
4.418064e+10 -8.810347e-13 1.346388e-12 
5.049216e+10 -8.466955e-13 1.242442e-12 
5.680368e+10 -8.151309e-13 1.217632e-12 
6.311520e+10 -7.853218e-13 1.274992e-12 
6.942672e+10 -7.563434e-13 1.326983e-12 
7.573824e+10 -7.299985e-13 1.369797e-12 
8.204976e+10 -7.064105e-13 1.410166e-12 
8.836128e+10 -6.813324e-13 1.443470e-12 
9.467280e+10 -6.609036e-13 1.479421e-12 
1.009843e+11 -6.415475e-13 1.507015e-12 
1.072958e+11 -6.204239e-13 1.531665e-12 
1.136074e+11 -6.035090e-13 1.558044e-12 
1.199189e+11 -5.829414e-13 1.589742e-12 
1.262304e+11 -5.664326e-13 1.610524e-12 
1.325419e+11 -5.486127e-13 1.624799e-12 
1.388534e+11 -5.338530e-13 1.646249e-12 
1.451650e+11 -5.179932e-13 1.662069e-12 
1.514765e+11 -5.040935e-13 1.685702e-12 
1.577880e+11 -4.916094e-13 1.696146e-12 
1.640995e+11 -4.775379e-13 1.705108e-12 
1.704110e+11 -4.813740e-13 1.711307e-12 
1.767226e+11 -4.865340e-13 1.720587e-12 
1.830341e+11 -4.932571e-13 1.735963e-12 
1.893456e+11 -4.984005e-13 1.742716e-12 
1.956571e+11 -4.995393e-13 1.745485e-12 
2.019686e+11 -5.012175e-13 1.745043e-12 
2.082802e+11 -5.066555e-13 1.733028e-12 
2.145917e+11 -5.114164e-13 1.733150e-12 
2.209032e+11 -5.124824e-13 1.742183e-12 
2.272147e+11 -5.115430e-13 1.753273e-12 
2.335262e+11 -5.127694e-13 1.748101e-12 
2.398378e+11 -5.147822e-13 1.741110e-12 
2.461493e+11 -5.165618e-13 1.737679e-12 
2.524608e+11 -5.214088e-13 1.733138e-12 
2.587723e+11 -5.237914e-13 1.729154e-12 
2.650838e+11 -5.239935e-13 1.733938e-12 
2.713954e+11 -5.254086e-13 1.729748e-12 
2.777069e+11 -5.265821e-13 1.733785e-12 
2.840184e+11 -5.239203e-13 1.739710e-12 
2.903299e+11 -5.225547e-13 1.731190e-12 
2.966414e+11 -5.275278e-13 1.739347e-12 
3.029530e+11 -5.294302e-13 1.741690e-12 
3.092645e+11 -5.367596e-13 1.734291e-12 
3.155760e+11 -5.394168e-13 1.733355e-12 
3.218875e+11 -5.498074e-13 1.723503e-12 
3.281990e+11 -5.448674e-13 1.718399e-12 
3.345106e+11 -5.551742e-13 1.718384e-12 
3.408221e+11 -5.637533e-13 1.713247e-12 
3.471336e+11 -5.672440e-13 1.721895e-12 
3.534451e+11 -5.716014e-13 1.717401e-12 
3.597566e+11 -5.779410e-13 1.711129e-12 
3.660682e+11 -5.802841e-13 1.708556e-12 
3.723797e+11 -5.834899e-13 1.685435e-12 
3.786912e+11 -5.954067e-13 1.686383e-12 
3.850027e+11 -5.988937e-13 1.698161e-12 
3.913142e+11 -5.963710e-13 1.688148e-12 
3.976258e+11 -6.007757e-13 1.693992e-12 
4.039373e+11 -6.065235e-13 1.691937e-12 
4.102488e+11 -6.147449e-13 1.684551e-12 
4.165603e+11 -6.178003e-13 1.680314e-12 
4.228718e+11 -6.199151e-13 1.690037e-12 
4.291834e+11 -6.233934e-13 1.677128e-12 
4.354949e+11 -6.259159e-13 1.681325e-12 
4.418064e+11 -6.305812e-13 1.682772e-12 
4.481179e+11 -6.416691e-13 1.698575e-12 
4.544294e+11 -6.512099e-13 1.685623e-12 
4.607410e+11 -6.580020e-13 1.685666e-12 
4.670525e+11 -6.587839e-13 1.674312e-12 
4.733640e+11 -6.664268e-13 1.659094e-12 
4.796755e+11 -6.673777e-13 1.662161e-12 
4.859870e+11 -6.740287e-13 1.650643e-12 
4.922986e+11 -6.782592e-13 1.655556e-12 
4.986101e+11 -6.809725e-13 1.658649e-12 
5.049216e+11 -6.851897e-13 1.651948e-12 
5.112331e+11 -6.933999e-13 1.660197e-12 
5.175446e+11 -6.934745e-13 1.673386e-12 
5.238562e+11 -6.988004e-13 1.667857e-12 
5.301677e+11 -7.112176e-13 1.667586e-12 
5.364792e+11 -7.137734e-13 1.675819e-12 
5.427907e+11 -7.138570e-13 1.673543e-12 
5.491022e+11 -7.169092e-13 1.676150e-12 
5.554138e+11 -7.230247e-13 1.668888e-12 
5.617253e+11 -7.243792e-13 1.663935e-12 
5.680368e+11 -7.260700e-13 1.658651e-12 
5.743483e+11 -7.280861e-13 1.654004e-12 
5.806598e+11 -7.343792e-13 1.663624e-12 
5.869714e+11 -7.352098e-13 1.661809e-12 
5.932829e+11 -7.367591e-13 1.683772e-12 
5.995944e+11 -7.382631e-13 1.664534e-12 
6.059059e+11 -7.406432e-13 1.668374e-12 
6.122174e+11 -7.356884e-13 1.666258e-12 
6.185290e+11 -7.447439e-13 1.669519e-12 
6.248405e+11 -7.498683e-13 1.669583e-12 
6.311520e+11 -3.324802e-12 3.118734e-12 
6.374635e+11 -2.144232e-12 2.020706e-12 
6.437750e+11 -1.943033e-12 1.410708e-12 
6.500866e+11 -1.818778e-12 1.307351e-12 
6.563981e+11 -1.564788e-12 1.178856e-12 
6.627096e+11 -1.479482e-12 1.117197e-12 
6.690211e+11 -1.357780e-12 1.078889e-12 
6.753326e+11 -1.267665e-12 1.029915e-12 
6.816442e+11 -1.164811e-12 9.640187e-13 
6.879557e+11 -1.106418e-12 9.194253e-13 
6.942672e+11 -1.035461e-12 9.216075e-13 
7.005787e+11 -9.656182e-13 8.805555e-13 
7.068902e+11 -9.402761e-13 8.637130e-13 
7.132018e+11 -9.216666e-13 8.200787e-13 
7.195133e+11 -8.831671e-13 7.671233e-13 
7.258248e+11 -8.466115e-13 8.168537e-13 
7.321363e+11 -7.996148e-13 7.801860e-13 
7.384478e+11 -8.402131e-13 8.116538e-13 
7.447594e+11 -7.896116e-13 7.220376e-13 
7.510709e+11 -7.156360e-13 6.749418e-13 
7.573824e+11 -7.205985e-13 7.046158e-13 
7.636939e+11 -7.219921e-13 7.310679e-13 
7.700054e+11 -6.501195e-13 6.923144e-13 
7.763170e+11 -7.046182e-13 6.703912e-13 
7.826285e+11 -6.204055e-13 6.186487e-13 
7.889400e+11 -5.919873e-13 5.797230e-13 
7.952515e+11 -5.740210e-13 6.315711e-13 
8.015630e+11 -6.610891e-13 6.144898e-13 
8.078746e+11 -6.782540e-13 6.599367e-13 
8.141861e+11 -6.860033e-13 5.823504e-13 
8.204976e+11 -5.904593e-13 5.621634e-13 
8.268091e+11 -5.343017e-13 5.377723e-13 
8.331206e+11 -5.038397e-13 5.163316e-13 
8.394322e+11 -5.194426e-13 5.046909e-13 
8.457437e+11 -6.085101e-13 5.110888e-13 
8.520552e+11 -4.849395e-13 5.227223e-13 
8.583667e+11 -5.580695e-13 4.944171e-13 
8.646782e+11 -5.018088e-13 4.942696e-13 
8.709898e+11 -4.793969e-13 4.794971e-13 
8.773013e+11 -4.703003e-13 4.813619e-13 
8.836128e+11 -4.997171e-13 4.754588e-13 
8.899243e+11 -4.721494e-13 4.517186e-13 
8.962358e+11 -4.758523e-13 4.441986e-13 
9.025474e+11 -4.708944e-13 4.350559e-13 
9.088589e+11 -5.143800e-13 4.219758e-13 
9.151704e+11 -4.457800e-13 4.331433e-13 
9.214819e+11 -3.959864e-13 4.323352e-13 
9.277934e+11 -4.233232e-13 4.325447e-13 
9.341050e+11 -4.166679e-13 4.179345e-13 
9.404165e+11 -4.042901e-13 4.089140e-13 
9.467280e+11 -4.387143e-13 3.901933e-13 
9.530395e+11 -3.970458e-13 3.692393e-13 
9.593510e+11 -3.932366e-13 3.724902e-13 
9.656626e+11 -3.939294e-13 3.571950e-13 
9.719741e+11 -3.894749e-13 3.593078e-13 
9.782856e+11 -3.719917e-13 3.722933e-13 
9.845971e+11 -3.640637e-13 3.660270e-13 
9.909086e+11 -3.625975e-13 3.532859e-13 
9.972202e+11 -4.033229e-13 3.461747e-13 
1.003532e+12 -3.449842e-13 3.331179e-13 
1.009843e+12 -3.432515e-13 3.147355e-13 
1.016155e+12 -3.253982e-13 3.144875e-13 
1.022466e+12 -3.218462e-13 2.998760e-13 
1.028778e+12 -3.730090e-13 3.069711e-13 
1.035089e+12 -3.753998e-13 2.925267e-13 
1.041401e+12 -3.292246e-13 3.112710e-13 
1.047712e+12 -3.163825e-13 3.025793e-13 
1.054024e+12 -3.209348e-13 3.034166e-13 
1.060335e+12 -3.192475e-13 2.833507e-13 
1.066647e+12 -3.137893e-13 2.921119e-13 
1.072958e+12 -3.096381e-13 2.783478e-13 
1.079270e+12 -3.153794e-13 2.767679e-13 
1.085581e+12 -3.043036e-13 2.645854e-13 
1.091893e+12 -2.948553e-13 2.587507e-13 
1.098204e+12 -2.783823e-13 2.579061e-13 
1.104516e+12 -2.854993e-13 2.500897e-13 
1.110828e+12 -2.790504e-13 2.572696e-13 
1.117139e+12 -2.776902e-13 2.667413e-13 
1.123451e+12 -2.714778e-13 2.739777e-13 
1.129762e+12 -2.677416e-13 2.817025e-13 
1.136074e+12 -2.617905e-13 2.513820e-13 
1.142385e+12 -2.522299e-13 2.509442e-13 
1.148697e+12 -2.526652e-13 2.619450e-13 
1.155008e+12 -2.456706e-13 2.559876e-13 
1.161320e+12 -2.459309e-13 2.571698e-13 
1.167631e+12 -2.429083e-13 2.407477e-13 
1.173943e+12 -2.395337e-13 2.473974e-13 
1.180254e+12 -2.348305e-13 2.241681e-13 
1.186566e+12 -2.359756e-13 2.230990e-13 
1.192877e+12 -2.467242e-13 2.217333e-13 
1.199189e+12 -2.437864e-13 2.137885e-13 
1.205500e+12 -2.479831e-13 2.178562e-13 
1.211812e+12 -2.586743e-13 2.229789e-13 
1.218123e+12 -2.560781e-13 2.189734e-13 
1.224435e+12 -2.499612e-13 2.228901e-13 
1.230746e+12 -2.588535e-13 2.150543e-13 
1.237058e+12 -2.593110e-13 2.200588e-13 
1.243369e+12 -2.609794e-13 2.091273e-13 
1.249681e+12 -2.591393e-13 1.967611e-13 
1.255992e+12 -2.605388e-13 2.104682e-13 
1.262304e+12 -2.610587e-13 1.977312e-13 
1.268616e+12 -2.570238e-13 1.921943e-13 
1.274927e+12 -2.531256e-13 2.009545e-13 
1.281239e+12 -2.498640e-13 2.001095e-13 
1.287550e+12 -2.421800e-13 1.815690e-13 
1.293862e+12 -2.408427e-13 1.767421e-13 
1.300173e+12 -2.330446e-13 1.916953e-13 
1.306485e+12 -2.309409e-13 1.738010e-13 
1.312796e+12 -2.286588e-13 1.693748e-13 
1.319108e+12 -2.212837e-13 1.757665e-13 
1.325419e+12 -2.165362e-13 1.736723e-13 
1.331731e+12 -2.116532e-13 1.769337e-13 
1.338042e+12 -2.077411e-13 1.750996e-13 
1.344354e+12 -2.077903e-13 1.840604e-13 
1.350665e+12 -2.088323e-13 1.663604e-13 
1.356977e+12 -2.034905e-13 1.690543e-13 
1.363288e+12 -2.021092e-13 1.666189e-13 
1.369600e+12 -1.992395e-13 1.854359e-13 
1.375911e+12 -2.015912e-13 1.621132e-13 
1.382223e+12 -1.997951e-13 1.727035e-13 
1.388534e+12 -1.959990e-13 1.665243e-13 
1.394846e+12 -1.909285e-13 1.684894e-13 
1.401157e+12 -1.927476e-13 1.588611e-13 
1.407469e+12 -1.971525e-13 1.684393e-13 
1.413780e+12 -1.907962e-13 1.573280e-13 
1.420092e+12 -1.921909e-13 1.544883e-13 
1.426404e+12 -1.861365e-13 1.522366e-13 
1.432715e+12 -1.833740e-13 1.475365e-13 
1.439027e+12 -1.879430e-13 1.494953e-13 
1.445338e+12 -1.806078e-13 1.514156e-13 
1.451650e+12 -1.810738e-13 1.421930e-13 
1.457961e+12 -1.813141e-13 1.388462e-13 
1.464273e+12 -1.836663e-13 1.393523e-13 
1.470584e+12 -1.798668e-13 1.394321e-13 
1.476896e+12 -1.790673e-13 1.369544e-13 
1.483207e+12 -1.754122e-13 1.360375e-13 
1.489519e+12 -1.666102e-13 1.456351e-13 
1.495830e+12 -1.676603e-13 1.470649e-13 
1.502142e+12 -1.648396e-13 1.441001e-13 
1.508453e+12 -1.636495e-13 1.325876e-13 
1.514765e+12 -1.636219e-13 1.318895e-13 
1.521076e+12 -1.669269e-13 1.454574e-13 
1.527388e+12 -1.628484e-13 1.288755e-13 
1.533699e+12 -1.608815e-13 1.375810e-13 
1.540011e+12 -1.512946e-13 1.421117e-13 
1.546322e+12 -1.513514e-13 1.237025e-13 
1.552634e+12 -1.468285e-13 1.311744e-13 
1.558945e+12 -1.467000e-13 1.227249e-13 
1.565257e+12 -1.515173e-13 1.335193e-13 
1.571568e+12 -1.518151e-13 1.317886e-13 
1.577880e+12 -1.457591e-13 1.307277e-13 
1.584192e+12 -1.492812e-13 1.268491e-13 
1.590503e+12 -1.400731e-13 1.168384e-13 
1.596815e+12 -1.435230e-13 1.243454e-13 
1.603126e+12 -1.396532e-13 1.197003e-13 
1.609438e+12 -1.422317e-13 1.138454e-13 
1.615749e+12 -1.375444e-13 1.091464e-13 
1.622061e+12 -1.351363e-13 1.109719e-13 
1.628372e+12 -1.328420e-13 1.132861e-13 
1.634684e+12 -1.309456e-13 1.126644e-13 
1.640995e+12 -1.305787e-13 1.057973e-13 
1.647307e+12 -1.342550e-13 1.225307e-13 
1.653618e+12 -1.304621e-13 1.085494e-13 
1.659930e+12 -1.258230e-13 1.137321e-13 
1.666241e+12 -1.266439e-13 1.037227e-13 
1.672553e+12 -1.264024e-13 1.092531e-13 
1.678864e+12 -1.284410e-13 1.018602e-13 
1.685176e+12 -1.277435e-13 1.073853e-13 
1.691487e+12 -1.289315e-13 1.084275e-13 
1.697799e+12 -1.254418e-13 9.737870e-14 
1.704110e+12 -1.255162e-13 1.008865e-13 
1.710422e+12 -1.239477e-13 1.006831e-13 
1.716733e+12 -1.220071e-13 9.888868e-14 
1.723045e+12 -1.208305e-13 9.703577e-14 
1.729356e+12 -1.222457e-13 9.821283e-14 
1.735668e+12 -1.225703e-13 9.721791e-14 
1.741980e+12 -1.237161e-13 9.625295e-14 
1.748291e+12 -1.230959e-13 8.939577e-14 
1.754603e+12 -1.215932e-13 9.309856e-14 
1.760914e+12 -1.205336e-13 9.550407e-14 
1.767226e+12 -1.230151e-13 9.085026e-14 
1.773537e+12 -1.382424e-13 1.014606e-13 
1.779849e+12 -1.233257e-13 8.993381e-14 
1.786160e+12 -1.236303e-13 8.550242e-14 
1.792472e+12 -1.201774e-13 7.788103e-14 
1.798783e+12 -1.211300e-13 8.009302e-14 
1.805095e+12 -1.208635e-13 8.206686e-14 
1.811406e+12 -1.213726e-13 8.345059e-14 
1.817718e+12 -1.260333e-13 7.954352e-14 
1.824029e+12 -1.257936e-13 8.099167e-14 
1.830341e+12 -1.266389e-13 7.653922e-14 
1.836652e+12 -1.259993e-13 7.937936e-14 
1.842964e+12 -1.255061e-13 7.630285e-14 
1.849275e+12 -1.263004e-13 7.352119e-14 
1.855587e+12 -1.258459e-13 7.514568e-14 
1.861898e+12 -1.262429e-13 7.204789e-14 
1.868210e+12 -1.265923e-13 7.283766e-14 
1.874521e+12 -1.261469e-13 7.052663e-14 
1.880833e+12 -1.275572e-13 6.865103e-14 
1.887144e+12 -1.253639e-13 6.924551e-14 
1.893456e+12 -1.252636e-13 6.888260e-14 
