0.000000e+00 -3.878765e-12 3.878765e-12 
6.311520e+09 -2.537058e-12 2.406817e-12 
1.262304e+10 -2.316782e-12 2.292104e-12 
1.893456e+10 -2.228702e-12 2.201022e-12 
2.524608e+10 -2.154266e-12 2.126059e-12 
3.155760e+10 -2.088366e-12 2.060213e-12 
3.786912e+10 -2.028953e-12 2.004010e-12 
4.418064e+10 -1.976885e-12 1.951338e-12 
5.049216e+10 -1.924411e-12 1.900607e-12 
5.680368e+10 -1.876825e-12 1.854444e-12 
6.311520e+10 -1.832318e-12 1.813317e-12 
6.942672e+10 -1.794056e-12 1.776803e-12 
7.573824e+10 -1.758018e-12 1.742366e-12 
8.204976e+10 -1.726805e-12 1.712227e-12 
8.836128e+10 -1.697195e-12 1.683353e-12 
9.467280e+10 -1.671212e-12 1.656764e-12 
1.009843e+11 -1.646198e-12 1.630393e-12 
1.072958e+11 -1.623642e-12 1.606447e-12 
1.136074e+11 -1.601005e-12 1.582995e-12 
1.199189e+11 -1.582081e-12 1.561816e-12 
1.262304e+11 -1.562860e-12 1.540869e-12 
1.325419e+11 -1.546027e-12 1.521858e-12 
1.388534e+11 -1.529705e-12 1.503329e-12 
1.451650e+11 -1.514305e-12 1.485638e-12 
1.514765e+11 -1.499796e-12 1.468424e-12 
1.577880e+11 -1.486059e-12 1.451845e-12 
1.640995e+11 -1.472718e-12 1.436227e-12 
1.704110e+11 -1.460166e-12 1.420428e-12 
1.767226e+11 -1.447963e-12 1.406000e-12 
1.830341e+11 -1.437147e-12 1.391278e-12 
1.893456e+11 -1.426905e-12 1.377817e-12 
1.956571e+11 -1.416868e-12 1.364028e-12 
2.019686e+11 -1.406972e-12 1.351526e-12 
2.082802e+11 -1.397964e-12 1.340137e-12 
2.145917e+11 -1.388425e-12 1.327586e-12 
2.209032e+11 -1.378992e-12 1.316636e-12 
2.272147e+11 -1.369171e-12 1.306013e-12 
2.335262e+11 -1.359750e-12 1.294899e-12 
2.398378e+11 -1.351218e-12 1.284695e-12 
2.461493e+11 -1.342277e-12 1.273626e-12 
2.524608e+11 -1.333835e-12 1.263734e-12 
2.587723e+11 -1.326066e-12 1.254178e-12 
2.650838e+11 -1.318006e-12 1.244118e-12 
2.713954e+11 -1.311002e-12 1.234420e-12 
2.777069e+11 -1.303622e-12 1.224130e-12 
2.840184e+11 -1.296127e-12 1.214754e-12 
2.903299e+11 -1.289576e-12 1.205579e-12 
2.966414e+11 -1.282206e-12 1.196227e-12 
3.029530e+11 -1.275584e-12 1.187767e-12 
3.092645e+11 -1.269052e-12 1.178764e-12 
3.155760e+11 -1.262319e-12 1.170539e-12 
3.218875e+11 -1.255788e-12 1.162451e-12 
3.281990e+11 -1.248897e-12 1.154197e-12 
3.345106e+11 -1.242851e-12 1.146834e-12 
3.408221e+11 -1.236601e-12 1.138847e-12 
3.471336e+11 -1.230421e-12 1.131183e-12 
3.534451e+11 -1.224642e-12 1.124173e-12 
3.597566e+11 -1.218330e-12 1.115706e-12 
3.660682e+11 -1.212524e-12 1.108472e-12 
3.723797e+11 -1.206630e-12 1.100791e-12 
3.786912e+11 -1.201434e-12 1.093401e-12 
3.850027e+11 -1.196508e-12 1.086045e-12 
3.913142e+11 -1.190734e-12 1.078664e-12 
3.976258e+11 -1.185561e-12 1.071483e-12 
4.039373e+11 -1.179733e-12 1.063791e-12 
4.102488e+11 -1.174976e-12 1.056744e-12 
4.165603e+11 -1.169219e-12 1.049480e-12 
4.228718e+11 -1.164644e-12 1.042678e-12 
4.291834e+11 -1.158936e-12 1.034945e-12 
4.354949e+11 -1.154305e-12 1.028111e-12 
4.418064e+11 -1.535900e-12 1.020883e-12 
4.481179e+11 -1.300360e-12 1.014028e-12 
4.544294e+11 -1.138826e-12 1.007503e-12 
4.607410e+11 -1.134408e-12 1.001086e-12 
4.670525e+11 -1.129276e-12 9.947623e-13 
4.733640e+11 -1.154790e-12 9.883471e-13 
4.796755e+11 -1.120506e-12 9.819882e-13 
4.859870e+11 -1.115485e-12 9.762433e-13 
4.922986e+11 -1.111423e-12 9.701977e-13 
4.986101e+11 -1.107227e-12 9.642510e-13 
5.049216e+11 -1.102101e-12 9.574355e-13 
5.112331e+11 -1.098204e-12 9.517622e-13 
5.175446e+11 -1.094694e-12 9.458952e-13 
5.238562e+11 -1.090665e-12 9.402491e-13 
5.301677e+11 -1.086513e-12 9.337546e-13 
5.364792e+11 -1.082798e-12 9.280084e-13 
5.427907e+11 -1.078472e-12 9.217701e-13 
5.491022e+11 -1.074622e-12 9.164578e-13 
5.554138e+11 -1.070296e-12 9.106687e-13 
5.617253e+11 -1.067955e-12 9.048802e-13 
5.680368e+11 -1.063154e-12 8.985702e-13 
5.743483e+11 -1.543305e-12 8.929377e-13 
5.806598e+11 -1.055297e-12 8.880031e-13 
5.869714e+11 -1.396608e-12 8.823616e-13 
5.932829e+11 -1.420364e-12 8.767173e-13 
5.995944e+11 -1.581938e-12 8.711747e-13 
6.059059e+11 -2.064618e-12 8.654967e-13 
6.122174e+11 -1.036344e-12 8.605378e-13 
6.185290e+11 -1.316734e-12 8.551486e-13 
6.248405e+11 -1.179742e-12 8.497447e-13 
6.311520e+11 -1.471955e-12 4.945083e-12 
6.374635e+11 -1.377293e-12 3.612135e-12 
6.437750e+11 -1.265732e-12 2.753390e-12 
6.500866e+11 -1.175776e-12 2.166777e-12 
6.563981e+11 -1.081153e-12 1.835657e-12 
6.627096e+11 -1.134536e-12 1.487870e-12 
6.690211e+11 -9.646507e-13 1.460897e-12 
6.753326e+11 -1.113052e-12 1.336310e-12 
6.816442e+11 -9.738243e-13 1.347963e-12 
6.879557e+11 -9.385291e-13 1.326355e-12 
6.942672e+11 -9.350704e-13 1.304852e-12 
7.005787e+11 -8.952599e-13 1.278611e-12 
7.068902e+11 -8.048851e-13 1.282843e-12 
7.132018e+11 -1.130691e-12 1.235602e-12 
7.195133e+11 -8.775429e-13 1.306153e-12 
7.258248e+11 -7.426772e-13 1.305958e-12 
7.321363e+11 -7.700250e-13 1.311682e-12 
7.384478e+11 -1.046673e-12 1.312187e-12 
7.447594e+11 -8.937836e-13 1.305735e-12 
7.510709e+11 -8.003477e-13 1.205579e-12 
7.573824e+11 -1.020462e-12 1.185683e-12 
7.636939e+11 -7.399677e-13 1.129545e-12 
7.700054e+11 -7.209323e-13 1.672773e-12 
7.763170e+11 -8.739072e-13 1.272703e-12 
7.826285e+11 -8.082526e-13 1.319821e-12 
7.889400e+11 -6.548288e-13 1.350886e-12 
7.952515e+11 -7.781278e-13 1.123145e-12 
8.015630e+11 -7.384235e-13 1.283208e-12 
8.078746e+11 -6.148841e-13 1.163711e-12 
8.141861e+11 -7.841778e-13 1.581300e-12 
8.204976e+11 -7.408059e-13 1.296304e-12 
8.268091e+11 -5.647869e-13 1.008045e-12 
8.331206e+11 -5.887923e-13 1.029358e-12 
8.394322e+11 -5.982531e-13 1.291871e-12 
8.457437e+11 -5.255686e-13 1.081745e-12 
8.520552e+11 -5.415260e-13 1.077539e-12 
8.583667e+11 -5.212969e-13 1.028242e-12 
8.646782e+11 -5.249101e-13 1.025181e-12 
8.709898e+11 -4.859951e-13 1.040112e-12 
8.773013e+11 -4.708758e-13 1.004181e-12 
8.836128e+11 -4.737472e-13 1.009119e-12 
8.899243e+11 -4.765673e-13 9.776896e-13 
8.962358e+11 -4.634785e-13 9.894508e-13 
9.025474e+11 -4.789652e-13 9.676248e-13 
9.088589e+11 -4.536925e-13 9.305798e-13 
9.151704e+11 -4.687160e-13 9.505882e-13 
9.214819e+11 -4.776769e-13 8.936165e-13 
9.277934e+11 -4.270633e-13 8.889386e-13 
9.341050e+11 -4.379276e-13 9.114562e-13 
9.404165e+11 -4.873513e-13 8.992654e-13 
9.467280e+11 -4.287229e-13 8.808652e-13 
9.530395e+11 -4.469051e-13 9.387816e-13 
9.593510e+11 -4.024324e-13 9.028135e-13 
9.656626e+11 -4.580113e-13 9.276420e-13 
9.719741e+11 -4.454036e-13 8.798507e-13 
9.782856e+11 -4.315163e-13 8.857996e-13 
9.845971e+11 -4.513849e-13 9.053552e-13 
9.909086e+11 -3.906713e-13 8.704737e-13 
9.972202e+11 -4.026555e-13 8.502089e-13 
1.003532e+12 -3.635450e-13 9.484289e-13 
1.009843e+12 -5.269898e-13 1.097830e-12 
1.016155e+12 -3.881008e-13 8.264511e-13 
1.022466e+12 -3.527854e-13 8.987752e-13 
1.028778e+12 -3.496437e-13 8.210457e-13 
1.035089e+12 -3.871579e-13 8.499392e-13 
1.041401e+12 -3.971786e-13 8.568282e-13 
1.047712e+12 -3.597485e-13 8.117051e-13 
1.054024e+12 -3.538726e-13 7.715781e-13 
1.060335e+12 -3.582087e-13 7.892051e-13 
1.066647e+12 -3.352556e-13 6.785319e-13 
1.072958e+12 -3.252680e-13 7.324614e-13 
1.079270e+12 -3.335773e-13 7.565488e-13 
1.085581e+12 -3.307360e-13 6.464362e-13 
1.091893e+12 -3.311211e-13 6.445105e-13 
1.098204e+12 -3.342215e-13 7.150457e-13 
1.104516e+12 -3.409436e-13 6.504746e-13 
1.110828e+12 -5.988736e-13 6.605342e-13 
1.117139e+12 -3.588159e-13 6.318122e-13 
1.123451e+12 -3.746683e-13 6.570950e-13 
1.129762e+12 -3.173368e-13 6.202344e-13 
1.136074e+12 -3.266096e-13 6.552020e-13 
1.142385e+12 -3.807888e-13 6.652152e-13 
1.148697e+12 -3.763685e-13 6.379547e-13 
1.155008e+12 -4.016903e-13 7.528731e-13 
1.161320e+12 -3.257315e-13 6.273936e-13 
1.167631e+12 -3.566905e-13 6.578277e-13 
1.173943e+12 -2.929702e-13 6.348404e-13 
1.180254e+12 -3.658242e-13 6.404474e-13 
1.186566e+12 -3.503015e-13 6.167878e-13 
1.192877e+12 -4.050665e-13 6.134098e-13 
1.199189e+12 -3.265170e-13 6.068596e-13 
1.205500e+12 -3.125102e-13 6.312835e-13 
1.211812e+12 -3.037739e-13 5.944030e-13 
1.218123e+12 -3.648892e-13 6.081306e-13 
1.224435e+12 -3.029006e-13 5.764644e-13 
1.230746e+12 -3.358442e-13 5.932603e-13 
1.237058e+12 -2.500419e-13 5.941516e-13 
1.243369e+12 -3.177502e-13 5.824562e-13 
1.249681e+12 -2.546713e-13 5.764417e-13 
1.255992e+12 -3.367933e-13 5.471160e-13 
1.262304e+12 -2.628506e-13 5.546416e-13 
1.268616e+12 -2.571847e-13 5.845620e-13 
1.274927e+12 -2.909429e-13 5.424683e-13 
1.281239e+12 -2.588303e-13 5.435753e-13 
1.287550e+12 -3.036268e-13 5.364706e-13 
1.293862e+12 -4.047480e-13 5.712713e-13 
1.300173e+12 -3.731670e-13 5.162490e-13 
1.306485e+12 -3.059367e-13 5.369315e-13 
1.312796e+12 -2.196231e-13 5.499141e-13 
1.319108e+12 -2.889736e-13 5.378855e-13 
1.325419e+12 -2.238497e-13 5.481460e-13 
1.331731e+12 -2.582045e-13 5.400680e-13 
1.338042e+12 -2.506323e-13 5.270216e-13 
1.344354e+12 -2.961285e-13 5.385105e-13 
1.350665e+12 -2.028208e-13 5.113979e-13 
1.356977e+12 -3.190221e-13 5.315427e-13 
1.363288e+12 -2.526056e-13 5.234559e-13 
1.369600e+12 -2.258092e-13 5.178364e-13 
1.375911e+12 -2.042256e-13 4.959644e-13 
1.382223e+12 -2.746382e-13 5.101417e-13 
1.388534e+12 -2.990210e-13 4.991909e-13 
1.394846e+12 -2.509306e-13 4.912899e-13 
1.401157e+12 -2.529577e-13 4.974762e-13 
1.407469e+12 -2.040019e-13 4.982754e-13 
1.413780e+12 -2.953724e-13 4.821049e-13 
1.420092e+12 -2.412241e-13 4.947555e-13 
1.426404e+12 -2.186935e-13 4.653918e-13 
1.432715e+12 -3.816586e-13 4.573424e-13 
1.439027e+12 -2.028492e-13 4.638791e-13 
1.445338e+12 -3.009243e-13 4.643211e-13 
1.451650e+12 -1.702066e-13 4.496420e-13 
1.457961e+12 -1.647969e-13 4.388709e-13 
1.464273e+12 -2.953071e-13 4.416585e-13 
1.470584e+12 -2.502712e-13 4.453886e-13 
1.476896e+12 -2.000567e-13 4.380891e-13 
1.483207e+12 -2.351819e-13 4.404867e-13 
1.489519e+12 -1.517716e-13 4.315290e-13 
1.495830e+12 -2.449291e-13 4.311497e-13 
1.502142e+12 -1.800448e-13 4.181309e-13 
1.508453e+12 -2.058223e-13 4.236176e-13 
1.514765e+12 -1.629709e-13 4.110265e-13 
1.521076e+12 -2.039799e-13 3.925839e-13 
1.527388e+12 -2.170246e-13 4.140781e-13 
1.533699e+12 -2.212569e-13 4.159565e-13 
1.540011e+12 -1.831746e-13 3.968197e-13 
1.546322e+12 -1.740448e-13 3.888812e-13 
1.552634e+12 -1.914877e-13 3.956725e-13 
1.558945e+12 -1.992253e-13 3.737593e-13 
1.565257e+12 -2.008286e-13 3.878693e-13 
1.571568e+12 -1.678044e-13 3.810809e-13 
1.577880e+12 -1.722699e-13 3.826836e-13 
1.584192e+12 -1.731659e-13 3.672715e-13 
1.590503e+12 -2.567202e-13 3.477542e-13 
1.596815e+12 -1.847363e-13 3.582090e-13 
1.603126e+12 -1.925715e-13 3.653033e-13 
1.609438e+12 -3.149879e-13 3.552705e-13 
1.615749e+12 -2.078344e-13 3.509751e-13 
1.622061e+12 -1.608364e-13 3.463044e-13 
1.628372e+12 -1.710318e-13 3.444733e-13 
1.634684e+12 -1.482467e-13 3.449450e-13 
1.640995e+12 -1.600326e-13 3.444768e-13 
1.647307e+12 -1.640863e-13 3.320076e-13 
1.653618e+12 -2.096057e-13 3.353824e-13 
1.659930e+12 -1.632494e-13 3.278129e-13 
1.666241e+12 -1.362337e-13 3.264577e-13 
1.672553e+12 -1.658745e-13 3.131745e-13 
1.678864e+12 -1.966317e-13 3.270448e-13 
1.685176e+12 -1.341813e-13 3.147953e-13 
1.691487e+12 -1.971737e-13 3.182762e-13 
1.697799e+12 -1.333592e-13 3.108416e-13 
1.704110e+12 -2.029572e-13 3.106835e-13 
1.710422e+12 -1.476092e-13 3.104213e-13 
1.716733e+12 -1.570237e-13 2.995202e-13 
1.723045e+12 -1.369346e-13 2.918434e-13 
1.729356e+12 -2.055049e-13 2.995531e-13 
1.735668e+12 -1.660730e-13 2.935445e-13 
1.741980e+12 -1.400930e-13 2.968579e-13 
1.748291e+12 -1.813977e-13 2.889821e-13 
1.754603e+12 -1.061528e-13 2.825005e-13 
1.760914e+12 -1.516562e-13 2.850896e-13 
1.767226e+12 -1.546331e-13 2.763997e-13 
1.773537e+12 -1.643664e-13 2.831643e-13 
1.779849e+12 -1.666890e-13 2.759611e-13 
1.786160e+12 -2.374810e-13 2.697926e-13 
1.792472e+12 -1.153685e-13 2.675059e-13 
1.798783e+12 -1.446564e-13 2.595928e-13 
1.805095e+12 -1.611039e-13 2.617292e-13 
1.811406e+12 -1.485087e-13 2.545757e-13 
1.817718e+12 -2.114806e-13 2.526113e-13 
1.824029e+12 -2.136981e-13 2.467870e-13 
1.830341e+12 -1.704320e-13 2.392720e-13 
1.836652e+12 -1.191869e-13 2.452376e-13 
1.842964e+12 -3.004166e-13 2.315520e-13 
1.849275e+12 -1.388207e-13 2.292232e-13 
1.855587e+12 -1.096081e-13 2.400008e-13 
1.861898e+12 -1.984449e-13 2.425100e-13 
1.868210e+12 -1.071997e-13 2.361157e-13 
1.874521e+12 -1.323481e-13 2.342879e-13 
1.880833e+12 -1.148661e-13 2.264061e-13 
1.887144e+12 -1.138972e-13 2.359026e-13 
1.893456e+12 -1.769385e-13 2.274182e-13 
