0.000000000000000000e+00 -5.613565168260947758e-15 1.881828026739640336e-14 -2.362753345590773435e-03 -4.925922848362991081e-04
1.041666666666651864e-02 -4.452113590985851133e-15 3.511145312522397088e-05 1.171445092630185592e-02 8.783458670034015314e-03
2.083333333333325932e-02 -3.188110040720781857e-15 1.455769820857266694e-04 2.579165519819448527e-02 1.962944959602906658e-02
3.125000000000000000e-02 -1.942890293094023946e-15 3.246354230386216955e-04 4.021316357455750889e-02 3.012519276271590982e-02
4.166666666666651864e-02 -3.927251319285618436e-16 5.766772757456184451e-04 5.463467195092053252e-02 4.087675704931031245e-02
5.208333333333325932e-02 1.471045507628332416e-15 9.014583391502017928e-04 6.878870833798378381e-02 5.148618953177278024e-02
6.250000000000000000e-02 2.622522424916562400e-15 1.298531258474844297e-03 8.294274472504703510e-02 6.208771365662862918e-02
7.291666666666651864e-02 4.357625371653739421e-15 1.765401536057753518e-03 9.649031661737572652e-02 7.226153489461990820e-02
8.333333333333325932e-02 3.418679185226980444e-15 2.299712315762865705e-03 1.100378885097044179e-01 8.243855278184747393e-02
9.375000000000000000e-02 4.698227484140060639e-15 2.910719817798251407e-03 1.256286768220261640e-01 9.406187424125191099e-02
1.041666666666665186e-01 6.147859998861804343e-15 3.606398138072411386e-03 1.412194651343479102e-01 1.057775811586988135e-01
1.145833333333332593e-01 6.534486493570135224e-15 4.350001392577476644e-03 1.488194600789726207e-01 1.116596966989966966e-01
1.250000000000000000e-01 6.480926906249351305e-15 5.108273860125051892e-03 1.564194550235973313e-01 1.170139105828257725e-01
1.354166666666665186e-01 6.496973098402136770e-15 6.014608670340763213e-03 1.943897130146288177e-01 1.455357140631609036e-01
1.458333333333332593e-01 7.398139349118193203e-15 7.208145699793824454e-03 2.323599710056603040e-01 1.728794873421950207e-01
1.562500000000000000e-01 7.192434581942963590e-15 8.125136198145451252e-03 1.232388529807861843e-01 9.151116720554683392e-02
1.666666666666665186e-01 7.747491884146917585e-15 8.199851890051887415e-03 1.411773495591206462e-02 9.224831720821710657e-03
1.770833333333332593e-01 8.229717905414157819e-15 7.825816845843490063e-03 5.400295003706867547e-03 3.822699438949625494e-03
1.875000000000000000e-01 8.733682180239732418e-15 7.395731509797275581e-03 -3.317144948498329526e-03 -2.443638244292098416e-03
1.979166666666665186e-01 9.223524721768683321e-15 6.972220058981515312e-03 -1.110588661369815711e-03 -6.538004972074587529e-04
2.083333333333332593e-01 9.762481621711227575e-15 6.613107159257815282e-03 1.095967625758698105e-03 9.564154414981665409e-04
2.187500000000000000e-01 1.024484316825002850e-14 6.300280468335750506e-03 5.196730056826748267e-04 2.748291753079702693e-04
2.291666666666665186e-01 1.078033062124061914e-14 6.011439038783065666e-03 -5.662161439334845170e-05 8.479070437708569052e-05
2.395833333333332593e-01 1.115774139748282323e-14 5.745587788134609575e-03 9.264222003713129538e-05 -4.253520377424380161e-06
2.500000000000000000e-01 1.185163078787354607e-14 5.503939159737458731e-03 2.419060544676110425e-04 2.052025924983089111e-04
2.604166666666665186e-01 1.199040866595169064e-14 5.282759174407125613e-03 2.035461411461492176e-04 4.639871695569230958e-05
2.708333333333332593e-01 1.268776750329436709e-14 5.078473049525839174e-03 1.651862278246873927e-04 1.064413596378842308e-04
2.812500000000000000e-01 1.304468685847659515e-14 4.889289926066740441e-03 1.751819460523718064e-04 2.082497140728362117e-05
2.916666666666665186e-01 1.387778780781445676e-14 4.713872211468880628e-03 1.851776642800562200e-04 8.801621604342946270e-05
3.020833333333332593e-01 1.429412144204889046e-14 4.550702811722895716e-03 1.827684754025504787e-04 1.883283996286649886e-05
3.125000000000000000e-01 1.437738816889577720e-14 4.398461660325925227e-03 1.803592865250447375e-04 6.350320360100879247e-05
3.229166666666665186e-01 1.591782261556318190e-14 4.256075679561595153e-03 1.811458984269931349e-04 1.352292341949903887e-05
3.333333333333332593e-01 1.654232306691483245e-14 4.122638353571739245e-03 1.819325103289415324e-04 4.939593279964030192e-05
3.437500000000000000e-01 1.752764600126965888e-14 3.997316016405076840e-03 1.819382426361260130e-04 1.071348758260176615e-05
3.541666666666665186e-01 1.795785742331190704e-14 3.879384798429721688e-03 1.819439749433104936e-04 3.840940547697110907e-05
3.645833333333332593e-01 1.881828026739640336e-14 3.768200921564657246e-03 1.821880858314806062e-04 8.402710500021032258e-06
3.750000000000000000e-01 1.945595475491923018e-14 3.663203374667495672e-03 1.824321967196507188e-04 3.049970356826942064e-05
3.854166666666665186e-01 2.072994553792284478e-14 3.563882859812635140e-03 1.826492033270010751e-04 6.728898446176079240e-06
3.958333333333332593e-01 2.086167610187983357e-14 3.469791078575550428e-03 1.828662099343514313e-04 2.447520251865759056e-05
4.062500000000000000e-01 2.197320016911197271e-14 3.380520962068750759e-03 1.831776063428991463e-04 5.460655445189976920e-06
4.166666666666665186e-01 2.239332851095010568e-14 3.295711999990624808e-03 1.834890027514468613e-04 1.992987500136489398e-05
4.270833333333332593e-01 1.367048496430343929e-14 3.215033815930459001e-03 1.836826180304784728e-04 4.399483401805112659e-06
4.375000000000000000e-01 1.616876120838495190e-14 3.138191962403850434e-03 1.838762333095100843e-04 1.615572034724312850e-05
4.479166666666665186e-01 1.635872698153156835e-14 3.064919185247495445e-03 1.847073529184228846e-04 3.871468284051202136e-06
4.583333333333332593e-01 1.727264165030106824e-14 2.994976537137157557e-03 1.855384725273356850e-04 1.399534268885921362e-05
4.687500000000000000e-01 1.736040781616376982e-14 2.928133450748307900e-03 1.842204812066983166e-04 2.287273769422185077e-06
4.791666666666665186e-01 1.797067811400154813e-14 2.864182274014972444e-03 1.829024898860609483e-04 9.031666458787085405e-06
4.895833333333332593e-01 1.784221370908917192e-14 2.802972045522611651e-03 1.898526262928967867e-04 5.308503281226464865e-06
5.000000000000000000e-01 1.752279419654778625e-14 2.744371288767550893e-03 1.968027626997326252e-04 1.663476638132967145e-05
5.104166666666665186e-01 1.722851462188090821e-14 2.688110675521139959e-03 1.731610659305715672e-04 -8.461144128829936606e-06
5.208333333333332593e-01 1.710871028182125997e-14 2.633939815955751822e-03 1.495193691614105092e-04 -2.182255946484978198e-05
5.312500000000000000e-01 1.669855659996999364e-14 2.582190739331378503e-03 2.403524628579178923e-04 4.048852604759956009e-05
5.416666666666665186e-01 1.609910121880275824e-14 2.533216254898407963e-03 3.311855565544252755e-04 1.107601255471140494e-04
5.520833333333332593e-01 1.498801083243961330e-14 2.485269444815218099e-03 -4.947436822888562347e-06 -1.451718934119550219e-04
5.625000000000000000e-01 1.539805609407363107e-14 2.436633695570025737e-03 -3.410804302002024002e-04 -3.978649111013735432e-04
5.729166666666665186e-01 1.493249968120835547e-14 2.393521275182808414e-03 9.168142060440587215e-04 5.441399801134104777e-04
5.833333333333332593e-01 1.507995117666638407e-14 2.362169547816872495e-03 2.174708842288319843e-03 1.485267923085993244e-03
5.937500000000000000e-01 2.099096721094872997e-14 2.315590945912305264e-03 -3.478504929963377457e-03 -2.754428781677450803e-03
6.041666666666665186e-01 1.561511336900522906e-14 2.226819388529532873e-03 -9.131718702215074757e-03 -6.998088002790267548e-03
6.145833333333332593e-01 1.476596622751458199e-14 2.114390143775790598e-03 -1.005513409815206316e-02 -7.687915866449913579e-03
6.250000000000000000e-01 1.421779360910591095e-14 1.996843954898679108e-03 -1.097854949408905156e-02 -8.382344305313356100e-03
6.354166666666665186e-01 1.638619795407691981e-14 1.877239391426376285e-03 -1.113281021464984644e-02 -8.496614841813108360e-03
6.458333333333332593e-01 1.354472090042690979e-14 1.758607663706279745e-03 -1.128707093521064131e-02 -8.612090715730113394e-03
6.562500000000000000e-01 1.468269950066769525e-14 1.640241628715566335e-03 -1.162158400297197414e-02 -8.864131671755589442e-03
6.666666666666665186e-01 1.509903313490212895e-14 1.521409564273656922e-03 -1.195609707073330696e-02 -9.113498256711077133e-03
6.770833333333332593e-01 1.681510833351218537e-14 1.402347371859846703e-03 -1.222049229074562149e-02 -9.314629882164469563e-03
6.875000000000000000e-01 1.378648443236402121e-14 1.283279111937221661e-03 -1.248488751075793601e-02 -9.510786588602021530e-03
6.979166666666665186e-01 1.376676550535194110e-14 1.164175973538209181e-03 -1.274205813876549964e-02 -9.707434847098274366e-03
7.083333333333332593e-01 1.272800072125599910e-14 1.045001290939540084e-03 -1.299922876677306327e-02 -9.897634644115230543e-03
7.187500000000000000e-01 1.340653933354363225e-14 9.256802028483890332e-04 -1.325737851375508036e-02 -1.009562740686267834e-02
7.291666666666665186e-01 1.269817584415022793e-14 8.061309909714155578e-04 -1.351552826073709745e-02 -1.028573386143749255e-02
7.395833333333332593e-01 1.221394404886388951e-14 6.866104851042664770e-04 -1.368721892331492551e-02 -1.041987299198839957e-02
7.500000000000000000e-01 1.193489751472043281e-14 5.673603439727777130e-04 -1.385890958589275357e-02 -1.054395151923100474e-02
7.604166666666665186e-01 1.153450165242153602e-14 4.472318404618036425e-04 -1.429336170937700601e-02 -1.087578833811900583e-02
7.708333333333332593e-01 1.089406342913434855e-14 3.250699975143678602e-04 -1.472781383286125845e-02 -1.119590791311927437e-02
7.812500000000000000e-01 1.051572091665016473e-14 2.048510201651809748e-04 -1.412006296577372755e-02 -1.074825142682281874e-02
7.916666666666665186e-01 1.007527394847329560e-14 9.052645258068024205e-05 -1.351231209868619665e-02 -1.028591780645516339e-02
8.020833333333332593e-01 9.787977313423582015e-15 1.203777225414204288e-05 -5.186626728676202447e-03 -4.050759408881310017e-03
8.125000000000000000e-01 9.325873406851314940e-15 -6.780355091338778617e-07 3.139058641333791755e-03 2.199395544174211157e-03
8.229166666666665186e-01 9.098997325995145102e-15 1.249893172494687121e-05 1.289941523504589682e-03 8.038881068619463735e-04
8.333333333333332593e-01 8.534839501805890905e-15 1.171918063689377648e-05 -5.591755943246123906e-04 -5.803729126803919888e-04
8.437500000000000000e-01 7.799208327774476146e-15 6.035737583683954688e-06 -6.117275251571463457e-05 -2.135760319246507650e-04
8.541666666666665186e-01 6.897260540483785007e-15 4.520485938518228929e-06 4.368300892931831214e-04 1.610897994189034723e-04
8.645833333333332593e-01 6.309189282127647402e-15 4.646892247016365385e-06 3.061343604235933213e-04 5.824370075002842958e-05
8.750000000000000000e-01 5.953183481944516491e-15 3.909410528978723987e-06 1.754386315540035213e-04 -4.003291051239208482e-05
8.854166666666665186e-01 5.101821742847789665e-15 2.927035164564735677e-06 2.134454371537364281e-04 -1.504853232758847874e-05
8.958333333333332593e-01 4.357625371653739421e-15 2.330080582205228470e-06 2.514522427534693350e-04 1.242207926618731372e-05
9.062500000000000000e-01 3.983792462580737492e-15 1.921460308139041895e-06 2.445320118450444724e-04 4.353349382271734188e-06
9.166666666666665186e-01 3.747002708109903324e-15 1.510553916968639457e-06 2.376117809366196099e-04 -2.416700316693869025e-06
9.270833333333332593e-01 3.091277234190670242e-15 1.133899896151252876e-06 2.430805744495501131e-04 -9.652263001886594298e-07
9.375000000000000000e-01 2.359223927328457648e-15 8.313871360833557933e-07 2.485493679624806163e-04 1.133154760096171076e-06
9.479166666666665186e-01 2.484124017598787759e-15 5.852142058023313039e-07 2.511543289803741530e-04 4.026089025707668689e-07
9.583333333333332593e-01 1.682681771697502882e-15 3.794935639176051645e-07 2.537592899982676897e-04 -7.316980500272156330e-08
9.687500000000000000e-01 1.225448171809459718e-15 2.160000783593692328e-07 2.577476190087635288e-04 1.128076729130692121e-08
9.791666666666665186e-01 8.768874705132254088e-16 9.777964161614138838e-08 2.617359480192593679e-04 5.389386934600630906e-08
9.895833333333332593e-01 3.171915776620904499e-16 2.522783126919518201e-08 2.662248665942223980e-04 1.123838267774995492e-07
1.000000000000000000e+00 0.000000000000000000e+00 0.000000000000000000e+00 2.707137851691854280e-04 -1.503208061106906337e-07
