0.000000000000000000e+00 5.005219329279331220e-16 4.492933802779930375e-16 1.688032836799702174e-02 1.648407941844440283e-02
3.125000000000000000e-02 4.099355990553648276e-04 3.145270502380448363e-16 3.378520586548361404e-02 2.587650529675410149e-02
6.250000000000000000e-02 1.124614914393335914e-03 3.731281776608863510e-16 5.069008336297020634e-02 4.138803979175863235e-02
9.375000000000000000e-02 2.582775224503705384e-03 -6.505213034913026604e-17 1.380644412404381516e-01 1.017801337443181298e-01
1.250000000000000000e-01 5.355123378514211989e-03 -4.440892098500626162e-16 2.254387991179060968e-01 1.614155990304450006e-01
1.562500000000000000e-01 7.600216023329744303e-03 -5.484978790604166932e-16 1.401637114588286659e-01 1.041839534428633668e-01
1.875000000000000000e-01 7.707722153470781407e-03 -4.831204880595407758e-16 5.488862379975123496e-02 3.755632872523090304e-02
2.187500000000000000e-01 6.819483595522567339e-03 -6.713379852030243455e-16 2.010564558638050503e-02 1.533663054262020264e-02
2.500000000000000000e-01 5.847968566658368061e-03 -7.771561172376095783e-16 -1.467733262699022490e-02 -8.478284777666544869e-03
2.812500000000000000e-01 5.038856794039582761e-03 -7.494073178855586992e-16 -4.940286249310643640e-03 -4.218649979955538254e-03
3.125000000000000000e-01 4.534588117061817691e-03 -7.204845308686133598e-16 4.796760128368937615e-03 3.939493527358443881e-03
3.437500000000000000e-01 4.146279004621222786e-03 -7.322430422423975571e-16 2.082567054336847967e-03 1.290484170079299331e-03
3.750000000000000000e-01 3.787792642588623266e-03 -7.206962891054269349e-16 -6.316260196952416806e-04 -5.968209263074314430e-04
4.062500000000000000e-01 3.480009709813269847e-03 -7.232848217922360767e-16 2.251911106532222817e-04 -2.417541270387096874e-04
4.375000000000000000e-01 3.228914616985382752e-03 -6.488001325424819221e-16 1.082008241001686244e-03 5.360182206286343704e-04
4.687500000000000000e-01 3.009090070124453842e-03 -4.902558936072110019e-16 4.780232101802006639e-04 -4.652705135307390327e-05
5.000000000000000000e-01 2.802965457855356203e-03 -3.350184712980208701e-16 -1.259618206412849162e-04 -4.182590508076912059e-04
5.312500000000000000e-01 2.628032757723719470e-03 -2.749536709423239245e-16 1.428874395873136471e-03 6.263465289379072098e-04
5.625000000000000000e-01 2.503051825584948556e-03 -7.681572392059798915e-17 2.983710612387557859e-03 1.736102320280609110e-03
5.937500000000000000e-01 2.338296015171104081e-03 1.374768354711619622e-16 -3.181795246175678216e-03 -2.876356539919612543e-03
6.250000000000000000e-01 2.047599980580834186e-03 2.954450920022999583e-16 -9.347301104738914290e-03 -7.551078696936511236e-03
6.562500000000000000e-01 1.693931649800362038e-03 2.921924854848434450e-16 -1.042915182515058437e-02 -8.302329884999980203e-03
6.875000000000000000e-01 1.337994198515136957e-03 3.126296964361952035e-16 -1.151100254556225444e-02 -9.046348431445059429e-03
7.187500000000000000e-01 9.616199192242769200e-04 3.996369207781569344e-16 -1.400500403548171624e-02 -1.098936271806421131e-02
7.500000000000000000e-01 5.446374976310131618e-04 3.510917685051184733e-16 -1.649900552540117804e-02 -1.283087608382044165e-02
7.812500000000000000e-01 2.041102395018978832e-04 3.406563225949454932e-16 -8.657485266676534508e-03 -7.022057573322906462e-03
8.125000000000000000e-01 5.715812912003428932e-05 2.676115893555236491e-16 -8.159650079518909749e-04 -1.105305261507760328e-03
8.437500000000000000e-01 1.973980403491282232e-05 2.144009796090085018e-17 2.025438791618539014e-04 -4.110780111562362506e-04
8.750000000000000000e-01 8.788820878006640906e-06 -1.794667997653993929e-16 1.221052766275598778e-03 3.467195586012747181e-04
9.062500000000000000e-01 8.678665375128069570e-06 -2.514739176444347191e-16 9.803904076061686901e-04 1.195898399956165715e-04
9.375000000000000000e-01 4.672626410242031869e-06 -3.677613769070831040e-16 7.397280489367386025e-04 -8.707080072530780064e-05
9.687500000000000000e-01 4.794313614056859663e-07 -3.641830862214073122e-16 8.844867143472101567e-04 -1.879834495282104649e-05
1.000000000000000000e+00 0.000000000000000000e+00 0.000000000000000000e+00 1.029245379757681711e-03 4.407841543390860807e-05
