0.000000000000000000e+00 6.266338126873308307e-15 4.267929325924013639e-14 -1.786647192630441694e-03 -3.665323468407051706e-04
7.812500000000000000e-03 -1.754615197710127084e-15 1.976534682654240488e-05 8.764889496630789978e-03 6.589754079990826213e-03
1.562500000000000000e-02 -1.148767767109731830e-14 8.192492114604740252e-05 1.931642618589202165e-02 1.471572749222956229e-02
2.343750000000000000e-02 -1.350655698395542004e-14 1.828379306497741885e-04 3.015271290329235576e-02 2.260592626088390664e-02
3.125000000000000000e-02 -2.458276637806733333e-14 3.251301640534547122e-04 4.098899962069268987e-02 3.067976379717274327e-02
3.906250000000000000e-02 -9.909087439474717485e-14 5.083386008180518830e-04 5.150914222695157640e-02 3.857253576635232689e-02
4.687500000000000000e-02 -9.791999025857145433e-14 7.319371479522134103e-04 6.202928483321046293e-02 4.644657280288042034e-02
5.468750000000000000e-02 -1.081742659857221067e-13 9.960575994643668801e-04 7.251681308984236907e-02 5.431455243092451340e-02
6.250000000000000000e-02 -1.089782561067287325e-13 1.300753393947057246e-03 8.300434134647427520e-02 6.217609354754358164e-02
7.031250000000000000e-02 -1.087537449418612967e-13 1.646027875247394953e-03 9.348868532159104738e-02 7.004087074027824655e-02
7.812500000000000000e-02 -1.061696845890136576e-13 2.031874370445716990e-03 1.039730292967078196e-01 7.790744535977102425e-02
8.593750000000000000e-02 -1.028049173568135188e-13 2.458019160574701628e-03 1.143244478720906177e-01 8.566077707908552330e-02
9.375000000000000000e-02 -9.865831377425955709e-14 2.924053579886454202e-03 1.246758664474734157e-01 9.343179472720103407e-02
1.015625000000000000e-01 -9.404786795860993825e-14 3.430645679880042851e-03 1.354463082860365430e-01 1.015242507166568553e-01
1.093750000000000000e-01 -8.931050343718993645e-14 3.978736448658728303e-03 1.462167501245996704e-01 1.096233023178949384e-01
1.171875000000000000e-01 -8.537354850846057275e-14 4.565133285980563747e-03 1.554475039009330928e-01 1.164506871947700722e-01
1.250000000000000000e-01 -8.012774471710670809e-14 5.185501927958080515e-03 1.646782576772665152e-01 1.233528227295442731e-01
1.328125000000000000e-01 -7.569986304467590799e-14 5.850653450172181580e-03 1.794898433266072235e-01 1.347805074084287569e-01
1.406250000000000000e-01 -7.146193359286456825e-14 6.575692869165820215e-03 1.943014289759479318e-01 1.454527873079986822e-01
1.484375000000000000e-01 -6.774745694992923006e-14 7.319493914806286111e-03 1.887908064971760558e-01 1.410730253286295866e-01
1.562500000000000000e-01 -6.408328728779721928e-14 8.042135065304897509e-03 1.832801840184041797e-01 1.358282257871982479e-01
1.640625000000000000e-01 -6.086320683551527111e-14 8.426214559674996898e-03 7.196520066012768169e-02 5.338153961696039118e-02
1.718750000000000000e-01 -5.757440878997517071e-14 8.153929405390451107e-03 -3.934978269814881635e-02 -2.985505662879262001e-02
1.796875000000000000e-01 -5.507925929584822633e-14 7.642070148882181696e-03 -1.432768430140574090e-02 -1.057303001149742516e-02
1.875000000000000000e-01 -5.065121499309155340e-14 7.306066508816844510e-03 1.069441409533733456e-02 8.071664423484642414e-03
1.953125000000000000e-01 -4.833893701983171809e-14 7.052108283623289425e-03 3.986880787205326904e-03 2.947069807440652611e-03
2.031250000000000000e-01 -4.614364446098306871e-14 6.781664625930668155e-03 -2.720652520926680751e-03 -1.901671916017533270e-03
2.109375000000000000e-01 -4.408206642215556271e-14 6.517153375525421011e-03 -9.266004781155467995e-04 -7.248912013067404514e-04
2.187500000000000000e-01 -4.217806659490008769e-14 6.281867998547350715e-03 8.674515646955871517e-04 7.241167960530120462e-04
2.265625000000000000e-01 -4.031787382251239560e-14 6.067065068572591140e-03 3.875707811538120495e-04 2.391494805337041063e-04
2.343750000000000000e-01 -3.856385154786534653e-14 5.864168726195683780e-03 -9.231000238796305268e-05 -3.388980668461716306e-05
2.421875000000000000e-01 -3.702593787124897062e-14 5.673473431445010852e-03 3.611939524617024944e-05 -3.020487073931987787e-05
2.500000000000000000e-01 -3.541611448554249364e-14 5.495546202831491645e-03 1.645487928803035516e-04 1.296124739080806165e-04
2.578125000000000000e-01 -3.170343863465301809e-14 5.328776668307416697e-03 1.302484929599501129e-04 3.393199579872219207e-05
2.656250000000000000e-01 -3.004107379522835686e-14 5.171699492740522083e-03 9.594819303959667423e-05 5.829896336841805526e-05
2.734375000000000000e-01 -2.812458382503435494e-14 5.023572004613011815e-03 1.051709093029540298e-04 1.112560620913222165e-05
2.812500000000000000e-01 -2.638785457503844967e-14 4.883768499110444951e-03 1.143936255663113855e-04 5.747183367959401989e-05
2.890625000000000000e-01 -2.445786628779700322e-14 4.751570367782833801e-03 1.119807933196437233e-04 1.307015972914354895e-05
2.968750000000000000e-01 -2.272661225877214974e-14 4.626341327547777924e-03 1.095679610729760611e-04 4.296411137738598285e-05
3.046875000000000000e-01 -2.081668171172168513e-14 4.507544529820918522e-03 1.102732615297918883e-04 9.428966564972718345e-06
3.125000000000000000e-01 -1.876016703095118032e-14 4.394706167914347317e-03 1.109785619866077155e-04 3.570811115172212169e-05
3.203125000000000000e-01 -1.691702333772582278e-14 4.287382197989283994e-03 1.108586299225500227e-04 8.013771267911806717e-06
3.281250000000000000e-01 -1.518533562783197510e-14 4.185176582220756503e-03 1.107386978584923298e-04 2.907986658315375728e-05
3.359375000000000000e-01 -1.414526048376663070e-14 4.087728723332684222e-03 1.108492148219619722e-04 6.535404168228620136e-06
3.437500000000000000e-01 -1.225408663430016531e-14 3.994715481674896394e-03 1.109597317854316145e-04 2.415939930219823673e-05
3.515625000000000000e-01 -1.137978600240785454e-14 3.905838146093909558e-03 1.110196580568212354e-04 5.467879528903152320e-06
3.593750000000000000e-01 -9.089951014118469175e-15 3.820827529318302027e-03 1.110795843282108564e-04 2.017911728903476476e-05
3.671875000000000000e-01 -7.785438960183910240e-15 3.739434749718273387e-03 1.111651372240896052e-04 4.587178589227081105e-06
3.750000000000000000e-01 -6.566145197006711953e-15 3.661434499553463569e-03 1.112506901199683540e-04 1.700429948176679362e-05
3.828125000000000000e-01 -6.244494382413982831e-15 3.586617528177420480e-03 1.113425960053149311e-04 3.883102758133263888e-06
3.906250000000000000e-01 -4.397090330732211783e-15 3.514793600362223474e-03 1.114345018906615081e-04 1.442472782802427245e-05
3.984375000000000000e-01 -3.410086883010032821e-15 3.445785568656357933e-03 1.115388592778376875e-04 3.306902164233738173e-06
4.062500000000000000e-01 -2.448779026775760315e-15 3.379431776312540742e-03 1.116432166650138669e-04 1.231469597471127053e-05
4.140625000000000000e-01 -1.836746900407693062e-15 3.315581264365023099e-03 1.117598409168252260e-04 2.833450827327554933e-06
4.218750000000000000e-01 -1.183515091485176640e-15 3.254095809589135132e-03 1.118764651686365852e-04 1.057188424082033951e-05
4.296875000000000000e-01 -8.406903645452601381e-16 3.194846025515193574e-03 1.120049621338159440e-04 2.439509918399085375e-06
4.375000000000000000e-01 1.137246763774357738e-15 3.137713094019138269e-03 1.121334590989953028e-04 9.116793934843200886e-06
4.453125000000000000e-01 1.711304709051120199e-15 3.082585587523286631e-03 1.122805172253382722e-04 2.111693577461909443e-06
4.531250000000000000e-01 2.607235174284516788e-15 3.029360937626323410e-03 1.124275753516812415e-04 7.896455472347629900e-06
4.609375000000000000e-01 2.886579864025407005e-15 2.977942727589222294e-03 1.125716791225972457e-04 1.824064061406449611e-06
4.687500000000000000e-01 3.802513859341161151e-15 2.928242065482979887e-03 1.127157828935132500e-04 6.825599491604161795e-06
4.765625000000000000e-01 4.299728975643013484e-15 2.880175633769799237e-03 1.129412126118500836e-04 1.610347708153048174e-06
4.843750000000000000e-01 4.416605969836950862e-15 2.833666629007802751e-03 1.131666423301869173e-04 5.980559601041768314e-06
4.921875000000000000e-01 4.587042551351672159e-15 2.788641997564733632e-03 1.131621404588667446e-04 1.288166416646419066e-06
5.000000000000000000e-01 4.957406013472720474e-15 2.745034539379409555e-03 1.131576385875465718e-04 4.840664001137806594e-06
5.078125000000000000e-01 5.163404426244966317e-15 2.702784822199211234e-03 1.140900231781927232e-04 1.480596463265815288e-06
5.156250000000000000e-01 5.702469746404759121e-15 2.661838959267193161e-03 1.150224077688388746e-04 5.076025414427198790e-06
5.234375000000000000e-01 5.994336971237856915e-15 2.622134425481981168e-03 1.125360892710869365e-04 -2.161593401495132127e-07
5.312500000000000000e-01 6.633148891266316127e-15 2.583614757404585800e-03 1.100497707733349984e-04 5.507307283131313014e-08
5.390625000000000000e-01 7.118586861469544669e-15 2.546276665567115405e-03 1.204224222360883445e-04 5.064688760427968339e-06
5.468750000000000000e-01 7.803870397116163815e-15 2.510123625459569508e-03 1.307950736988416907e-04 1.397109199175947114e-05
5.546875000000000000e-01 8.534227236774010461e-15 2.474985104615078178e-03 9.321615048896170208e-05 -1.599569457574542830e-05
5.625000000000000000e-01 9.284456883862368670e-15 2.440701681134273097e-03 5.563722727908171350e-05 -4.429128074356566969e-05
5.703125000000000000e-01 9.928635604644631130e-15 2.407795248033743618e-03 1.972520831564628097e-04 6.088403564789152123e-05
5.781250000000000000e-01 1.045886467709866707e-14 2.376794055460321447e-03 3.388669390338439058e-04 1.658848367694990000e-04
5.859375000000000000e-01 1.088018564132653410e-14 2.345723843022673449e-03 -1.895140362822012037e-04 -2.297234822904170581e-04
5.937500000000000000e-01 1.143529715363911237e-14 2.312625833015127808e-03 -7.178950115982463132e-04 -6.283132801204738271e-04
6.015625000000000000e-01 1.015160178141627512e-14 2.262225154129405072e-03 -6.477140256595625978e-03 -4.946114795835065102e-03
6.093750000000000000e-01 1.267584127939702654e-14 2.179255334803364020e-03 -1.223638550159300564e-02 -9.268316345098365217e-03
6.171875000000000000e-01 1.512678871051775786e-14 2.083469052685783807e-03 -1.126287947522852662e-02 -8.536059626082476148e-03
6.250000000000000000e-01 1.645905634006794571e-14 1.994608154949562007e-03 -1.028937344886404759e-02 -7.806645644221871239e-03
6.328125000000000000e-01 1.754244536092408602e-14 1.908190620366956303e-03 -1.085322112226150271e-02 -8.228607155996006672e-03
6.406250000000000000e-01 1.847133557220104194e-14 1.819726035290882655e-03 -1.141706879565895782e-02 -8.651562349024925075e-03
6.484375000000000000e-01 1.965390198678529377e-14 1.730466210310816887e-03 -1.155444816580342149e-02 -8.754827227406860451e-03
6.562500000000000000e-01 2.018784445168009256e-14 1.641654204066151767e-03 -1.169182753594788515e-02 -8.857250166668982974e-03
6.640625000000000000e-01 2.089300954466466465e-14 1.552984767041945893e-03 -1.192993057970959114e-02 -9.036860264773589196e-03
6.718750000000000000e-01 2.131628207280300558e-14 1.464148467722831137e-03 -1.216803362347129713e-02 -9.214597344975095083e-03
6.796875000000000000e-01 2.177077962350892903e-14 1.375244349013156342e-03 -1.236662101790841906e-02 -9.364946045441441269e-03
6.875000000000000000e-01 2.206568261442498624e-14 1.286369845892353873e-03 -1.256520841234554098e-02 -9.513005705538746942e-03
6.953125000000000000e-01 2.233586579580837395e-14 1.197510736825191727e-03 -1.276231260710047888e-02 -9.662371750777845603e-03
7.031250000000000000e-01 2.298161660974074039e-14 1.108652754899602149e-03 -1.295941680185541678e-02 -9.809431500343107624e-03
7.109375000000000000e-01 2.149669331430459351e-14 1.019804833831222841e-03 -1.314708814361353895e-02 -9.951647843996866416e-03
7.187500000000000000e-01 2.220211983668728866e-14 9.309774992865560428e-04 -1.333475948537166111e-02 -1.009182737656661236e-02
7.265625000000000000e-01 2.256094616681636467e-14 8.421925313989320899e-04 -1.351029493813893367e-02 -1.022491362677119264e-02
7.343750000000000000e-01 2.300045162612307578e-14 7.534721741539963848e-04 -1.368583039090620623e-02 -1.035630792544080421e-02
7.421875000000000000e-01 2.324797797846611669e-14 6.647680222736676537e-04 -1.387143509509847217e-02 -1.049631082967623745e-02
7.500000000000000000e-01 2.358429577393329541e-14 5.760388546436955113e-04 -1.405703979929073810e-02 -1.063498199227043417e-02
7.578125000000000000e-01 2.381200705364738823e-14 4.875153179012197227e-04 -1.416901363524447621e-02 -1.072130045062765283e-02
7.656250000000000000e-01 2.392458027343632651e-14 3.994041944073301455e-04 -1.428098747119821432e-02 -1.080334579603234833e-02
7.734375000000000000e-01 2.421785569054423458e-14 3.108795750465521675e-04 -1.463673329405956736e-02 -1.106830902214418939e-02
7.812500000000000000e-01 2.311250691701405291e-14 2.211492103456392014e-04 -1.499247911692092039e-02 -1.132790890820727786e-02
7.890625000000000000e-01 2.288727408007555642e-14 1.331812940603628495e-04 -1.439621510197153231e-02 -1.088980339944954114e-02
7.968750000000000000e-01 2.253752739989067777e-14 4.979942580092544535e-05 -1.379995108702214424e-02 -1.042674950181197470e-02
8.046875000000000000e-01 2.228095095577198315e-14 -6.559808742950812288e-06 -5.356529137310772626e-03 -4.111100822885502271e-03
8.125000000000000000e-01 2.187139358511558385e-14 -1.347941029114692064e-05 3.086892812400598984e-03 2.231918558190789867e-03
8.203125000000000000e-01 2.148941487372740068e-14 -1.221159416864292524e-06 1.212043648995964062e-03 8.161472982283087246e-04
8.281250000000000000e-01 2.076117056049042731e-14 1.066055873620921912e-07 -6.628055144086708594e-04 -5.925246293425161237e-04
8.359375000000000000e-01 2.062463562565661213e-14 -2.590330130475271275e-06 -1.597814082126003399e-04 -2.180755415420244144e-04
8.437500000000000000e-01 2.016442568475440567e-14 -2.418585966204719537e-06 3.432426979834701797e-04 1.592568123634577337e-04
8.515625000000000000e-01 1.999077394593675704e-14 -1.246552223277408444e-06 2.090191636721083768e-04 5.817552644989893096e-05
8.593750000000000000e-01 1.953992523340275511e-14 -9.208822157578695072e-07 7.479562936074657387e-05 -4.359690476628969442e-05
8.671875000000000000e-01 1.858614934479635497e-14 -9.328591728113844184e-07 1.113674170606371305e-04 -1.586891723986440239e-05
8.750000000000000000e-01 1.776356839400250465e-14 -7.764501489006519347e-07 1.479392047605276872e-04 1.082168691314156159e-05
8.828125000000000000e-01 1.707325687078098397e-14 -5.773218903063573754e-07 1.386829152695279177e-04 4.065149349219392144e-06
8.906250000000000000e-01 1.576392011717886454e-14 -4.617760143612342896e-07 1.294266257785281482e-04 -3.509328043895141653e-06
8.984375000000000000e-01 1.504121148789463698e-14 -3.882580221847732315e-07 1.323940141036983320e-04 -1.218093943608383089e-06
9.062500000000000000e-01 1.420572476603607645e-14 -3.166493706713183025e-07 1.353614024288685158e-04 5.394064547996467332e-07
9.140625000000000000e-01 1.300348717592214598e-14 -2.529258925704013601e-07 1.349671733951174346e-04 2.366711729720472057e-07
9.218750000000000000e-01 1.152550277438990634e-14 -2.038013501141390516e-07 1.345729443613663534e-04 -4.070877609174683442e-07
9.296875000000000000e-01 1.102590241330858589e-14 -1.644097799287196071e-07 1.349659540970105098e-04 -1.304739236374086175e-07
9.375000000000000000e-01 1.080385780838355458e-14 -1.304291061933818274e-07 1.353589638326546662e-04 -6.013769231164332657e-08
9.453125000000000000e-01 9.251280297384312234e-15 -1.012003279312332645e-07 1.353893050376475671e-04 -1.871517472940009696e-08
9.531250000000000000e-01 8.160139230994900572e-15 -7.641945886488997475e-08 1.354196462426404679e-04 -8.595967553079155105e-08
9.609375000000000000e-01 6.425415755018093478e-15 -5.525888821289503053e-08 1.353455099095679515e-04 -4.162585102995830511e-08
9.687500000000000000e-01 4.753142324176451439e-15 -3.716670643515510020e-08 1.352713735764954350e-04 -2.438953550323029698e-08
9.765625000000000000e-01 3.840236777703958061e-15 -2.216201347405305763e-08 1.349589163029962791e-04 -3.162609694493094959e-08
9.843750000000000000e-01 2.438713279314200560e-15 -1.050988237801323000e-08 1.346464590294971231e-04 1.498186471863030072e-08
9.921875000000000000e-01 1.153099294544207085e-15 -2.824288460778329952e-09 1.340353965968432703e-04 -3.595203687571255788e-08
1.000000000000000000e+00 0.000000000000000000e+00 0.000000000000000000e+00 1.334243341641894176e-04 5.038537376640574777e-08
