0.000000000000000000e+00 6.266338126873308307e-15 4.267929325924013639e-14 -1.786647192630441694e-03 -3.665323468407051706e-04
7.812500000000000000e-03 1.976534679786251980e-05 5.225665853687804991e-14 8.764889495785799234e-03 6.589754079894639266e-03
1.562500000000000000e-02 8.192492112391036585e-05 6.483702463810914196e-14 1.931642618420204016e-02 1.471572749211593097e-02
2.343750000000000000e-02 1.828379306313659535e-04 8.026912468039881787e-14 3.015271289989651660e-02 2.260592626078499964e-02
3.125000000000000000e-02 3.251301640324979515e-04 9.881787228771532483e-14 4.098899961559099303e-02 3.067976380101305328e-02
3.906250000000000000e-02 5.083386007875452528e-04 1.223188217380766218e-13 5.150914222094948869e-02 3.857253576539002027e-02
4.687500000000000000e-02 7.319371479095173119e-04 1.511029257446339091e-13 6.202928482630798435e-02 4.644657280364127699e-02
5.468750000000000000e-02 9.960575994007159727e-04 1.825033180136159672e-13 7.251681308238078216e-02 5.431455243119637233e-02
6.250000000000000000e-02 1.300753393848773668e-03 2.048608678528740512e-13 8.300434133845357998e-02 6.217609354829257279e-02
7.031250000000000000e-02 1.646027875107870060e-03 2.010146877510360364e-13 9.348868531529230808e-02 7.004087074193840468e-02
7.812500000000000000e-02 2.031874370271660908e-03 1.618939493098006666e-13 1.039730292921310362e-01 7.790744536191065994e-02
8.593750000000000000e-02 2.458019160382352020e-03 9.909372042544994930e-14 1.143244478682285958e-01 8.566077707988473122e-02
9.375000000000000000e-02 2.924053579697747079e-03 3.400730218261482918e-14 1.246758664443261555e-01 9.343179472708465494e-02
1.015625000000000000e-01 3.430645679709658745e-03 -1.227121702862543628e-14 1.354463082840918764e-01 1.015242507158934798e-01
1.093750000000000000e-01 3.978736448510433732e-03 -3.552713678800500929e-14 1.462167501238575973e-01 1.096233023175130772e-01
1.171875000000000000e-01 4.565133285851424860e-03 -4.309313322847785344e-14 1.554475039006116832e-01 1.164506871946196648e-01
1.250000000000000000e-01 5.185501927840438507e-03 -4.463096558993129293e-14 1.646782576773657691e-01 1.233528227297118474e-01
1.328125000000000000e-01 5.850653450062859307e-03 -4.892614091644986729e-14 1.794898433262099857e-01 1.347805074087036203e-01
1.406250000000000000e-01 6.575692869064120316e-03 -5.390132784555135004e-14 1.943014289750542023e-01 1.454527873074099587e-01
1.484375000000000000e-01 7.319493914711289184e-03 -5.725801777156647177e-14 1.887908064966314914e-01 1.410730253284610825e-01
1.562500000000000000e-01 8.042135065218225520e-03 -5.900835375882707012e-14 1.832801840182087805e-01 1.358282257873554555e-01
1.640625000000000000e-01 8.426214559595565645e-03 -6.005092256788913119e-14 7.196520065983391667e-02 5.338153961701050387e-02
1.718750000000000000e-01 8.153929405317760989e-03 -5.972999872483342187e-14 -3.934978269854094712e-02 -2.985505662883619626e-02
1.796875000000000000e-01 7.642070148816557107e-03 -5.864579655234791744e-14 -1.432768430185193953e-02 -1.057303001154655253e-02
1.875000000000000000e-01 7.306066508758016567e-03 -5.562217353372034268e-14 1.069441409483706806e-02 8.071664423545406308e-03
1.953125000000000000e-01 7.052108283570612812e-03 -4.979350265443827084e-14 3.986880786628343998e-03 2.947069807628710514e-03
2.031250000000000000e-01 6.781664625883240816e-03 -4.480586953746813768e-14 -2.720652521580380068e-03 -1.901671916024777476e-03
2.109375000000000000e-01 6.517153375482845692e-03 -3.870341547251854308e-14 -9.266004788396342562e-04 -7.248912013302702406e-04
2.187500000000000000e-01 6.281867998508674188e-03 -3.172809237561580176e-14 8.674515639011115553e-04 7.241167959326222370e-04
2.265625000000000000e-01 6.067065068537075279e-03 -2.482652158032451043e-14 3.875707802014627390e-04 2.391494805963900738e-04
2.343750000000000000e-01 5.864168726163465628e-03 -1.609722419379164271e-14 -9.231000349818607731e-05 -3.388980661389595639e-05
2.421875000000000000e-01 5.673473431414353951e-03 -8.554788821779624186e-15 3.611939403624919720e-05 -3.020487061561674680e-05
2.500000000000000000e-01 5.495546202801953641e-03 -9.075585335333036241e-16 1.645487915706844717e-04 1.296124738695003664e-04
2.578125000000000000e-01 5.328776668277453686e-03 5.757113535898028545e-15 1.302484915053359060e-04 3.393199577678140955e-05
2.656250000000000000e-01 5.171699492710011767e-03 1.240934438540008955e-14 9.594819143998734035e-05 5.829896337815332341e-05
2.734375000000000000e-01 5.023572004581958531e-03 1.801503553538336133e-14 1.051709075307050156e-04 1.112560621288963270e-05
2.812500000000000000e-01 4.883768499078271902e-03 2.290737586597979547e-14 1.143936236214226909e-04 5.747183364759878010e-05
2.890625000000000000e-01 4.751570367749690174e-03 2.683698532499056988e-14 1.119807912591808119e-04 1.307015975173311806e-05
2.968750000000000000e-01 4.626341327513827650e-03 3.003529507774640629e-14 1.095679588969389329e-04 4.296411133899308288e-05
3.046875000000000000e-01 4.507544529785079135e-03 3.258504577274834446e-14 1.102732591983235366e-04 9.428966503938207566e-06
3.125000000000000000e-01 4.394706167876604938e-03 3.452793606584236841e-14 1.109785594997081404e-04 3.570811116022573617e-05
3.203125000000000000e-01 4.287382197949385354e-03 3.641531520770513453e-14 1.108586274355394252e-04 8.013771409482589592e-06
3.281250000000000000e-01 4.185176582177204535e-03 3.502753642692368885e-14 1.107386953713707101e-04 2.907986644917759378e-05
3.359375000000000000e-01 4.087728723285742605e-03 3.808064974464286934e-14 1.108492130773575113e-04 6.535404488028362380e-06
3.437500000000000000e-01 3.994715481626665010e-03 4.851674617611934082e-14 1.109597307833443125e-04 2.415939905853203840e-05
3.515625000000000000e-01 3.905838146044744025e-03 5.119103247850850802e-14 1.110196559921394766e-04 5.467879960575211529e-06
3.593750000000000000e-01 3.820827529264630984e-03 5.689893001203927270e-14 1.110795812009346406e-04 2.017911714208286966e-05
3.671875000000000000e-01 3.739434749661482878e-03 6.306066779870889150e-14 1.111651342599051517e-04 4.587178597194666030e-06
3.750000000000000000e-01 3.661434499494650805e-03 6.687705944585786710e-14 1.112506873188756629e-04 1.700429969320182977e-05
3.828125000000000000e-01 3.586617528118467638e-03 7.177591854201637034e-14 1.113425931826839133e-04 3.883102842300312219e-06
3.906250000000000000e-01 3.514793600302007319e-03 7.568923786338555004e-14 1.114344990464921636e-04 1.442472788725640553e-05
3.984375000000000000e-01 3.445785568596528188e-03 7.965850201685498178e-14 1.115388564877362043e-04 3.306902179589510382e-06
4.062500000000000000e-01 3.379431776251520109e-03 8.310908385100734819e-14 1.116432139289802450e-04 1.231469590151287874e-05
4.140625000000000000e-01 3.315581264303309877e-03 8.676392937445598363e-14 1.117598381852324962e-04 2.833450838683054807e-06
4.218750000000000000e-01 3.254095809526498604e-03 8.922142945245667423e-14 1.118764624414847475e-04 1.057188425576238017e-05
4.296875000000000000e-01 3.194846025451733053e-03 9.225003302481410428e-14 1.120049594095506862e-04 2.439509906163213337e-06
4.375000000000000000e-01 3.137713093954271320e-03 9.458937539480460899e-14 1.121334563776166249e-04 9.116793878605200518e-06
4.453125000000000000e-01 3.082585587457317700e-03 9.694973773441417642e-14 1.122805144829763790e-04 2.111693562859007223e-06
4.531250000000000000e-01 3.029360937558089363e-03 9.913920881581371847e-14 1.124275725883361332e-04 7.896455363537099870e-06
4.609375000000000000e-01 2.977942727519601769e-03 1.016131623288174524e-13 1.125716763786810404e-04 1.824064056632490605e-06
4.687500000000000000e-01 2.928242065410535666e-03 1.042301011125457144e-13 1.127157801690259475e-04 6.825599425736711412e-06
4.765625000000000000e-01 2.880175633695657156e-03 1.064703880615525122e-13 1.129412098864746028e-04 1.610347700731901144e-06
4.843750000000000000e-01 2.833666628931252873e-03 1.096489435706282656e-13 1.131666396039232581e-04 5.980559513176289532e-06
4.921875000000000000e-01 2.788641997486971617e-03 1.129929483312253069e-13 1.131621377111757809e-04 1.288166412760638480e-06
5.000000000000000000e-01 2.745034539301338325e-03 1.171682108974669845e-13 1.131576358184283038e-04 4.840664017569107358e-06
5.078125000000000000e-01 2.702784822122587631e-03 1.212655193275069543e-13 1.140900203621120212e-04 1.480596469640924062e-06
5.156250000000000000e-01 2.661838959194085842e-03 1.243181553152860495e-13 1.150224049057957387e-04 5.076025229182150322e-06
5.234375000000000000e-01 2.622134425413593598e-03 1.270832126597926104e-13 1.125360864259183913e-04 -2.161592888945060298e-07
5.312500000000000000e-01 2.583614757344406074e-03 1.272908644808778966e-13 1.100497679460410438e-04 5.507331830509332171e-08
5.390625000000000000e-01 2.546276665515352991e-03 1.246947965889699805e-13 1.204224191482250461e-04 5.064688822213614383e-06
5.468750000000000000e-01 2.510123625416450788e-03 1.190866016095946250e-13 1.307950703504090484e-04 1.397109201473154677e-05
5.546875000000000000e-01 2.474985104578820289e-03 1.107431098151887960e-13 9.321614719282056427e-05 -1.599569459899419233e-05
5.625000000000000000e-01 2.440701681102912766e-03 1.014644640008610654e-13 5.563722403523208015e-05 -4.429128066982257472e-05
5.703125000000000000e-01 2.407795248005506223e-03 9.192584983617650661e-14 1.972520798860788460e-04 6.088403564990033101e-05
5.781250000000000000e-01 2.376794055432757125e-03 8.357567025593648502e-14 3.388669357369256119e-04 1.658848367363605775e-04
5.859375000000000000e-01 2.345723842995764852e-03 7.579960964454457439e-14 -1.895140395072880679e-04 -2.297234823233126194e-04
5.937500000000000000e-01 2.312625832987089472e-03 6.893747725444931973e-14 -7.178950147515017477e-04 -6.283132801713740834e-04
6.015625000000000000e-01 2.262225154100398327e-03 6.279544484226462497e-14 -6.477140259681490875e-03 -4.946114795800463440e-03
6.093750000000000000e-01 2.179255334772489845e-03 5.758674787026407671e-14 -1.223638550461148000e-02 -9.268316344862897321e-03
6.171875000000000000e-01 2.083469052653663667e-03 5.262440873690654719e-14 -1.126287947813320311e-02 -8.536059626125185040e-03
6.250000000000000000e-01 1.994608154915961714e-03 4.819105184350469528e-14 -1.028937345165492623e-02 -7.806645644099206340e-03
6.328125000000000000e-01 1.908190620332525511e-03 4.390631196289629390e-14 -1.085322112500397562e-02 -8.228607156029592654e-03
6.406250000000000000e-01 1.819726035254304493e-03 4.117821535143395550e-14 -1.141706879835302502e-02 -8.651562348940594963e-03
6.484375000000000000e-01 1.730466210272507688e-03 3.795282230850682836e-14 -1.155444816847461809e-02 -8.754827227465518391e-03
6.562500000000000000e-01 1.641654204026351573e-03 3.518270185143236237e-14 -1.169182753859621116e-02 -8.857250166521675461e-03
6.640625000000000000e-01 1.552984767000969990e-03 3.248581416891160867e-14 -1.192993058225921832e-02 -9.036860264818631291e-03
6.718750000000000000e-01 1.464148467680015560e-03 3.075317778211683617e-14 -1.216803362592222548e-02 -9.214597345039758636e-03
6.796875000000000000e-01 1.375244348969337227e-03 2.678174522430243343e-14 -1.236662102033792010e-02 -9.364946045538245778e-03
6.875000000000000000e-01 1.286369845847429305e-03 2.577625612953937662e-14 -1.256520841475361472e-02 -9.513005704960632997e-03
6.953125000000000000e-01 1.197510736781426388e-03 2.396455006415136244e-14 -1.276231260943461177e-02 -9.662371750570839316e-03
7.031250000000000000e-01 1.108652754852959554e-03 2.139954879964989232e-14 -1.295941680411560881e-02 -9.809431500477791555e-03
7.109375000000000000e-01 1.019804833784414147e-03 1.795785742331190704e-14 -1.314708814584486518e-02 -9.951647844065398402e-03
7.187500000000000000e-01 9.309774992377166380e-04 2.129056625840348342e-14 -1.333475948757412155e-02 -1.009182737619962293e-02
7.265625000000000000e-01 8.421925313526253815e-04 1.926236947724646598e-14 -1.351029494026267930e-02 -1.022491362675849794e-02
7.343750000000000000e-01 7.534721741067496731e-04 1.952193557329219292e-14 -1.368583039295123704e-02 -1.035630792561950675e-02
7.421875000000000000e-01 6.647680222260921035e-04 1.665334536937734811e-14 -1.387143509701360689e-02 -1.049631082977608987e-02
7.500000000000000000e-01 5.760388545954508999e-04 1.443289932012703503e-14 -1.405703980107597673e-02 -1.063498199177566328e-02
7.578125000000000000e-01 4.875153178551525687e-04 9.441554814040202873e-15 -1.416901363714118123e-02 -1.072130045056168303e-02
7.656250000000000000e-01 3.994041943619491830e-04 6.217248937900876626e-15 -1.428098747320638573e-02 -1.080334579603729750e-02
7.734375000000000000e-01 3.108795750015701373e-04 3.120841648665160714e-15 -1.463673329603909501e-02 -1.106830902215053154e-02
7.812500000000000000e-01 2.211492103009332633e-04 0.000000000000000000e+00 -1.499247911887180429e-02 -1.132790890821364777e-02
7.890625000000000000e-01 1.331812940162376371e-04 -3.376685197526243555e-15 -1.439621510391653203e-02 -1.088980339943836258e-02
7.968750000000000000e-01 4.979942575721041376e-05 -6.550315845288423588e-15 -1.379995108896125977e-02 -1.042674950185504962e-02
8.046875000000000000e-01 -6.559808785982579674e-06 -9.503182575472041214e-15 -5.356529139198262790e-03 -4.111100822877847803e-03
8.125000000000000000e-01 -1.347941033333355243e-05 -1.265654248072678456e-14 3.086892810564734191e-03 2.231918558245449269e-03
8.203125000000000000e-01 -1.221159458124039879e-06 -1.534127831094887285e-14 1.212043647171978655e-03 8.161472982223046298e-04
8.281250000000000000e-01 1.066055472231930423e-07 -1.842970220877759857e-14 -6.628055162207768802e-04 -5.925246293335892367e-04
8.359375000000000000e-01 -2.590330169255394051e-06 -2.070670734783360066e-14 -1.597814099837391311e-04 -2.180755415453963374e-04
8.437500000000000000e-01 -2.418586003499756387e-06 -2.303712776097199821e-14 3.432426962532986181e-04 1.592568123861756724e-04
8.515625000000000000e-01 -1.246552258649504322e-06 -2.531934903479631069e-14 2.090191619601444728e-04 5.817552645557508170e-05
8.593750000000000000e-01 -9.208822495249124884e-07 -2.753353101070388220e-14 7.479562766699032750e-05 -4.359690480058853179e-05
8.671875000000000000e-01 -9.328592044302976352e-07 -2.944631738227557389e-14 1.113674154067378907e-04 -1.586891721814851050e-05
8.750000000000000000e-01 -7.764501779999877229e-07 -3.130828929442941444e-14 1.479392031464854540e-04 1.082168696196761370e-05
8.828125000000000000e-01 -5.773219173478994631e-07 -3.243390034013756025e-14 1.386829136322820233e-04 4.065149306971018426e-06
8.906250000000000000e-01 -4.617760394343140007e-07 -3.347322419244846969e-14 1.294266241180785926e-04 -3.509327937894297835e-06
8.984375000000000000e-01 -3.882580448108172155e-07 -3.441691376337985275e-14 1.323940125145250946e-04 -1.218093900613837719e-06
9.062500000000000000e-01 -3.166493909610252953e-07 -3.473263343600763164e-14 1.353614009109715965e-04 5.394066557445897914e-07
9.140625000000000000e-01 -2.529259093206337461e-07 -3.438915818776422384e-14 1.349671718712253110e-04 2.366711587335487232e-07
9.218750000000000000e-01 -2.038013660944117122e-07 -3.384770762282496293e-14 1.345729428314790255e-04 -4.070878808878099209e-07
9.296875000000000000e-01 -1.644097933945199597e-07 -3.253397985042427720e-14 1.349659524950697076e-04 -1.304738758452017190e-07
9.375000000000000000e-01 -1.304291173533745591e-07 -3.099258204605443610e-14 1.353589621586603897e-04 -6.013761531686426422e-08
9.453125000000000000e-01 -1.012003369909321131e-07 -2.888011010893087871e-14 1.353893033904096654e-04 -1.871514851011312524e-08
9.531250000000000000e-01 -7.641946604956745543e-08 -2.619605255357619411e-14 1.354196446221589412e-04 -8.595957813461959607e-08
9.609375000000000000e-01 -5.525889348285677726e-08 -2.377823601857766756e-14 1.353455082162557943e-04 -4.162588323426573268e-08
9.687500000000000000e-01 -3.716671114831076579e-08 -1.942890293094023946e-14 1.352713718103526475e-04 -2.438952625637447620e-08
9.765625000000000000e-01 -2.216201511019445846e-08 -1.517498086181002809e-14 1.349589144599150359e-04 -3.162603188230797983e-08
9.843750000000000000e-01 -1.050988307493838647e-08 -8.680285593821735748e-15 1.346464571094774243e-04 1.498161830135853216e-08
9.921875000000000000e-01 -2.824288469313417326e-09 -5.192201267982615251e-15 1.340353946867045565e-04 -3.595202438346619920e-08
1.000000000000000000e+00 0.000000000000000000e+00 0.000000000000000000e+00 1.334243322639316887e-04 5.038533134817810139e-08
