0.000e+00 0.000e+00 -1.250e-01 0.000e+00 -5.503e-15
1.562e-02 0.000e+00 -1.250e-01 0.000e+00 -5.371e-15
3.125e-02 0.000e+00 -1.250e-01 0.000e+00 -5.239e-15
4.688e-02 0.000e+00 -1.250e-01 0.000e+00 -4.801e-15
6.250e-02 0.000e+00 -1.250e-01 0.000e+00 -4.364e-15
7.812e-02 0.000e+00 -1.250e-01 0.000e+00 -1.245e-15
9.375e-02 0.000e+00 -1.250e-01 0.000e+00 1.874e-15
1.094e-01 0.000e+00 -1.250e-01 0.000e+00 -6.913e-15
1.250e-01 0.000e+00 -1.250e-01 0.000e+00 -1.570e-14
1.406e-01 0.000e+00 -1.250e-01 0.000e+00 2.061e-14
1.562e-01 0.000e+00 -1.250e-01 0.000e+00 5.692e-14
1.719e-01 0.000e+00 -1.250e-01 0.000e+00 -8.102e-14
1.875e-01 0.000e+00 -1.250e-01 0.000e+00 -2.190e-13
2.031e-01 0.000e+00 -1.250e-01 0.000e+00 3.056e-13
2.188e-01 0.000e+00 -1.250e-01 0.000e+00 8.302e-13
2.344e-01 0.000e+00 -1.250e-01 0.000e+00 -1.103e-12
2.500e-01 0.000e+00 -1.250e-01 0.000e+00 -3.036e-12
2.656e-01 0.000e+00 -1.250e-01 0.000e+00 4.159e-12
2.812e-01 0.000e+00 -1.250e-01 0.000e+00 1.135e-11
2.969e-01 0.000e+00 -1.250e-01 0.000e+00 -1.548e-11
3.125e-01 0.000e+00 -1.250e-01 0.000e+00 -4.231e-11
3.281e-01 0.000e+00 -1.250e-01 0.000e+00 5.787e-11
3.438e-01 0.000e+00 -1.250e-01 0.000e+00 1.580e-10
3.594e-01 0.000e+00 -1.250e-01 0.000e+00 -2.158e-10
3.750e-01 0.000e+00 -1.250e-01 0.000e+00 -5.897e-10
3.906e-01 0.000e+00 -1.250e-01 0.000e+00 8.056e-10
4.062e-01 0.000e+00 -1.250e-01 0.000e+00 2.201e-09
4.219e-01 0.000e+00 -1.250e-01 0.000e+00 -3.006e-09
4.375e-01 0.000e+00 -1.250e-01 0.000e+00 -8.213e-09
4.531e-01 0.000e+00 -1.250e-01 0.000e+00 1.122e-08
4.688e-01 0.000e+00 -1.250e-01 0.000e+00 3.065e-08
4.844e-01 0.000e+00 -1.250e-01 0.000e+00 -4.187e-08
5.000e-01 0.000e+00 -1.250e-01 0.000e+00 -1.144e-07
5.156e-01 0.000e+00 -1.250e-01 0.000e+00 1.563e-07
5.312e-01 0.000e+00 -1.250e-01 0.000e+00 4.269e-07
5.469e-01 0.000e+00 -1.250e-01 0.000e+00 -5.832e-07
5.625e-01 0.000e+00 -1.250e-01 0.000e+00 -1.593e-06
5.781e-01 0.000e+00 -1.250e-01 0.000e+00 2.177e-06
5.938e-01 0.000e+00 -1.250e-01 0.000e+00 5.947e-06
6.094e-01 0.000e+00 -1.250e-01 0.000e+00 -8.123e-06
6.250e-01 0.000e+00 -1.250e-01 0.000e+00 -2.219e-05
6.406e-01 0.000e+00 -1.250e-01 0.000e+00 3.032e-05
6.562e-01 0.000e+00 -1.250e-01 0.000e+00 8.283e-05
6.719e-01 0.000e+00 -1.250e-01 0.000e+00 -1.131e-04
6.875e-01 0.000e+00 -1.250e-01 0.000e+00 -3.091e-04
7.031e-01 0.000e+00 -1.250e-01 0.000e+00 4.223e-04
7.188e-01 0.000e+00 -1.250e-01 0.000e+00 1.154e-03
7.344e-01 0.000e+00 -1.250e-01 0.000e+00 -1.576e-03
7.500e-01 0.000e+00 -1.250e-01 0.000e+00 -4.305e-03
7.656e-01 0.000e+00 -1.249e-01 0.000e+00 1.867e-02
7.812e-01 0.000e+00 -1.246e-01 0.000e+00 4.164e-02
7.969e-01 0.000e+00 -1.237e-01 0.000e+00 1.156e-01
8.125e-01 0.000e+00 -1.219e-01 0.000e+00 1.895e-01
8.281e-01 0.000e+00 -1.190e-01 0.000e+00 2.988e-01
8.438e-01 0.000e+00 -1.149e-01 0.000e+00 4.082e-01
8.594e-01 0.000e+00 -1.093e-01 0.000e+00 5.374e-01
8.750e-01 0.000e+00 -1.023e-01 0.000e+00 6.667e-01
8.906e-01 0.000e+00 -9.371e-02 0.000e+00 7.959e-01
9.062e-01 0.000e+00 -8.363e-02 0.000e+00 9.251e-01
9.219e-01 0.000e+00 -7.215e-02 0.000e+00 1.035e+00
9.375e-01 0.000e+00 -5.938e-02 0.000e+00 1.144e+00
9.531e-01 0.000e+00 -4.554e-02 0.000e+00 1.217e+00
9.688e-01 0.000e+00 -3.085e-02 0.000e+00 1.291e+00
9.844e-01 0.000e+00 -1.558e-02 0.000e+00 1.316e+00
1.000e+00 0.000e+00 0.000e+00 0.000e+00 1.342e+00
1.016e+00 0.000e+00 1.558e-02 0.000e+00 1.316e+00
1.031e+00 0.000e+00 3.085e-02 0.000e+00 1.291e+00
1.047e+00 0.000e+00 4.554e-02 0.000e+00 1.217e+00
1.062e+00 0.000e+00 5.938e-02 0.000e+00 1.144e+00
1.078e+00 0.000e+00 7.215e-02 0.000e+00 1.035e+00
1.094e+00 0.000e+00 8.363e-02 0.000e+00 9.251e-01
1.109e+00 0.000e+00 9.371e-02 0.000e+00 7.959e-01
1.125e+00 0.000e+00 1.023e-01 0.000e+00 6.667e-01
1.141e+00 0.000e+00 1.093e-01 0.000e+00 5.374e-01
1.156e+00 0.000e+00 1.149e-01 0.000e+00 4.082e-01
1.172e+00 0.000e+00 1.190e-01 0.000e+00 2.988e-01
1.188e+00 0.000e+00 1.219e-01 0.000e+00 1.895e-01
1.203e+00 0.000e+00 1.237e-01 0.000e+00 1.156e-01
1.219e+00 0.000e+00 1.246e-01 0.000e+00 4.164e-02
1.234e+00 0.000e+00 1.249e-01 0.000e+00 1.867e-02
1.250e+00 0.000e+00 1.250e-01 0.000e+00 -4.305e-03
1.266e+00 0.000e+00 1.250e-01 0.000e+00 -1.576e-03
1.281e+00 0.000e+00 1.250e-01 0.000e+00 1.154e-03
1.297e+00 0.000e+00 1.250e-01 0.000e+00 4.223e-04
1.312e+00 0.000e+00 1.250e-01 0.000e+00 -3.091e-04
1.328e+00 0.000e+00 1.250e-01 0.000e+00 -1.131e-04
1.344e+00 0.000e+00 1.250e-01 0.000e+00 8.283e-05
1.359e+00 0.000e+00 1.250e-01 0.000e+00 3.032e-05
1.375e+00 0.000e+00 1.250e-01 0.000e+00 -2.219e-05
1.391e+00 0.000e+00 1.250e-01 0.000e+00 -8.123e-06
1.406e+00 0.000e+00 1.250e-01 0.000e+00 5.947e-06
1.422e+00 0.000e+00 1.250e-01 0.000e+00 2.177e-06
1.438e+00 0.000e+00 1.250e-01 0.000e+00 -1.593e-06
1.453e+00 0.000e+00 1.250e-01 0.000e+00 -5.832e-07
1.469e+00 0.000e+00 1.250e-01 0.000e+00 4.269e-07
1.484e+00 0.000e+00 1.250e-01 0.000e+00 1.563e-07
1.500e+00 0.000e+00 1.250e-01 0.000e+00 -1.144e-07
1.516e+00 0.000e+00 1.250e-01 0.000e+00 -4.187e-08
1.531e+00 0.000e+00 1.250e-01 0.000e+00 3.065e-08
1.547e+00 0.000e+00 1.250e-01 0.000e+00 1.122e-08
1.562e+00 0.000e+00 1.250e-01 0.000e+00 -8.214e-09
1.578e+00 0.000e+00 1.250e-01 0.000e+00 -3.006e-09
1.594e+00 0.000e+00 1.250e-01 0.000e+00 2.201e-09
1.609e+00 0.000e+00 1.250e-01 0.000e+00 8.056e-10
1.625e+00 0.000e+00 1.250e-01 0.000e+00 -5.897e-10
1.641e+00 0.000e+00 1.250e-01 0.000e+00 -2.158e-10
1.656e+00 0.000e+00 1.250e-01 0.000e+00 1.580e-10
1.672e+00 0.000e+00 1.250e-01 0.000e+00 5.786e-11
1.688e+00 0.000e+00 1.250e-01 0.000e+00 -4.232e-11
1.703e+00 0.000e+00 1.250e-01 0.000e+00 -1.548e-11
1.719e+00 0.000e+00 1.250e-01 0.000e+00 1.136e-11
1.734e+00 0.000e+00 1.250e-01 0.000e+00 4.171e-12
1.750e+00 0.000e+00 1.250e-01 0.000e+00 -3.023e-12
1.766e+00 0.000e+00 1.250e-01 0.000e+00 -1.090e-12
1.781e+00 0.000e+00 1.250e-01 0.000e+00 8.419e-13
1.797e+00 0.000e+00 1.250e-01 0.000e+00 3.274e-13
1.812e+00 0.000e+00 1.250e-01 0.000e+00 -1.871e-13
1.828e+00 0.000e+00 1.250e-01 0.000e+00 -4.536e-14
1.844e+00 0.000e+00 1.250e-01 0.000e+00 9.634e-14
1.859e+00 0.000e+00 1.250e-01 0.000e+00 4.953e-14
1.875e+00 0.000e+00 1.250e-01 0.000e+00 2.727e-15
1.891e+00 0.000e+00 1.250e-01 0.000e+00 1.271e-14
1.906e+00 0.000e+00 1.250e-01 0.000e+00 2.269e-14
1.922e+00 0.000e+00 1.250e-01 0.000e+00 1.747e-14
1.938e+00 0.000e+00 1.250e-01 0.000e+00 1.226e-14
1.953e+00 0.000e+00 1.250e-01 0.000e+00 9.400e-15
1.969e+00 0.000e+00 1.250e-01 0.000e+00 6.541e-15
1.984e+00 0.000e+00 1.250e-01 0.000e+00 2.042e-15
2.000e+00 0.000e+00 1.250e-01 0.000e+00 -2.456e-15
0.000e+00 1.667e-02 -1.250e-01 3.123e-17 -6.674e-15
1.562e-02 1.667e-02 -1.250e-01 2.082e-17 -6.831e-15
3.125e-02 1.667e-02 -1.250e-01 1.388e-17 -6.987e-15
4.688e-02 1.667e-02 -1.250e-01 5.551e-17 -2.889e-15
6.250e-02 1.667e-02 -1.250e-01 1.735e-17 1.209e-15
7.812e-02 1.667e-02 -1.250e-01 2.776e-17 3.848e-16
9.375e-02 1.667e-02 -1.250e-01 6.741e-17 -4.389e-16
1.094e-01 1.667e-02 -1.250e-01 1.120e-16 -7.835e-15
1.250e-01 1.667e-02 -1.250e-01 6.245e-17 -1.523e-14
1.406e-01 1.667e-02 -1.250e-01 3.469e-17 2.050e-14
1.562e-01 1.667e-02 -1.250e-01 7.391e-17 5.624e-14
1.719e-01 1.667e-02 -1.250e-01 1.334e-16 -7.904e-14
1.875e-01 1.667e-02 -1.250e-01 7.806e-17 -2.143e-13
2.031e-01 1.667e-02 -1.250e-01 6.939e-17 3.049e-13
2.188e-01 1.667e-02 -1.250e-01 4.871e-17 8.240e-13
2.344e-01 1.667e-02 -1.250e-01 1.788e-17 -1.104e-12
2.500e-01 1.667e-02 -1.250e-01 -3.469e-18 -3.032e-12
2.656e-01 1.667e-02 -1.250e-01 1.388e-17 4.163e-12
2.812e-01 1.667e-02 -1.250e-01 2.234e-17 1.136e-11
2.969e-01 1.667e-02 -1.250e-01 3.821e-17 -1.548e-11
3.125e-01 1.667e-02 -1.250e-01 1.301e-16 -4.232e-11
3.281e-01 1.667e-02 -1.250e-01 2.012e-16 5.786e-11
3.438e-01 1.667e-02 -1.250e-01 2.055e-16 1.580e-10
3.594e-01 1.667e-02 -1.250e-01 2.355e-16 -2.158e-10
3.750e-01 1.667e-02 -1.250e-01 2.880e-16 -5.897e-10
3.906e-01 1.667e-02 -1.250e-01 3.608e-16 8.056e-10
4.062e-01 1.667e-02 -1.250e-01 4.035e-16 2.201e-09
4.219e-01 1.667e-02 -1.250e-01 4.476e-16 -3.006e-09
4.375e-01 1.667e-02 -1.250e-01 4.250e-16 -8.213e-09
4.531e-01 1.667e-02 -1.250e-01 3.469e-16 1.122e-08
4.688e-01 1.667e-02 -1.250e-01 -3.021e-16 3.065e-08
4.844e-01 1.667e-02 -1.250e-01 -1.718e-15 -4.187e-08
5.000e-01 1.667e-02 -1.250e-01 -2.718e-15 -1.144e-07
5.156e-01 1.667e-02 -1.250e-01 -1.957e-15 1.563e-07
5.312e-01 1.667e-02 -1.250e-01 -2.829e-16 4.269e-07
5.469e-01 1.667e-02 -1.250e-01 6.240e-16 -5.832e-07
5.625e-01 1.667e-02 -1.250e-01 6.401e-16 -1.593e-06
5.781e-01 1.667e-02 -1.250e-01 2.567e-16 2.177e-06
5.938e-01 1.667e-02 -1.250e-01 -1.275e-16 5.947e-06
6.094e-01 1.667e-02 -1.250e-01 -2.456e-16 -8.123e-06
6.250e-01 1.667e-02 -1.250e-01 -2.012e-16 -2.219e-05
6.406e-01 1.667e-02 -1.250e-01 -1.388e-16 3.032e-05
6.562e-01 1.667e-02 -1.250e-01 2.107e-17 8.283e-05
6.719e-01 1.667e-02 -1.250e-01 1.337e-16 -1.131e-04
6.875e-01 1.667e-02 -1.250e-01 2.446e-16 -3.091e-04
7.031e-01 1.667e-02 -1.250e-01 3.192e-16 4.223e-04
7.188e-01 1.667e-02 -1.250e-01 3.089e-16 1.154e-03
7.344e-01 1.667e-02 -1.250e-01 2.174e-16 -1.576e-03
7.500e-01 1.667e-02 -1.250e-01 2.359e-16 -4.305e-03
7.656e-01 1.667e-02 -1.249e-01 1.735e-16 1.867e-02
7.812e-01 1.667e-02 -1.246e-01 4.716e-17 4.164e-02
7.969e-01 1.667e-02 -1.237e-01 -3.761e-17 1.156e-01
8.125e-01 1.667e-02 -1.219e-01 -6.939e-17 1.895e-01
8.281e-01 1.667e-02 -1.190e-01 -1.041e-16 2.988e-01
8.438e-01 1.667e-02 -1.149e-01 -6.162e-17 4.082e-01
8.594e-01 1.667e-02 -1.093e-01 -5.957e-18 5.374e-01
8.750e-01 1.667e-02 -1.023e-01 1.162e-16 6.667e-01
8.906e-01 1.667e-02 -9.371e-02 2.082e-16 7.959e-01
9.062e-01 1.667e-02 -8.363e-02 1.849e-16 9.251e-01
9.219e-01 1.667e-02 -7.215e-02 1.532e-16 1.035e+00
9.375e-01 1.667e-02 -5.938e-02 1.847e-16 1.144e+00
9.531e-01 1.667e-02 -4.554e-02 2.706e-16 1.217e+00
9.688e-01 1.667e-02 -3.085e-02 3.717e-16 1.291e+00
9.844e-01 1.667e-02 -1.558e-02 4.027e-16 1.316e+00
1.000e+00 1.667e-02 2.076e-15 4.441e-16 1.342e+00
1.016e+00 1.667e-02 1.558e-02 4.510e-17 1.316e+00
1.031e+00 1.667e-02 3.085e-02 -3.105e-16 1.291e+00
1.047e+00 1.667e-02 4.554e-02 -1.508e-16 1.217e+00
1.062e+00 1.667e-02 5.938e-02 -1.388e-16 1.144e+00
1.078e+00 1.667e-02 7.215e-02 -1.110e-16 1.035e+00
1.094e+00 1.667e-02 8.363e-02 -1.596e-16 9.251e-01
1.109e+00 1.667e-02 9.371e-02 -1.565e-16 7.959e-01
1.125e+00 1.667e-02 1.023e-01 -1.527e-16 6.667e-01
1.141e+00 1.667e-02 1.093e-01 -1.110e-16 5.374e-01
1.156e+00 1.667e-02 1.149e-01 -1.110e-16 4.082e-01
1.172e+00 1.667e-02 1.190e-01 -1.314e-16 2.988e-01
1.188e+00 1.667e-02 1.219e-01 -1.665e-16 1.895e-01
1.203e+00 1.667e-02 1.237e-01 -9.714e-17 1.156e-01
1.219e+00 1.667e-02 1.246e-01 -6.245e-17 4.164e-02
1.234e+00 1.667e-02 1.249e-01 -4.510e-17 1.867e-02
1.250e+00 1.667e-02 1.250e-01 0.000e+00 -4.305e-03
1.266e+00 1.667e-02 1.250e-01 -1.110e-16 -1.576e-03
1.281e+00 1.667e-02 1.250e-01 -6.939e-17 1.154e-03
1.297e+00 1.667e-02 1.250e-01 -1.256e-16 4.223e-04
1.312e+00 1.667e-02 1.250e-01 -1.804e-16 -3.091e-04
1.328e+00 1.667e-02 1.250e-01 -2.776e-17 -1.131e-04
1.344e+00 1.667e-02 1.250e-01 -9.714e-17 8.283e-05
1.359e+00 1.667e-02 1.250e-01 -4.619e-17 3.032e-05
1.375e+00 1.667e-02 1.250e-01 4.163e-17 -2.219e-05
1.391e+00 1.667e-02 1.250e-01 1.110e-16 -8.123e-06
1.406e+00 1.667e-02 1.250e-01 3.469e-17 5.947e-06
1.422e+00 1.667e-02 1.250e-01 3.903e-17 2.177e-06
1.438e+00 1.667e-02 1.250e-01 -4.163e-17 -1.593e-06
1.453e+00 1.667e-02 1.250e-01 0.000e+00 -5.832e-07
1.469e+00 1.667e-02 1.250e-01 -6.245e-17 4.269e-07
1.484e+00 1.667e-02 1.250e-01 -6.744e-17 1.563e-07
1.500e+00 1.667e-02 1.250e-01 -9.714e-17 -1.144e-07
1.516e+00 1.667e-02 1.250e-01 -8.327e-17 -4.187e-08
1.531e+00 1.667e-02 1.250e-01 -5.551e-17 3.065e-08
1.547e+00 1.667e-02 1.250e-01 -3.253e-17 1.122e-08
1.562e+00 1.667e-02 1.250e-01 -1.388e-17 -8.214e-09
1.578e+00 1.667e-02 1.250e-01 -6.939e-17 -3.006e-09
1.594e+00 1.667e-02 1.250e-01 0.000e+00 2.201e-09
1.609e+00 1.667e-02 1.250e-01 -3.621e-17 8.056e-10
1.625e+00 1.667e-02 1.250e-01 -6.939e-17 -5.897e-10
1.641e+00 1.667e-02 1.250e-01 -5.551e-17 -2.158e-10
1.656e+00 1.667e-02 1.250e-01 1.041e-16 1.580e-10
1.672e+00 1.667e-02 1.250e-01 9.823e-17 5.785e-11
1.688e+00 1.667e-02 1.250e-01 0.000e+00 -4.232e-11
1.703e+00 1.667e-02 1.250e-01 1.388e-17 -1.548e-11
1.719e+00 1.667e-02 1.250e-01 -2.776e-17 1.137e-11
1.734e+00 1.667e-02 1.250e-01 -4.619e-17 4.173e-12
1.750e+00 1.667e-02 1.250e-01 -8.327e-17 -3.021e-12
1.766e+00 1.667e-02 1.250e-01 2.776e-17 -1.091e-12
1.781e+00 1.667e-02 1.250e-01 5.551e-17 8.388e-13
1.797e+00 1.667e-02 1.250e-01 6.028e-17 3.247e-13
1.812e+00 1.667e-02 1.250e-01 1.388e-17 -1.895e-13
1.828e+00 1.667e-02 1.250e-01 -2.776e-17 -4.821e-14
1.844e+00 1.667e-02 1.250e-01 -2.776e-17 9.304e-14
1.859e+00 1.667e-02 1.250e-01 -1.843e-17 4.901e-14
1.875e+00 1.667e-02 1.250e-01 -1.388e-17 4.983e-15
1.891e+00 1.667e-02 1.250e-01 -4.163e-17 1.394e-14
1.906e+00 1.667e-02 1.250e-01 -4.857e-17 2.291e-14
1.922e+00 1.667e-02 1.250e-01 -6.950e-17 1.872e-14
1.938e+00 1.667e-02 1.250e-01 -2.776e-17 1.453e-14
1.953e+00 1.667e-02 1.250e-01 -9.714e-17 1.289e-14
1.969e+00 1.667e-02 1.250e-01 -5.551e-17 1.125e-14
1.984e+00 1.667e-02 1.250e-01 2.299e-17 2.320e-15
2.000e+00 1.667e-02 1.250e-01 9.368e-17 -6.613e-15
0.000e+00 3.333e-02 -1.250e-01 4.857e-17 -7.846e-15
1.562e-02 3.333e-02 -1.250e-01 4.770e-17 -8.291e-15
3.125e-02 3.333e-02 -1.250e-01 6.440e-18 -8.736e-15
4.688e-02 3.333e-02 -1.250e-01 4.256e-17 -9.775e-16
6.250e-02 3.333e-02 -1.250e-01 1.032e-16 6.781e-15
7.812e-02 3.333e-02 -1.250e-01 3.469e-17 2.015e-15
9.375e-02 3.333e-02 -1.250e-01 9.537e-17 -2.751e-15
1.094e-01 3.333e-02 -1.250e-01 2.677e-16 -8.757e-15
1.250e-01 3.333e-02 -1.250e-01 4.047e-17 -1.476e-14
1.406e-01 3.333e-02 -1.250e-01 -2.776e-17 2.040e-14
1.562e-01 3.333e-02 -1.250e-01 1.017e-16 5.555e-14
1.719e-01 3.333e-02 -1.250e-01 2.691e-16 -7.706e-14
1.875e-01 3.333e-02 -1.250e-01 1.457e-16 -2.097e-13
2.031e-01 3.333e-02 -1.250e-01 1.388e-16 3.041e-13
2.188e-01 3.333e-02 -1.250e-01 3.956e-17 8.179e-13
2.344e-01 3.333e-02 -1.250e-01 -1.271e-17 -1.105e-12
2.500e-01 3.333e-02 -1.250e-01 4.857e-17 -3.029e-12
2.656e-01 3.333e-02 -1.250e-01 8.327e-17 4.167e-12
2.812e-01 3.333e-02 -1.250e-01 3.759e-17 1.136e-11
2.969e-01 3.333e-02 -1.250e-01 -9.023e-18 -1.548e-11
3.125e-01 3.333e-02 -1.250e-01 1.970e-16 -4.232e-11
3.281e-01 3.333e-02 -1.250e-01 3.747e-16 5.786e-11
3.438e-01 3.333e-02 -1.250e-01 3.469e-16 1.580e-10
3.594e-01 3.333e-02 -1.250e-01 4.504e-16 -2.158e-10
3.750e-01 3.333e-02 -1.250e-01 5.045e-16 -5.897e-10
3.906e-01 3.333e-02 -1.250e-01 6.176e-16 8.056e-10
4.062e-01 3.333e-02 -1.250e-01 6.462e-16 2.201e-09
4.219e-01 3.333e-02 -1.250e-01 7.706e-16 -3.006e-09
4.375e-01 3.333e-02 -1.250e-01 9.482e-16 -8.214e-09
4.531e-01 3.333e-02 -1.250e-01 5.898e-16 1.122e-08
4.688e-01 3.333e-02 -1.250e-01 1.440e-16 3.065e-08
4.844e-01 3.333e-02 -1.250e-01 -2.816e-15 -4.187e-08
5.000e-01 3.333e-02 -1.250e-01 -4.954e-15 -1.144e-07
5.156e-01 3.333e-02 -1.250e-01 -4.073e-15 1.563e-07
5.312e-01 3.333e-02 -1.250e-01 -6.384e-16 4.269e-07
5.469e-01 3.333e-02 -1.250e-01 1.173e-15 -5.832e-07
5.625e-01 3.333e-02 -1.250e-01 7.078e-16 -1.593e-06
5.781e-01 3.333e-02 -1.250e-01 6.661e-16 2.177e-06
5.938e-01 3.333e-02 -1.250e-01 2.012e-16 5.947e-06
6.094e-01 3.333e-02 -1.250e-01 -1.529e-16 -8.123e-06
6.250e-01 3.333e-02 -1.250e-01 -3.608e-16 -2.219e-05
6.406e-01 3.333e-02 -1.250e-01 -2.836e-16 3.032e-05
6.562e-01 3.333e-02 -1.250e-01 -1.735e-17 8.283e-05
6.719e-01 3.333e-02 -1.250e-01 2.564e-16 -1.131e-04
6.875e-01 3.333e-02 -1.250e-01 3.446e-16 -3.091e-04
7.031e-01 3.333e-02 -1.250e-01 5.274e-16 4.223e-04
7.188e-01 3.333e-02 -1.250e-01 4.441e-16 1.154e-03
7.344e-01 3.333e-02 -1.250e-01 3.446e-16 -1.576e-03
7.500e-01 3.333e-02 -1.250e-01 2.984e-16 -4.305e-03
7.656e-01 3.333e-02 -1.249e-01 4.718e-16 1.867e-02
7.812e-01 3.333e-02 -1.246e-01 1.804e-16 4.164e-02
7.969e-01 3.333e-02 -1.237e-01 -1.493e-16 1.156e-01
8.125e-01 3.333e-02 -1.219e-01 -1.527e-16 1.895e-01
8.281e-01 3.333e-02 -1.190e-01 -5.551e-17 2.988e-01
8.438e-01 3.333e-02 -1.149e-01 -4.510e-17 4.082e-01
8.594e-01 3.333e-02 -1.093e-01 -5.638e-17 5.374e-01
8.750e-01 3.333e-02 -1.023e-01 6.939e-17 6.667e-01
8.906e-01 3.333e-02 -9.371e-02 4.441e-16 7.959e-01
9.062e-01 3.333e-02 -8.363e-02 2.333e-16 9.251e-01
9.219e-01 3.333e-02 -7.215e-02 2.251e-16 1.035e+00
9.375e-01 3.333e-02 -5.938e-02 2.602e-16 1.144e+00
9.531e-01 3.333e-02 -4.554e-02 3.920e-16 1.217e+00
9.688e-01 3.333e-02 -3.085e-02 5.274e-16 1.291e+00
9.844e-01 3.333e-02 -1.558e-02 5.889e-16 1.316e+00
1.000e+00 3.333e-02 2.337e-15 3.591e-16 1.342e+00
1.016e+00 3.333e-02 1.558e-02 1.759e-16 1.316e+00
1.031e+00 3.333e-02 3.085e-02 -1.366e-16 1.291e+00
1.047e+00 3.333e-02 4.554e-02 -1.874e-16 1.217e+00
1.062e+00 3.333e-02 5.938e-02 -4.441e-16 1.144e+00
1.078e+00 3.333e-02 7.215e-02 -6.679e-17 1.035e+00
1.094e+00 3.333e-02 8.363e-02 -2.359e-16 9.251e-01
1.109e+00 3.333e-02 9.371e-02 -3.123e-16 7.959e-01
1.125e+00 3.333e-02 1.023e-01 -1.943e-16 6.667e-01
1.141e+00 3.333e-02 1.093e-01 -3.903e-16 5.374e-01
1.156e+00 3.333e-02 1.149e-01 -2.151e-16 4.082e-01
1.172e+00 3.333e-02 1.190e-01 -2.290e-16 2.988e-01
1.188e+00 3.333e-02 1.219e-01 -2.776e-16 1.895e-01
1.203e+00 3.333e-02 1.237e-01 -5.313e-18 1.156e-01
1.219e+00 3.333e-02 1.246e-01 -1.527e-16 4.164e-02
1.234e+00 3.333e-02 1.249e-01 -7.633e-17 1.867e-02
1.250e+00 3.333e-02 1.250e-01 -1.110e-16 -4.305e-03
1.266e+00 3.333e-02 1.250e-01 -2.020e-16 -1.576e-03
1.281e+00 3.333e-02 1.250e-01 -9.714e-17 1.154e-03
1.297e+00 3.333e-02 1.250e-01 -3.053e-16 4.223e-04
1.312e+00 3.333e-02 1.250e-01 -5.551e-17 -3.091e-04
1.328e+00 3.333e-02 1.250e-01 -4.964e-17 -1.131e-04
1.344e+00 3.333e-02 1.250e-01 -6.245e-17 8.283e-05
1.359e+00 3.333e-02 1.250e-01 -1.457e-16 3.032e-05
1.375e+00 3.333e-02 1.250e-01 0.000e+00 -2.219e-05
1.391e+00 3.333e-02 1.250e-01 1.458e-16 -8.123e-06
1.406e+00 3.333e-02 1.250e-01 1.041e-16 5.947e-06
1.422e+00 3.333e-02 1.250e-01 1.180e-16 2.177e-06
1.438e+00 3.333e-02 1.250e-01 -2.776e-17 -1.593e-06
1.453e+00 3.333e-02 1.250e-01 -8.607e-17 -5.832e-07
1.469e+00 3.333e-02 1.250e-01 -1.388e-16 4.269e-07
1.484e+00 3.333e-02 1.250e-01 -1.318e-16 1.563e-07
1.500e+00 3.333e-02 1.250e-01 -6.245e-17 -1.144e-07
1.516e+00 3.333e-02 1.250e-01 -1.725e-16 -4.187e-08
1.531e+00 3.333e-02 1.250e-01 -1.249e-16 3.065e-08
1.547e+00 3.333e-02 1.250e-01 -1.110e-16 1.122e-08
1.562e+00 3.333e-02 1.250e-01 -6.245e-17 -8.214e-09
1.578e+00 3.333e-02 1.250e-01 -1.618e-16 -3.006e-09
1.594e+00 3.333e-02 1.250e-01 -5.551e-17 2.201e-09
1.609e+00 3.333e-02 1.250e-01 -1.804e-16 8.056e-10
1.625e+00 3.333e-02 1.250e-01 1.041e-16 -5.897e-10
1.641e+00 3.333e-02 1.250e-01 -1.078e-16 -2.158e-10
1.656e+00 3.333e-02 1.250e-01 1.249e-16 1.580e-10
1.672e+00 3.333e-02 1.250e-01 2.082e-16 5.785e-11
1.688e+00 3.333e-02 1.250e-01 1.665e-16 -4.233e-11
1.703e+00 3.333e-02 1.250e-01 -1.690e-16 -1.548e-11
1.719e+00 3.333e-02 1.250e-01 6.939e-18 1.137e-11
1.734e+00 3.333e-02 1.250e-01 -8.327e-17 4.175e-12
1.750e+00 3.333e-02 1.250e-01 -2.776e-17 -3.020e-12
1.766e+00 3.333e-02 1.250e-01 4.498e-17 -1.092e-12
1.781e+00 3.333e-02 1.250e-01 3.469e-17 8.358e-13
1.797e+00 3.333e-02 1.250e-01 2.012e-16 3.219e-13
1.812e+00 3.333e-02 1.250e-01 -6.939e-17 -1.919e-13
1.828e+00 3.333e-02 1.250e-01 -2.571e-17 -5.107e-14
1.844e+00 3.333e-02 1.250e-01 6.939e-18 8.975e-14
1.859e+00 3.333e-02 1.250e-01 -3.242e-17 4.849e-14
1.875e+00 3.333e-02 1.250e-01 -9.021e-17 7.240e-15
1.891e+00 3.333e-02 1.250e-01 -4.192e-17 1.518e-14
1.906e+00 3.333e-02 1.250e-01 -6.245e-17 2.312e-14
1.922e+00 3.333e-02 1.250e-01 -1.648e-16 1.996e-14
1.938e+00 3.333e-02 1.250e-01 -1.665e-16 1.679e-14
1.953e+00 3.333e-02 1.250e-01 -2.602e-16 1.638e-14
1.969e+00 3.333e-02 1.250e-01 -4.272e-17 1.597e-14
1.984e+00 3.333e-02 1.250e-01 7.459e-17 2.598e-15
2.000e+00 3.333e-02 1.250e-01 6.592e-17 -1.077e-14
0.000e+00 5.000e-02 -1.250e-01 1.036e-16 -8.976e-15
1.562e-02 5.000e-02 -1.250e-01 4.857e-17 -5.196e-15
3.125e-02 5.000e-02 -1.250e-01 2.082e-17 -1.415e-15
4.688e-02 5.000e-02 -1.250e-01 9.823e-17 -1.613e-15
6.250e-02 5.000e-02 -1.250e-01 1.110e-16 -1.810e-15
7.812e-02 5.000e-02 -1.250e-01 2.151e-16 2.741e-15
9.375e-02 5.000e-02 -1.250e-01 1.587e-16 7.292e-15
1.094e-01 5.000e-02 -1.250e-01 1.376e-16 -6.869e-16
1.250e-01 5.000e-02 -1.250e-01 1.180e-16 -8.666e-15
1.406e-01 5.000e-02 -1.250e-01 1.110e-16 2.412e-14
1.562e-01 5.000e-02 -1.250e-01 2.099e-16 5.691e-14
1.719e-01 5.000e-02 -1.250e-01 2.498e-16 -7.957e-14
1.875e-01 5.000e-02 -1.250e-01 2.637e-16 -2.161e-13
2.031e-01 5.000e-02 -1.250e-01 2.220e-16 3.004e-13
2.188e-01 5.000e-02 -1.250e-01 1.527e-16 8.168e-13
2.344e-01 5.000e-02 -1.250e-01 2.776e-17 -1.108e-12
2.500e-01 5.000e-02 -1.250e-01 9.714e-17 -3.033e-12
2.656e-01 5.000e-02 -1.250e-01 2.082e-16 4.162e-12
2.812e-01 5.000e-02 -1.250e-01 1.631e-16 1.136e-11
2.969e-01 5.000e-02 -1.250e-01 2.165e-16 -1.548e-11
3.125e-01 5.000e-02 -1.250e-01 2.914e-16 -4.232e-11
3.281e-01 5.000e-02 -1.250e-01 4.718e-16 5.785e-11
3.438e-01 5.000e-02 -1.250e-01 5.655e-16 1.580e-10
3.594e-01 5.000e-02 -1.250e-01 5.645e-16 -2.158e-10
3.750e-01 5.000e-02 -1.250e-01 6.661e-16 -5.897e-10
3.906e-01 5.000e-02 -1.250e-01 7.355e-16 8.056e-10
4.062e-01 5.000e-02 -1.250e-01 7.216e-16 2.201e-09
4.219e-01 5.000e-02 -1.250e-01 8.302e-16 -3.006e-09
4.375e-01 5.000e-02 -1.250e-01 7.216e-16 -8.214e-09
4.531e-01 5.000e-02 -1.250e-01 4.441e-16 1.122e-08
4.688e-01 5.000e-02 -1.250e-01 -5.274e-16 3.065e-08
4.844e-01 5.000e-02 -1.250e-01 -2.762e-15 -4.187e-08
5.000e-01 5.000e-02 -1.250e-01 -1.099e-14 -1.144e-07
5.156e-01 5.000e-02 -1.250e-01 -3.483e-15 1.563e-07
5.312e-01 5.000e-02 -1.250e-01 -1.055e-15 4.269e-07
5.469e-01 5.000e-02 -1.250e-01 3.261e-16 -5.832e-07
5.625e-01 5.000e-02 -1.250e-01 5.759e-16 -1.593e-06
5.781e-01 5.000e-02 -1.250e-01 1.461e-15 2.177e-06
5.938e-01 5.000e-02 -1.250e-01 5.274e-16 5.947e-06
6.094e-01 5.000e-02 -1.250e-01 -6.557e-16 -8.123e-06
6.250e-01 5.000e-02 -1.250e-01 -1.249e-16 -2.219e-05
6.406e-01 5.000e-02 -1.250e-01 -2.914e-16 3.032e-05
6.562e-01 5.000e-02 -1.250e-01 1.388e-16 8.283e-05
6.719e-01 5.000e-02 -1.250e-01 4.025e-16 -1.131e-04
6.875e-01 5.000e-02 -1.250e-01 4.163e-16 -3.091e-04
7.031e-01 5.000e-02 -1.250e-01 6.314e-16 4.223e-04
7.188e-01 5.000e-02 -1.250e-01 4.267e-16 1.154e-03
7.344e-01 5.000e-02 -1.250e-01 5.898e-16 -1.576e-03
7.500e-01 5.000e-02 -1.250e-01 2.984e-16 -4.305e-03
7.656e-01 5.000e-02 -1.249e-01 5.829e-16 1.867e-02
7.812e-01 5.000e-02 -1.246e-01 5.204e-17 4.164e-02
7.969e-01 5.000e-02 -1.237e-01 -1.318e-16 1.156e-01
8.125e-01 5.000e-02 -1.219e-01 -1.249e-16 1.895e-01
8.281e-01 5.000e-02 -1.190e-01 -1.110e-16 2.988e-01
8.438e-01 5.000e-02 -1.149e-01 4.163e-17 4.082e-01
8.594e-01 5.000e-02 -1.093e-01 5.551e-17 5.374e-01
8.750e-01 5.000e-02 -1.023e-01 1.943e-16 6.667e-01
8.906e-01 5.000e-02 -9.371e-02 1.110e-16 7.959e-01
9.062e-01 5.000e-02 -8.363e-02 2.151e-16 9.251e-01
9.219e-01 5.000e-02 -7.215e-02 2.220e-16 1.035e+00
9.375e-01 5.000e-02 -5.938e-02 3.209e-16 1.144e+00
9.531e-01 5.000e-02 -4.554e-02 2.984e-16 1.217e+00
9.688e-01 5.000e-02 -3.085e-02 6.106e-16 1.291e+00
9.844e-01 5.000e-02 -1.558e-02 8.465e-16 1.316e+00
1.000e+00 5.000e-02 2.632e-15 8.604e-16 1.342e+00
1.016e+00 5.000e-02 1.558e-02 2.961e-16 1.316e+00
1.031e+00 5.000e-02 3.085e-02 1.769e-16 1.291e+00
1.047e+00 5.000e-02 4.554e-02 -1.665e-16 1.217e+00
1.062e+00 5.000e-02 5.938e-02 -4.163e-16 1.144e+00
1.078e+00 5.000e-02 7.215e-02 -1.943e-16 1.035e+00
1.094e+00 5.000e-02 8.363e-02 -1.804e-16 9.251e-01
1.109e+00 5.000e-02 9.371e-02 -1.735e-16 7.959e-01
1.125e+00 5.000e-02 1.023e-01 -2.359e-16 6.667e-01
1.141e+00 5.000e-02 1.093e-01 -2.637e-16 5.374e-01
1.156e+00 5.000e-02 1.149e-01 -3.365e-16 4.082e-01
1.172e+00 5.000e-02 1.190e-01 -4.025e-16 2.988e-01
1.188e+00 5.000e-02 1.219e-01 -3.608e-16 1.895e-01
1.203e+00 5.000e-02 1.237e-01 -2.220e-16 1.156e-01
1.219e+00 5.000e-02 1.246e-01 -2.498e-16 4.164e-02
1.234e+00 5.000e-02 1.249e-01 -1.665e-16 1.867e-02
1.250e+00 5.000e-02 1.250e-01 -9.368e-17 -4.305e-03
1.266e+00 5.000e-02 1.250e-01 -6.939e-17 -1.576e-03
1.281e+00 5.000e-02 1.250e-01 -1.665e-16 1.154e-03
1.297e+00 5.000e-02 1.250e-01 -2.810e-16 4.223e-04
1.312e+00 5.000e-02 1.250e-01 -3.157e-16 -3.091e-04
1.328e+00 5.000e-02 1.250e-01 -2.359e-16 -1.131e-04
1.344e+00 5.000e-02 1.250e-01 -1.943e-16 8.283e-05
1.359e+00 5.000e-02 1.250e-01 -1.110e-16 3.032e-05
1.375e+00 5.000e-02 1.250e-01 -2.082e-17 -2.219e-05
1.391e+00 5.000e-02 1.250e-01 1.804e-16 -8.123e-06
1.406e+00 5.000e-02 1.250e-01 2.914e-16 5.947e-06
1.422e+00 5.000e-02 1.250e-01 1.388e-16 2.177e-06
1.438e+00 5.000e-02 1.250e-01 -1.388e-17 -1.593e-06
1.453e+00 5.000e-02 1.250e-01 -2.498e-16 -5.832e-07
1.469e+00 5.000e-02 1.250e-01 -9.714e-17 4.269e-07
1.484e+00 5.000e-02 1.250e-01 -1.527e-16 1.563e-07
1.500e+00 5.000e-02 1.250e-01 -1.804e-16 -1.144e-07
1.516e+00 5.000e-02 1.250e-01 -1.872e-16 -4.187e-08
1.531e+00 5.000e-02 1.250e-01 -1.249e-16 3.065e-08
1.547e+00 5.000e-02 1.250e-01 -1.076e-16 1.122e-08
1.562e+00 5.000e-02 1.250e-01 -7.633e-17 -8.214e-09
1.578e+00 5.000e-02 1.250e-01 -9.714e-17 -3.006e-09
1.594e+00 5.000e-02 1.250e-01 -8.327e-17 2.201e-09
1.609e+00 5.000e-02 1.250e-01 -1.249e-16 8.056e-10
1.625e+00 5.000e-02 1.250e-01 -5.551e-17 -5.897e-10
1.641e+00 5.000e-02 1.250e-01 1.388e-17 -2.158e-10
1.656e+00 5.000e-02 1.250e-01 1.110e-16 1.580e-10
1.672e+00 5.000e-02 1.250e-01 2.637e-16 5.785e-11
1.688e+00 5.000e-02 1.250e-01 2.047e-16 -4.233e-11
1.703e+00 5.000e-02 1.250e-01 6.939e-17 -1.548e-11
1.719e+00 5.000e-02 1.250e-01 2.776e-17 1.137e-11
1.734e+00 5.000e-02 1.250e-01 -1.388e-17 4.180e-12
1.750e+00 5.000e-02 1.250e-01 -8.674e-17 -3.011e-12
1.766e+00 5.000e-02 1.250e-01 0.000e+00 -1.091e-12
1.781e+00 5.000e-02 1.250e-01 1.110e-16 8.302e-13
1.797e+00 5.000e-02 1.250e-01 4.163e-17 3.198e-13
1.812e+00 5.000e-02 1.250e-01 2.082e-17 -1.905e-13
1.828e+00 5.000e-02 1.250e-01 8.327e-17 -5.216e-14
1.844e+00 5.000e-02 1.250e-01 -9.714e-17 8.613e-14
1.859e+00 5.000e-02 1.250e-01 -2.776e-17 4.676e-14
1.875e+00 5.000e-02 1.250e-01 5.204e-17 7.384e-15
1.891e+00 5.000e-02 1.250e-01 0.000e+00 2.050e-14
1.906e+00 5.000e-02 1.250e-01 -1.527e-16 3.362e-14
1.922e+00 5.000e-02 1.250e-01 -2.914e-16 2.166e-14
1.938e+00 5.000e-02 1.250e-01 -1.893e-16 9.701e-15
1.953e+00 5.000e-02 1.250e-01 -1.110e-16 1.136e-14
1.969e+00 5.000e-02 1.250e-01 -2.429e-17 1.302e-14
1.984e+00 5.000e-02 1.250e-01 3.816e-17 4.425e-15
2.000e+00 5.000e-02 1.250e-01 2.002e-16 -4.173e-15
0.000e+00 6.667e-02 -1.250e-01 2.709e-16 -1.011e-14
1.562e-02 6.667e-02 -1.250e-01 1.812e-17 -2.101e-15
3.125e-02 6.667e-02 -1.250e-01 -6.192e-17 5.905e-15
4.688e-02 6.667e-02 -1.250e-01 6.939e-17 -2.248e-15
6.250e-02 6.667e-02 -1.250e-01 9.368e-17 -1.040e-14
7.812e-02 6.667e-02 -1.250e-01 8.327e-17 3.468e-15
9.375e-02 6.667e-02 -1.250e-01 1.527e-16 1.734e-14
1.094e-01 6.667e-02 -1.250e-01 1.735e-16 7.383e-15
1.250e-01 6.667e-02 -1.250e-01 1.422e-16 -2.570e-15
1.406e-01 6.667e-02 -1.250e-01 2.116e-16 2.785e-14
1.562e-01 6.667e-02 -1.250e-01 2.064e-16 5.827e-14
1.719e-01 6.667e-02 -1.250e-01 3.209e-16 -8.208e-14
1.875e-01 6.667e-02 -1.250e-01 2.463e-16 -2.224e-13
2.031e-01 6.667e-02 -1.250e-01 2.030e-16 2.966e-13
2.188e-01 6.667e-02 -1.250e-01 1.839e-16 8.156e-13
2.344e-01 6.667e-02 -1.250e-01 9.021e-17 -1.110e-12
2.500e-01 6.667e-02 -1.250e-01 1.457e-16 -3.036e-12
2.656e-01 6.667e-02 -1.250e-01 1.804e-16 4.156e-12
2.812e-01 6.667e-02 -1.250e-01 1.700e-16 1.135e-11
2.969e-01 6.667e-02 -1.250e-01 2.689e-16 -1.549e-11
3.125e-01 6.667e-02 -1.250e-01 3.053e-16 -4.232e-11
3.281e-01 6.667e-02 -1.250e-01 4.840e-16 5.785e-11
3.438e-01 6.667e-02 -1.250e-01 4.597e-16 1.580e-10
3.594e-01 6.667e-02 -1.250e-01 5.464e-16 -2.158e-10
3.750e-01 6.667e-02 -1.250e-01 6.592e-16 -5.897e-10
3.906e-01 6.667e-02 -1.250e-01 6.557e-16 8.056e-10
4.062e-01 6.667e-02 -1.250e-01 6.661e-16 2.201e-09
4.219e-01 6.667e-02 -1.250e-01 5.395e-16 -3.006e-09
4.375e-01 6.667e-02 -1.250e-01 3.400e-16 -8.214e-09
4.531e-01 6.667e-02 -1.250e-01 -1.839e-16 1.122e-08
4.688e-01 6.667e-02 -1.250e-01 -1.084e-15 3.065e-08
4.844e-01 6.667e-02 -1.250e-01 -3.261e-15 -4.187e-08
5.000e-01 6.667e-02 -1.250e-01 -4.725e-15 -1.144e-07
5.156e-01 6.667e-02 -1.250e-01 -3.574e-15 1.563e-07
5.312e-01 6.667e-02 -1.250e-01 -1.318e-15 4.269e-07
5.469e-01 6.667e-02 -1.250e-01 -3.574e-16 -5.832e-07
5.625e-01 6.667e-02 -1.250e-01 4.601e-16 -1.593e-06
5.781e-01 6.667e-02 -1.250e-01 9.159e-16 2.177e-06
5.938e-01 6.667e-02 -1.250e-01 6.469e-16 5.947e-06
6.094e-01 6.667e-02 -1.250e-01 4.857e-17 -8.123e-06
6.250e-01 6.667e-02 -1.250e-01 -3.112e-17 -2.219e-05
6.406e-01 6.667e-02 -1.250e-01 1.249e-16 3.032e-05
6.562e-01 6.667e-02 -1.250e-01 2.654e-16 8.283e-05
6.719e-01 6.667e-02 -1.250e-01 3.400e-16 -1.131e-04
6.875e-01 6.667e-02 -1.250e-01 4.363e-16 -3.091e-04
7.031e-01 6.667e-02 -1.250e-01 5.065e-16 4.223e-04
7.188e-01 6.667e-02 -1.250e-01 4.319e-16 1.154e-03
7.344e-01 6.667e-02 -1.250e-01 4.406e-16 -1.576e-03
7.500e-01 6.667e-02 -1.250e-01 4.259e-16 -4.305e-03
7.656e-01 6.667e-02 -1.249e-01 3.886e-16 1.867e-02
7.812e-01 6.667e-02 -1.246e-01 2.810e-16 4.164e-02
7.969e-01 6.667e-02 -1.237e-01 2.220e-16 1.156e-01
8.125e-01 6.667e-02 -1.219e-01 -6.418e-17 1.895e-01
8.281e-01 6.667e-02 -1.190e-01 -1.388e-16 2.988e-01
8.438e-01 6.667e-02 -1.149e-01 7.980e-17 4.082e-01
8.594e-01 6.667e-02 -1.093e-01 2.012e-16 5.374e-01
8.750e-01 6.667e-02 -1.023e-01 1.214e-16 6.667e-01
8.906e-01 6.667e-02 -9.371e-02 1.405e-16 7.959e-01
9.062e-01 6.667e-02 -8.363e-02 1.405e-16 9.251e-01
9.219e-01 6.667e-02 -7.215e-02 2.116e-16 1.035e+00
9.375e-01 6.667e-02 -5.938e-02 3.222e-16 1.144e+00
9.531e-01 6.667e-02 -4.554e-02 4.901e-16 1.217e+00
9.688e-01 6.667e-02 -3.085e-02 1.499e-15 1.291e+00
9.844e-01 6.667e-02 -1.558e-02 1.332e-15 1.316e+00
1.000e+00 6.667e-02 2.501e-15 4.328e-16 1.342e+00
1.016e+00 6.667e-02 1.558e-02 2.220e-16 1.316e+00
1.031e+00 6.667e-02 3.085e-02 1.683e-16 1.291e+00
1.047e+00 6.667e-02 4.554e-02 -3.504e-16 1.217e+00
1.062e+00 6.667e-02 5.938e-02 -5.274e-16 1.144e+00
1.078e+00 6.667e-02 7.215e-02 -3.469e-16 1.035e+00
1.094e+00 6.667e-02 8.363e-02 -1.561e-16 9.251e-01
1.109e+00 6.667e-02 9.371e-02 -2.637e-16 7.959e-01
1.125e+00 6.667e-02 1.023e-01 -2.318e-16 6.667e-01
1.141e+00 6.667e-02 1.093e-01 -3.053e-16 5.374e-01
1.156e+00 6.667e-02 1.149e-01 -4.788e-16 4.082e-01
1.172e+00 6.667e-02 1.190e-01 -5.135e-16 2.988e-01
1.188e+00 6.667e-02 1.219e-01 -4.510e-16 1.895e-01
1.203e+00 6.667e-02 1.237e-01 -2.914e-16 1.156e-01
1.219e+00 6.667e-02 1.246e-01 -1.735e-16 4.164e-02
1.234e+00 6.667e-02 1.249e-01 -2.082e-16 1.867e-02
1.250e+00 6.667e-02 1.250e-01 -3.469e-17 -4.305e-03
1.266e+00 6.667e-02 1.250e-01 -1.804e-16 -1.576e-03
1.281e+00 6.667e-02 1.250e-01 -1.596e-16 1.154e-03
1.297e+00 6.667e-02 1.250e-01 -4.580e-16 4.223e-04
1.312e+00 6.667e-02 1.250e-01 -2.776e-16 -3.091e-04
1.328e+00 6.667e-02 1.250e-01 -4.441e-16 -1.131e-04
1.344e+00 6.667e-02 1.250e-01 -3.192e-16 8.283e-05
1.359e+00 6.667e-02 1.250e-01 -2.845e-16 3.032e-05
1.375e+00 6.667e-02 1.250e-01 6.939e-17 -2.219e-05
1.391e+00 6.667e-02 1.250e-01 2.706e-16 -8.123e-06
1.406e+00 6.667e-02 1.250e-01 1.927e-16 5.947e-06
1.422e+00 6.667e-02 1.250e-01 1.388e-16 2.177e-06
1.438e+00 6.667e-02 1.250e-01 4.163e-17 -1.593e-06
1.453e+00 6.667e-02 1.250e-01 -2.082e-16 -5.832e-07
1.469e+00 6.667e-02 1.250e-01 -2.012e-16 4.269e-07
1.484e+00 6.667e-02 1.250e-01 -2.498e-16 1.563e-07
1.500e+00 6.667e-02 1.250e-01 -2.498e-16 -1.144e-07
1.516e+00 6.667e-02 1.250e-01 -1.388e-16 -4.187e-08
1.531e+00 6.667e-02 1.250e-01 -2.984e-16 3.065e-08
1.547e+00 6.667e-02 1.250e-01 -1.388e-17 1.122e-08
1.562e+00 6.667e-02 1.250e-01 -1.388e-16 -8.214e-09
1.578e+00 6.667e-02 1.250e-01 0.000e+00 -3.006e-09
1.594e+00 6.667e-02 1.250e-01 2.082e-17 2.201e-09
1.609e+00 6.667e-02 1.250e-01 -7.633e-17 8.056e-10
1.625e+00 6.667e-02 1.250e-01 9.021e-17 -5.897e-10
1.641e+00 6.667e-02 1.250e-01 1.318e-16 -2.158e-10
1.656e+00 6.667e-02 1.250e-01 1.451e-16 1.580e-10
1.672e+00 6.667e-02 1.250e-01 4.302e-16 5.784e-11
1.688e+00 6.667e-02 1.250e-01 2.706e-16 -4.233e-11
1.703e+00 6.667e-02 1.250e-01 1.527e-16 -1.548e-11
1.719e+00 6.667e-02 1.250e-01 1.180e-16 1.137e-11
1.734e+00 6.667e-02 1.250e-01 -8.327e-17 4.184e-12
1.750e+00 6.667e-02 1.250e-01 -2.082e-17 -3.002e-12
1.766e+00 6.667e-02 1.250e-01 -2.498e-16 -1.089e-12
1.781e+00 6.667e-02 1.250e-01 6.273e-17 8.246e-13
1.797e+00 6.667e-02 1.250e-01 1.527e-16 3.178e-13
1.812e+00 6.667e-02 1.250e-01 -6.939e-18 -1.890e-13
1.828e+00 6.667e-02 1.250e-01 5.551e-17 -5.326e-14
1.844e+00 6.667e-02 1.250e-01 4.163e-17 8.252e-14
1.859e+00 6.667e-02 1.250e-01 8.327e-17 4.502e-14
1.875e+00 6.667e-02 1.250e-01 8.203e-17 7.528e-15
1.891e+00 6.667e-02 1.250e-01 1.527e-16 2.582e-14
1.906e+00 6.667e-02 1.250e-01 -1.272e-16 4.412e-14
1.922e+00 6.667e-02 1.250e-01 -2.763e-16 2.337e-14
1.938e+00 6.667e-02 1.250e-01 -2.637e-16 2.609e-15
1.953e+00 6.667e-02 1.250e-01 -2.119e-16 6.344e-15
1.969e+00 6.667e-02 1.250e-01 -1.762e-16 1.008e-14
1.984e+00 6.667e-02 1.250e-01 2.864e-17 6.251e-15
2.000e+00 6.667e-02 1.250e-01 7.970e-17 2.422e-15
0.000e+00 8.333e-02 -1.250e-01 3.440e-17 -5.010e-15
1.562e-02 8.333e-02 -1.250e-01 2.485e-16 4.030e-15
3.125e-02 8.333e-02 -1.250e-01 -1.388e-17 1.307e-14
4.688e-02 8.333e-02 -1.250e-01 -1.170e-16 7.280e-15
6.250e-02 8.333e-02 -1.250e-01 9.995e-17 1.489e-15
7.812e-02 8.333e-02 -1.250e-01 1.110e-16 8.994e-15
9.375e-02 8.333e-02 -1.250e-01 1.388e-16 1.650e-14
1.094e-01 8.333e-02 -1.250e-01 2.738e-16 7.295e-15
1.250e-01 8.333e-02 -1.250e-01 1.839e-16 -1.908e-15
1.406e-01 8.333e-02 -1.250e-01 2.845e-16 2.862e-14
1.562e-01 8.333e-02 -1.250e-01 2.325e-16 5.915e-14
1.719e-01 8.333e-02 -1.250e-01 2.220e-16 -8.253e-14
1.875e-01 8.333e-02 -1.250e-01 2.186e-16 -2.242e-13
2.031e-01 8.333e-02 -1.250e-01 2.567e-16 2.958e-13
2.188e-01 8.333e-02 -1.250e-01 1.180e-16 8.158e-13
2.344e-01 8.333e-02 -1.250e-01 6.939e-17 -1.109e-12
2.500e-01 8.333e-02 -1.250e-01 1.579e-16 -3.035e-12
2.656e-01 8.333e-02 -1.250e-01 1.318e-16 4.159e-12
2.812e-01 8.333e-02 -1.250e-01 1.943e-16 1.135e-11
2.969e-01 8.333e-02 -1.250e-01 2.082e-16 -1.549e-11
3.125e-01 8.333e-02 -1.250e-01 3.747e-16 -4.233e-11
3.281e-01 8.333e-02 -1.250e-01 3.261e-16 5.785e-11
3.438e-01 8.333e-02 -1.250e-01 3.816e-16 1.580e-10
3.594e-01 8.333e-02 -1.250e-01 4.372e-16 -2.158e-10
3.750e-01 8.333e-02 -1.250e-01 5.482e-16 -5.897e-10
3.906e-01 8.333e-02 -1.250e-01 5.551e-16 8.056e-10
4.062e-01 8.333e-02 -1.250e-01 3.886e-16 2.201e-09
4.219e-01 8.333e-02 -1.250e-01 1.504e-16 -3.006e-09
4.375e-01 8.333e-02 -1.250e-01 -8.327e-17 -8.214e-09
4.531e-01 8.333e-02 -1.250e-01 -7.494e-16 1.122e-08
4.688e-01 8.333e-02 -1.250e-01 -1.860e-15 3.065e-08
4.844e-01 8.333e-02 -1.250e-01 -3.306e-15 -4.187e-08
5.000e-01 8.333e-02 -1.250e-01 -4.222e-15 -1.144e-07
5.156e-01 8.333e-02 -1.250e-01 -3.279e-15 1.563e-07
5.312e-01 8.333e-02 -1.250e-01 -1.821e-15 4.269e-07
5.469e-01 8.333e-02 -1.250e-01 -5.829e-16 -5.832e-07
5.625e-01 8.333e-02 -1.250e-01 1.180e-16 -1.593e-06
5.781e-01 8.333e-02 -1.250e-01 5.881e-16 2.177e-06
5.938e-01 8.333e-02 -1.250e-01 5.829e-16 5.947e-06
6.094e-01 8.333e-02 -1.250e-01 2.845e-16 -8.123e-06
6.250e-01 8.333e-02 -1.250e-01 9.714e-17 -2.219e-05
6.406e-01 8.333e-02 -1.250e-01 1.492e-16 3.032e-05
6.562e-01 8.333e-02 -1.250e-01 2.741e-16 8.283e-05
6.719e-01 8.333e-02 -1.250e-01 3.053e-16 -1.131e-04
6.875e-01 8.333e-02 -1.250e-01 3.504e-16 -3.091e-04
7.031e-01 8.333e-02 -1.250e-01 3.192e-16 4.223e-04
7.188e-01 8.333e-02 -1.250e-01 3.678e-16 1.154e-03
7.344e-01 8.333e-02 -1.250e-01 1.665e-16 -1.576e-03
7.500e-01 8.333e-02 -1.250e-01 3.123e-16 -4.305e-03
7.656e-01 8.333e-02 -1.249e-01 3.383e-16 1.867e-02
7.812e-01 8.333e-02 -1.246e-01 4.580e-16 4.164e-02
7.969e-01 8.333e-02 -1.237e-01 1.214e-16 1.156e-01
8.125e-01 8.333e-02 -1.219e-01 -1.457e-16 1.895e-01
8.281e-01 8.333e-02 -1.190e-01 -7.980e-17 2.988e-01
8.438e-01 8.333e-02 -1.149e-01 8.327e-17 4.082e-01
8.594e-01 8.333e-02 -1.093e-01 1.856e-16 5.374e-01
8.750e-01 8.333e-02 -1.023e-01 1.110e-16 6.667e-01
8.906e-01 8.333e-02 -9.371e-02 1.134e-16 7.959e-01
9.062e-01 8.333e-02 -8.363e-02 3.469e-17 9.251e-01
9.219e-01 8.333e-02 -7.215e-02 3.240e-17 1.035e+00
9.375e-01 8.333e-02 -5.938e-02 2.325e-16 1.144e+00
9.531e-01 8.333e-02 -4.554e-02 4.159e-16 1.217e+00
9.688e-01 8.333e-02 -3.085e-02 6.800e-16 1.291e+00
9.844e-01 8.333e-02 -1.558e-02 8.465e-16 1.316e+00
1.000e+00 8.333e-02 2.928e-15 4.163e-16 1.342e+00
1.016e+00 8.333e-02 1.558e-02 3.608e-16 1.316e+00
1.031e+00 8.333e-02 3.085e-02 2.116e-16 1.291e+00
1.047e+00 8.333e-02 4.554e-02 -7.772e-16 1.217e+00
1.062e+00 8.333e-02 5.938e-02 0.000e+00 1.144e+00
1.078e+00 8.333e-02 7.215e-02 -3.469e-17 1.035e+00
1.094e+00 8.333e-02 8.363e-02 -1.943e-16 9.251e-01
1.109e+00 8.333e-02 9.371e-02 -2.984e-16 7.959e-01
1.125e+00 8.333e-02 1.023e-01 -3.053e-16 6.667e-01
1.141e+00 8.333e-02 1.093e-01 -4.181e-16 5.374e-01
1.156e+00 8.333e-02 1.149e-01 -5.863e-16 4.082e-01
1.172e+00 8.333e-02 1.190e-01 -6.661e-16 2.988e-01
1.188e+00 8.333e-02 1.219e-01 -3.192e-16 1.895e-01
1.203e+00 8.333e-02 1.237e-01 -2.567e-16 1.156e-01
1.219e+00 8.333e-02 1.246e-01 -1.388e-16 4.164e-02
1.234e+00 8.333e-02 1.249e-01 -5.551e-17 1.867e-02
1.250e+00 8.333e-02 1.250e-01 6.939e-17 -4.305e-03
1.266e+00 8.333e-02 1.250e-01 -1.249e-16 -1.576e-03
1.281e+00 8.333e-02 1.250e-01 -6.939e-17 1.154e-03
1.297e+00 8.333e-02 1.250e-01 -3.053e-16 4.223e-04
1.312e+00 8.333e-02 1.250e-01 -3.331e-16 -3.091e-04
1.328e+00 8.333e-02 1.250e-01 -5.135e-16 -1.131e-04
1.344e+00 8.333e-02 1.250e-01 -2.498e-16 8.283e-05
1.359e+00 8.333e-02 1.250e-01 -1.943e-16 3.032e-05
1.375e+00 8.333e-02 1.250e-01 0.000e+00 -2.219e-05
1.391e+00 8.333e-02 1.250e-01 1.110e-16 -8.123e-06
1.406e+00 8.333e-02 1.250e-01 1.527e-16 5.947e-06
1.422e+00 8.333e-02 1.250e-01 5.898e-17 2.177e-06
1.438e+00 8.333e-02 1.250e-01 -6.939e-17 -1.593e-06
1.453e+00 8.333e-02 1.250e-01 -1.110e-16 -5.832e-07
1.469e+00 8.333e-02 1.250e-01 -2.637e-16 4.269e-07
1.484e+00 8.333e-02 1.250e-01 -2.914e-16 1.563e-07
1.500e+00 8.333e-02 1.250e-01 -1.249e-16 -1.144e-07
1.516e+00 8.333e-02 1.250e-01 -2.359e-16 -4.187e-08
1.531e+00 8.333e-02 1.250e-01 -3.469e-16 3.065e-08
1.547e+00 8.333e-02 1.250e-01 -1.804e-16 1.122e-08
1.562e+00 8.333e-02 1.250e-01 -2.498e-16 -8.214e-09
1.578e+00 8.333e-02 1.250e-01 5.551e-17 -3.006e-09
1.594e+00 8.333e-02 1.250e-01 1.388e-17 2.201e-09
1.609e+00 8.333e-02 1.250e-01 5.551e-17 8.056e-10
1.625e+00 8.333e-02 1.250e-01 1.665e-16 -5.897e-10
1.641e+00 8.333e-02 1.250e-01 1.110e-16 -2.158e-10
1.656e+00 8.333e-02 1.250e-01 1.943e-16 1.580e-10
1.672e+00 8.333e-02 1.250e-01 1.839e-16 5.784e-11
1.688e+00 8.333e-02 1.250e-01 1.804e-16 -4.234e-11
1.703e+00 8.333e-02 1.250e-01 2.637e-16 -1.549e-11
1.719e+00 8.333e-02 1.250e-01 1.527e-16 1.136e-11
1.734e+00 8.333e-02 1.250e-01 1.388e-16 4.180e-12
1.750e+00 8.333e-02 1.250e-01 2.776e-17 -3.002e-12
1.766e+00 8.333e-02 1.250e-01 -4.770e-17 -1.082e-12
1.781e+00 8.333e-02 1.250e-01 0.000e+00 8.386e-13
1.797e+00 8.333e-02 1.250e-01 7.806e-17 3.179e-13
1.812e+00 8.333e-02 1.250e-01 2.637e-16 -2.029e-13
1.828e+00 8.333e-02 1.250e-01 9.888e-17 -5.562e-14
1.844e+00 8.333e-02 1.250e-01 4.163e-17 9.164e-14
1.859e+00 8.333e-02 1.250e-01 2.776e-17 4.611e-14
1.875e+00 8.333e-02 1.250e-01 2.359e-16 5.790e-16
1.891e+00 8.333e-02 1.250e-01 1.110e-16 2.422e-14
1.906e+00 8.333e-02 1.250e-01 -1.249e-16 4.786e-14
1.922e+00 8.333e-02 1.250e-01 -3.261e-16 3.348e-14
1.938e+00 8.333e-02 1.250e-01 -4.449e-16 1.911e-14
1.953e+00 8.333e-02 1.250e-01 -2.281e-16 3.874e-15
1.969e+00 8.333e-02 1.250e-01 -6.663e-17 -1.136e-14
1.984e+00 8.333e-02 1.250e-01 -4.732e-19 8.437e-15
2.000e+00 8.333e-02 1.250e-01 1.062e-16 2.824e-14
0.000e+00 1.000e-01 -1.250e-01 2.302e-16 8.732e-17
1.562e-02 1.000e-01 -1.250e-01 -5.551e-17 1.016e-14
3.125e-02 1.000e-01 -1.250e-01 9.395e-17 2.024e-14
4.688e-02 1.000e-01 -1.250e-01 1.943e-16 1.681e-14
6.250e-02 1.000e-01 -1.250e-01 1.995e-16 1.338e-14
7.812e-02 1.000e-01 -1.250e-01 3.133e-16 1.452e-14
9.375e-02 1.000e-01 -1.250e-01 2.524e-16 1.566e-14
1.094e-01 1.000e-01 -1.250e-01 2.290e-16 7.207e-15
1.250e-01 1.000e-01 -1.250e-01 2.073e-16 -1.247e-15
1.406e-01 1.000e-01 -1.250e-01 1.978e-16 2.939e-14
1.562e-01 1.000e-01 -1.250e-01 2.116e-16 6.002e-14
1.719e-01 1.000e-01 -1.250e-01 1.943e-16 -8.297e-14
1.875e-01 1.000e-01 -1.250e-01 2.004e-16 -2.260e-13
2.031e-01 1.000e-01 -1.250e-01 1.735e-16 2.950e-13
2.188e-01 1.000e-01 -1.250e-01 1.223e-16 8.159e-13
2.344e-01 1.000e-01 -1.250e-01 5.551e-17 -1.109e-12
2.500e-01 1.000e-01 -1.250e-01 2.385e-16 -3.033e-12
2.656e-01 1.000e-01 -1.250e-01 2.429e-16 4.162e-12
2.812e-01 1.000e-01 -1.250e-01 2.446e-16 1.136e-11
2.969e-01 1.000e-01 -1.250e-01 2.845e-16 -1.549e-11
3.125e-01 1.000e-01 -1.250e-01 3.626e-16 -4.233e-11
3.281e-01 1.000e-01 -1.250e-01 3.990e-16 5.785e-11
3.438e-01 1.000e-01 -1.250e-01 3.539e-16 1.580e-10
3.594e-01 1.000e-01 -1.250e-01 3.608e-16 -2.158e-10
3.750e-01 1.000e-01 -1.250e-01 3.860e-16 -5.897e-10
3.906e-01 1.000e-01 -1.250e-01 4.441e-16 8.055e-10
4.062e-01 1.000e-01 -1.250e-01 2.984e-16 2.201e-09
4.219e-01 1.000e-01 -1.250e-01 -2.914e-16 -3.006e-09
4.375e-01 1.000e-01 -1.250e-01 -5.506e-16 -8.214e-09
4.531e-01 1.000e-01 -1.250e-01 -1.207e-15 1.122e-08
4.688e-01 1.000e-01 -1.250e-01 -1.915e-15 3.065e-08
4.844e-01 1.000e-01 -1.250e-01 -2.956e-15 -4.187e-08
5.000e-01 1.000e-01 -1.250e-01 -3.240e-15 -1.144e-07
5.156e-01 1.000e-01 -1.250e-01 -2.651e-15 1.563e-07
5.312e-01 1.000e-01 -1.250e-01 -1.880e-15 4.269e-07
5.469e-01 1.000e-01 -1.250e-01 -6.384e-16 -5.832e-07
5.625e-01 1.000e-01 -1.250e-01 -2.984e-16 -1.593e-06
5.781e-01 1.000e-01 -1.250e-01 4.718e-16 2.177e-06
5.938e-01 1.000e-01 -1.250e-01 4.025e-16 5.947e-06
6.094e-01 1.000e-01 -1.250e-01 6.661e-16 -8.123e-06
6.250e-01 1.000e-01 -1.250e-01 3.261e-16 -2.219e-05
6.406e-01 1.000e-01 -1.250e-01 1.388e-16 3.032e-05
6.562e-01 1.000e-01 -1.250e-01 3.608e-16 8.283e-05
6.719e-01 1.000e-01 -1.250e-01 1.388e-16 -1.131e-04
6.875e-01 1.000e-01 -1.250e-01 3.608e-16 -3.091e-04
7.031e-01 1.000e-01 -1.250e-01 6.106e-16 4.223e-04
7.188e-01 1.000e-01 -1.250e-01 1.596e-16 1.154e-03
7.344e-01 1.000e-01 -1.250e-01 1.908e-16 -1.576e-03
7.500e-01 1.000e-01 -1.250e-01 2.290e-16 -4.305e-03
7.656e-01 1.000e-01 -1.249e-01 4.441e-16 1.867e-02
7.812e-01 1.000e-01 -1.246e-01 1.787e-16 4.164e-02
7.969e-01 1.000e-01 -1.237e-01 -2.220e-16 1.156e-01
8.125e-01 1.000e-01 -1.219e-01 -3.018e-16 1.895e-01
8.281e-01 1.000e-01 -1.190e-01 1.110e-16 2.988e-01
8.438e-01 1.000e-01 -1.149e-01 9.714e-17 4.082e-01
8.594e-01 1.000e-01 -1.093e-01 6.939e-17 5.374e-01
8.750e-01 1.000e-01 -1.023e-01 -9.714e-17 6.667e-01
8.906e-01 1.000e-01 -9.371e-02 -3.469e-17 7.959e-01
9.062e-01 1.000e-01 -8.363e-02 -1.110e-16 9.251e-01
9.219e-01 1.000e-01 -7.215e-02 -5.898e-17 1.035e+00
9.375e-01 1.000e-01 -5.938e-02 1.778e-17 1.144e+00
9.531e-01 1.000e-01 -4.554e-02 1.786e-16 1.217e+00
9.688e-01 1.000e-01 -3.085e-02 2.220e-16 1.291e+00
9.844e-01 1.000e-01 -1.558e-02 1.306e-15 1.316e+00
1.000e+00 1.000e-01 3.664e-15 4.996e-16 1.342e+00
1.016e+00 1.000e-01 1.558e-02 1.665e-16 1.316e+00
1.031e+00 1.000e-01 3.085e-02 -1.110e-15 1.291e+00
1.047e+00 1.000e-01 4.554e-02 3.886e-16 1.217e+00
1.062e+00 1.000e-01 5.938e-02 5.020e-16 1.144e+00
1.078e+00 1.000e-01 7.215e-02 5.551e-16 1.035e+00
1.094e+00 1.000e-01 8.363e-02 -1.347e-16 9.251e-01
1.109e+00 1.000e-01 9.371e-02 -1.110e-16 7.959e-01
1.125e+00 1.000e-01 1.023e-01 -8.882e-16 6.667e-01
1.141e+00 1.000e-01 1.093e-01 -3.331e-16 5.374e-01
1.156e+00 1.000e-01 1.149e-01 -8.882e-16 4.082e-01
1.172e+00 1.000e-01 1.190e-01 -3.886e-16 2.988e-01
1.188e+00 1.000e-01 1.219e-01 -6.661e-16 1.895e-01
1.203e+00 1.000e-01 1.237e-01 -9.714e-17 1.156e-01
1.219e+00 1.000e-01 1.246e-01 -1.665e-16 4.164e-02
1.234e+00 1.000e-01 1.249e-01 -1.475e-16 1.867e-02
1.250e+00 1.000e-01 1.250e-01 -1.388e-16 -4.305e-03
1.266e+00 1.000e-01 1.250e-01 -4.163e-17 -1.576e-03
1.281e+00 1.000e-01 1.250e-01 -2.706e-16 1.154e-03
1.297e+00 1.000e-01 1.250e-01 -1.527e-16 4.223e-04
1.312e+00 1.000e-01 1.250e-01 -2.888e-16 -3.091e-04
1.328e+00 1.000e-01 1.250e-01 -2.151e-16 -1.131e-04
1.344e+00 1.000e-01 1.250e-01 -1.583e-16 8.283e-05
1.359e+00 1.000e-01 1.250e-01 -1.619e-16 3.032e-05
1.375e+00 1.000e-01 1.250e-01 -4.163e-17 -2.219e-05
1.391e+00 1.000e-01 1.250e-01 -1.388e-17 -8.123e-06
1.406e+00 1.000e-01 1.250e-01 -4.163e-17 5.947e-06
1.422e+00 1.000e-01 1.250e-01 -1.006e-16 2.177e-06
1.438e+00 1.000e-01 1.250e-01 -6.245e-17 -1.593e-06
1.453e+00 1.000e-01 1.250e-01 -3.469e-17 -5.832e-07
1.469e+00 1.000e-01 1.250e-01 -5.551e-17 4.269e-07
1.484e+00 1.000e-01 1.250e-01 -1.318e-16 1.563e-07
1.500e+00 1.000e-01 1.250e-01 -2.082e-16 -1.144e-07
1.516e+00 1.000e-01 1.250e-01 -2.738e-16 -4.187e-08
1.531e+00 1.000e-01 1.250e-01 -2.498e-16 3.065e-08
1.547e+00 1.000e-01 1.250e-01 -1.665e-16 1.122e-08
1.562e+00 1.000e-01 1.250e-01 -1.527e-16 -8.214e-09
1.578e+00 1.000e-01 1.250e-01 -6.592e-17 -3.006e-09
1.594e+00 1.000e-01 1.250e-01 0.000e+00 2.201e-09
1.609e+00 1.000e-01 1.250e-01 9.021e-17 8.056e-10
1.625e+00 1.000e-01 1.250e-01 1.318e-16 -5.897e-10
1.641e+00 1.000e-01 1.250e-01 1.388e-16 -2.158e-10
1.656e+00 1.000e-01 1.250e-01 9.021e-17 1.580e-10
1.672e+00 1.000e-01 1.250e-01 5.204e-17 5.784e-11
1.688e+00 1.000e-01 1.250e-01 -6.939e-18 -4.235e-11
1.703e+00 1.000e-01 1.250e-01 3.469e-17 -1.550e-11
1.719e+00 1.000e-01 1.250e-01 8.327e-17 1.135e-11
1.734e+00 1.000e-01 1.250e-01 1.038e-16 4.176e-12
1.750e+00 1.000e-01 1.250e-01 2.776e-17 -3.002e-12
1.766e+00 1.000e-01 1.250e-01 -3.469e-18 -1.075e-12
1.781e+00 1.000e-01 1.250e-01 2.776e-17 8.526e-13
1.797e+00 1.000e-01 1.250e-01 6.592e-17 3.179e-13
1.812e+00 1.000e-01 1.250e-01 5.551e-17 -2.168e-13
1.828e+00 1.000e-01 1.250e-01 6.592e-17 -5.799e-14
1.844e+00 1.000e-01 1.250e-01 5.551e-17 1.008e-13
1.859e+00 1.000e-01 1.250e-01 1.145e-16 4.720e-14
1.875e+00 1.000e-01 1.250e-01 2.012e-16 -6.370e-15
1.891e+00 1.000e-01 1.250e-01 1.110e-16 2.261e-14
1.906e+00 1.000e-01 1.250e-01 -6.245e-17 5.159e-14
1.922e+00 1.000e-01 1.250e-01 -1.527e-16 4.360e-14
1.938e+00 1.000e-01 1.250e-01 -2.359e-16 3.561e-14
1.953e+00 1.000e-01 1.250e-01 -2.573e-16 1.405e-15
1.969e+00 1.000e-01 1.250e-01 -6.592e-17 -3.280e-14
1.984e+00 1.000e-01 1.250e-01 4.202e-17 1.062e-14
2.000e+00 1.000e-01 1.250e-01 -8.526e-16 5.405e-14
0.000e+00 1.167e-01 -1.250e-01 7.785e-17 -9.313e-16
1.562e-02 1.167e-01 -1.250e-01 1.145e-16 6.478e-15
3.125e-02 1.167e-01 -1.250e-01 3.816e-16 1.389e-14
4.688e-02 1.167e-01 -1.250e-01 1.943e-16 1.165e-14
6.250e-02 1.167e-01 -1.250e-01 3.053e-16 9.411e-15
7.812e-02 1.167e-01 -1.250e-01 2.741e-16 1.364e-14
9.375e-02 1.167e-01 -1.250e-01 2.576e-16 1.788e-14
1.094e-01 1.167e-01 -1.250e-01 2.290e-16 9.932e-15
1.250e-01 1.167e-01 -1.250e-01 2.047e-16 1.988e-15
1.406e-01 1.167e-01 -1.250e-01 1.943e-16 3.125e-14
1.562e-01 1.167e-01 -1.250e-01 1.891e-16 6.052e-14
1.719e-01 1.167e-01 -1.250e-01 1.665e-16 -8.288e-14
1.875e-01 1.167e-01 -1.250e-01 1.422e-16 -2.263e-13
2.031e-01 1.167e-01 -1.250e-01 1.388e-16 2.987e-13
2.188e-01 1.167e-01 -1.250e-01 9.021e-17 8.237e-13
2.344e-01 1.167e-01 -1.250e-01 1.388e-16 -1.111e-12
2.500e-01 1.167e-01 -1.250e-01 2.082e-16 -3.047e-12
2.656e-01 1.167e-01 -1.250e-01 1.978e-16 4.154e-12
2.812e-01 1.167e-01 -1.250e-01 2.290e-16 1.136e-11
2.969e-01 1.167e-01 -1.250e-01 2.151e-16 -1.549e-11
3.125e-01 1.167e-01 -1.250e-01 3.053e-16 -4.234e-11
3.281e-01 1.167e-01 -1.250e-01 3.643e-16 5.785e-11
3.438e-01 1.167e-01 -1.250e-01 3.782e-16 1.580e-10
3.594e-01 1.167e-01 -1.250e-01 3.088e-16 -2.158e-10
3.750e-01 1.167e-01 -1.250e-01 2.446e-16 -5.897e-10
3.906e-01 1.167e-01 -1.250e-01 1.735e-16 8.055e-10
4.062e-01 1.167e-01 -1.250e-01 3.123e-17 2.201e-09
4.219e-01 1.167e-01 -1.250e-01 -1.943e-16 -3.006e-09
4.375e-01 1.167e-01 -1.250e-01 -5.603e-16 -8.214e-09
4.531e-01 1.167e-01 -1.250e-01 -1.089e-15 1.122e-08
4.688e-01 1.167e-01 -1.250e-01 -1.714e-15 3.065e-08
4.844e-01 1.167e-01 -1.250e-01 -2.186e-15 -4.187e-08
5.000e-01 1.167e-01 -1.250e-01 -2.299e-15 -1.144e-07
5.156e-01 1.167e-01 -1.250e-01 -2.057e-15 1.563e-07
5.312e-01 1.167e-01 -1.250e-01 -1.532e-15 4.269e-07
5.469e-01 1.167e-01 -1.250e-01 -8.986e-16 -5.832e-07
5.625e-01 1.167e-01 -1.250e-01 -2.949e-16 -1.593e-06
5.781e-01 1.167e-01 -1.250e-01 8.674e-17 2.177e-06
5.938e-01 1.167e-01 -1.250e-01 3.036e-16 5.947e-06
6.094e-01 1.167e-01 -1.250e-01 4.233e-16 -8.123e-06
6.250e-01 1.167e-01 -1.250e-01 3.730e-16 -2.219e-05
6.406e-01 1.167e-01 -1.250e-01 2.914e-16 3.032e-05
6.562e-01 1.167e-01 -1.250e-01 2.498e-16 8.283e-05
6.719e-01 1.167e-01 -1.250e-01 2.984e-16 -1.131e-04
6.875e-01 1.167e-01 -1.250e-01 3.504e-16 -3.091e-04
7.031e-01 1.167e-01 -1.250e-01 3.712e-16 4.223e-04
7.188e-01 1.167e-01 -1.250e-01 3.227e-16 1.154e-03
7.344e-01 1.167e-01 -1.250e-01 2.082e-16 -1.576e-03
7.500e-01 1.167e-01 -1.250e-01 1.544e-16 -4.305e-03
7.656e-01 1.167e-01 -1.249e-01 1.631e-16 1.867e-02
7.812e-01 1.167e-01 -1.246e-01 1.232e-16 4.164e-02
7.969e-01 1.167e-01 -1.237e-01 8.674e-17 1.156e-01
8.125e-01 1.167e-01 -1.219e-01 1.145e-16 1.895e-01
8.281e-01 1.167e-01 -1.190e-01 1.492e-16 2.988e-01
8.438e-01 1.167e-01 -1.149e-01 1.301e-16 4.082e-01
8.594e-01 1.167e-01 -1.093e-01 1.041e-17 5.374e-01
8.750e-01 1.167e-01 -1.023e-01 -1.370e-16 6.667e-01
8.906e-01 1.167e-01 -9.371e-02 -1.527e-16 7.959e-01
9.062e-01 1.167e-01 -8.363e-02 -1.318e-16 9.251e-01
9.219e-01 1.167e-01 -7.215e-02 -1.318e-16 1.035e+00
9.375e-01 1.167e-01 -5.938e-02 -1.162e-16 1.144e+00
9.531e-01 1.167e-01 -4.554e-02 -1.214e-17 1.217e+00
9.688e-01 1.167e-01 -3.085e-02 2.429e-16 1.291e+00
9.844e-01 1.167e-01 -1.558e-02 1.027e-15 1.316e+00
1.000e+00 1.167e-01 3.334e-15 6.939e-16 1.342e+00
1.016e+00 1.167e-01 1.558e-02 3.608e-16 1.316e+00
1.031e+00 1.167e-01 3.085e-02 4.441e-16 1.291e+00
1.047e+00 1.167e-01 4.554e-02 -2.220e-16 1.217e+00
1.062e+00 1.167e-01 5.938e-02 8.882e-16 1.144e+00
1.078e+00 1.167e-01 7.215e-02 8.882e-16 1.035e+00
1.094e+00 1.167e-01 8.363e-02 2.776e-16 9.251e-01
1.109e+00 1.167e-01 9.371e-02 0.000e+00 7.959e-01
1.125e+00 1.167e-01 1.023e-01 5.551e-17 6.667e-01
1.141e+00 1.167e-01 1.093e-01 -2.220e-16 5.374e-01
1.156e+00 1.167e-01 1.149e-01 -1.110e-16 4.082e-01
1.172e+00 1.167e-01 1.190e-01 -4.441e-16 2.988e-01
1.188e+00 1.167e-01 1.219e-01 -7.563e-16 1.895e-01
1.203e+00 1.167e-01 1.237e-01 -5.551e-17 1.156e-01
1.219e+00 1.167e-01 1.246e-01 -3.192e-16 4.164e-02
1.234e+00 1.167e-01 1.249e-01 -1.665e-16 1.867e-02
1.250e+00 1.167e-01 1.250e-01 -2.776e-16 -4.305e-03
1.266e+00 1.167e-01 1.250e-01 0.000e+00 -1.576e-03
1.281e+00 1.167e-01 1.250e-01 1.665e-16 1.154e-03
1.297e+00 1.167e-01 1.250e-01 -1.023e-16 4.223e-04
1.312e+00 1.167e-01 1.250e-01 -1.943e-16 -3.091e-04
1.328e+00 1.167e-01 1.250e-01 -2.403e-16 -1.131e-04
1.344e+00 1.167e-01 1.250e-01 -4.996e-16 8.283e-05
1.359e+00 1.167e-01 1.250e-01 0.000e+00 3.032e-05
1.375e+00 1.167e-01 1.250e-01 -1.110e-16 -2.219e-05
1.391e+00 1.167e-01 1.250e-01 -1.284e-16 -8.123e-06
1.406e+00 1.167e-01 1.250e-01 -1.943e-16 5.947e-06
1.422e+00 1.167e-01 1.250e-01 -2.307e-16 2.177e-06
1.438e+00 1.167e-01 1.250e-01 -9.714e-17 -1.593e-06
1.453e+00 1.167e-01 1.250e-01 8.674e-19 -5.832e-07
1.469e+00 1.167e-01 1.250e-01 6.939e-18 4.269e-07
1.484e+00 1.167e-01 1.250e-01 -2.776e-17 1.563e-07
1.500e+00 1.167e-01 1.250e-01 -1.388e-16 -1.144e-07
1.516e+00 1.167e-01 1.250e-01 -1.847e-16 -4.187e-08
1.531e+00 1.167e-01 1.250e-01 -1.041e-16 3.065e-08
1.547e+00 1.167e-01 1.250e-01 -7.633e-17 1.122e-08
1.562e+00 1.167e-01 1.250e-01 -1.041e-16 -8.214e-09
1.578e+00 1.167e-01 1.250e-01 -1.908e-17 -3.006e-09
1.594e+00 1.167e-01 1.250e-01 3.469e-17 2.201e-09
1.609e+00 1.167e-01 1.250e-01 1.023e-16 8.056e-10
1.625e+00 1.167e-01 1.250e-01 2.082e-16 -5.897e-10
1.641e+00 1.167e-01 1.250e-01 1.501e-16 -2.158e-10
1.656e+00 1.167e-01 1.250e-01 8.327e-17 1.580e-10
1.672e+00 1.167e-01 1.250e-01 -2.082e-17 5.785e-11
1.688e+00 1.167e-01 1.250e-01 -1.180e-16 -4.233e-11
1.703e+00 1.167e-01 1.250e-01 -1.145e-16 -1.549e-11
1.719e+00 1.167e-01 1.250e-01 1.388e-17 1.135e-11
1.734e+00 1.167e-01 1.250e-01 1.301e-16 4.172e-12
1.750e+00 1.167e-01 1.250e-01 9.021e-17 -3.004e-12
1.766e+00 1.167e-01 1.250e-01 9.541e-17 -1.079e-12
1.781e+00 1.167e-01 1.250e-01 9.021e-17 8.448e-13
1.797e+00 1.167e-01 1.250e-01 6.245e-17 3.181e-13
1.812e+00 1.167e-01 1.250e-01 4.163e-17 -2.087e-13
1.828e+00 1.167e-01 1.250e-01 6.592e-17 -5.248e-14
1.844e+00 1.167e-01 1.250e-01 9.021e-17 1.037e-13
1.859e+00 1.167e-01 1.250e-01 2.325e-16 4.644e-14
1.875e+00 1.167e-01 1.250e-01 1.769e-16 -1.082e-14
1.891e+00 1.167e-01 1.250e-01 1.093e-16 2.127e-14
1.906e+00 1.167e-01 1.250e-01 6.939e-17 5.337e-14
1.922e+00 1.167e-01 1.250e-01 1.561e-17 3.865e-14
1.938e+00 1.167e-01 1.250e-01 -2.776e-17 2.392e-14
1.953e+00 1.167e-01 1.250e-01 -2.684e-16 3.860e-15
1.969e+00 1.167e-01 1.250e-01 2.012e-16 -1.620e-14
1.984e+00 1.167e-01 1.250e-01 -7.633e-17 6.476e-15
2.000e+00 1.167e-01 1.250e-01 2.776e-17 2.915e-14
0.000e+00 1.333e-01 -1.250e-01 9.424e-17 -1.950e-15
1.562e-02 1.333e-01 -1.250e-01 1.131e-16 2.795e-15
3.125e-02 1.333e-01 -1.250e-01 3.006e-17 7.540e-15
4.688e-02 1.333e-01 -1.250e-01 2.411e-16 6.491e-15
6.250e-02 1.333e-01 -1.250e-01 1.735e-16 5.442e-15
7.812e-02 1.333e-01 -1.250e-01 2.571e-16 1.277e-14
9.375e-02 1.333e-01 -1.250e-01 1.391e-16 2.009e-14
1.094e-01 1.333e-01 -1.250e-01 1.909e-16 1.266e-14
1.250e-01 1.333e-01 -1.250e-01 2.379e-16 5.222e-15
1.406e-01 1.333e-01 -1.250e-01 1.061e-16 3.312e-14
1.562e-01 1.333e-01 -1.250e-01 2.109e-16 6.102e-14
1.719e-01 1.333e-01 -1.250e-01 8.691e-17 -8.278e-14
1.875e-01 1.333e-01 -1.250e-01 1.587e-16 -2.266e-13
2.031e-01 1.333e-01 -1.250e-01 7.499e-17 3.025e-13
2.188e-01 1.333e-01 -1.250e-01 3.497e-16 8.315e-13
2.344e-01 1.333e-01 -1.250e-01 -1.006e-16 -1.114e-12
2.500e-01 1.333e-01 -1.250e-01 2.902e-16 -3.060e-12
2.656e-01 1.333e-01 -1.250e-01 -4.370e-17 4.147e-12
2.812e-01 1.333e-01 -1.250e-01 6.274e-17 1.135e-11
2.969e-01 1.333e-01 -1.250e-01 1.749e-16 -1.550e-11
3.125e-01 1.333e-01 -1.250e-01 1.717e-16 -4.234e-11
3.281e-01 1.333e-01 -1.250e-01 3.272e-16 5.784e-11
3.438e-01 1.333e-01 -1.250e-01 2.919e-16 1.580e-10
3.594e-01 1.333e-01 -1.250e-01 2.335e-16 -2.158e-10
3.750e-01 1.333e-01 -1.250e-01 2.577e-16 -5.897e-10
3.906e-01 1.333e-01 -1.250e-01 -1.601e-16 8.055e-10
4.062e-01 1.333e-01 -1.250e-01 -1.135e-16 2.201e-09
4.219e-01 1.333e-01 -1.250e-01 -2.509e-16 -3.006e-09
4.375e-01 1.333e-01 -1.250e-01 -6.907e-16 -8.214e-09
4.531e-01 1.333e-01 -1.250e-01 -9.720e-16 1.122e-08
4.688e-01 1.333e-01 -1.250e-01 -1.434e-15 3.065e-08
4.844e-01 1.333e-01 -1.250e-01 -1.755e-15 -4.187e-08
5.000e-01 1.333e-01 -1.250e-01 -1.688e-15 -1.144e-07
5.156e-01 1.333e-01 -1.250e-01 -1.601e-15 1.563e-07
5.312e-01 1.333e-01 -1.250e-01 -1.141e-15 4.269e-07
5.469e-01 1.333e-01 -1.250e-01 -8.996e-16 -5.832e-07
5.625e-01 1.333e-01 -1.250e-01 -4.084e-16 -1.593e-06
5.781e-01 1.333e-01 -1.250e-01 6.228e-17 2.177e-06
5.938e-01 1.333e-01 -1.250e-01 1.740e-16 5.947e-06
6.094e-01 1.333e-01 -1.250e-01 4.113e-16 -8.123e-06
6.250e-01 1.333e-01 -1.250e-01 5.917e-16 -2.219e-05
6.406e-01 1.333e-01 -1.250e-01 -5.866e-17 3.032e-05
6.562e-01 1.333e-01 -1.250e-01 2.303e-16 8.283e-05
6.719e-01 1.333e-01 -1.250e-01 2.714e-16 -1.131e-04
6.875e-01 1.333e-01 -1.250e-01 4.022e-16 -3.091e-04
7.031e-01 1.333e-01 -1.250e-01 2.195e-16 4.223e-04
7.188e-01 1.333e-01 -1.250e-01 2.689e-16 1.154e-03
7.344e-01 1.333e-01 -1.250e-01 2.813e-16 -1.576e-03
7.500e-01 1.333e-01 -1.250e-01 8.239e-17 -4.305e-03
7.656e-01 1.333e-01 -1.249e-01 2.391e-16 1.867e-02
7.812e-01 1.333e-01 -1.246e-01 1.510e-17 4.164e-02
7.969e-01 1.333e-01 -1.237e-01 1.961e-16 1.156e-01
8.125e-01 1.333e-01 -1.219e-01 1.195e-16 1.895e-01
8.281e-01 1.333e-01 -1.190e-01 3.010e-16 2.988e-01
8.438e-01 1.333e-01 -1.149e-01 1.125e-16 4.082e-01
8.594e-01 1.333e-01 -1.093e-01 2.429e-17 5.374e-01
8.750e-01 1.333e-01 -1.023e-01 -4.749e-17 6.667e-01
8.906e-01 1.333e-01 -9.371e-02 -1.527e-16 7.959e-01
9.062e-01 1.333e-01 -8.363e-02 -2.533e-16 9.251e-01
9.219e-01 1.333e-01 -7.215e-02 -5.551e-17 1.035e+00
9.375e-01 1.333e-01 -5.938e-02 -2.130e-16 1.144e+00
9.531e-01 1.333e-01 -4.554e-02 -2.776e-17 1.217e+00
9.688e-01 1.333e-01 -3.085e-02 -5.551e-16 1.291e+00
9.844e-01 1.333e-01 -1.558e-02 6.541e-16 1.316e+00
1.000e+00 1.333e-01 4.058e-15 1.019e-15 1.342e+00
1.016e+00 1.333e-01 1.558e-02 7.373e-16 1.316e+00
1.031e+00 1.333e-01 3.085e-02 4.463e-16 1.291e+00
1.047e+00 1.333e-01 4.554e-02 6.366e-16 1.217e+00
1.062e+00 1.333e-01 5.938e-02 4.783e-16 1.144e+00
1.078e+00 1.333e-01 7.215e-02 3.636e-16 1.035e+00
1.094e+00 1.333e-01 8.363e-02 2.125e-16 9.251e-01
1.109e+00 1.333e-01 9.371e-02 1.318e-16 7.959e-01
1.125e+00 1.333e-01 1.023e-01 -7.199e-17 6.667e-01
1.141e+00 1.333e-01 1.093e-01 -1.504e-16 5.374e-01
1.156e+00 1.333e-01 1.149e-01 -2.810e-16 4.082e-01
1.172e+00 1.333e-01 1.190e-01 -3.815e-16 2.988e-01
1.188e+00 1.333e-01 1.219e-01 -2.932e-16 1.895e-01
1.203e+00 1.333e-01 1.237e-01 -2.515e-16 1.156e-01
1.219e+00 1.333e-01 1.246e-01 -1.752e-16 4.164e-02
1.234e+00 1.333e-01 1.249e-01 -1.656e-16 1.867e-02
1.250e+00 1.333e-01 1.250e-01 -1.648e-17 -4.305e-03
1.266e+00 1.333e-01 1.250e-01 4.043e-17 -1.576e-03
1.281e+00 1.333e-01 1.250e-01 -1.023e-16 1.154e-03
1.297e+00 1.333e-01 1.250e-01 -2.776e-16 4.223e-04
1.312e+00 1.333e-01 1.250e-01 -1.874e-16 -3.091e-04
1.328e+00 1.333e-01 1.250e-01 -1.457e-16 -1.131e-04
1.344e+00 1.333e-01 1.250e-01 -6.939e-17 8.283e-05
1.359e+00 1.333e-01 1.250e-01 -2.776e-17 3.032e-05
1.375e+00 1.333e-01 1.250e-01 -9.736e-17 -2.219e-05
1.391e+00 1.333e-01 1.250e-01 -1.800e-16 -8.123e-06
1.406e+00 1.333e-01 1.250e-01 -1.978e-16 5.947e-06
1.422e+00 1.333e-01 1.250e-01 -1.836e-16 2.177e-06
1.438e+00 1.333e-01 1.250e-01 -1.353e-16 -1.593e-06
1.453e+00 1.333e-01 1.250e-01 -6.150e-17 -5.832e-07
1.469e+00 1.333e-01 1.250e-01 -1.214e-17 4.269e-07
1.484e+00 1.333e-01 1.250e-01 1.320e-18 1.563e-07
1.500e+00 1.333e-01 1.250e-01 -2.776e-17 -1.144e-07
1.516e+00 1.333e-01 1.250e-01 -3.461e-17 -4.187e-08
1.531e+00 1.333e-01 1.250e-01 -3.643e-17 3.065e-08
1.547e+00 1.333e-01 1.250e-01 -6.098e-17 1.122e-08
1.562e+00 1.333e-01 1.250e-01 -7.459e-17 -8.214e-09
1.578e+00 1.333e-01 1.250e-01 -2.495e-17 -3.006e-09
1.594e+00 1.333e-01 1.250e-01 6.765e-17 2.201e-09
1.609e+00 1.333e-01 1.250e-01 1.316e-16 8.056e-10
1.625e+00 1.333e-01 1.250e-01 1.475e-16 -5.897e-10
1.641e+00 1.333e-01 1.250e-01 1.120e-16 -2.158e-10
1.656e+00 1.333e-01 1.250e-01 3.816e-17 1.580e-10
1.672e+00 1.333e-01 1.250e-01 -5.078e-17 5.786e-11
1.688e+00 1.333e-01 1.250e-01 -8.153e-17 -4.231e-11
1.703e+00 1.333e-01 1.250e-01 -7.175e-17 -1.548e-11
1.719e+00 1.333e-01 1.250e-01 -4.684e-17 1.134e-11
1.734e+00 1.333e-01 1.250e-01 3.006e-17 4.169e-12
1.750e+00 1.333e-01 1.250e-01 8.327e-17 -3.006e-12
1.766e+00 1.333e-01 1.250e-01 1.097e-16 -1.084e-12
1.781e+00 1.333e-01 1.250e-01 7.459e-17 8.369e-13
1.797e+00 1.333e-01 1.250e-01 3.849e-17 3.182e-13
1.812e+00 1.333e-01 1.250e-01 7.286e-17 -2.006e-13
1.828e+00 1.333e-01 1.250e-01 1.337e-16 -4.696e-14
1.844e+00 1.333e-01 1.250e-01 1.943e-16 1.066e-13
1.859e+00 1.333e-01 1.250e-01 1.710e-16 4.568e-14
1.875e+00 1.333e-01 1.250e-01 1.232e-16 -1.528e-14
1.891e+00 1.333e-01 1.250e-01 1.235e-16 1.993e-14
1.906e+00 1.333e-01 1.250e-01 1.735e-16 5.514e-14
1.922e+00 1.333e-01 1.250e-01 1.021e-16 3.369e-14
1.938e+00 1.333e-01 1.250e-01 -3.123e-17 1.223e-14
1.953e+00 1.333e-01 1.250e-01 -1.291e-16 6.316e-15
1.969e+00 1.333e-01 1.250e-01 -8.609e-17 3.983e-16
1.984e+00 1.333e-01 1.250e-01 -3.296e-17 2.329e-15
2.000e+00 1.333e-01 1.250e-01 8.327e-17 4.259e-15
0.000e+00 1.500e-01 -1.250e-01 -3.469e-18 6.141e-16
1.562e-02 1.500e-01 -1.250e-01 6.646e-17 3.425e-15
3.125e-02 1.500e-01 -1.250e-01 1.041e-16 6.235e-15
4.688e-02 1.500e-01 -1.250e-01 1.700e-16 3.070e-15
6.250e-02 1.500e-01 -1.250e-01 2.116e-16 -9.450e-17
7.812e-02 1.500e-01 -1.250e-01 1.729e-16 5.109e-15
9.375e-02 1.500e-01 -1.250e-01 2.776e-17 1.031e-14
1.094e-01 1.500e-01 -1.250e-01 1.110e-16 4.964e-15
1.250e-01 1.500e-01 -1.250e-01 1.804e-16 -3.855e-16
1.406e-01 1.500e-01 -1.250e-01 1.956e-16 2.765e-14
1.562e-01 1.500e-01 -1.250e-01 3.331e-16 5.568e-14
1.719e-01 1.500e-01 -1.250e-01 9.714e-17 -8.022e-14
1.875e-01 1.500e-01 -1.250e-01 1.492e-16 -2.161e-13
2.031e-01 1.500e-01 -1.250e-01 9.021e-17 3.021e-13
2.188e-01 1.500e-01 -1.250e-01 1.110e-16 8.203e-13
2.344e-01 1.500e-01 -1.250e-01 2.776e-17 -1.112e-12
2.500e-01 1.500e-01 -1.250e-01 -1.561e-17 -3.044e-12
2.656e-01 1.500e-01 -1.250e-01 -1.084e-17 4.153e-12
2.812e-01 1.500e-01 -1.250e-01 1.110e-16 1.135e-11
2.969e-01 1.500e-01 -1.250e-01 -2.776e-17 -1.549e-11
3.125e-01 1.500e-01 -1.250e-01 1.093e-16 -4.234e-11
3.281e-01 1.500e-01 -1.250e-01 1.982e-16 5.784e-11
3.438e-01 1.500e-01 -1.250e-01 8.327e-17 1.580e-10
3.594e-01 1.500e-01 -1.250e-01 2.498e-16 -2.159e-10
3.750e-01 1.500e-01 -1.250e-01 1.353e-16 -5.897e-10
3.906e-01 1.500e-01 -1.250e-01 -1.084e-17 8.055e-10
4.062e-01 1.500e-01 -1.250e-01 -8.327e-17 2.201e-09
4.219e-01 1.500e-01 -1.250e-01 -5.274e-16 -3.006e-09
4.375e-01 1.500e-01 -1.250e-01 -5.464e-16 -8.214e-09
4.531e-01 1.500e-01 -1.250e-01 -8.344e-16 1.122e-08
4.688e-01 1.500e-01 -1.250e-01 -1.221e-15 3.065e-08
4.844e-01 1.500e-01 -1.250e-01 -1.318e-15 -4.187e-08
5.000e-01 1.500e-01 -1.250e-01 -1.402e-15 -1.144e-07
5.156e-01 1.500e-01 -1.250e-01 -1.259e-15 1.563e-07
5.312e-01 1.500e-01 -1.250e-01 -9.714e-16 4.269e-07
5.469e-01 1.500e-01 -1.250e-01 -8.049e-16 -5.832e-07
5.625e-01 1.500e-01 -1.250e-01 -3.782e-16 -1.593e-06
5.781e-01 1.500e-01 -1.250e-01 -3.816e-17 2.177e-06
5.938e-01 1.500e-01 -1.250e-01 2.220e-16 5.947e-06
6.094e-01 1.500e-01 -1.250e-01 2.776e-16 -8.123e-06
6.250e-01 1.500e-01 -1.250e-01 2.567e-16 -2.219e-05
6.406e-01 1.500e-01 -1.250e-01 1.605e-16 3.032e-05
6.562e-01 1.500e-01 -1.250e-01 1.665e-16 8.283e-05
6.719e-01 1.500e-01 -1.250e-01 1.527e-16 -1.131e-04
6.875e-01 1.500e-01 -1.250e-01 1.943e-16 -3.091e-04
7.031e-01 1.500e-01 -1.250e-01 1.704e-16 4.223e-04
7.188e-01 1.500e-01 -1.250e-01 1.665e-16 1.154e-03
7.344e-01 1.500e-01 -1.250e-01 2.220e-16 -1.576e-03
7.500e-01 1.500e-01 -1.250e-01 2.359e-16 -4.305e-03
7.656e-01 1.500e-01 -1.249e-01 2.008e-16 1.867e-02
7.812e-01 1.500e-01 -1.246e-01 3.331e-16 4.164e-02
7.969e-01 1.500e-01 -1.237e-01 2.498e-16 1.156e-01
8.125e-01 1.500e-01 -1.219e-01 3.331e-16 1.895e-01
8.281e-01 1.500e-01 -1.190e-01 1.666e-16 2.988e-01
8.438e-01 1.500e-01 -1.149e-01 2.776e-17 4.082e-01
8.594e-01 1.500e-01 -1.093e-01 1.110e-16 5.374e-01
8.750e-01 1.500e-01 -1.023e-01 4.673e-17 6.667e-01
8.906e-01 1.500e-01 -9.371e-02 -3.469e-17 7.959e-01
9.062e-01 1.500e-01 -8.363e-02 -1.128e-16 9.251e-01
9.219e-01 1.500e-01 -7.215e-02 -1.318e-16 1.035e+00
9.375e-01 1.500e-01 -5.938e-02 -1.587e-16 1.144e+00
9.531e-01 1.500e-01 -4.554e-02 -1.683e-16 1.217e+00
9.688e-01 1.500e-01 -3.085e-02 0.000e+00 1.291e+00
9.844e-01 1.500e-01 -1.558e-02 3.886e-16 1.316e+00
1.000e+00 1.500e-01 2.748e-15 1.665e-15 1.342e+00
1.016e+00 1.500e-01 1.558e-02 4.441e-16 1.316e+00
1.031e+00 1.500e-01 3.085e-02 6.661e-16 1.291e+00
1.047e+00 1.500e-01 4.554e-02 6.661e-16 1.217e+00
1.062e+00 1.500e-01 5.938e-02 5.274e-16 1.144e+00
1.078e+00 1.500e-01 7.215e-02 5.135e-16 1.035e+00
1.094e+00 1.500e-01 8.363e-02 2.776e-16 9.251e-01
1.109e+00 1.500e-01 9.371e-02 3.816e-17 7.959e-01
1.125e+00 1.500e-01 1.023e-01 8.327e-17 6.667e-01
1.141e+00 1.500e-01 1.093e-01 -8.327e-17 5.374e-01
1.156e+00 1.500e-01 1.149e-01 -3.192e-16 4.082e-01
1.172e+00 1.500e-01 1.190e-01 -5.274e-16 2.988e-01
1.188e+00 1.500e-01 1.219e-01 -2.706e-16 1.895e-01
1.203e+00 1.500e-01 1.237e-01 -1.804e-16 1.156e-01
1.219e+00 1.500e-01 1.246e-01 -1.735e-17 4.164e-02
1.234e+00 1.500e-01 1.249e-01 -2.802e-16 1.867e-02
1.250e+00 1.500e-01 1.250e-01 -1.735e-17 -4.305e-03
1.266e+00 1.500e-01 1.250e-01 3.192e-16 -1.576e-03
1.281e+00 1.500e-01 1.250e-01 -2.082e-17 1.154e-03
1.297e+00 1.500e-01 1.250e-01 -5.274e-16 4.223e-04
1.312e+00 1.500e-01 1.250e-01 -2.671e-16 -3.091e-04
1.328e+00 1.500e-01 1.250e-01 -1.534e-17 -1.131e-04
1.344e+00 1.500e-01 1.250e-01 2.498e-16 8.283e-05
1.359e+00 1.500e-01 1.250e-01 2.776e-17 3.032e-05
1.375e+00 1.500e-01 1.250e-01 -1.451e-16 -2.219e-05
1.391e+00 1.500e-01 1.250e-01 -8.847e-17 -8.123e-06
1.406e+00 1.500e-01 1.250e-01 -1.362e-16 5.947e-06
1.422e+00 1.500e-01 1.250e-01 -1.145e-16 2.177e-06
1.438e+00 1.500e-01 1.250e-01 -7.980e-17 -1.593e-06
1.453e+00 1.500e-01 1.250e-01 -9.714e-17 -5.832e-07
1.469e+00 1.500e-01 1.250e-01 -1.214e-17 4.269e-07
1.484e+00 1.500e-01 1.250e-01 4.163e-17 1.563e-07
1.500e+00 1.500e-01 1.250e-01 8.153e-17 -1.144e-07
1.516e+00 1.500e-01 1.250e-01 2.776e-17 -4.187e-08
1.531e+00 1.500e-01 1.250e-01 -5.204e-17 3.065e-08
1.547e+00 1.500e-01 1.250e-01 3.469e-18 1.122e-08
1.562e+00 1.500e-01 1.250e-01 -6.765e-17 -8.214e-09
1.578e+00 1.500e-01 1.250e-01 -1.388e-17 -3.006e-09
1.594e+00 1.500e-01 1.250e-01 5.031e-17 2.201e-09
1.609e+00 1.500e-01 1.250e-01 1.145e-16 8.056e-10
1.625e+00 1.500e-01 1.250e-01 6.592e-17 -5.897e-10
1.641e+00 1.500e-01 1.250e-01 8.327e-17 -2.158e-10
1.656e+00 1.500e-01 1.250e-01 -1.041e-17 1.580e-10
1.672e+00 1.500e-01 1.250e-01 4.163e-17 5.786e-11
1.688e+00 1.500e-01 1.250e-01 -6.939e-18 -4.232e-11
1.703e+00 1.500e-01 1.250e-01 -5.551e-17 -1.548e-11
1.719e+00 1.500e-01 1.250e-01 -6.765e-17 1.136e-11
1.734e+00 1.500e-01 1.250e-01 -2.776e-17 4.172e-12
1.750e+00 1.500e-01 1.250e-01 5.725e-17 -3.012e-12
1.766e+00 1.500e-01 1.250e-01 9.714e-17 -1.089e-12
1.781e+00 1.500e-01 1.250e-01 1.076e-16 8.344e-13
1.797e+00 1.500e-01 1.250e-01 3.816e-17 3.196e-13
1.812e+00 1.500e-01 1.250e-01 5.551e-17 -1.952e-13
1.828e+00 1.500e-01 1.250e-01 1.665e-16 -5.237e-14
1.844e+00 1.500e-01 1.250e-01 2.038e-16 9.050e-14
1.859e+00 1.500e-01 1.250e-01 1.249e-16 4.394e-14
1.875e+00 1.500e-01 1.250e-01 5.031e-17 -2.609e-15
1.891e+00 1.500e-01 1.250e-01 1.110e-16 1.543e-14
1.906e+00 1.500e-01 1.250e-01 2.116e-16 3.346e-14
1.922e+00 1.500e-01 1.250e-01 1.006e-16 2.431e-14
1.938e+00 1.500e-01 1.250e-01 3.123e-17 1.516e-14
1.953e+00 1.500e-01 1.250e-01 -1.249e-16 9.105e-15
1.969e+00 1.500e-01 1.250e-01 -9.021e-17 3.051e-15
1.984e+00 1.500e-01 1.250e-01 -7.720e-17 2.974e-16
2.000e+00 1.500e-01 1.250e-01 -1.700e-16 -2.456e-15
0.000e+00 1.667e-01 -1.250e-01 -3.269e-17 3.178e-15
1.562e-02 1.667e-01 -1.250e-01 5.551e-17 4.055e-15
3.125e-02 1.667e-01 -1.250e-01 1.399e-16 4.931e-15
4.688e-02 1.667e-01 -1.250e-01 1.292e-16 -3.501e-16
6.250e-02 1.667e-01 -1.250e-01 1.540e-16 -5.631e-15
7.812e-02 1.667e-01 -1.250e-01 7.318e-17 -2.549e-15
9.375e-02 1.667e-01 -1.250e-01 3.306e-18 5.340e-16
1.094e-01 1.667e-01 -1.250e-01 1.091e-16 -2.730e-15
1.250e-01 1.667e-01 -1.250e-01 1.637e-16 -5.993e-15
1.406e-01 1.667e-01 -1.250e-01 1.665e-16 2.218e-14
1.562e-01 1.667e-01 -1.250e-01 2.148e-17 5.035e-14
1.719e-01 1.667e-01 -1.250e-01 1.075e-16 -7.766e-14
1.875e-01 1.667e-01 -1.250e-01 2.087e-17 -2.057e-13
2.031e-01 1.667e-01 -1.250e-01 6.592e-17 3.017e-13
2.188e-01 1.667e-01 -1.250e-01 8.402e-17 8.091e-13
2.344e-01 1.667e-01 -1.250e-01 -1.388e-17 -1.109e-12
2.500e-01 1.667e-01 -1.250e-01 7.104e-17 -3.027e-12
2.656e-01 1.667e-01 -1.250e-01 -2.776e-17 4.159e-12
2.812e-01 1.667e-01 -1.250e-01 -3.428e-17 1.134e-11
2.969e-01 1.667e-01 -1.250e-01 -3.557e-17 -1.549e-11
3.125e-01 1.667e-01 -1.250e-01 7.941e-17 -4.233e-11
3.281e-01 1.667e-01 -1.250e-01 0.000e+00 5.783e-11
3.438e-01 1.667e-01 -1.250e-01 1.801e-16 1.580e-10
3.594e-01 1.667e-01 -1.250e-01 1.214e-16 -2.159e-10
3.750e-01 1.667e-01 -1.250e-01 7.218e-17 -5.897e-10
3.906e-01 1.667e-01 -1.250e-01 -5.551e-17 8.055e-10
4.062e-01 1.667e-01 -1.250e-01 -1.234e-16 2.201e-09
4.219e-01 1.667e-01 -1.250e-01 -3.315e-16 -3.006e-09
4.375e-01 1.667e-01 -1.250e-01 -4.135e-16 -8.214e-09
4.531e-01 1.667e-01 -1.250e-01 -6.384e-16 1.122e-08
4.688e-01 1.667e-01 -1.250e-01 -7.887e-16 3.065e-08
4.844e-01 1.667e-01 -1.250e-01 -8.951e-16 -4.187e-08
5.000e-01 1.667e-01 -1.250e-01 -8.836e-16 -1.144e-07
5.156e-01 1.667e-01 -1.250e-01 -9.159e-16 1.563e-07
5.312e-01 1.667e-01 -1.250e-01 -7.092e-16 4.269e-07
5.469e-01 1.667e-01 -1.250e-01 -5.371e-16 -5.832e-07
5.625e-01 1.667e-01 -1.250e-01 -2.564e-16 -1.593e-06
5.781e-01 1.667e-01 -1.250e-01 -1.110e-16 2.177e-06
5.938e-01 1.667e-01 -1.250e-01 9.539e-17 5.947e-06
6.094e-01 1.667e-01 -1.250e-01 2.012e-16 -8.123e-06
6.250e-01 1.667e-01 -1.250e-01 2.298e-16 -2.219e-05
6.406e-01 1.667e-01 -1.250e-01 5.551e-17 3.032e-05
6.562e-01 1.667e-01 -1.250e-01 6.667e-17 8.283e-05
6.719e-01 1.667e-01 -1.250e-01 2.429e-17 -1.131e-04
6.875e-01 1.667e-01 -1.250e-01 5.747e-17 -3.091e-04
7.031e-01 1.667e-01 -1.250e-01 7.980e-17 4.223e-04
7.188e-01 1.667e-01 -1.250e-01 5.091e-17 1.154e-03
7.344e-01 1.667e-01 -1.250e-01 1.769e-16 -1.576e-03
7.500e-01 1.667e-01 -1.250e-01 1.473e-16 -4.305e-03
7.656e-01 1.667e-01 -1.249e-01 3.331e-16 1.867e-02
7.812e-01 1.667e-01 -1.246e-01 1.472e-16 4.164e-02
7.969e-01 1.667e-01 -1.237e-01 2.186e-16 1.156e-01
8.125e-01 1.667e-01 -1.219e-01 4.667e-17 1.895e-01
8.281e-01 1.667e-01 -1.190e-01 1.110e-16 2.988e-01
8.438e-01 1.667e-01 -1.149e-01 8.674e-18 4.082e-01
8.594e-01 1.667e-01 -1.093e-01 1.076e-16 5.374e-01
8.750e-01 1.667e-01 -1.023e-01 -2.472e-17 6.667e-01
8.906e-01 1.667e-01 -9.371e-02 -1.665e-16 7.959e-01
9.062e-01 1.667e-01 -8.363e-02 -7.069e-17 9.251e-01
9.219e-01 1.667e-01 -7.215e-02 -1.605e-16 1.035e+00
9.375e-01 1.667e-01 -5.938e-02 -1.934e-16 1.144e+00
9.531e-01 1.667e-01 -4.554e-02 -1.388e-16 1.217e+00
9.688e-01 1.667e-01 -3.085e-02 2.220e-16 1.291e+00
9.844e-01 1.667e-01 -1.558e-02 -1.344e-16 1.316e+00
1.000e+00 1.667e-01 2.352e-15 2.776e-16 1.342e+00
1.016e+00 1.667e-01 1.558e-02 1.753e-15 1.316e+00
1.031e+00 1.667e-01 3.085e-02 3.053e-16 1.291e+00
1.047e+00 1.667e-01 4.554e-02 -9.853e-16 1.217e+00
1.062e+00 1.667e-01 5.938e-02 1.665e-15 1.144e+00
1.078e+00 1.667e-01 7.215e-02 1.265e-15 1.035e+00
1.094e+00 1.667e-01 8.363e-02 3.331e-16 9.251e-01
1.109e+00 1.667e-01 9.371e-02 1.527e-16 7.959e-01
1.125e+00 1.667e-01 1.023e-01 1.665e-16 6.667e-01
1.141e+00 1.667e-01 1.093e-01 -1.735e-17 5.374e-01
1.156e+00 1.667e-01 1.149e-01 -5.551e-17 4.082e-01
1.172e+00 1.667e-01 1.190e-01 -8.743e-16 2.988e-01
1.188e+00 1.667e-01 1.219e-01 0.000e+00 1.895e-01
1.203e+00 1.667e-01 1.237e-01 6.592e-17 1.156e-01
1.219e+00 1.667e-01 1.246e-01 0.000e+00 4.164e-02
1.234e+00 1.667e-01 1.249e-01 -5.274e-16 1.867e-02
1.250e+00 1.667e-01 1.250e-01 -3.886e-16 -4.305e-03
1.266e+00 1.667e-01 1.250e-01 1.211e-15 -1.576e-03
1.281e+00 1.667e-01 1.250e-01 6.106e-16 1.154e-03
1.297e+00 1.667e-01 1.250e-01 -1.554e-15 4.223e-04
1.312e+00 1.667e-01 1.250e-01 -2.776e-17 -3.091e-04
1.328e+00 1.667e-01 1.250e-01 3.504e-16 -1.131e-04
1.344e+00 1.667e-01 1.250e-01 -7.455e-16 8.283e-05
1.359e+00 1.667e-01 1.250e-01 4.163e-16 3.032e-05
1.375e+00 1.667e-01 1.250e-01 5.703e-17 -2.219e-05
1.391e+00 1.667e-01 1.250e-01 1.214e-16 -8.123e-06
1.406e+00 1.667e-01 1.250e-01 -6.679e-17 5.947e-06
1.422e+00 1.667e-01 1.250e-01 -1.022e-16 2.177e-06
1.438e+00 1.667e-01 1.250e-01 -8.327e-17 -1.593e-06
1.453e+00 1.667e-01 1.250e-01 -1.353e-16 -5.832e-07
1.469e+00 1.667e-01 1.250e-01 -3.903e-17 4.269e-07
1.484e+00 1.667e-01 1.250e-01 4.163e-17 1.563e-07
1.500e+00 1.667e-01 1.250e-01 1.388e-17 -1.144e-07
1.516e+00 1.667e-01 1.250e-01 5.204e-17 -4.187e-08
1.531e+00 1.667e-01 1.250e-01 8.934e-17 3.065e-08
1.547e+00 1.667e-01 1.250e-01 -1.388e-17 1.122e-08
1.562e+00 1.667e-01 1.250e-01 -6.939e-18 -8.214e-09
1.578e+00 1.667e-01 1.250e-01 -1.839e-16 -3.006e-09
1.594e+00 1.667e-01 1.250e-01 2.602e-17 2.201e-09
1.609e+00 1.667e-01 1.250e-01 8.327e-17 8.056e-10
1.625e+00 1.667e-01 1.250e-01 6.245e-17 -5.897e-10
1.641e+00 1.667e-01 1.250e-01 3.816e-17 -2.158e-10
1.656e+00 1.667e-01 1.250e-01 1.648e-17 1.580e-10
1.672e+00 1.667e-01 1.250e-01 -1.388e-17 5.785e-11
1.688e+00 1.667e-01 1.250e-01 6.939e-18 -4.233e-11
1.703e+00 1.667e-01 1.250e-01 -9.021e-17 -1.548e-11
1.719e+00 1.667e-01 1.250e-01 -4.163e-17 1.137e-11
1.734e+00 1.667e-01 1.250e-01 -2.776e-17 4.175e-12
1.750e+00 1.667e-01 1.250e-01 7.633e-17 -3.017e-12
1.766e+00 1.667e-01 1.250e-01 -6.939e-18 -1.093e-12
1.781e+00 1.667e-01 1.250e-01 3.643e-17 8.319e-13
1.797e+00 1.667e-01 1.250e-01 4.163e-17 3.210e-13
1.812e+00 1.667e-01 1.250e-01 6.939e-17 -1.899e-13
1.828e+00 1.667e-01 1.250e-01 7.633e-17 -5.779e-14
1.844e+00 1.667e-01 1.250e-01 1.249e-16 7.436e-14
1.859e+00 1.667e-01 1.250e-01 8.327e-17 4.221e-14
1.875e+00 1.667e-01 1.250e-01 6.939e-17 1.006e-14
1.891e+00 1.667e-01 1.250e-01 -3.734e-17 1.092e-14
1.906e+00 1.667e-01 1.250e-01 1.110e-16 1.178e-14
1.922e+00 1.667e-01 1.250e-01 9.714e-17 1.493e-14
1.938e+00 1.667e-01 1.250e-01 2.082e-17 1.808e-14
1.953e+00 1.667e-01 1.250e-01 -2.602e-18 1.189e-14
1.969e+00 1.667e-01 1.250e-01 -4.163e-17 5.704e-15
1.984e+00 1.667e-01 1.250e-01 -8.387e-17 -1.734e-15
2.000e+00 1.667e-01 1.250e-01 -2.147e-16 -9.172e-15
0.000e+00 1.833e-01 -1.250e-01 -1.388e-17 2.900e-15
1.562e-02 1.833e-01 -1.250e-01 4.857e-17 6.308e-16
3.125e-02 1.833e-01 -1.250e-01 8.110e-17 -1.639e-15
4.688e-02 1.833e-01 -1.250e-01 9.172e-17 -1.879e-15
6.250e-02 1.833e-01 -1.250e-01 4.810e-17 -2.120e-15
7.812e-02 1.833e-01 -1.250e-01 3.469e-17 1.568e-15
9.375e-02 1.833e-01 -1.250e-01 2.776e-17 5.256e-15
1.094e-01 1.833e-01 -1.250e-01 5.496e-17 -3.738e-15
1.250e-01 1.833e-01 -1.250e-01 1.076e-16 -1.273e-14
1.406e-01 1.833e-01 -1.250e-01 9.714e-17 2.119e-14
1.562e-01 1.833e-01 -1.250e-01 5.204e-17 5.511e-14
1.719e-01 1.833e-01 -1.250e-01 5.689e-17 -7.981e-14
1.875e-01 1.833e-01 -1.250e-01 7.633e-17 -2.147e-13
2.031e-01 1.833e-01 -1.250e-01 3.469e-17 3.003e-13
2.188e-01 1.833e-01 -1.250e-01 1.648e-17 8.153e-13
2.344e-01 1.833e-01 -1.250e-01 3.123e-17 -1.108e-12
2.500e-01 1.833e-01 -1.250e-01 1.388e-17 -3.031e-12
2.656e-01 1.833e-01 -1.250e-01 -4.163e-17 4.160e-12
2.812e-01 1.833e-01 -1.250e-01 -1.041e-17 1.135e-11
2.969e-01 1.833e-01 -1.250e-01 1.160e-17 -1.549e-11
3.125e-01 1.833e-01 -1.250e-01 3.469e-17 -4.234e-11
3.281e-01 1.833e-01 -1.250e-01 6.939e-17 5.783e-11
3.438e-01 1.833e-01 -1.250e-01 4.814e-17 1.580e-10
3.594e-01 1.833e-01 -1.250e-01 3.816e-17 -2.159e-10
3.750e-01 1.833e-01 -1.250e-01 6.939e-18 -5.897e-10
3.906e-01 1.833e-01 -1.250e-01 -6.939e-18 8.055e-10
4.062e-01 1.833e-01 -1.250e-01 -9.021e-17 2.201e-09
4.219e-01 1.833e-01 -1.250e-01 -1.407e-16 -3.006e-09
4.375e-01 1.833e-01 -1.250e-01 -2.151e-16 -8.214e-09
4.531e-01 1.833e-01 -1.250e-01 -3.400e-16 1.122e-08
4.688e-01 1.833e-01 -1.250e-01 -4.146e-16 3.065e-08
4.844e-01 1.833e-01 -1.250e-01 -4.285e-16 -4.187e-08
5.000e-01 1.833e-01 -1.250e-01 -4.163e-16 -1.144e-07
5.156e-01 1.833e-01 -1.250e-01 -4.441e-16 1.563e-07
5.312e-01 1.833e-01 -1.250e-01 -3.816e-16 4.269e-07
5.469e-01 1.833e-01 -1.250e-01 -2.850e-16 -5.832e-07
5.625e-01 1.833e-01 -1.250e-01 -1.353e-16 -1.593e-06
5.781e-01 1.833e-01 -1.250e-01 -5.551e-17 2.177e-06
5.938e-01 1.833e-01 -1.250e-01 -1.301e-17 5.947e-06
6.094e-01 1.833e-01 -1.250e-01 8.327e-17 -8.123e-06
6.250e-01 1.833e-01 -1.250e-01 1.180e-16 -2.219e-05
6.406e-01 1.833e-01 -1.250e-01 3.469e-17 3.032e-05
6.562e-01 1.833e-01 -1.250e-01 2.602e-17 8.283e-05
6.719e-01 1.833e-01 -1.250e-01 2.429e-17 -1.131e-04
6.875e-01 1.833e-01 -1.250e-01 4.857e-17 -3.091e-04
7.031e-01 1.833e-01 -1.250e-01 6.939e-17 4.223e-04
7.188e-01 1.833e-01 -1.250e-01 3.643e-17 1.154e-03
7.344e-01 1.833e-01 -1.250e-01 3.469e-17 -1.576e-03
7.500e-01 1.833e-01 -1.250e-01 9.021e-17 -4.305e-03
7.656e-01 1.833e-01 -1.249e-01 8.327e-17 1.867e-02
7.812e-01 1.833e-01 -1.246e-01 8.500e-17 4.164e-02
7.969e-01 1.833e-01 -1.237e-01 8.847e-17 1.156e-01
8.125e-01 1.833e-01 -1.219e-01 7.373e-17 1.895e-01
8.281e-01 1.833e-01 -1.190e-01 4.163e-17 2.988e-01
8.438e-01 1.833e-01 -1.149e-01 3.773e-17 4.082e-01
8.594e-01 1.833e-01 -1.093e-01 -5.204e-18 5.374e-01
8.750e-01 1.833e-01 -1.023e-01 -6.418e-17 6.667e-01
8.906e-01 1.833e-01 -9.371e-02 -7.633e-17 7.959e-01
9.062e-01 1.833e-01 -8.363e-02 -5.291e-17 9.251e-01
9.219e-01 1.833e-01 -7.215e-02 -6.635e-17 1.035e+00
9.375e-01 1.833e-01 -5.938e-02 -1.440e-16 1.144e+00
9.531e-01 1.833e-01 -4.554e-02 -1.804e-16 1.217e+00
9.688e-01 1.833e-01 -3.085e-02 -9.992e-16 1.291e+00
9.844e-01 1.833e-01 -1.558e-02 -4.025e-16 1.316e+00
1.000e+00 1.833e-01 2.304e-15 1.110e-16 1.342e+00
1.016e+00 1.833e-01 1.558e-02 5.187e-16 1.316e+00
1.031e+00 1.833e-01 3.085e-02 2.255e-16 1.291e+00
1.047e+00 1.833e-01 4.554e-02 3.253e-18 1.217e+00
1.062e+00 1.833e-01 5.938e-02 3.192e-16 1.144e+00
1.078e+00 1.833e-01 7.215e-02 4.363e-16 1.035e+00
1.094e+00 1.833e-01 8.363e-02 2.082e-16 9.251e-01
1.109e+00 1.833e-01 9.371e-02 6.982e-17 7.959e-01
1.125e+00 1.833e-01 1.023e-01 6.939e-17 6.667e-01
1.141e+00 1.833e-01 1.093e-01 2.776e-17 5.374e-01
1.156e+00 1.833e-01 1.149e-01 -6.245e-17 4.082e-01
1.172e+00 1.833e-01 1.190e-01 -1.149e-16 2.988e-01
1.188e+00 1.833e-01 1.219e-01 -4.163e-17 1.895e-01
1.203e+00 1.833e-01 1.237e-01 3.036e-17 1.156e-01
1.219e+00 1.833e-01 1.246e-01 -1.284e-16 4.164e-02
1.234e+00 1.833e-01 1.249e-01 -1.457e-16 1.867e-02
1.250e+00 1.833e-01 1.250e-01 2.776e-17 -4.305e-03
1.266e+00 1.833e-01 1.250e-01 1.787e-16 -1.576e-03
1.281e+00 1.833e-01 1.250e-01 3.123e-17 1.154e-03
1.297e+00 1.833e-01 1.250e-01 -2.810e-16 4.223e-04
1.312e+00 1.833e-01 1.250e-01 -1.665e-16 -3.091e-04
1.328e+00 1.833e-01 1.250e-01 5.291e-17 -1.131e-04
1.344e+00 1.833e-01 1.250e-01 3.469e-17 8.283e-05
1.359e+00 1.833e-01 1.250e-01 7.633e-17 3.032e-05
1.375e+00 1.833e-01 1.250e-01 -2.776e-17 -2.219e-05
1.391e+00 1.833e-01 1.250e-01 3.469e-18 -8.123e-06
1.406e+00 1.833e-01 1.250e-01 -3.469e-18 5.947e-06
1.422e+00 1.833e-01 1.250e-01 -5.811e-17 2.177e-06
1.438e+00 1.833e-01 1.250e-01 -1.665e-16 -1.593e-06
1.453e+00 1.833e-01 1.250e-01 -5.464e-17 -5.832e-07
1.469e+00 1.833e-01 1.250e-01 -3.123e-17 4.269e-07
1.484e+00 1.833e-01 1.250e-01 2.168e-18 1.563e-07
1.500e+00 1.833e-01 1.250e-01 0.000e+00 -1.144e-07
1.516e+00 1.833e-01 1.250e-01 2.689e-17 -4.187e-08
1.531e+00 1.833e-01 1.250e-01 5.551e-17 3.065e-08
1.547e+00 1.833e-01 1.250e-01 2.992e-17 1.122e-08
1.562e+00 1.833e-01 1.250e-01 6.939e-17 -8.214e-09
1.578e+00 1.833e-01 1.250e-01 -3.469e-17 -3.006e-09
1.594e+00 1.833e-01 1.250e-01 -3.469e-18 2.201e-09
1.609e+00 1.833e-01 1.250e-01 1.865e-17 8.056e-10
1.625e+00 1.833e-01 1.250e-01 5.551e-17 -5.897e-10
1.641e+00 1.833e-01 1.250e-01 1.995e-17 -2.158e-10
1.656e+00 1.833e-01 1.250e-01 6.939e-18 1.580e-10
1.672e+00 1.833e-01 1.250e-01 -1.128e-17 5.786e-11
1.688e+00 1.833e-01 1.250e-01 1.388e-17 -4.232e-11
1.703e+00 1.833e-01 1.250e-01 -4.510e-17 -1.548e-11
1.719e+00 1.833e-01 1.250e-01 -1.388e-17 1.137e-11
1.734e+00 1.833e-01 1.250e-01 8.674e-18 4.174e-12
1.750e+00 1.833e-01 1.250e-01 6.939e-17 -3.018e-12
1.766e+00 1.833e-01 1.250e-01 6.939e-18 -1.092e-12
1.781e+00 1.833e-01 1.250e-01 1.561e-17 8.348e-13
1.797e+00 1.833e-01 1.250e-01 4.424e-17 3.180e-13
1.812e+00 1.833e-01 1.250e-01 5.551e-17 -1.988e-13
1.828e+00 1.833e-01 1.250e-01 4.857e-17 -5.916e-14
1.844e+00 1.833e-01 1.250e-01 6.939e-17 8.044e-14
1.859e+00 1.833e-01 1.250e-01 4.684e-17 4.278e-14
1.875e+00 1.833e-01 1.250e-01 4.163e-17 5.119e-15
1.891e+00 1.833e-01 1.250e-01 5.204e-18 1.168e-14
1.906e+00 1.833e-01 1.250e-01 2.776e-17 1.823e-14
1.922e+00 1.833e-01 1.250e-01 2.645e-17 1.746e-14
1.938e+00 1.833e-01 1.250e-01 4.163e-17 1.670e-14
1.953e+00 1.833e-01 1.250e-01 6.805e-17 8.672e-15
1.969e+00 1.833e-01 1.250e-01 -1.104e-17 6.453e-16
1.984e+00 1.833e-01 1.250e-01 -3.556e-17 -4.022e-15
2.000e+00 1.833e-01 1.250e-01 -7.980e-17 -8.689e-15
0.000e+00 2.000e-01 -1.250e-01 0.000e+00 2.623e-15
1.562e-02 2.000e-01 -1.250e-01 0.000e+00 -2.793e-15
3.125e-02 2.000e-01 -1.250e-01 0.000e+00 -8.209e-15
4.688e-02 2.000e-01 -1.250e-01 0.000e+00 -3.409e-15
6.250e-02 2.000e-01 -1.250e-01 0.000e+00 1.391e-15
7.812e-02 2.000e-01 -1.250e-01 0.000e+00 5.685e-15
9.375e-02 2.000e-01 -1.250e-01 0.000e+00 9.979e-15
1.094e-01 2.000e-01 -1.250e-01 0.000e+00 -4.746e-15
1.250e-01 2.000e-01 -1.250e-01 0.000e+00 -1.947e-14
1.406e-01 2.000e-01 -1.250e-01 0.000e+00 2.020e-14
1.562e-01 2.000e-01 -1.250e-01 0.000e+00 5.988e-14
1.719e-01 2.000e-01 -1.250e-01 0.000e+00 -8.195e-14
1.875e-01 2.000e-01 -1.250e-01 0.000e+00 -2.238e-13
2.031e-01 2.000e-01 -1.250e-01 0.000e+00 2.988e-13
2.188e-01 2.000e-01 -1.250e-01 0.000e+00 8.214e-13
2.344e-01 2.000e-01 -1.250e-01 0.000e+00 -1.107e-12
2.500e-01 2.000e-01 -1.250e-01 0.000e+00 -3.035e-12
2.656e-01 2.000e-01 -1.250e-01 0.000e+00 4.160e-12
2.812e-01 2.000e-01 -1.250e-01 0.000e+00 1.136e-11
2.969e-01 2.000e-01 -1.250e-01 0.000e+00 -1.549e-11
3.125e-01 2.000e-01 -1.250e-01 0.000e+00 -4.234e-11
3.281e-01 2.000e-01 -1.250e-01 0.000e+00 5.783e-11
3.438e-01 2.000e-01 -1.250e-01 0.000e+00 1.580e-10
3.594e-01 2.000e-01 -1.250e-01 0.000e+00 -2.159e-10
3.750e-01 2.000e-01 -1.250e-01 0.000e+00 -5.897e-10
3.906e-01 2.000e-01 -1.250e-01 0.000e+00 8.055e-10
4.062e-01 2.000e-01 -1.250e-01 0.000e+00 2.201e-09
4.219e-01 2.000e-01 -1.250e-01 0.000e+00 -3.006e-09
4.375e-01 2.000e-01 -1.250e-01 0.000e+00 -8.214e-09
4.531e-01 2.000e-01 -1.250e-01 0.000e+00 1.122e-08
4.688e-01 2.000e-01 -1.250e-01 0.000e+00 3.065e-08
4.844e-01 2.000e-01 -1.250e-01 0.000e+00 -4.187e-08
5.000e-01 2.000e-01 -1.250e-01 0.000e+00 -1.144e-07
5.156e-01 2.000e-01 -1.250e-01 0.000e+00 1.563e-07
5.312e-01 2.000e-01 -1.250e-01 0.000e+00 4.269e-07
5.469e-01 2.000e-01 -1.250e-01 0.000e+00 -5.832e-07
5.625e-01 2.000e-01 -1.250e-01 0.000e+00 -1.593e-06
5.781e-01 2.000e-01 -1.250e-01 0.000e+00 2.177e-06
5.938e-01 2.000e-01 -1.250e-01 0.000e+00 5.947e-06
6.094e-01 2.000e-01 -1.250e-01 0.000e+00 -8.123e-06
6.250e-01 2.000e-01 -1.250e-01 0.000e+00 -2.219e-05
6.406e-01 2.000e-01 -1.250e-01 0.000e+00 3.032e-05
6.562e-01 2.000e-01 -1.250e-01 0.000e+00 8.283e-05
6.719e-01 2.000e-01 -1.250e-01 0.000e+00 -1.131e-04
6.875e-01 2.000e-01 -1.250e-01 0.000e+00 -3.091e-04
7.031e-01 2.000e-01 -1.250e-01 0.000e+00 4.223e-04
7.188e-01 2.000e-01 -1.250e-01 0.000e+00 1.154e-03
7.344e-01 2.000e-01 -1.250e-01 0.000e+00 -1.576e-03
7.500e-01 2.000e-01 -1.250e-01 0.000e+00 -4.305e-03
7.656e-01 2.000e-01 -1.249e-01 0.000e+00 1.867e-02
7.812e-01 2.000e-01 -1.246e-01 0.000e+00 4.164e-02
7.969e-01 2.000e-01 -1.237e-01 0.000e+00 1.156e-01
8.125e-01 2.000e-01 -1.219e-01 0.000e+00 1.895e-01
8.281e-01 2.000e-01 -1.190e-01 0.000e+00 2.988e-01
8.438e-01 2.000e-01 -1.149e-01 0.000e+00 4.082e-01
8.594e-01 2.000e-01 -1.093e-01 0.000e+00 5.374e-01
8.750e-01 2.000e-01 -1.023e-01 0.000e+00 6.667e-01
8.906e-01 2.000e-01 -9.371e-02 0.000e+00 7.959e-01
9.062e-01 2.000e-01 -8.363e-02 0.000e+00 9.251e-01
9.219e-01 2.000e-01 -7.215e-02 0.000e+00 1.035e+00
9.375e-01 2.000e-01 -5.938e-02 0.000e+00 1.144e+00
9.531e-01 2.000e-01 -4.554e-02 0.000e+00 1.217e+00
9.688e-01 2.000e-01 -3.085e-02 0.000e+00 1.291e+00
9.844e-01 2.000e-01 -1.558e-02 0.000e+00 1.316e+00
1.000e+00 2.000e-01 1.915e-15 0.000e+00 1.342e+00
1.016e+00 2.000e-01 1.558e-02 0.000e+00 1.316e+00
1.031e+00 2.000e-01 3.085e-02 0.000e+00 1.291e+00
1.047e+00 2.000e-01 4.554e-02 0.000e+00 1.217e+00
1.062e+00 2.000e-01 5.938e-02 0.000e+00 1.144e+00
1.078e+00 2.000e-01 7.215e-02 0.000e+00 1.035e+00
1.094e+00 2.000e-01 8.363e-02 0.000e+00 9.251e-01
1.109e+00 2.000e-01 9.371e-02 0.000e+00 7.959e-01
1.125e+00 2.000e-01 1.023e-01 0.000e+00 6.667e-01
1.141e+00 2.000e-01 1.093e-01 0.000e+00 5.374e-01
1.156e+00 2.000e-01 1.149e-01 0.000e+00 4.082e-01
1.172e+00 2.000e-01 1.190e-01 0.000e+00 2.988e-01
1.188e+00 2.000e-01 1.219e-01 0.000e+00 1.895e-01
1.203e+00 2.000e-01 1.237e-01 0.000e+00 1.156e-01
1.219e+00 2.000e-01 1.246e-01 0.000e+00 4.164e-02
1.234e+00 2.000e-01 1.249e-01 0.000e+00 1.867e-02
1.250e+00 2.000e-01 1.250e-01 0.000e+00 -4.305e-03
1.266e+00 2.000e-01 1.250e-01 0.000e+00 -1.576e-03
1.281e+00 2.000e-01 1.250e-01 0.000e+00 1.154e-03
1.297e+00 2.000e-01 1.250e-01 0.000e+00 4.223e-04
1.312e+00 2.000e-01 1.250e-01 0.000e+00 -3.091e-04
1.328e+00 2.000e-01 1.250e-01 0.000e+00 -1.131e-04
1.344e+00 2.000e-01 1.250e-01 0.000e+00 8.283e-05
1.359e+00 2.000e-01 1.250e-01 0.000e+00 3.032e-05
1.375e+00 2.000e-01 1.250e-01 0.000e+00 -2.219e-05
1.391e+00 2.000e-01 1.250e-01 0.000e+00 -8.123e-06
1.406e+00 2.000e-01 1.250e-01 0.000e+00 5.947e-06
1.422e+00 2.000e-01 1.250e-01 0.000e+00 2.177e-06
1.438e+00 2.000e-01 1.250e-01 0.000e+00 -1.593e-06
1.453e+00 2.000e-01 1.250e-01 0.000e+00 -5.832e-07
1.469e+00 2.000e-01 1.250e-01 0.000e+00 4.269e-07
1.484e+00 2.000e-01 1.250e-01 0.000e+00 1.563e-07
1.500e+00 2.000e-01 1.250e-01 0.000e+00 -1.144e-07
1.516e+00 2.000e-01 1.250e-01 0.000e+00 -4.187e-08
1.531e+00 2.000e-01 1.250e-01 0.000e+00 3.065e-08
1.547e+00 2.000e-01 1.250e-01 0.000e+00 1.122e-08
1.562e+00 2.000e-01 1.250e-01 0.000e+00 -8.214e-09
1.578e+00 2.000e-01 1.250e-01 0.000e+00 -3.006e-09
1.594e+00 2.000e-01 1.250e-01 0.000e+00 2.201e-09
1.609e+00 2.000e-01 1.250e-01 0.000e+00 8.056e-10
1.625e+00 2.000e-01 1.250e-01 0.000e+00 -5.897e-10
1.641e+00 2.000e-01 1.250e-01 0.000e+00 -2.158e-10
1.656e+00 2.000e-01 1.250e-01 0.000e+00 1.580e-10
1.672e+00 2.000e-01 1.250e-01 0.000e+00 5.786e-11
1.688e+00 2.000e-01 1.250e-01 0.000e+00 -4.231e-11
1.703e+00 2.000e-01 1.250e-01 0.000e+00 -1.547e-11
1.719e+00 2.000e-01 1.250e-01 0.000e+00 1.137e-11
1.734e+00 2.000e-01 1.250e-01 0.000e+00 4.174e-12
1.750e+00 2.000e-01 1.250e-01 0.000e+00 -3.019e-12
1.766e+00 2.000e-01 1.250e-01 0.000e+00 -1.091e-12
1.781e+00 2.000e-01 1.250e-01 0.000e+00 8.376e-13
1.797e+00 2.000e-01 1.250e-01 0.000e+00 3.150e-13
1.812e+00 2.000e-01 1.250e-01 0.000e+00 -2.076e-13
1.828e+00 2.000e-01 1.250e-01 0.000e+00 -6.054e-14
1.844e+00 2.000e-01 1.250e-01 0.000e+00 8.652e-14
1.859e+00 2.000e-01 1.250e-01 0.000e+00 4.335e-14
1.875e+00 2.000e-01 1.250e-01 0.000e+00 1.769e-16
1.891e+00 2.000e-01 1.250e-01 0.000e+00 1.243e-14
1.906e+00 2.000e-01 1.250e-01 0.000e+00 2.468e-14
1.922e+00 2.000e-01 1.250e-01 0.000e+00 2.000e-14
1.938e+00 2.000e-01 1.250e-01 0.000e+00 1.531e-14
1.953e+00 2.000e-01 1.250e-01 0.000e+00 5.450e-15
1.969e+00 2.000e-01 1.250e-01 0.000e+00 -4.413e-15
1.984e+00 2.000e-01 1.250e-01 0.000e+00 -6.309e-15
2.000e+00 2.000e-01 1.250e-01 0.000e+00 -8.205e-15
