#1 2 3 4 5 6 7  8  9 10 11 12 13
#x y z u v w p xx yy zz xy xz yz
0.000000e+00 0.000000e+00 1.200000e+04 0.000000e+00 0.000000e+00 4.319722e-02 -1.866277e+05 2.850807e+05 2.850807e+05 -1.027837e+04 -1.113440e+03 -5.782774e+03 -5.782774e+03 
3.750000e+02 0.000000e+00 1.200000e+04 3.991205e-03 0.000000e+00 4.266297e-02 -1.826139e+05 2.766641e+05 2.809445e+05 -9.766833e+03 -2.171548e+03 -1.112201e+04 -5.639294e+03 
7.500000e+02 0.000000e+00 1.200000e+04 7.710689e-03 0.000000e+00 4.111821e-02 -1.711518e+05 2.527687e+05 2.690378e+05 -8.351157e+03 -4.128159e+03 -2.059361e+04 -5.230862e+03 
1.125000e+03 0.000000e+00 1.200000e+04 1.093185e-02 0.000000e+00 3.872175e-02 -1.538264e+05 2.170859e+05 2.507496e+05 -6.356470e+03 -5.694584e+03 -2.720581e+04 -4.619866e+03 
1.500000e+03 0.000000e+00 1.200000e+04 1.350530e-02 0.000000e+00 3.570165e-02 -1.328248e+05 1.746403e+05 2.280372e+05 -4.203071e+03 -6.773806e+03 -3.046583e+04 -3.892966e+03 
1.875000e+03 0.000000e+00 1.200000e+04 1.537154e-02 0.000000e+00 3.231146e-02 -1.104430e+05 1.305697e+05 2.030209e+05 -2.261718e+03 -7.349830e+03 -3.060603e+04 -3.138951e+03 
2.250000e+03 0.000000e+00 1.200000e+04 1.655171e-02 0.000000e+00 2.879000e-02 -8.865693e+04 8.911148e+04 1.776193e+05 -7.600212e+02 -7.474694e+03 -2.837091e+04 -2.430925e+03 
2.625000e+03 0.000000e+00 1.200000e+04 1.712612e-02 0.000000e+00 2.533224e-02 -6.886547e+04 5.305056e+04 1.533097e+05 2.361032e+02 -7.247278e+03 -2.470494e+04 -1.817507e+03 
3.000000e+03 0.000000e+00 1.200000e+04 1.720675e-02 0.000000e+00 2.207659e-02 -5.183578e+04 2.367673e+04 1.310479e+05 7.827619e+02 -6.780676e+03 -2.047724e+04 -1.320252e+03 
3.375000e+03 0.000000e+00 1.200000e+04 1.691311e-02 0.000000e+00 1.910563e-02 -3.780296e+04 1.092898e+03 1.113174e+05 9.985544e+02 -6.177194e+03 -1.632590e+04 -9.365107e+02 
3.750000e+03 0.000000e+00 1.200000e+04 1.635563e-02 0.000000e+00 1.645623e-02 -2.663192e+04 -1.535142e+04 9.423990e+04 1.007287e+03 -5.517957e+03 -1.262212e+04 -6.518630e+02 
4.125000e+03 0.000000e+00 1.200000e+04 1.562694e-02 0.000000e+00 1.413245e-02 -1.797846e+04 -2.666840e+04 7.969705e+04 9.067358e+02 -4.860523e+03 -9.521990e+03 -4.478439e+02 
4.500000e+03 0.000000e+00 1.200000e+04 1.479953e-02 0.000000e+00 1.211757e-02 -1.142157e+04 -3.394255e+04 6.744302e+04 7.642466e+02 -4.240097e+03 -7.040138e+03 -3.041668e+02 
4.875000e+03 0.000000e+00 1.200000e+04 1.392681e-02 0.000000e+00 1.038379e-02 -6.544977e+03 -3.816710e+04 5.718356e+04 6.184760e+02 -3.675672e+03 -5.114717e+03 -2.038063e+02 
5.250000e+03 0.000000e+00 1.200000e+04 1.304629e-02 0.000000e+00 8.899031e-03 -2.978627e+03 -4.017370e+04 4.862196e+04 4.876216e+02 -3.174350e+03 -3.652716e+03 -1.349488e+02 
5.625000e+03 0.000000e+00 1.200000e+04 1.218312e-02 0.000000e+00 7.630968e-03 -4.122483e+02 -4.062309e+04 4.148158e+04 3.782506e+02 -2.735666e+03 -2.560232e+03 -8.867038e+01 
6.000000e+03 0.000000e+00 1.200000e+04 1.135328e-02 0.000000e+00 6.549136e-03 1.402475e+03 -4.001677e+04 3.551937e+04 2.899806e+02 -2.355742e+03 -1.754670e+03 -5.752052e+01 
6.375000e+03 0.000000e+00 1.200000e+04 1.056613e-02 0.000000e+00 5.626129e-03 2.657883e+03 -3.872380e+04 3.053040e+04 2.197438e+02 -2.030316e+03 -1.165735e+03 -3.602999e+01 
6.750000e+03 0.000000e+00 1.200000e+04 9.826340e-03 0.000000e+00 4.838112e-03 3.500872e+03 -3.701092e+04 2.634298e+04 1.653246e+02 -1.752970e+03 -7.380914e+02 -2.153774e+01 
7.125000e+03 0.000000e+00 1.200000e+04 9.135500e-03 0.000000e+00 4.164609e-03 4.041516e+03 -3.506530e+04 2.281617e+04 1.245788e+02 -1.515301e+03 -4.304160e+02 -1.234037e+01 
7.500000e+03 0.000000e+00 1.200000e+04 8.493290e-03 0.000000e+00 3.588083e-03 4.362100e+03 -3.301607e+04 1.983542e+04 9.434854e+01 -1.312515e+03 -2.112109e+02 -6.179551e+00 
7.875000e+03 0.000000e+00 1.200000e+04 7.898084e-03 0.000000e+00 3.093699e-03 4.525150e+03 -3.095202e+04 1.730528e+04 7.128922e+01 -1.140252e+03 -5.634393e+01 -2.099503e+00 
8.250000e+03 0.000000e+00 1.200000e+04 7.347376e-03 0.000000e+00 2.669050e-03 4.576022e+03 -2.893027e+04 1.514857e+04 5.363204e+01 -9.931370e+02 5.151501e+01 4.370541e-01 
8.625000e+03 0.000000e+00 1.200000e+04 6.838394e-03 0.000000e+00 2.303723e-03 4.547814e+03 -2.698754e+04 1.330353e+04 4.057290e+01 -8.673094e+02 1.251595e+02 2.396362e+00 
9.000000e+03 0.000000e+00 1.200000e+04 6.368179e-03 0.000000e+00 1.988934e-03 4.465743e+03 -2.514634e+04 1.171851e+04 3.060109e+01 -7.595016e+02 1.737401e+02 3.445405e+00 
9.375000e+03 0.000000e+00 1.200000e+04 5.933706e-03 0.000000e+00 1.717274e-03 4.347093e+03 -2.341518e+04 1.035145e+04 2.244782e+01 -6.664999e+02 2.037208e+02 3.951140e+00 
9.750000e+03 0.000000e+00 1.200000e+04 5.532128e-03 0.000000e+00 1.482544e-03 4.204446e+03 -2.179786e+04 9.169077e+03 1.544096e+01 -5.860655e+02 2.211799e+02 4.819934e+00 
1.012500e+04 0.000000e+00 1.200000e+04 5.160731e-03 0.000000e+00 1.279621e-03 4.047518e+03 -2.029564e+04 8.142690e+03 1.039373e+01 -5.170643e+02 2.301265e+02 4.719057e+00 
1.050000e+04 0.000000e+00 1.200000e+04 4.816969e-03 0.000000e+00 1.104123e-03 3.882425e+03 -1.890394e+04 7.248275e+03 8.385138e+00 -4.575095e+02 2.322928e+02 3.255143e+00 
1.087500e+04 0.000000e+00 1.200000e+04 4.498531e-03 0.000000e+00 9.521591e-04 3.713730e+03 -1.761687e+04 6.467703e+03 7.975190e+00 -4.055928e+02 2.292644e+02 2.549122e+00 
1.125000e+04 0.000000e+00 1.200000e+04 4.203228e-03 0.000000e+00 8.204085e-04 3.546808e+03 -1.643154e+04 5.784164e+03 6.951865e+00 -3.605531e+02 2.232136e+02 3.293333e+00 
1.162500e+04 0.000000e+00 1.200000e+04 3.928964e-03 0.000000e+00 7.061814e-04 3.385136e+03 -1.534211e+04 5.182153e+03 4.546260e+00 -3.216461e+02 2.160046e+02 4.114994e+00 
1.200000e+04 0.000000e+00 1.200000e+04 3.673872e-03 0.000000e+00 6.072480e-04 3.229591e+03 -1.434090e+04 4.650936e+03 1.190692e+00 -2.878028e+02 2.078022e+02 3.888486e+00 
1.237500e+04 0.000000e+00 1.200000e+04 3.436265e-03 0.000000e+00 5.216875e-04 3.079567e+03 -1.342061e+04 4.182873e+03 -9.641947e-01 -2.574105e+02 1.988337e+02 2.902647e+00 
1.275000e+04 0.000000e+00 1.200000e+04 3.214676e-03 0.000000e+00 4.477882e-04 2.934198e+03 -1.257174e+04 3.769742e+03 -5.965562e-01 -2.305051e+02 1.893284e+02 2.486303e+00 
1.312500e+04 0.000000e+00 1.200000e+04 3.007818e-03 0.000000e+00 3.839823e-04 2.795808e+03 -1.179092e+04 3.403114e+03 3.807064e-01 -2.075908e+02 1.786302e+02 2.734943e+00 
1.350000e+04 0.000000e+00 1.200000e+04 2.814363e-03 0.000000e+00 3.289090e-04 2.666107e+03 -1.107599e+04 3.077209e+03 4.619096e-01 -1.870757e+02 1.680405e+02 2.515537e+00 
1.387500e+04 0.000000e+00 1.200000e+04 2.633097e-03 0.000000e+00 2.814574e-04 2.544065e+03 -1.041839e+04 2.786826e+03 -6.292580e-01 -1.680882e+02 1.586094e+02 2.281947e+00 
1.425000e+04 0.000000e+00 1.200000e+04 2.462993e-03 0.000000e+00 2.407226e-04 2.429517e+03 -9.813036e+03 2.527008e+03 -2.522710e+00 -1.508619e+02 1.486598e+02 2.902655e+00 
1.462500e+04 0.000000e+00 1.200000e+04 2.303117e-03 0.000000e+00 2.059390e-04 2.321263e+03 -9.255973e+03 2.295431e+03 -3.246721e+00 -1.353548e+02 1.381654e+02 3.294936e+00 
1.500000e+04 0.000000e+00 1.200000e+04 2.152686e-03 0.000000e+00 1.763660e-04 2.218203e+03 -8.740997e+03 2.089024e+03 -2.638050e+00 -1.217537e+02 1.284549e+02 2.604522e+00 
1.537500e+04 0.000000e+00 1.200000e+04 2.010970e-03 0.000000e+00 1.512702e-04 2.121730e+03 -8.267152e+03 1.903980e+03 -2.018322e+00 -1.094567e+02 1.191844e+02 1.462374e+00 
1.575000e+04 0.000000e+00 1.200000e+04 1.877215e-03 0.000000e+00 1.300275e-04 2.031367e+03 -7.832058e+03 1.738672e+03 -7.136884e-01 -9.812087e+01 1.103625e+02 5.969402e-01 
1.612500e+04 0.000000e+00 1.200000e+04 1.750752e-03 0.000000e+00 1.121273e-04 1.946334e+03 -7.429920e+03 1.590339e+03 5.781040e-01 -8.832334e+01 1.023677e+02 5.428161e-01 
1.650000e+04 0.000000e+00 1.200000e+04 1.630980e-03 0.000000e+00 9.713158e-05 1.868368e+03 -7.060641e+03 1.455814e+03 -2.766989e-01 -7.981692e+01 9.472307e+01 1.139956e+00 
1.687500e+04 0.000000e+00 1.200000e+04 1.517319e-03 0.000000e+00 8.467995e-05 1.797287e+03 -6.724183e+03 1.334723e+03 -2.401839e+00 -7.228135e+01 8.773256e+01 1.557329e+00 
1.725000e+04 0.000000e+00 1.200000e+04 1.409260e-03 0.000000e+00 7.447005e-05 1.730507e+03 -6.414748e+03 1.226789e+03 -3.562267e+00 -6.556517e+01 8.187530e+01 1.518342e+00 
1.762500e+04 0.000000e+00 1.200000e+04 1.306354e-03 0.000000e+00 6.621447e-05 1.667115e+03 -6.128881e+03 1.130671e+03 -3.135550e+00 -5.936382e+01 7.650104e+01 1.247794e+00 
1.800000e+04 0.000000e+00 1.200000e+04 1.208156e-03 0.000000e+00 5.961292e-05 1.608148e+03 -5.867521e+03 1.045139e+03 -2.063037e+00 -5.401334e+01 7.115416e+01 1.040749e+00 
1.837500e+04 0.000000e+00 1.200000e+04 1.114224e-03 0.000000e+00 5.438238e-05 1.554839e+03 -5.630788e+03 9.682731e+02 -2.001031e+00 -4.961753e+01 6.591488e+01 1.131460e+00 
1.875000e+04 0.000000e+00 1.200000e+04 1.024137e-03 0.000000e+00 5.031624e-05 1.507026e+03 -5.416889e+03 8.987391e+02 -2.926570e+00 -4.510456e+01 6.089715e+01 1.270323e+00 
1.912500e+04 0.000000e+00 1.200000e+04 9.375305e-04 0.000000e+00 4.726739e-05 1.462389e+03 -5.222131e+03 8.375742e+02 -2.608547e+00 -4.011373e+01 5.609117e+01 1.005821e+00 
1.950000e+04 0.000000e+00 1.200000e+04 8.540994e-04 0.000000e+00 4.506205e-05 1.420577e+03 -5.044865e+03 7.840052e+02 -8.722740e-01 -3.602951e+01 5.103037e+01 4.848867e-01 
1.987500e+04 0.000000e+00 1.200000e+04 7.735298e-04 0.000000e+00 4.349738e-05 1.383925e+03 -4.886995e+03 7.351434e+02 7.741271e-02 -3.276022e+01 4.568251e+01 1.404076e-01 
2.025000e+04 0.000000e+00 1.200000e+04 6.954922e-04 0.000000e+00 4.242939e-05 1.351461e+03 -4.746690e+03 6.918307e+02 4.759366e-01 -2.885436e+01 4.069047e+01 -1.766039e-01 
2.062500e+04 0.000000e+00 1.200000e+04 6.197094e-04 0.000000e+00 4.176717e-05 1.321358e+03 -4.620540e+03 6.549572e+02 1.507911e+00 -2.475643e+01 3.612228e+01 -5.950799e-01 
2.100000e+04 0.000000e+00 1.200000e+04 5.459438e-04 0.000000e+00 4.141101e-05 1.295107e+03 -4.509431e+03 6.221095e+02 2.000032e+00 -2.116558e+01 3.174728e+01 -7.503845e-01 
2.137500e+04 0.000000e+00 1.200000e+04 4.739495e-04 0.000000e+00 4.126219e-05 1.272980e+03 -4.413602e+03 5.933040e+02 1.357075e+00 -1.805885e+01 2.750036e+01 -6.072755e-01 
2.175000e+04 0.000000e+00 1.200000e+04 4.034613e-04 0.000000e+00 4.125343e-05 1.254037e+03 -4.332068e+03 5.694519e+02 5.059659e-01 -1.554591e+01 2.324353e+01 -3.659380e-01 
2.212500e+04 0.000000e+00 1.200000e+04 3.342264e-04 0.000000e+00 4.135886e-05 1.238172e+03 -4.263977e+03 5.495081e+02 -4.718091e-02 -1.278384e+01 1.925630e+01 -1.032702e-01 
2.250000e+04 0.000000e+00 1.200000e+04 2.660481e-04 0.000000e+00 4.155840e-05 1.224331e+03 -4.206672e+03 5.336717e+02 6.828117e-03 -9.581606e+00 1.568240e+01 2.112844e-02 
2.287500e+04 0.000000e+00 1.200000e+04 1.987712e-04 0.000000e+00 4.179506e-05 1.212695e+03 -4.160174e+03 5.218430e+02 2.445050e-01 -7.072739e+00 1.178182e+01 -2.626225e-02 
2.325000e+04 0.000000e+00 1.200000e+04 1.321830e-04 0.000000e+00 4.193862e-05 1.205111e+03 -4.128000e+03 5.126599e+02 7.778040e-03 -5.107705e+00 7.188360e+00 -1.557913e-01 
2.362500e+04 0.000000e+00 1.200000e+04 6.605801e-05 0.000000e+00 4.199339e-05 1.203482e+03 -4.111406e+03 5.051279e+02 -4.169283e+00 -2.930374e+00 1.054551e+00 1.992855e+00 
2.400000e+04 0.000000e+00 1.200000e+04 0.000000e+00 0.000000e+00 4.135588e-05 1.204448e+03 -4.106880e+03 5.016497e+02 -8.113011e+00 -1.765264e+00 -2.654384e+00 4.221683e+00 
