#1 2 3 4 5 6 7  8  9 10 11 12 13
#x y z u v w p xx yy zz xy xz yz
0.000000e+00 0.000000e+00 1.200000e+04 0.000000e+00 0.000000e+00 4.548992e-02 -1.872629e+05 2.897041e+05 2.897041e+05 -1.761965e+04 -1.954428e+03 -1.003913e+04 -1.003913e+04 
5.000000e+02 0.000000e+00 1.200000e+04 5.507381e-03 0.000000e+00 4.453177e-02 -1.806206e+05 2.753911e+05 2.827070e+05 -1.623620e+04 -3.751830e+03 -1.887783e+04 -9.656480e+03 
1.000000e+03 0.000000e+00 1.200000e+04 1.039576e-02 0.000000e+00 4.182273e-02 -1.621683e+05 2.360519e+05 2.630363e+05 -1.258323e+04 -6.915555e+03 -3.338009e+04 -8.584503e+03 
1.500000e+03 0.000000e+00 1.200000e+04 1.420799e-02 0.000000e+00 3.779912e-02 -1.358510e+05 1.811902e+05 2.342454e+05 -7.882625e+03 -9.070532e+03 -4.083406e+04 -7.046978e+03 
2.000000e+03 0.000000e+00 1.200000e+04 1.673244e-02 0.000000e+00 3.304100e-02 -1.065581e+05 1.222694e+05 2.009104e+05 -3.505496e+03 -1.007748e+04 -4.113376e+04 -5.355167e+03 
2.500000e+03 0.000000e+00 1.200000e+04 1.801813e-02 0.000000e+00 2.811169e-02 -7.859263e+04 6.884668e+04 1.672959e+05 -3.646676e+02 -1.006907e+04 -3.621531e+04 -3.788096e+03 
3.000000e+03 0.000000e+00 1.200000e+04 1.828090e-02 0.000000e+00 2.344232e-02 -5.470976e+04 2.636720e+04 1.364371e+05 1.325024e+03 -9.348575e+03 -2.882613e+04 -2.516610e+03 
3.500000e+03 0.000000e+00 1.200000e+04 1.781345e-02 0.000000e+00 1.928811e-02 -3.594596e+04 -3.930242e+03 1.098882e+05 1.879925e+03 -8.251410e+03 -2.126983e+04 -1.591553e+03 
4.000000e+03 0.000000e+00 1.200000e+04 1.688972e-02 0.000000e+00 1.574506e-02 -2.212027e+04 -2.345408e+04 8.802156e+04 1.793321e+03 -7.043549e+03 -1.483886e+04 -9.711847e+02 
4.500000e+03 0.000000e+00 1.200000e+04 1.572689e-02 0.000000e+00 1.280430e-02 -1.240104e+04 -3.473236e+04 7.048094e+04 1.454545e+03 -5.888025e+03 -9.933604e+03 -5.771843e+02 
5.000000e+03 0.000000e+00 1.200000e+04 1.447405e-02 0.000000e+00 1.040200e-02 -5.819003e+03 -4.024626e+04 5.661468e+04 1.088586e+03 -4.862420e+03 -6.429865e+03 -3.358417e+02 
5.500000e+03 0.000000e+00 1.200000e+04 1.322464e-02 0.000000e+00 8.455946e-03 -1.494987e+03 -4.201009e+04 4.571557e+04 7.794861e+02 -3.992388e+03 -4.031301e+03 -1.918899e+02 
6.000000e+03 0.000000e+00 1.200000e+04 1.203154e-02 0.000000e+00 6.884490e-03 1.262151e+03 -4.148059e+04 3.714942e+04 5.447156e+02 -3.272717e+03 -2.432307e+03 -1.073034e+02 
6.500000e+03 0.000000e+00 1.200000e+04 1.092121e-02 0.000000e+00 5.615635e-03 2.957491e+03 -3.964185e+04 3.039445e+04 3.749341e+02 -2.685336e+03 -1.384560e+03 -5.732131e+01 
7.000000e+03 0.000000e+00 1.200000e+04 9.904065e-03 0.000000e+00 4.589458e-03 3.944861e+03 -3.712988e+04 2.503870e+04 2.565904e+02 -2.209322e+03 -7.069556e+02 -2.818344e+01 
7.500000e+03 0.000000e+00 1.200000e+04 8.981048e-03 0.000000e+00 3.757360e-03 4.466708e+03 -3.434067e+04 2.076429e+04 1.762600e+02 -1.824512e+03 -2.756022e+02 -1.162649e+01 
8.000000e+03 0.000000e+00 1.200000e+04 8.147973e-03 0.000000e+00 3.080404e-03 4.687277e+03 -3.151133e+04 1.732867e+04 1.208286e+02 -1.513231e+03 -6.557646e+00 -1.772323e+00 
8.500000e+03 0.000000e+00 1.200000e+04 7.398196e-03 0.000000e+00 2.527872e-03 4.717243e+03 -2.877930e+04 1.454661e+04 8.095780e+01 -1.261062e+03 1.572854e+02 3.952060e+00 
9.000000e+03 0.000000e+00 1.200000e+04 6.724117e-03 0.000000e+00 2.075672e-03 4.627503e+03 -2.621428e+04 1.227798e+04 5.379404e+01 -1.056005e+03 2.524596e+02 6.631230e+00 
9.500000e+03 0.000000e+00 1.200000e+04 6.118180e-03 0.000000e+00 1.704669e-03 4.464159e+03 -2.384641e+04 1.041686e+04 3.707453e+01 -8.883764e+02 3.026205e+02 7.203358e+00 
1.000000e+04 0.000000e+00 1.200000e+04 5.573069e-03 0.000000e+00 1.399485e-03 4.261229e+03 -2.168947e+04 8.880204e+03 2.558151e+01 -7.512644e+02 3.248794e+02 7.011040e+00 
1.050000e+04 0.000000e+00 1.200000e+04 5.081819e-03 0.000000e+00 1.147916e-03 4.041387e+03 -1.974220e+04 7.602513e+03 1.552895e+01 -6.382925e+02 3.298078e+02 7.369748e+00 
1.100000e+04 0.000000e+00 1.200000e+04 4.638173e-03 0.000000e+00 9.404086e-04 3.815882e+03 -1.798968e+04 6.534145e+03 7.891905e+00 -5.441456e+02 3.229489e+02 7.397572e+00 
1.150000e+04 0.000000e+00 1.200000e+04 4.236741e-03 0.000000e+00 7.693216e-04 3.590330e+03 -1.641391e+04 5.637766e+03 5.155668e+00 -4.653312e+02 3.093592e+02 6.216701e+00 
1.200000e+04 0.000000e+00 1.200000e+04 3.872819e-03 0.000000e+00 6.282926e-04 3.370745e+03 -1.500064e+04 4.882977e+03 5.433034e+00 -3.996238e+02 2.926415e+02 5.306246e+00 
1.250000e+04 0.000000e+00 1.200000e+04 3.542149e-03 0.000000e+00 5.120272e-04 3.162956e+03 -1.373633e+04 4.242976e+03 4.491919e+00 -3.451511e+02 2.737797e+02 4.918080e+00 
1.300000e+04 0.000000e+00 1.200000e+04 3.240850e-03 0.000000e+00 4.162666e-04 2.970436e+03 -1.260879e+04 3.696491e+03 9.917327e-01 -2.992643e+02 2.538110e+02 3.972963e+00 
1.350000e+04 0.000000e+00 1.200000e+04 2.965405e-03 0.000000e+00 3.376035e-04 2.792349e+03 -1.160343e+04 3.229128e+03 -2.749326e+00 -2.593515e+02 2.343733e+02 3.681840e+00 
1.400000e+04 0.000000e+00 1.200000e+04 2.712874e-03 0.000000e+00 2.733043e-04 2.624492e+03 -1.070007e+04 2.830186e+03 -3.591153e+00 -2.243586e+02 2.157569e+02 4.722107e+00 
1.450000e+04 0.000000e+00 1.200000e+04 2.480884e-03 0.000000e+00 2.211012e-04 2.467253e+03 -9.887910e+03 2.488598e+03 -2.447191e+00 -1.949122e+02 1.972538e+02 5.060340e+00 
1.500000e+04 0.000000e+00 1.200000e+04 2.267247e-03 0.000000e+00 1.789889e-04 2.323907e+03 -9.163062e+03 2.193627e+03 -2.285164e+00 -1.699329e+02 1.797441e+02 3.841844e+00 
1.550000e+04 0.000000e+00 1.200000e+04 2.069950e-03 0.000000e+00 1.452165e-04 2.193080e+03 -8.514656e+03 1.938258e+03 -2.840842e+00 -1.476858e+02 1.643071e+02 2.446777e+00 
1.600000e+04 0.000000e+00 1.200000e+04 1.887216e-03 0.000000e+00 1.182956e-04 2.072541e+03 -7.932422e+03 1.717944e+03 -3.146970e+00 -1.289035e+02 1.499241e+02 2.168686e+00 
1.650000e+04 0.000000e+00 1.200000e+04 1.717371e-03 0.000000e+00 9.702951e-05 1.962707e+03 -7.411939e+03 1.527728e+03 -3.908669e+00 -1.134166e+02 1.357205e+02 2.951707e+00 
1.700000e+04 0.000000e+00 1.200000e+04 1.558936e-03 0.000000e+00 8.052849e-05 1.863529e+03 -6.948609e+03 1.362920e+03 -4.898981e+00 -9.931428e+01 1.225181e+02 3.492583e+00 
1.750000e+04 0.000000e+00 1.200000e+04 1.410671e-03 0.000000e+00 6.803833e-05 1.773434e+03 -6.535887e+03 1.220639e+03 -5.054710e+00 -8.603363e+01 1.108599e+02 2.979168e+00 
1.800000e+04 0.000000e+00 1.200000e+04 1.271477e-03 0.000000e+00 5.880901e-05 1.691270e+03 -6.167553e+03 1.098192e+03 -4.449933e+00 -7.440290e+01 9.995578e+01 2.216035e+00 
1.850000e+04 0.000000e+00 1.200000e+04 1.140355e-03 0.000000e+00 5.215598e-05 1.616886e+03 -5.839769e+03 9.925598e+02 -3.448311e+00 -6.455162e+01 8.916633e+01 1.813049e+00 
1.900000e+04 0.000000e+00 1.200000e+04 1.016369e-03 0.000000e+00 4.751464e-05 1.550255e+03 -5.550867e+03 9.021394e+02 -2.036153e+00 -5.629327e+01 7.865347e+01 1.226017e+00 
1.950000e+04 0.000000e+00 1.200000e+04 8.986046e-04 0.000000e+00 4.440191e-05 1.492427e+03 -5.300534e+03 8.244291e+02 -1.176225e+00 -4.924737e+01 6.894946e+01 5.147974e-01 
2.000000e+04 0.000000e+00 1.200000e+04 7.861888e-04 0.000000e+00 4.241753e-05 1.442932e+03 -5.084760e+03 7.571394e+02 -1.174103e+00 -4.224071e+01 6.033326e+01 2.806973e-01 
2.050000e+04 0.000000e+00 1.200000e+04 6.783698e-04 0.000000e+00 4.125120e-05 1.399453e+03 -4.897839e+03 7.003275e+02 -8.467221e-01 -3.568402e+01 5.192763e+01 3.674495e-01 
2.100000e+04 0.000000e+00 1.200000e+04 5.744632e-04 0.000000e+00 4.065317e-05 1.362596e+03 -4.740199e+03 6.528416e+02 -4.322634e-01 -3.032873e+01 4.320864e+01 4.562182e-01 
2.150000e+04 0.000000e+00 1.200000e+04 4.738045e-04 0.000000e+00 4.045056e-05 1.333027e+03 -4.611599e+03 6.134086e+02 -8.894732e-01 -2.505255e+01 3.536544e+01 5.580483e-01 
2.200000e+04 0.000000e+00 1.200000e+04 3.757877e-04 0.000000e+00 4.055269e-05 1.308851e+03 -4.507092e+03 5.823938e+02 -1.855345e+00 -1.934427e+01 2.897898e+01 7.958280e-01 
2.250000e+04 0.000000e+00 1.200000e+04 2.798692e-04 0.000000e+00 4.089877e-05 1.288953e+03 -4.424245e+03 5.596527e+02 -2.265734e+00 -1.377743e+01 2.294976e+01 1.075744e+00 
2.300000e+04 0.000000e+00 1.200000e+04 1.855529e-04 0.000000e+00 4.143052e-05 1.273395e+03 -4.363333e+03 5.447373e+02 -1.590233e+00 -8.662505e+00 1.638183e+01 7.974405e-01 
2.350000e+04 0.000000e+00 1.200000e+04 9.236372e-05 0.000000e+00 4.191553e-05 1.261273e+03 -4.324671e+03 5.383411e+02 2.509617e+00 -3.784537e+00 1.103620e+01 -2.145790e+00 
2.400000e+04 0.000000e+00 1.200000e+04 0.000000e+00 0.000000e+00 4.293927e-05 1.255854e+03 -4.311012e+03 5.374515e+02 6.000140e+00 -1.335097e+00 9.141882e+00 -4.706417e+00 
