#1 2 3 4 5 6 7  8  9 10
#x y z u v w p xx yy zz
0.000000e+00 0.000000e+00 1.200000e+04 0.000000e+00 0.000000e+00 8.383817e-02 -2.874015e+05 4.719841e+05 4.719841e+05 -8.176361e+04 
1.000000e+03 0.000000e+00 1.200000e+04 1.787703e-02 0.000000e+00 7.880250e-02 -2.566092e+05 3.992915e+05 4.374115e+05 -6.687529e+04 
2.000000e+03 0.000000e+00 1.200000e+04 3.077121e-02 0.000000e+00 6.503402e-02 -1.863141e+05 2.387769e+05 3.526998e+05 -3.253436e+04 
3.000000e+03 0.000000e+00 1.200000e+04 3.530078e-02 0.000000e+00 4.786922e-02 -1.079212e+05 7.255143e+04 2.521730e+05 -9.608169e+02 
4.000000e+03 0.000000e+00 1.200000e+04 3.407801e-02 0.000000e+00 3.240544e-02 -4.836003e+04 -3.474442e+04 1.667467e+05 1.307779e+04 
5.000000e+03 0.000000e+00 1.200000e+04 2.926406e-02 0.000000e+00 2.097520e-02 -1.626104e+04 -7.035427e+04 1.086039e+05 1.053351e+04 
6.000000e+03 0.000000e+00 1.200000e+04 2.424587e-02 0.000000e+00 1.374830e-02 -2.804847e+02 -7.497807e+04 7.134444e+04 4.475083e+03 
7.000000e+03 0.000000e+00 1.200000e+04 1.988917e-02 0.000000e+00 9.098068e-03 5.956500e+03 -6.818731e+04 4.824971e+04 2.068099e+03 
8.000000e+03 0.000000e+00 1.200000e+04 1.632136e-02 0.000000e+00 6.079480e-03 8.034912e+03 -5.853302e+04 3.351480e+04 9.134870e+02 
9.000000e+03 0.000000e+00 1.200000e+04 1.344650e-02 0.000000e+00 4.083138e-03 8.297379e+03 -4.914726e+04 2.384592e+04 4.092093e+02 
1.000000e+04 0.000000e+00 1.200000e+04 1.113164e-02 0.000000e+00 2.744978e-03 7.834833e+03 -4.099661e+04 1.731563e+04 1.764820e+02 
1.100000e+04 0.000000e+00 1.200000e+04 9.257119e-03 0.000000e+00 1.839806e-03 7.121494e+03 -3.422858e+04 1.279373e+04 7.037267e+01 
1.200000e+04 0.000000e+00 1.200000e+04 7.726191e-03 0.000000e+00 1.225255e-03 6.367224e+03 -2.871637e+04 9.592993e+03 2.170736e+01 
1.300000e+04 0.000000e+00 1.200000e+04 6.463439e-03 0.000000e+00 8.087150e-04 5.659282e+03 -2.426260e+04 7.285539e+03 -7.849437e-01 
1.400000e+04 0.000000e+00 1.200000e+04 5.410567e-03 0.000000e+00 5.285845e-04 5.030407e+03 -2.067553e+04 5.597283e+03 -1.297852e+01 
1.500000e+04 0.000000e+00 1.200000e+04 4.522664e-03 0.000000e+00 3.433850e-04 4.488460e+03 -1.779154e+04 4.347157e+03 -2.099778e+01 
1.600000e+04 0.000000e+00 1.200000e+04 3.764830e-03 0.000000e+00 2.246823e-04 4.027992e+03 -1.547474e+04 3.415033e+03 -2.427127e+01 
1.700000e+04 0.000000e+00 1.200000e+04 3.110045e-03 0.000000e+00 1.521254e-04 3.638516e+03 -1.361151e+04 2.718031e+03 -2.207307e+01 
1.800000e+04 0.000000e+00 1.200000e+04 2.537026e-03 0.000000e+00 1.105414e-04 3.315961e+03 -1.212405e+04 2.194613e+03 -1.844744e+01 
1.900000e+04 0.000000e+00 1.200000e+04 2.028176e-03 0.000000e+00 8.878126e-05 3.056749e+03 -1.095582e+04 1.802051e+03 -1.647934e+01 
2.000000e+04 0.000000e+00 1.200000e+04 1.568899e-03 0.000000e+00 7.900348e-05 2.854678e+03 -1.005835e+04 1.510587e+03 -1.627548e+01 
2.100000e+04 0.000000e+00 1.200000e+04 1.146755e-03 0.000000e+00 7.582317e-05 2.705568e+03 -9.398379e+03 1.299471e+03 -1.779694e+01 
2.200000e+04 0.000000e+00 1.200000e+04 7.508058e-04 0.000000e+00 7.568068e-05 2.603635e+03 -8.948330e+03 1.157395e+03 -1.996930e+01 
2.300000e+04 0.000000e+00 1.200000e+04 3.714201e-04 0.000000e+00 7.614064e-05 2.543995e+03 -8.685983e+03 1.075781e+03 -2.178211e+01 
2.400000e+04 0.000000e+00 1.200000e+04 0.000000e+00 0.000000e+00 7.624624e-05 2.524421e+03 -8.599655e+03 1.048923e+03 -2.253313e+01 
