#1 2 3 4 5 6 7  8  9 10 11 12 13
#x y z u v w p xx yy zz xy xz yz
0.000000e+00 0.000000e+00 1.200000e+04 0.000000e+00 0.000000e+00 4.856415e-02 -2.295366e+05 3.460145e+05 3.460145e+05 -3.419225e+03 -3.669247e+02 -1.896900e+03 -1.896900e+03 
1.875000e+02 0.000000e+00 1.200000e+04 2.323704e-03 0.000000e+00 4.840165e-02 -2.281210e+05 3.431388e+05 3.445918e+05 -3.367609e+03 -7.291864e+02 -3.750228e+03 -1.882907e+03 
3.750000e+02 0.000000e+00 1.200000e+04 4.602756e-03 0.000000e+00 4.791917e-02 -2.239368e+05 3.346507e+05 3.403756e+05 -3.216051e+03 -1.437340e+03 -7.329849e+03 -1.839942e+03 
5.625000e+02 0.000000e+00 1.200000e+04 6.794743e-03 0.000000e+00 4.713177e-02 -2.171664e+05 3.209559e+05 3.335193e+05 -2.975992e+03 -2.103047e+03 -1.058353e+04 -1.771014e+03 
7.500000e+02 0.000000e+00 1.200000e+04 8.861624e-03 0.000000e+00 4.606323e-02 -2.080983e+05 3.026941e+05 3.242675e+05 -2.666748e+03 -2.708552e+03 -1.338625e+04 -1.680972e+03 
9.375000e+02 0.000000e+00 1.200000e+04 1.077137e-02 0.000000e+00 4.474451e-02 -1.971011e+05 2.806780e+05 3.129365e+05 -2.311111e+03 -3.239915e+03 -1.564812e+04 -1.572756e+03 
1.125000e+03 0.000000e+00 1.200000e+04 1.249912e-02 0.000000e+00 4.321202e-02 -1.845941e+05 2.558251e+05 2.998890e+05 -1.931872e+03 -3.687646e+03 -1.732107e+04 -1.451877e+03 
1.312500e+03 0.000000e+00 1.200000e+04 1.402762e-02 0.000000e+00 4.150520e-02 -1.710177e+05 2.290918e+05 2.855122e+05 -1.550954e+03 -4.046731e+03 -1.840070e+04 -1.323346e+03 
1.500000e+03 0.000000e+00 1.200000e+04 1.534737e-02 0.000000e+00 3.966454e-02 -1.568054e+05 2.014068e+05 2.701970e+05 -1.187529e+03 -4.316737e+03 -1.891699e+04 -1.191125e+03 
1.687500e+03 0.000000e+00 1.200000e+04 1.645594e-02 0.000000e+00 3.772980e-02 -1.423603e+05 1.736200e+05 2.543167e+05 -8.556393e+02 -4.500721e+03 -1.892738e+04 -1.060202e+03 
1.875000e+03 0.000000e+00 1.200000e+04 1.735722e-02 0.000000e+00 3.573828e-02 -1.280364e+05 1.464639e+05 2.382102e+05 -5.648211e+02 -4.604762e+03 -1.850911e+04 -9.341237e+02 
2.062500e+03 0.000000e+00 1.200000e+04 1.806023e-02 0.000000e+00 3.372376e-02 -1.141268e+05 1.205288e+05 2.221723e+05 -3.207403e+02 -4.636865e+03 -1.774824e+04 -8.147835e+02 
2.250000e+03 0.000000e+00 1.200000e+04 1.857790e-02 0.000000e+00 3.171574e-02 -1.008628e+05 9.626196e+04 2.064495e+05 -1.231789e+02 -4.606681e+03 -1.673125e+04 -7.041525e+02 
2.437500e+03 0.000000e+00 1.200000e+04 1.892596e-02 0.000000e+00 2.973913e-02 -8.841258e+04 7.396885e+04 1.912380e+05 3.087996e+01 -4.524873e+03 -1.554144e+04 -6.041178e+02 
2.625000e+03 0.000000e+00 1.200000e+04 1.912169e-02 0.000000e+00 2.781403e-02 -7.688556e+04 5.382663e+04 1.766854e+05 1.446925e+02 -4.401163e+03 -1.425206e+04 -5.149212e+02 
2.812500e+03 0.000000e+00 1.200000e+04 1.918306e-02 0.000000e+00 2.595610e-02 -6.634124e+04 3.590577e+04 1.628945e+05 2.234270e+02 -4.244492e+03 -1.292245e+04 -4.356177e+02 
3.000000e+03 0.000000e+00 1.200000e+04 1.912801e-02 0.000000e+00 2.417689e-02 -5.679674e+04 2.018853e+04 1.499286e+05 2.730294e+02 -4.064191e+03 -1.160004e+04 -3.665877e+02 
3.187500e+03 0.000000e+00 1.200000e+04 1.897376e-02 0.000000e+00 2.248435e-02 -4.823712e+04 6.591170e+03 1.378201e+05 3.000529e+02 -3.868091e+03 -1.032299e+04 -3.075992e+02 
3.375000e+03 0.000000e+00 1.200000e+04 1.873643e-02 0.000000e+00 2.088328e-02 -4.062456e+04 -5.013602e+03 1.265770e+05 3.102886e+02 -3.662405e+03 -9.117307e+03 -2.567876e+02 
3.562500e+03 0.000000e+00 1.200000e+04 1.843082e-02 0.000000e+00 1.937590e-02 -3.390341e+04 -1.478300e+04 1.161854e+05 3.077806e+02 -3.452284e+03 -7.997138e+03 -2.134675e+02 
3.750000e+03 0.000000e+00 1.200000e+04 1.807025e-02 0.000000e+00 1.796245e-02 -2.800659e+04 -2.289266e+04 1.066161e+05 2.963701e+02 -3.241955e+03 -6.971203e+03 -1.772710e+02 
3.937500e+03 0.000000e+00 1.200000e+04 1.766652e-02 0.000000e+00 1.664148e-02 -2.286252e+04 -2.952203e+04 9.783033e+04 2.792756e+02 -3.035169e+03 -6.044085e+03 -1.466503e+02 
4.125000e+03 0.000000e+00 1.200000e+04 1.722989e-02 0.000000e+00 1.541037e-02 -1.839903e+04 -3.484582e+04 8.978414e+04 2.587571e+02 -2.834430e+03 -5.215079e+03 -1.204082e+02 
4.312500e+03 0.000000e+00 1.200000e+04 1.676925e-02 0.000000e+00 1.426561e-02 -1.454492e+04 -3.903111e+04 8.242926e+04 2.366086e+02 -2.641648e+03 -4.479317e+03 -9.831382e+01 
4.500000e+03 0.000000e+00 1.200000e+04 1.629216e-02 0.000000e+00 1.320314e-02 -1.123138e+04 -4.223463e+04 7.571462e+04 2.141475e+02 -2.457640e+03 -3.829716e+03 -8.026083e+01 
4.687500e+03 0.000000e+00 1.200000e+04 1.580500e-02 0.000000e+00 1.221853e-02 -8.394079e+03 -4.459959e+04 6.958974e+04 1.920841e+02 -2.283590e+03 -3.260419e+03 -6.568086e+01 
4.875000e+03 0.000000e+00 1.200000e+04 1.531307e-02 0.000000e+00 1.130711e-02 -5.974447e+03 -4.625402e+04 6.400655e+04 1.708055e+02 -2.119961e+03 -2.764728e+03 -5.375085e+01 
5.062500e+03 0.000000e+00 1.200000e+04 1.482072e-02 0.000000e+00 1.046420e-02 -3.920038e+03 -4.731032e+04 5.891941e+04 1.510303e+02 -1.966350e+03 -2.334477e+03 -4.366687e+01 
5.250000e+03 0.000000e+00 1.200000e+04 1.433152e-02 0.000000e+00 9.685160e-03 -2.183261e+03 -4.786807e+04 5.428430e+04 1.335573e+02 -1.822637e+03 -1.962017e+03 -3.539964e+01 
5.437500e+03 0.000000e+00 1.200000e+04 1.384835e-02 0.000000e+00 8.965482e-03 -7.205647e+02 -4.801597e+04 5.005965e+04 1.180090e+02 -1.689338e+03 -1.640658e+03 -2.898908e+01 
5.625000e+03 0.000000e+00 1.200000e+04 1.337344e-02 0.000000e+00 8.300806e-03 5.059573e+02 -4.782944e+04 4.620770e+04 1.038706e+02 -1.565880e+03 -1.365142e+03 -2.341856e+01 
5.812500e+03 0.000000e+00 1.200000e+04 1.290851e-02 0.000000e+00 7.687023e-03 1.527630e+03 -4.736935e+04 4.269492e+04 9.153595e+01 -1.450898e+03 -1.129173e+03 -1.835190e+01 
6.000000e+03 0.000000e+00 1.200000e+04 1.245492e-02 0.000000e+00 7.120268e-03 2.374019e+03 -4.669133e+04 3.948881e+04 8.046358e+01 -1.344610e+03 -9.268791e+02 -1.451064e+01 
6.187500e+03 0.000000e+00 1.200000e+04 1.201366e-02 0.000000e+00 6.596898e-03 3.071594e+03 -4.584398e+04 3.655909e+04 7.011184e+01 -1.246411e+03 -7.542100e+02 -1.176391e+01 
6.375000e+03 0.000000e+00 1.200000e+04 1.158540e-02 0.000000e+00 6.113493e-03 3.641009e+03 -4.486422e+04 3.388076e+04 6.042665e+01 -1.155749e+03 -6.076170e+02 -9.183756e+00 
6.562500e+03 0.000000e+00 1.200000e+04 1.117057e-02 0.000000e+00 5.666901e-03 4.100155e+03 -4.378380e+04 3.143135e+04 5.198281e+01 -1.072293e+03 -4.831441e+02 -6.897118e+00 
6.750000e+03 0.000000e+00 1.200000e+04 1.076939e-02 0.000000e+00 5.254228e-03 4.465649e+03 -4.263100e+04 2.918875e+04 4.530600e+01 -9.949635e+02 -3.772181e+02 -5.452735e+00 
6.937500e+03 0.000000e+00 1.200000e+04 1.038197e-02 0.000000e+00 4.872764e-03 4.752290e+03 -4.142878e+04 2.713221e+04 3.969371e+01 -9.233009e+02 -2.874535e+02 -4.462252e+00 
7.125000e+03 0.000000e+00 1.200000e+04 1.000828e-02 0.000000e+00 4.519996e-03 4.972114e+03 -4.019510e+04 2.524454e+04 3.422207e+01 -8.575449e+02 -2.119123e+02 -3.295404e+00 
7.312500e+03 0.000000e+00 1.200000e+04 9.648147e-03 0.000000e+00 4.193634e-03 5.135002e+03 -3.894506e+04 2.351102e+04 2.903539e+01 -7.973222e+02 -1.488455e+02 -1.907944e+00 
7.500000e+03 0.000000e+00 1.200000e+04 9.301326e-03 0.000000e+00 3.891612e-03 5.248941e+03 -3.769002e+04 2.191776e+04 2.543400e+01 -7.414684e+02 -9.557395e+01 -9.997074e-01 
7.687500e+03 0.000000e+00 1.200000e+04 8.967567e-03 0.000000e+00 3.612005e-03 5.322666e+03 -3.644152e+04 2.045081e+04 2.271104e+01 -6.898264e+02 -5.038715e+01 -8.012566e-01 
7.875000e+03 0.000000e+00 1.200000e+04 8.646526e-03 0.000000e+00 3.353011e-03 5.363256e+03 -3.520779e+04 1.909813e+04 1.989342e+01 -6.423775e+02 -1.307055e+01 -4.840591e-01 
8.062500e+03 0.000000e+00 1.200000e+04 8.337836e-03 0.000000e+00 3.113001e-03 5.375108e+03 -3.399330e+04 1.785076e+04 1.721169e+01 -5.986508e+02 1.757543e+01 3.774713e-01 
8.250000e+03 0.000000e+00 1.200000e+04 8.041090e-03 0.000000e+00 2.890510e-03 5.363180e+03 -3.280379e+04 1.669954e+04 1.471546e+01 -5.584281e+02 4.322382e+01 9.150034e-01 
8.437500e+03 0.000000e+00 1.200000e+04 7.755876e-03 0.000000e+00 2.684201e-03 5.331997e+03 -3.164362e+04 1.563490e+04 1.272392e+01 -5.211271e+02 6.460769e+01 6.049823e-01 
8.625000e+03 0.000000e+00 1.200000e+04 7.481791e-03 0.000000e+00 2.492807e-03 5.285176e+03 -3.051597e+04 1.464945e+04 1.099745e+01 -4.864026e+02 8.154185e+01 3.966730e-01 
8.812500e+03 0.000000e+00 1.200000e+04 7.218418e-03 0.000000e+00 2.315162e-03 5.224742e+03 -2.942089e+04 1.373712e+04 9.544621e+00 -4.544203e+02 9.481679e+01 8.149196e-01 
9.000000e+03 0.000000e+00 1.200000e+04 6.965341e-03 0.000000e+00 2.150230e-03 5.153184e+03 -2.835953e+04 1.289162e+04 8.361379e+00 -4.250059e+02 1.056740e+02 1.361946e+00 
9.187500e+03 0.000000e+00 1.200000e+04 6.722129e-03 0.000000e+00 1.997069e-03 5.073479e+03 -2.733487e+04 1.210721e+04 7.221514e+00 -3.976544e+02 1.144353e+02 1.602514e+00 
9.375000e+03 0.000000e+00 1.200000e+04 6.488382e-03 0.000000e+00 1.854808e-03 4.987298e+03 -2.634633e+04 1.137851e+04 5.923897e+00 -3.721197e+02 1.212646e+02 1.303104e+00 
9.562500e+03 0.000000e+00 1.200000e+04 6.263723e-03 0.000000e+00 1.722628e-03 4.895817e+03 -2.539275e+04 1.070065e+04 4.646001e+00 -3.486394e+02 1.259615e+02 8.616494e-01 
9.750000e+03 0.000000e+00 1.200000e+04 6.047769e-03 0.000000e+00 1.599760e-03 4.799854e+03 -2.447435e+04 1.007042e+04 4.371249e+00 -3.270735e+02 1.289350e+02 9.972293e-01 
9.937500e+03 0.000000e+00 1.200000e+04 5.840133e-03 0.000000e+00 1.485512e-03 4.701238e+03 -2.359207e+04 9.484044e+03 4.309986e+00 -3.068890e+02 1.312661e+02 1.473555e+00 
1.012500e+04 0.000000e+00 1.200000e+04 5.640431e-03 0.000000e+00 1.379275e-03 4.601572e+03 -2.274491e+04 8.936856e+03 3.333211e+00 -2.881650e+02 1.327459e+02 1.526719e+00 
1.031250e+04 0.000000e+00 1.200000e+04 5.448327e-03 0.000000e+00 1.280489e-03 4.500999e+03 -2.193120e+04 8.425949e+03 2.258314e+00 -2.709388e+02 1.330544e+02 1.140215e+00 
1.050000e+04 0.000000e+00 1.200000e+04 5.263494e-03 0.000000e+00 1.188613e-03 4.399289e+03 -2.114952e+04 7.949600e+03 2.050176e+00 -2.546647e+02 1.327827e+02 8.962852e-01 
1.068750e+04 0.000000e+00 1.200000e+04 5.085612e-03 0.000000e+00 1.103139e-03 4.297086e+03 -2.039848e+04 7.504737e+03 2.481005e+00 -2.393027e+02 1.319149e+02 1.042548e+00 
1.087500e+04 0.000000e+00 1.200000e+04 4.914368e-03 0.000000e+00 1.023609e-03 4.196234e+03 -1.967902e+04 7.088023e+03 2.293121e+00 -2.252643e+02 1.302464e+02 1.321700e+00 
1.106250e+04 0.000000e+00 1.200000e+04 4.749460e-03 0.000000e+00 9.496259e-04 4.096691e+03 -1.898961e+04 6.698037e+03 1.497566e+00 -2.121661e+02 1.283799e+02 1.340556e+00 
1.125000e+04 0.000000e+00 1.200000e+04 4.590624e-03 0.000000e+00 8.808182e-04 3.997511e+03 -1.832713e+04 6.333414e+03 1.182462e+00 -1.995410e+02 1.267090e+02 9.133517e-01 
1.143750e+04 0.000000e+00 1.200000e+04 4.437604e-03 0.000000e+00 8.168070e-04 3.899684e+03 -1.769159e+04 5.991388e+03 1.150846e+00 -1.880820e+02 1.245993e+02 5.500242e-01 
1.162500e+04 0.000000e+00 1.200000e+04 4.290132e-03 0.000000e+00 7.572295e-04 3.804455e+03 -1.708395e+04 5.669950e+03 6.374485e-01 -1.780649e+02 1.216236e+02 9.352079e-01 
1.181250e+04 0.000000e+00 1.200000e+04 4.147934e-03 0.000000e+00 7.017868e-04 3.711946e+03 -1.650378e+04 5.368482e+03 -5.345557e-01 -1.681955e+02 1.188244e+02 1.644036e+00 
1.200000e+04 0.000000e+00 1.200000e+04 4.010754e-03 0.000000e+00 6.502409e-04 3.620683e+03 -1.594699e+04 5.086175e+03 -1.236293e+00 -1.582954e+02 1.165656e+02 1.721807e+00 
1.218750e+04 0.000000e+00 1.200000e+04 3.878403e-03 0.000000e+00 6.023511e-04 3.530133e+03 -1.541158e+04 4.821484e+03 -2.983149e-01 -1.494459e+02 1.138558e+02 1.146114e+00 
1.237500e+04 0.000000e+00 1.200000e+04 3.750680e-03 0.000000e+00 5.578537e-04 3.441545e+03 -1.489903e+04 4.572912e+03 1.486705e+00 -1.411680e+02 1.108501e+02 4.115620e-01 
1.256250e+04 0.000000e+00 1.200000e+04 3.627382e-03 0.000000e+00 5.164986e-04 3.355404e+03 -1.440785e+04 4.338910e+03 2.723239e+00 -1.335604e+02 1.077270e+02 -2.549646e-01 
1.275000e+04 0.000000e+00 1.200000e+04 3.508323e-03 0.000000e+00 4.780465e-04 3.272853e+03 -1.393885e+04 4.117845e+03 2.447734e+00 -1.272513e+02 1.042817e+02 -5.298659e-01 
1.293750e+04 0.000000e+00 1.200000e+04 3.393269e-03 0.000000e+00 4.422941e-04 3.193715e+03 -1.349201e+04 3.909629e+03 1.235249e+00 -1.204886e+02 1.014733e+02 -3.131597e-01 
1.312500e+04 0.000000e+00 1.200000e+04 3.282025e-03 0.000000e+00 4.090959e-04 3.115162e+03 -1.306137e+04 3.714528e+03 1.356885e+00 -1.132581e+02 9.901035e+01 -8.435067e-02 
1.331250e+04 0.000000e+00 1.200000e+04 3.174464e-03 0.000000e+00 3.782974e-04 3.038242e+03 -1.264780e+04 3.530723e+03 2.351952e+00 -1.074856e+02 9.567023e+01 1.911568e-02 
1.350000e+04 0.000000e+00 1.200000e+04 3.070421e-03 0.000000e+00 3.497266e-04 2.965306e+03 -1.225477e+04 3.356711e+03 2.145122e+00 -1.021263e+02 9.228030e+01 1.611092e-02 
1.368750e+04 0.000000e+00 1.200000e+04 2.969733e-03 0.000000e+00 3.232407e-04 2.894236e+03 -1.187717e+04 3.192732e+03 1.725655e+00 -9.641133e+01 8.965044e+01 -3.064113e-01 
1.387500e+04 0.000000e+00 1.200000e+04 2.872275e-03 0.000000e+00 2.987009e-04 2.824443e+03 -1.151316e+04 3.038212e+03 1.624006e+00 -9.145264e+01 8.701078e+01 -3.899621e-01 
1.406250e+04 0.000000e+00 1.200000e+04 2.777889e-03 0.000000e+00 2.759770e-04 2.757632e+03 -1.116597e+04 2.892161e+03 9.134268e-01 -8.681580e+01 8.412195e+01 1.085159e-01 
1.425000e+04 0.000000e+00 1.200000e+04 2.686437e-03 0.000000e+00 2.549679e-04 2.692805e+03 -1.083318e+04 2.754266e+03 4.980197e-01 -8.241706e+01 8.159474e+01 3.322830e-01 
1.443750e+04 0.000000e+00 1.200000e+04 2.597820e-03 0.000000e+00 2.355582e-04 2.629481e+03 -1.051279e+04 2.623907e+03 4.376408e-01 -7.852012e+01 7.934462e+01 1.490812e-01 
1.462500e+04 0.000000e+00 1.200000e+04 2.511908e-03 0.000000e+00 2.176286e-04 2.568330e+03 -1.020617e+04 2.500989e+03 1.956928e-01 -7.423465e+01 7.686139e+01 1.666288e-01 
1.481250e+04 0.000000e+00 1.200000e+04 2.428583e-03 0.000000e+00 2.010876e-04 2.508672e+03 -9.911921e+03 2.385285e+03 6.184593e-01 -7.031955e+01 7.438894e+01 2.983566e-01 
1.500000e+04 0.000000e+00 1.200000e+04 2.347742e-03 0.000000e+00 1.858434e-04 2.451005e+03 -9.629371e+03 2.275446e+03 9.106446e-01 -6.746059e+01 7.193012e+01 2.897814e-01 
1.518750e+04 0.000000e+00 1.200000e+04 2.269258e-03 0.000000e+00 1.718074e-04 2.396181e+03 -9.360051e+03 2.171208e+03 2.995004e-01 -6.425913e+01 6.913099e+01 8.633380e-02 
1.537500e+04 0.000000e+00 1.200000e+04 2.193025e-03 0.000000e+00 1.589081e-04 2.343000e+03 -9.102041e+03 2.072986e+03 5.567745e-02 -6.037943e+01 6.670823e+01 -5.131551e-02 
1.556250e+04 0.000000e+00 1.200000e+04 2.118971e-03 0.000000e+00 1.470719e-04 2.290661e+03 -8.852433e+03 1.980290e+03 1.606485e-01 -5.678648e+01 6.479220e+01 2.949713e-01 
1.575000e+04 0.000000e+00 1.200000e+04 2.047015e-03 0.000000e+00 1.362242e-04 2.239872e+03 -8.612199e+03 1.892641e+03 -5.891000e-02 -5.383948e+01 6.239178e+01 6.357927e-01 
1.593750e+04 0.000000e+00 1.200000e+04 1.977069e-03 0.000000e+00 1.262962e-04 2.190944e+03 -8.382729e+03 1.809858e+03 3.918325e-02 -5.133668e+01 5.968944e+01 2.732759e-01 
1.612500e+04 0.000000e+00 1.200000e+04 1.909043e-03 0.000000e+00 1.172165e-04 2.143784e+03 -8.163496e+03 1.731481e+03 6.611397e-01 -4.891457e+01 5.734514e+01 -3.006488e-01 
1.631250e+04 0.000000e+00 1.200000e+04 1.842850e-03 0.000000e+00 1.089175e-04 2.098389e+03 -7.953563e+03 1.657175e+03 1.221551e+00 -4.629449e+01 5.530591e+01 -3.763969e-01 
1.650000e+04 0.000000e+00 1.200000e+04 1.778409e-03 0.000000e+00 1.013412e-04 2.054714e+03 -7.751858e+03 1.586691e+03 1.026081e+00 -4.395065e+01 5.338575e+01 -2.572938e-03 
1.668750e+04 0.000000e+00 1.200000e+04 1.715644e-03 0.000000e+00 9.443879e-05 2.013383e+03 -7.559080e+03 1.519282e+03 -3.511136e-01 -4.219396e+01 5.134091e+01 5.007396e-01 
1.687500e+04 0.000000e+00 1.200000e+04 1.654472e-03 0.000000e+00 8.817758e-05 1.974241e+03 -7.376155e+03 1.455145e+03 -1.712840e+00 -4.035587e+01 4.933576e+01 7.107435e-01 
1.706250e+04 0.000000e+00 1.200000e+04 1.594819e-03 0.000000e+00 8.252860e-05 1.935920e+03 -7.201027e+03 1.395016e+03 -1.749799e+00 -3.838796e+01 4.794476e+01 6.112337e-01 
1.725000e+04 0.000000e+00 1.200000e+04 1.536628e-03 0.000000e+00 7.744964e-05 1.898130e+03 -7.031729e+03 1.338433e+03 -1.094414e+00 -3.652842e+01 4.693841e+01 6.983639e-01 
1.743750e+04 0.000000e+00 1.200000e+04 1.479847e-03 0.000000e+00 7.289768e-05 1.861544e+03 -6.869031e+03 1.284953e+03 -5.545573e-01 -3.492409e+01 4.552479e+01 7.963009e-01 
1.762500e+04 0.000000e+00 1.200000e+04 1.424415e-03 0.000000e+00 6.883073e-05 1.827185e+03 -6.715010e+03 1.233904e+03 -4.500549e-01 -3.396319e+01 4.377011e+01 4.633604e-01 
1.781250e+04 0.000000e+00 1.200000e+04 1.370261e-03 0.000000e+00 6.520248e-05 1.794867e+03 -6.569119e+03 1.185100e+03 -5.815687e-01 -3.284522e+01 4.239138e+01 -4.649359e-02 
1.800000e+04 0.000000e+00 1.200000e+04 1.317319e-03 0.000000e+00 6.196700e-05 1.763267e+03 -6.428962e+03 1.139416e+03 -2.563591e-01 -3.132377e+01 4.148295e+01 -2.011435e-01 
1.818750e+04 0.000000e+00 1.200000e+04 1.265535e-03 0.000000e+00 5.907949e-05 1.733002e+03 -6.295125e+03 1.096177e+03 -5.629672e-02 -3.021608e+01 4.042762e+01 2.854055e-01 
1.837500e+04 0.000000e+00 1.200000e+04 1.214841e-03 0.000000e+00 5.651586e-05 1.704538e+03 -6.168314e+03 1.055142e+03 -4.432899e-01 -2.909519e+01 3.879613e+01 8.029054e-01 
1.856250e+04 0.000000e+00 1.200000e+04 1.165178e-03 0.000000e+00 5.427379e-05 1.677432e+03 -6.048109e+03 1.016654e+03 -8.404333e-01 -2.775808e+01 3.700339e+01 6.276851e-01 
1.875000e+04 0.000000e+00 1.200000e+04 1.116499e-03 0.000000e+00 5.233976e-05 1.651961e+03 -5.934255e+03 9.796135e+02 -1.240406e+00 -2.619345e+01 3.570326e+01 2.863605e-01 
1.893750e+04 0.000000e+00 1.200000e+04 1.068763e-03 0.000000e+00 5.068469e-05 1.626524e+03 -5.823604e+03 9.450765e+02 -1.045063e+00 -2.414439e+01 3.435128e+01 2.635936e-01 
1.912500e+04 0.000000e+00 1.200000e+04 1.021948e-03 0.000000e+00 4.926949e-05 1.600786e+03 -5.715939e+03 9.136836e+02 -1.034898e-01 -2.261103e+01 3.210605e+01 2.412858e-01 
1.931250e+04 0.000000e+00 1.200000e+04 9.760154e-04 0.000000e+00 4.805268e-05 1.577423e+03 -5.615590e+03 8.832179e+02 1.027231e-01 -2.146371e+01 2.966576e+01 1.173967e-01 
1.950000e+04 0.000000e+00 1.200000e+04 9.309051e-04 0.000000e+00 4.701440e-05 1.555642e+03 -5.521227e+03 8.543591e+02 -5.913412e-02 -1.970844e+01 2.776588e+01 -9.216546e-02 
1.968750e+04 0.000000e+00 1.200000e+04 8.865692e-04 0.000000e+00 4.614506e-05 1.533875e+03 -5.429975e+03 8.279379e+02 4.110361e-01 -1.818952e+01 2.592651e+01 -2.283098e-01 
1.987500e+04 0.000000e+00 1.200000e+04 8.429687e-04 0.000000e+00 4.542615e-05 1.513942e+03 -5.344071e+03 8.018627e+02 3.830146e-01 -1.712042e+01 2.386425e+01 3.171441e-04 
2.006250e+04 0.000000e+00 1.200000e+04 8.000667e-04 0.000000e+00 4.484437e-05 1.495597e+03 -5.263609e+03 7.768461e+02 -2.867759e-02 -1.574134e+01 2.193238e+01 1.312718e-01 
2.025000e+04 0.000000e+00 1.200000e+04 7.578408e-04 0.000000e+00 4.438911e-05 1.477012e+03 -5.186195e+03 7.546192e+02 5.414817e-01 -1.439599e+01 2.064430e+01 -2.544280e-01 
2.043750e+04 0.000000e+00 1.200000e+04 7.162647e-04 0.000000e+00 4.404002e-05 1.458994e+03 -5.112260e+03 7.339389e+02 1.338932e+00 -1.336242e+01 2.004145e+01 -5.567515e-01 
2.062500e+04 0.000000e+00 1.200000e+04 6.752937e-04 0.000000e+00 4.377380e-05 1.442818e+03 -5.043524e+03 7.138863e+02 1.182592e+00 -1.275188e+01 1.913345e+01 -3.878461e-01 
2.081250e+04 0.000000e+00 1.200000e+04 6.348724e-04 0.000000e+00 4.356782e-05 1.428663e+03 -4.981165e+03 6.947433e+02 4.325927e-01 -1.270220e+01 1.746577e+01 -1.227761e-01 
2.100000e+04 0.000000e+00 1.200000e+04 5.949406e-04 0.000000e+00 4.340891e-05 1.416031e+03 -4.924529e+03 6.767285e+02 -2.913117e-01 -1.226648e+01 1.604982e+01 6.911585e-02 
2.118750e+04 0.000000e+00 1.200000e+04 5.554519e-04 0.000000e+00 4.331004e-05 1.403842e+03 -4.870900e+03 6.601558e+02 -7.817888e-01 -1.093856e+01 1.525823e+01 3.366783e-01 
2.137500e+04 0.000000e+00 1.200000e+04 5.163889e-04 0.000000e+00 4.329916e-05 1.391699e+03 -4.819028e+03 6.448512e+02 -9.208160e-01 -9.520705e+00 1.436261e+01 5.696455e-01 
2.156250e+04 0.000000e+00 1.200000e+04 4.777485e-04 0.000000e+00 4.338764e-05 1.379800e+03 -4.769852e+03 6.309240e+02 -4.706857e-01 -8.448430e+00 1.323942e+01 4.138812e-01 
2.175000e+04 0.000000e+00 1.200000e+04 4.395187e-04 0.000000e+00 4.355382e-05 1.368316e+03 -4.724401e+03 6.188256e+02 6.274845e-01 -7.625954e+00 1.221966e+01 -2.077316e-01 
2.193750e+04 0.000000e+00 1.200000e+04 4.016697e-04 0.000000e+00 4.375380e-05 1.357578e+03 -4.682748e+03 6.081150e+02 1.898065e+00 -6.767204e+00 1.126887e+01 -9.518385e-01 
2.212500e+04 0.000000e+00 1.200000e+04 3.641651e-04 0.000000e+00 4.394629e-05 1.347481e+03 -4.644057e+03 5.985891e+02 3.024715e+00 -5.796944e+00 1.003807e+01 -1.457470e+00 
2.231250e+04 0.000000e+00 1.200000e+04 3.269693e-04 0.000000e+00 4.410298e-05 1.338378e+03 -4.609294e+03 5.901987e+02 3.962013e+00 -5.291586e+00 8.150386e+00 -1.577215e+00 
2.250000e+04 0.000000e+00 1.200000e+04 2.900349e-04 0.000000e+00 4.421043e-05 1.331544e+03 -4.580824e+03 5.820323e+02 4.158975e+00 -5.176873e+00 5.996695e+00 -1.413667e+00 
2.268750e+04 0.000000e+00 1.200000e+04 2.533091e-04 0.000000e+00 4.427760e-05 1.327151e+03 -4.558308e+03 5.737301e+02 3.125921e+00 -4.580219e+00 4.621690e+00 -1.138915e+00 
2.287500e+04 0.000000e+00 1.200000e+04 2.167523e-04 0.000000e+00 4.432994e-05 1.323952e+03 -4.539387e+03 5.660364e+02 1.495845e+00 -3.382426e+00 4.225805e+00 -7.638533e-01 
2.306250e+04 0.000000e+00 1.200000e+04 1.803365e-04 0.000000e+00 4.438916e-05 1.320638e+03 -4.522402e+03 5.599405e+02 5.468254e-01 -2.303280e+00 3.944259e+00 -3.729732e-01 
2.325000e+04 0.000000e+00 1.200000e+04 1.440456e-04 0.000000e+00 4.446750e-05 1.316733e+03 -4.506906e+03 5.559329e+02 7.740608e-01 -1.686590e+00 3.257075e+00 -2.015920e-01 
2.343750e+04 0.000000e+00 1.200000e+04 1.078747e-04 0.000000e+00 4.456955e-05 1.312697e+03 -4.493275e+03 5.536420e+02 1.541200e+00 -9.399088e-01 2.556041e+00 -4.304791e-01 
2.362500e+04 0.000000e+00 1.200000e+04 7.182048e-05 0.000000e+00 4.468536e-05 1.309106e+03 -4.481807e+03 5.524263e+02 2.061600e+00 6.639817e-02 2.099875e+00 -9.491153e-01 
2.381250e+04 0.000000e+00 1.200000e+04 3.588638e-05 0.000000e+00 4.479746e-05 1.306953e+03 -4.473420e+03 5.513522e+02 1.208907e+00 3.432639e-01 1.029592e+00 -5.998343e-01 
2.400000e+04 0.000000e+00 1.200000e+04 0.000000e+00 0.000000e+00 4.473415e-05 1.306436e+03 -4.470221e+03 5.506843e+02 2.274058e-01 1.453411e-01 1.518134e-01 3.721418e-02 
