#1 2 3 4 5 6 7  8  9 10 11 12 13
#x y z u v w p xx yy zz xy xz yz
0.000000e+00 0.000000e+00 1.200000e+04 0.000000e+00 0.000000e+00 5.089965e-02 -2.336894e+05 3.535691e+05 3.535691e+05 -6.069912e+03 -6.513556e+02 -3.377992e+03 -3.377992e+03 
2.500000e+02 0.000000e+00 1.200000e+04 3.217291e-03 0.000000e+00 5.060305e-02 -2.312288e+05 3.485237e+05 3.510780e+05 -5.915129e+03 -1.285971e+03 -6.624740e+03 -3.334539e+03 
5.000000e+02 0.000000e+00 1.200000e+04 6.328199e-03 0.000000e+00 4.972925e-02 -2.240310e+05 3.338019e+05 3.437607e+05 -5.469760e+03 -2.506523e+03 -1.274490e+04 -3.208874e+03 
7.500000e+02 0.000000e+00 1.200000e+04 9.235420e-03 0.000000e+00 4.832396e-02 -2.126177e+05 3.105821e+05 3.320630e+05 -4.792073e+03 -3.604391e+03 -1.792982e+04 -3.012369e+03 
1.000000e+03 0.000000e+00 1.200000e+04 1.185852e-02 0.000000e+00 4.645756e-02 -1.977761e+05 2.806304e+05 3.166625e+05 -3.964716e+03 -4.534760e+03 -2.187911e+04 -2.760313e+03 
1.250000e+03 0.000000e+00 1.200000e+04 1.413894e-02 0.000000e+00 4.421790e-02 -1.804571e+05 2.460572e+05 2.983904e+05 -3.076364e+03 -5.268639e+03 -2.445406e+04 -2.471399e+03 
1.500000e+03 0.000000e+00 1.200000e+04 1.604254e-02 0.000000e+00 4.170110e-02 -1.616596e+05 2.090503e+05 2.781400e+05 -2.211531e+03 -5.795809e+03 -2.567342e+04 -2.165049e+03 
1.750000e+03 0.000000e+00 1.200000e+04 1.755841e-02 0.000000e+00 3.900378e-02 -1.423288e+05 1.716381e+05 2.567831e+05 -1.434964e+03 -6.121349e+03 -2.568331e+04 -1.858876e+03 
2.000000e+03 0.000000e+00 1.200000e+04 1.869605e-02 0.000000e+00 3.621594e-02 -1.232805e+05 1.355218e+05 2.351044e+05 -7.846437e+02 -6.262637e+03 -2.471426e+04 -1.567606e+03 
2.250000e+03 0.000000e+00 1.200000e+04 1.948093e-02 0.000000e+00 3.341602e-02 -1.051524e+05 1.019785e+05 2.137558e+05 -2.772518e+02 -6.246234e+03 -2.303281e+04 -1.300914e+03 
2.500000e+03 0.000000e+00 1.200000e+04 1.994918e-02 0.000000e+00 3.066812e-02 -8.839060e+04 7.184364e+04 1.932390e+05 8.917730e+01 -6.103065e+03 -2.089918e+04 -1.063674e+03 
2.750000e+03 0.000000e+00 1.200000e+04 2.014286e-02 0.000000e+00 2.802150e-02 -7.326542e+04 4.555581e+04 1.739073e+05 3.331369e+02 -5.863860e+03 -1.854145e+04 -8.587868e+02 
3.000000e+03 0.000000e+00 1.200000e+04 2.010595e-02 0.000000e+00 2.551111e-02 -5.989537e+04 2.322668e+04 1.559805e+05 4.789056e+02 -5.556818e+03 -1.614257e+04 -6.861243e+02 
3.250000e+03 0.000000e+00 1.200000e+04 1.988138e-02 0.000000e+00 2.315919e-02 -4.827958e+04 4.723172e+03 1.395668e+05 5.487372e+02 -5.207147e+03 -1.383157e+04 -5.427526e+02 
3.500000e+03 0.000000e+00 1.200000e+04 1.950871e-02 0.000000e+00 2.097766e-02 -3.833406e+04 -1.024974e+04 1.246881e+05 5.638417e+02 -4.835864e+03 -1.169112e+04 -4.259533e+02 
3.750000e+03 0.000000e+00 1.200000e+04 1.902307e-02 0.000000e+00 1.897038e-02 -2.992516e+04 -2.207460e+04 1.113062e+05 5.439215e+02 -4.458999e+03 -9.768720e+03 -3.325911e+02 
4.000000e+03 0.000000e+00 1.200000e+04 1.845476e-02 0.000000e+00 1.713503e-02 -2.289298e+04 -3.116764e+04 9.934284e+04 5.037287e+02 -4.088273e+03 -8.082243e+03 -2.583287e+02 
4.250000e+03 0.000000e+00 1.200000e+04 1.782913e-02 0.000000e+00 1.546513e-02 -1.706729e+04 -3.794601e+04 8.869451e+04 4.533922e+02 -3.731558e+03 -6.628209e+03 -1.992007e+02 
4.500000e+03 0.000000e+00 1.200000e+04 1.716691e-02 0.000000e+00 1.395154e-02 -1.227973e+04 -4.280421e+04 7.924400e+04 3.994003e+02 -3.394447e+03 -5.391461e+03 -1.527968e+02 
4.750000e+03 0.000000e+00 1.200000e+04 1.648469e-02 0.000000e+00 1.258355e-02 -8.374391e+03 -4.609511e+04 7.087260e+04 3.456742e+02 -3.080091e+03 -4.352692e+03 -1.171301e+02 
5.000000e+03 0.000000e+00 1.200000e+04 1.579555e-02 0.000000e+00 1.134968e-02 -5.212774e+03 -4.812393e+04 6.346721e+04 2.950372e+02 -2.789985e+03 -3.488800e+03 -8.959814e+01 
5.250000e+03 0.000000e+00 1.200000e+04 1.510953e-02 0.000000e+00 1.023832e-02 -2.672885e+03 -4.915161e+04 5.691996e+04 2.503049e+02 -2.524425e+03 -2.775028e+03 -6.770509e+01 
5.500000e+03 0.000000e+00 1.200000e+04 1.443420e-02 0.000000e+00 9.238270e-03 -6.467719e+02 -4.940091e+04 5.112939e+04 2.118327e+02 -2.282314e+03 -2.188112e+03 -5.045718e+01 
5.750000e+03 0.000000e+00 1.200000e+04 1.377510e-02 0.000000e+00 8.338831e-03 9.574525e+02 -4.905431e+04 4.600440e+04 1.775521e+02 -2.063336e+03 -1.708199e+03 -3.764228e+01 
6.000000e+03 0.000000e+00 1.200000e+04 1.313615e-02 0.000000e+00 7.529973e-03 2.215306e+03 -4.825816e+04 4.146485e+04 1.473981e+02 -1.865919e+03 -1.318677e+03 -2.821478e+01 
6.250000e+03 0.000000e+00 1.200000e+04 1.251996e-02 0.000000e+00 6.802491e-03 3.189391e+03 -4.713031e+04 3.743981e+04 1.223251e+02 -1.687643e+03 -1.003993e+03 -2.098478e+01 
6.500000e+03 0.000000e+00 1.200000e+04 1.192821e-02 0.000000e+00 6.148011e-03 3.932635e+03 -4.576601e+04 3.386587e+04 1.022363e+02 -1.526893e+03 -7.494241e+02 -1.518752e+01 
6.750000e+03 0.000000e+00 1.200000e+04 1.136180e-02 0.000000e+00 5.558952e-03 4.489795e+03 -4.424211e+04 3.068684e+04 8.588019e+01 -1.382526e+03 -5.433667e+02 -1.048661e+01 
7.000000e+03 0.000000e+00 1.200000e+04 1.082101e-02 0.000000e+00 5.028460e-03 4.897159e+03 -4.261671e+04 2.785385e+04 7.138826e+01 -1.253096e+03 -3.788054e+02 -7.101402e+00 
7.250000e+03 0.000000e+00 1.200000e+04 1.030568e-02 0.000000e+00 4.550395e-03 5.183167e+03 -4.093392e+04 2.532548e+04 5.894167e+01 -1.136624e+03 -2.482562e+02 -4.929097e+00 
7.500000e+03 0.000000e+00 1.200000e+04 9.815404e-03 0.000000e+00 4.119286e-03 5.371677e+03 -3.922931e+04 2.306508e+04 4.919573e+01 -1.032113e+03 -1.441583e+02 -3.100197e+00 
7.750000e+03 0.000000e+00 1.200000e+04 9.349501e-03 0.000000e+00 3.730235e-03 5.483103e+03 -3.753002e+04 2.103956e+04 4.115534e+01 -9.382922e+02 -6.202182e+01 -1.449005e+00 
8.000000e+03 0.000000e+00 1.200000e+04 8.907145e-03 0.000000e+00 3.378860e-03 5.533451e+03 -3.585558e+04 1.922153e+04 3.369520e+01 -8.542286e+02 2.297811e+00 -3.325587e-01 
8.250000e+03 0.000000e+00 1.200000e+04 8.487371e-03 0.000000e+00 3.061270e-03 5.535646e+03 -3.422111e+04 1.758719e+04 2.699004e+01 -7.789118e+02 5.228819e+01 5.371593e-01 
8.500000e+03 0.000000e+00 1.200000e+04 8.089147e-03 0.000000e+00 2.774024e-03 5.499200e+03 -3.263533e+04 1.611551e+04 2.222203e+01 -7.103051e+02 9.104530e+01 1.132765e+00 
8.750000e+03 0.000000e+00 1.200000e+04 7.711487e-03 0.000000e+00 2.514061e-03 5.432608e+03 -3.110465e+04 1.478781e+04 1.900987e+01 -6.485356e+02 1.210436e+02 1.369367e+00 
9.000000e+03 0.000000e+00 1.200000e+04 7.353371e-03 0.000000e+00 2.278641e-03 5.344159e+03 -2.963556e+04 1.358693e+04 1.615358e+01 -5.937922e+02 1.433266e+02 1.689853e+00 
9.250000e+03 0.000000e+00 1.200000e+04 7.013747e-03 0.000000e+00 2.065296e-03 5.239926e+03 -2.823147e+04 1.249907e+04 1.261718e+01 -5.442333e+02 1.597288e+02 2.178010e+00 
9.500000e+03 0.000000e+00 1.200000e+04 6.691572e-03 0.000000e+00 1.871847e-03 5.122950e+03 -2.689158e+04 1.151341e+04 9.317895e+00 -4.988852e+02 1.716418e+02 2.555265e+00 
9.750000e+03 0.000000e+00 1.200000e+04 6.385885e-03 0.000000e+00 1.696391e-03 4.995970e+03 -2.561481e+04 1.061901e+04 7.894809e+00 -4.579491e+02 1.791655e+02 2.523731e+00 
1.000000e+04 0.000000e+00 1.200000e+04 6.095775e-03 0.000000e+00 1.537196e-03 4.863360e+03 -2.440156e+04 9.804625e+03 6.856741e+00 -4.213869e+02 1.831892e+02 2.077749e+00 
1.025000e+04 0.000000e+00 1.200000e+04 5.820361e-03 0.000000e+00 1.392679e-03 4.727536e+03 -2.325014e+04 9.062136e+03 5.400551e+00 -3.883194e+02 1.852064e+02 1.928445e+00 
1.050000e+04 0.000000e+00 1.200000e+04 5.558772e-03 0.000000e+00 1.261418e-03 4.590112e+03 -2.215984e+04 8.385383e+03 4.119084e+00 -3.577420e+02 1.855133e+02 2.441587e+00 
1.075000e+04 0.000000e+00 1.200000e+04 5.310144e-03 0.000000e+00 1.142185e-03 4.452559e+03 -2.112815e+04 7.767457e+03 3.015978e+00 -3.294011e+02 1.838007e+02 2.776524e+00 
1.100000e+04 0.000000e+00 1.200000e+04 5.073737e-03 0.000000e+00 1.033906e-03 4.315421e+03 -2.015037e+04 7.201855e+03 2.249117e+00 -3.034235e+02 1.807796e+02 2.491787e+00 
1.125000e+04 0.000000e+00 1.200000e+04 4.848878e-03 0.000000e+00 9.355748e-04 4.179904e+03 -1.922504e+04 6.683539e+03 1.790124e+00 -2.798996e+02 1.769348e+02 2.098008e+00 
1.150000e+04 0.000000e+00 1.200000e+04 4.634895e-03 0.000000e+00 8.462479e-04 4.046768e+03 -1.835055e+04 6.208357e+03 1.889889e+00 -2.590564e+02 1.720878e+02 1.754497e+00 
1.175000e+04 0.000000e+00 1.200000e+04 4.431140e-03 0.000000e+00 7.650805e-04 3.916896e+03 -1.752513e+04 5.772339e+03 2.100933e+00 -2.404643e+02 1.668325e+02 1.516955e+00 
1.200000e+04 0.000000e+00 1.200000e+04 4.236954e-03 0.000000e+00 6.913545e-04 3.790665e+03 -1.674559e+04 5.371780e+03 1.811174e+00 -2.224917e+02 1.618075e+02 1.525459e+00 
1.225000e+04 0.000000e+00 1.200000e+04 4.051773e-03 0.000000e+00 6.244467e-04 3.667521e+03 -1.600743e+04 5.003168e+03 1.696498e+00 -2.053281e+02 1.566646e+02 1.459331e+00 
1.250000e+04 0.000000e+00 1.200000e+04 3.875127e-03 0.000000e+00 5.637483e-04 3.548398e+03 -1.531034e+04 4.663299e+03 1.850271e+00 -1.906875e+02 1.511945e+02 1.119324e+00 
1.275000e+04 0.000000e+00 1.200000e+04 3.706515e-03 0.000000e+00 5.086839e-04 3.433466e+03 -1.465255e+04 4.350167e+03 1.982930e+00 -1.776931e+02 1.457283e+02 6.004612e-01 
1.300000e+04 0.000000e+00 1.200000e+04 3.545454e-03 0.000000e+00 4.587490e-04 3.322171e+03 -1.403043e+04 4.061743e+03 2.175937e+00 -1.651324e+02 1.401305e+02 1.785542e-01 
1.325000e+04 0.000000e+00 1.200000e+04 3.391498e-03 0.000000e+00 4.134862e-04 3.215779e+03 -1.344422e+04 3.794994e+03 1.890492e+00 -1.537665e+02 1.346289e+02 5.062223e-01 
1.350000e+04 0.000000e+00 1.200000e+04 3.244200e-03 0.000000e+00 3.724983e-04 3.114200e+03 -1.289111e+04 3.547815e+03 6.914065e-01 -1.434717e+02 1.297123e+02 1.410971e+00 
1.375000e+04 0.000000e+00 1.200000e+04 3.103177e-03 0.000000e+00 3.354560e-04 3.015886e+03 -1.236632e+04 3.319329e+03 -6.701091e-01 -1.336116e+02 1.245582e+02 1.563448e+00 
1.400000e+04 0.000000e+00 1.200000e+04 2.968109e-03 0.000000e+00 3.020405e-04 2.921133e+03 -1.187048e+04 3.108209e+03 -1.132702e+00 -1.244629e+02 1.191474e+02 9.322111e-01 
1.425000e+04 0.000000e+00 1.200000e+04 2.838660e-03 0.000000e+00 2.719178e-04 2.830110e+03 -1.140235e+04 2.912788e+03 -7.713334e-01 -1.158554e+02 1.145277e+02 9.821960e-01 
1.450000e+04 0.000000e+00 1.200000e+04 2.714511e-03 0.000000e+00 2.447790e-04 2.742263e+03 -1.095785e+04 2.731649e+03 -5.860642e-01 -1.078436e+02 1.098831e+02 1.631673e+00 
1.475000e+04 0.000000e+00 1.200000e+04 2.595363e-03 0.000000e+00 2.203646e-04 2.658710e+03 -1.053816e+04 2.563301e+03 -1.267687e+00 -1.009897e+02 1.046423e+02 1.607060e+00 
1.500000e+04 0.000000e+00 1.200000e+04 2.480905e-03 0.000000e+00 1.984599e-04 2.579738e+03 -1.014371e+04 2.406679e+03 -2.187208e+00 -9.448673e+01 9.990225e+01 1.089569e+00 
1.525000e+04 0.000000e+00 1.200000e+04 2.370870e-03 0.000000e+00 1.788702e-04 2.503166e+03 -9.769279e+03 2.261626e+03 -1.843107e+00 -8.764944e+01 9.562805e+01 8.552984e-01 
1.550000e+04 0.000000e+00 1.200000e+04 2.265049e-03 0.000000e+00 1.613818e-04 2.428394e+03 -9.412126e+03 2.127546e+03 -6.020419e-01 -8.142476e+01 9.120835e+01 9.003984e-01 
1.575000e+04 0.000000e+00 1.200000e+04 2.163222e-03 0.000000e+00 1.457807e-04 2.357364e+03 -9.074513e+03 2.002711e+03 -2.890350e-01 -7.605047e+01 8.676964e+01 9.612466e-01 
1.600000e+04 0.000000e+00 1.200000e+04 2.065151e-03 0.000000e+00 1.318958e-04 2.290748e+03 -8.757622e+03 1.885972e+03 -5.935067e-01 -7.097917e+01 8.236651e+01 6.184856e-01 
1.625000e+04 0.000000e+00 1.200000e+04 1.970615e-03 0.000000e+00 1.195692e-04 2.227317e+03 -8.458657e+03 1.777234e+03 -5.282096e-01 -6.637363e+01 7.809987e+01 1.174027e-02 
1.650000e+04 0.000000e+00 1.200000e+04 1.879411e-03 0.000000e+00 1.086395e-04 2.166445e+03 -8.174960e+03 1.676166e+03 -5.407603e-01 -6.197642e+01 7.409567e+01 7.348288e-02 
1.675000e+04 0.000000e+00 1.200000e+04 1.791350e-03 0.000000e+00 9.898401e-05 2.108483e+03 -7.906993e+03 1.582166e+03 -6.227186e-01 -5.783735e+01 7.042895e+01 7.157007e-01 
1.700000e+04 0.000000e+00 1.200000e+04 1.706255e-03 0.000000e+00 9.050438e-05 2.053952e+03 -7.655385e+03 1.494443e+03 -9.143377e-01 -5.472265e+01 6.721415e+01 9.549637e-01 
1.725000e+04 0.000000e+00 1.200000e+04 1.623937e-03 0.000000e+00 8.310366e-05 2.002560e+03 -7.418612e+03 1.412633e+03 -1.700773e+00 -5.165938e+01 6.429233e+01 6.132466e-01 
1.750000e+04 0.000000e+00 1.200000e+04 1.544233e-03 0.000000e+00 7.669629e-05 1.953118e+03 -7.194577e+03 1.337044e+03 -1.821904e+00 -4.799294e+01 6.164404e+01 3.332962e-01 
1.775000e+04 0.000000e+00 1.200000e+04 1.467009e-03 0.000000e+00 7.118656e-05 1.905638e+03 -6.982823e+03 1.267135e+03 -1.225143e+00 -4.499559e+01 5.912666e+01 6.524247e-01 
1.800000e+04 0.000000e+00 1.200000e+04 1.392117e-03 0.000000e+00 6.647270e-05 1.860748e+03 -6.783902e+03 1.202525e+03 -8.651236e-01 -4.270364e+01 5.630490e+01 9.212776e-01 
1.825000e+04 0.000000e+00 1.200000e+04 1.319403e-03 0.000000e+00 6.247184e-05 1.818323e+03 -6.597866e+03 1.143186e+03 -2.898938e-01 -4.032702e+01 5.362365e+01 2.742052e-01 
1.850000e+04 0.000000e+00 1.200000e+04 1.248726e-03 0.000000e+00 5.910371e-05 1.778305e+03 -6.423525e+03 1.087968e+03 6.423914e-01 -3.771765e+01 5.144195e+01 -4.796443e-01 
1.875000e+04 0.000000e+00 1.200000e+04 1.179958e-03 0.000000e+00 5.628675e-05 1.740360e+03 -6.258873e+03 1.036427e+03 1.364919e+00 -3.505414e+01 4.889093e+01 -4.910550e-01 
1.900000e+04 0.000000e+00 1.200000e+04 1.112995e-03 0.000000e+00 5.394303e-05 1.704848e+03 -6.104462e+03 9.884817e+02 1.438126e+00 -3.292286e+01 4.577448e+01 -2.305117e-01 
1.925000e+04 0.000000e+00 1.200000e+04 1.047716e-03 0.000000e+00 5.200053e-05 1.672499e+03 -5.961856e+03 9.436204e+02 7.373575e-01 -3.101361e+01 4.286744e+01 -1.110924e-01 
1.950000e+04 0.000000e+00 1.200000e+04 9.839913e-04 0.000000e+00 5.041134e-05 1.641916e+03 -5.828633e+03 9.025323e+02 3.540953e-01 -2.872216e+01 4.025629e+01 -1.895263e-01 
1.975000e+04 0.000000e+00 1.200000e+04 9.217134e-04 0.000000e+00 4.914002e-05 1.612540e+03 -5.702914e+03 8.647930e+02 5.010312e-01 -2.646143e+01 3.760583e+01 -2.370972e-01 
2.000000e+04 0.000000e+00 1.200000e+04 8.607835e-04 0.000000e+00 4.814738e-05 1.585797e+03 -5.586497e+03 8.290975e+02 9.493143e-03 -2.422875e+01 3.466791e+01 1.150224e-01 
2.025000e+04 0.000000e+00 1.200000e+04 8.010998e-04 0.000000e+00 4.740185e-05 1.561220e+03 -5.479584e+03 7.964908e+02 -5.664159e-01 -2.187649e+01 3.132729e+01 4.583121e-01 
2.050000e+04 0.000000e+00 1.200000e+04 7.425711e-04 0.000000e+00 4.687673e-05 1.537770e+03 -5.380373e+03 7.674482e+02 -3.844759e-01 -1.964612e+01 2.818219e+01 3.718637e-01 
2.075000e+04 0.000000e+00 1.200000e+04 6.851145e-04 0.000000e+00 4.654655e-05 1.515902e+03 -5.288004e+03 7.404824e+02 -1.858387e-01 -1.728901e+01 2.564414e+01 2.223740e-01 
2.100000e+04 0.000000e+00 1.200000e+04 6.286587e-04 0.000000e+00 4.638760e-05 1.495480e+03 -5.202107e+03 7.155186e+02 1.474867e-01 -1.501340e+01 2.308091e+01 4.076640e-02 
2.125000e+04 0.000000e+00 1.200000e+04 5.731466e-04 0.000000e+00 4.635945e-05 1.475978e+03 -5.122703e+03 6.934488e+02 1.321712e+00 -1.349193e+01 2.036840e+01 -4.922870e-01 
2.150000e+04 0.000000e+00 1.200000e+04 5.185100e-04 0.000000e+00 4.640720e-05 1.458118e+03 -5.050657e+03 6.738518e+02 2.451630e+00 -1.242172e+01 1.831682e+01 -9.857746e-01 
2.175000e+04 0.000000e+00 1.200000e+04 4.646560e-04 0.000000e+00 4.649080e-05 1.442724e+03 -4.986408e+03 6.558286e+02 2.406643e+00 -1.123377e+01 1.709908e+01 -8.842981e-01 
2.200000e+04 0.000000e+00 1.200000e+04 4.114852e-04 0.000000e+00 4.659119e-05 1.429578e+03 -4.929563e+03 6.394495e+02 1.378838e+00 -1.023072e+01 1.609230e+01 -3.654280e-01 
2.225000e+04 0.000000e+00 1.200000e+04 3.589031e-04 0.000000e+00 4.670015e-05 1.418566e+03 -4.880829e+03 6.251051e+02 2.692530e-02 -9.853596e+00 1.477860e+01 1.149146e-01 
2.250000e+04 0.000000e+00 1.200000e+04 3.068071e-04 0.000000e+00 4.681823e-05 1.410036e+03 -4.841587e+03 6.126809e+02 -1.201682e+00 -9.610377e+00 1.315755e+01 4.114721e-01 
2.275000e+04 0.000000e+00 1.200000e+04 2.550951e-04 0.000000e+00 4.695668e-05 1.403304e+03 -4.810540e+03 6.023754e+02 -1.745583e+00 -8.704277e+00 1.162845e+01 5.717337e-01 
2.300000e+04 0.000000e+00 1.200000e+04 2.036812e-04 0.000000e+00 4.712842e-05 1.397073e+03 -4.784677e+03 5.946618e+02 -1.204547e+00 -7.190316e+00 1.016244e+01 6.250853e-01 
2.325000e+04 0.000000e+00 1.200000e+04 1.525007e-04 0.000000e+00 4.733268e-05 1.391250e+03 -4.763296e+03 5.892518e+02 2.941767e-01 -5.606912e+00 8.260056e+00 3.643834e-01 
2.350000e+04 0.000000e+00 1.200000e+04 1.015157e-04 0.000000e+00 4.756432e-05 1.386665e+03 -4.747869e+03 5.853412e+02 2.533666e+00 -4.071893e+00 5.931337e+00 -5.839302e-01 
2.375000e+04 0.000000e+00 1.200000e+04 5.068101e-05 0.000000e+00 4.780572e-05 1.382875e+03 -4.738042e+03 5.833794e+02 6.037623e+00 -2.080145e+00 4.711314e+00 -2.419011e+00 
2.400000e+04 0.000000e+00 1.200000e+04 0.000000e+00 0.000000e+00 4.803686e-05 1.380956e+03 -4.734218e+03 5.830988e+02 8.249962e+00 -8.729006e-01 4.702183e+00 -3.567033e+00 
