#1 2 3  4 
#z w p zz 
0.000000e+00 0.000000e+00 -5.881446e+03 -1.267723e+04 
3.750000e+02 -2.950471e-04 -5.905710e+03 -1.307841e+04 
7.500000e+02 -6.058313e-04 -5.981208e+03 -1.431198e+04 
1.125000e+03 -9.492726e-04 -6.113059e+03 -1.647110e+04 
1.500000e+03 -1.344817e-03 -6.300659e+03 -1.973158e+04 
1.875000e+03 -1.816402e-03 -6.549044e+03 -2.436056e+04 
2.250000e+03 -2.394033e-03 -6.875074e+03 -3.075017e+04 
2.625000e+03 -3.116778e-03 -7.289997e+03 -3.951056e+04 
3.000000e+03 -4.038442e-03 -7.810322e+03 -5.156767e+04 
3.375000e+03 -5.235210e-03 -8.474181e+03 -6.832548e+04 
3.750000e+03 -6.817432e-03 -9.339488e+03 -9.199627e+04 
4.125000e+03 -8.950223e-03 -1.050782e+04 -1.261865e+05 
4.500000e+03 -1.189021e-02 -1.217614e+04 -1.770146e+05 
4.875000e+03 -1.605503e-02 -1.475546e+04 -2.553973e+05 
5.250000e+03 -2.216258e-02 -1.911834e+04 -3.820999e+05 
5.625000e+03 -3.151374e-02 -2.781438e+04 -5.998847e+05 
6.000000e+03 -4.682160e-02 -4.569280e+04 -1.007420e+06 
6.375000e+03 -7.340560e-02 -1.080452e+05 -1.872377e+06 
6.750000e+03 -1.340047e-01 -1.599108e+05 -3.984831e+06 
7.125000e+03 -2.364373e-01 -4.982998e+06 2.693256e+06 
7.500000e+03 -1.119325e-01 -9.902629e+06 1.050753e+07 
7.875000e+03 -1.233877e-02 -9.775274e+06 9.816389e+06 
8.250000e+03 9.677287e-02 -1.008424e+07 1.015928e+07 
8.625000e+03 1.406715e-01 -9.292935e+06 8.075955e+06 
9.000000e+03 2.806321e-01 -4.380340e+06 3.833210e+05 
9.375000e+03 1.268390e-01 -4.579191e+05 -3.196661e+06 
9.750000e+03 8.927109e-02 -1.112935e+05 -1.374750e+06 
1.012500e+04 6.882784e-02 -9.500857e+04 -7.169716e+05 
1.050000e+04 5.779923e-02 -9.482109e+04 -3.901116e+05 
1.087500e+04 5.138096e-02 -1.091261e+05 -2.053364e+05 
1.125000e+04 4.756843e-02 -1.325526e+05 -9.452057e+04 
1.162500e+04 4.515240e-02 -1.666232e+05 -3.149680e+04 
1.200000e+04 4.319722e-02 -1.866277e+05 -1.027837e+04 
