#1 2 3  4 
#z w p zz 
0.000000e+00 0.000000e+00 -6.396992e+03 -1.290499e+04 
3.000000e+02 -2.423321e-04 -6.413676e+03 -1.317825e+04 
6.000000e+02 -4.932895e-04 -6.464729e+03 -1.400768e+04 
9.000000e+02 -7.615759e-04 -6.552443e+03 -1.542900e+04 
1.200000e+03 -1.056852e-03 -6.677491e+03 -1.751612e+04 
1.500000e+03 -1.390281e-03 -6.839009e+03 -2.038213e+04 
1.800000e+03 -1.775116e-03 -7.042160e+03 -2.417311e+04 
2.100000e+03 -2.226916e-03 -7.293858e+03 -2.909389e+04 
2.400000e+03 -2.765114e-03 -7.596171e+03 -3.544375e+04 
2.700000e+03 -3.414608e-03 -7.955204e+03 -4.363334e+04 
3.000000e+03 -4.207828e-03 -8.383388e+03 -5.422544e+04 
3.300000e+03 -5.187429e-03 -8.895328e+03 -6.801839e+04 
3.600000e+03 -6.410498e-03 -9.511860e+03 -8.616940e+04 
3.900000e+03 -7.955812e-03 -1.026584e+04 -1.103848e+05 
4.200000e+03 -9.934942e-03 -1.121184e+04 -1.432363e+05 
4.500000e+03 -1.250869e-02 -1.244367e+04 -1.887257e+05 
4.800000e+03 -1.591683e-02 -1.413108e+04 -2.533210e+05 
5.100000e+03 -2.053091e-02 -1.660188e+04 -3.479432e+05 
5.400000e+03 -2.694985e-02 -2.062699e+04 -4.920925e+05 
5.700000e+03 -3.620981e-02 -2.765587e+04 -7.233790e+05 
6.000000e+03 -5.017295e-02 -4.502877e+04 -1.121937e+06 
6.300000e+03 -7.314502e-02 -7.533274e+04 -1.891594e+06 
6.600000e+03 -1.120835e-01 -4.322162e+05 -3.880146e+06 
6.900000e+03 -2.464147e-01 -4.348736e+06 -5.009349e+05 
7.200000e+03 -1.493455e-01 -9.236716e+06 7.143024e+06 
7.500000e+03 -1.216809e-01 -1.013009e+07 9.678292e+06 
7.800000e+03 -4.064727e-02 -9.883793e+06 9.706412e+06 
8.100000e+03 3.243133e-02 -1.000447e+07 9.883079e+06 
8.400000e+03 1.006960e-01 -9.914822e+06 9.583966e+06 
8.700000e+03 1.829577e-01 -9.925990e+06 9.995441e+06 
9.000000e+03 2.674567e-01 -5.038363e+06 2.120960e+06 
9.300000e+03 1.794825e-01 -1.533480e+05 -4.721222e+06 
9.600000e+03 1.203062e-01 -1.579012e+05 -2.380651e+06 
9.900000e+03 9.250416e-02 -1.037294e+05 -1.329771e+06 
1.020000e+04 7.593654e-02 -9.820864e+04 -7.906758e+05 
1.050000e+04 6.575284e-02 -1.037050e+05 -4.798667e+05 
1.080000e+04 5.925471e-02 -1.171714e+05 -2.858952e+05 
1.110000e+04 5.504436e-02 -1.370073e+05 -1.588793e+05 
1.140000e+04 5.225434e-02 -1.638667e+05 -7.526725e+04 
1.170000e+04 5.025851e-02 -1.995409e+05 -2.536904e+04 
1.200000e+04 4.848898e-02 -2.198780e+05 -8.288094e+03 
