#1 2 3  4 
#z w p zz 
0.000000e+00 0.000000e+00 -5.620521e+03 -6.350994e+03 
7.500000e+02 -3.567317e-04 -5.733897e+03 -7.436302e+03 
1.500000e+03 -8.055292e-04 -6.094078e+03 -1.099585e+04 
2.250000e+03 -1.461726e-03 -6.771095e+03 -1.810765e+04 
3.000000e+03 -2.508255e-03 -7.917413e+03 -3.121705e+04 
3.750000e+03 -4.274228e-03 -9.943611e+03 -5.566422e+04 
4.500000e+03 -7.435655e-03 -1.372277e+04 -1.040112e+05 
5.250000e+03 -1.341076e-02 -2.437333e+04 -2.097505e+05 
6.000000e+03 -2.684144e-02 -4.701706e+04 -4.830545e+05 
6.750000e+03 -5.516180e-02 -3.540318e+05 -1.582269e+06 
7.500000e+03 -2.605545e-01 -4.683617e+06 3.139354e+06 
8.250000e+03 1.341467e-02 -8.724831e+06 8.767600e+06 
9.000000e+03 2.878164e-01 -4.701151e+06 3.168906e+06 
9.750000e+03 8.370724e-02 -3.926582e+05 -1.522924e+06 
1.050000e+04 5.742950e-02 -1.153612e+05 -3.959592e+05 
1.125000e+04 4.641379e-02 -1.402561e+05 -1.079989e+05 
1.200000e+04 4.182815e-02 -1.618174e+05 -3.279497e+04 
