#1 2 3  4 
#z w p zz 
0.000000e+00 0.000000e+00 -6.265932e+03 -1.273487e+04 
5.000000e+02 -4.027088e-04 -6.317077e+03 -1.346702e+04 
1.000000e+03 -8.449004e-04 -6.475112e+03 -1.575459e+04 
1.500000e+03 -1.369798e-03 -6.749256e+03 -1.990568e+04 
2.000000e+03 -2.032913e-03 -7.156179e+03 -2.652462e+04 
2.500000e+03 -2.910950e-03 -7.735588e+03 -3.664643e+04 
3.000000e+03 -4.115445e-03 -8.553762e+03 -5.204553e+04 
3.500000e+03 -5.819418e-03 -9.725092e+03 -7.585179e+04 
4.000000e+03 -8.308528e-03 -1.149356e+04 -1.137804e+05 
4.500000e+03 -1.207785e-02 -1.448503e+04 -1.769464e+05 
5.000000e+03 -1.806759e-02 -1.993250e+04 -2.890854e+05 
5.500000e+03 -2.812266e-02 -3.459624e+04 -5.068993e+05 
6.000000e+03 -4.739224e-02 -6.308900e+04 -9.947091e+05 
6.500000e+03 -8.384332e-02 -4.126942e+05 -2.554427e+06 
7.000000e+03 -2.699313e-01 -4.488753e+06 1.307770e+06 
7.500000e+03 -7.208270e-02 -9.418659e+06 8.517032e+06 
8.000000e+03 1.405632e-02 -1.060742e+07 1.065172e+07 
8.500000e+03 1.003842e-01 -9.429539e+06 8.536924e+06 
9.000000e+03 2.987992e-01 -4.511377e+06 1.347905e+06 
9.500000e+03 1.136525e-01 -4.489361e+05 -2.493492e+06 
1.000000e+04 7.850514e-02 -1.161637e+05 -9.126179e+05 
1.050000e+04 6.085776e-02 -1.096682e+05 -4.044569e+05 
1.100000e+04 5.262174e-02 -1.252219e+05 -1.704457e+05 
1.150000e+04 4.834814e-02 -1.632942e+05 -5.460849e+04 
1.200000e+04 4.548992e-02 -1.872629e+05 -1.761965e+04 
