#1 2 3 4 5 6 7  8  9 10 11 12 13
#x y z u v w p xx yy zz xy xz yz
0.000000e+00 0.000000e+00 2.500000e+04 0.000000e+00 0.000000e+00 1.727474e-01 -5.174128e+05 1.213584e+06 3.402433e+05 -1.588927e+03 -8.016876e-02 -1.980318e+03 2.477386e-01 
1.302083e+02 0.000000e+00 2.500000e+04 5.858724e-03 0.000000e+00 1.725522e-01 -5.157848e+05 1.209754e+06 3.391727e+05 -1.572228e+03 -2.021014e-01 -3.940213e+03 1.404701e-01 
2.604167e+02 0.000000e+00 2.500000e+04 1.167952e-02 0.000000e+00 1.719693e-01 -5.109331e+05 1.198341e+06 3.359823e+05 -1.523609e+03 -4.516598e-01 -7.800052e+03 -6.039100e-02 
3.906250e+02 0.000000e+00 2.500000e+04 1.742524e-02 0.000000e+00 1.710058e-01 -5.029549e+05 1.179574e+06 3.307360e+05 -1.445564e+03 -6.608198e-01 -1.150160e+04 -2.796165e-01 
5.208333e+02 0.000000e+00 2.500000e+04 2.306028e-02 0.000000e+00 1.696738e-01 -4.920081e+05 1.153828e+06 3.235375e+05 -1.340951e+03 -8.029843e-01 -1.497267e+04 -4.876644e-01 
6.510417e+02 0.000000e+00 2.500000e+04 2.855125e-02 0.000000e+00 1.679893e-01 -4.783054e+05 1.121602e+06 3.145268e+05 -1.212657e+03 -8.901015e-01 -1.815185e+04 -5.834009e-01 
7.812500e+02 0.000000e+00 2.500000e+04 3.386761e-02 0.000000e+00 1.659724e-01 -4.621050e+05 1.083506e+06 3.038736e+05 -1.065107e+03 -9.031297e-01 -2.099084e+04 -6.193297e-01 
9.114583e+02 0.000000e+00 2.500000e+04 3.898213e-02 0.000000e+00 1.636462e-01 -4.436985e+05 1.040232e+06 2.917698e+05 -9.064528e+02 -8.136359e-01 -2.345272e+04 -7.468460e-01 
1.041667e+03 0.000000e+00 2.500000e+04 4.387126e-02 0.000000e+00 1.610365e-01 -4.234041e+05 9.925308e+05 2.784245e+05 -7.431334e+02 -5.837466e-01 -2.551226e+04 -9.724387e-01 
1.171875e+03 0.000000e+00 2.500000e+04 4.851534e-02 0.000000e+00 1.581711e-01 -4.015564e+05 9.411894e+05 2.640578e+05 -5.779699e+02 -2.778947e-01 -2.715825e+04 -1.220460e+00 
1.302083e+03 0.000000e+00 2.500000e+04 5.289872e-02 0.000000e+00 1.550788e-01 -3.784956e+05 8.870069e+05 2.488933e+05 -4.133372e+02 -9.690901e-02 -2.839221e+04 -1.400899e+00 
1.432292e+03 0.000000e+00 2.500000e+04 5.700975e-02 0.000000e+00 1.517894e-01 -3.545560e+05 8.307709e+05 2.331509e+05 -2.538986e+02 -4.162393e-02 -2.922731e+04 -1.425686e+00 
1.562500e+03 0.000000e+00 2.500000e+04 6.084063e-02 0.000000e+00 1.483323e-01 -3.300536e+05 7.732293e+05 2.170385e+05 -1.070450e+02 1.067734e-01 -2.968550e+04 -1.445071e+00 
1.692708e+03 0.000000e+00 2.500000e+04 6.438719e-02 0.000000e+00 1.447368e-01 -3.052864e+05 7.150828e+05 2.007520e+05 2.439225e+01 2.946335e-01 -2.979501e+04 -1.593692e+00 
1.822917e+03 0.000000e+00 2.500000e+04 6.764860e-02 0.000000e+00 1.410310e-01 -2.805310e+05 6.569780e+05 1.844732e+05 1.417684e+02 3.175499e-01 -2.959157e+04 -1.691633e+00 
1.953125e+03 0.000000e+00 2.500000e+04 7.062707e-02 0.000000e+00 1.372417e-01 -2.560327e+05 5.994908e+05 1.683635e+05 2.439615e+02 1.802562e-01 -2.911370e+04 -1.520849e+00 
2.083333e+03 0.000000e+00 2.500000e+04 7.332744e-02 0.000000e+00 1.333940e-01 -2.320043e+05 5.431196e+05 1.525627e+05 3.306616e+02 4.246639e-02 -2.839941e+04 -1.037315e+00 
2.213542e+03 0.000000e+00 2.500000e+04 7.575677e-02 0.000000e+00 1.295112e-01 -2.086255e+05 4.882854e+05 1.371892e+05 4.019194e+02 -2.045703e-02 -2.748914e+04 -4.497558e-01 
2.343750e+03 0.000000e+00 2.500000e+04 7.792402e-02 0.000000e+00 1.256146e-01 -1.860452e+05 4.353380e+05 1.223407e+05 4.569651e+02 -8.194045e-02 -2.642155e+04 -1.236344e-01 
2.473958e+03 0.000000e+00 2.500000e+04 7.983964e-02 0.000000e+00 1.217234e-01 -1.643842e+05 3.845573e+05 1.080967e+05 4.986891e+02 -2.081663e-01 -2.523120e+04 3.415943e-02 
2.604167e+03 0.000000e+00 2.500000e+04 8.151523e-02 0.000000e+00 1.178548e-01 -1.437329e+05 3.361530e+05 9.451672e+04 5.290885e+02 -3.962079e-01 -2.395215e+04 2.692601e-01 
2.734375e+03 0.000000e+00 2.500000e+04 8.296321e-02 0.000000e+00 1.140236e-01 -1.241533e+05 2.902715e+05 8.164146e+04 5.470867e+02 -5.573008e-01 -2.261536e+04 3.414242e-01 
2.864583e+03 0.000000e+00 2.500000e+04 8.419650e-02 0.000000e+00 1.102430e-01 -1.056864e+05 2.470063e+05 6.949788e+04 5.551129e+02 -6.982206e-01 -2.124545e+04 2.998927e-01 
2.994792e+03 0.000000e+00 2.500000e+04 8.522835e-02 0.000000e+00 1.065242e-01 -8.835325e+04 2.064046e+05 5.809983e+04 5.553472e+02 -9.029845e-01 -1.986583e+04 5.559757e-01 
3.125000e+03 0.000000e+00 2.500000e+04 8.607203e-02 0.000000e+00 1.028763e-01 -7.215733e+04 1.684745e+05 4.744963e+04 5.478592e+02 -1.123312e+00 -1.849678e+04 1.097894e+00 
3.255208e+03 0.000000e+00 2.500000e+04 8.674075e-02 0.000000e+00 9.930713e-02 -5.708687e+04 1.331864e+05 3.753951e+04 5.346673e+02 -1.206233e+00 -1.715167e+04 1.672082e+00 
3.385417e+03 0.000000e+00 2.500000e+04 8.724741e-02 0.000000e+00 9.582296e-02 -4.311806e+04 1.004827e+05 2.835382e+04 5.176568e+02 -1.107924e+00 -1.584330e+04 2.190513e+00 
3.515625e+03 0.000000e+00 2.500000e+04 8.760458e-02 0.000000e+00 9.242856e-02 -3.021818e+04 7.028764e+04 1.987104e+04 4.958565e+02 -9.000001e-01 -1.458243e+04 2.511632e+00 
3.645833e+03 0.000000e+00 2.500000e+04 8.782430e-02 0.000000e+00 8.912762e-02 -1.834821e+04 4.250817e+04 1.206552e+04 4.709424e+02 -5.490954e-01 -1.337497e+04 2.462288e+00 
3.776042e+03 0.000000e+00 2.500000e+04 8.791817e-02 0.000000e+00 8.592269e-02 -7.462787e+03 1.703495e+04 4.907422e+03 4.459868e+02 -2.230045e-01 -1.222631e+04 2.256604e+00 
3.906250e+03 0.000000e+00 2.500000e+04 8.789712e-02 0.000000e+00 8.281537e-02 2.489012e+03 -6.250040e+03 -1.636739e+03 4.197427e+02 -8.595521e-02 -1.114078e+04 2.107718e+00 
4.036458e+03 0.000000e+00 2.500000e+04 8.777147e-02 0.000000e+00 7.980650e-02 1.155661e+04 -2.746363e+04 -7.599459e+03 3.932684e+02 9.701374e-02 -1.011891e+04 2.051911e+00 
4.166667e+03 0.000000e+00 2.500000e+04 8.755101e-02 0.000000e+00 7.689618e-02 1.979220e+04 -4.673049e+04 -1.301507e+04 3.689670e+02 3.851444e-01 -9.160844e+03 2.124541e+00 
4.296875e+03 0.000000e+00 2.500000e+04 8.724479e-02 0.000000e+00 7.408392e-02 2.725027e+04 -6.417707e+04 -1.791939e+04 3.456564e+02 5.895925e-01 -8.267987e+03 2.197964e+00 
4.427083e+03 0.000000e+00 2.500000e+04 8.686129e-02 0.000000e+00 7.136871e-02 3.398279e+04 -7.992308e+04 -2.234660e+04 3.213007e+02 7.198805e-01 -7.438719e+03 2.278509e+00 
4.557292e+03 0.000000e+00 2.500000e+04 8.640840e-02 0.000000e+00 6.874914e-02 4.004135e+04 -9.408977e+04 -2.633062e+04 2.963501e+02 9.724148e-01 -6.669242e+03 2.326287e+00 
4.687500e+03 0.000000e+00 2.500000e+04 8.589338e-02 0.000000e+00 6.622351e-02 4.547526e+04 -1.067944e+05 -2.990388e+04 2.725339e+02 1.322117e+00 -5.958377e+03 2.107436e+00 
4.817708e+03 0.000000e+00 2.500000e+04 8.532296e-02 0.000000e+00 6.378974e-02 5.033009e+04 -1.181440e+05 -3.309635e+04 2.501328e+02 1.521930e+00 -5.303724e+03 1.672340e+00 
4.947917e+03 0.000000e+00 2.500000e+04 8.470338e-02 0.000000e+00 6.144561e-02 5.465102e+04 -1.282443e+05 -3.593773e+04 2.289895e+02 1.565468e+00 -4.700450e+03 1.168944e+00 
5.078125e+03 0.000000e+00 2.500000e+04 8.404032e-02 0.000000e+00 5.918871e-02 5.848177e+04 -1.371986e+05 -3.845678e+04 2.100098e+02 1.655088e+00 -4.147369e+03 7.122097e-01 
5.208333e+03 0.000000e+00 2.500000e+04 8.333893e-02 0.000000e+00 5.701645e-02 6.186365e+04 -1.451023e+05 -4.068065e+04 1.920015e+02 1.746880e+00 -3.642191e+03 3.411823e-01 
5.338542e+03 0.000000e+00 2.500000e+04 8.260402e-02 0.000000e+00 5.492625e-02 6.483305e+04 -1.520410e+05 -4.263329e+04 1.751217e+02 1.636649e+00 -3.179314e+03 2.089812e-02 
5.468750e+03 0.000000e+00 2.500000e+04 8.183994e-02 0.000000e+00 5.291545e-02 6.742459e+04 -1.580972e+05 -4.433745e+04 1.609062e+02 1.428443e+00 -2.756224e+03 -8.063293e-03 
5.598958e+03 0.000000e+00 2.500000e+04 8.105063e-02 0.000000e+00 5.098129e-02 6.967297e+04 -1.633500e+05 -4.581595e+04 1.470750e+02 1.280174e+00 -2.372279e+03 1.711701e-01 
5.729167e+03 0.000000e+00 2.500000e+04 8.023970e-02 0.000000e+00 4.912108e-02 7.160937e+04 -1.678708e+05 -4.708930e+04 1.319461e+02 1.281689e+00 -2.023347e+03 2.060582e-01 
5.859375e+03 0.000000e+00 2.500000e+04 7.941040e-02 0.000000e+00 4.733217e-02 7.326136e+04 -1.717265e+05 -4.817562e+04 1.180165e+02 1.469948e+00 -1.705160e+03 4.301864e-01 
5.989583e+03 0.000000e+00 2.500000e+04 7.856569e-02 0.000000e+00 4.561190e-02 7.465314e+04 -1.749762e+05 -4.909084e+04 1.076199e+02 1.491977e+00 -1.417300e+03 1.089592e+00 
6.119792e+03 0.000000e+00 2.500000e+04 7.770831e-02 0.000000e+00 4.395764e-02 7.580896e+04 -1.776746e+05 -4.985089e+04 9.864087e+01 1.276992e+00 -1.158309e+03 1.663369e+00 
6.250000e+03 0.000000e+00 2.500000e+04 7.684065e-02 0.000000e+00 4.236683e-02 7.675383e+04 -1.798775e+05 -5.047222e+04 8.823808e+01 1.198788e+00 -9.232803e+02 1.774682e+00 
6.380208e+03 0.000000e+00 2.500000e+04 7.596488e-02 0.000000e+00 4.083699e-02 7.750683e+04 -1.816317e+05 -5.096738e+04 7.855516e+01 1.099680e+00 -7.097359e+02 1.642863e+00 
6.510417e+03 0.000000e+00 2.500000e+04 7.508303e-02 0.000000e+00 3.936569e-02 7.808383e+04 -1.829763e+05 -5.134681e+04 7.163679e+01 7.727702e-01 -5.184165e+02 1.631323e+00 
6.640625e+03 0.000000e+00 2.500000e+04 7.419684e-02 0.000000e+00 3.795054e-02 7.850411e+04 -1.839542e+05 -5.162318e+04 6.509260e+01 5.244497e-01 -3.475223e+02 1.689950e+00 
6.770833e+03 0.000000e+00 2.500000e+04 7.330792e-02 0.000000e+00 3.658926e-02 7.878504e+04 -1.846051e+05 -5.180792e+04 5.789540e+01 4.121052e-01 -1.940565e+02 1.439861e+00 
6.901042e+03 0.000000e+00 2.500000e+04 7.241769e-02 0.000000e+00 3.527965e-02 7.894070e+04 -1.849620e+05 -5.191028e+04 5.016314e+01 2.291270e-01 -5.586038e+01 1.043619e+00 
7.031250e+03 0.000000e+00 2.500000e+04 7.152742e-02 0.000000e+00 3.401955e-02 7.898135e+04 -1.850508e+05 -5.193701e+04 4.376158e+01 3.530810e-02 6.887347e+01 9.575383e-01 
7.161458e+03 0.000000e+00 2.500000e+04 7.063828e-02 0.000000e+00 3.280695e-02 7.891828e+04 -1.848995e+05 -5.189553e+04 4.024531e+01 -9.801423e-02 1.802757e+02 1.103538e+00 
7.291667e+03 0.000000e+00 2.500000e+04 6.975128e-02 0.000000e+00 3.163982e-02 7.876535e+04 -1.845384e+05 -5.179497e+04 3.731230e+01 -2.520274e-01 2.783880e+02 1.274248e+00 
7.421875e+03 0.000000e+00 2.500000e+04 6.886731e-02 0.000000e+00 3.051627e-02 7.853273e+04 -1.839895e+05 -5.164200e+04 3.330427e+01 -4.280113e-01 3.651427e+02 1.316697e+00 
7.552083e+03 0.000000e+00 2.500000e+04 6.798717e-02 0.000000e+00 2.943450e-02 7.822956e+04 -1.832742e+05 -5.144264e+04 2.812562e+01 -6.615554e-01 4.424897e+02 1.172815e+00 
7.682292e+03 0.000000e+00 2.500000e+04 6.711156e-02 0.000000e+00 2.839275e-02 7.786279e+04 -1.824103e+05 -5.120146e+04 2.339140e+01 -9.051545e-01 5.110642e+02 1.217908e+00 
7.812500e+03 0.000000e+00 2.500000e+04 6.624109e-02 0.000000e+00 2.738934e-02 7.743775e+04 -1.814123e+05 -5.092196e+04 2.100615e+01 -9.139468e-01 5.711504e+02 1.668354e+00 
7.942708e+03 0.000000e+00 2.500000e+04 6.537632e-02 0.000000e+00 2.642272e-02 7.696348e+04 -1.802997e+05 -5.061009e+04 1.936397e+01 -7.145713e-01 6.233918e+02 2.234848e+00 
8.072917e+03 0.000000e+00 2.500000e+04 6.451772e-02 0.000000e+00 2.549131e-02 7.644681e+04 -1.790873e+05 -5.027033e+04 1.717118e+01 -5.176873e-01 6.685112e+02 2.647510e+00 
8.203125e+03 0.000000e+00 2.500000e+04 6.366570e-02 0.000000e+00 2.459368e-02 7.589235e+04 -1.777854e+05 -4.990573e+04 1.402913e+01 -3.264784e-01 7.075813e+02 2.689302e+00 
8.333333e+03 0.000000e+00 2.500000e+04 6.282063e-02 0.000000e+00 2.372843e-02 7.530465e+04 -1.764054e+05 -4.951926e+04 1.072149e+01 -9.110671e-02 7.417155e+02 2.250231e+00 
8.463542e+03 0.000000e+00 2.500000e+04 6.198284e-02 0.000000e+00 2.289421e-02 7.468726e+04 -1.749581e+05 -4.911328e+04 9.588930e+00 1.849995e-01 7.712286e+02 1.640844e+00 
8.593750e+03 0.000000e+00 2.500000e+04 6.115257e-02 0.000000e+00 2.208973e-02 7.404563e+04 -1.734549e+05 -4.869135e+04 9.305360e+00 4.486796e-01 7.962449e+02 1.113698e+00 
8.723958e+03 0.000000e+00 2.500000e+04 6.033004e-02 0.000000e+00 2.131377e-02 7.338380e+04 -1.719037e+05 -4.825614e+04 8.417495e+00 6.524159e-01 8.165129e+02 6.210002e-01 
8.854167e+03 0.000000e+00 2.500000e+04 5.951542e-02 0.000000e+00 2.056515e-02 7.270606e+04 -1.703144e+05 -4.781047e+04 6.722268e+00 7.309877e-01 8.324725e+02 2.133823e-01 
8.984375e+03 0.000000e+00 2.500000e+04 5.870887e-02 0.000000e+00 1.984275e-02 7.201427e+04 -1.686928e+05 -4.735555e+04 5.506547e+00 5.901401e-01 8.458587e+02 -8.834033e-02 
9.114583e+03 0.000000e+00 2.500000e+04 5.791049e-02 0.000000e+00 1.914553e-02 7.130922e+04 -1.670421e+05 -4.689192e+04 6.386639e+00 3.484109e-01 8.572381e+02 -2.790295e-01 
9.244792e+03 0.000000e+00 2.500000e+04 5.712038e-02 0.000000e+00 1.847246e-02 7.059515e+04 -1.653705e+05 -4.642236e+04 7.455758e+00 1.822462e-01 8.659882e+02 -2.594211e-01 
9.375000e+03 0.000000e+00 2.500000e+04 5.633860e-02 0.000000e+00 1.782255e-02 6.987646e+04 -1.636853e+05 -4.594976e+04 5.651942e+00 4.693945e-02 8.714439e+02 -2.152728e-01 
9.505208e+03 0.000000e+00 2.500000e+04 5.556518e-02 0.000000e+00 1.719489e-02 6.915519e+04 -1.619917e+05 -4.547546e+04 1.652785e+00 -1.575534e-01 8.740581e+02 -3.957984e-01 
9.635417e+03 0.000000e+00 2.500000e+04 5.480014e-02 0.000000e+00 1.658861e-02 6.843009e+04 -1.602908e+05 -4.499865e+04 -8.654252e-01 -3.567464e-01 8.751333e+02 -7.180573e-01 
9.765625e+03 0.000000e+00 2.500000e+04 5.404346e-02 0.000000e+00 1.600286e-02 6.770142e+04 -1.585839e+05 -4.451948e+04 -8.686588e-01 -4.715203e-01 8.747818e+02 -1.046899e+00 
9.895833e+03 0.000000e+00 2.500000e+04 5.329518e-02 0.000000e+00 1.543683e-02 6.697270e+04 -1.568775e+05 -4.404029e+04 -3.148469e-01 -6.423332e-01 8.730785e+02 -1.363143e+00 
1.002604e+04 0.000000e+00 2.500000e+04 5.255526e-02 0.000000e+00 1.488976e-02 6.624640e+04 -1.551758e+05 -4.356268e+04 -7.010613e-01 -9.312225e-01 8.696083e+02 -1.723291e+00 
1.015625e+04 0.000000e+00 2.500000e+04 5.182365e-02 0.000000e+00 1.436090e-02 6.552279e+04 -1.534801e+05 -4.308685e+04 -1.422044e+00 -1.222273e+00 8.645012e+02 -2.154416e+00 
1.028646e+04 0.000000e+00 2.500000e+04 5.110031e-02 0.000000e+00 1.384953e-02 6.480283e+04 -1.517934e+05 -4.261342e+04 -1.656970e+00 -1.568860e+00 8.596345e+02 -2.391655e+00 
1.041667e+04 0.000000e+00 2.500000e+04 5.038517e-02 0.000000e+00 1.335499e-02 6.408648e+04 -1.501163e+05 -4.214235e+04 -7.552770e-01 -1.963039e+00 8.540295e+02 -2.258343e+00 
1.054688e+04 0.000000e+00 2.500000e+04 4.967814e-02 0.000000e+00 1.287665e-02 6.337584e+04 -1.484515e+05 -4.167505e+04 -1.017460e+00 -2.159371e+00 8.468232e+02 -2.071132e+00 
1.067708e+04 0.000000e+00 2.500000e+04 4.897918e-02 0.000000e+00 1.241388e-02 6.267226e+04 -1.468015e+05 -4.121239e+04 -2.853911e+00 -2.161921e+00 8.390993e+02 -2.064098e+00 
1.080729e+04 0.000000e+00 2.500000e+04 4.828820e-02 0.000000e+00 1.196611e-02 6.197414e+04 -1.451658e+05 -4.075331e+04 -3.311248e+00 -2.105873e+00 8.301025e+02 -2.196088e+00 
1.093750e+04 0.000000e+00 2.500000e+04 4.760510e-02 0.000000e+00 1.153277e-02 6.128300e+04 -1.435469e+05 -4.029883e+04 -3.318185e+00 -1.978400e+00 8.205492e+02 -2.483528e+00 
1.106771e+04 0.000000e+00 2.500000e+04 4.692981e-02 0.000000e+00 1.111333e-02 6.059944e+04 -1.419460e+05 -3.984932e+04 -2.942871e+00 -1.954612e+00 8.111327e+02 -2.846473e+00 
1.119792e+04 0.000000e+00 2.500000e+04 4.626224e-02 0.000000e+00 1.070726e-02 5.992431e+04 -1.403650e+05 -3.940537e+04 -2.549789e+00 -2.196184e+00 8.010737e+02 -3.001607e+00 
1.132812e+04 0.000000e+00 2.500000e+04 4.560227e-02 0.000000e+00 1.031405e-02 5.925849e+04 -1.388046e+05 -3.896754e+04 -3.367175e+00 -2.444474e+00 7.905301e+02 -2.695317e+00 
1.145833e+04 0.000000e+00 2.500000e+04 4.494976e-02 0.000000e+00 9.933248e-03 5.860041e+04 -1.372630e+05 -3.853479e+04 -3.484724e+00 -2.498188e+00 7.796089e+02 -1.993026e+00 
1.158854e+04 0.000000e+00 2.500000e+04 4.430465e-02 0.000000e+00 9.564409e-03 5.795223e+04 -1.357443e+05 -3.810856e+04 -3.785269e+00 -2.536240e+00 7.685802e+02 -1.286280e+00 
1.171875e+04 0.000000e+00 2.500000e+04 4.366680e-02 0.000000e+00 9.207124e-03 5.731320e+04 -1.342470e+05 -3.768834e+04 -4.263252e+00 -2.537662e+00 7.571282e+02 -9.059070e-01 
1.184896e+04 0.000000e+00 2.500000e+04 4.303610e-02 0.000000e+00 8.860973e-03 5.668184e+04 -1.327689e+05 -3.727317e+04 -3.401697e+00 -2.367390e+00 7.459130e+02 -8.201855e-01 
1.197917e+04 0.000000e+00 2.500000e+04 4.241248e-02 0.000000e+00 8.525557e-03 5.606039e+04 -1.313141e+05 -3.686451e+04 -2.532605e+00 -2.309323e+00 7.351519e+02 -8.532893e-01 
1.210938e+04 0.000000e+00 2.500000e+04 4.179582e-02 0.000000e+00 8.200514e-03 5.544745e+04 -1.298796e+05 -3.646145e+04 -1.273435e+00 -2.302066e+00 7.231962e+02 -1.131493e+00 
1.223958e+04 0.000000e+00 2.500000e+04 4.118597e-02 0.000000e+00 7.885469e-03 5.484536e+04 -1.284692e+05 -3.606553e+04 -1.391875e+00 -1.991807e+00 7.108628e+02 -1.654310e+00 
1.236979e+04 0.000000e+00 2.500000e+04 4.058284e-02 0.000000e+00 7.580029e-03 5.425443e+04 -1.270828e+05 -3.567694e+04 -3.535643e+00 -1.732829e+00 6.988969e+02 -1.825596e+00 
1.250000e+04 0.000000e+00 2.500000e+04 3.998635e-02 0.000000e+00 7.283889e-03 5.367215e+04 -1.257178e+05 -3.529404e+04 -4.570198e+00 -1.742696e+00 6.869376e+02 -1.452611e+00 
1.263021e+04 0.000000e+00 2.500000e+04 3.939632e-02 0.000000e+00 6.996790e-03 5.309948e+04 -1.243768e+05 -3.491746e+04 -4.209171e+00 -1.462025e+00 6.753032e+02 -1.210568e+00 
1.276042e+04 0.000000e+00 2.500000e+04 3.881263e-02 0.000000e+00 6.718388e-03 5.253585e+04 -1.230570e+05 -3.454683e+04 -3.721357e+00 -1.016559e+00 6.631382e+02 -1.536002e+00 
1.289063e+04 0.000000e+00 2.500000e+04 3.823529e-02 0.000000e+00 6.448350e-03 5.198179e+04 -1.217594e+05 -3.418248e+04 -3.474715e+00 -1.356866e+00 6.514009e+02 -2.118511e+00 
1.302083e+04 0.000000e+00 2.500000e+04 3.766417e-02 0.000000e+00 6.186432e-03 5.143799e+04 -1.204858e+05 -3.382488e+04 -3.277143e+00 -2.074279e+00 6.412659e+02 -2.454180e+00 
1.315104e+04 0.000000e+00 2.500000e+04 3.709899e-02 0.000000e+00 5.932349e-03 5.090391e+04 -1.192353e+05 -3.347368e+04 -2.751293e+00 -2.095293e+00 6.302086e+02 -2.230069e+00 
1.328125e+04 0.000000e+00 2.500000e+04 3.653972e-02 0.000000e+00 5.685778e-03 5.037761e+04 -1.180041e+05 -3.312760e+04 -1.090020e+00 -2.048881e+00 6.181977e+02 -1.455508e+00 
1.341146e+04 0.000000e+00 2.500000e+04 3.598640e-02 0.000000e+00 5.446538e-03 4.986163e+04 -1.167962e+05 -3.278829e+04 -3.951327e-01 -2.385954e+00 6.067737e+02 -7.315371e-01 
1.354167e+04 0.000000e+00 2.500000e+04 3.543870e-02 0.000000e+00 5.214460e-03 4.935811e+04 -1.156150e+05 -3.245719e+04 -2.148343e+00 -1.921666e+00 5.948492e+02 -8.524494e-01 
1.367188e+04 0.000000e+00 2.500000e+04 3.489649e-02 0.000000e+00 4.989240e-03 4.886302e+04 -1.144529e+05 -3.213162e+04 -4.556491e+00 -8.739452e-01 5.832649e+02 -1.963397e+00 
1.380208e+04 0.000000e+00 2.500000e+04 3.435994e-02 0.000000e+00 4.770656e-03 4.837573e+04 -1.133103e+05 -3.181119e+04 -5.713933e+00 -1.048235e+00 5.727280e+02 -3.560214e+00 
1.393229e+04 0.000000e+00 2.500000e+04 3.382890e-02 0.000000e+00 4.558539e-03 4.789640e+04 -1.121895e+05 -3.149599e+04 -3.670743e+00 -1.935412e+00 5.619952e+02 -4.581422e+00 
1.406250e+04 0.000000e+00 2.500000e+04 3.330300e-02 0.000000e+00 4.352575e-03 4.742599e+04 -1.110899e+05 -3.118665e+04 -1.445737e+00 -1.743457e+00 5.503781e+02 -3.982820e+00 
1.419271e+04 0.000000e+00 2.500000e+04 3.278226e-02 0.000000e+00 4.152513e-03 4.696624e+04 -1.100122e+05 -3.088433e+04 -2.186877e+00 -1.179915e+00 5.383970e+02 -2.413056e+00 
1.432292e+04 0.000000e+00 2.500000e+04 3.226672e-02 0.000000e+00 3.958334e-03 4.651585e+04 -1.089562e+05 -3.058816e+04 -3.199529e+00 -1.296172e+00 5.281790e+02 -1.669774e+00 
1.445313e+04 0.000000e+00 2.500000e+04 3.175613e-02 0.000000e+00 3.769904e-03 4.607376e+04 -1.079208e+05 -3.029745e+04 -2.992744e+00 -1.095675e+00 5.184734e+02 -2.012396e+00 
1.458333e+04 0.000000e+00 2.500000e+04 3.125034e-02 0.000000e+00 3.586893e-03 4.563893e+04 -1.069030e+05 -3.001151e+04 -2.273144e+00 -2.862727e-01 5.067103e+02 -2.275583e+00 
1.471354e+04 0.000000e+00 2.500000e+04 3.074944e-02 0.000000e+00 3.409122e-03 4.521297e+04 -1.059049e+05 -2.973140e+04 -2.622068e+00 3.247462e-02 4.946849e+02 -2.113488e+00 
1.484375e+04 0.000000e+00 2.500000e+04 3.025328e-02 0.000000e+00 3.236526e-03 4.479767e+04 -1.049302e+05 -2.945831e+04 -4.462859e+00 -8.155002e-02 4.843167e+02 -1.851847e+00 
1.497396e+04 0.000000e+00 2.500000e+04 2.976166e-02 0.000000e+00 3.068929e-03 4.439017e+04 -1.039748e+05 -2.919034e+04 -5.347654e+00 2.689186e-01 4.752081e+02 -1.175704e+00 
1.510417e+04 0.000000e+00 2.500000e+04 2.927453e-02 0.000000e+00 2.906126e-03 4.398942e+04 -1.030361e+05 -2.892682e+04 -5.311923e+00 1.112583e+00 4.661714e+02 2.272687e-01 
1.523438e+04 0.000000e+00 2.500000e+04 2.879183e-02 0.000000e+00 2.748012e-03 4.359624e+04 -1.021155e+05 -2.866826e+04 -4.921119e+00 2.115263e+00 4.572227e+02 1.726224e+00 
1.536458e+04 0.000000e+00 2.500000e+04 2.831344e-02 0.000000e+00 2.594505e-03 4.321049e+04 -1.012135e+05 -2.841460e+04 -3.405225e+00 3.177925e+00 4.489502e+02 2.308664e+00 
1.549479e+04 0.000000e+00 2.500000e+04 2.783930e-02 0.000000e+00 2.445479e-03 4.283294e+04 -1.003300e+05 -2.816633e+04 -2.547244e+00 4.085567e+00 4.397730e+02 1.526301e+00 
1.562500e+04 0.000000e+00 2.500000e+04 2.736935e-02 0.000000e+00 2.300771e-03 4.246369e+04 -9.946477e+04 -2.792352e+04 -2.787031e+00 4.575472e+00 4.294025e+02 3.621545e-02 
1.575521e+04 0.000000e+00 2.500000e+04 2.690350e-02 0.000000e+00 2.160186e-03 4.210222e+04 -9.861784e+04 -2.768582e+04 -2.985479e+00 4.486795e+00 4.194980e+02 -7.833003e-01 
1.588542e+04 0.000000e+00 2.500000e+04 2.644167e-02 0.000000e+00 2.023567e-03 4.174806e+04 -9.778810e+04 -2.745293e+04 -3.149203e+00 3.906308e+00 4.099882e+02 -3.508565e-01 
1.601563e+04 0.000000e+00 2.500000e+04 2.598374e-02 0.000000e+00 1.890853e-03 4.140202e+04 -9.697712e+04 -2.722538e+04 -3.567552e+00 3.373583e+00 4.006140e+02 6.149659e-01 
1.614583e+04 0.000000e+00 2.500000e+04 2.552956e-02 0.000000e+00 1.761962e-03 4.106409e+04 -9.618494e+04 -2.700316e+04 -4.160685e+00 3.335848e+00 3.917338e+02 1.420652e+00 
1.627604e+04 0.000000e+00 2.500000e+04 2.507909e-02 0.000000e+00 1.636774e-03 4.073287e+04 -9.540852e+04 -2.678535e+04 -4.738020e+00 3.538123e+00 3.832396e+02 1.956465e+00 
1.640625e+04 0.000000e+00 2.500000e+04 2.463230e-02 0.000000e+00 1.515201e-03 4.040909e+04 -9.464896e+04 -2.657244e+04 -5.875108e+00 3.538501e+00 3.746514e+02 2.095804e+00 
1.653646e+04 0.000000e+00 2.500000e+04 2.418909e-02 0.000000e+00 1.397155e-03 4.009238e+04 -9.390605e+04 -2.636417e+04 -6.901467e+00 3.423015e+00 3.664598e+02 1.885017e+00 
1.666667e+04 0.000000e+00 2.500000e+04 2.374935e-02 0.000000e+00 1.282522e-03 3.978155e+04 -9.317819e+04 -2.615978e+04 -6.689370e+00 3.421708e+00 3.589566e+02 1.746762e+00 
1.679688e+04 0.000000e+00 2.500000e+04 2.331304e-02 0.000000e+00 1.171206e-03 3.947657e+04 -9.246478e+04 -2.595923e+04 -5.704240e+00 3.456293e+00 3.508446e+02 1.698120e+00 
1.692708e+04 0.000000e+00 2.500000e+04 2.288008e-02 0.000000e+00 1.063122e-03 3.917845e+04 -9.176716e+04 -2.576319e+04 -5.006147e+00 3.365050e+00 3.425350e+02 1.387532e+00 
1.705729e+04 0.000000e+00 2.500000e+04 2.245040e-02 0.000000e+00 9.581757e-04 3.888671e+04 -9.108540e+04 -2.557135e+04 -3.389790e+00 3.079931e+00 3.350048e+02 9.052040e-01 
1.718750e+04 0.000000e+00 2.500000e+04 2.202393e-02 0.000000e+00 8.562693e-04 3.860077e+04 -9.041805e+04 -2.538331e+04 -9.312276e-01 2.721005e+00 3.278864e+02 5.331530e-01 
1.731771e+04 0.000000e+00 2.500000e+04 2.160058e-02 0.000000e+00 7.573240e-04 3.832299e+04 -8.976759e+04 -2.520065e+04 -7.157054e-01 2.495931e+00 3.209438e+02 2.883935e-01 
1.744792e+04 0.000000e+00 2.500000e+04 2.118026e-02 0.000000e+00 6.612636e-04 3.805305e+04 -8.913392e+04 -2.502314e+04 -2.074899e+00 2.422583e+00 3.140703e+02 1.749515e-01 
1.757812e+04 0.000000e+00 2.500000e+04 2.076291e-02 0.000000e+00 5.680026e-04 3.778907e+04 -8.851437e+04 -2.484955e+04 -3.283126e+00 2.364988e+00 3.074452e+02 2.043956e-01 
1.770833e+04 0.000000e+00 2.500000e+04 2.034847e-02 0.000000e+00 4.774830e-04 3.753067e+04 -8.790856e+04 -2.467963e+04 -3.811674e+00 2.263792e+00 3.008034e+02 2.408570e-01 
1.783854e+04 0.000000e+00 2.500000e+04 1.993687e-02 0.000000e+00 3.896576e-04 3.727769e+04 -8.731686e+04 -2.451328e+04 -2.930514e+00 2.173447e+00 2.935606e+02 1.510277e-01 
1.796875e+04 0.000000e+00 2.500000e+04 1.952803e-02 0.000000e+00 3.044389e-04 3.703114e+04 -8.673973e+04 -2.435115e+04 -2.529184e+00 2.123920e+00 2.860134e+02 -1.410211e-01 
1.809896e+04 0.000000e+00 2.500000e+04 1.912191e-02 0.000000e+00 2.217408e-04 3.679132e+04 -8.617697e+04 -2.419344e+04 -3.539007e+00 2.007527e+00 2.793266e+02 -5.445855e-01 
1.822917e+04 0.000000e+00 2.500000e+04 1.871842e-02 0.000000e+00 1.415220e-04 3.655626e+04 -8.562659e+04 -2.403887e+04 -3.306994e+00 1.687265e+00 2.732231e+02 -7.804304e-01 
1.835938e+04 0.000000e+00 2.500000e+04 1.831752e-02 0.000000e+00 6.373075e-05 3.632501e+04 -8.508710e+04 -2.388681e+04 -1.116168e+00 1.351903e+00 2.661399e+02 -7.697640e-01 
1.848958e+04 0.000000e+00 2.500000e+04 1.791913e-02 0.000000e+00 -1.171697e-05 3.609999e+04 -8.456118e+04 -2.373884e+04 4.566816e-02 1.306297e+00 2.588412e+02 -5.406763e-01 
1.861979e+04 0.000000e+00 2.500000e+04 1.752318e-02 0.000000e+00 -8.487843e-05 3.588235e+04 -8.405037e+04 -2.359572e+04 -9.654780e-01 1.391359e+00 2.519321e+02 -1.123715e-01 
1.875000e+04 0.000000e+00 2.500000e+04 1.712963e-02 0.000000e+00 -1.557874e-04 3.567109e+04 -8.355309e+04 -2.345680e+04 -3.380386e+00 1.307678e+00 2.448942e+02 1.681785e-01 
1.888021e+04 0.000000e+00 2.500000e+04 1.673842e-02 0.000000e+00 -2.244945e-04 3.546514e+04 -8.306824e+04 -2.332137e+04 -5.799742e+00 1.098842e+00 2.389800e+02 8.326654e-02 
1.901042e+04 0.000000e+00 2.500000e+04 1.634949e-02 0.000000e+00 -2.910642e-04 3.526246e+04 -8.259434e+04 -2.318809e+04 -4.946036e+00 7.963727e-01 2.339999e+02 -8.709048e-02 
1.914062e+04 0.000000e+00 2.500000e+04 1.596279e-02 0.000000e+00 -3.555628e-04 3.506466e+04 -8.213365e+04 -2.305802e+04 -2.321754e+00 2.046476e-01 2.284429e+02 -1.084654e-01 
1.927083e+04 0.000000e+00 2.500000e+04 1.557824e-02 0.000000e+00 -4.180412e-04 3.487313e+04 -8.168591e+04 -2.293208e+04 -1.423756e+00 -5.693641e-01 2.229441e+02 1.319237e-01 
1.940104e+04 0.000000e+00 2.500000e+04 1.519577e-02 0.000000e+00 -4.785392e-04 3.468755e+04 -8.125044e+04 -2.281004e+04 -2.184477e+00 -1.141584e+00 2.175138e+02 6.756582e-01 
1.953125e+04 0.000000e+00 2.500000e+04 1.481532e-02 0.000000e+00 -5.371035e-04 3.450953e+04 -8.083104e+04 -2.269297e+04 -4.564415e+00 -1.551052e+00 2.115839e+02 1.281416e+00 
1.966146e+04 0.000000e+00 2.500000e+04 1.443680e-02 0.000000e+00 -5.937511e-04 3.433481e+04 -8.042100e+04 -2.257808e+04 -5.349024e+00 -1.896699e+00 2.055289e+02 1.705636e+00 
1.979167e+04 0.000000e+00 2.500000e+04 1.406020e-02 0.000000e+00 -6.484897e-04 3.416137e+04 -8.001682e+04 -2.246403e+04 -3.257657e+00 -1.911876e+00 1.988414e+02 1.744750e+00 
1.992188e+04 0.000000e+00 2.500000e+04 1.368548e-02 0.000000e+00 -7.013769e-04 3.399436e+04 -7.962635e+04 -2.235421e+04 -2.531718e+00 -1.634090e+00 1.919155e+02 1.233311e+00 
2.005208e+04 0.000000e+00 2.500000e+04 1.331258e-02 0.000000e+00 -7.524646e-04 3.383382e+04 -7.924934e+04 -2.224864e+04 -3.484765e+00 -1.410397e+00 1.857481e+02 4.355371e-01 
2.018229e+04 0.000000e+00 2.500000e+04 1.294145e-02 0.000000e+00 -8.017950e-04 3.367718e+04 -7.888200e+04 -2.214564e+04 -3.915218e+00 -1.363728e+00 1.802606e+02 -3.453426e-01 
2.031250e+04 0.000000e+00 2.500000e+04 1.257206e-02 0.000000e+00 -8.494125e-04 3.352367e+04 -7.852410e+04 -2.204469e+04 -2.213892e+00 -1.526221e+00 1.761696e+02 -1.061217e+00 
2.044271e+04 0.000000e+00 2.500000e+04 1.220435e-02 0.000000e+00 -8.953581e-04 3.337392e+04 -7.817669e+04 -2.194621e+04 1.154868e+00 -1.908331e+00 1.726732e+02 -1.466272e+00 
2.057292e+04 0.000000e+00 2.500000e+04 1.183826e-02 0.000000e+00 -9.396976e-04 3.323126e+04 -7.784313e+04 -2.185240e+04 1.751746e+00 -2.370227e+00 1.679526e+02 -1.269306e+00 
2.070312e+04 0.000000e+00 2.500000e+04 1.147370e-02 0.000000e+00 -9.824624e-04 3.309561e+04 -7.752274e+04 -2.176320e+04 -8.927255e-01 -2.771618e+00 1.631071e+02 -4.675341e-01 
2.083333e+04 0.000000e+00 2.500000e+04 1.111062e-02 0.000000e+00 -1.023651e-03 3.296376e+04 -7.721241e+04 -2.167650e+04 -2.382995e+00 -2.999772e+00 1.585054e+02 5.997211e-01 
2.096354e+04 0.000000e+00 2.500000e+04 1.074897e-02 0.000000e+00 -1.063283e-03 3.283537e+04 -7.691227e+04 -2.159207e+04 -1.775042e+00 -2.945867e+00 1.531132e+02 1.370561e+00 
2.109375e+04 0.000000e+00 2.500000e+04 1.038869e-02 0.000000e+00 -1.101380e-03 3.271068e+04 -7.662134e+04 -2.151007e+04 -6.131886e-01 -2.640800e+00 1.469015e+02 1.654701e+00 
2.122396e+04 0.000000e+00 2.500000e+04 1.002976e-02 0.000000e+00 -1.137963e-03 3.259140e+04 -7.634187e+04 -2.143164e+04 -6.834736e-01 -2.276303e+00 1.403718e+02 1.709879e+00 
2.135417e+04 0.000000e+00 2.500000e+04 9.672133e-03 0.000000e+00 -1.173067e-03 3.247831e+04 -7.607505e+04 -2.135727e+04 -2.598358e+00 -1.994486e+00 1.341803e+02 1.641896e+00 
2.148438e+04 0.000000e+00 2.500000e+04 9.315749e-03 0.000000e+00 -1.206710e-03 3.236811e+04 -7.581590e+04 -2.128480e+04 -3.619767e+00 -1.742698e+00 1.283362e+02 1.434545e+00 
2.161458e+04 0.000000e+00 2.500000e+04 8.960587e-03 0.000000e+00 -1.238926e-03 3.226116e+04 -7.556556e+04 -2.121448e+04 -3.454619e+00 -1.548425e+00 1.227357e+02 1.341019e+00 
2.174479e+04 0.000000e+00 2.500000e+04 8.606594e-03 0.000000e+00 -1.269764e-03 3.215840e+04 -7.532542e+04 -2.114691e+04 -2.882375e+00 -1.476595e+00 1.178140e+02 1.596580e+00 
2.187500e+04 0.000000e+00 2.500000e+04 8.253714e-03 0.000000e+00 -1.299227e-03 3.205979e+04 -7.509498e+04 -2.108206e+04 -2.324085e+00 -1.382314e+00 1.130660e+02 1.950824e+00 
2.200521e+04 0.000000e+00 2.500000e+04 7.901889e-03 0.000000e+00 -1.327334e-03 3.196662e+04 -7.487574e+04 -2.102079e+04 -3.323983e+00 -1.195586e+00 1.078515e+02 1.924281e+00 
2.213542e+04 0.000000e+00 2.500000e+04 7.551082e-03 0.000000e+00 -1.354099e-03 3.187732e+04 -7.466611e+04 -2.096207e+04 -3.786405e+00 -9.023371e-01 1.032693e+02 1.531999e+00 
2.226562e+04 0.000000e+00 2.500000e+04 7.201242e-03 0.000000e+00 -1.379548e-03 3.179269e+04 -7.446795e+04 -2.090642e+04 -3.711646e+00 -4.855456e-01 9.902323e+01 1.354066e+00 
2.239583e+04 0.000000e+00 2.500000e+04 6.852295e-03 0.000000e+00 -1.403714e-03 3.171142e+04 -7.427802e+04 -2.085298e+04 -3.253191e+00 -6.056954e-03 9.416113e+01 1.770267e+00 
2.252604e+04 0.000000e+00 2.500000e+04 6.504222e-03 0.000000e+00 -1.426588e-03 3.163272e+04 -7.409487e+04 -2.080123e+04 -2.072634e+00 6.357770e-01 8.924782e+01 2.561751e+00 
2.265625e+04 0.000000e+00 2.500000e+04 6.156976e-03 0.000000e+00 -1.448169e-03 3.156082e+04 -7.392504e+04 -2.075394e+04 -3.469957e+00 1.422190e+00 8.401443e+01 3.148641e+00 
2.278646e+04 0.000000e+00 2.500000e+04 5.810516e-03 0.000000e+00 -1.468466e-03 3.149304e+04 -7.376370e+04 -2.070937e+04 -6.038383e+00 2.061351e+00 7.782165e+01 3.012351e+00 
2.291667e+04 0.000000e+00 2.500000e+04 5.464827e-03 0.000000e+00 -1.487520e-03 3.142802e+04 -7.360980e+04 -2.066662e+04 -7.650257e+00 2.392591e+00 7.185538e+01 2.297589e+00 
2.304688e+04 0.000000e+00 2.500000e+04 5.119843e-03 0.000000e+00 -1.505348e-03 3.136602e+04 -7.346481e+04 -2.062584e+04 -7.393372e+00 2.593986e+00 6.699454e+01 1.750777e+00 
2.317708e+04 0.000000e+00 2.500000e+04 4.775526e-03 0.000000e+00 -1.521954e-03 3.130568e+04 -7.332606e+04 -2.058617e+04 -4.804584e+00 2.983188e+00 6.220295e+01 1.743794e+00 
2.330729e+04 0.000000e+00 2.500000e+04 4.431842e-03 0.000000e+00 -1.537367e-03 3.125061e+04 -7.319905e+04 -2.054995e+04 -2.819447e+00 3.465464e+00 5.717595e+01 1.945249e+00 
2.343750e+04 0.000000e+00 2.500000e+04 4.088736e-03 0.000000e+00 -1.551606e-03 3.120097e+04 -7.308348e+04 -2.051731e+04 -2.126856e+00 3.764699e+00 5.235422e+01 2.063167e+00 
2.356771e+04 0.000000e+00 2.500000e+04 3.746155e-03 0.000000e+00 -1.564696e-03 3.115533e+04 -7.297661e+04 -2.048730e+04 -2.075983e+00 3.936523e+00 4.775293e+01 2.233490e+00 
2.369792e+04 0.000000e+00 2.500000e+04 3.404043e-03 0.000000e+00 -1.576615e-03 3.111422e+04 -7.287960e+04 -2.046027e+04 -2.786459e+00 4.084073e+00 4.400872e+01 2.469456e+00 
2.382812e+04 0.000000e+00 2.500000e+04 3.062369e-03 0.000000e+00 -1.587329e-03 3.107707e+04 -7.279160e+04 -2.043584e+04 -3.764390e+00 4.206078e+00 4.028481e+01 2.354472e+00 
2.395833e+04 0.000000e+00 2.500000e+04 2.721112e-03 0.000000e+00 -1.596876e-03 3.104424e+04 -7.271333e+04 -2.041425e+04 -5.133523e+00 4.212683e+00 3.570152e+01 1.665984e+00 
2.408854e+04 0.000000e+00 2.500000e+04 2.380219e-03 0.000000e+00 -1.605311e-03 3.101467e+04 -7.264334e+04 -2.039480e+04 -5.854443e+00 4.027341e+00 3.145119e+01 8.451550e-01 
2.421875e+04 0.000000e+00 2.500000e+04 2.039630e-03 0.000000e+00 -1.612614e-03 3.098823e+04 -7.258262e+04 -2.037742e+04 -4.652469e+00 3.693206e+00 2.726915e+01 3.487592e-01 
2.434896e+04 0.000000e+00 2.500000e+04 1.699309e-03 0.000000e+00 -1.618779e-03 3.096661e+04 -7.253344e+04 -2.036320e+04 -3.202339e+00 3.179367e+00 2.237826e+01 7.302893e-02 
2.447917e+04 0.000000e+00 2.500000e+04 1.359205e-03 0.000000e+00 -1.623840e-03 3.094918e+04 -7.249329e+04 -2.035174e+04 -2.511121e+00 2.429092e+00 1.731690e+01 -1.280162e-01 
2.460938e+04 0.000000e+00 2.500000e+04 1.019268e-03 0.000000e+00 -1.627784e-03 3.093541e+04 -7.246184e+04 -2.034269e+04 -1.711941e+00 1.545960e+00 1.318879e+01 -1.021741e-01 
2.473958e+04 0.000000e+00 2.500000e+04 6.794494e-04 0.000000e+00 -1.630590e-03 3.092525e+04 -7.243890e+04 -2.033600e+04 -8.425125e-01 8.300105e-01 8.849970e+00 1.512321e-01 
2.486979e+04 0.000000e+00 2.500000e+04 3.397107e-04 0.000000e+00 -1.632287e-03 3.092050e+04 -7.242606e+04 -2.033288e+04 -2.565031e+00 3.941746e-01 3.090552e+00 3.217683e-01 
2.500000e+04 0.000000e+00 2.500000e+04 0.000000e+00 0.000000e+00 -1.632884e-03 3.092006e+04 -7.242293e+04 -2.033259e+04 -4.658234e+00 2.242712e-01 -1.047947e-02 3.379415e-01 
