#1 2 3 4 5 6 7  8  9 10 11 12 13
#x y z u v w p xx yy zz xy xz yz
0.000000e+00 0.000000e+00 2.500000e+04 0.000000e+00 0.000000e+00 1.686576e-01 -4.941735e+05 1.160930e+06 3.249614e+05 -3.371271e+03 -7.432702e-02 -4.202846e+03 6.856340e-01 
1.953125e+02 0.000000e+00 2.500000e+04 8.515234e-03 0.000000e+00 1.682354e-01 -4.907904e+05 1.152929e+06 3.227368e+05 -3.295004e+03 -1.477338e-01 -8.310833e+03 6.604208e-01 
3.906250e+02 0.000000e+00 2.500000e+04 1.690916e-02 0.000000e+00 1.669805e-01 -4.807870e+05 1.129278e+06 3.161587e+05 -3.075154e+03 -1.803076e-01 -1.625189e+04 6.643813e-01 
5.859375e+02 0.000000e+00 2.500000e+04 2.506592e-02 0.000000e+00 1.649271e-01 -4.645905e+05 1.090995e+06 3.055081e+05 -2.732148e+03 -8.688163e-02 -2.348654e+04 7.455801e-01 
7.812500e+02 0.000000e+00 2.500000e+04 3.288012e-02 0.000000e+00 1.621297e-01 -4.428759e+05 1.039692e+06 2.912288e+05 -2.293155e+03 -1.016904e-01 -2.974282e+04 7.870623e-01 
9.765625e+02 0.000000e+00 2.500000e+04 4.026086e-02 0.000000e+00 1.586597e-01 -4.165041e+05 9.774188e+05 2.738872e+05 -1.793586e+03 -2.279271e-01 -3.482771e+04 7.020539e-01 
1.171875e+03 0.000000e+00 2.500000e+04 4.713454e-02 0.000000e+00 1.546009e-01 -3.864554e+05 9.065089e+05 2.541276e+05 -1.270167e+03 -2.692978e-01 -3.863664e+04 5.212270e-01 
1.367188e+03 0.000000e+00 2.500000e+04 5.344635e-02 0.000000e+00 1.500453e-01 -3.537609e+05 8.294128e+05 2.326281e+05 -7.582137e+02 -2.971522e-01 -4.115479e+04 2.078279e-01 
1.562500e+03 0.000000e+00 2.500000e+04 5.916045e-02 0.000000e+00 1.450880e-01 -3.194379e+05 7.485404e+05 2.100578e+05 -2.845746e+02 -5.092493e-01 -4.244257e+04 -2.822059e-01 
1.757812e+03 0.000000e+00 2.500000e+04 6.425901e-02 0.000000e+00 1.398234e-01 -2.844369e+05 6.661342e+05 1.870417e+05 1.348854e+02 -7.721663e-01 -4.262154e+04 -8.170256e-01 
1.953125e+03 0.000000e+00 2.500000e+04 6.874043e-02 0.000000e+00 1.343418e-01 -2.495952e+05 5.841703e+05 1.641303e+05 4.851229e+02 -9.657512e-01 -4.185242e+04 -1.103652e+00 
2.148438e+03 0.000000e+00 2.500000e+04 7.261688e-02 0.000000e+00 1.287264e-01 -2.156163e+05 5.043049e+05 1.417862e+05 7.576716e+02 -1.160651e+00 -4.031540e+04 -9.971518e-01 
2.343750e+03 0.000000e+00 2.500000e+04 7.591165e-02 0.000000e+00 1.230518e-01 -1.830625e+05 4.278531e+05 1.203793e+05 9.552139e+02 -1.274363e+00 -3.819310e+04 -6.422740e-01 
2.539062e+03 0.000000e+00 2.500000e+04 7.865647e-02 0.000000e+00 1.173829e-01 -1.523547e+05 3.557920e+05 1.001863e+05 1.085972e+03 -1.336847e+00 -3.565860e+04 -2.352568e-01 
2.734375e+03 0.000000e+00 2.500000e+04 8.088892e-02 0.000000e+00 1.117745e-01 -1.237806e+05 2.887867e+05 8.139636e+04 1.158771e+03 -1.385207e+00 -3.286827e+04 1.716152e-01 
2.929688e+03 0.000000e+00 2.500000e+04 8.265015e-02 0.000000e+00 1.062716e-01 -9.751045e+04 2.272261e+05 6.412148e+04 1.183740e+03 -1.345840e+00 -2.995277e+04 7.183171e-01 
3.125000e+03 0.000000e+00 2.500000e+04 8.398301e-02 0.000000e+00 1.009100e-01 -7.361579e+04 1.712668e+05 4.840870e+04 1.171839e+03 -1.289124e+00 -2.701735e+04 1.474081e+00 
3.320312e+03 0.000000e+00 2.500000e+04 8.493032e-02 0.000000e+00 9.571704e-02 -5.209227e+04 1.208891e+05 3.425513e+04 1.132581e+03 -1.105694e+00 -2.414617e+04 2.356726e+00 
3.515625e+03 0.000000e+00 2.500000e+04 8.553402e-02 0.000000e+00 9.071265e-02 -3.287289e+04 7.592986e+04 2.161674e+04 1.072074e+03 -5.469201e-01 -2.139949e+04 2.890576e+00 
3.710938e+03 0.000000e+00 2.500000e+04 8.583398e-02 0.000000e+00 8.591048e-02 -1.584740e+04 3.612316e+04 1.042102e+04 9.980064e+02 3.141569e-01 -1.881659e+04 2.731518e+00 
3.906250e+03 0.000000e+00 2.500000e+04 8.586759e-02 0.000000e+00 8.131870e-02 -8.805341e+02 1.144400e+03 5.790266e+02 9.181752e+02 9.951604e-01 -1.642315e+04 2.474904e+00 
4.101562e+03 0.000000e+00 2.500000e+04 8.566945e-02 0.000000e+00 7.694111e-02 1.218308e+04 -2.937320e+04 -8.011419e+03 8.353800e+02 1.320173e+00 -1.423290e+04 2.371929e+00 
4.296875e+03 0.000000e+00 2.500000e+04 8.527104e-02 0.000000e+00 7.277804e-02 2.350692e+04 -5.581647e+04 -1.545781e+04 7.535266e+02 1.626731e+00 -1.224824e+04 2.120880e+00 
4.492188e+03 0.000000e+00 2.500000e+04 8.470091e-02 0.000000e+00 6.882692e-02 3.325529e+04 -7.857341e+04 -2.186820e+04 6.757511e+02 1.740896e+00 -1.046439e+04 1.873770e+00 
4.687500e+03 0.000000e+00 2.500000e+04 8.398458e-02 0.000000e+00 6.508315e-02 4.158735e+04 -9.801738e+04 -2.734725e+04 6.025753e+02 1.576495e+00 -8.872717e+03 1.590679e+00 
4.882812e+03 0.000000e+00 2.500000e+04 8.314475e-02 0.000000e+00 6.154055e-02 4.865580e+04 -1.145053e+05 -3.199536e+04 5.332652e+02 1.556969e+00 -7.460709e+03 1.213722e+00 
5.078125e+03 0.000000e+00 2.500000e+04 8.220157e-02 0.000000e+00 5.819172e-02 5.460556e+04 -1.283761e+05 -3.590784e+04 4.672367e+02 1.581732e+00 -6.214741e+03 1.240834e+00 
5.273438e+03 0.000000e+00 2.500000e+04 8.117261e-02 0.000000e+00 5.502865e-02 5.956542e+04 -1.399347e+05 -3.916937e+04 4.077769e+02 1.448901e+00 -5.121639e+03 1.573776e+00 
5.468750e+03 0.000000e+00 2.500000e+04 8.007343e-02 0.000000e+00 5.204285e-02 6.365317e+04 -1.494585e+05 -4.185742e+04 3.564035e+02 1.415434e+00 -4.166381e+03 1.715152e+00 
5.664062e+03 0.000000e+00 2.500000e+04 7.891752e-02 0.000000e+00 4.922553e-02 6.698111e+04 -1.572074e+05 -4.404582e+04 3.099347e+02 1.600730e+00 -3.334717e+03 1.727033e+00 
5.859375e+03 0.000000e+00 2.500000e+04 7.771656e-02 0.000000e+00 4.656789e-02 6.964670e+04 -1.634087e+05 -4.579867e+04 2.672600e+02 1.603839e+00 -2.613640e+03 1.446095e+00 
6.054688e+03 0.000000e+00 2.500000e+04 7.648076e-02 0.000000e+00 4.406120e-02 7.173575e+04 -1.682634e+05 -4.717240e+04 2.285882e+02 1.104265e+00 -1.990415e+03 7.672082e-01 
6.250000e+03 0.000000e+00 2.500000e+04 7.521885e-02 0.000000e+00 4.169692e-02 7.332570e+04 -1.719546e+05 -4.821793e+04 1.954498e+02 4.932039e-01 -1.452898e+03 1.989210e-01 
6.445312e+03 0.000000e+00 2.500000e+04 7.393827e-02 0.000000e+00 3.946679e-02 7.448462e+04 -1.746421e+05 -4.898003e+04 1.682960e+02 1.138773e-01 -9.913828e+02 2.769658e-03 
6.640625e+03 0.000000e+00 2.500000e+04 7.264547e-02 0.000000e+00 3.736287e-02 7.527398e+04 -1.764667e+05 -4.949910e+04 1.438095e+02 -3.227491e-01 -5.965010e+02 1.326381e-01 
6.835938e+03 0.000000e+00 2.500000e+04 7.134595e-02 0.000000e+00 3.537758e-02 7.574689e+04 -1.775520e+05 -4.981007e+04 1.214162e+02 -8.542406e-01 -2.589263e+02 6.352247e-01 
7.031250e+03 0.000000e+00 2.500000e+04 7.004430e-02 0.000000e+00 3.350375e-02 7.594827e+04 -1.780054e+05 -4.994250e+04 1.031337e+02 -1.033099e+00 2.723972e+01 1.250538e+00 
7.226562e+03 0.000000e+00 2.500000e+04 6.874448e-02 0.000000e+00 3.173456e-02 7.591928e+04 -1.779217e+05 -4.992344e+04 8.725948e+01 -8.569566e-01 2.683827e+02 1.418801e+00 
7.421875e+03 0.000000e+00 2.500000e+04 6.744982e-02 0.000000e+00 3.006357e-02 7.569494e+04 -1.773821e+05 -4.977591e+04 7.317738e+01 -8.263927e-01 4.714767e+02 1.062066e+00 
7.617188e+03 0.000000e+00 2.500000e+04 6.616315e-02 0.000000e+00 2.848473e-02 7.530534e+04 -1.764584e+05 -4.951971e+04 6.214498e+01 -1.086155e+00 6.416531e+02 5.156748e-01 
7.812500e+03 0.000000e+00 2.500000e+04 6.488672e-02 0.000000e+00 2.699234e-02 7.477929e+04 -1.752160e+05 -4.917379e+04 5.196829e+01 -1.324110e+00 7.822379e+02 2.323369e-02 
8.007812e+03 0.000000e+00 2.500000e+04 6.362244e-02 0.000000e+00 2.558100e-02 7.413937e+04 -1.737066e+05 -4.875299e+04 4.150738e+01 -1.254860e+00 8.971574e+02 -2.707686e-01 
8.203125e+03 0.000000e+00 2.500000e+04 6.237186e-02 0.000000e+00 2.424570e-02 7.340551e+04 -1.719780e+05 -4.827042e+04 3.190466e+01 -1.047779e+00 9.916481e+02 -5.258479e-01 
8.398438e+03 0.000000e+00 2.500000e+04 6.113625e-02 0.000000e+00 2.298187e-02 7.259375e+04 -1.700702e+05 -4.773661e+04 2.555031e+01 -1.021568e+00 1.067778e+03 -8.441104e-01 
8.593750e+03 0.000000e+00 2.500000e+04 5.991661e-02 0.000000e+00 2.178507e-02 7.171895e+04 -1.680168e+05 -4.716136e+04 2.130525e+01 -9.073052e-01 1.126908e+03 -8.099007e-01 
8.789062e+03 0.000000e+00 2.500000e+04 5.871369e-02 0.000000e+00 2.065117e-02 7.079643e+04 -1.658505e+05 -4.655472e+04 1.597070e+01 -4.984774e-01 1.173064e+03 -5.090681e-01 
8.984375e+03 0.000000e+00 2.500000e+04 5.752808e-02 0.000000e+00 1.957645e-02 6.983474e+04 -1.635938e+05 -4.592233e+04 1.187784e+01 -1.523848e-01 1.208158e+03 -8.208291e-01 
9.179688e+03 0.000000e+00 2.500000e+04 5.636028e-02 0.000000e+00 1.855739e-02 6.884375e+04 -1.612703e+05 -4.527067e+04 9.754486e+00 -2.511422e-01 1.232383e+03 -1.726098e+00 
9.375000e+03 0.000000e+00 2.500000e+04 5.521057e-02 0.000000e+00 1.759053e-02 6.783284e+04 -1.589000e+05 -4.460591e+04 7.427318e+00 -7.530857e-01 1.247547e+03 -1.936590e+00 
9.570312e+03 0.000000e+00 2.500000e+04 5.407907e-02 0.000000e+00 1.667273e-02 6.680972e+04 -1.564998e+05 -4.393312e+04 3.746265e+00 -1.182982e+00 1.256061e+03 -1.080454e+00 
9.765625e+03 0.000000e+00 2.500000e+04 5.296583e-02 0.000000e+00 1.580124e-02 6.578005e+04 -1.540842e+05 -4.325602e+04 9.481952e-02 -1.363498e+00 1.259192e+03 -5.551690e-01 
9.960938e+03 0.000000e+00 2.500000e+04 5.187089e-02 0.000000e+00 1.497339e-02 6.474675e+04 -1.516616e+05 -4.257654e+04 -2.099639e+00 -1.582734e+00 1.256546e+03 -9.819909e-01 
1.015625e+04 0.000000e+00 2.500000e+04 5.079417e-02 0.000000e+00 1.418654e-02 6.371595e+04 -1.492447e+05 -4.189870e+04 -4.489623e+00 -2.072895e+00 1.249203e+03 -9.529014e-01 
1.035156e+04 0.000000e+00 2.500000e+04 4.973549e-02 0.000000e+00 1.343831e-02 6.269063e+04 -1.468411e+05 -4.122446e+04 -6.268513e+00 -2.597648e+00 1.238700e+03 1.258237e-01 
1.054688e+04 0.000000e+00 2.500000e+04 4.869464e-02 0.000000e+00 1.272662e-02 6.167271e+04 -1.444569e+05 -4.055509e+04 -6.108152e+00 -2.837140e+00 1.225100e+03 6.354447e-01 
1.074219e+04 0.000000e+00 2.500000e+04 4.767144e-02 0.000000e+00 1.204946e-02 6.066588e+04 -1.420992e+05 -3.989302e+04 -5.426032e+00 -3.151739e+00 1.209002e+03 -4.761830e-01 
1.093750e+04 0.000000e+00 2.500000e+04 4.666567e-02 0.000000e+00 1.140482e-02 5.967208e+04 -1.397718e+05 -3.923951e+04 -4.964773e+00 -3.974317e+00 1.190461e+03 -1.882501e+00 
1.113281e+04 0.000000e+00 2.500000e+04 4.567700e-02 0.000000e+00 1.079079e-02 5.869393e+04 -1.374809e+05 -3.859629e+04 -4.605787e+00 -4.943779e+00 1.169206e+03 -1.941295e+00 
1.132812e+04 0.000000e+00 2.500000e+04 4.470503e-02 0.000000e+00 1.020573e-02 5.773372e+04 -1.352313e+05 -3.796487e+04 -5.017524e+00 -5.319426e+00 1.146495e+03 -9.436919e-01 
1.152344e+04 0.000000e+00 2.500000e+04 4.374942e-02 0.000000e+00 9.648124e-03 5.679034e+04 -1.330213e+05 -3.734452e+04 -5.254584e+00 -4.849357e+00 1.123532e+03 -2.145506e-01 
1.171875e+04 0.000000e+00 2.500000e+04 4.280988e-02 0.000000e+00 9.116559e-03 5.586595e+04 -1.308555e+05 -3.673665e+04 -5.729837e+00 -4.057077e+00 1.099903e+03 -3.045814e-01 
1.191406e+04 0.000000e+00 2.500000e+04 4.188607e-02 0.000000e+00 8.609615e-03 5.496208e+04 -1.287365e+05 -3.614228e+04 -7.458763e+00 -3.466604e+00 1.075416e+03 -7.598916e-01 
1.210938e+04 0.000000e+00 2.500000e+04 4.097762e-02 0.000000e+00 8.125984e-03 5.407688e+04 -1.266617e+05 -3.556018e+04 -8.733633e+00 -2.831368e+00 1.050711e+03 -1.060416e+00 
1.230469e+04 0.000000e+00 2.500000e+04 4.008415e-02 0.000000e+00 7.664469e-03 5.321139e+04 -1.246338e+05 -3.499105e+04 -9.305374e+00 -1.929764e+00 1.025441e+03 -1.329417e+00 
1.250000e+04 0.000000e+00 2.500000e+04 3.920531e-02 0.000000e+00 7.223926e-03 5.236661e+04 -1.226544e+05 -3.443554e+04 -9.943222e+00 -1.222311e+00 9.998534e+02 -1.890497e+00 
1.269531e+04 0.000000e+00 2.500000e+04 3.834078e-02 0.000000e+00 6.803283e-03 5.154226e+04 -1.207230e+05 -3.389346e+04 -1.035640e+01 -9.709151e-01 9.746855e+02 -2.569247e+00 
1.289062e+04 0.000000e+00 2.500000e+04 3.749013e-02 0.000000e+00 6.401493e-03 5.073880e+04 -1.188399e+05 -3.336511e+04 -1.134210e+01 -7.345033e-01 9.494829e+02 -2.641808e+00 
1.308594e+04 0.000000e+00 2.500000e+04 3.665299e-02 0.000000e+00 6.017582e-03 4.995585e+04 -1.170052e+05 -3.285025e+04 -1.212077e+01 -2.135279e-01 9.239825e+02 -1.693214e+00 
1.328125e+04 0.000000e+00 2.500000e+04 3.582898e-02 0.000000e+00 5.650679e-03 4.919177e+04 -1.152169e+05 -3.234780e+04 -1.064847e+01 2.833195e-01 8.985057e+02 -2.033884e-01 
1.347656e+04 0.000000e+00 2.500000e+04 3.501778e-02 0.000000e+00 5.299995e-03 4.844721e+04 -1.134752e+05 -3.185819e+04 -8.219979e+00 5.125193e-01 8.735928e+02 1.036967e+00 
1.367188e+04 0.000000e+00 2.500000e+04 3.421901e-02 0.000000e+00 4.964812e-03 4.772490e+04 -1.117841e+05 -3.138321e+04 -7.413598e+00 6.606053e-01 8.484009e+02 1.390384e+00 
1.386719e+04 0.000000e+00 2.500000e+04 3.343229e-02 0.000000e+00 4.644355e-03 4.702233e+04 -1.101375e+05 -3.092121e+04 -8.235720e+00 1.172712e+00 8.232213e+02 8.684080e-01 
1.406250e+04 0.000000e+00 2.500000e+04 3.265734e-02 0.000000e+00 4.337888e-03 4.633800e+04 -1.085338e+05 -3.047120e+04 -9.020896e+00 1.961324e+00 7.993841e+02 1.591718e-01 
1.425781e+04 0.000000e+00 2.500000e+04 3.189385e-02 0.000000e+00 4.044745e-03 4.567259e+04 -1.069756e+05 -3.003365e+04 -8.512012e+00 2.220180e+00 7.757407e+02 -3.956883e-01 
1.445312e+04 0.000000e+00 2.500000e+04 3.114150e-02 0.000000e+00 3.764286e-03 4.502578e+04 -1.054611e+05 -2.960831e+04 -7.968706e+00 1.908033e+00 7.529470e+02 -7.625638e-01 
1.464844e+04 0.000000e+00 2.500000e+04 3.039992e-02 0.000000e+00 3.495959e-03 4.439974e+04 -1.039941e+05 -2.919664e+04 -8.522666e+00 1.780232e+00 7.312953e+02 -7.635728e-01 
1.484375e+04 0.000000e+00 2.500000e+04 2.966870e-02 0.000000e+00 3.239163e-03 4.379061e+04 -1.025680e+05 -2.879608e+04 -7.730510e+00 2.257604e+00 7.091218e+02 -3.888608e-01 
1.503906e+04 0.000000e+00 2.500000e+04 2.894760e-02 0.000000e+00 2.993345e-03 4.319806e+04 -1.011811e+05 -2.840643e+04 -6.674189e+00 2.970758e+00 6.876069e+02 2.400390e-01 
1.523438e+04 0.000000e+00 2.500000e+04 2.823637e-02 0.000000e+00 2.758083e-03 4.262401e+04 -9.983700e+04 -2.802894e+04 -6.093854e+00 3.272720e+00 6.667490e+02 6.829532e-01 
1.542969e+04 0.000000e+00 2.500000e+04 2.753468e-02 0.000000e+00 2.532931e-03 4.206756e+04 -9.853383e+04 -2.766302e+04 -5.817052e+00 3.376514e+00 6.458379e+02 4.218195e-01 
1.562500e+04 0.000000e+00 2.500000e+04 2.684219e-02 0.000000e+00 2.317442e-03 4.153004e+04 -9.727329e+04 -2.730956e+04 -7.254532e+00 3.617773e+00 6.259345e+02 -1.706981e-01 
1.582031e+04 0.000000e+00 2.500000e+04 2.615861e-02 0.000000e+00 2.111158e-03 4.100724e+04 -9.604811e+04 -2.696577e+04 -7.828403e+00 3.819727e+00 6.067324e+02 -4.269718e-01 
1.601562e+04 0.000000e+00 2.500000e+04 2.548376e-02 0.000000e+00 1.913670e-03 4.049969e+04 -9.485934e+04 -2.663202e+04 -7.725182e+00 3.715034e+00 5.883742e+02 -3.494694e-01 
1.621094e+04 0.000000e+00 2.500000e+04 2.481733e-02 0.000000e+00 1.724657e-03 4.000907e+04 -9.370994e+04 -2.630939e+04 -7.869257e+00 3.150706e+00 5.701919e+02 -3.942955e-01 
1.640625e+04 0.000000e+00 2.500000e+04 2.415901e-02 0.000000e+00 1.543742e-03 3.953344e+04 -9.259556e+04 -2.599663e+04 -8.136468e+00 2.769031e+00 5.511085e+02 -7.995373e-01 
1.660156e+04 0.000000e+00 2.500000e+04 2.350851e-02 0.000000e+00 1.370556e-03 3.907433e+04 -9.151938e+04 -2.569472e+04 -8.899846e+00 3.033452e+00 5.325339e+02 -1.068980e+00 
1.679688e+04 0.000000e+00 2.500000e+04 2.286559e-02 0.000000e+00 1.204775e-03 3.862912e+04 -9.047775e+04 -2.540196e+04 -7.662156e+00 3.234945e+00 5.140491e+02 -8.607617e-01 
1.699219e+04 0.000000e+00 2.500000e+04 2.223008e-02 0.000000e+00 1.046088e-03 3.819772e+04 -8.946905e+04 -2.511828e+04 -5.833732e+00 2.785185e+00 4.957949e+02 -6.221952e-01 
1.718750e+04 0.000000e+00 2.500000e+04 2.160169e-02 0.000000e+00 8.942531e-04 3.778138e+04 -8.849505e+04 -2.484450e+04 -4.585929e+00 2.022420e+00 4.796755e+02 -4.869663e-01 
1.738281e+04 0.000000e+00 2.500000e+04 2.098011e-02 0.000000e+00 7.490192e-04 3.737895e+04 -8.755376e+04 -2.457987e+04 -3.237943e+00 1.701047e+00 4.633005e+02 -1.441414e-01 
1.757812e+04 0.000000e+00 2.500000e+04 2.036512e-02 0.000000e+00 6.100810e-04 3.699139e+04 -8.664516e+04 -2.432501e+04 -4.006518e+00 1.972644e+00 4.460767e+02 3.100593e-01 
1.777344e+04 0.000000e+00 2.500000e+04 1.975652e-02 0.000000e+00 4.772123e-04 3.661733e+04 -8.576684e+04 -2.407903e+04 -6.115320e+00 2.136465e+00 4.314300e+02 5.319414e-01 
1.796875e+04 0.000000e+00 2.500000e+04 1.915415e-02 0.000000e+00 3.502543e-04 3.625385e+04 -8.491569e+04 -2.384001e+04 -5.836336e+00 1.537387e+00 4.181959e+02 2.784846e-01 
1.816406e+04 0.000000e+00 2.500000e+04 1.855783e-02 0.000000e+00 2.289741e-04 3.590275e+04 -8.409479e+04 -2.360913e+04 -4.322602e+00 1.508066e-01 4.040620e+02 -4.027839e-01 
1.835938e+04 0.000000e+00 2.500000e+04 1.796727e-02 0.000000e+00 1.131013e-04 3.556614e+04 -8.330614e+04 -2.338779e+04 -4.502225e+00 -1.291090e+00 3.891896e+02 -9.988250e-01 
1.855469e+04 0.000000e+00 2.500000e+04 1.738220e-02 0.000000e+00 2.415542e-06 3.524216e+04 -8.254662e+04 -2.317474e+04 -5.120859e+00 -1.970683e+00 3.743921e+02 -1.221894e+00 
1.875000e+04 0.000000e+00 2.500000e+04 1.680243e-02 0.000000e+00 -1.032626e-04 3.493035e+04 -8.181587e+04 -2.296970e+04 -5.474641e+00 -2.024282e+00 3.611929e+02 -1.286302e+00 
1.894531e+04 0.000000e+00 2.500000e+04 1.622778e-02 0.000000e+00 -2.041047e-04 3.463033e+04 -8.111298e+04 -2.277241e+04 -5.595896e+00 -1.974846e+00 3.482828e+02 -1.197885e+00 
1.914062e+04 0.000000e+00 2.500000e+04 1.565806e-02 0.000000e+00 -3.002877e-04 3.434164e+04 -8.043691e+04 -2.258257e+04 -5.424135e+00 -2.017192e+00 3.350216e+02 -9.454709e-01 
1.933594e+04 0.000000e+00 2.500000e+04 1.509309e-02 0.000000e+00 -3.919437e-04 3.406446e+04 -7.978768e+04 -2.240030e+04 -5.400490e+00 -2.268101e+00 3.231987e+02 -8.930857e-01 
1.953125e+04 0.000000e+00 2.500000e+04 1.453266e-02 0.000000e+00 -4.791837e-04 3.379779e+04 -7.916394e+04 -2.222494e+04 -4.472337e+00 -2.579807e+00 3.113953e+02 -1.152959e+00 
1.972656e+04 0.000000e+00 2.500000e+04 1.397657e-02 0.000000e+00 -5.621834e-04 3.354248e+04 -7.856687e+04 -2.205706e+04 -3.513403e+00 -2.577691e+00 2.985160e+02 -1.379663e+00 
1.992188e+04 0.000000e+00 2.500000e+04 1.342463e-02 0.000000e+00 -6.411249e-04 3.329919e+04 -7.799618e+04 -2.189707e+04 -4.311905e+00 -2.131804e+00 2.857513e+02 -1.375015e+00 
2.011719e+04 0.000000e+00 2.500000e+04 1.287665e-02 0.000000e+00 -7.160995e-04 3.306662e+04 -7.745042e+04 -2.174414e+04 -5.316686e+00 -1.486331e+00 2.732884e+02 -1.250559e+00 
2.031250e+04 0.000000e+00 2.500000e+04 1.233250e-02 0.000000e+00 -7.872098e-04 3.284335e+04 -7.692767e+04 -2.159732e+04 -5.053349e+00 -9.913232e-01 2.602184e+02 -1.178054e+00 
2.050781e+04 0.000000e+00 2.500000e+04 1.179202e-02 0.000000e+00 -8.546217e-04 3.262964e+04 -7.642747e+04 -2.145679e+04 -4.678948e+00 -8.129104e-01 2.468320e+02 -1.164974e+00 
2.070312e+04 0.000000e+00 2.500000e+04 1.125503e-02 0.000000e+00 -9.184207e-04 3.242740e+04 -7.595345e+04 -2.132380e+04 -4.965127e+00 -9.833868e-01 2.346280e+02 -1.060312e+00 
2.089844e+04 0.000000e+00 2.500000e+04 1.072135e-02 0.000000e+00 -9.787044e-04 3.223561e+04 -7.550371e+04 -2.119768e+04 -5.456857e+00 -1.203855e+00 2.228597e+02 -9.899499e-01 
2.109375e+04 0.000000e+00 2.500000e+04 1.019078e-02 0.000000e+00 -1.035603e-03 3.205234e+04 -7.507500e+04 -2.107716e+04 -4.854288e+00 -1.109771e+00 2.111799e+02 -1.065001e+00 
2.128906e+04 0.000000e+00 2.500000e+04 9.663162e-03 0.000000e+00 -1.089161e-03 3.187781e+04 -7.466838e+04 -2.096239e+04 -2.644575e+00 -7.482374e-01 1.995775e+02 -1.022769e+00 
2.148438e+04 0.000000e+00 2.500000e+04 9.138366e-03 0.000000e+00 -1.139500e-03 3.171394e+04 -7.428506e+04 -2.085464e+04 -2.132248e+00 -8.118838e-02 1.875587e+02 -6.977309e-01 
2.167969e+04 0.000000e+00 2.500000e+04 8.616212e-03 0.000000e+00 -1.186722e-03 3.156053e+04 -7.392480e+04 -2.075375e+04 -3.025921e+00 8.122756e-01 1.770903e+02 1.304000e-01 
2.187500e+04 0.000000e+00 2.500000e+04 8.096544e-03 0.000000e+00 -1.230836e-03 3.141524e+04 -7.358500e+04 -2.065822e+04 -2.522311e+00 1.501757e+00 1.662968e+02 1.220922e+00 
2.207031e+04 0.000000e+00 2.500000e+04 7.579221e-03 0.000000e+00 -1.271938e-03 3.127924e+04 -7.326592e+04 -2.056878e+04 -3.017414e+00 1.930739e+00 1.535838e+02 1.536978e+00 
2.226562e+04 0.000000e+00 2.500000e+04 7.064111e-03 0.000000e+00 -1.310066e-03 3.115324e+04 -7.296964e+04 -2.048593e+04 -4.164446e+00 2.088978e+00 1.421427e+02 1.031216e+00 
2.246094e+04 0.000000e+00 2.500000e+04 6.551081e-03 0.000000e+00 -1.345276e-03 3.103622e+04 -7.269550e+04 -2.040898e+04 -4.190027e+00 1.788366e+00 1.312306e+02 7.153266e-01 
2.265625e+04 0.000000e+00 2.500000e+04 6.039937e-03 0.000000e+00 -1.377700e-03 3.092836e+04 -7.244277e+04 -2.033805e+04 -4.263592e+00 1.341560e+00 1.206462e+02 1.046656e+00 
2.285156e+04 0.000000e+00 2.500000e+04 5.530494e-03 0.000000e+00 -1.407335e-03 3.082880e+04 -7.220994e+04 -2.027258e+04 -3.881017e+00 1.248067e+00 1.107806e+02 1.497648e+00 
2.304688e+04 0.000000e+00 2.500000e+04 5.022598e-03 0.000000e+00 -1.434191e-03 3.073772e+04 -7.199722e+04 -2.021268e+04 -3.244437e+00 1.569366e+00 1.001804e+02 1.215111e+00 
2.324219e+04 0.000000e+00 2.500000e+04 4.516132e-03 0.000000e+00 -1.458314e-03 3.065462e+04 -7.180391e+04 -2.015804e+04 -1.908797e+00 2.094458e+00 8.996177e+01 1.050138e-01 
2.343750e+04 0.000000e+00 2.500000e+04 4.010995e-03 0.000000e+00 -1.479754e-03 3.057885e+04 -7.162880e+04 -2.010822e+04 4.648835e-01 2.525839e+00 7.984390e+01 -1.473445e+00 
2.363281e+04 0.000000e+00 2.500000e+04 3.507067e-03 0.000000e+00 -1.498582e-03 3.051227e+04 -7.147402e+04 -2.006443e+04 1.644771e+00 2.441614e+00 6.910683e+01 -3.175105e+00 
2.382812e+04 0.000000e+00 2.500000e+04 3.004228e-03 0.000000e+00 -1.514881e-03 3.045588e+04 -7.134074e+04 -2.002735e+04 4.568153e-01 1.643657e+00 5.846108e+01 -4.204102e+00 
2.402344e+04 0.000000e+00 2.500000e+04 2.502293e-03 0.000000e+00 -1.528736e-03 3.040966e+04 -7.123013e+04 -1.999696e+04 -1.899279e+00 5.080198e-01 4.910985e+01 -3.687824e+00 
2.421875e+04 0.000000e+00 2.500000e+04 2.001018e-03 0.000000e+00 -1.540105e-03 3.037171e+04 -7.114014e+04 -1.997201e+04 -2.995629e+00 -3.183853e-01 3.998154e+01 -1.927944e+00 
2.441406e+04 0.000000e+00 2.500000e+04 1.500257e-03 0.000000e+00 -1.548936e-03 3.034145e+04 -7.106877e+04 -1.995211e+04 -3.481834e+00 -4.380423e-01 2.982831e+01 -5.829157e-01 
2.460938e+04 0.000000e+00 2.500000e+04 9.998929e-04 0.000000e+00 -1.555183e-03 3.032057e+04 -7.101869e+04 -1.993837e+04 -4.641215e+00 -5.940755e-02 1.985039e+01 -1.281544e+00 
2.480469e+04 0.000000e+00 2.500000e+04 4.998048e-04 0.000000e+00 -1.558837e-03 3.030693e+04 -7.098774e+04 -1.992941e+04 -3.645668e+00 1.771297e-01 1.051374e+01 -6.577807e+00 
2.500000e+04 0.000000e+00 2.500000e+04 0.000000e+00 0.000000e+00 -1.559580e-03 3.030129e+04 -7.097615e+04 -1.992570e+04 -2.037319e+00 1.729170e-01 6.041469e+00 -1.086471e+01 
