#1 2 3 4 5 6 7  8  9 10 11 12 13
#x y z u v w p xx yy zz xy xz yz
0.000000e+00 0.000000e+00 2.500000e+04 0.000000e+00 0.000000e+00 1.675072e-01 -4.789553e+05 1.127502e+06 3.149541e+05 -5.589958e+03 1.950424e-01 -6.987121e+03 -5.430851e+00 
2.604167e+02 0.000000e+00 2.500000e+04 1.114837e-02 0.000000e+00 1.667821e-01 -4.734418e+05 1.114385e+06 3.113286e+05 -5.387688e+03 2.543877e-01 -1.371566e+04 -4.040683e+00 
5.208333e+02 0.000000e+00 2.500000e+04 2.202768e-02 0.000000e+00 1.646409e-01 -4.572892e+05 1.075968e+06 3.007068e+05 -4.807568e+03 1.037565e-01 -2.644274e+04 -2.118965e+00 
7.812500e+02 0.000000e+00 2.500000e+04 3.238856e-02 0.000000e+00 1.611796e-01 -4.316041e+05 1.014924e+06 2.838167e+05 -3.928650e+03 -3.176189e-01 -3.733630e+04 -1.060900e+00 
1.041667e+03 0.000000e+00 2.500000e+04 4.201800e-02 0.000000e+00 1.565476e-01 -3.980664e+05 9.353006e+05 2.617628e+05 -2.864259e+03 -6.606955e-01 -4.579114e+04 -1.535752e-01 
1.302083e+03 0.000000e+00 2.500000e+04 5.075149e-02 0.000000e+00 1.509327e-01 -3.587206e+05 8.420110e+05 2.358895e+05 -1.738708e+03 -9.711494e-01 -5.150077e+04 6.605078e-01 
1.562500e+03 0.000000e+00 2.500000e+04 5.847887e-02 0.000000e+00 1.445443e-01 -3.157450e+05 7.402721e+05 2.076294e+05 -6.664548e+02 -1.391802e+00 -5.446044e+04 1.310063e+00 
1.822917e+03 0.000000e+00 2.500000e+04 6.514438e-02 0.000000e+00 1.375973e-01 -2.712338e+05 6.350760e+05 1.783595e+05 2.660048e+02 -2.014287e+00 -5.491984e+04 1.375959e+00 
2.083333e+03 0.000000e+00 2.500000e+04 7.074152e-02 0.000000e+00 1.302966e-01 -2.270269e+05 5.307846e+05 1.492896e+05 1.006379e+03 -2.673226e+00 -5.330109e+04 1.071552e+00 
2.343750e+03 0.000000e+00 2.500000e+04 7.530445e-02 0.000000e+00 1.228271e-01 -1.846067e+05 4.308886e+05 1.213947e+05 1.536667e+03 -2.863898e+00 -5.011280e+04 5.432738e-01 
2.604167e+03 0.000000e+00 2.500000e+04 7.889791e-02 0.000000e+00 1.153470e-01 -1.450535e+05 3.379115e+05 9.538508e+04 1.863774e+03 -2.548392e+00 -4.587262e+04 -7.720912e-04 
2.864583e+03 0.000000e+00 2.500000e+04 8.160685e-02 0.000000e+00 1.079842e-01 -1.090619e+05 2.534526e+05 7.171757e+04 2.015671e+03 -2.057697e+00 -4.104621e+04 -3.588205e-01 
3.125000e+03 0.000000e+00 2.500000e+04 8.352713e-02 0.000000e+00 1.008375e-01 -7.699148e+04 1.783129e+05 5.062850e+04 2.033003e+03 -1.337055e+00 -3.601505e+04 -7.059485e-01 
3.385417e+03 0.000000e+00 2.500000e+04 8.475809e-02 0.000000e+00 9.397807e-02 -4.892900e+04 1.126576e+05 3.217501e+04 1.954363e+03 -5.183586e-01 -3.106600e+04 -6.288933e-01 
3.645833e+03 0.000000e+00 2.500000e+04 8.539703e-02 0.000000e+00 8.745360e-02 -2.476043e+04 5.618618e+04 1.628210e+04 1.812999e+03 2.352330e-01 -2.639411e+04 -2.613312e-02 
3.906250e+03 0.000000e+00 2.500000e+04 8.553512e-02 0.000000e+00 8.129244e-02 -4.239254e+03 8.293974e+03 2.787673e+03 1.636116e+03 1.333966e+00 -2.211736e+04 8.475169e-01 
4.166667e+03 0.000000e+00 2.500000e+04 8.525558e-02 0.000000e+00 7.550728e-02 1.295716e+04 -3.179537e+04 -8.520443e+03 1.444335e+03 2.366658e+00 -1.829434e+04 1.900086e+00 
4.427083e+03 0.000000e+00 2.500000e+04 8.463248e-02 0.000000e+00 7.009936e-02 2.718749e+04 -6.493867e+04 -1.787811e+04 1.254297e+03 2.450444e+00 -1.493924e+04 2.650712e+00 
4.687500e+03 0.000000e+00 2.500000e+04 8.373047e-02 0.000000e+00 6.506138e-02 3.881759e+04 -9.200325e+04 -2.552589e+04 1.076372e+03 1.915413e+00 -1.203802e+04 2.923638e+00 
4.947917e+03 0.000000e+00 2.500000e+04 8.260509e-02 0.000000e+00 6.037990e-02 4.820014e+04 -1.138184e+05 -3.169572e+04 9.137463e+02 1.371124e+00 -9.560555e+03 3.301165e+00 
5.208333e+03 0.000000e+00 2.500000e+04 8.130364e-02 0.000000e+00 5.603782e-02 5.566174e+04 -1.311503e+05 -3.660236e+04 7.674640e+02 6.482620e-01 -7.465018e+03 3.654054e+00 
5.468750e+03 0.000000e+00 2.500000e+04 7.986598e-02 0.000000e+00 5.201588e-02 6.149718e+04 -1.446908e+05 -4.043967e+04 6.388844e+02 -4.552605e-01 -5.707441e+03 3.676558e+00 
5.729167e+03 0.000000e+00 2.500000e+04 7.832522e-02 0.000000e+00 4.829350e-02 6.596612e+04 -1.550479e+05 -4.337838e+04 5.279347e+02 -1.647125e+00 -4.245119e+03 4.012880e+00 
5.989583e+03 0.000000e+00 2.500000e+04 7.670893e-02 0.000000e+00 4.484994e-02 6.929413e+04 -1.627483e+05 -4.556683e+04 4.327670e+02 -2.698582e+00 -3.034972e+03 4.151845e+00 
6.250000e+03 0.000000e+00 2.500000e+04 7.503974e-02 0.000000e+00 4.166499e-02 7.167348e+04 -1.682436e+05 -4.713146e+04 3.546035e+02 -3.382278e+00 -2.039928e+03 3.147049e+00 
6.510417e+03 0.000000e+00 2.500000e+04 7.333621e-02 0.000000e+00 3.871896e-02 7.327186e+04 -1.719239e+05 -4.818253e+04 2.908849e+02 -3.306309e+00 -1.227717e+03 2.099045e+00 
6.770833e+03 0.000000e+00 2.500000e+04 7.161340e-02 0.000000e+00 3.599308e-02 7.423226e+04 -1.741186e+05 -4.881407e+04 2.358723e+02 -2.490381e+00 -5.691058e+02 1.627301e+00 
7.031250e+03 0.000000e+00 2.500000e+04 6.988351e-02 0.000000e+00 3.346989e-02 7.467243e+04 -1.751022e+05 -4.910352e+04 1.884659e+02 -1.489351e+00 -3.756073e+01 7.527330e-01 
7.291667e+03 0.000000e+00 2.500000e+04 6.815635e-02 0.000000e+00 3.113309e-02 7.469191e+04 -1.751085e+05 -4.911633e+04 1.491089e+02 -8.828300e-01 3.889155e+02 -3.640640e-01 
7.552083e+03 0.000000e+00 2.500000e+04 6.643971e-02 0.000000e+00 2.896742e-02 7.437231e+04 -1.743286e+05 -4.890617e+04 1.178476e+02 -5.808470e-01 7.264888e+02 -7.720627e-01 
7.812500e+03 0.000000e+00 2.500000e+04 6.473961e-02 0.000000e+00 2.695890e-02 7.378266e+04 -1.729223e+05 -4.851842e+04 9.277973e+01 -6.563640e-02 9.908560e+02 -5.045494e-01 
8.072917e+03 0.000000e+00 2.500000e+04 6.306079e-02 0.000000e+00 2.509477e-02 7.298273e+04 -1.710264e+05 -4.799240e+04 7.062957e+01 6.339380e-01 1.195682e+03 -2.257071e-01 
8.333333e+03 0.000000e+00 2.500000e+04 6.140687e-02 0.000000e+00 2.336324e-02 7.201877e+04 -1.687497e+05 -4.735852e+04 5.188892e+01 8.752836e-01 1.350929e+03 5.037704e-02 
8.593750e+03 0.000000e+00 2.500000e+04 5.978064e-02 0.000000e+00 2.175354e-02 7.092943e+04 -1.661824e+05 -4.664218e+04 3.632762e+01 1.584523e-01 1.466255e+03 9.354468e-01 
8.854167e+03 0.000000e+00 2.500000e+04 5.818404e-02 0.000000e+00 2.025587e-02 6.974625e+04 -1.633982e+05 -4.586414e+04 2.360671e+01 -9.704515e-01 1.549583e+03 1.924341e+00 
9.114583e+03 0.000000e+00 2.500000e+04 5.661835e-02 0.000000e+00 1.886136e-02 6.849434e+04 -1.604574e+05 -4.504090e+04 1.530488e+01 -1.457825e+00 1.605793e+03 1.810537e+00 
9.375000e+03 0.000000e+00 2.500000e+04 5.508443e-02 0.000000e+00 1.756182e-02 6.719667e+04 -1.574120e+05 -4.418757e+04 9.506587e+00 -1.460891e+00 1.638934e+03 8.358372e-01 
9.635417e+03 0.000000e+00 2.500000e+04 5.358281e-02 0.000000e+00 1.634972e-02 6.587007e+04 -1.542998e+05 -4.331522e+04 4.840177e+00 -1.672278e+00 1.653555e+03 1.009120e-01 
9.895833e+03 0.000000e+00 2.500000e+04 5.211371e-02 0.000000e+00 1.521822e-02 6.453130e+04 -1.511588e+05 -4.243486e+04 -2.243456e-01 -2.167920e+00 1.654186e+03 -2.595645e-01 
1.015625e+04 0.000000e+00 2.500000e+04 5.067694e-02 0.000000e+00 1.416116e-02 6.319098e+04 -1.480147e+05 -4.155349e+04 -4.774394e+00 -2.616850e+00 1.643703e+03 -8.372173e-01 
1.041667e+04 0.000000e+00 2.500000e+04 4.927217e-02 0.000000e+00 1.317294e-02 6.185665e+04 -1.448862e+05 -4.067605e+04 -7.655417e+00 -2.584570e+00 1.624412e+03 -1.709945e+00 
1.067708e+04 0.000000e+00 2.500000e+04 4.789896e-02 0.000000e+00 1.224835e-02 6.053698e+04 -1.417923e+05 -3.980825e+04 -1.041417e+01 -2.215558e+00 1.598622e+03 -2.344705e+00 
1.093750e+04 0.000000e+00 2.500000e+04 4.655674e-02 0.000000e+00 1.138262e-02 5.923638e+04 -1.387442e+05 -3.895300e+04 -1.197550e+01 -1.926619e+00 1.567437e+03 -2.388255e+00 
1.119792e+04 0.000000e+00 2.500000e+04 4.524482e-02 0.000000e+00 1.057148e-02 5.796095e+04 -1.357558e+05 -3.811430e+04 -1.278502e+01 -1.718946e+00 1.531518e+03 -2.213995e+00 
1.145833e+04 0.000000e+00 2.500000e+04 4.396242e-02 0.000000e+00 9.811037e-03 5.671520e+04 -1.328357e+05 -3.729510e+04 -1.479649e+01 -1.307565e+00 1.492564e+03 -2.455020e+00 
1.171875e+04 0.000000e+00 2.500000e+04 4.270877e-02 0.000000e+00 9.097679e-03 5.549964e+04 -1.299871e+05 -3.649577e+04 -1.603245e+01 -5.873418e-01 1.451779e+03 -2.945767e+00 
1.197917e+04 0.000000e+00 2.500000e+04 4.148302e-02 0.000000e+00 8.428045e-03 5.431497e+04 -1.272129e+05 -3.571675e+04 -1.529314e+01 3.720740e-02 1.408905e+03 -2.942402e+00 
1.223958e+04 0.000000e+00 2.500000e+04 4.028437e-02 0.000000e+00 7.799032e-03 5.316413e+04 -1.245170e+05 -3.495998e+04 -1.540622e+01 4.088226e-02 1.364798e+03 -2.023984e+00 
1.250000e+04 0.000000e+00 2.500000e+04 3.911193e-02 0.000000e+00 7.207921e-03 5.204933e+04 -1.219043e+05 -3.422689e+04 -1.680669e+01 -4.961707e-01 1.320591e+03 -6.666735e-01 
1.276042e+04 0.000000e+00 2.500000e+04 3.796481e-02 0.000000e+00 6.652205e-03 5.096982e+04 -1.193745e+05 -3.351702e+04 -1.792343e+01 -7.983472e-01 1.276405e+03 -5.551520e-02 
1.302083e+04 0.000000e+00 2.500000e+04 3.684210e-02 0.000000e+00 6.129512e-03 4.992453e+04 -1.169266e+05 -3.282966e+04 -1.729457e+01 -5.196215e-01 1.232117e+03 -5.191909e-01 
1.328125e+04 0.000000e+00 2.500000e+04 3.574296e-02 0.000000e+00 5.637605e-03 4.891325e+04 -1.145605e+05 -3.216466e+04 -1.464806e+01 -9.029925e-02 1.187856e+03 -1.150777e+00 
1.354167e+04 0.000000e+00 2.500000e+04 3.466657e-02 0.000000e+00 5.174393e-03 4.793737e+04 -1.122760e+05 -3.152293e+04 -1.320034e+01 2.613485e-01 1.144258e+03 -1.134035e+00 
1.380208e+04 0.000000e+00 2.500000e+04 3.361211e-02 0.000000e+00 4.738091e-03 4.699779e+04 -1.100749e+05 -3.090508e+04 -1.336818e+01 1.635233e-01 1.102395e+03 -5.569854e-01 
1.406250e+04 0.000000e+00 2.500000e+04 3.257874e-02 0.000000e+00 4.327107e-03 4.609165e+04 -1.079533e+05 -3.030921e+04 -1.245197e+01 -6.369401e-01 1.062150e+03 -2.132372e-01 
1.432292e+04 0.000000e+00 2.500000e+04 3.156561e-02 0.000000e+00 3.939875e-03 4.521752e+04 -1.059074e+05 -2.973440e+04 -1.074913e+01 -1.015723e+00 1.022298e+03 -6.641429e-01 
1.458333e+04 0.000000e+00 2.500000e+04 3.057191e-02 0.000000e+00 3.574906e-03 4.437743e+04 -1.039409e+05 -2.918196e+04 -9.415892e+00 -3.065718e-02 9.820335e+02 -1.749301e+00 
1.484375e+04 0.000000e+00 2.500000e+04 2.959687e-02 0.000000e+00 3.230737e-03 4.357085e+04 -1.020516e+05 -2.865157e+04 -9.391318e+00 1.661328e+00 9.417948e+02 -2.801994e+00 
1.510417e+04 0.000000e+00 2.500000e+04 2.863986e-02 0.000000e+00 2.906048e-03 4.279622e+04 -1.002355e+05 -2.814219e+04 -1.103001e+01 2.923492e+00 9.034933e+02 -3.075361e+00 
1.536458e+04 0.000000e+00 2.500000e+04 2.770016e-02 0.000000e+00 2.599711e-03 4.205326e+04 -9.849241e+04 -2.765362e+04 -1.374677e+01 3.097129e+00 8.666145e+02 -2.452599e+00 
1.562500e+04 0.000000e+00 2.500000e+04 2.677702e-02 0.000000e+00 2.310679e-03 4.134049e+04 -9.681990e+04 -2.718492e+04 -1.665682e+01 2.371315e+00 8.311707e+02 -1.241115e+00 
1.588542e+04 0.000000e+00 2.500000e+04 2.586972e-02 0.000000e+00 2.038036e-03 4.065556e+04 -9.521513e+04 -2.673452e+04 -1.705068e+01 1.646876e+00 7.979325e+02 3.970650e-01 
1.614583e+04 0.000000e+00 2.500000e+04 2.497747e-02 0.000000e+00 1.780887e-03 3.999661e+04 -9.367380e+04 -2.630120e+04 -1.482669e+01 1.919135e+00 7.640528e+02 1.845996e+00 
1.640625e+04 0.000000e+00 2.500000e+04 2.409972e-02 0.000000e+00 1.538343e-03 3.936382e+04 -9.219314e+04 -2.588508e+04 -1.323128e+01 3.308706e+00 7.300916e+02 2.202527e+00 
1.666667e+04 0.000000e+00 2.500000e+04 2.323598e-02 0.000000e+00 1.309630e-03 3.875915e+04 -9.077688e+04 -2.548746e+04 -1.309997e+01 4.381614e+00 6.983350e+02 1.445433e+00 
1.692708e+04 0.000000e+00 2.500000e+04 2.238570e-02 0.000000e+00 1.093953e-03 3.818007e+04 -8.942049e+04 -2.510667e+04 -1.305197e+01 3.818462e+00 6.681768e+02 4.542298e-01 
1.718750e+04 0.000000e+00 2.500000e+04 2.154833e-02 0.000000e+00 8.905350e-04 3.762435e+04 -8.811935e+04 -2.474124e+04 -1.246609e+01 2.163969e+00 6.390838e+02 8.399507e-02 
1.744792e+04 0.000000e+00 2.500000e+04 2.072318e-02 0.000000e+00 6.987000e-04 3.709472e+04 -8.687942e+04 -2.439296e+04 -1.177208e+01 6.395322e-01 6.100526e+02 5.274883e-01 
1.770833e+04 0.000000e+00 2.500000e+04 1.990955e-02 0.000000e+00 5.178322e-04 3.659241e+04 -8.570105e+04 -2.406265e+04 -1.353463e+01 -4.099054e-03 5.810991e+02 1.565921e+00 
1.796875e+04 0.000000e+00 2.500000e+04 1.910688e-02 0.000000e+00 3.474293e-04 3.611490e+04 -8.457846e+04 -2.374864e+04 -1.760898e+01 5.859546e-01 5.531611e+02 2.646978e+00 
1.822917e+04 0.000000e+00 2.500000e+04 1.831470e-02 0.000000e+00 1.870612e-04 3.565703e+04 -8.350487e+04 -2.344756e+04 -1.867286e+01 1.840657e+00 5.266624e+02 2.874492e+00 
1.848958e+04 0.000000e+00 2.500000e+04 1.753264e-02 0.000000e+00 3.628452e-05 3.521772e+04 -8.247818e+04 -2.315867e+04 -1.630262e+01 2.394714e+00 5.020437e+02 2.039188e+00 
1.875000e+04 0.000000e+00 2.500000e+04 1.676027e-02 0.000000e+00 -1.053268e-04 3.479894e+04 -8.150004e+04 -2.288329e+04 -1.349018e+01 1.658495e+00 4.794680e+02 8.290070e-01 
1.901042e+04 0.000000e+00 2.500000e+04 1.599711e-02 0.000000e+00 -2.382270e-04 3.440068e+04 -8.057080e+04 -2.262140e+04 -9.841462e+00 3.139462e-01 4.572835e+02 -3.222001e-01 
1.927083e+04 0.000000e+00 2.500000e+04 1.524260e-02 0.000000e+00 -3.629115e-04 3.402284e+04 -7.969016e+04 -2.237293e+04 -5.418627e+00 -8.500272e-01 4.336115e+02 -1.330976e+00 
1.953125e+04 0.000000e+00 2.500000e+04 1.449624e-02 0.000000e+00 -4.798651e-04 3.366647e+04 -7.885703e+04 -2.213859e+04 -3.786434e+00 -1.448593e+00 4.090222e+02 -1.798302e+00 
1.979167e+04 0.000000e+00 2.500000e+04 1.375761e-02 0.000000e+00 -5.894632e-04 3.333331e+04 -7.807397e+04 -2.191951e+04 -6.445839e+00 -1.666090e+00 3.858914e+02 -1.477220e+00 
2.005208e+04 0.000000e+00 2.500000e+04 1.302628e-02 0.000000e+00 -6.919330e-04 3.301993e+04 -7.733784e+04 -2.171344e+04 -8.529678e+00 -2.235009e+00 3.655426e+02 -6.814540e-01 
2.031250e+04 0.000000e+00 2.500000e+04 1.230180e-02 0.000000e+00 -7.874895e-04 3.272226e+04 -7.664142e+04 -2.151769e+04 -7.673588e+00 -3.329361e+00 3.451922e+02 -3.098313e-03 
2.057292e+04 0.000000e+00 2.500000e+04 1.158375e-02 0.000000e+00 -8.763965e-04 3.244132e+04 -7.598471e+04 -2.133295e+04 -6.310067e+00 -3.992015e+00 3.237776e+02 1.243042e-01 
2.083333e+04 0.000000e+00 2.500000e+04 1.087173e-02 0.000000e+00 -9.589071e-04 3.217944e+04 -7.537154e+04 -2.116074e+04 -6.028085e+00 -3.302471e+00 3.025593e+02 -2.856498e-02 
2.109375e+04 0.000000e+00 2.500000e+04 1.016529e-02 0.000000e+00 -1.035270e-03 3.193650e+04 -7.480207e+04 -2.100099e+04 -6.444556e+00 -1.818943e+00 2.811763e+02 -9.071524e-02 
2.135417e+04 0.000000e+00 2.500000e+04 9.464114e-03 0.000000e+00 -1.105748e-03 3.170851e+04 -7.426837e+04 -2.085107e+04 -6.103570e+00 -5.907119e-01 2.597193e+02 -3.529710e-01 
2.161458e+04 0.000000e+00 2.500000e+04 8.767948e-03 0.000000e+00 -1.170581e-03 3.149582e+04 -7.377077e+04 -2.071120e+04 -5.499239e+00 1.151653e-01 2.387964e+02 -8.888878e-01 
2.187500e+04 0.000000e+00 2.500000e+04 8.076397e-03 0.000000e+00 -1.229956e-03 3.130212e+04 -7.331714e+04 -2.058383e+04 -5.391289e+00 3.285176e-02 2.185399e+02 -9.742039e-01 
2.213542e+04 0.000000e+00 2.500000e+04 7.388968e-03 0.000000e+00 -1.284015e-03 3.112568e+04 -7.290346e+04 -2.046780e+04 -5.773254e+00 -3.346684e-01 1.983676e+02 -4.718224e-01 
2.239583e+04 0.000000e+00 2.500000e+04 6.705272e-03 0.000000e+00 -1.332872e-03 3.096527e+04 -7.252659e+04 -2.036232e+04 -6.906128e+00 4.120036e-01 1.795474e+02 -1.666700e-01 
2.265625e+04 0.000000e+00 2.500000e+04 6.024964e-03 0.000000e+00 -1.376624e-03 3.082136e+04 -7.218905e+04 -2.026768e+04 -7.335627e+00 1.848919e+00 1.623391e+02 6.437872e-02 
2.291667e+04 0.000000e+00 2.500000e+04 5.347682e-03 0.000000e+00 -1.415456e-03 3.069208e+04 -7.188587e+04 -2.018267e+04 -7.699149e+00 2.686253e+00 1.434227e+02 8.109346e-01 
2.317708e+04 0.000000e+00 2.500000e+04 4.673150e-03 0.000000e+00 -1.449473e-03 3.057772e+04 -7.161655e+04 -2.010747e+04 -9.131945e+00 3.136354e+00 1.247657e+02 1.339443e+00 
2.343750e+04 0.000000e+00 2.500000e+04 4.001100e-03 0.000000e+00 -1.478627e-03 3.047807e+04 -7.138373e+04 -2.004194e+04 -8.542180e+00 3.191001e+00 1.081465e+02 1.054608e+00 
2.369792e+04 0.000000e+00 2.500000e+04 3.331165e-03 0.000000e+00 -1.503133e-03 3.039262e+04 -7.118451e+04 -1.998575e+04 -7.590556e+00 2.346608e+00 8.950649e+01 9.280373e-01 
2.395833e+04 0.000000e+00 2.500000e+04 2.662991e-03 0.000000e+00 -1.523252e-03 3.032315e+04 -7.102110e+04 -1.994007e+04 -8.276131e+00 1.330851e+00 7.187131e+01 1.464884e+00 
2.421875e+04 0.000000e+00 2.500000e+04 1.996179e-03 0.000000e+00 -1.538783e-03 3.027022e+04 -7.089769e+04 -1.990526e+04 -7.696935e+00 8.698052e-01 5.519220e+01 2.136947e+00 
2.447917e+04 0.000000e+00 2.500000e+04 1.330281e-03 0.000000e+00 -1.549949e-03 3.023381e+04 -7.081225e+04 -1.988132e+04 -7.861214e+00 5.395593e-01 3.628286e+01 2.594903e+00 
2.473958e+04 0.000000e+00 2.500000e+04 6.650141e-04 0.000000e+00 -1.556699e-03 3.021348e+04 -7.076323e+04 -1.986795e+04 -9.242554e+00 1.500896e-01 1.700081e+01 1.463490e+00 
2.500000e+04 0.000000e+00 2.500000e+04 0.000000e+00 0.000000e+00 -1.558841e-03 3.020715e+04 -7.074807e+04 -1.986379e+04 -9.594620e+00 -7.485099e-03 7.275593e+00 1.840929e-01 
