#1 2 3 4 5 6 7  8  9 10 11 12 13
#x y z u v w p xx yy zz xy xz yz
0.000000e+00 0.000000e+00 2.500000e+04 0.000000e+00 0.000000e+00 1.695700e-01 -5.052614e+05 1.185775e+06 3.322527e+05 -2.243496e+03 -1.293578e-01 -2.794813e+03 -3.322123e-01 
1.562500e+02 0.000000e+00 2.500000e+04 6.906871e-03 0.000000e+00 1.692936e-01 -5.029844e+05 1.180406e+06 3.307553e+05 -2.208394e+03 -1.912082e-01 -5.548168e+03 -1.382070e-01 
3.125000e+02 0.000000e+00 2.500000e+04 1.374934e-02 0.000000e+00 1.684695e-01 -4.962157e+05 1.164453e+06 3.263043e+05 -2.110087e+03 -2.677356e-01 -1.093388e+04 1.786299e-01 
4.687500e+02 0.000000e+00 2.500000e+04 2.046493e-02 0.000000e+00 1.671126e-01 -4.851485e+05 1.138374e+06 3.190267e+05 -1.955507e+03 -2.598727e-01 -1.600241e+04 2.637159e-01 
6.250000e+02 0.000000e+00 2.500000e+04 2.699491e-02 0.000000e+00 1.652467e-01 -4.700946e+05 1.102906e+06 3.091275e+05 -1.749756e+03 -1.978507e-01 -2.061898e+04 1.403989e-01 
7.812500e+02 0.000000e+00 2.500000e+04 3.328581e-02 0.000000e+00 1.629040e-01 -4.514614e+05 1.059016e+06 2.968746e+05 -1.506134e+03 -1.411383e-01 -2.467563e+04 -7.003479e-02 
9.375000e+02 0.000000e+00 2.500000e+04 3.929074e-02 0.000000e+00 1.601234e-01 -4.297330e+05 1.007852e+06 2.825863e+05 -1.238853e+03 -8.306361e-02 -2.809423e+04 -4.372310e-01 
1.093750e+03 0.000000e+00 2.500000e+04 4.497028e-02 0.000000e+00 1.569490e-01 -4.054465e+05 9.506825e+05 2.666159e+05 -9.587878e+02 -9.508382e-03 -3.082855e+04 -8.397399e-01 
1.250000e+03 0.000000e+00 2.500000e+04 5.029304e-02 0.000000e+00 1.534287e-01 -3.791655e+05 8.888397e+05 2.493338e+05 -6.771318e+02 4.106397e-02 -3.286374e+04 -1.013483e+00 
1.406250e+03 0.000000e+00 2.500000e+04 5.523581e-02 0.000000e+00 1.496124e-01 -3.514519e+05 8.236528e+05 2.311097e+05 -4.069221e+02 2.075366e-02 -3.421398e+04 -1.078299e+00 
1.562500e+03 0.000000e+00 2.500000e+04 5.978337e-02 0.000000e+00 1.455506e-01 -3.228500e+05 7.564049e+05 2.123015e+05 -1.564508e+02 -5.385001e-02 -3.491709e+04 -1.117949e+00 
1.718750e+03 0.000000e+00 2.500000e+04 6.392801e-02 0.000000e+00 1.412930e-01 -2.938669e+05 6.882902e+05 1.932427e+05 6.791599e+01 -1.037483e-01 -3.503125e+04 -9.763030e-01 
1.875000e+03 0.000000e+00 2.500000e+04 6.766889e-02 0.000000e+00 1.368872e-01 -2.649586e+05 6.203815e+05 1.742330e+05 2.614694e+02 -1.387790e-01 -3.462570e+04 -6.637561e-01 
2.031250e+03 0.000000e+00 2.500000e+04 7.101115e-02 0.000000e+00 1.323780e-01 -2.365228e+05 5.536112e+05 1.555340e+05 4.231248e+02 -1.925204e-01 -3.377937e+04 -4.235701e-01 
2.187500e+03 0.000000e+00 2.500000e+04 7.396504e-02 0.000000e+00 1.278067e-01 -2.088901e+05 4.887570e+05 1.373632e+05 5.502345e+02 -3.485952e-01 -3.257428e+04 -4.943555e-01 
2.343750e+03 0.000000e+00 2.500000e+04 7.654494e-02 0.000000e+00 1.232106e-01 -1.823307e+05 4.264488e+05 1.198981e+05 6.452818e+02 -5.799418e-01 -3.108702e+04 -5.726503e-01 
2.500000e+03 0.000000e+00 2.500000e+04 7.876842e-02 0.000000e+00 1.186227e-01 -1.570545e+05 3.671722e+05 1.032768e+05 7.144735e+02 -7.304705e-01 -2.939268e+04 -3.185750e-01 
2.656250e+03 0.000000e+00 2.500000e+04 8.065543e-02 0.000000e+00 1.140716e-01 -1.332083e+05 3.112703e+05 8.759588e+04 7.586969e+02 -8.412209e-01 -2.755867e+04 5.478638e-02 
2.812500e+03 0.000000e+00 2.500000e+04 8.222740e-02 0.000000e+00 1.095820e-01 -1.108900e+05 2.589694e+05 7.291969e+04 7.809939e+02 -9.927168e-01 -2.564221e+04 5.883600e-01 
2.968750e+03 0.000000e+00 2.500000e+04 8.350673e-02 0.000000e+00 1.051743e-01 -9.015272e+04 2.103896e+05 5.928314e+04 7.854497e+02 -1.062909e+00 -2.369475e+04 1.252209e+00 
3.125000e+03 0.000000e+00 2.500000e+04 8.451607e-02 0.000000e+00 1.008653e-01 -7.100984e+04 1.655613e+05 4.669505e+04 7.731926e+02 -8.938816e-01 -2.175657e+04 1.658485e+00 
3.281250e+03 0.000000e+00 2.500000e+04 8.527793e-02 0.000000e+00 9.666832e-02 -5.344797e+04 1.244476e+05 3.514662e+04 7.496742e+02 -4.921355e-01 -1.985832e+04 2.038934e+00 
3.437500e+03 0.000000e+00 2.500000e+04 8.581429e-02 0.000000e+00 9.259366e-02 -3.742732e+04 8.695093e+04 2.461167e+04 7.193527e+02 2.194002e-02 -1.802746e+04 2.520295e+00 
3.593750e+03 0.000000e+00 2.500000e+04 8.614626e-02 0.000000e+00 8.864885e-02 -2.288721e+04 5.293008e+04 1.505031e+04 6.812610e+02 3.254458e-01 -1.628391e+04 2.491602e+00 
3.750000e+03 0.000000e+00 2.500000e+04 8.629402e-02 0.000000e+00 8.483904e-02 -9.755912e+03 2.221524e+04 6.415348e+03 6.371471e+02 3.523064e-01 -1.463701e+04 2.082553e+00 
3.906250e+03 0.000000e+00 2.500000e+04 8.627644e-02 0.000000e+00 8.116744e-02 2.043960e+03 -5.381854e+03 -1.344079e+03 5.940543e+02 5.395968e-01 -1.309401e+04 2.086121e+00 
4.062500e+03 0.000000e+00 2.500000e+04 8.611132e-02 0.000000e+00 7.763548e-02 1.259980e+04 -3.006669e+04 -8.285447e+03 5.527463e+02 8.827303e-01 -1.166096e+04 2.334794e+00 
4.218750e+03 0.000000e+00 2.500000e+04 8.581505e-02 0.000000e+00 7.424317e-02 2.200312e+04 -5.205008e+04 -1.446894e+04 5.096633e+02 1.054949e+00 -1.033771e+04 2.358071e+00 
4.375000e+03 0.000000e+00 2.500000e+04 8.540272e-02 0.000000e+00 7.098933e-02 3.034097e+04 -7.153734e+04 -1.995179e+04 4.662198e+02 1.039282e+00 -9.121054e+03 2.420947e+00 
4.531250e+03 0.000000e+00 2.500000e+04 8.488829e-02 0.000000e+00 6.787188e-02 3.770002e+04 -8.873367e+04 -2.479099e+04 4.246128e+02 1.027336e+00 -8.009601e+03 2.686836e+00 
4.687500e+03 0.000000e+00 2.500000e+04 8.428436e-02 0.000000e+00 6.488796e-02 4.416503e+04 -1.038379e+05 -2.904229e+04 3.850986e+02 1.209907e+00 -6.999461e+03 2.729519e+00 
4.843750e+03 0.000000e+00 2.500000e+04 8.360246e-02 0.000000e+00 6.203413e-02 4.981572e+04 -1.170372e+05 -3.275811e+04 3.481744e+02 1.460655e+00 -6.082856e+03 2.450454e+00 
5.000000e+03 0.000000e+00 2.500000e+04 8.285300e-02 0.000000e+00 5.930653e-02 5.472734e+04 -1.285082e+05 -3.598792e+04 3.141458e+02 1.590665e+00 -5.253951e+03 2.178817e+00 
5.156250e+03 0.000000e+00 2.500000e+04 8.204538e-02 0.000000e+00 5.670093e-02 5.897272e+04 -1.384196e+05 -3.877962e+04 2.810534e+02 1.598764e+00 -4.507926e+03 1.823480e+00 
5.312500e+03 0.000000e+00 2.500000e+04 8.118804e-02 0.000000e+00 5.421293e-02 6.261638e+04 -1.469234e+05 -4.117564e+04 2.499430e+02 1.611678e+00 -3.837590e+03 1.302822e+00 
5.468750e+03 0.000000e+00 2.500000e+04 8.028856e-02 0.000000e+00 5.183795e-02 6.571779e+04 -1.541615e+05 -4.321508e+04 2.231769e+02 1.660670e+00 -3.235920e+03 9.393146e-01 
5.625000e+03 0.000000e+00 2.500000e+04 7.935371e-02 0.000000e+00 4.957143e-02 6.833382e+04 -1.602669e+05 -4.493534e+04 2.007554e+02 1.511834e+00 -2.698447e+03 8.174298e-01 
5.781250e+03 0.000000e+00 2.500000e+04 7.838950e-02 0.000000e+00 4.740875e-02 7.051583e+04 -1.653579e+05 -4.637020e+04 1.806315e+02 1.212812e+00 -2.220418e+03 8.016196e-01 
5.937500e+03 0.000000e+00 2.500000e+04 7.740133e-02 0.000000e+00 4.534529e-02 7.231287e+04 -1.695463e+05 -4.755191e+04 1.596230e+02 9.092712e-01 -1.795384e+03 8.902192e-01 
6.093750e+03 0.000000e+00 2.500000e+04 7.639398e-02 0.000000e+00 4.337660e-02 7.376577e+04 -1.729300e+05 -4.850732e+04 1.400404e+02 6.455319e-01 -1.417592e+03 8.593554e-01 
6.250000e+03 0.000000e+00 2.500000e+04 7.537164e-02 0.000000e+00 4.149832e-02 7.491094e+04 -1.755973e+05 -4.926036e+04 1.248360e+02 5.685164e-01 -1.083188e+03 6.462869e-01 
6.406250e+03 0.000000e+00 2.500000e+04 7.433806e-02 0.000000e+00 3.970613e-02 7.578472e+04 -1.776310e+05 -4.983495e+04 1.118069e+02 4.489942e-01 -7.873869e+02 6.285929e-01 
6.562500e+03 0.000000e+00 2.500000e+04 7.329659e-02 0.000000e+00 3.799591e-02 7.642003e+04 -1.791053e+05 -5.025272e+04 9.798379e+01 3.181839e-03 -5.258222e+02 7.852153e-01 
6.718750e+03 0.000000e+00 2.500000e+04 7.225006e-02 0.000000e+00 3.636373e-02 7.684480e+04 -1.800862e+05 -5.053204e+04 8.385382e+01 -4.891381e-01 -2.958396e+02 9.696255e-01 
6.875000e+03 0.000000e+00 2.500000e+04 7.120103e-02 0.000000e+00 3.480572e-02 7.708115e+04 -1.806282e+05 -5.068746e+04 7.218212e+01 -7.044612e-01 -9.411513e+01 1.195390e+00 
7.031250e+03 0.000000e+00 2.500000e+04 7.015174e-02 0.000000e+00 3.331825e-02 7.715201e+04 -1.807850e+05 -5.073406e+04 6.306835e+01 -7.545566e-01 8.213609e+01 1.318663e+00 
7.187500e+03 0.000000e+00 2.500000e+04 6.910414e-02 0.000000e+00 3.189784e-02 7.707918e+04 -1.806071e+05 -5.068617e+04 5.567249e+01 -7.513919e-01 2.358471e+02 1.386854e+00 
7.343750e+03 0.000000e+00 2.500000e+04 6.805993e-02 0.000000e+00 3.054112e-02 7.688069e+04 -1.801357e+05 -5.055564e+04 4.926885e+01 -5.920222e-01 3.693264e+02 1.530343e+00 
7.500000e+03 0.000000e+00 2.500000e+04 6.702058e-02 0.000000e+00 2.924492e-02 7.657370e+04 -1.794101e+05 -5.035377e+04 4.280409e+01 -4.160401e-01 4.849275e+02 1.600163e+00 
7.656250e+03 0.000000e+00 2.500000e+04 6.598737e-02 0.000000e+00 2.800622e-02 7.617174e+04 -1.784628e+05 -5.008945e+04 3.699518e+01 -3.879718e-01 5.852969e+02 1.467606e+00 
7.812500e+03 0.000000e+00 2.500000e+04 6.496136e-02 0.000000e+00 2.682215e-02 7.568740e+04 -1.773233e+05 -4.977095e+04 3.204944e+01 -3.307901e-01 6.708454e+02 1.252967e+00 
7.968750e+03 0.000000e+00 2.500000e+04 6.394351e-02 0.000000e+00 2.568996e-02 7.513281e+04 -1.760200e+05 -4.940626e+04 2.780366e+01 -1.545894e-01 7.432340e+02 9.268675e-01 
8.125000e+03 0.000000e+00 2.500000e+04 6.293461e-02 0.000000e+00 2.460706e-02 7.451961e+04 -1.745784e+05 -4.900303e+04 2.263093e+01 -1.825679e-02 8.044252e+02 3.702702e-01 
8.281250e+03 0.000000e+00 2.500000e+04 6.193530e-02 0.000000e+00 2.357100e-02 7.385639e+04 -1.730192e+05 -4.856691e+04 1.699128e+01 1.045409e-02 8.557789e+02 -1.849190e-02 
8.437500e+03 0.000000e+00 2.500000e+04 6.094615e-02 0.000000e+00 2.257944e-02 7.314932e+04 -1.713600e+05 -4.810195e+04 1.397577e+01 4.879869e-03 8.987345e+02 4.121287e-02 
8.593750e+03 0.000000e+00 2.500000e+04 5.996759e-02 0.000000e+00 2.163020e-02 7.240563e+04 -1.696176e+05 -4.761291e+04 1.361893e+01 -3.810901e-02 9.339840e+02 8.173994e-02 
8.750000e+03 0.000000e+00 2.500000e+04 5.900001e-02 0.000000e+00 2.072122e-02 7.163304e+04 -1.678073e+05 -4.710486e+04 1.306510e+01 -9.453160e-02 9.628965e+02 -3.780074e-02 
8.906250e+03 0.000000e+00 2.500000e+04 5.804369e-02 0.000000e+00 1.985049e-02 7.083769e+04 -1.659422e+05 -4.658185e+04 1.096591e+01 -3.178633e-02 9.856096e+02 1.077101e-01 
9.062500e+03 0.000000e+00 2.500000e+04 5.709884e-02 0.000000e+00 1.901617e-02 7.002384e+04 -1.640333e+05 -4.604668e+04 8.414035e+00 1.826319e-01 1.002805e+03 2.514125e-01 
9.218750e+03 0.000000e+00 2.500000e+04 5.616566e-02 0.000000e+00 1.821653e-02 6.919700e+04 -1.620929e+05 -4.550296e+04 4.827176e+00 2.884869e-01 1.015455e+03 -1.496784e-01 
9.375000e+03 0.000000e+00 2.500000e+04 5.524427e-02 0.000000e+00 1.744988e-02 6.835869e+04 -1.601262e+05 -4.495170e+04 1.820553e+00 1.539012e-01 1.023568e+03 -5.485154e-01 
9.531250e+03 0.000000e+00 2.500000e+04 5.433475e-02 0.000000e+00 1.671461e-02 6.751272e+04 -1.581426e+05 -4.439540e+04 -1.186915e-01 -5.581702e-02 1.027898e+03 -4.990698e-01 
9.687500e+03 0.000000e+00 2.500000e+04 5.343710e-02 0.000000e+00 1.600929e-02 6.666286e+04 -1.561510e+05 -4.383654e+04 -1.038596e+00 -3.626806e-01 1.028646e+03 -7.693222e-01 
9.843750e+03 0.000000e+00 2.500000e+04 5.255135e-02 0.000000e+00 1.533249e-02 6.581051e+04 -1.541549e+05 -4.327605e+04 -5.993724e-01 -8.324219e-01 1.027025e+03 -1.475743e+00 
1.000000e+04 0.000000e+00 2.500000e+04 5.167747e-02 0.000000e+00 1.468283e-02 6.495951e+04 -1.521616e+05 -4.271645e+04 -4.882111e-01 -1.348448e+00 1.023390e+03 -1.850083e+00 
1.015625e+04 0.000000e+00 2.500000e+04 5.081537e-02 0.000000e+00 1.405902e-02 6.411216e+04 -1.501774e+05 -4.215924e+04 1.992083e-01 -1.846698e+00 1.017643e+03 -1.931367e+00 
1.031250e+04 0.000000e+00 2.500000e+04 4.996494e-02 0.000000e+00 1.345992e-02 6.327002e+04 -1.482058e+05 -4.160546e+04 1.156099e+00 -2.391492e+00 1.010811e+03 -1.963633e+00 
1.046875e+04 0.000000e+00 2.500000e+04 4.912611e-02 0.000000e+00 1.288435e-02 6.243459e+04 -1.462483e+05 -4.105610e+04 5.733426e-01 -2.890684e+00 1.001826e+03 -1.849927e+00 
1.062500e+04 0.000000e+00 2.500000e+04 4.829872e-02 0.000000e+00 1.233125e-02 6.160770e+04 -1.443099e+05 -4.051234e+04 -8.918846e-01 -3.167669e+00 9.909297e+02 -1.903445e+00 
1.078125e+04 0.000000e+00 2.500000e+04 4.748264e-02 0.000000e+00 1.179967e-02 6.079025e+04 -1.423933e+05 -3.997480e+04 -2.687963e+00 -3.231294e+00 9.786888e+02 -2.354626e+00 
1.093750e+04 0.000000e+00 2.500000e+04 4.667775e-02 0.000000e+00 1.128859e-02 5.998301e+04 -1.404998e+05 -3.944397e+04 -5.304018e+00 -3.288907e+00 9.649628e+02 -2.443802e+00 
1.109375e+04 0.000000e+00 2.500000e+04 4.588387e-02 0.000000e+00 1.079706e-02 5.918498e+04 -1.386292e+05 -3.891920e+04 -6.541621e+00 -3.375070e+00 9.511034e+02 -1.524646e+00 
1.125000e+04 0.000000e+00 2.500000e+04 4.510083e-02 0.000000e+00 1.032431e-02 5.839736e+04 -1.367847e+05 -3.840127e+04 -6.140086e+00 -3.254816e+00 9.368073e+02 -7.989045e-01 
1.140625e+04 0.000000e+00 2.500000e+04 4.432845e-02 0.000000e+00 9.869558e-03 5.762098e+04 -1.349668e+05 -3.789073e+04 -5.427528e+00 -2.939871e+00 9.220438e+02 -1.568760e+00 
1.156250e+04 0.000000e+00 2.500000e+04 4.356663e-02 0.000000e+00 9.431956e-03 5.685705e+04 -1.331769e+05 -3.738839e+04 -5.919328e+00 -2.803342e+00 9.066674e+02 -2.750743e+00 
1.171875e+04 0.000000e+00 2.500000e+04 4.281519e-02 0.000000e+00 9.010669e-03 5.610667e+04 -1.314181e+05 -3.689494e+04 -6.974419e+00 -3.068062e+00 8.905513e+02 -2.689582e+00 
1.187500e+04 0.000000e+00 2.500000e+04 4.207386e-02 0.000000e+00 8.605044e-03 5.536849e+04 -1.296898e+05 -3.640953e+04 -6.100240e+00 -3.271644e+00 8.750325e+02 -1.687023e+00 
1.203125e+04 0.000000e+00 2.500000e+04 4.134242e-02 0.000000e+00 8.214485e-03 5.464367e+04 -1.279932e+05 -3.593290e+04 -4.946569e+00 -3.014207e+00 8.586611e+02 -1.224414e+00 
1.218750e+04 0.000000e+00 2.500000e+04 4.062074e-02 0.000000e+00 7.838340e-03 5.393156e+04 -1.263262e+05 -3.546462e+04 -3.882351e+00 -2.691290e+00 8.412431e+02 -1.784608e+00 
1.234375e+04 0.000000e+00 2.500000e+04 3.990869e-02 0.000000e+00 7.475982e-03 5.323424e+04 -1.246933e+05 -3.500608e+04 -3.326880e+00 -2.781484e+00 8.238017e+02 -2.347461e+00 
1.250000e+04 0.000000e+00 2.500000e+04 3.920599e-02 0.000000e+00 7.126803e-03 5.255142e+04 -1.230937e+05 -3.455706e+04 -3.526227e+00 -3.009529e+00 8.062831e+02 -1.884144e+00 
1.265625e+04 0.000000e+00 2.500000e+04 3.851243e-02 0.000000e+00 6.790265e-03 5.188211e+04 -1.215249e+05 -3.411694e+04 -4.518024e+00 -2.825714e+00 7.897919e+02 -6.575624e-01 
1.281250e+04 0.000000e+00 2.500000e+04 3.782780e-02 0.000000e+00 6.465919e-03 5.122673e+04 -1.199882e+05 -3.368596e+04 -6.015195e+00 -2.306007e+00 7.732703e+02 4.781503e-02 
1.296875e+04 0.000000e+00 2.500000e+04 3.715197e-02 0.000000e+00 6.153323e-03 5.058364e+04 -1.184812e+05 -3.326308e+04 -6.649106e+00 -1.809811e+00 7.572799e+02 -5.451285e-01 
1.312500e+04 0.000000e+00 2.500000e+04 3.648478e-02 0.000000e+00 5.852002e-03 4.995381e+04 -1.170053e+05 -3.284891e+04 -7.178248e+00 -1.574003e+00 7.422189e+02 -1.755655e+00 
1.328125e+04 0.000000e+00 2.500000e+04 3.582603e-02 0.000000e+00 5.561422e-03 4.933640e+04 -1.155594e+05 -3.244291e+04 -6.913235e+00 -1.639765e+00 7.257567e+02 -2.461108e+00 
1.343750e+04 0.000000e+00 2.500000e+04 3.517556e-02 0.000000e+00 5.281141e-03 4.873234e+04 -1.141456e+05 -3.204569e+04 -5.766044e+00 -1.821523e+00 7.088793e+02 -2.448237e+00 
1.359375e+04 0.000000e+00 2.500000e+04 3.453311e-02 0.000000e+00 5.010776e-03 4.814157e+04 -1.127629e+05 -3.165721e+04 -4.610628e+00 -1.802529e+00 6.926825e+02 -2.259493e+00 
1.375000e+04 0.000000e+00 2.500000e+04 3.389850e-02 0.000000e+00 4.749947e-03 4.756372e+04 -1.114106e+05 -3.127722e+04 -3.327337e+00 -1.640913e+00 6.769994e+02 -2.251424e+00 
1.390625e+04 0.000000e+00 2.500000e+04 3.327162e-02 0.000000e+00 4.498304e-03 4.699962e+04 -1.100906e+05 -3.090628e+04 -1.935666e+00 -1.731338e+00 6.613891e+02 -2.408870e+00 
1.406250e+04 0.000000e+00 2.500000e+04 3.265226e-02 0.000000e+00 4.255459e-03 4.644837e+04 -1.087997e+05 -3.054378e+04 -1.662184e+00 -1.681759e+00 6.456237e+02 -2.451269e+00 
1.421875e+04 0.000000e+00 2.500000e+04 3.204018e-02 0.000000e+00 4.021053e-03 4.591066e+04 -1.075390e+05 -3.019020e+04 -2.801031e+00 -1.092477e+00 6.305012e+02 -1.854897e+00 
1.437500e+04 0.000000e+00 2.500000e+04 3.143524e-02 0.000000e+00 3.794799e-03 4.538579e+04 -1.063081e+05 -2.984505e+04 -4.264611e+00 -5.049931e-01 6.156001e+02 -7.484382e-01 
1.453125e+04 0.000000e+00 2.500000e+04 3.083734e-02 0.000000e+00 3.576463e-03 4.487247e+04 -1.051046e+05 -2.950749e+04 -5.272057e+00 3.834921e-02 6.008189e+02 -1.270515e-01 
1.468750e+04 0.000000e+00 2.500000e+04 3.024621e-02 0.000000e+00 3.365777e-03 4.437154e+04 -1.039304e+05 -2.917809e+04 -6.128294e+00 1.065051e+00 5.864607e+02 -3.193562e-01 
1.484375e+04 0.000000e+00 2.500000e+04 2.966172e-02 0.000000e+00 3.162376e-03 4.388147e+04 -1.027812e+05 -2.885583e+04 -7.373299e+00 2.130498e+00 5.722560e+02 -5.685151e-01 
1.500000e+04 0.000000e+00 2.500000e+04 2.908384e-02 0.000000e+00 2.965991e-03 4.340121e+04 -1.016565e+05 -2.854001e+04 -7.065007e+00 2.410949e+00 5.581538e+02 -5.291543e-01 
1.515625e+04 0.000000e+00 2.500000e+04 2.851236e-02 0.000000e+00 2.776417e-03 4.293269e+04 -1.005612e+05 -2.823192e+04 -4.894150e+00 2.369848e+00 5.434914e+02 -6.338427e-01 
1.531250e+04 0.000000e+00 2.500000e+04 2.794699e-02 0.000000e+00 2.593363e-03 4.247667e+04 -9.949410e+04 -2.793205e+04 -3.853963e+00 3.012212e+00 5.288404e+02 -7.944932e-01 
1.546875e+04 0.000000e+00 2.500000e+04 2.738763e-02 0.000000e+00 2.416561e-03 4.203267e+04 -9.845337e+04 -2.764009e+04 -4.557221e+00 3.930354e+00 5.155649e+02 -4.261106e-01 
1.562500e+04 0.000000e+00 2.500000e+04 2.683422e-02 0.000000e+00 2.245836e-03 4.159856e+04 -9.743666e+04 -2.735462e+04 -4.414786e+00 4.137516e+00 5.029196e+02 1.905773e-01 
1.578125e+04 0.000000e+00 2.500000e+04 2.628659e-02 0.000000e+00 2.081015e-03 4.117560e+04 -9.644589e+04 -2.707649e+04 -4.420354e+00 3.965471e+00 4.904171e+02 3.433614e-01 
1.593750e+04 0.000000e+00 2.500000e+04 2.574450e-02 0.000000e+00 1.921871e-03 4.076397e+04 -9.548073e+04 -2.680581e+04 -5.374303e+00 4.272742e+00 4.782629e+02 2.643080e-01 
1.609375e+04 0.000000e+00 2.500000e+04 2.520784e-02 0.000000e+00 1.768176e-03 4.036155e+04 -9.453791e+04 -2.654118e+04 -5.561241e+00 4.950959e+00 4.656674e+02 5.055075e-01 
1.625000e+04 0.000000e+00 2.500000e+04 2.467653e-02 0.000000e+00 1.619760e-03 3.997009e+04 -9.362041e+04 -2.628376e+04 -6.111101e+00 5.203898e+00 4.529473e+02 8.102368e-01 
1.640625e+04 0.000000e+00 2.500000e+04 2.415043e-02 0.000000e+00 1.476478e-03 3.958875e+04 -9.272640e+04 -2.603300e+04 -6.847843e+00 4.852001e+00 4.414248e+02 6.483619e-01 
1.656250e+04 0.000000e+00 2.500000e+04 2.362939e-02 0.000000e+00 1.338160e-03 3.921597e+04 -9.185393e+04 -2.578786e+04 -6.122743e+00 4.475174e+00 4.305500e+02 1.498177e-01 
1.671875e+04 0.000000e+00 2.500000e+04 2.311324e-02 0.000000e+00 1.204613e-03 3.885220e+04 -9.100393e+04 -2.554865e+04 -4.020751e+00 4.354807e+00 4.185420e+02 -7.505786e-02 
1.687500e+04 0.000000e+00 2.500000e+04 2.260189e-02 0.000000e+00 1.075642e-03 3.849864e+04 -9.017730e+04 -2.531615e+04 -2.452801e+00 4.254747e+00 4.058847e+02 2.986742e-01 
1.703125e+04 0.000000e+00 2.500000e+04 2.209519e-02 0.000000e+00 9.510981e-04 3.815647e+04 -8.937492e+04 -2.509115e+04 -3.337445e+00 3.921564e+00 3.944815e+02 1.077004e+00 
1.718750e+04 0.000000e+00 2.500000e+04 2.159301e-02 0.000000e+00 8.308918e-04 3.782310e+04 -8.859301e+04 -2.487193e+04 -4.372256e+00 3.451541e+00 3.839508e+02 1.646787e+00 
1.734375e+04 0.000000e+00 2.500000e+04 2.109524e-02 0.000000e+00 7.149309e-04 3.749785e+04 -8.783180e+04 -2.465805e+04 -3.698821e+00 3.175672e+00 3.740076e+02 1.442098e+00 
1.750000e+04 0.000000e+00 2.500000e+04 2.060172e-02 0.000000e+00 6.030634e-04 3.718133e+04 -8.709132e+04 -2.444991e+04 -2.750299e+00 3.269397e+00 3.644135e+02 7.472289e-01 
1.765625e+04 0.000000e+00 2.500000e+04 2.011238e-02 0.000000e+00 4.951006e-04 3.687358e+04 -8.636985e+04 -2.424754e+04 -3.358662e+00 3.487192e+00 3.538794e+02 2.027688e-01 
1.781250e+04 0.000000e+00 2.500000e+04 1.962712e-02 0.000000e+00 3.909047e-04 3.657520e+04 -8.566902e+04 -2.405133e+04 -5.258397e+00 3.247590e+00 3.438365e+02 -1.457611e-01 
1.796875e+04 0.000000e+00 2.500000e+04 1.914582e-02 0.000000e+00 2.904216e-04 3.628505e+04 -8.498915e+04 -2.386053e+04 -5.460858e+00 2.424036e+00 3.353661e+02 -4.132832e-01 
1.812500e+04 0.000000e+00 2.500000e+04 1.866835e-02 0.000000e+00 1.935537e-04 3.600248e+04 -8.432867e+04 -2.367472e+04 -4.058582e+00 1.586140e+00 3.264271e+02 -4.906765e-01 
1.828125e+04 0.000000e+00 2.500000e+04 1.819456e-02 0.000000e+00 1.001313e-04 3.572783e+04 -8.368579e+04 -2.349411e+04 -3.585372e+00 1.166699e+00 3.165395e+02 -4.373271e-01 
1.843750e+04 0.000000e+00 2.500000e+04 1.772436e-02 0.000000e+00 1.006950e-05 3.546087e+04 -8.306093e+04 -2.331856e+04 -3.114687e+00 9.988358e-01 3.077585e+02 -4.412786e-01 
1.859375e+04 0.000000e+00 2.500000e+04 1.725768e-02 0.000000e+00 -7.669456e-05 3.520161e+04 -8.245498e+04 -2.314808e+04 -1.778823e+00 6.841919e-01 2.992283e+02 -6.087033e-01 
1.875000e+04 0.000000e+00 2.500000e+04 1.679442e-02 0.000000e+00 -1.602913e-04 3.495098e+04 -8.186835e+04 -2.298327e+04 -1.329319e+00 -3.091429e-02 2.903415e+02 -9.024115e-01 
1.890625e+04 0.000000e+00 2.500000e+04 1.633447e-02 0.000000e+00 -2.408127e-04 3.470849e+04 -8.129997e+04 -2.282381e+04 -1.703635e+00 -1.077282e+00 2.825650e+02 -1.102020e+00 
1.906250e+04 0.000000e+00 2.500000e+04 1.587772e-02 0.000000e+00 -3.183363e-04 3.447382e+04 -8.074960e+04 -2.266949e+04 -2.371886e+00 -1.962431e+00 2.745844e+02 -1.064035e+00 
1.921875e+04 0.000000e+00 2.500000e+04 1.542400e-02 0.000000e+00 -3.929734e-04 3.424826e+04 -8.021940e+04 -2.252117e+04 -4.223204e+00 -2.326491e+00 2.664077e+02 -6.021061e-01 
1.937500e+04 0.000000e+00 2.500000e+04 1.497323e-02 0.000000e+00 -4.647828e-04 3.402960e+04 -7.970596e+04 -2.237738e+04 -5.470190e+00 -2.354212e+00 2.582464e+02 2.736892e-01 
1.953125e+04 0.000000e+00 2.500000e+04 1.452535e-02 0.000000e+00 -5.338146e-04 3.381689e+04 -7.920741e+04 -2.223750e+04 -5.746831e+00 -2.365564e+00 2.493149e+02 8.394607e-01 
1.968750e+04 0.000000e+00 2.500000e+04 1.408026e-02 0.000000e+00 -6.001293e-04 3.361010e+04 -7.872415e+04 -2.210152e+04 -4.628766e+00 -2.517052e+00 2.410675e+02 6.329271e-01 
1.984375e+04 0.000000e+00 2.500000e+04 1.363788e-02 0.000000e+00 -6.637681e-04 3.340893e+04 -7.825591e+04 -2.196924e+04 -1.647262e+00 -2.741282e+00 2.331120e+02 9.409441e-03 
2.000000e+04 0.000000e+00 2.500000e+04 1.319812e-02 0.000000e+00 -7.248464e-04 3.321648e+04 -7.780543e+04 -2.184268e+04 -1.330308e+00 -2.884721e+00 2.237204e+02 -7.086674e-01 
2.015625e+04 0.000000e+00 2.500000e+04 1.276088e-02 0.000000e+00 -7.834667e-04 3.303112e+04 -7.737039e+04 -2.172079e+04 -2.163649e+00 -2.912269e+00 2.150374e+02 -1.272283e+00 
2.031250e+04 0.000000e+00 2.500000e+04 1.232608e-02 0.000000e+00 -8.396746e-04 3.285117e+04 -7.694989e+04 -2.160246e+04 -1.155114e+00 -2.865530e+00 2.072495e+02 -1.348323e+00 
2.046875e+04 0.000000e+00 2.500000e+04 1.189361e-02 0.000000e+00 -8.935527e-04 3.268008e+04 -7.654805e+04 -2.148995e+04 -2.233472e+00 -2.858414e+00 1.985708e+02 -1.014568e+00 
2.062500e+04 0.000000e+00 2.500000e+04 1.146339e-02 0.000000e+00 -9.451389e-04 3.251707e+04 -7.616337e+04 -2.138276e+04 -5.066081e+00 -2.915864e+00 1.913304e+02 -4.982286e-01 
2.078125e+04 0.000000e+00 2.500000e+04 1.103531e-02 0.000000e+00 -9.944344e-04 3.235893e+04 -7.579228e+04 -2.127877e+04 -5.742380e+00 -2.770737e+00 1.850082e+02 2.809176e-03 
2.093750e+04 0.000000e+00 2.500000e+04 1.060928e-02 0.000000e+00 -1.041507e-03 3.220535e+04 -7.543445e+04 -2.117778e+04 -3.825976e+00 -2.203137e+00 1.783776e+02 2.450955e-01 
2.109375e+04 0.000000e+00 2.500000e+04 1.018523e-02 0.000000e+00 -1.086404e-03 3.205724e+04 -7.509066e+04 -2.108038e+04 -6.765662e-01 -1.262251e+00 1.714459e+02 3.006876e-01 
2.125000e+04 0.000000e+00 2.500000e+04 9.763077e-03 0.000000e+00 -1.129186e-03 3.191645e+04 -7.476208e+04 -2.098780e+04 5.285414e-01 -1.608410e-01 1.633064e+02 2.087478e-01 
2.140625e+04 0.000000e+00 2.500000e+04 9.342763e-03 0.000000e+00 -1.169920e-03 3.178320e+04 -7.444834e+04 -2.090018e+04 -1.080292e+00 6.585262e-01 1.560172e+02 -1.047332e-01 
2.156250e+04 0.000000e+00 2.500000e+04 8.924222e-03 0.000000e+00 -1.208610e-03 3.165587e+04 -7.414919e+04 -2.081645e+04 -1.978814e+00 8.431364e-01 1.488435e+02 -4.905776e-01 
2.171875e+04 0.000000e+00 2.500000e+04 8.507362e-03 0.000000e+00 -1.245327e-03 3.153443e+04 -7.386450e+04 -2.073659e+04 -2.205153e+00 5.767477e-01 1.404241e+02 -7.028538e-01 
2.187500e+04 0.000000e+00 2.500000e+04 8.092094e-03 0.000000e+00 -1.280134e-03 3.141988e+04 -7.359469e+04 -2.066127e+04 -3.684699e+00 2.886364e-01 1.328423e+02 -3.768352e-01 
2.203125e+04 0.000000e+00 2.500000e+04 7.678300e-03 0.000000e+00 -1.313038e-03 3.131148e+04 -7.333976e+04 -2.058998e+04 -4.705040e+00 2.563407e-01 1.252341e+02 5.541370e-01 
2.218750e+04 0.000000e+00 2.500000e+04 7.265890e-03 0.000000e+00 -1.344069e-03 3.120824e+04 -7.309755e+04 -2.052209e+04 -5.068497e+00 5.909888e-01 1.176032e+02 1.597380e+00 
2.234375e+04 0.000000e+00 2.500000e+04 6.854816e-03 0.000000e+00 -1.373234e-03 3.111024e+04 -7.286819e+04 -2.045765e+04 -4.880285e+00 1.206257e+00 1.106945e+02 2.175919e+00 
2.250000e+04 0.000000e+00 2.500000e+04 6.444998e-03 0.000000e+00 -1.400533e-03 3.101755e+04 -7.265257e+04 -2.039670e+04 -3.378480e+00 1.850739e+00 1.034233e+02 2.024881e+00 
2.265625e+04 0.000000e+00 2.500000e+04 6.036379e-03 0.000000e+00 -1.426027e-03 3.092961e+04 -7.244827e+04 -2.033887e+04 -1.703592e+00 2.389968e+00 9.615740e+01 1.588056e+00 
2.281250e+04 0.000000e+00 2.500000e+04 5.628903e-03 0.000000e+00 -1.449773e-03 3.084784e+04 -7.225751e+04 -2.028510e+04 -9.059587e-01 2.831932e+00 8.929871e+01 1.557923e+00 
2.296875e+04 0.000000e+00 2.500000e+04 5.222451e-03 0.000000e+00 -1.471782e-03 3.077391e+04 -7.208282e+04 -2.023648e+04 -2.416912e+00 3.132758e+00 8.278795e+01 1.918921e+00 
2.312500e+04 0.000000e+00 2.500000e+04 4.816953e-03 0.000000e+00 -1.492037e-03 3.070546e+04 -7.191980e+04 -2.019147e+04 -5.114392e+00 3.312232e+00 7.641447e+01 2.116411e+00 
2.328125e+04 0.000000e+00 2.500000e+04 4.412378e-03 0.000000e+00 -1.510561e-03 3.064068e+04 -7.176788e+04 -2.014888e+04 -5.294356e+00 3.395439e+00 7.079709e+01 1.706794e+00 
2.343750e+04 0.000000e+00 2.500000e+04 4.008633e-03 0.000000e+00 -1.527370e-03 3.058051e+04 -7.162891e+04 -2.010931e+04 -3.314818e+00 3.276330e+00 6.489733e+01 5.497879e-01 
2.359375e+04 0.000000e+00 2.500000e+04 3.605658e-03 0.000000e+00 -1.542519e-03 3.052582e+04 -7.150222e+04 -2.007334e+04 -1.890341e+00 2.945461e+00 5.792431e+01 -9.525067e-01 
2.375000e+04 0.000000e+00 2.500000e+04 3.203381e-03 0.000000e+00 -1.556064e-03 3.047817e+04 -7.139075e+04 -2.004201e+04 -1.745868e+00 2.447531e+00 5.138408e+01 -1.839418e+00 
2.390625e+04 0.000000e+00 2.500000e+04 2.801687e-03 0.000000e+00 -1.568015e-03 3.043679e+04 -7.129356e+04 -2.001480e+04 -2.025054e+00 1.837358e+00 4.494482e+01 -1.616274e+00 
2.406250e+04 0.000000e+00 2.500000e+04 2.400509e-03 0.000000e+00 -1.578385e-03 3.039973e+04 -7.120721e+04 -1.999043e+04 -1.561571e+00 1.382363e+00 3.819104e+01 -6.962739e-01 
2.421875e+04 0.000000e+00 2.500000e+04 1.999767e-03 0.000000e+00 -1.587162e-03 3.036873e+04 -7.113578e+04 -1.997005e+04 -3.819202e-01 1.284305e+00 3.055025e+01 4.365068e-01 
2.437500e+04 0.000000e+00 2.500000e+04 1.599347e-03 0.000000e+00 -1.594365e-03 3.034521e+04 -7.108010e+04 -1.995458e+04 -9.601404e-01 1.427699e+00 2.224988e+01 1.365544e+00 
2.453125e+04 0.000000e+00 2.500000e+04 1.199197e-03 0.000000e+00 -1.599957e-03 3.032769e+04 -7.103651e+04 -1.994306e+04 -3.510178e+00 1.581741e+00 1.630285e+01 1.515978e+00 
2.468750e+04 0.000000e+00 2.500000e+04 7.992752e-04 0.000000e+00 -1.603870e-03 3.031347e+04 -7.100323e+04 -1.993371e+04 -3.477006e+00 1.486244e+00 1.181266e+01 4.351918e-01 
2.484375e+04 0.000000e+00 2.500000e+04 3.995483e-04 0.000000e+00 -1.606141e-03 3.030277e+04 -7.097962e+04 -1.992667e+04 -2.018071e+00 9.314116e-01 5.917008e+00 -2.569835e+00 
2.500000e+04 0.000000e+00 2.500000e+04 0.000000e+00 0.000000e+00 -1.606752e-03 3.029874e+04 -7.097027e+04 -1.992402e+04 -1.930295e+00 5.237781e-01 2.581593e+00 -4.686689e+00 
