#1 2 3  4 
#z w p zz 
0.000000e+00 0.000000e+00 -7.312474e+03 1.964510e+04 
1.562500e+02 1.159390e-04 -7.315418e+03 1.964703e+04 
3.125000e+02 2.318845e-04 -7.321095e+03 1.964907e+04 
4.687500e+02 3.477735e-04 -7.328774e+03 1.965178e+04 
6.250000e+02 4.636442e-04 -7.339978e+03 1.965686e+04 
7.812500e+02 5.794867e-04 -7.354654e+03 1.966269e+04 
9.375000e+02 6.953070e-04 -7.372024e+03 1.966779e+04 
1.093750e+03 8.110448e-04 -7.391578e+03 1.967274e+04 
1.250000e+03 9.267201e-04 -7.415412e+03 1.968207e+04 
1.406250e+03 1.042405e-03 -7.444313e+03 1.969542e+04 
1.562500e+03 1.158074e-03 -7.477868e+03 1.971066e+04 
1.718750e+03 1.273680e-03 -7.513224e+03 1.972281e+04 
1.875000e+03 1.389146e-03 -7.551281e+03 1.973354e+04 
2.031250e+03 1.504473e-03 -7.594203e+03 1.974737e+04 
2.187500e+03 1.619638e-03 -7.640924e+03 1.976262e+04 
2.343750e+03 1.734672e-03 -7.691120e+03 1.977874e+04 
2.500000e+03 1.849620e-03 -7.742720e+03 1.979322e+04 
2.656250e+03 1.964442e-03 -7.797071e+03 1.980824e+04 
2.812500e+03 2.079115e-03 -7.855728e+03 1.982481e+04 
2.968750e+03 2.193567e-03 -7.919589e+03 1.984350e+04 
3.125000e+03 2.307831e-03 -7.987919e+03 1.986368e+04 
3.281250e+03 2.421864e-03 -8.058250e+03 1.988215e+04 
3.437500e+03 2.535643e-03 -8.132578e+03 1.990171e+04 
3.593750e+03 2.649170e-03 -8.213827e+03 1.992610e+04 
3.750000e+03 2.762487e-03 -8.299746e+03 1.995219e+04 
3.906250e+03 2.875591e-03 -8.385866e+03 1.997316e+04 
4.062500e+03 2.988431e-03 -8.476294e+03 1.999501e+04 
4.218750e+03 3.101044e-03 -8.571638e+03 2.001670e+04 
4.375000e+03 3.213308e-03 -8.668844e+03 2.003299e+04 
4.531250e+03 3.325139e-03 -8.770793e+03 2.004963e+04 
4.687500e+03 3.436518e-03 -8.878260e+03 2.006708e+04 
4.843750e+03 3.547442e-03 -8.990728e+03 2.008441e+04 
5.000000e+03 3.657905e-03 -9.106920e+03 2.009987e+04 
5.156250e+03 3.767869e-03 -9.226337e+03 2.011196e+04 
5.312500e+03 3.877332e-03 -9.351963e+03 2.012424e+04 
5.468750e+03 3.986274e-03 -9.482966e+03 2.013577e+04 
5.625000e+03 4.094616e-03 -9.614333e+03 2.013946e+04 
5.781250e+03 4.202286e-03 -9.749627e+03 2.013840e+04 
5.937500e+03 4.309234e-03 -9.893991e+03 2.013888e+04 
6.093750e+03 4.415359e-03 -1.004489e+04 2.013758e+04 
6.250000e+03 4.520636e-03 -1.019906e+04 2.012997e+04 
6.406250e+03 4.625061e-03 -1.035704e+04 2.011649e+04 
6.562500e+03 4.728561e-03 -1.052286e+04 2.010137e+04 
6.718750e+03 4.831042e-03 -1.069560e+04 2.008220e+04 
6.875000e+03 4.932440e-03 -1.087041e+04 2.005184e+04 
7.031250e+03 5.032661e-03 -1.104942e+04 2.001331e+04 
7.187500e+03 5.131645e-03 -1.123672e+04 1.997202e+04 
7.343750e+03 5.229341e-03 -1.143130e+04 1.992446e+04 
7.500000e+03 5.325608e-03 -1.163040e+04 1.986523e+04 
7.656250e+03 5.420286e-03 -1.183568e+04 1.979561e+04 
7.812500e+03 5.513265e-03 -1.205005e+04 1.971972e+04 
7.968750e+03 5.604481e-03 -1.227036e+04 1.963385e+04 
8.125000e+03 5.693859e-03 -1.249699e+04 1.953772e+04 
8.281250e+03 5.781323e-03 -1.273034e+04 1.942979e+04 
8.437500e+03 5.866641e-03 -1.297030e+04 1.930814e+04 
8.593750e+03 5.949707e-03 -1.322089e+04 1.917703e+04 
8.750000e+03 6.030461e-03 -1.347717e+04 1.902706e+04 
8.906250e+03 6.108602e-03 -1.373935e+04 1.885717e+04 
9.062500e+03 6.183969e-03 -1.401392e+04 1.867519e+04 
9.218750e+03 6.256401e-03 -1.429704e+04 1.847333e+04 
9.375000e+03 6.325655e-03 -1.458468e+04 1.824365e+04 
9.531250e+03 6.391525e-03 -1.488024e+04 1.798946e+04 
9.687500e+03 6.453780e-03 -1.518930e+04 1.771885e+04 
9.843750e+03 6.512224e-03 -1.550893e+04 1.742580e+04 
1.000000e+04 6.566621e-03 -1.583450e+04 1.710019e+04 
1.015625e+04 6.616674e-03 -1.616953e+04 1.674288e+04 
1.031250e+04 6.662049e-03 -1.651801e+04 1.635616e+04 
1.046875e+04 6.702452e-03 -1.687843e+04 1.593664e+04 
1.062500e+04 6.737550e-03 -1.724822e+04 1.547825e+04 
1.078125e+04 6.766992e-03 -1.762820e+04 1.497710e+04 
1.093750e+04 6.790354e-03 -1.801905e+04 1.442946e+04 
1.109375e+04 6.807205e-03 -1.842182e+04 1.383364e+04 
1.125000e+04 6.817089e-03 -1.883912e+04 1.318857e+04 
1.140625e+04 6.819565e-03 -1.927133e+04 1.248959e+04 
1.156250e+04 6.814098e-03 -1.971460e+04 1.172584e+04 
1.171875e+04 6.800083e-03 -2.017118e+04 1.089459e+04 
1.187500e+04 6.776951e-03 -2.064450e+04 9.994934e+03 
1.203125e+04 6.743982e-03 -2.113377e+04 9.019260e+03 
1.218750e+04 6.700538e-03 -2.163782e+04 7.958082e+03 
1.234375e+04 6.645756e-03 -2.215540e+04 6.801285e+03 
1.250000e+04 6.578864e-03 -2.268898e+04 5.544241e+03 
1.265625e+04 6.498969e-03 -2.324172e+04 4.181394e+03 
1.281250e+04 6.405041e-03 -2.381341e+04 2.701834e+03 
1.296875e+04 6.296095e-03 -2.440156e+04 1.090347e+03 
1.312500e+04 6.170915e-03 -2.500847e+04 -6.624153e+02 
1.328125e+04 6.028319e-03 -2.563812e+04 -2.564524e+03 
1.343750e+04 5.866917e-03 -2.628843e+04 -4.635923e+03 
1.359375e+04 5.685194e-03 -2.695896e+04 -6.896000e+03 
1.375000e+04 5.481541e-03 -2.765289e+04 -9.358604e+03 
1.390625e+04 5.254136e-03 -2.837040e+04 -1.204349e+04 
1.406250e+04 5.001060e-03 -2.911339e+04 -1.497173e+04 
1.421875e+04 4.720155e-03 -2.988459e+04 -1.816732e+04 
1.437500e+04 4.409107e-03 -3.068079e+04 -2.166561e+04 
1.453125e+04 4.065240e-03 -3.150200e+04 -2.549987e+04 
1.468750e+04 3.685711e-03 -3.235461e+04 -2.969818e+04 
1.484375e+04 3.267349e-03 -3.324007e+04 -3.430106e+04 
1.500000e+04 2.806644e-03 -3.415733e+04 -3.935946e+04 
1.515625e+04 2.299656e-03 -3.510794e+04 -4.492736e+04 
1.531250e+04 1.741958e-03 -3.609348e+04 -5.106469e+04 
1.546875e+04 1.128713e-03 -3.711658e+04 -5.783925e+04 
1.562500e+04 4.543847e-04 -3.818195e+04 -6.532597e+04 
1.578125e+04 -2.871678e-04 -3.928717e+04 -7.362265e+04 
1.593750e+04 -1.102921e-03 -4.043196e+04 -8.284011e+04 
1.609375e+04 -2.000732e-03 -4.162331e+04 -9.309577e+04 
1.625000e+04 -2.989529e-03 -4.286316e+04 -1.045355e+05 
1.640625e+04 -4.079468e-03 -4.415444e+04 -1.173294e+05 
1.656250e+04 -5.282199e-03 -4.550046e+04 -1.316777e+05 
1.671875e+04 -6.611072e-03 -4.690296e+04 -1.478209e+05 
1.687500e+04 -8.081522e-03 -4.836781e+04 -1.660404e+05 
1.703125e+04 -9.711436e-03 -4.990024e+04 -1.866766e+05 
1.718750e+04 -1.152169e-02 -5.150442e+04 -2.101456e+05 
1.734375e+04 -1.353675e-02 -5.318244e+04 -2.369587e+05 
1.750000e+04 -1.578560e-02 -5.494286e+04 -2.677339e+05 
1.765625e+04 -1.830256e-02 -5.679893e+04 -3.032327e+05 
1.781250e+04 -2.112887e-02 -5.875716e+04 -3.444217e+05 
1.796875e+04 -2.431426e-02 -6.083042e+04 -3.925204e+05 
1.812500e+04 -2.791944e-02 -6.303952e+04 -4.490874e+05 
1.828125e+04 -3.201920e-02 -6.540672e+04 -5.161503e+05 
1.843750e+04 -3.670689e-02 -6.796489e+04 -5.963759e+05 
1.859375e+04 -4.210029e-02 -7.076064e+04 -6.933407e+05 
1.875000e+04 -4.835066e-02 -7.386750e+04 -8.119356e+05 
1.890625e+04 -5.565543e-02 -7.740328e+04 -9.590109e+05 
1.906250e+04 -6.427817e-02 -8.157200e+04 -1.144440e+06 
1.921875e+04 -7.457994e-02 -8.670493e+04 -1.383004e+06 
1.937500e+04 -8.707060e-02 -9.376377e+04 -1.697793e+06 
1.953125e+04 -1.025171e-01 -1.029422e+05 -2.128278e+06 
1.968750e+04 -1.220549e-01 -1.303463e+05 -2.743348e+06 
1.984375e+04 -1.482866e-01 -7.627913e+04 -3.704184e+06 
2.000000e+04 -1.801624e-01 -4.952477e+06 3.703885e+06 
2.015625e+04 -1.398596e-01 -9.846688e+06 1.146805e+07 
2.031250e+04 -1.004797e-01 -9.864021e+06 1.139538e+07 
2.046875e+04 -6.198455e-02 -9.923177e+06 1.159445e+07 
2.062500e+04 -2.213105e-02 -9.906281e+06 1.162558e+07 
2.078125e+04 1.781024e-02 -9.908810e+06 1.162537e+07 
2.093750e+04 5.771332e-02 -9.913296e+06 1.162580e+07 
2.109375e+04 9.763208e-02 -9.918532e+06 1.163197e+07 
2.125000e+04 1.375778e-01 -9.924543e+06 1.164387e+07 
2.140625e+04 1.776043e-01 -9.932585e+06 1.165641e+07 
2.156250e+04 2.175850e-01 -9.960176e+06 1.163762e+07 
2.171875e+04 2.562484e-01 -9.911887e+06 1.145087e+07 
2.187500e+04 2.958367e-01 -9.905648e+06 1.153585e+07 
2.203125e+04 3.363865e-01 -5.022817e+06 3.783977e+06 
2.218750e+04 3.047945e-01 -1.583426e+05 -3.611835e+06 
2.234375e+04 2.788811e-01 -2.245413e+05 -2.638799e+06 
2.250000e+04 2.596935e-01 -2.097446e+05 -2.011615e+06 
2.265625e+04 2.446255e-01 -2.137262e+05 -1.569133e+06 
2.281250e+04 2.325376e-01 -2.204611e+05 -1.242517e+06 
2.296875e+04 2.226578e-01 -2.298484e+05 -9.923565e+05 
2.312500e+04 2.144702e-01 -2.410281e+05 -7.956424e+05 
2.328125e+04 2.076063e-01 -2.537826e+05 -6.376954e+05 
2.343750e+04 2.017939e-01 -2.680364e+05 -5.087745e+05 
2.359375e+04 1.968247e-01 -2.838188e+05 -4.022001e+05 
2.375000e+04 1.925345e-01 -3.012231e+05 -3.132946e+05 
2.390625e+04 1.887896e-01 -3.203925e+05 -2.387509e+05 
2.406250e+04 1.854776e-01 -3.415175e+05 -1.762403e+05 
2.421875e+04 1.825002e-01 -3.648322e+05 -1.241733e+05 
2.437500e+04 1.797680e-01 -3.906147e+05 -8.155139e+04 
2.453125e+04 1.771959e-01 -4.192048e+05 -4.786730e+04 
2.468750e+04 1.746991e-01 -4.510105e+05 -2.307166e+04 
2.484375e+04 1.721892e-01 -4.865169e+05 -7.580916e+03 
2.500000e+04 1.695700e-01 -5.052614e+05 -2.243496e+03 
