#1 2 3  4 
#z w p zz 
0.000000e+00 0.000000e+00 -7.104540e+03 1.891954e+04 
3.906250e+02 2.784707e-04 -7.112781e+03 1.892294e+04 
7.812500e+02 5.566973e-04 -7.141229e+03 1.893510e+04 
1.171875e+03 8.348592e-04 -7.188718e+03 1.895033e+04 
1.562500e+03 1.112621e-03 -7.258482e+03 1.897379e+04 
1.953125e+03 1.390017e-03 -7.355101e+03 1.901251e+04 
2.343750e+03 1.666768e-03 -7.468314e+03 1.904787e+04 
2.734375e+03 1.942648e-03 -7.599803e+03 1.908010e+04 
3.125000e+03 2.217349e-03 -7.755119e+03 1.911739e+04 
3.515625e+03 2.490610e-03 -7.935402e+03 1.916005e+04 
3.906250e+03 2.762360e-03 -8.143716e+03 1.920978e+04 
4.296875e+03 3.032237e-03 -8.372963e+03 1.925157e+04 
4.687500e+03 3.299646e-03 -8.623635e+03 1.928283e+04 
5.078125e+03 3.564442e-03 -8.901486e+03 1.930725e+04 
5.468750e+03 3.825853e-03 -9.209652e+03 1.932257e+04 
5.859375e+03 4.083166e-03 -9.545134e+03 1.931851e+04 
6.250000e+03 4.335470e-03 -9.904477e+03 1.928309e+04 
6.640625e+03 4.581995e-03 -1.029700e+04 1.922152e+04 
7.031250e+03 4.821882e-03 -1.073106e+04 1.913706e+04 
7.421875e+03 5.054031e-03 -1.120289e+04 1.901229e+04 
7.812500e+03 5.276934e-03 -1.170793e+04 1.882615e+04 
8.203125e+03 5.488795e-03 -1.225080e+04 1.856866e+04 
8.593750e+03 5.687524e-03 -1.283835e+04 1.823029e+04 
8.984375e+03 5.870889e-03 -1.347606e+04 1.780044e+04 
9.375000e+03 6.036314e-03 -1.416438e+04 1.725681e+04 
9.765625e+03 6.180678e-03 -1.490689e+04 1.657471e+04 
1.015625e+04 6.300291e-03 -1.570777e+04 1.572441e+04 
1.054688e+04 6.390621e-03 -1.657156e+04 1.466943e+04 
1.093750e+04 6.446399e-03 -1.750511e+04 1.336879e+04 
1.132812e+04 6.461410e-03 -1.851475e+04 1.177200e+04 
1.171875e+04 6.428422e-03 -1.960441e+04 9.809771e+03 
1.210938e+04 6.338266e-03 -2.078503e+04 7.405705e+03 
1.250000e+04 6.180091e-03 -2.206098e+04 4.452311e+03 
1.289062e+04 5.940541e-03 -2.344321e+04 8.252563e+02 
1.328125e+04 5.603884e-03 -2.494777e+04 -3.629379e+03 
1.367188e+04 5.149963e-03 -2.657914e+04 -9.135089e+03 
1.406250e+04 4.553716e-03 -2.835896e+04 -1.595565e+04 
1.445312e+04 3.784287e-03 -3.030940e+04 -2.444377e+04 
1.484375e+04 2.802153e-03 -3.244778e+04 -3.508557e+04 
1.523438e+04 1.556046e-03 -3.480066e+04 -4.853554e+04 
1.562500e+04 -2.028661e-05 -3.740443e+04 -6.569588e+04 
1.601562e+04 -2.015217e-03 -4.030684e+04 -8.783998e+04 
1.640625e+04 -4.548374e-03 -4.357212e+04 -1.168126e+05 
1.679688e+04 -7.784987e-03 -4.729275e+04 -1.553663e+05 
1.718750e+04 -1.195972e-02 -5.162107e+04 -2.077416e+05 
1.757812e+04 -1.741787e-02 -5.681458e+04 -2.807693e+05 
1.796875e+04 -2.468742e-02 -6.343813e+04 -3.860011e+05 
1.835938e+04 -3.462560e-02 -7.247409e+04 -5.445764e+05 
1.875000e+04 -4.869583e-02 -8.868792e+04 -7.981502e+05 
1.914062e+04 -6.993796e-02 -1.131593e+05 -1.248123e+06 
1.953125e+04 -1.038950e-01 -3.301972e+05 -2.191490e+06 
1.992188e+04 -1.869350e-01 -4.747890e+06 3.239334e+06 
2.031250e+04 -7.730474e-02 -9.659022e+06 1.058912e+07 
2.070312e+04 1.069039e-04 -1.005919e+07 1.162965e+07 
2.109375e+04 1.041482e-01 -9.838900e+06 1.160983e+07 
2.148438e+04 2.078744e-01 -9.892025e+06 1.211872e+07 
2.187500e+04 3.268128e-01 -5.004627e+06 4.750347e+06 
2.226562e+04 2.689020e-01 -2.001803e+05 -2.265357e+06 
2.265625e+04 2.304628e-01 -2.454079e+05 -1.281159e+06 
2.304688e+04 2.077632e-01 -2.403107e+05 -7.579447e+05 
2.343750e+04 1.928849e-01 -2.643943e+05 -4.444890e+05 
2.382812e+04 1.826503e-01 -3.002115e+05 -2.448224e+05 
2.421875e+04 1.751108e-01 -3.487320e+05 -1.150504e+05 
2.460938e+04 1.689177e-01 -4.122249e+05 -3.790248e+04 
2.500000e+04 1.628564e-01 -4.481829e+05 -1.145154e+04 
