#1 2 3  4 
#z w p zz 
0.000000e+00 0.000000e+00 -7.300989e+03 1.953906e+04 
1.953125e+02 1.440367e-04 -7.303349e+03 1.953887e+04 
3.906250e+02 2.879862e-04 -7.308582e+03 1.953637e+04 
5.859375e+02 4.318259e-04 -7.320934e+03 1.953958e+04 
7.812500e+02 5.755976e-04 -7.341653e+03 1.955098e+04 
9.765625e+02 7.194054e-04 -7.364529e+03 1.956001e+04 
1.171875e+03 8.631459e-04 -7.391252e+03 1.956923e+04 
1.367188e+03 1.006796e-03 -7.423323e+03 1.958014e+04 
1.562500e+03 1.150264e-03 -7.463269e+03 1.959479e+04 
1.757812e+03 1.293572e-03 -7.510484e+03 1.961311e+04 
1.953125e+03 1.436772e-03 -7.558594e+03 1.962621e+04 
2.148438e+03 1.579839e-03 -7.613281e+03 1.964295e+04 
2.343750e+03 1.722793e-03 -7.675530e+03 1.966357e+04 
2.539062e+03 1.865489e-03 -7.741014e+03 1.968098e+04 
2.734375e+03 2.007831e-03 -7.812569e+03 1.969965e+04 
2.929688e+03 2.149809e-03 -7.890338e+03 1.971939e+04 
3.125000e+03 2.291443e-03 -7.973681e+03 1.974153e+04 
3.320312e+03 2.432840e-03 -8.062664e+03 1.976612e+04 
3.515625e+03 2.573983e-03 -8.159555e+03 1.979386e+04 
3.710938e+03 2.714768e-03 -8.262983e+03 1.982137e+04 
3.906250e+03 2.855107e-03 -8.370732e+03 1.984555e+04 
4.101562e+03 2.994952e-03 -8.484151e+03 1.986923e+04 
4.296875e+03 3.134242e-03 -8.601271e+03 1.988862e+04 
4.492188e+03 3.272921e-03 -8.724968e+03 1.990679e+04 
4.687500e+03 3.410990e-03 -8.859900e+03 1.992968e+04 
4.882812e+03 3.548455e-03 -9.000458e+03 1.994789e+04 
5.078125e+03 3.685194e-03 -9.145440e+03 1.996017e+04 
5.273438e+03 3.821099e-03 -9.298812e+03 1.997122e+04 
5.468750e+03 3.956021e-03 -9.460110e+03 1.997921e+04 
5.664062e+03 4.089876e-03 -9.628795e+03 1.998380e+04 
5.859375e+03 4.222639e-03 -9.803484e+03 1.998066e+04 
6.054688e+03 4.354164e-03 -9.985701e+03 1.997231e+04 
6.250000e+03 4.484397e-03 -1.017705e+04 1.996201e+04 
6.445312e+03 4.613331e-03 -1.037704e+04 1.994542e+04 
6.640625e+03 4.740857e-03 -1.058558e+04 1.991860e+04 
6.835938e+03 4.866689e-03 -1.080137e+04 1.987809e+04 
7.031250e+03 4.990556e-03 -1.102671e+04 1.982859e+04 
7.226562e+03 5.112343e-03 -1.126239e+04 1.977004e+04 
7.421875e+03 5.231887e-03 -1.150730e+04 1.969835e+04 
7.617188e+03 5.349081e-03 -1.176153e+04 1.961355e+04 
7.812500e+03 5.463787e-03 -1.202615e+04 1.951474e+04 
8.007812e+03 5.575766e-03 -1.230302e+04 1.940181e+04 
8.203125e+03 5.684754e-03 -1.258864e+04 1.926735e+04 
8.398438e+03 5.790456e-03 -1.288550e+04 1.911300e+04 
8.593750e+03 5.892587e-03 -1.319606e+04 1.894052e+04 
8.789062e+03 5.990837e-03 -1.351633e+04 1.874139e+04 
8.984375e+03 6.085000e-03 -1.384949e+04 1.851643e+04 
9.179688e+03 6.174615e-03 -1.419776e+04 1.826419e+04 
9.375000e+03 6.259263e-03 -1.455675e+04 1.797452e+04 
9.570312e+03 6.338579e-03 -1.492804e+04 1.764650e+04 
9.765625e+03 6.412100e-03 -1.531741e+04 1.728575e+04 
9.960938e+03 6.479394e-03 -1.572187e+04 1.688456e+04 
1.015625e+04 6.539941e-03 -1.613852e+04 1.643223e+04 
1.035156e+04 6.593079e-03 -1.657306e+04 1.592887e+04 
1.054688e+04 6.638104e-03 -1.702667e+04 1.537097e+04 
1.074219e+04 6.674352e-03 -1.749617e+04 1.475041e+04 
1.093750e+04 6.701170e-03 -1.798372e+04 1.406228e+04 
1.113281e+04 6.717740e-03 -1.849013e+04 1.329701e+04 
1.132812e+04 6.723151e-03 -1.901505e+04 1.244463e+04 
1.152344e+04 6.716389e-03 -1.956308e+04 1.150266e+04 
1.171875e+04 6.696289e-03 -2.013458e+04 1.046217e+04 
1.191406e+04 6.661819e-03 -2.072302e+04 9.300825e+03 
1.210938e+04 6.611511e-03 -2.133456e+04 8.012217e+03 
1.230469e+04 6.543873e-03 -2.197497e+04 6.589282e+03 
1.250000e+04 6.457352e-03 -2.264182e+04 5.013114e+03 
1.269531e+04 6.350223e-03 -2.333482e+04 3.265790e+03 
1.289062e+04 6.220655e-03 -2.405345e+04 1.324466e+03 
1.308594e+04 6.066389e-03 -2.480214e+04 -8.299538e+02 
1.328125e+04 5.885008e-03 -2.558579e+04 -3.217494e+03 
1.347656e+04 5.673937e-03 -2.640085e+04 -5.872911e+03 
1.367188e+04 5.430084e-03 -2.724713e+04 -8.831754e+03 
1.386719e+04 5.150163e-03 -2.813067e+04 -1.212577e+04 
1.406250e+04 4.830397e-03 -2.905508e+04 -1.579488e+04 
1.425781e+04 4.466666e-03 -3.001981e+04 -1.989217e+04 
1.445312e+04 4.054180e-03 -3.102459e+04 -2.447791e+04 
1.464844e+04 3.587676e-03 -3.207684e+04 -2.960992e+04 
1.484375e+04 3.061168e-03 -3.317831e+04 -3.536819e+04 
1.503906e+04 2.467696e-03 -3.433070e+04 -4.184535e+04 
1.523438e+04 1.799427e-03 -3.553531e+04 -4.915016e+04 
1.542969e+04 1.047247e-03 -3.679423e+04 -5.741043e+04 
1.562500e+04 2.007528e-04 -3.811720e+04 -6.676610e+04 
1.582031e+04 -7.520123e-04 -3.950726e+04 -7.739764e+04 
1.601562e+04 -1.825047e-03 -4.096612e+04 -8.952432e+04 
1.621094e+04 -3.034669e-03 -4.249798e+04 -1.034069e+05 
1.640625e+04 -4.400055e-03 -4.410905e+04 -1.193617e+05 
1.660156e+04 -5.943816e-03 -4.581224e+04 -1.377686e+05 
1.679688e+04 -7.692829e-03 -4.761165e+04 -1.591166e+05 
1.699219e+04 -9.679551e-03 -4.951328e+04 -1.840163e+05 
1.718750e+04 -1.194299e-02 -5.153251e+04 -2.132273e+05 
1.738281e+04 -1.453087e-02 -5.368320e+04 -2.477297e+05 
1.757812e+04 -1.750192e-02 -5.598256e+04 -2.887949e+05 
1.777344e+04 -2.092947e-02 -5.845743e+04 -3.380901e+05 
1.796875e+04 -2.490591e-02 -6.113964e+04 -3.978529e+05 
1.816406e+04 -2.954985e-02 -6.407775e+04 -4.711316e+05 
1.835938e+04 -3.501569e-02 -6.735198e+04 -5.621698e+05 
1.855469e+04 -4.150903e-02 -7.108466e+04 -6.770592e+05 
1.875000e+04 -4.931000e-02 -7.548434e+04 -8.248323e+05 
1.894531e+04 -5.881264e-02 -8.098806e+04 -1.019436e+06 
1.914062e+04 -7.059444e-02 -8.840953e+04 -1.283824e+06 
1.933594e+04 -8.554508e-02 -1.010416e+05 -1.658929e+06 
1.953125e+04 -1.052352e-01 -1.212908e+05 -2.232370e+06 
1.972656e+04 -1.324069e-01 -2.953304e+05 -3.258938e+06 
1.992188e+04 -1.822261e-01 -4.755794e+06 2.422145e+06 
2.011719e+04 -1.354103e-01 -9.638671e+06 1.002269e+07 
2.031250e+04 -9.864947e-02 -1.006907e+07 1.145099e+07 
2.050781e+04 -4.909392e-02 -9.904374e+06 1.164050e+07 
2.070312e+04 1.320964e-03 -9.905672e+06 1.168109e+07 
2.089844e+04 5.185042e-02 -9.915621e+06 1.171974e+07 
2.109375e+04 1.027101e-01 -9.922065e+06 1.172731e+07 
2.128906e+04 1.533049e-01 -9.925049e+06 1.170379e+07 
2.148438e+04 2.038500e-01 -9.936823e+06 1.167833e+07 
2.167969e+04 2.535993e-01 -1.011483e+07 1.150394e+07 
2.187500e+04 2.906154e-01 -9.698071e+06 1.009074e+07 
2.207031e+04 3.377455e-01 -4.829281e+06 2.505251e+06 
2.226562e+04 2.882956e-01 -3.834610e+05 -3.160840e+06 
2.246094e+04 2.615437e-01 -2.247494e+05 -2.119394e+06 
2.265625e+04 2.423174e-01 -2.206484e+05 -1.531258e+06 
2.285156e+04 2.278670e-01 -2.251452e+05 -1.141729e+06 
2.304688e+04 2.166117e-01 -2.360121e+05 -8.633092e+05 
2.324219e+04 2.076492e-01 -2.501516e+05 -6.552501e+05 
2.343750e+04 2.003861e-01 -2.669856e+05 -4.948331e+05 
2.363281e+04 1.944079e-01 -2.863593e+05 -3.684166e+05 
2.382812e+04 1.894089e-01 -3.083835e+05 -2.673978e+05 
2.402344e+04 1.851505e-01 -3.333167e+05 -1.862598e+05 
2.421875e+04 1.814364e-01 -3.615464e+05 -1.215167e+05 
2.441406e+04 1.780942e-01 -3.935854e+05 -7.115191e+04 
2.460938e+04 1.749617e-01 -4.300816e+05 -3.433920e+04 
2.480469e+04 1.718753e-01 -4.718538e+05 -1.132880e+04 
2.500000e+04 1.686576e-01 -4.941735e+05 -3.371271e+03 
