2.500000e+03 2.500000e+03 0.000000e+00 2.866917e-04 2.658076e-04 -3.419361e-03 2.866917e-04 2.658076e-04 -3.419361e-03 
2.500000e+03 2.500000e+03 7.812500e+01 2.771538e-04 2.561326e-04 -3.430087e-03 2.773782e-04 2.563239e-04 -3.430156e-03 
2.500000e+03 2.500000e+03 1.562500e+02 2.664704e-04 2.453706e-04 -3.440026e-03 2.669108e-04 2.457459e-04 -3.440134e-03 
2.500000e+03 2.500000e+03 2.343750e+02 2.545697e-04 2.334564e-04 -3.449117e-03 2.552160e-04 2.340077e-04 -3.449272e-03 
2.500000e+03 2.500000e+03 3.125000e+02 2.413805e-04 2.203272e-04 -3.457347e-03 2.422189e-04 2.210427e-04 -3.457549e-03 
2.500000e+03 2.500000e+03 3.906250e+02 2.268289e-04 2.059170e-04 -3.464661e-03 2.278432e-04 2.067835e-04 -3.464947e-03 
2.500000e+03 2.500000e+03 4.687500e+02 2.108373e-04 1.901580e-04 -3.471105e-03 2.120128e-04 1.911631e-04 -3.471455e-03 
2.500000e+03 2.500000e+03 5.468750e+02 1.933260e-04 1.729803e-04 -3.476643e-03 1.946515e-04 1.741148e-04 -3.477066e-03 
2.500000e+03 2.500000e+03 6.250000e+02 1.742245e-04 1.543236e-04 -3.481278e-03 1.756842e-04 1.555737e-04 -3.481778e-03 
2.500000e+03 2.500000e+03 7.031250e+02 1.534584e-04 1.341238e-04 -3.485038e-03 1.550379e-04 1.354766e-04 -3.485597e-03 
2.500000e+03 2.500000e+03 7.812500e+02 1.309523e-04 1.123163e-04 -3.487903e-03 1.326425e-04 1.137637e-04 -3.488536e-03 
2.500000e+03 2.500000e+03 8.593750e+02 1.066364e-04 8.884234e-05 -3.489914e-03 1.084319e-04 9.037917e-05 -3.490615e-03 
2.500000e+03 2.500000e+03 9.375000e+02 8.045730e-05 6.365795e-05 -3.491106e-03 8.234547e-05 6.527224e-05 -3.491860e-03 
2.500000e+03 2.500000e+03 1.015625e+03 5.236008e-05 3.671784e-05 -3.491495e-03 5.432897e-05 3.839843e-05 -3.492310e-03 
2.500000e+03 2.500000e+03 1.093750e+03 2.229670e-05 7.982485e-06 -3.491154e-03 2.433636e-05 9.720719e-06 -3.492008e-03 
2.500000e+03 2.500000e+03 1.171875e+03 -9.770345e-06 -2.257782e-05 -3.490152e-03 -7.668984e-06 -2.078921e-05 -3.491007e-03 
2.500000e+03 2.500000e+03 1.250000e+03 -4.386736e-05 -5.498248e-05 -3.488493e-03 -4.171268e-05 -5.314966e-05 -3.489369e-03 
2.500000e+03 2.500000e+03 1.328125e+03 -8.000073e-05 -8.923217e-05 -3.486283e-03 -7.780782e-05 -8.736770e-05 -3.487164e-03 
2.500000e+03 2.500000e+03 1.406250e+03 -1.181695e-04 -1.253215e-04 -3.483581e-03 -1.159535e-04 -1.234379e-04 -3.484469e-03 
2.500000e+03 2.500000e+03 1.484375e+03 -1.583596e-04 -1.632332e-04 -3.480478e-03 -1.561335e-04 -1.613411e-04 -3.481368e-03 
2.500000e+03 2.500000e+03 1.562500e+03 -2.005398e-04 -2.029349e-04 -3.477108e-03 -1.983147e-04 -2.010434e-04 -3.477952e-03 
2.500000e+03 2.500000e+03 1.640625e+03 -2.446616e-04 -2.443795e-04 -3.473492e-03 -2.424464e-04 -2.424956e-04 -3.474315e-03 
2.500000e+03 2.500000e+03 1.718750e+03 -2.906557e-04 -2.875008e-04 -3.469770e-03 -2.884591e-04 -2.856318e-04 -3.470554e-03 
2.500000e+03 2.500000e+03 1.796875e+03 -3.384324e-04 -3.322154e-04 -3.466016e-03 -3.362641e-04 -3.303696e-04 -3.466769e-03 
2.500000e+03 2.500000e+03 1.875000e+03 -3.878875e-04 -3.784275e-04 -3.462340e-03 -3.857531e-04 -3.766098e-04 -3.463058e-03 
2.500000e+03 2.500000e+03 1.953125e+03 -4.388915e-04 -4.260188e-04 -3.458850e-03 -4.367986e-04 -4.242363e-04 -3.459518e-03 
2.500000e+03 2.500000e+03 2.031250e+03 -4.912997e-04 -4.748586e-04 -3.455614e-03 -4.892544e-04 -4.731172e-04 -3.456239e-03 
2.500000e+03 2.500000e+03 2.109375e+03 -5.449478e-04 -5.247993e-04 -3.452721e-03 -5.429562e-04 -5.231051e-04 -3.453307e-03 
2.500000e+03 2.500000e+03 2.187500e+03 -5.996574e-04 -5.756816e-04 -3.450244e-03 -5.977238e-04 -5.740388e-04 -3.450796e-03 
2.500000e+03 2.500000e+03 2.265625e+03 -6.552336e-04 -6.273317e-04 -3.448230e-03 -6.533625e-04 -6.257448e-04 -3.448773e-03 
2.500000e+03 2.500000e+03 2.343750e+03 -7.114739e-04 -6.795687e-04 -3.446757e-03 -7.096656e-04 -6.780396e-04 -3.447289e-03 
2.500000e+03 2.500000e+03 2.421875e+03 -7.681649e-04 -7.322021e-04 -3.445825e-03 -7.664169e-04 -7.307313e-04 -3.446383e-03 
2.500000e+03 2.500000e+03 2.500000e+03 -8.250924e-04 -7.850423e-04 -3.445526e-03 -8.233940e-04 -7.836230e-04 -3.446078e-03 
