3.155760e+09 -2.552831e-35 1.206250e-35 
6.311520e+09 -1.782843e-35 3.949402e-35 
9.467280e+09 -2.350724e-35 1.947357e-35 
1.262304e+10 -2.464435e-35 2.359792e-35 
1.577880e+10 -3.376087e-35 3.845032e-35 
1.893456e+10 -4.858514e-35 2.753444e-35 
2.209032e+10 -1.729772e-35 5.685132e-35 
2.524608e+10 -3.982793e-35 2.566909e-35 
2.840184e+10 -1.211251e-34 7.913459e-35 
3.155760e+10 -8.270523e-35 1.386793e-34 
3.471336e+10 -6.212301e-35 1.975912e-35 
3.786912e+10 -1.787992e-35 1.620642e-35 
4.102488e+10 -1.220406e-35 2.270743e-35 
4.418064e+10 -9.728827e-35 4.180032e-35 
4.733640e+10 -3.418712e-35 3.860332e-35 
5.049216e+10 -3.412512e-35 1.353556e-35 
5.364792e+10 -3.146816e-35 2.158708e-35 
5.680368e+10 -1.825580e-35 2.278097e-35 
5.995944e+10 -3.496183e-35 4.493148e-35 
6.311520e+10 -3.399395e-35 3.278487e-35 
6.627096e+10 -4.671746e-35 7.236556e-35 
6.942672e+10 -2.758620e-35 4.448277e-35 
7.258248e+10 -3.358019e-35 4.194954e-35 
7.573824e+10 -8.250074e-35 4.646700e-35 
7.889400e+10 -3.027133e-35 1.966544e-35 
8.204976e+10 -1.946749e-35 1.326442e-35 
8.520552e+10 -2.436865e-35 2.181275e-35 
8.836128e+10 -6.790747e-35 5.143443e-35 
9.151704e+10 -4.018655e-35 2.955283e-35 
9.467280e+10 -2.187265e-35 2.544591e-35 
9.782856e+10 -4.106341e-35 2.541885e-35 
1.009843e+11 -5.769719e-35 5.165343e-35 
1.041401e+11 -7.073017e-35 5.026960e-35 
1.072958e+11 -3.582252e-35 3.870863e-35 
1.104516e+11 -4.825104e-35 4.594676e-35 
1.136074e+11 -4.922962e-35 2.140952e-35 
1.167631e+11 -4.532103e-35 4.829067e-35 
1.199189e+11 -5.327239e-35 6.556604e-35 
1.230746e+11 -3.769786e-35 1.911489e-35 
1.262304e+11 -3.321354e-35 2.646470e-35 
1.293862e+11 -3.540760e-35 2.642357e-35 
1.325419e+11 -9.917871e-35 3.015842e-35 
1.356977e+11 -4.919342e-35 6.620760e-35 
1.388534e+11 -5.387731e-35 2.852653e-35 
1.420092e+11 -5.337847e-35 4.350004e-35 
1.451650e+11 -3.406589e-35 1.971831e-35 
1.483207e+11 -3.905631e-35 3.174604e-35 
1.514765e+11 -7.550909e-35 3.612301e-35 
1.546322e+11 -5.207942e-35 5.117570e-35 
1.577880e+11 -5.950835e-35 8.628352e-35 
1.609438e+11 -6.358965e-35 2.913925e-35 
1.640995e+11 -5.435293e-35 7.493174e-35 
1.672553e+11 -3.024040e-35 2.394269e-35 
1.704110e+11 -6.173183e-35 4.921196e-35 
1.735668e+11 -5.001680e-35 4.271978e-35 
1.767226e+11 -5.142471e-35 6.066211e-35 
1.798783e+11 -7.125493e-35 3.498675e-35 
1.830341e+11 -6.690781e-35 3.379985e-35 
1.861898e+11 -4.148138e-35 3.717717e-35 
1.893456e+11 -6.160509e-35 5.633573e-35 
1.925014e+11 -5.657888e-35 5.166044e-35 
1.956571e+11 -4.599572e-35 3.347551e-35 
1.988129e+11 -8.994956e-35 1.254699e-34 
2.019686e+11 -1.004767e-34 4.584905e-35 
2.051244e+11 -4.794205e-35 7.222156e-35 
2.082802e+11 -3.937282e-35 6.397778e-35 
2.114359e+11 -5.516969e-35 4.113424e-35 
2.145917e+11 -9.490002e-35 6.308865e-35 
2.177474e+11 -3.934393e-35 6.876307e-35 
2.209032e+11 -1.001895e-34 3.824849e-35 
2.240590e+11 -5.063563e-35 9.216967e-35 
2.272147e+11 -9.603122e-35 5.094588e-35 
2.303705e+11 -4.455569e-35 1.000054e-34 
2.335262e+11 -4.367656e-35 2.396181e-35 
2.366820e+11 -4.942207e-35 4.541011e-35 
2.398378e+11 -5.631366e-35 2.675378e-35 
2.429935e+11 -9.398488e-35 4.521765e-35 
2.461493e+11 -5.073303e-35 1.001125e-34 
2.493050e+11 -6.320509e-35 5.180467e-35 
2.524608e+11 -4.833595e-35 6.410669e-35 
2.556166e+11 -8.360281e-35 5.912610e-35 
2.587723e+11 -4.016168e-35 3.109129e-35 
2.619281e+11 -5.705582e-35 3.135892e-35 
2.650838e+11 -4.494854e-35 2.580295e-35 
2.682396e+11 -3.486295e-35 3.143088e-35 
2.713954e+11 -3.490361e-35 9.641743e-35 
2.745511e+11 -1.200928e-34 4.525397e-35 
2.777069e+11 -5.898865e-35 1.098166e-34 
2.808626e+11 -2.551356e-35 2.180827e-35 
2.840184e+11 -2.789836e-35 3.597036e-35 
2.871742e+11 -5.285740e-35 2.763121e-35 
2.903299e+11 -3.406122e-35 3.588930e-35 
2.934857e+11 -3.812355e-35 2.643374e-35 
2.966414e+11 -4.339535e-35 5.699102e-35 
2.997972e+11 -9.391500e-35 6.993702e-35 
3.029530e+11 -5.283395e-35 1.101124e-34 
3.061087e+11 -9.460915e-35 8.733855e-35 
3.092645e+11 -1.882276e-34 1.002457e-34 
3.124202e+11 -7.419765e-35 9.733001e-35 
3.155760e+11 -6.558943e-35 1.002375e-34 
3.187318e+11 -6.701703e-35 6.455859e-35 
3.218875e+11 -7.044096e-35 3.258872e-35 
3.250433e+11 -4.401876e-35 3.024728e-35 
3.281990e+11 -2.453449e-35 3.208249e-35 
3.313548e+11 -4.480902e-35 2.290703e-35 
3.345106e+11 -8.808383e-35 1.035702e-34 
3.376663e+11 -8.411859e-35 5.472293e-35 
3.408221e+11 -9.661444e-35 6.807792e-35 
3.439778e+11 -7.633599e-35 9.273524e-35 
3.471336e+11 -9.362717e-35 3.653767e-35 
3.502894e+11 -8.114052e-35 5.360731e-35 
3.534451e+11 -4.667010e-35 5.654597e-35 
3.566009e+11 -6.737128e-35 6.214255e-35 
3.597566e+11 -7.277856e-35 3.817499e-35 
3.629124e+11 -2.777590e-35 5.040112e-35 
3.660682e+11 -5.137375e-35 4.299719e-35 
3.692239e+11 -6.786305e-35 5.807325e-35 
3.723797e+11 -6.750694e-35 5.257336e-35 
3.755354e+11 -4.614176e-35 4.183448e-35 
3.786912e+11 -4.649179e-35 2.947753e-35 
3.818470e+11 -1.305847e-34 6.666041e-35 
3.850027e+11 -5.236895e-35 1.205505e-34 
3.881585e+11 -1.011374e-34 1.162845e-34 
3.913142e+11 -5.479088e-35 2.139648e-35 
3.944700e+11 -3.035388e-35 6.314621e-35 
3.976258e+11 -2.806415e-35 2.479118e-35 
4.007815e+11 -3.689364e-35 2.412273e-35 
4.039373e+11 -5.424251e-35 3.626485e-35 
4.070930e+11 -2.655159e-35 3.896534e-35 
4.102488e+11 -5.103271e-35 6.701482e-35 
4.134046e+11 -6.687794e-35 3.509004e-35 
4.165603e+11 -4.077639e-35 4.069073e-35 
4.197161e+11 -9.011554e-35 6.027017e-35 
4.228718e+11 -4.068631e-35 3.845231e-35 
4.260276e+11 -6.879085e-35 3.188163e-35 
4.291834e+11 -3.810771e-35 5.270155e-35 
4.323391e+11 -1.173767e-34 5.331210e-35 
4.354949e+11 -3.072169e-35 4.663314e-35 
4.386506e+11 -4.824915e-35 5.841183e-35 
4.418064e+11 -6.077504e-35 5.181853e-35 
4.449622e+11 -6.444845e-35 3.388442e-35 
4.481179e+11 -3.696737e-35 2.313763e-35 
4.512737e+11 -4.283023e-35 3.432378e-35 
4.544294e+11 -2.673103e-35 3.554214e-35 
4.575852e+11 -8.655308e-35 3.393099e-35 
4.607410e+11 -5.340679e-35 1.230146e-34 
4.638967e+11 -5.062091e-35 3.526498e-35 
4.670525e+11 -4.671688e-35 5.312378e-35 
4.702082e+11 -1.346489e-34 5.720187e-35 
4.733640e+11 -4.841751e-35 9.551035e-35 
4.765198e+11 -4.338428e-35 4.041618e-35 
4.796755e+11 -1.141987e-34 7.343453e-35 
4.828313e+11 -5.160604e-35 8.231014e-35 
4.859870e+11 -2.255168e-35 1.953562e-35 
4.891428e+11 -5.759086e-35 2.927886e-35 
4.922986e+11 -8.374497e-35 5.477979e-35 
4.954543e+11 -4.352390e-35 3.199646e-35 
4.986101e+11 -5.426907e-35 2.835715e-35 
5.017658e+11 -3.298716e-35 3.186305e-35 
5.049216e+11 -9.935029e-35 4.497772e-35 
5.080774e+11 -3.119852e-35 5.109690e-35 
5.112331e+11 -5.941234e-35 5.178695e-35 
5.143889e+11 -7.246156e-35 3.804419e-35 
5.175446e+11 -3.763781e-35 9.421925e-35 
5.207004e+11 -8.516229e-35 4.650435e-35 
5.238562e+11 -5.981738e-35 4.880075e-35 
5.270119e+11 -4.777308e-35 5.722275e-35 
5.301677e+11 -7.308255e-35 4.296329e-35 
5.333234e+11 -2.804321e-35 2.164835e-35 
5.364792e+11 -4.205796e-35 3.384800e-35 
5.396350e+11 -2.180602e-35 2.288063e-35 
5.427907e+11 -3.719588e-35 2.799117e-35 
5.459465e+11 -4.173339e-35 4.381486e-35 
5.491022e+11 -5.091794e-35 6.976792e-35 
5.522580e+11 -7.780446e-35 2.565825e-35 
5.554138e+11 -5.718722e-35 4.450829e-35 
5.585695e+11 -1.144904e-34 4.342442e-35 
5.617253e+11 -5.455506e-35 8.342173e-35 
5.648810e+11 -1.049961e-34 5.533162e-35 
5.680368e+11 -5.982468e-35 9.121385e-35 
5.711926e+11 -4.336456e-35 1.649146e-35 
5.743483e+11 -4.722984e-35 4.276866e-35 
5.775041e+11 -7.934368e-35 2.697915e-35 
5.806598e+11 -3.267895e-35 3.789695e-35 
5.838156e+11 -8.132189e-35 2.904459e-35 
5.869714e+11 -5.846150e-35 4.941086e-35 
5.901271e+11 -4.329785e-35 4.036327e-35 
5.932829e+11 -9.360687e-35 7.982894e-35 
5.964386e+11 -6.977703e-35 6.334576e-35 
5.995944e+11 -8.926574e-35 3.390777e-35 
6.027502e+11 -6.765080e-35 5.069251e-35 
6.059059e+11 -1.150339e-34 7.162213e-35 
6.090617e+11 -4.978541e-35 3.129785e-35 
6.122174e+11 -2.548901e-35 2.393726e-35 
6.153732e+11 -9.898765e-35 4.382979e-35 
6.185290e+11 -4.488466e-35 4.552312e-35 
6.216847e+11 -5.135190e-35 2.629555e-35 
6.248405e+11 -3.211898e-35 2.002317e-35 
6.279962e+11 -3.837393e-35 2.235115e-35 
6.311520e+11 -4.255318e-35 3.715523e-35 
