#1 2 3 4 5 6 7  8  9 10 11 12 13
#x y z u v w p xx yy zz xy xz yz
0.000000e+00 0.000000e+00 5.000000e+04 0.000000e+00 0.000000e+00 3.001046e-01 -7.730693e+05 1.927859e+06 3.786462e+05 1.270249e+04 0.000000e+00 -4.814393e+04 7.000552e-01 
2.500000e+02 0.000000e+00 5.000000e+04 1.936516e-02 0.000000e+00 2.989010e-01 -7.644138e+05 1.906157e+06 3.744067e+05 1.267804e+04 1.309000e+00 -1.790720e+04 -1.590125e+00 
5.000000e+02 0.000000e+00 5.000000e+04 3.829374e-02 0.000000e+00 2.953432e-01 -7.390353e+05 1.842572e+06 3.619765e+05 1.255761e+04 6.796852e-01 -3.457854e+04 -1.594787e+00 
7.500000e+02 0.000000e+00 5.000000e+04 5.638005e-02 0.000000e+00 2.895849e-01 -6.986673e+05 1.741501e+06 3.422044e+05 1.229664e+04 4.772170e-01 -4.895319e+04 -1.179990e+00 
1.000000e+03 0.000000e+00 5.000000e+04 7.327616e-02 0.000000e+00 2.818650e-01 -6.459354e+05 1.609604e+06 3.163765e+05 1.182578e+04 -4.694997e-01 -6.026652e+04 -1.513336e+00 
1.250000e+03 0.000000e+00 5.000000e+04 8.871073e-02 0.000000e+00 2.724844e-01 -5.840332e+05 1.454954e+06 2.860571e+05 1.108825e+04 -8.919165e-01 -6.812538e+04 -1.847191e+00 
1.500000e+03 0.000000e+00 5.000000e+04 1.024986e-01 0.000000e+00 2.617796e-01 -5.163621e+05 1.286116e+06 2.529121e+05 1.005859e+04 -6.131846e-01 -7.250489e+04 -1.084357e+00 
1.750000e+03 0.000000e+00 5.000000e+04 1.145408e-01 0.000000e+00 2.500967e-01 -4.461964e+05 1.111282e+06 2.185452e+05 8.761566e+03 -1.150297e+00 -7.368877e+04 -9.010596e-01 
2.000000e+03 0.000000e+00 5.000000e+04 1.248170e-01 0.000000e+00 2.377686e-01 -3.764197e+05 9.376322e+05 1.843688e+05 7.258039e+03 -1.212466e+00 -7.217808e+04 -1.005277e+00 
2.250000e+03 0.000000e+00 5.000000e+04 1.333724e-01 0.000000e+00 2.250981e-01 -3.093586e+05 7.709255e+05 1.515226e+05 5.627589e+03 -1.906362e+00 -6.857643e+04 -6.975802e-01 
2.500000e+03 0.000000e+00 5.000000e+04 1.403021e-01 0.000000e+00 2.123471e-01 -2.467298e+05 6.153700e+05 1.208472e+05 3.972071e+03 -1.576673e+00 -6.351372e+04 -1.682188e+00 
2.750000e+03 0.000000e+00 5.000000e+04 1.457355e-01 0.000000e+00 1.997313e-01 -1.896446e+05 4.736753e+05 9.288717e+04 2.371456e+03 -1.128327e+00 -5.756384e+04 -8.649638e-01 
3.000000e+03 0.000000e+00 5.000000e+04 1.498218e-01 0.000000e+00 1.874203e-01 -1.386907e+05 3.472379e+05 6.793015e+04 9.040769e+02 -1.141291e+00 -5.120821e+04 -8.897869e-01 
3.250000e+03 0.000000e+00 5.000000e+04 1.527182e-01 0.000000e+00 1.755402e-01 -9.402328e+04 2.364113e+05 4.605222e+04 -3.936614e+02 3.986945e-01 -4.482553e+04 -6.831055e-01 
3.500000e+03 0.000000e+00 5.000000e+04 1.545808e-01 0.000000e+00 1.641792e-01 -5.549352e+04 1.407856e+05 2.718050e+04 -1.485597e+03 4.751141e-01 -3.868005e+04 -1.087755e+00 
3.750000e+03 0.000000e+00 5.000000e+04 1.555583e-01 0.000000e+00 1.533933e-01 -2.273003e+04 5.942736e+04 1.113307e+04 -2.370351e+03 8.359792e-01 -3.295120e+04 -1.670813e+00 
4.000000e+03 0.000000e+00 5.000000e+04 1.557881e-01 0.000000e+00 1.432128e-01 4.765721e+03 -8.904221e+03 -2.334231e+03 -3.058710e+03 4.176213e-01 -2.773789e+04 -1.594171e+00 
4.250000e+03 0.000000e+00 5.000000e+04 1.553941e-01 0.000000e+00 1.336476e-01 2.755060e+04 -6.559165e+04 -1.349417e+04 -3.565980e+03 1.263187e+00 -2.308709e+04 -1.576068e+00 
4.500000e+03 0.000000e+00 5.000000e+04 1.544857e-01 0.000000e+00 1.246926e-01 4.619752e+04 -1.120463e+05 -2.262736e+04 -3.918875e+03 1.592255e+00 -1.899784e+04 1.872292e-02 
4.750000e+03 0.000000e+00 5.000000e+04 1.531586e-01 0.000000e+00 1.163318e-01 6.125775e+04 -1.496343e+05 -3.000380e+04 -4.135154e+03 1.724586e+00 -1.544596e+04 -1.609827e-01 
5.000000e+03 0.000000e+00 5.000000e+04 1.514949e-01 0.000000e+00 1.085416e-01 7.324614e+04 -1.796211e+05 -3.587566e+04 -4.241683e+03 2.351724e+00 -1.239601e+04 -2.515800e-01 
5.250000e+03 0.000000e+00 5.000000e+04 1.495649e-01 0.000000e+00 1.012938e-01 8.263007e+04 -2.031565e+05 -4.047187e+04 -4.261872e+03 1.387742e+00 -9.794927e+03 1.855596e-01 
5.500000e+03 0.000000e+00 5.000000e+04 1.474278e-01 0.000000e+00 9.455717e-02 8.982355e+04 -2.212633e+05 -4.399521e+04 -4.212183e+03 1.305336e-01 -7.594151e+03 -8.773511e-01 
5.750000e+03 0.000000e+00 5.000000e+04 1.451332e-01 0.000000e+00 8.829944e-02 9.518830e+04 -2.348289e+05 -4.662284e+04 -4.113214e+03 -3.522532e-01 -5.746467e+03 -1.021794e+00 
6.000000e+03 0.000000e+00 5.000000e+04 1.427227e-01 0.000000e+00 8.248817e-02 9.903477e+04 -2.446187e+05 -4.850683e+04 -3.978732e+03 -1.206951e-01 -4.203381e+03 -9.674048e-01 
6.250000e+03 0.000000e+00 5.000000e+04 1.402304e-01 0.000000e+00 7.709162e-02 1.016291e+05 -2.512907e+05 -4.977750e+04 -3.818999e+03 -3.328153e-01 -2.920400e+03 -9.233295e-01 
6.500000e+03 0.000000e+00 5.000000e+04 1.376848e-01 0.000000e+00 7.207921e-02 1.031973e+05 -2.554023e+05 -5.054561e+04 -3.643956e+03 2.477954e-01 -1.859476e+03 -8.643068e-01 
6.750000e+03 0.000000e+00 5.000000e+04 1.351090e-01 0.000000e+00 6.742191e-02 1.039269e+05 -2.574195e+05 -5.090299e+04 -3.458290e+03 4.592024e-01 -9.883324e+02 -8.709501e-01 
7.000000e+03 0.000000e+00 5.000000e+04 1.325219e-01 0.000000e+00 6.309235e-02 1.039795e+05 -2.577400e+05 -5.092876e+04 -3.269831e+03 1.450204e-01 -2.755222e+02 -1.498810e+00 
7.250000e+03 0.000000e+00 5.000000e+04 1.299387e-01 0.000000e+00 5.906500e-02 1.034884e+05 -2.566953e+05 -5.068822e+04 -3.081802e+03 -2.398567e-01 3.028163e+02 -1.619127e+00 
7.500000e+03 0.000000e+00 5.000000e+04 1.273717e-01 0.000000e+00 5.531610e-02 1.025641e+05 -2.545582e+05 -5.023549e+04 -2.898680e+03 3.471589e-01 7.687719e+02 -1.321814e+00 
7.750000e+03 0.000000e+00 5.000000e+04 1.248307e-01 0.000000e+00 5.182374e-02 1.012982e+05 -2.515568e+05 -4.961545e+04 -2.722316e+03 4.777808e-01 1.141051e+03 -8.618175e-01 
8.000000e+03 0.000000e+00 5.000000e+04 1.223232e-01 0.000000e+00 4.856772e-02 9.976503e+04 -2.478790e+05 -4.886450e+04 -2.551570e+03 9.080870e-01 1.434929e+03 -4.044819e-01 
8.250000e+03 0.000000e+00 5.000000e+04 1.198553e-01 0.000000e+00 4.552942e-02 9.802681e+04 -2.436793e+05 -4.801313e+04 -2.387987e+03 2.006483e+00 1.663617e+03 2.336954e-02 
8.500000e+03 0.000000e+00 5.000000e+04 1.174316e-01 0.000000e+00 4.269180e-02 9.613688e+04 -2.390876e+05 -4.708745e+04 -2.235568e+03 2.403911e+00 1.839311e+03 -2.359131e-01 
8.750000e+03 0.000000e+00 5.000000e+04 1.150553e-01 0.000000e+00 4.003918e-02 9.413519e+04 -2.342107e+05 -4.610703e+04 -2.087798e+03 1.658640e+00 1.970813e+03 -5.788264e-01 
9.000000e+03 0.000000e+00 5.000000e+04 1.127290e-01 0.000000e+00 3.755720e-02 9.205740e+04 -2.291348e+05 -4.508934e+04 -1.948063e+03 1.186101e+00 2.065511e+03 -8.208465e-01 
9.250000e+03 0.000000e+00 5.000000e+04 1.104542e-01 0.000000e+00 3.523270e-02 8.993422e+04 -2.239329e+05 -4.404941e+04 -1.820380e+03 2.684496e-01 2.129705e+03 -1.217681e+00 
9.500000e+03 0.000000e+00 5.000000e+04 1.082319e-01 0.000000e+00 3.305363e-02 8.778830e+04 -2.186652e+05 -4.299835e+04 -1.701337e+03 -1.719488e+00 2.169808e+03 -1.778321e-01 
9.750000e+03 0.000000e+00 5.000000e+04 1.060625e-01 0.000000e+00 3.100907e-02 8.563738e+04 -2.133769e+05 -4.194484e+04 -1.590419e+03 -2.123294e+00 2.190195e+03 -6.376723e-02 
1.000000e+04 0.000000e+00 5.000000e+04 1.039461e-01 0.000000e+00 2.908898e-02 8.349203e+04 -2.080992e+05 -4.089406e+04 -1.482821e+03 -2.412981e+00 2.191266e+03 -8.958506e-01 
1.025000e+04 0.000000e+00 5.000000e+04 1.018824e-01 0.000000e+00 2.728408e-02 8.137118e+04 -2.028676e+05 -3.985527e+04 -1.390705e+03 -1.493981e+00 2.180222e+03 8.311597e-01 
1.050000e+04 0.000000e+00 5.000000e+04 9.987077e-02 0.000000e+00 2.558603e-02 7.927906e+04 -1.977030e+05 -3.883056e+04 -1.303659e+03 -5.311242e-01 2.158251e+03 1.642955e+00 
1.075000e+04 0.000000e+00 5.000000e+04 9.791056e-02 0.000000e+00 2.398718e-02 7.721748e+04 -1.926191e+05 -3.782081e+04 -1.212563e+03 4.036335e-01 2.127682e+03 -7.955751e-01 
1.100000e+04 0.000000e+00 5.000000e+04 9.600081e-02 0.000000e+00 2.248029e-02 7.520336e+04 -1.876378e+05 -3.683430e+04 -1.137949e+03 2.017129e+00 2.088763e+03 -1.748214e-01 
1.125000e+04 0.000000e+00 5.000000e+04 9.414047e-02 0.000000e+00 2.105890e-02 7.323326e+04 -1.827625e+05 -3.586935e+04 -1.067947e+03 4.182009e+00 2.044904e+03 1.499362e+00 
1.150000e+04 0.000000e+00 5.000000e+04 9.232848e-02 0.000000e+00 1.971717e-02 7.130849e+04 -1.780027e+05 -3.492661e+04 -9.961224e+02 3.687933e+00 2.000887e+03 3.889222e-01 
1.175000e+04 0.000000e+00 5.000000e+04 9.056357e-02 0.000000e+00 1.844948e-02 6.944087e+04 -1.733748e+05 -3.401186e+04 -9.359971e+02 1.238888e+00 1.953362e+03 3.620739e-02 
1.200000e+04 0.000000e+00 5.000000e+04 8.884441e-02 0.000000e+00 1.725077e-02 6.762530e+04 -1.688757e+05 -3.312259e+04 -8.776109e+02 2.388436e+00 1.903457e+03 1.239588e+00 
1.225000e+04 0.000000e+00 5.000000e+04 8.716974e-02 0.000000e+00 1.611651e-02 6.586012e+04 -1.645001e+05 -3.225802e+04 -8.222193e+02 2.518795e+00 1.851271e+03 9.760966e-01 
1.250000e+04 0.000000e+00 5.000000e+04 8.553836e-02 0.000000e+00 1.504237e-02 6.415014e+04 -1.602574e+05 -3.142048e+04 -7.725294e+02 -2.077449e-01 1.801236e+03 2.804937e-01 
1.275000e+04 0.000000e+00 5.000000e+04 8.394882e-02 0.000000e+00 1.402436e-02 6.249679e+04 -1.561543e+05 -3.061067e+04 -7.254081e+02 -2.642997e+00 1.751479e+03 1.811294e+00 
1.300000e+04 0.000000e+00 5.000000e+04 8.239977e-02 0.000000e+00 1.305894e-02 6.089718e+04 -1.521783e+05 -2.982719e+04 -6.861026e+02 -1.439086e+00 1.698954e+03 1.827270e+00 
1.325000e+04 0.000000e+00 5.000000e+04 8.089004e-02 0.000000e+00 1.214280e-02 5.934335e+04 -1.483214e+05 -2.906613e+04 -6.425036e+02 -2.108376e-01 1.646362e+03 7.382654e-01 
1.350000e+04 0.000000e+00 5.000000e+04 7.941839e-02 0.000000e+00 1.127273e-02 5.784161e+04 -1.445908e+05 -2.833059e+04 -6.034268e+02 -2.682608e+00 1.595563e+03 1.145633e+00 
1.375000e+04 0.000000e+00 5.000000e+04 7.798354e-02 0.000000e+00 1.044589e-02 5.639429e+04 -1.409881e+05 -2.762169e+04 -5.730492e+02 -2.562987e+00 1.547690e+03 1.511051e+00 
1.400000e+04 0.000000e+00 5.000000e+04 7.658422e-02 0.000000e+00 9.659744e-03 5.498907e+04 -1.374996e+05 -2.693342e+04 -5.341816e+02 -8.800929e-01 1.497196e+03 -1.984024e-01 
1.425000e+04 0.000000e+00 5.000000e+04 7.521938e-02 0.000000e+00 8.911683e-03 5.363000e+04 -1.341229e+05 -2.626776e+04 -4.993148e+02 -5.695920e-01 1.446925e+03 -2.018339e+00 
1.450000e+04 0.000000e+00 5.000000e+04 7.388784e-02 0.000000e+00 8.199334e-03 5.232366e+04 -1.308682e+05 -2.562792e+04 -4.748662e+02 -1.553111e+00 1.399733e+03 -3.317480e-01 
1.475000e+04 0.000000e+00 5.000000e+04 7.258837e-02 0.000000e+00 7.520651e-03 5.106321e+04 -1.277268e+05 -2.501055e+04 -4.522237e+02 -2.378226e+00 1.354602e+03 1.428375e+00 
1.500000e+04 0.000000e+00 5.000000e+04 7.131994e-02 0.000000e+00 6.873785e-03 4.984376e+04 -1.246899e+05 -2.441327e+04 -4.281226e+02 -6.768218e-01 1.311919e+03 1.321611e+00 
1.525000e+04 0.000000e+00 5.000000e+04 7.008146e-02 0.000000e+00 6.256864e-03 4.866579e+04 -1.217565e+05 -2.383630e+04 -4.045800e+02 -6.030824e-01 1.266655e+03 1.473069e+00 
1.550000e+04 0.000000e+00 5.000000e+04 6.887193e-02 0.000000e+00 5.668123e-03 4.752934e+04 -1.189217e+05 -2.327968e+04 -3.866441e+02 -9.975689e-01 1.223692e+03 2.669406e+00 
1.575000e+04 0.000000e+00 5.000000e+04 6.769041e-02 0.000000e+00 5.106079e-03 4.643082e+04 -1.161820e+05 -2.274163e+04 -3.687885e+02 4.193016e-01 1.185493e+03 3.658368e+00 
1.600000e+04 0.000000e+00 5.000000e+04 6.653592e-02 0.000000e+00 4.569306e-03 4.536527e+04 -1.135305e+05 -2.221972e+04 -3.455502e+02 7.228556e-01 1.146643e+03 2.349061e+00 
1.625000e+04 0.000000e+00 5.000000e+04 6.540764e-02 0.000000e+00 4.056356e-03 4.433468e+04 -1.109659e+05 -2.171494e+04 -3.231938e+02 2.890362e-01 1.109332e+03 4.615576e-01 
1.650000e+04 0.000000e+00 5.000000e+04 6.430465e-02 0.000000e+00 3.565856e-03 4.334149e+04 -1.084907e+05 -2.122848e+04 -3.052556e+02 -7.619003e-01 1.072943e+03 -3.373307e-02 
1.675000e+04 0.000000e+00 5.000000e+04 6.322608e-02 0.000000e+00 3.096590e-03 4.238228e+04 -1.060990e+05 -2.075867e+04 -2.891220e+02 -1.513578e+00 1.038116e+03 -3.853700e-01 
1.700000e+04 0.000000e+00 5.000000e+04 6.217114e-02 0.000000e+00 2.647482e-03 4.145504e+04 -1.037878e+05 -2.030451e+04 -2.728349e+02 -1.390235e+00 1.006531e+03 -8.860042e-01 
1.725000e+04 0.000000e+00 5.000000e+04 6.113900e-02 0.000000e+00 2.217465e-03 4.055954e+04 -1.015554e+05 -1.986590e+04 -2.572789e+02 -2.577816e+00 9.733739e+02 -1.103305e+00 
1.750000e+04 0.000000e+00 5.000000e+04 6.012890e-02 0.000000e+00 1.805496e-03 3.969577e+04 -9.939882e+04 -1.944283e+04 -2.456729e+02 -3.724918e+00 9.409737e+02 -1.417760e+00 
1.775000e+04 0.000000e+00 5.000000e+04 5.914010e-02 0.000000e+00 1.410720e-03 3.886175e+04 -9.731516e+04 -1.903433e+04 -2.357637e+02 -2.450516e+00 9.117977e+02 -9.453451e-01 
1.800000e+04 0.000000e+00 5.000000e+04 5.817188e-02 0.000000e+00 1.032338e-03 3.805281e+04 -9.529611e+04 -1.863811e+04 -2.242107e+02 -5.260123e-01 8.814729e+02 -1.092129e+00 
1.825000e+04 0.000000e+00 5.000000e+04 5.722365e-02 0.000000e+00 6.695038e-04 3.726586e+04 -9.333540e+04 -1.825266e+04 -2.095069e+02 5.970075e-01 8.514659e+02 -2.876833e+00 
1.850000e+04 0.000000e+00 5.000000e+04 5.629481e-02 0.000000e+00 3.214219e-04 3.650440e+04 -9.143779e+04 -1.787970e+04 -1.956924e+02 5.915563e-01 8.244307e+02 -3.470269e+00 
1.875000e+04 0.000000e+00 5.000000e+04 5.538470e-02 0.000000e+00 -1.267537e-05 3.577195e+04 -8.960638e+04 -1.752096e+04 -1.885145e+02 -4.643434e-02 7.986603e+02 -2.992081e+00 
1.900000e+04 0.000000e+00 5.000000e+04 5.449268e-02 0.000000e+00 -3.334385e-04 3.506366e+04 -8.783560e+04 -1.717404e+04 -1.813436e+02 1.918691e-01 7.739592e+02 -2.378102e+00 
1.925000e+04 0.000000e+00 5.000000e+04 5.361816e-02 0.000000e+00 -6.414692e-04 3.437636e+04 -8.611947e+04 -1.683740e+04 -1.722038e+02 7.258690e-01 7.491070e+02 -1.621700e+00 
1.950000e+04 0.000000e+00 5.000000e+04 5.276062e-02 0.000000e+00 -9.374012e-04 3.371084e+04 -8.445530e+04 -1.651143e+04 -1.657840e+02 7.876618e-01 7.243670e+02 -1.224027e+00 
1.975000e+04 0.000000e+00 5.000000e+04 5.191956e-02 0.000000e+00 -1.221795e-03 3.306722e+04 -8.284489e+04 -1.619619e+04 -1.605694e+02 6.138826e-01 7.028928e+02 -5.078933e-01 
2.000000e+04 0.000000e+00 5.000000e+04 5.109441e-02 0.000000e+00 -1.495144e-03 3.244526e+04 -8.128813e+04 -1.589156e+04 -1.560910e+02 3.414073e-02 6.827627e+02 2.839549e-01 
2.025000e+04 0.000000e+00 5.000000e+04 5.028465e-02 0.000000e+00 -1.757909e-03 3.184046e+04 -7.977636e+04 -1.559533e+04 -1.496929e+02 -5.590242e-01 6.621727e+02 1.269753e-01 
2.050000e+04 0.000000e+00 5.000000e+04 4.948988e-02 0.000000e+00 -2.010572e-03 3.125112e+04 -7.830615e+04 -1.530667e+04 -1.405302e+02 -4.726987e-01 6.427895e+02 -1.169548e+00 
2.075000e+04 0.000000e+00 5.000000e+04 4.870966e-02 0.000000e+00 -2.253606e-03 3.068069e+04 -7.688160e+04 -1.502728e+04 -1.332056e+02 -1.352149e+00 6.254405e+02 -1.877824e+00 
2.100000e+04 0.000000e+00 5.000000e+04 4.794352e-02 0.000000e+00 -2.487458e-03 3.012960e+04 -7.550326e+04 -1.475735e+04 -1.281787e+02 -3.115268e+00 6.086048e+02 -1.409866e+00 
2.125000e+04 0.000000e+00 5.000000e+04 4.719101e-02 0.000000e+00 -2.712539e-03 2.959558e+04 -7.416844e+04 -1.449579e+04 -1.224969e+02 -3.588376e+00 5.909458e+02 -1.430584e+00 
2.150000e+04 0.000000e+00 5.000000e+04 4.645171e-02 0.000000e+00 -2.929204e-03 2.907666e+04 -7.287222e+04 -1.424163e+04 -1.161216e+02 -2.628584e+00 5.723062e+02 -1.896687e+00 
2.175000e+04 0.000000e+00 5.000000e+04 4.572525e-02 0.000000e+00 -3.137837e-03 2.857287e+04 -7.161160e+04 -1.399487e+04 -1.121310e+02 -9.072116e-01 5.536594e+02 -2.511542e+00 
2.200000e+04 0.000000e+00 5.000000e+04 4.501129e-02 0.000000e+00 -3.338794e-03 2.808286e+04 -7.038684e+04 -1.375487e+04 -1.068738e+02 -1.817017e-01 5.364934e+02 -2.575337e+00 
2.225000e+04 0.000000e+00 5.000000e+04 4.430945e-02 0.000000e+00 -3.532395e-03 2.760724e+04 -6.919935e+04 -1.352191e+04 -1.004573e+02 -9.644760e-01 5.210369e+02 -1.925061e+00 
2.250000e+04 0.000000e+00 5.000000e+04 4.361935e-02 0.000000e+00 -3.718936e-03 2.714793e+04 -6.804893e+04 -1.329694e+04 -9.790693e+01 -1.270667e+00 5.070552e+02 -1.810629e+00 
2.275000e+04 0.000000e+00 5.000000e+04 4.294065e-02 0.000000e+00 -3.898672e-03 2.670129e+04 -6.693125e+04 -1.307819e+04 -9.445127e+01 -2.244085e-01 4.927502e+02 -2.030411e+00 
2.300000e+04 0.000000e+00 5.000000e+04 4.227303e-02 0.000000e+00 -4.071899e-03 2.626534e+04 -6.584263e+04 -1.286466e+04 -8.873587e+01 3.827918e-01 4.776263e+02 -2.045543e+00 
2.325000e+04 0.000000e+00 5.000000e+04 4.161620e-02 0.000000e+00 -4.238918e-03 2.584216e+04 -6.478397e+04 -1.265739e+04 -8.513628e+01 -1.573219e-01 4.633965e+02 -1.413400e+00 
2.350000e+04 0.000000e+00 5.000000e+04 4.096986e-02 0.000000e+00 -4.399981e-03 2.543332e+04 -6.375851e+04 -1.245714e+04 -8.431211e+01 -7.242372e-01 4.517983e+02 -5.365265e-01 
2.375000e+04 0.000000e+00 5.000000e+04 4.033367e-02 0.000000e+00 -4.555298e-03 2.503725e+04 -6.276515e+04 -1.226314e+04 -8.346088e+01 -5.910361e-01 4.396134e+02 -2.154028e-01 
2.400000e+04 0.000000e+00 5.000000e+04 3.970731e-02 0.000000e+00 -4.705083e-03 2.464978e+04 -6.179712e+04 -1.207336e+04 -7.885585e+01 6.414201e-01 4.255091e+02 -4.298262e-01 
2.425000e+04 0.000000e+00 5.000000e+04 3.909057e-02 0.000000e+00 -4.849596e-03 2.427104e+04 -6.085174e+04 -1.188786e+04 -7.352346e+01 2.133234e+00 4.116345e+02 -1.225953e+00 
2.450000e+04 0.000000e+00 5.000000e+04 3.848321e-02 0.000000e+00 -4.989062e-03 2.390474e+04 -5.993301e+04 -1.170844e+04 -7.276566e+01 2.137402e+00 3.995314e+02 -1.218052e+00 
2.475000e+04 0.000000e+00 5.000000e+04 3.788496e-02 0.000000e+00 -5.123640e-03 2.354951e+04 -5.904207e+04 -1.153445e+04 -7.199400e+01 1.163995e+00 3.901471e+02 1.566587e-01 
2.500000e+04 0.000000e+00 5.000000e+04 3.729552e-02 0.000000e+00 -5.253478e-03 2.320364e+04 -5.817727e+04 -1.136505e+04 -6.859740e+01 9.742289e-01 3.813100e+02 1.156782e+00 
2.525000e+04 0.000000e+00 5.000000e+04 3.671465e-02 0.000000e+00 -5.378726e-03 2.286700e+04 -5.733429e+04 -1.120017e+04 -6.655556e+01 2.235907e+00 3.709210e+02 1.104309e+00 
2.550000e+04 0.000000e+00 5.000000e+04 3.614217e-02 0.000000e+00 -5.499568e-03 2.253559e+04 -5.650672e+04 -1.103784e+04 -6.221290e+01 4.346540e+00 3.582480e+02 3.369803e-01 
2.575000e+04 0.000000e+00 5.000000e+04 3.557793e-02 0.000000e+00 -5.616223e-03 2.221142e+04 -5.569784e+04 -1.087906e+04 -5.736457e+01 5.070965e+00 3.465843e+02 -2.193515e-01 
2.600000e+04 0.000000e+00 5.000000e+04 3.502170e-02 0.000000e+00 -5.728873e-03 2.189839e+04 -5.491340e+04 -1.072574e+04 -5.603752e+01 3.763825e+00 3.381575e+02 -3.490528e-02 
2.625000e+04 0.000000e+00 5.000000e+04 3.447324e-02 0.000000e+00 -5.837658e-03 2.159459e+04 -5.415311e+04 -1.057694e+04 -5.371874e+01 2.177001e+00 3.313935e+02 1.014021e-01 
2.650000e+04 0.000000e+00 5.000000e+04 3.393230e-02 0.000000e+00 -5.942711e-03 2.130053e+04 -5.341608e+04 -1.043291e+04 -5.258426e+01 1.682642e+00 3.243249e+02 -6.376101e-02 
2.675000e+04 0.000000e+00 5.000000e+04 3.339866e-02 0.000000e+00 -6.044170e-03 2.101312e+04 -5.269698e+04 -1.029214e+04 -5.023602e+01 2.024764e+00 3.149147e+02 6.915880e-02 
2.700000e+04 0.000000e+00 5.000000e+04 3.287218e-02 0.000000e+00 -6.142178e-03 2.073225e+04 -5.199416e+04 -1.015457e+04 -4.801139e+01 1.719544e+00 3.055753e+02 1.046347e+00 
2.725000e+04 0.000000e+00 5.000000e+04 3.235267e-02 0.000000e+00 -6.236853e-03 2.046202e+04 -5.131200e+04 -1.002222e+04 -5.185843e+01 7.661614e-01 2.987486e+02 2.114068e+00 
2.750000e+04 0.000000e+00 5.000000e+04 3.183993e-02 0.000000e+00 -6.328267e-03 2.019759e+04 -5.064847e+04 -9.892697e+03 -5.160589e+01 2.282451e-01 2.931596e+02 2.188410e+00 
2.775000e+04 0.000000e+00 5.000000e+04 3.133378e-02 0.000000e+00 -6.416497e-03 1.993776e+04 -5.000089e+04 -9.765434e+03 -4.695926e+01 6.246571e-01 2.866906e+02 1.645192e+00 
2.800000e+04 0.000000e+00 5.000000e+04 3.083405e-02 0.000000e+00 -6.501700e-03 1.968364e+04 -4.936679e+04 -9.640968e+03 -4.317370e+01 1.942677e+00 2.772595e+02 4.212537e-01 
2.825000e+04 0.000000e+00 5.000000e+04 3.034063e-02 0.000000e+00 -6.584046e-03 1.943437e+04 -4.874505e+04 -9.518874e+03 -3.917619e+01 1.969498e+00 2.677483e+02 -1.040663e+00 
2.850000e+04 0.000000e+00 5.000000e+04 2.985339e-02 0.000000e+00 -6.663644e-03 1.919442e+04 -4.814215e+04 -9.401348e+03 -3.976177e+01 -2.362729e-01 2.624800e+02 -9.429814e-01 
2.875000e+04 0.000000e+00 5.000000e+04 2.937211e-02 0.000000e+00 -6.740569e-03 1.896383e+04 -4.756162e+04 -9.288405e+03 -4.144960e+01 -2.673568e+00 2.600110e+02 -6.924128e-02 
2.900000e+04 0.000000e+00 5.000000e+04 2.889656e-02 0.000000e+00 -6.814875e-03 1.874002e+04 -4.700053e+04 -9.178786e+03 -4.075184e+01 -3.929029e+00 2.560762e+02 1.063642e-01 
2.925000e+04 0.000000e+00 5.000000e+04 2.842657e-02 0.000000e+00 -6.886618e-03 1.852177e+04 -4.645288e+04 -9.071885e+03 -4.052907e+01 -2.595818e+00 2.484584e+02 4.169600e-02 
2.950000e+04 0.000000e+00 5.000000e+04 2.796204e-02 0.000000e+00 -6.955897e-03 1.830497e+04 -4.591169e+04 -8.965700e+03 -3.752341e+01 3.661304e-01 2.389720e+02 -6.192820e-01 
2.975000e+04 0.000000e+00 5.000000e+04 2.750292e-02 0.000000e+00 -7.022830e-03 1.809101e+04 -4.537801e+04 -8.860901e+03 -3.411233e+01 1.696498e+00 2.305931e+02 -1.714367e+00 
3.000000e+04 0.000000e+00 5.000000e+04 2.704911e-02 0.000000e+00 -7.087512e-03 1.788310e+04 -4.485792e+04 -8.759069e+03 -3.230432e+01 9.974399e-01 2.256052e+02 -2.105182e+00 
3.025000e+04 0.000000e+00 5.000000e+04 2.660045e-02 0.000000e+00 -7.150031e-03 1.768142e+04 -4.435488e+04 -8.660286e+03 -2.908357e+01 -4.430753e-01 2.230048e+02 -2.365681e+00 
3.050000e+04 0.000000e+00 5.000000e+04 2.615674e-02 0.000000e+00 -7.210473e-03 1.748695e+04 -4.386853e+04 -8.565034e+03 -2.727564e+01 -1.913625e+00 2.183342e+02 -2.450301e+00 
3.075000e+04 0.000000e+00 5.000000e+04 2.571786e-02 0.000000e+00 -7.268912e-03 1.729765e+04 -4.339428e+04 -8.472318e+03 -2.634729e+01 -2.385542e+00 2.110138e+02 -1.472398e+00 
3.100000e+04 0.000000e+00 5.000000e+04 2.528369e-02 0.000000e+00 -7.325419e-03 1.711346e+04 -4.293154e+04 -8.382105e+03 -2.674568e+01 -1.938315e+00 2.053903e+02 -3.864497e-01 
3.125000e+04 0.000000e+00 5.000000e+04 2.485412e-02 0.000000e+00 -7.380027e-03 1.693503e+04 -4.248148e+04 -8.294709e+03 -2.890620e+01 -1.868854e+00 2.021634e+02 1.086593e-01 
3.150000e+04 0.000000e+00 5.000000e+04 2.442902e-02 0.000000e+00 -7.432762e-03 1.675927e+04 -4.204165e+04 -8.208622e+03 -2.753556e+01 -1.656664e+00 1.975792e+02 1.739247e-01 
3.175000e+04 0.000000e+00 5.000000e+04 2.400830e-02 0.000000e+00 -7.483694e-03 1.658652e+04 -4.161129e+04 -8.124011e+03 -2.427090e+01 -5.344122e-02 1.910332e+02 -1.265631e-01 
3.200000e+04 0.000000e+00 5.000000e+04 2.359184e-02 0.000000e+00 -7.532908e-03 1.641736e+04 -4.118896e+04 -8.041156e+03 -2.195975e+01 2.328085e+00 1.836890e+02 -3.013254e-01 
3.225000e+04 0.000000e+00 5.000000e+04 2.317960e-02 0.000000e+00 -7.580485e-03 1.625205e+04 -4.077379e+04 -7.960187e+03 -2.217437e+01 3.550643e+00 1.773743e+02 -1.855521e-01 
3.250000e+04 0.000000e+00 5.000000e+04 2.277150e-02 0.000000e+00 -7.626482e-03 1.609100e+04 -4.036853e+04 -7.881307e+03 -2.316796e+01 2.715061e+00 1.734077e+02 3.593270e-01 
3.275000e+04 0.000000e+00 5.000000e+04 2.236742e-02 0.000000e+00 -7.670935e-03 1.593471e+04 -3.997771e+04 -7.804758e+03 -2.167520e+01 9.949033e-01 1.710497e+02 1.181536e+00 
3.300000e+04 0.000000e+00 5.000000e+04 2.196718e-02 0.000000e+00 -7.713879e-03 1.578671e+04 -3.960351e+04 -7.732268e+03 -2.436647e+01 3.020513e-01 1.675464e+02 1.787593e+00 
3.325000e+04 0.000000e+00 5.000000e+04 2.157064e-02 0.000000e+00 -7.755331e-03 1.564244e+04 -3.923821e+04 -7.661605e+03 -2.751625e+01 1.964959e+00 1.611082e+02 2.153716e+00 
3.350000e+04 0.000000e+00 5.000000e+04 2.117776e-02 0.000000e+00 -7.795341e-03 1.549666e+04 -3.887445e+04 -7.590200e+03 -2.532184e+01 5.121054e+00 1.542118e+02 1.692944e+00 
3.375000e+04 0.000000e+00 5.000000e+04 2.078853e-02 0.000000e+00 -7.833971e-03 1.535199e+04 -3.851349e+04 -7.519344e+03 -2.314616e+01 6.310953e+00 1.490200e+02 1.074226e+00 
3.400000e+04 0.000000e+00 5.000000e+04 2.040291e-02 0.000000e+00 -7.871280e-03 1.521074e+04 -3.816044e+04 -7.450159e+03 -2.162689e+01 4.507719e+00 1.460585e+02 1.373286e+00 
3.425000e+04 0.000000e+00 5.000000e+04 2.002078e-02 0.000000e+00 -7.907338e-03 1.507781e+04 -3.782418e+04 -7.385048e+03 -2.418721e+01 1.669674e+00 1.452259e+02 1.451469e+00 
3.450000e+04 0.000000e+00 5.000000e+04 1.964193e-02 0.000000e+00 -7.942132e-03 1.495038e+04 -3.750300e+04 -7.322636e+03 -2.550619e+01 -9.169171e-01 1.450784e+02 1.846327e+00 
3.475000e+04 0.000000e+00 5.000000e+04 1.926627e-02 0.000000e+00 -7.975669e-03 1.482340e+04 -3.718813e+04 -7.260441e+03 -2.162656e+01 -1.159443e+00 1.425458e+02 2.397685e+00 
3.500000e+04 0.000000e+00 5.000000e+04 1.889374e-02 0.000000e+00 -8.008042e-03 1.470036e+04 -3.687864e+04 -7.200176e+03 -2.226009e+01 7.000858e-01 1.370611e+02 9.458059e-01 
3.525000e+04 0.000000e+00 5.000000e+04 1.852431e-02 0.000000e+00 -8.039267e-03 1.457735e+04 -3.657163e+04 -7.139927e+03 -2.049538e+01 1.849462e+00 1.320662e+02 -4.791938e-01 
3.550000e+04 0.000000e+00 5.000000e+04 1.815795e-02 0.000000e+00 -8.069388e-03 1.445501e+04 -3.626945e+04 -7.080005e+03 -1.557887e+01 1.814348e+00 1.289246e+02 -8.733153e-01 
3.575000e+04 0.000000e+00 5.000000e+04 1.779457e-02 0.000000e+00 -8.098495e-03 1.433897e+04 -3.597816e+04 -7.023170e+03 -1.559233e+01 4.677536e-01 1.269253e+02 -1.818157e+00 
3.600000e+04 0.000000e+00 5.000000e+04 1.743407e-02 0.000000e+00 -8.126599e-03 1.422526e+04 -3.569577e+04 -6.967476e+03 -1.254337e+01 -9.583525e-01 1.248811e+02 -1.869637e+00 
3.625000e+04 0.000000e+00 5.000000e+04 1.707636e-02 0.000000e+00 -8.153744e-03 1.411695e+04 -3.542475e+04 -6.914426e+03 -1.168534e+01 -1.246883e+00 1.224957e+02 -1.489656e+00 
3.650000e+04 0.000000e+00 5.000000e+04 1.672131e-02 0.000000e+00 -8.179965e-03 1.401382e+04 -3.516317e+04 -6.863911e+03 -1.437221e+01 -1.794578e+00 1.195918e+02 -1.829632e+00 
3.675000e+04 0.000000e+00 5.000000e+04 1.636888e-02 0.000000e+00 -8.205236e-03 1.390967e+04 -3.490509e+04 -6.812899e+03 -1.101616e+01 -2.038155e+00 1.166481e+02 -1.450656e+00 
3.700000e+04 0.000000e+00 5.000000e+04 1.601901e-02 0.000000e+00 -8.229601e-03 1.381051e+04 -3.465563e+04 -6.764332e+03 -1.157036e+01 -1.158174e+00 1.137927e+02 -1.157010e+00 
3.725000e+04 0.000000e+00 5.000000e+04 1.567160e-02 0.000000e+00 -8.253086e-03 1.371461e+04 -3.441269e+04 -6.717360e+03 -1.378009e+01 -2.312271e-01 1.097570e+02 -1.079226e+00 
3.750000e+04 0.000000e+00 5.000000e+04 1.532663e-02 0.000000e+00 -8.275689e-03 1.361735e+04 -3.417044e+04 -6.669720e+03 -1.188056e+01 9.589989e-01 1.048623e+02 -3.357775e-02 
3.775000e+04 0.000000e+00 5.000000e+04 1.498408e-02 0.000000e+00 -8.297464e-03 1.352308e+04 -3.393243e+04 -6.623551e+03 -1.326385e+01 2.238312e+00 1.006923e+02 6.224811e-01 
3.800000e+04 0.000000e+00 5.000000e+04 1.464390e-02 0.000000e+00 -8.318437e-03 1.343000e+04 -3.369935e+04 -6.577959e+03 -1.269524e+01 2.424454e+00 9.867491e+01 4.532598e-01 
3.825000e+04 0.000000e+00 5.000000e+04 1.430605e-02 0.000000e+00 -8.338639e-03 1.333942e+04 -3.347384e+04 -6.533594e+03 -1.082889e+01 1.234090e+00 9.741165e+01 3.684568e-01 
3.850000e+04 0.000000e+00 5.000000e+04 1.397040e-02 0.000000e+00 -8.358134e-03 1.325487e+04 -3.326019e+04 -6.492181e+03 -1.223377e+01 -7.877289e-01 9.572055e+01 9.286701e-01 
3.875000e+04 0.000000e+00 5.000000e+04 1.363685e-02 0.000000e+00 -8.376939e-03 1.317327e+04 -3.305539e+04 -6.452215e+03 -1.221423e+01 -1.703713e+00 9.339575e+01 2.227323e+00 
3.900000e+04 0.000000e+00 5.000000e+04 1.330532e-02 0.000000e+00 -8.395065e-03 1.309495e+04 -3.285722e+04 -6.413854e+03 -1.378099e+01 -8.154980e-01 8.946917e+01 2.900012e+00 
3.925000e+04 0.000000e+00 5.000000e+04 1.297576e-02 0.000000e+00 -8.412504e-03 1.301909e+04 -3.266309e+04 -6.376699e+03 -1.748842e+01 5.314178e-01 8.513101e+01 2.848542e+00 
3.950000e+04 0.000000e+00 5.000000e+04 1.264816e-02 0.000000e+00 -8.429232e-03 1.294125e+04 -3.246906e+04 -6.338571e+03 -1.611561e+01 1.969026e+00 8.134828e+01 2.880148e+00 
3.975000e+04 0.000000e+00 5.000000e+04 1.232250e-02 0.000000e+00 -8.445288e-03 1.286355e+04 -3.227805e+04 -6.300514e+03 -1.208163e+01 2.687000e+00 7.853580e+01 1.798377e+00 
4.000000e+04 0.000000e+00 5.000000e+04 1.199872e-02 0.000000e+00 -8.460725e-03 1.278972e+04 -3.209456e+04 -6.264353e+03 -1.025078e+01 2.244145e+00 7.622625e+01 -1.989744e-01 
4.025000e+04 0.000000e+00 5.000000e+04 1.167674e-02 0.000000e+00 -8.475563e-03 1.271880e+04 -3.191845e+04 -6.229618e+03 -8.337727e+00 1.826714e+00 7.408678e+01 -1.121465e+00 
4.050000e+04 0.000000e+00 5.000000e+04 1.135650e-02 0.000000e+00 -8.489850e-03 1.265123e+04 -3.174929e+04 -6.196519e+03 -7.872403e+00 1.667045e+00 7.209733e+01 -1.115701e+00 
4.075000e+04 0.000000e+00 5.000000e+04 1.103792e-02 0.000000e+00 -8.503601e-03 1.258726e+04 -3.158668e+04 -6.165187e+03 -9.900391e+00 1.264446e+00 7.010517e+01 -6.322638e-01 
4.100000e+04 0.000000e+00 5.000000e+04 1.072096e-02 0.000000e+00 -8.516788e-03 1.252481e+04 -3.142901e+04 -6.134599e+03 -1.081426e+01 9.250845e-01 6.852014e+01 8.255787e-02 
4.125000e+04 0.000000e+00 5.000000e+04 1.040556e-02 0.000000e+00 -8.529432e-03 1.246384e+04 -3.127657e+04 -6.104740e+03 -1.021851e+01 7.549314e-01 6.671996e+01 -3.749114e-01 
4.150000e+04 0.000000e+00 5.000000e+04 1.009167e-02 0.000000e+00 -8.541542e-03 1.240562e+04 -3.113031e+04 -6.076224e+03 -1.034146e+01 6.006732e-01 6.522766e+01 -4.255176e-01 
4.175000e+04 0.000000e+00 5.000000e+04 9.779212e-03 0.000000e+00 -8.553110e-03 1.234964e+04 -3.098834e+04 -6.048804e+03 -1.178356e+01 9.285324e-01 6.296882e+01 1.342791e+00 
4.200000e+04 0.000000e+00 5.000000e+04 9.468178e-03 0.000000e+00 -8.564192e-03 1.229490e+04 -3.084826e+04 -6.021992e+03 -1.444269e+01 7.812230e-01 6.002903e+01 2.163847e+00 
4.225000e+04 0.000000e+00 5.000000e+04 9.158555e-03 0.000000e+00 -8.574760e-03 1.224050e+04 -3.070960e+04 -5.995346e+03 -1.654916e+01 -3.236707e-02 6.002522e+01 2.561969e+00 
4.250000e+04 0.000000e+00 5.000000e+04 8.850321e-03 0.000000e+00 -8.584755e-03 1.218624e+04 -3.057518e+04 -5.968772e+03 -1.477747e+01 -6.684151e-01 6.173557e+01 4.072145e+00 
4.275000e+04 0.000000e+00 5.000000e+04 8.543395e-03 0.000000e+00 -8.594269e-03 1.213463e+04 -3.044820e+04 -5.943491e+03 -1.218936e+01 -2.692548e+00 6.122840e+01 3.850279e+00 
4.300000e+04 0.000000e+00 5.000000e+04 8.237704e-03 0.000000e+00 -8.603401e-03 1.208629e+04 -3.032851e+04 -5.919815e+03 -1.053740e+01 -5.057026e+00 5.880771e+01 1.499267e+00 
4.325000e+04 0.000000e+00 5.000000e+04 7.933178e-03 0.000000e+00 -8.612165e-03 1.204189e+04 -3.021787e+04 -5.898066e+03 -9.721388e+00 -4.957268e+00 5.712916e+01 6.126599e-01 
4.350000e+04 0.000000e+00 5.000000e+04 7.629709e-03 0.000000e+00 -8.620569e-03 1.200127e+04 -3.011541e+04 -5.878174e+03 -1.023486e+01 -3.238486e+00 5.365660e+01 2.327182e+00 
4.375000e+04 0.000000e+00 5.000000e+04 7.327247e-03 0.000000e+00 -8.628606e-03 1.196134e+04 -3.001268e+04 -5.858615e+03 -1.271737e+01 -1.757553e+00 4.716201e+01 3.554635e+00 
4.400000e+04 0.000000e+00 5.000000e+04 7.025857e-03 0.000000e+00 -8.636191e-03 1.191917e+04 -2.990555e+04 -5.837959e+03 -1.398608e+01 -5.669325e-01 4.393999e+01 3.141982e+00 
4.425000e+04 0.000000e+00 5.000000e+04 6.725557e-03 0.000000e+00 -8.643284e-03 1.187651e+04 -2.980133e+04 -5.817067e+03 -1.114068e+01 4.437019e-01 4.433727e+01 2.135972e+00 
4.450000e+04 0.000000e+00 5.000000e+04 6.426250e-03 0.000000e+00 -8.649955e-03 1.183694e+04 -2.970528e+04 -5.797686e+03 -7.865938e+00 8.824100e-02 4.212225e+01 3.233762e-01 
4.475000e+04 0.000000e+00 5.000000e+04 6.127867e-03 0.000000e+00 -8.656272e-03 1.180000e+04 -2.961428e+04 -5.779590e+03 -6.117414e+00 -7.383161e-01 3.771953e+01 -1.472412e+00 
4.500000e+04 0.000000e+00 5.000000e+04 5.830383e-03 0.000000e+00 -8.662248e-03 1.176515e+04 -2.952777e+04 -5.762524e+03 -5.169847e+00 4.566264e-01 3.539306e+01 -2.016704e+00 
4.525000e+04 0.000000e+00 5.000000e+04 5.533736e-03 0.000000e+00 -8.667884e-03 1.173359e+04 -2.944788e+04 -5.747064e+03 -5.818077e+00 2.204194e+00 3.336226e+01 -1.809604e+00 
4.550000e+04 0.000000e+00 5.000000e+04 5.237863e-03 0.000000e+00 -8.673178e-03 1.170515e+04 -2.937255e+04 -5.733132e+03 -9.758730e+00 2.493370e+00 2.922792e+01 -7.010625e-01 
4.575000e+04 0.000000e+00 5.000000e+04 4.942751e-03 0.000000e+00 -8.678088e-03 1.167557e+04 -2.929780e+04 -5.718648e+03 -1.026973e+01 3.815945e+00 2.622669e+01 3.675402e-01 
4.600000e+04 0.000000e+00 5.000000e+04 4.648384e-03 0.000000e+00 -8.682631e-03 1.164495e+04 -2.922480e+04 -5.703650e+03 -6.412102e+00 5.878219e+00 2.452482e+01 -1.826494e+00 
4.625000e+04 0.000000e+00 5.000000e+04 4.354722e-03 0.000000e+00 -8.686877e-03 1.161529e+04 -2.915545e+04 -5.689124e+03 -1.310595e+00 5.119451e+00 2.160672e+01 -3.589745e+00 
4.650000e+04 0.000000e+00 5.000000e+04 4.061726e-03 0.000000e+00 -8.690899e-03 1.159016e+04 -2.909292e+04 -5.676815e+03 -7.571103e-01 2.720972e+00 2.002322e+01 -1.217868e+00 
4.675000e+04 0.000000e+00 5.000000e+04 3.769320e-03 0.000000e+00 -8.694697e-03 1.157104e+04 -2.903978e+04 -5.667449e+03 -5.898348e+00 6.130638e-01 2.210738e+01 1.281683e+00 
4.700000e+04 0.000000e+00 5.000000e+04 3.477417e-03 0.000000e+00 -8.698189e-03 1.155499e+04 -2.899462e+04 -5.659589e+03 -1.077391e+01 -1.747795e+00 2.395183e+01 2.445722e+00 
4.725000e+04 0.000000e+00 5.000000e+04 3.185944e-03 0.000000e+00 -8.701329e-03 1.153984e+04 -2.895553e+04 -5.652168e+03 -1.182623e+01 -2.875350e+00 2.381360e+01 4.159804e+00 
4.750000e+04 0.000000e+00 5.000000e+04 2.894833e-03 0.000000e+00 -8.704114e-03 1.152387e+04 -2.891740e+04 -5.644347e+03 -9.880888e+00 -7.991669e-01 2.186942e+01 4.305351e+00 
4.775000e+04 0.000000e+00 5.000000e+04 2.604118e-03 0.000000e+00 -8.706574e-03 1.150452e+04 -2.887361e+04 -5.634869e+03 -5.093060e+00 1.234456e+00 1.737331e+01 1.843464e+00 
4.800000e+04 0.000000e+00 5.000000e+04 2.313865e-03 0.000000e+00 -8.708808e-03 1.148659e+04 -2.883017e+04 -5.626084e+03 -3.511544e+00 5.727236e-01 1.344896e+01 9.283855e-01 
4.825000e+04 0.000000e+00 5.000000e+04 2.024016e-03 0.000000e+00 -8.710830e-03 1.147453e+04 -2.879637e+04 -5.620177e+03 -7.030491e+00 -1.059155e+00 1.325559e+01 1.893396e+00 
4.850000e+04 0.000000e+00 5.000000e+04 1.734460e-03 0.000000e+00 -8.712618e-03 1.146632e+04 -2.877359e+04 -5.616154e+03 -9.199312e+00 -3.026887e+00 1.419810e+01 2.166134e+00 
4.875000e+04 0.000000e+00 5.000000e+04 1.445080e-03 0.000000e+00 -8.714151e-03 1.146072e+04 -2.875938e+04 -5.613414e+03 -9.371119e+00 -3.673278e+00 1.228594e+01 1.846687e+00 
4.900000e+04 0.000000e+00 5.000000e+04 1.155811e-03 0.000000e+00 -8.715361e-03 1.145445e+04 -2.874612e+04 -5.610342e+03 -6.887879e+00 -2.399321e+00 9.760904e+00 3.928181e-01 
4.925000e+04 0.000000e+00 5.000000e+04 8.666853e-04 0.000000e+00 -8.716248e-03 1.144695e+04 -2.873004e+04 -5.606668e+03 -4.128546e+00 -1.707805e+00 8.790700e+00 -1.304009e+00 
4.950000e+04 0.000000e+00 5.000000e+04 5.777264e-04 0.000000e+00 -8.716846e-03 1.144191e+04 -2.871750e+04 -5.604200e+03 -4.023568e+00 -2.740262e+00 7.273340e+00 -1.416172e+00 
4.975000e+04 0.000000e+00 5.000000e+04 2.888528e-04 0.000000e+00 -8.717183e-03 1.144023e+04 -2.871243e+04 -5.603377e+03 -4.873850e+00 -2.692013e+00 4.787473e+00 6.273627e-02 
5.000000e+04 0.000000e+00 5.000000e+04 0.000000e+00 0.000000e+00 -8.717220e-03 1.143624e+04 -2.870965e+04 -5.601426e+03 2.340528e+00 0.000000e+00 -1.461639e+00 -2.823895e+00 
