#1 2 3 4 5 6 7  8  9 10 11 12 13
#x y z u v w p xx yy zz xy xz yz
0.000000e+00 0.000000e+00 1.000000e+05 0.000000e+00 0.000000e+00 3.068346e-01 -7.766288e+05 1.936786e+06 3.803896e+05 1.271092e+04 0.000000e+00 -4.815231e+04 -2.764026e-01 
2.500000e+02 0.000000e+00 1.000000e+05 1.945495e-02 0.000000e+00 3.056308e-01 -7.679672e+05 1.915078e+06 3.761472e+05 1.267649e+04 -5.378370e-02 -1.790563e+04 2.534815e-01 
5.000000e+02 0.000000e+00 1.000000e+05 3.847327e-02 0.000000e+00 3.020725e-01 -7.425892e+05 1.851492e+06 3.637171e+05 1.255815e+04 -2.868597e-01 -3.457781e+04 1.947393e-01 
7.500000e+02 0.000000e+00 1.000000e+05 5.664933e-02 0.000000e+00 2.963135e-01 -7.022215e+05 1.750422e+06 3.439452e+05 1.229703e+04 -1.370773e-01 -4.895265e+04 8.100421e-02 
1.000000e+03 0.000000e+00 1.000000e+05 7.363519e-02 0.000000e+00 2.885925e-01 -6.494898e+05 1.618526e+06 3.181175e+05 1.182637e+04 -5.611735e-01 -6.026686e+04 -2.730565e-02 
1.250000e+03 0.000000e+00 1.000000e+05 8.915953e-02 0.000000e+00 2.792106e-01 -5.875875e+05 1.463877e+06 2.877979e+05 1.108743e+04 -5.272793e-01 -6.812615e+04 2.527507e-01 
1.500000e+03 0.000000e+00 1.000000e+05 1.030372e-01 0.000000e+00 2.685042e-01 -5.199171e+05 1.295038e+06 2.546533e+05 1.005995e+04 -5.726874e-01 -7.250563e+04 2.114620e-01 
1.750000e+03 0.000000e+00 1.000000e+05 1.151692e-01 0.000000e+00 2.568193e-01 -4.497509e+05 1.120204e+06 2.202861e+05 8.762737e+03 -4.643849e-01 -7.369006e+04 4.923252e-01 
2.000000e+03 0.000000e+00 1.000000e+05 1.255351e-01 0.000000e+00 2.444891e-01 -3.799740e+05 9.465533e+05 1.861097e+05 7.258997e+03 -1.674377e-01 -7.217836e+04 3.863984e-01 
2.250000e+03 0.000000e+00 1.000000e+05 1.341802e-01 0.000000e+00 2.318162e-01 -3.129146e+05 7.798493e+05 1.532643e+05 5.630131e+03 1.973368e-02 -6.857816e+04 5.298559e-01 
2.500000e+03 0.000000e+00 1.000000e+05 1.411997e-01 0.000000e+00 2.190624e-01 -2.502868e+05 6.242978e+05 1.225895e+05 3.973218e+03 2.222973e-01 -6.351574e+04 1.563399e-01 
2.750000e+03 0.000000e+00 1.000000e+05 1.467229e-01 0.000000e+00 2.064436e-01 -1.932025e+05 4.826033e+05 9.462977e+04 2.374318e+03 -1.317199e-02 -5.756528e+04 1.977301e-01 
3.000000e+03 0.000000e+00 1.000000e+05 1.508991e-01 0.000000e+00 1.941292e-01 -1.422475e+05 3.561658e+05 6.967224e+04 9.043819e+02 2.579255e-01 -5.121027e+04 2.436210e-01 
3.250000e+03 0.000000e+00 1.000000e+05 1.538853e-01 0.000000e+00 1.822454e-01 -9.758157e+04 2.453397e+05 4.779506e+04 -3.900719e+02 -3.568618e-02 -4.482509e+04 3.209652e-02 
3.500000e+03 0.000000e+00 1.000000e+05 1.558377e-01 0.000000e+00 1.708804e-01 -5.904980e+04 1.497120e+05 2.892235e+04 -1.484931e+03 3.893544e-01 -3.868079e+04 4.097955e-01 
3.750000e+03 0.000000e+00 1.000000e+05 1.569050e-01 0.000000e+00 1.600903e-01 -2.628542e+04 6.835233e+04 1.287449e+04 -2.370555e+03 2.144693e-01 -3.295110e+04 1.535022e-01 
4.000000e+03 0.000000e+00 1.000000e+05 1.572246e-01 0.000000e+00 1.499052e-01 1.210115e+03 2.093559e+01 -5.927095e+02 -3.058572e+03 5.194692e-01 -2.773905e+04 1.769493e-01 
4.250000e+03 0.000000e+00 1.000000e+05 1.569204e-01 0.000000e+00 1.403351e-01 2.399365e+04 -5.666393e+04 -1.175199e+04 -3.565030e+03 4.107878e-01 -2.308650e+04 -1.552494e-01 
4.500000e+03 0.000000e+00 1.000000e+05 1.561018e-01 0.000000e+00 1.313750e-01 4.264014e+04 -1.031206e+05 -2.088497e+04 -3.914892e+03 -2.563450e-01 -1.899570e+04 -3.267236e-01 
4.750000e+03 0.000000e+00 1.000000e+05 1.548645e-01 0.000000e+00 1.230086e-01 5.770014e+04 -1.407091e+05 -2.826129e+04 -4.130023e+03 3.391823e-01 -1.544590e+04 -4.554295e-01 
5.000000e+03 0.000000e+00 1.000000e+05 1.532906e-01 0.000000e+00 1.152126e-01 6.969080e+04 -1.707013e+05 -3.413427e+04 -4.236836e+03 -8.478135e-01 -1.239304e+04 -3.162830e-01 
5.250000e+03 0.000000e+00 1.000000e+05 1.514503e-01 0.000000e+00 1.079586e-01 7.907829e+04 -1.942455e+05 -3.873223e+04 -4.257157e+03 -2.517009e-01 -9.794632e+03 8.434077e-02 
5.500000e+03 0.000000e+00 1.000000e+05 1.494028e-01 0.000000e+00 1.012155e-01 8.627474e+04 -2.123566e+05 -4.225702e+04 -4.210622e+03 -5.588609e-01 -7.595310e+03 1.546809e-01 
5.750000e+03 0.000000e+00 1.000000e+05 1.471978e-01 0.000000e+00 9.495100e-02 9.164097e+04 -2.259257e+05 -4.488537e+04 -4.111855e+03 -3.092324e-01 -5.747685e+03 3.744069e-01 
6.000000e+03 0.000000e+00 1.000000e+05 1.448768e-01 0.000000e+00 8.913270e-02 9.548887e+04 -2.357189e+05 -4.677006e+04 -3.977632e+03 -1.315541e-01 -4.203761e+03 1.519844e-01 
6.250000e+03 0.000000e+00 1.000000e+05 1.424741e-01 0.000000e+00 8.372883e-02 9.808440e+04 -2.423944e+05 -4.804134e+04 -3.817494e+03 -2.979162e-01 -2.920681e+03 -7.318672e-02 
6.500000e+03 0.000000e+00 1.000000e+05 1.400180e-01 0.000000e+00 7.870881e-02 9.965292e+04 -2.465066e+05 -4.880959e+04 -3.642577e+03 9.735051e-02 -1.860825e+03 1.238545e-01 
6.750000e+03 0.000000e+00 1.000000e+05 1.375317e-01 0.000000e+00 7.404361e-02 1.003839e+05 -2.485277e+05 -4.916762e+04 -3.456337e+03 -5.694229e-01 -9.879452e+02 -1.780643e-01 
7.000000e+03 0.000000e+00 1.000000e+05 1.350340e-01 0.000000e+00 6.970585e-02 1.004392e+05 -2.488532e+05 -4.919471e+04 -3.269722e+03 1.191297e-01 -2.770209e+02 1.008518e-01 
7.250000e+03 0.000000e+00 1.000000e+05 1.325402e-01 0.000000e+00 6.567001e-02 9.994808e+04 -2.478083e+05 -4.895416e+04 -3.081797e+03 -1.204642e-01 3.017111e+02 1.689497e-01 
7.500000e+03 0.000000e+00 1.000000e+05 1.300626e-01 0.000000e+00 6.191237e-02 9.902418e+04 -2.456731e+05 -4.850164e+04 -2.897754e+03 -4.484953e-01 7.683301e+02 2.237368e-01 
7.750000e+03 0.000000e+00 1.000000e+05 1.276109e-01 0.000000e+00 5.841097e-02 9.775853e+04 -2.426731e+05 -4.788173e+04 -2.720732e+03 3.281880e-01 1.140118e+03 8.336064e-02 
8.000000e+03 0.000000e+00 1.000000e+05 1.251928e-01 0.000000e+00 5.514559e-02 9.622456e+04 -2.389953e+05 -4.713040e+04 -2.547991e+03 2.708657e-01 1.434399e+03 1.410178e-01 
8.250000e+03 0.000000e+00 1.000000e+05 1.228143e-01 0.000000e+00 5.209762e-02 9.448892e+04 -2.348004e+05 -4.628029e+04 -2.386067e+03 2.871870e-01 1.664282e+03 1.975972e-01 
8.500000e+03 0.000000e+00 1.000000e+05 1.204798e-01 0.000000e+00 4.924999e-02 9.259892e+04 -2.302138e+05 -4.535457e+04 -2.228431e+03 5.794620e-01 1.839040e+03 -3.240916e-01 
8.750000e+03 0.000000e+00 1.000000e+05 1.181928e-01 0.000000e+00 4.658699e-02 9.060081e+04 -2.253423e+05 -4.437591e+04 -2.084240e+03 6.566490e-01 1.969273e+03 -2.468798e-01 
9.000000e+03 0.000000e+00 1.000000e+05 1.159557e-01 0.000000e+00 4.409433e-02 8.852618e+04 -2.202732e+05 -4.335976e+04 -1.945533e+03 -1.181498e-02 2.064108e+03 -2.759010e-01 
9.250000e+03 0.000000e+00 1.000000e+05 1.137700e-01 0.000000e+00 4.175887e-02 8.640577e+04 -2.150788e+05 -4.232120e+04 -1.817332e+03 -6.165049e-02 2.127941e+03 -8.681138e-01 
9.500000e+03 0.000000e+00 1.000000e+05 1.116367e-01 0.000000e+00 3.956859e-02 8.426075e+04 -2.098136e+05 -4.127057e+04 -1.698139e+03 8.857425e-02 2.166550e+03 -4.687994e-01 
9.750000e+03 0.000000e+00 1.000000e+05 1.095564e-01 0.000000e+00 3.751252e-02 8.210876e+04 -2.045244e+05 -4.021653e+04 -1.585298e+03 -1.925379e-01 2.186110e+03 -4.211992e-01 
1.000000e+04 0.000000e+00 1.000000e+05 1.075290e-01 0.000000e+00 3.558060e-02 7.996663e+04 -1.992514e+05 -3.916733e+04 -1.481153e+03 -3.985535e-01 2.188726e+03 -6.355709e-01 
1.025000e+04 0.000000e+00 1.000000e+05 1.055543e-01 0.000000e+00 3.376362e-02 7.784411e+04 -1.940210e+05 -3.812773e+04 -1.383592e+03 -1.033583e-01 2.177139e+03 -4.051647e-01 
1.050000e+04 0.000000e+00 1.000000e+05 1.036317e-01 0.000000e+00 3.205316e-02 7.575155e+04 -1.888573e+05 -3.710280e+04 -1.294510e+03 -3.116569e-01 2.155508e+03 -3.904617e-01 
1.075000e+04 0.000000e+00 1.000000e+05 1.017604e-01 0.000000e+00 3.044151e-02 7.369477e+04 -1.837806e+05 -3.609540e+04 -1.208338e+03 -7.688259e-01 2.126121e+03 -7.012942e-01 
1.100000e+04 0.000000e+00 1.000000e+05 9.993957e-02 0.000000e+00 2.892157e-02 7.168240e+04 -1.788058e+05 -3.510975e+04 -1.131664e+03 -6.571521e-01 2.089556e+03 -1.008334e+00 
1.125000e+04 0.000000e+00 1.000000e+05 9.816804e-02 0.000000e+00 2.748685e-02 6.971514e+04 -1.739404e+05 -3.414619e+04 -1.058873e+03 -5.754825e-01 2.047761e+03 -6.448874e-01 
1.150000e+04 0.000000e+00 1.000000e+05 9.644472e-02 0.000000e+00 2.613139e-02 6.779775e+04 -1.691948e+05 -3.320706e+04 -9.914324e+02 -5.557147e-01 2.002474e+03 -7.625882e-01 
1.175000e+04 0.000000e+00 1.000000e+05 9.476835e-02 0.000000e+00 2.484973e-02 6.593186e+04 -1.645741e+05 -3.229315e+04 -9.283516e+02 -5.220150e-01 1.953468e+03 -8.790765e-01 
1.200000e+04 0.000000e+00 1.000000e+05 9.313769e-02 0.000000e+00 2.363680e-02 6.411888e+04 -1.600805e+05 -3.140517e+04 -8.709339e+02 -3.454404e-02 1.902518e+03 -6.500533e-01 
1.225000e+04 0.000000e+00 1.000000e+05 9.155146e-02 0.000000e+00 2.248801e-02 6.235955e+04 -1.557166e+05 -3.054345e+04 -8.185982e+02 -1.225452e-01 1.850808e+03 -5.228983e-01 
1.250000e+04 0.000000e+00 1.000000e+05 9.000837e-02 0.000000e+00 2.139909e-02 6.065201e+04 -1.514830e+05 -2.970711e+04 -7.658835e+02 -4.706883e-02 1.798933e+03 -9.274549e-01 
1.275000e+04 0.000000e+00 1.000000e+05 8.850707e-02 0.000000e+00 2.036609e-02 5.899976e+04 -1.473810e+05 -2.889784e+04 -7.203900e+02 3.144837e-02 1.746268e+03 -8.321426e-01 
1.300000e+04 0.000000e+00 1.000000e+05 8.704629e-02 0.000000e+00 1.938539e-02 5.739993e+04 -1.434078e+05 -2.811425e+04 -6.777514e+02 2.673859e-01 1.693950e+03 -5.477273e-01 
1.325000e+04 0.000000e+00 1.000000e+05 8.562473e-02 0.000000e+00 1.845365e-02 5.585156e+04 -1.395619e+05 -2.735586e+04 -6.368917e+02 2.678957e-01 1.641814e+03 -5.090398e-01 
1.350000e+04 0.000000e+00 1.000000e+05 8.424113e-02 0.000000e+00 1.756779e-02 5.435345e+04 -1.358403e+05 -2.662210e+04 -5.979190e+02 3.665370e-01 1.590363e+03 -8.134704e-01 
1.375000e+04 0.000000e+00 1.000000e+05 8.289427e-02 0.000000e+00 1.672490e-02 5.290630e+04 -1.322420e+05 -2.591329e+04 -5.636056e+02 1.433879e-01 1.539989e+03 -8.466656e-01 
1.400000e+04 0.000000e+00 1.000000e+05 8.158292e-02 0.000000e+00 1.592237e-02 5.150877e+04 -1.287641e+05 -2.522878e+04 -5.333895e+02 -1.408933e-01 1.491403e+03 -6.184503e-01 
1.425000e+04 0.000000e+00 1.000000e+05 8.030589e-02 0.000000e+00 1.515776e-02 5.015567e+04 -1.254014e+05 -2.456604e+04 -4.996227e+02 -2.666777e-01 1.443496e+03 -1.236869e+00 
1.450000e+04 0.000000e+00 1.000000e+05 7.906203e-02 0.000000e+00 1.442876e-02 4.885048e+04 -1.221526e+05 -2.392677e+04 -4.720803e+02 -4.663525e-01 1.397007e+03 -1.007189e+00 
1.475000e+04 0.000000e+00 1.000000e+05 7.785024e-02 0.000000e+00 1.373326e-02 4.758973e+04 -1.190134e+05 -2.330925e+04 -4.465521e+02 -4.510481e-01 1.352053e+03 -9.116322e-01 
1.500000e+04 0.000000e+00 1.000000e+05 7.666943e-02 0.000000e+00 1.306932e-02 4.637044e+04 -1.159800e+05 -2.271205e+04 -4.192640e+02 -1.156232e+00 1.307758e+03 -1.419128e+00 
1.525000e+04 0.000000e+00 1.000000e+05 7.551854e-02 0.000000e+00 1.243507e-02 4.519491e+04 -1.130515e+05 -2.213628e+04 -3.970087e+02 -1.147332e+00 1.264697e+03 -1.034746e+00 
1.550000e+04 0.000000e+00 1.000000e+05 7.439655e-02 0.000000e+00 1.182883e-02 4.405869e+04 -1.102207e+05 -2.157977e+04 -3.756203e+02 -1.055546e+00 1.222934e+03 -9.023495e-01 
1.575000e+04 0.000000e+00 1.000000e+05 7.330252e-02 0.000000e+00 1.124906e-02 4.296162e+04 -1.074859e+05 -2.104242e+04 -3.564771e+02 -1.488431e+00 1.183637e+03 -1.438992e+00 
1.600000e+04 0.000000e+00 1.000000e+05 7.223546e-02 0.000000e+00 1.069422e-02 4.190246e+04 -1.048461e+05 -2.052365e+04 -3.376389e+02 -1.736808e+00 1.144309e+03 -9.675026e-01 
1.625000e+04 0.000000e+00 1.000000e+05 7.119446e-02 0.000000e+00 1.016300e-02 4.087834e+04 -1.022934e+05 -2.002204e+04 -3.195480e+02 -7.895440e-01 1.106888e+03 -8.198078e-01 
1.650000e+04 0.000000e+00 1.000000e+05 7.017868e-02 0.000000e+00 9.654096e-03 3.988839e+04 -9.982504e+04 -1.953717e+04 -3.029538e+02 -8.101321e-01 1.070026e+03 -1.109260e+00 
1.675000e+04 0.000000e+00 1.000000e+05 6.918726e-02 0.000000e+00 9.166277e-03 3.893326e+04 -9.744186e+04 -1.906935e+04 -2.885775e+02 -1.021655e+00 1.034937e+03 -3.239438e-01 
1.700000e+04 0.000000e+00 1.000000e+05 6.821937e-02 0.000000e+00 8.698485e-03 3.800968e+04 -9.513752e+04 -1.861699e+04 -2.745312e+02 -1.547877e-01 1.000912e+03 -4.624386e-01 
1.725000e+04 0.000000e+00 1.000000e+05 6.727425e-02 0.000000e+00 8.249667e-03 3.711428e+04 -9.290591e+04 -1.817842e+04 -2.585012e+02 -2.031562e-01 9.678381e+02 -9.937750e-01 
1.750000e+04 0.000000e+00 1.000000e+05 6.635118e-02 0.000000e+00 7.818771e-03 3.625269e+04 -9.075214e+04 -1.775642e+04 -2.495074e+02 -5.612653e-01 9.375857e+02 2.001693e-01 
1.775000e+04 0.000000e+00 1.000000e+05 6.544936e-02 0.000000e+00 7.404975e-03 3.541828e+04 -8.866910e+04 -1.734773e+04 -2.380104e+02 -4.119347e-01 9.075515e+02 3.349969e-01 
1.800000e+04 0.000000e+00 1.000000e+05 6.456814e-02 0.000000e+00 7.007425e-03 3.460745e+04 -8.665045e+04 -1.695059e+04 -2.213178e+02 2.198938e-01 8.781600e+02 -9.717883e-01 
1.825000e+04 0.000000e+00 1.000000e+05 6.370686e-02 0.000000e+00 6.625186e-03 3.382747e+04 -8.469974e+04 -1.656856e+04 -2.141084e+02 1.041075e-01 8.485452e+02 1.837427e-01 
1.850000e+04 0.000000e+00 1.000000e+05 6.286487e-02 0.000000e+00 6.257577e-03 3.307211e+04 -8.281075e+04 -1.619858e+04 -2.069924e+02 4.262873e-01 8.226525e+02 1.095447e+00 
1.875000e+04 0.000000e+00 1.000000e+05 6.204156e-02 0.000000e+00 5.903975e-03 3.233776e+04 -8.098078e+04 -1.583890e+04 -1.935961e+02 -4.254133e-01 7.982109e+02 -4.105677e-01 
1.900000e+04 0.000000e+00 1.000000e+05 6.123632e-02 0.000000e+00 5.563575e-03 3.163028e+04 -7.921353e+04 -1.549238e+04 -1.849297e+02 -1.233449e+00 7.731836e+02 -2.155539e-01 
1.925000e+04 0.000000e+00 1.000000e+05 6.044853e-02 0.000000e+00 5.235750e-03 3.094683e+04 -7.750300e+04 -1.515763e+04 -1.798539e+02 -1.898454e-01 7.486608e+02 1.436106e+00 
1.950000e+04 0.000000e+00 1.000000e+05 5.967768e-02 0.000000e+00 4.920033e-03 3.028064e+04 -7.583969e+04 -1.483134e+04 -1.709049e+02 -9.076438e-02 7.258863e+02 7.365378e-01 
1.975000e+04 0.000000e+00 1.000000e+05 5.892332e-02 0.000000e+00 4.615796e-03 2.963535e+04 -7.423057e+04 -1.451527e+04 -1.602127e+02 -9.749863e-01 7.048687e+02 -8.645648e-02 
2.000000e+04 0.000000e+00 1.000000e+05 5.818480e-02 0.000000e+00 4.322442e-03 2.901434e+04 -7.267612e+04 -1.421110e+04 -1.557860e+02 -9.857822e-01 6.823551e+02 1.072999e+00 
2.025000e+04 0.000000e+00 1.000000e+05 5.746169e-02 0.000000e+00 4.039577e-03 2.840918e+04 -7.116251e+04 -1.391470e+04 -1.503308e+02 7.145353e-01 6.612888e+02 8.668269e-01 
2.050000e+04 0.000000e+00 1.000000e+05 5.675361e-02 0.000000e+00 3.766727e-03 2.781890e+04 -6.969153e+04 -1.362558e+04 -1.395826e+02 -3.329895e-01 6.421250e+02 -3.171553e-01 
2.075000e+04 0.000000e+00 1.000000e+05 5.606004e-02 0.000000e+00 3.503337e-03 2.725225e+04 -6.827337e+04 -1.334804e+04 -1.353520e+02 -1.668181e+00 6.243450e+02 2.945589e-01 
2.100000e+04 0.000000e+00 1.000000e+05 5.538047e-02 0.000000e+00 3.249050e-03 2.670309e+04 -6.689926e+04 -1.307907e+04 -1.309488e+02 -9.018592e-02 6.048508e+02 1.121002e+00 
2.125000e+04 0.000000e+00 1.000000e+05 5.471454e-02 0.000000e+00 3.003504e-03 2.616509e+04 -6.555668e+04 -1.281555e+04 -1.230383e+02 9.528372e-01 5.850317e+02 6.250548e-02 
2.150000e+04 0.000000e+00 1.000000e+05 5.406195e-02 0.000000e+00 2.766244e-03 2.564503e+04 -6.425572e+04 -1.256083e+04 -1.185476e+02 1.494093e-01 5.691092e+02 2.354582e-01 
2.175000e+04 0.000000e+00 1.000000e+05 5.342217e-02 0.000000e+00 2.536918e-03 2.514370e+04 -6.299990e+04 -1.231528e+04 -1.159169e+02 -1.007126e+00 5.534385e+02 1.600878e+00 
2.200000e+04 0.000000e+00 1.000000e+05 5.279483e-02 0.000000e+00 2.315275e-03 2.465460e+04 -6.177741e+04 -1.207572e+04 -1.106650e+02 6.860992e-01 5.374244e+02 8.416240e-01 
2.225000e+04 0.000000e+00 1.000000e+05 5.217963e-02 0.000000e+00 2.100966e-03 2.417646e+04 -6.058498e+04 -1.184153e+04 -1.028754e+02 1.387672e+00 5.201757e+02 -2.196658e-01 
2.250000e+04 0.000000e+00 1.000000e+05 5.157624e-02 0.000000e+00 1.893568e-03 2.371484e+04 -5.942851e+04 -1.161543e+04 -1.005889e+02 3.380998e-01 5.052713e+02 5.280322e-01 
2.275000e+04 0.000000e+00 1.000000e+05 5.098430e-02 0.000000e+00 1.692874e-03 2.326874e+04 -5.831011e+04 -1.139693e+04 -9.917486e+01 3.640696e-01 4.928987e+02 1.884852e+00 
2.300000e+04 0.000000e+00 1.000000e+05 5.040341e-02 0.000000e+00 1.498673e-03 2.283205e+04 -5.722017e+04 -1.118305e+04 -9.294199e+01 5.459930e-01 4.780983e+02 7.788492e-01 
2.325000e+04 0.000000e+00 1.000000e+05 4.983337e-02 0.000000e+00 1.310630e-03 2.240692e+04 -5.615844e+04 -1.097482e+04 -8.750595e+01 1.175220e+00 4.643624e+02 -3.215279e-01 
2.350000e+04 0.000000e+00 1.000000e+05 4.927382e-02 0.000000e+00 1.128441e-03 2.199672e+04 -5.512967e+04 -1.077391e+04 -8.659739e+01 5.292795e-01 4.512109e+02 1.172001e+00 
2.375000e+04 0.000000e+00 1.000000e+05 4.872448e-02 0.000000e+00 9.519317e-04 2.159736e+04 -5.412875e+04 -1.057830e+04 -8.503842e+01 3.543553e-01 4.399366e+02 1.887814e+00 
2.400000e+04 0.000000e+00 1.000000e+05 4.818506e-02 0.000000e+00 7.809583e-04 2.120674e+04 -5.315457e+04 -1.038697e+04 -7.867452e+01 7.967268e-01 4.293008e+02 8.905021e-01 
2.425000e+04 0.000000e+00 1.000000e+05 4.765529e-02 0.000000e+00 6.152069e-04 2.082758e+04 -5.220687e+04 -1.020126e+04 -7.460738e+01 1.509455e-02 4.159967e+02 -2.145266e-01 
2.450000e+04 0.000000e+00 1.000000e+05 4.713492e-02 0.000000e+00 4.544244e-04 2.046021e+04 -5.128599e+04 -1.002133e+04 -7.331398e+01 2.312025e-01 4.048583e+02 6.805544e-01 
2.475000e+04 0.000000e+00 1.000000e+05 4.662367e-02 0.000000e+00 2.984882e-04 2.010308e+04 -5.039089e+04 -9.846406e+03 -7.194677e+01 1.634806e-01 3.943902e+02 1.757634e+00 
2.500000e+04 0.000000e+00 1.000000e+05 4.612131e-02 0.000000e+00 1.472554e-04 1.975373e+04 -4.951720e+04 -9.675295e+03 -6.868352e+01 -1.958201e-01 3.845572e+02 7.190094e-01 
2.525000e+04 0.000000e+00 1.000000e+05 4.562762e-02 0.000000e+00 5.211884e-07 1.941383e+04 -4.866859e+04 -9.508815e+03 -6.408522e+01 -1.209736e-01 3.752865e+02 -1.179030e-03 
2.550000e+04 0.000000e+00 1.000000e+05 4.514232e-02 0.000000e+00 -1.419491e-04 1.908493e+04 -4.784396e+04 -9.347721e+03 -6.311023e+01 -3.635126e-01 3.640621e+02 5.336338e-01 
2.575000e+04 0.000000e+00 1.000000e+05 4.466522e-02 0.000000e+00 -2.802691e-04 1.876349e+04 -4.703837e+04 -9.190279e+03 -6.181296e+01 4.142255e-01 3.547572e+02 1.219863e+00 
2.600000e+04 0.000000e+00 1.000000e+05 4.419611e-02 0.000000e+00 -4.145385e-04 1.844948e+04 -4.625341e+04 -9.036478e+03 -5.853798e+01 3.926339e-01 3.462148e+02 7.822037e-01 
2.625000e+04 0.000000e+00 1.000000e+05 4.373479e-02 0.000000e+00 -5.449448e-04 1.814373e+04 -4.548884e+04 -8.886726e+03 -5.563383e+01 -6.158981e-01 3.372430e+02 -2.657908e-01 
2.650000e+04 0.000000e+00 1.000000e+05 4.328106e-02 0.000000e+00 -6.716623e-04 1.784688e+04 -4.474617e+04 -8.741329e+03 -5.314362e+01 -2.526091e-01 3.288377e+02 -3.304947e-02 
2.675000e+04 0.000000e+00 1.000000e+05 4.283467e-02 0.000000e+00 -7.948075e-04 1.755873e+04 -4.402292e+04 -8.600193e+03 -5.306675e+01 1.436400e-01 3.194163e+02 8.236891e-01 
2.700000e+04 0.000000e+00 1.000000e+05 4.239549e-02 0.000000e+00 -9.144641e-04 1.727600e+04 -4.331390e+04 -8.461716e+03 -5.239443e+01 4.740688e-01 3.115386e+02 6.024811e-01 
2.725000e+04 0.000000e+00 1.000000e+05 4.196337e-02 0.000000e+00 -1.030742e-03 1.699923e+04 -4.262306e+04 -8.326153e+03 -4.847015e+01 2.486613e-01 3.051099e+02 7.751485e-02 
2.750000e+04 0.000000e+00 1.000000e+05 4.153807e-02 0.000000e+00 -1.143806e-03 1.673113e+04 -4.195188e+04 -8.194840e+03 -4.667909e+01 -5.555239e-01 2.972381e+02 2.202421e-01 
2.775000e+04 0.000000e+00 1.000000e+05 4.111944e-02 0.000000e+00 -1.253772e-03 1.647045e+04 -4.129731e+04 -8.067161e+03 -4.689404e+01 2.242707e-01 2.893680e+02 5.754757e-01 
2.800000e+04 0.000000e+00 1.000000e+05 4.070732e-02 0.000000e+00 -1.360695e-03 1.621467e+04 -4.065690e+04 -7.941877e+03 -4.521583e+01 7.360510e-01 2.819475e+02 7.913192e-01 
2.825000e+04 0.000000e+00 1.000000e+05 4.030157e-02 0.000000e+00 -1.464682e-03 1.596428e+04 -4.002972e+04 -7.819238e+03 -4.387354e+01 2.603036e-01 2.753553e+02 2.568958e-01 
2.850000e+04 0.000000e+00 1.000000e+05 3.990205e-02 0.000000e+00 -1.565847e-03 1.572028e+04 -3.941930e+04 -7.699728e+03 -4.180320e+01 1.210251e-01 2.699220e+02 -4.770772e-02 
2.875000e+04 0.000000e+00 1.000000e+05 3.950858e-02 0.000000e+00 -1.664294e-03 1.548312e+04 -3.882597e+04 -7.583570e+03 -3.983051e+01 -1.447570e-02 2.627190e+02 4.256442e-01 
2.900000e+04 0.000000e+00 1.000000e+05 3.912099e-02 0.000000e+00 -1.760105e-03 1.525209e+04 -3.824507e+04 -7.470410e+03 -4.077620e+01 5.392295e-01 2.556533e+02 4.708567e-01 
2.925000e+04 0.000000e+00 1.000000e+05 3.873921e-02 0.000000e+00 -1.853326e-03 1.502387e+04 -3.767456e+04 -7.358629e+03 -3.840917e+01 1.341717e+00 2.502521e+02 1.004593e-01 
2.950000e+04 0.000000e+00 1.000000e+05 3.836310e-02 0.000000e+00 -1.944070e-03 1.480001e+04 -3.711678e+04 -7.248983e+03 -3.426182e+01 7.523575e-01 2.442838e+02 -3.968332e-01 
2.975000e+04 0.000000e+00 1.000000e+05 3.799252e-02 0.000000e+00 -2.032457e-03 1.458435e+04 -3.657503e+04 -7.143357e+03 -3.467299e+01 1.391644e-01 2.388083e+02 -5.411173e-01 
3.000000e+04 0.000000e+00 1.000000e+05 3.762730e-02 0.000000e+00 -2.118537e-03 1.437414e+04 -3.604755e+04 -7.040395e+03 -3.447268e+01 4.075407e-01 2.336703e+02 -3.586228e-01 
3.025000e+04 0.000000e+00 1.000000e+05 3.726734e-02 0.000000e+00 -2.202362e-03 1.416644e+04 -3.552916e+04 -6.938663e+03 -3.148813e+01 6.068002e-01 2.280224e+02 -6.164349e-01 
3.050000e+04 0.000000e+00 1.000000e+05 3.691254e-02 0.000000e+00 -2.284022e-03 1.396315e+04 -3.502093e+04 -6.839096e+03 -2.943454e+01 9.488968e-01 2.228683e+02 -1.269532e+00 
3.075000e+04 0.000000e+00 1.000000e+05 3.656279e-02 0.000000e+00 -2.363610e-03 1.376542e+04 -3.452620e+04 -6.742248e+03 -2.782228e+01 5.785835e-01 2.178152e+02 -1.439645e+00 
3.100000e+04 0.000000e+00 1.000000e+05 3.621794e-02 0.000000e+00 -2.441197e-03 1.357338e+04 -3.404431e+04 -6.648186e+03 -2.764236e+01 -1.850186e-01 2.128326e+02 -1.061319e+00 
3.125000e+04 0.000000e+00 1.000000e+05 3.587789e-02 0.000000e+00 -2.516820e-03 1.338631e+04 -3.357397e+04 -6.556559e+03 -2.839333e+01 1.718568e-01 2.087669e+02 -9.536054e-01 
3.150000e+04 0.000000e+00 1.000000e+05 3.554251e-02 0.000000e+00 -2.590512e-03 1.320126e+04 -3.311214e+04 -6.465921e+03 -2.570652e+01 6.561140e-01 2.040036e+02 -1.270164e+00 
3.175000e+04 0.000000e+00 1.000000e+05 3.521173e-02 0.000000e+00 -2.662378e-03 1.301991e+04 -3.265892e+04 -6.377096e+03 -2.369758e+01 4.365352e-01 1.986645e+02 -1.811285e+00 
3.200000e+04 0.000000e+00 1.000000e+05 3.488546e-02 0.000000e+00 -2.732487e-03 1.284491e+04 -3.221839e+04 -6.291384e+03 -2.494733e+01 8.374375e-02 1.947740e+02 -1.370610e+00 
3.225000e+04 0.000000e+00 1.000000e+05 3.456356e-02 0.000000e+00 -2.800858e-03 1.267388e+04 -3.178915e+04 -6.207616e+03 -2.487585e+01 -2.122961e-01 1.910719e+02 -4.357853e-01 
3.250000e+04 0.000000e+00 1.000000e+05 3.424592e-02 0.000000e+00 -2.867527e-03 1.250564e+04 -3.136783e+04 -6.125210e+03 -2.387129e+01 -1.024314e-01 1.870008e+02 -6.863422e-01 
3.275000e+04 0.000000e+00 1.000000e+05 3.393249e-02 0.000000e+00 -2.932533e-03 1.234087e+04 -3.095483e+04 -6.044510e+03 -2.328399e+01 5.772848e-01 1.828113e+02 -1.144724e+00 
3.300000e+04 0.000000e+00 1.000000e+05 3.362317e-02 0.000000e+00 -2.995955e-03 1.217921e+04 -3.055011e+04 -5.965328e+03 -2.219849e+01 6.729570e-01 1.777487e+02 -1.082770e+00 
3.325000e+04 0.000000e+00 1.000000e+05 3.331787e-02 0.000000e+00 -3.057849e-03 1.202135e+04 -3.015389e+04 -5.888008e+03 -2.215451e+01 3.105244e-01 1.740158e+02 -4.386447e-01 
3.350000e+04 0.000000e+00 1.000000e+05 3.301652e-02 0.000000e+00 -3.118220e-03 1.186822e+04 -2.976802e+04 -5.813004e+03 -2.363112e+01 5.269509e-01 1.714580e+02 1.731974e-01 
3.375000e+04 0.000000e+00 1.000000e+05 3.271900e-02 0.000000e+00 -3.177085e-03 1.171684e+04 -2.938923e+04 -5.738862e+03 -2.243063e+01 7.626156e-01 1.680467e+02 -1.706613e-01 
3.400000e+04 0.000000e+00 1.000000e+05 3.242526e-02 0.000000e+00 -3.234504e-03 1.156667e+04 -2.901539e+04 -5.665308e+03 -1.931322e+01 1.051776e+00 1.635668e+02 -6.771988e-01 
3.425000e+04 0.000000e+00 1.000000e+05 3.213524e-02 0.000000e+00 -3.290556e-03 1.142125e+04 -2.865010e+04 -5.594081e+03 -1.956175e+01 1.208161e+00 1.597704e+02 -5.176152e-01 
3.450000e+04 0.000000e+00 1.000000e+05 3.184886e-02 0.000000e+00 -3.345272e-03 1.127943e+04 -2.829303e+04 -5.524620e+03 -2.065432e+01 9.441769e-01 1.567787e+02 1.382993e-01 
3.475000e+04 0.000000e+00 1.000000e+05 3.156603e-02 0.000000e+00 -3.398660e-03 1.113980e+04 -2.794304e+04 -5.456231e+03 -2.013974e+01 7.492177e-01 1.543428e+02 2.714116e-01 
3.500000e+04 0.000000e+00 1.000000e+05 3.128669e-02 0.000000e+00 -3.450742e-03 1.100262e+04 -2.760010e+04 -5.389037e+03 -1.871239e+01 9.966758e-01 1.515546e+02 -4.492896e-02 
3.525000e+04 0.000000e+00 1.000000e+05 3.101076e-02 0.000000e+00 -3.501579e-03 1.086746e+04 -2.726247e+04 -5.322836e+03 -1.706179e+01 1.448143e+00 1.473689e+02 -2.615198e-01 
3.550000e+04 0.000000e+00 1.000000e+05 3.073820e-02 0.000000e+00 -3.551248e-03 1.073554e+04 -2.693093e+04 -5.258225e+03 -1.746907e+01 1.507551e+00 1.439915e+02 -2.157122e-01 
3.575000e+04 0.000000e+00 1.000000e+05 3.046894e-02 0.000000e+00 -3.599761e-03 1.060685e+04 -2.660733e+04 -5.195190e+03 -1.802077e+01 1.223086e+00 1.415948e+02 6.040901e-01 
3.600000e+04 0.000000e+00 1.000000e+05 3.020289e-02 0.000000e+00 -3.647126e-03 1.048058e+04 -2.629085e+04 -5.133344e+03 -1.754084e+01 7.656254e-01 1.395259e+02 9.594968e-01 
3.625000e+04 0.000000e+00 1.000000e+05 2.994000e-02 0.000000e+00 -3.693368e-03 1.035623e+04 -2.597989e+04 -5.072437e+03 -1.634841e+01 8.574398e-01 1.369033e+02 3.574208e-01 
3.650000e+04 0.000000e+00 1.000000e+05 2.968021e-02 0.000000e+00 -3.738540e-03 1.023433e+04 -2.567483e+04 -5.012734e+03 -1.543022e+01 1.213484e+00 1.337520e+02 1.305604e-02 
3.675000e+04 0.000000e+00 1.000000e+05 2.942345e-02 0.000000e+00 -3.782705e-03 1.011512e+04 -2.537554e+04 -4.954347e+03 -1.549065e+01 1.076793e+00 1.305208e+02 2.271002e-01 
3.700000e+04 0.000000e+00 1.000000e+05 2.916968e-02 0.000000e+00 -3.825875e-03 9.998378e+03 -2.508251e+04 -4.897165e+03 -1.545555e+01 6.185476e-01 1.284182e+02 9.967291e-01 
3.725000e+04 0.000000e+00 1.000000e+05 2.891882e-02 0.000000e+00 -3.868044e-03 9.885091e+03 -2.479721e+04 -4.841677e+03 -1.638332e+01 3.855519e-01 1.267831e+02 1.374445e+00 
3.750000e+04 0.000000e+00 1.000000e+05 2.867079e-02 0.000000e+00 -3.909231e-03 9.772993e+03 -2.451670e+04 -4.786772e+03 -1.550914e+01 5.398770e-01 1.241207e+02 8.432560e-01 
3.775000e+04 0.000000e+00 1.000000e+05 2.842557e-02 0.000000e+00 -3.949483e-03 9.661721e+03 -2.423957e+04 -4.732272e+03 -1.332534e+01 9.371006e-01 1.210493e+02 4.203637e-01 
3.800000e+04 0.000000e+00 1.000000e+05 2.818311e-02 0.000000e+00 -3.988852e-03 9.554070e+03 -2.396837e+04 -4.679545e+03 -1.429817e+01 1.049480e+00 1.182811e+02 7.825611e-01 
3.825000e+04 0.000000e+00 1.000000e+05 2.794335e-02 0.000000e+00 -4.027337e-03 9.449026e+03 -2.370297e+04 -4.628094e+03 -1.600944e+01 6.125545e-01 1.164157e+02 1.635464e+00 
3.850000e+04 0.000000e+00 1.000000e+05 2.770624e-02 0.000000e+00 -4.064925e-03 9.345502e+03 -2.344290e+04 -4.577389e+03 -1.622261e+01 3.790290e-01 1.153196e+02 1.740167e+00 
3.875000e+04 0.000000e+00 1.000000e+05 2.747171e-02 0.000000e+00 -4.101624e-03 9.242971e+03 -2.318734e+04 -4.527169e+03 -1.439953e+01 6.577999e-01 1.134183e+02 1.149447e+00 
3.900000e+04 0.000000e+00 1.000000e+05 2.723973e-02 0.000000e+00 -4.137480e-03 9.141844e+03 -2.293493e+04 -4.477638e+03 -1.296947e+01 1.159597e+00 1.102211e+02 7.787301e-01 
3.925000e+04 0.000000e+00 1.000000e+05 2.701028e-02 0.000000e+00 -4.172552e-03 9.043200e+03 -2.268635e+04 -4.429322e+03 -1.392449e+01 1.508993e+00 1.070694e+02 8.200868e-01 
3.950000e+04 0.000000e+00 1.000000e+05 2.678331e-02 0.000000e+00 -4.206833e-03 8.946384e+03 -2.244283e+04 -4.381903e+03 -1.442109e+01 1.302143e+00 1.056793e+02 1.381058e+00 
3.975000e+04 0.000000e+00 1.000000e+05 2.655875e-02 0.000000e+00 -4.240311e-03 8.851145e+03 -2.220425e+04 -4.335255e+03 -1.393200e+01 1.049850e+00 1.051110e+02 1.364665e+00 
4.000000e+04 0.000000e+00 1.000000e+05 2.633658e-02 0.000000e+00 -4.273006e-03 8.756560e+03 -2.196905e+04 -4.288927e+03 -1.170197e+01 1.142429e+00 1.035178e+02 3.854105e-01 
4.025000e+04 0.000000e+00 1.000000e+05 2.611675e-02 0.000000e+00 -4.304969e-03 8.663409e+03 -2.173733e+04 -4.243302e+03 -9.594302e+00 1.319417e+00 1.007179e+02 -3.033896e-01 
4.050000e+04 0.000000e+00 1.000000e+05 2.589923e-02 0.000000e+00 -4.336260e-03 8.572820e+03 -2.151005e+04 -4.198932e+03 -9.474450e+00 1.135368e+00 9.817228e+01 -3.300253e-01 
4.075000e+04 0.000000e+00 1.000000e+05 2.568397e-02 0.000000e+00 -4.366884e-03 8.484376e+03 -2.128769e+04 -4.155613e+03 -9.824169e+00 3.540481e-01 9.758807e+01 -7.574639e-03 
4.100000e+04 0.000000e+00 1.000000e+05 2.547093e-02 0.000000e+00 -4.396821e-03 8.398653e+03 -2.107154e+04 -4.113626e+03 -1.079243e+01 -2.994303e-01 9.712808e+01 5.628787e-03 
4.125000e+04 0.000000e+00 1.000000e+05 2.526003e-02 0.000000e+00 -4.426073e-03 8.313605e+03 -2.085923e+04 -4.071970e+03 -9.616085e+00 -4.474584e-01 9.577740e+01 -5.107174e-01 
4.150000e+04 0.000000e+00 1.000000e+05 2.505125e-02 0.000000e+00 -4.454680e-03 8.228514e+03 -2.064855e+04 -4.030292e+03 -6.699214e+00 -2.693975e-02 9.341511e+01 -1.125120e+00 
4.175000e+04 0.000000e+00 1.000000e+05 2.484457e-02 0.000000e+00 -4.482697e-03 8.146338e+03 -2.044187e+04 -3.990043e+03 -7.101978e+00 6.202390e-02 9.111830e+01 -1.218151e+00 
4.200000e+04 0.000000e+00 1.000000e+05 2.463995e-02 0.000000e+00 -4.510121e-03 8.066754e+03 -2.023998e+04 -3.951063e+03 -9.223610e+00 -4.610272e-01 8.971467e+01 -4.934455e-01 
4.225000e+04 0.000000e+00 1.000000e+05 2.443735e-02 0.000000e+00 -4.536929e-03 7.988015e+03 -2.004224e+04 -3.912497e+03 -9.308121e+00 -8.352703e-01 8.914059e+01 -1.734705e-01 
4.250000e+04 0.000000e+00 1.000000e+05 2.423671e-02 0.000000e+00 -4.563108e-03 7.910449e+03 -1.984816e+04 -3.874506e+03 -8.680485e+00 -7.581576e-01 8.846962e+01 -6.673428e-01 
4.275000e+04 0.000000e+00 1.000000e+05 2.403800e-02 0.000000e+00 -4.588678e-03 7.833555e+03 -1.965570e+04 -3.836843e+03 -8.126518e+00 5.924894e-03 8.611955e+01 -1.218306e+00 
4.300000e+04 0.000000e+00 1.000000e+05 2.384124e-02 0.000000e+00 -4.613691e-03 7.756274e+03 -1.946363e+04 -3.798991e+03 -6.200676e+00 5.159320e-01 8.343877e+01 -1.537677e+00 
4.325000e+04 0.000000e+00 1.000000e+05 2.364639e-02 0.000000e+00 -4.638168e-03 7.681224e+03 -1.927537e+04 -3.762232e+03 -6.071953e+00 2.450077e-01 8.195131e+01 -1.181993e+00 
4.350000e+04 0.000000e+00 1.000000e+05 2.345341e-02 0.000000e+00 -4.662098e-03 7.608793e+03 -1.909238e+04 -3.726756e+03 -7.240552e+00 -1.282174e-01 8.163325e+01 -7.192895e-01 
4.375000e+04 0.000000e+00 1.000000e+05 2.326225e-02 0.000000e+00 -4.685478e-03 7.536719e+03 -1.891248e+04 -3.691454e+03 -6.225001e+00 -5.168467e-02 8.075568e+01 -1.078744e+00 
4.400000e+04 0.000000e+00 1.000000e+05 2.307288e-02 0.000000e+00 -4.708331e-03 7.465722e+03 -1.873475e+04 -3.656680e+03 -5.733704e+00 6.095242e-01 7.869860e+01 -1.738348e+00 
4.425000e+04 0.000000e+00 1.000000e+05 2.288530e-02 0.000000e+00 -4.730701e-03 7.394287e+03 -1.855728e+04 -3.621692e+03 -3.895059e+00 1.227960e+00 7.617186e+01 -1.900257e+00 
4.450000e+04 0.000000e+00 1.000000e+05 2.269949e-02 0.000000e+00 -4.752626e-03 7.325056e+03 -1.838346e+04 -3.587783e+03 -3.927067e+00 9.380815e-01 7.454731e+01 -1.348323e+00 
4.475000e+04 0.000000e+00 1.000000e+05 2.251540e-02 0.000000e+00 -4.774097e-03 7.259931e+03 -1.821641e+04 -3.555884e+03 -7.500247e+00 1.443437e-01 7.444675e+01 -5.371978e-01 
4.500000e+04 0.000000e+00 1.000000e+05 2.233298e-02 0.000000e+00 -4.795080e-03 7.194395e+03 -1.805241e+04 -3.523785e+03 -6.993025e+00 -1.804828e-01 7.420831e+01 -1.027545e-01 
4.525000e+04 0.000000e+00 1.000000e+05 2.215219e-02 0.000000e+00 -4.815580e-03 7.129855e+03 -1.789077e+04 -3.492174e+03 -6.626229e+00 2.773890e-01 7.266235e+01 -1.244176e-01 
4.550000e+04 0.000000e+00 1.000000e+05 2.197301e-02 0.000000e+00 -4.835632e-03 7.065988e+03 -1.772990e+04 -3.460892e+03 -7.170730e+00 1.083732e+00 7.032916e+01 -2.824772e-01 
4.575000e+04 0.000000e+00 1.000000e+05 2.179546e-02 0.000000e+00 -4.855251e-03 7.002101e+03 -1.756984e+04 -3.429600e+03 -6.863877e+00 1.004844e+00 6.913526e+01 1.398037e-01 
4.600000e+04 0.000000e+00 1.000000e+05 2.161951e-02 0.000000e+00 -4.874433e-03 6.940790e+03 -1.741412e+04 -3.399571e+03 -8.684515e+00 2.387639e-01 6.930773e+01 9.613376e-01 
4.625000e+04 0.000000e+00 1.000000e+05 2.144510e-02 0.000000e+00 -4.893167e-03 6.879753e+03 -1.726176e+04 -3.369675e+03 -7.821302e+00 -2.533042e-01 6.910521e+01 1.073225e+00 
4.650000e+04 0.000000e+00 1.000000e+05 2.127221e-02 0.000000e+00 -4.911455e-03 6.819707e+03 -1.711196e+04 -3.340265e+03 -6.891332e+00 -2.950163e-01 6.824894e+01 7.595748e-01 
4.675000e+04 0.000000e+00 1.000000e+05 2.110081e-02 0.000000e+00 -4.929329e-03 6.760731e+03 -1.696309e+04 -3.311378e+03 -7.719773e+00 5.409110e-01 6.638744e+01 4.640884e-01 
4.700000e+04 0.000000e+00 1.000000e+05 2.093091e-02 0.000000e+00 -4.946824e-03 6.700221e+03 -1.681336e+04 -3.281741e+03 -5.564159e+00 7.731960e-01 6.464214e+01 3.109917e-01 
4.725000e+04 0.000000e+00 1.000000e+05 2.076252e-02 0.000000e+00 -4.963957e-03 6.642166e+03 -1.666748e+04 -3.253306e+03 -5.710174e+00 -9.122321e-02 6.395070e+01 8.822796e-01 
4.750000e+04 0.000000e+00 1.000000e+05 2.059556e-02 0.000000e+00 -4.980726e-03 6.587057e+03 -1.652743e+04 -3.226314e+03 -7.432561e+00 -7.484992e-01 6.418530e+01 1.380897e+00 
4.775000e+04 0.000000e+00 1.000000e+05 2.042999e-02 0.000000e+00 -4.997120e-03 6.532227e+03 -1.639031e+04 -3.199458e+03 -6.907863e+00 -9.240044e-01 6.378929e+01 1.221280e+00 
4.800000e+04 0.000000e+00 1.000000e+05 2.026579e-02 0.000000e+00 -5.013147e-03 6.478208e+03 -1.625447e+04 -3.173000e+03 -7.150839e+00 -2.027007e-01 6.146519e+01 1.073826e+00 
4.825000e+04 0.000000e+00 1.000000e+05 2.010295e-02 0.000000e+00 -5.028835e-03 6.423229e+03 -1.611756e+04 -3.146071e+03 -6.054428e+00 6.705885e-01 5.942015e+01 9.177374e-01 
4.850000e+04 0.000000e+00 1.000000e+05 1.994150e-02 0.000000e+00 -5.044202e-03 6.369277e+03 -1.598246e+04 -3.119646e+03 -5.723671e+00 5.178976e-01 5.849521e+01 8.929986e-01 
4.875000e+04 0.000000e+00 1.000000e+05 1.978138e-02 0.000000e+00 -5.059233e-03 6.318275e+03 -1.585248e+04 -3.094665e+03 -7.680740e+00 -3.831796e-01 5.863163e+01 1.294030e+00 
4.900000e+04 0.000000e+00 1.000000e+05 1.962255e-02 0.000000e+00 -5.073916e-03 6.267051e+03 -1.572516e+04 -3.069576e+03 -6.413050e+00 -7.113558e-01 5.831335e+01 1.321184e+00 
4.925000e+04 0.000000e+00 1.000000e+05 1.946499e-02 0.000000e+00 -5.088264e-03 6.216587e+03 -1.559971e+04 -3.044859e+03 -5.186876e+00 -2.305642e-01 5.723120e+01 7.708797e-01 
4.950000e+04 0.000000e+00 1.000000e+05 1.930868e-02 0.000000e+00 -5.102294e-03 6.167091e+03 -1.547462e+04 -3.020616e+03 -6.036731e+00 5.403721e-01 5.524397e+01 4.415568e-01 
4.975000e+04 0.000000e+00 1.000000e+05 1.915364e-02 0.000000e+00 -5.116021e-03 6.116979e+03 -1.534910e+04 -2.996071e+03 -5.764522e+00 8.021929e-01 5.355471e+01 5.156352e-01 
5.000000e+04 0.000000e+00 1.000000e+05 1.899986e-02 0.000000e+00 -5.129444e-03 6.068006e+03 -1.522612e+04 -2.972084e+03 -5.809264e+00 3.050000e-01 5.360131e+01 6.746937e-01 
5.025000e+04 0.000000e+00 1.000000e+05 1.884729e-02 0.000000e+00 -5.142546e-03 6.020424e+03 -1.510662e+04 -2.948779e+03 -5.875090e+00 -1.357512e-01 5.403567e+01 5.937888e-01 
5.050000e+04 0.000000e+00 1.000000e+05 1.869591e-02 0.000000e+00 -5.155329e-03 5.972980e+03 -1.498857e+04 -2.925541e+03 -4.826133e+00 9.430946e-02 5.323624e+01 2.090215e-01 
5.075000e+04 0.000000e+00 1.000000e+05 1.854572e-02 0.000000e+00 -5.167826e-03 5.925499e+03 -1.487053e+04 -2.902285e+03 -3.681071e+00 9.856214e-01 5.073475e+01 -4.224810e-01 
5.100000e+04 0.000000e+00 1.000000e+05 1.839671e-02 0.000000e+00 -5.180068e-03 5.878337e+03 -1.475272e+04 -2.879186e+03 -3.102274e+00 1.352426e+00 4.897872e+01 -8.000436e-01 
5.125000e+04 0.000000e+00 1.000000e+05 1.824888e-02 0.000000e+00 -5.192053e-03 5.832391e+03 -1.463711e+04 -2.856681e+03 -3.387283e+00 7.576646e-01 4.905901e+01 -4.878317e-01 
5.150000e+04 0.000000e+00 1.000000e+05 1.810219e-02 0.000000e+00 -5.203779e-03 5.788571e+03 -1.452624e+04 -2.835219e+03 -4.259120e+00 -5.810685e-02 4.947677e+01 -4.036935e-01 
5.175000e+04 0.000000e+00 1.000000e+05 1.795660e-02 0.000000e+00 -5.215230e-03 5.745557e+03 -1.441869e+04 -2.814150e+03 -3.829146e+00 -4.853853e-01 4.933857e+01 -6.578308e-01 
5.200000e+04 0.000000e+00 1.000000e+05 1.781208e-02 0.000000e+00 -5.226395e-03 5.702391e+03 -1.431142e+04 -2.793008e+03 -2.743470e+00 1.699843e-01 4.798104e+01 -7.788519e-01 
5.225000e+04 0.000000e+00 1.000000e+05 1.766864e-02 0.000000e+00 -5.237311e-03 5.659236e+03 -1.420329e+04 -2.771871e+03 -2.544532e+00 9.624674e-01 4.646999e+01 -1.332709e+00 
5.250000e+04 0.000000e+00 1.000000e+05 1.752630e-02 0.000000e+00 -5.247987e-03 5.616001e+03 -1.409536e+04 -2.750694e+03 -1.947213e+00 8.483307e-01 4.552356e+01 -1.561140e+00 
5.275000e+04 0.000000e+00 1.000000e+05 1.738502e-02 0.000000e+00 -5.258413e-03 5.574417e+03 -1.399099e+04 -2.730327e+03 -1.936515e+00 1.196425e-01 4.565664e+01 -9.099013e-01 
5.300000e+04 0.000000e+00 1.000000e+05 1.724478e-02 0.000000e+00 -5.268590e-03 5.534906e+03 -1.389052e+04 -2.710974e+03 -3.219685e+00 -3.642141e-01 4.606260e+01 -6.998138e-01 
5.325000e+04 0.000000e+00 1.000000e+05 1.710554e-02 0.000000e+00 -5.278500e-03 5.495150e+03 -1.379052e+04 -2.691502e+03 -3.429400e+00 7.366317e-02 4.552017e+01 -9.360865e-01 
5.350000e+04 0.000000e+00 1.000000e+05 1.696730e-02 0.000000e+00 -5.288151e-03 5.453637e+03 -1.368845e+04 -2.671169e+03 -1.296363e+00 1.150360e+00 4.421257e+01 -1.105138e+00 
5.375000e+04 0.000000e+00 1.000000e+05 1.683010e-02 0.000000e+00 -5.297596e-03 5.412186e+03 -1.358601e+04 -2.650867e+03 3.214374e-01 1.577769e+00 4.257043e+01 -1.572925e+00 
5.400000e+04 0.000000e+00 1.000000e+05 1.669393e-02 0.000000e+00 -5.306858e-03 5.372820e+03 -1.348654e+04 -2.631585e+03 -3.372967e-01 4.366994e-01 4.237997e+01 -1.584955e+00 
5.425000e+04 0.000000e+00 1.000000e+05 1.655873e-02 0.000000e+00 -5.315934e-03 5.335837e+03 -1.339252e+04 -2.613471e+03 -1.523381e+00 -9.167459e-01 4.341900e+01 -8.577951e-01 
5.450000e+04 0.000000e+00 1.000000e+05 1.642445e-02 0.000000e+00 -5.324816e-03 5.300600e+03 -1.330349e+04 -2.596212e+03 -2.099532e+00 -1.488242e+00 4.406858e+01 -2.745509e-01 
5.475000e+04 0.000000e+00 1.000000e+05 1.629105e-02 0.000000e+00 -5.333489e-03 5.265751e+03 -1.321517e+04 -2.579143e+03 -2.943777e+00 -1.127821e+00 4.290663e+01 5.666197e-02 
5.500000e+04 0.000000e+00 1.000000e+05 1.615855e-02 0.000000e+00 -5.341949e-03 5.230274e+03 -1.312479e+04 -2.561767e+03 -4.260010e+00 -2.087414e-01 4.120296e+01 3.418756e-01 
5.525000e+04 0.000000e+00 1.000000e+05 1.602697e-02 0.000000e+00 -5.350194e-03 5.193505e+03 -1.303292e+04 -2.543757e+03 -3.837544e+00 1.074343e-01 4.087944e+01 5.684951e-01 
5.550000e+04 0.000000e+00 1.000000e+05 1.589632e-02 0.000000e+00 -5.358239e-03 5.157301e+03 -1.294285e+04 -2.526025e+03 -3.023940e+00 -7.107394e-01 4.131367e+01 5.664441e-01 
5.575000e+04 0.000000e+00 1.000000e+05 1.576655e-02 0.000000e+00 -5.366093e-03 5.123426e+03 -1.285696e+04 -2.509433e+03 -3.887375e+00 -1.720953e+00 4.171523e+01 7.254669e-01 
5.600000e+04 0.000000e+00 1.000000e+05 1.563763e-02 0.000000e+00 -5.373754e-03 5.090866e+03 -1.277396e+04 -2.493485e+03 -5.150243e+00 -1.490494e+00 4.095794e+01 1.218579e+00 
5.625000e+04 0.000000e+00 1.000000e+05 1.550954e-02 0.000000e+00 -5.381227e-03 5.057532e+03 -1.269006e+04 -2.477158e+03 -5.375004e+00 -5.818605e-01 3.938158e+01 1.280355e+00 
5.650000e+04 0.000000e+00 1.000000e+05 1.538231e-02 0.000000e+00 -5.388511e-03 5.022542e+03 -1.260326e+04 -2.460021e+03 -4.344043e+00 1.752479e-01 3.812006e+01 1.172945e+00 
5.675000e+04 0.000000e+00 1.000000e+05 1.525596e-02 0.000000e+00 -5.395618e-03 4.987889e+03 -1.251726e+04 -2.443048e+03 -3.359323e+00 2.259746e-01 3.774841e+01 1.174523e+00 
5.700000e+04 0.000000e+00 1.000000e+05 1.513045e-02 0.000000e+00 -5.402573e-03 4.955376e+03 -1.243532e+04 -2.427123e+03 -3.682789e+00 -8.516338e-01 3.772886e+01 8.972836e-01 
5.725000e+04 0.000000e+00 1.000000e+05 1.500575e-02 0.000000e+00 -5.409370e-03 4.924177e+03 -1.235642e+04 -2.411842e+03 -4.268191e+00 -1.639128e+00 3.750973e+01 1.025927e+00 
5.750000e+04 0.000000e+00 1.000000e+05 1.488184e-02 0.000000e+00 -5.416004e-03 4.893481e+03 -1.227928e+04 -2.396807e+03 -4.352718e+00 -9.112945e-01 3.708132e+01 1.326764e+00 
5.775000e+04 0.000000e+00 1.000000e+05 1.475869e-02 0.000000e+00 -5.422488e-03 4.862933e+03 -1.220236e+04 -2.381845e+03 -4.595865e+00 8.854323e-02 3.535191e+01 1.037207e+00 
5.800000e+04 0.000000e+00 1.000000e+05 1.463633e-02 0.000000e+00 -5.428801e-03 4.831108e+03 -1.212293e+04 -2.366257e+03 -4.138414e+00 1.951010e-01 3.370371e+01 1.080691e+00 
5.825000e+04 0.000000e+00 1.000000e+05 1.451478e-02 0.000000e+00 -5.434949e-03 4.799532e+03 -1.204383e+04 -2.350791e+03 -3.972435e+00 2.591777e-01 3.366122e+01 1.052715e+00 
5.850000e+04 0.000000e+00 1.000000e+05 1.439400e-02 0.000000e+00 -5.440942e-03 4.769579e+03 -1.196880e+04 -2.336120e+03 -3.811683e+00 5.562459e-02 3.439052e+01 4.524009e-01 
5.875000e+04 0.000000e+00 1.000000e+05 1.427396e-02 0.000000e+00 -5.446764e-03 4.739746e+03 -1.189516e+04 -2.321508e+03 -2.567048e+00 -3.262310e-01 3.374034e+01 4.218879e-01 
5.900000e+04 0.000000e+00 1.000000e+05 1.415466e-02 0.000000e+00 -5.452447e-03 4.710457e+03 -1.182115e+04 -2.307163e+03 -3.059193e+00 2.974440e-01 3.198207e+01 2.253639e-01 
5.925000e+04 0.000000e+00 1.000000e+05 1.403611e-02 0.000000e+00 -5.457992e-03 4.680731e+03 -1.174645e+04 -2.292603e+03 -3.144154e+00 1.200032e+00 3.108169e+01 -4.001790e-01 
5.950000e+04 0.000000e+00 1.000000e+05 1.391831e-02 0.000000e+00 -5.463379e-03 4.649878e+03 -1.167148e+04 -2.277491e+03 -6.602613e-01 1.052103e+00 3.107182e+01 -4.508305e-01 
5.975000e+04 0.000000e+00 1.000000e+05 1.380126e-02 0.000000e+00 -5.468647e-03 4.621223e+03 -1.159977e+04 -2.263456e+03 -4.397285e-01 4.186850e-02 3.133609e+01 -7.897911e-01 
6.000000e+04 0.000000e+00 1.000000e+05 1.368490e-02 0.000000e+00 -5.473798e-03 4.594515e+03 -1.153175e+04 -2.250375e+03 -1.418821e+00 -8.414829e-01 3.138759e+01 -1.122130e+00 
6.025000e+04 0.000000e+00 1.000000e+05 1.356922e-02 0.000000e+00 -5.478805e-03 4.568090e+03 -1.146538e+04 -2.237432e+03 -1.453250e+00 -7.579483e-01 3.091017e+01 -5.661083e-01 
6.050000e+04 0.000000e+00 1.000000e+05 1.345421e-02 0.000000e+00 -5.483673e-03 4.542383e+03 -1.139929e+04 -2.224840e+03 -3.022004e+00 1.717833e-01 3.040332e+01 -3.949984e-01 
6.075000e+04 0.000000e+00 1.000000e+05 1.333986e-02 0.000000e+00 -5.488378e-03 4.514624e+03 -1.133034e+04 -2.211245e+03 -2.288134e+00 8.568716e-01 2.980781e+01 -7.511709e-01 
6.100000e+04 0.000000e+00 1.000000e+05 1.322623e-02 0.000000e+00 -5.492920e-03 4.485074e+03 -1.125927e+04 -2.196771e+03 8.180051e-01 6.308228e-01 2.918820e+01 -1.088225e+00 
6.125000e+04 0.000000e+00 1.000000e+05 1.311330e-02 0.000000e+00 -5.497346e-03 4.457900e+03 -1.119119e+04 -2.183461e+03 9.503716e-01 1.370158e-01 2.930870e+01 -1.638381e+00 
6.150000e+04 0.000000e+00 1.000000e+05 1.300104e-02 0.000000e+00 -5.501666e-03 4.432401e+03 -1.112699e+04 -2.170972e+03 7.644431e-01 -1.146296e-01 2.983072e+01 -1.706313e+00 
6.175000e+04 0.000000e+00 1.000000e+05 1.288940e-02 0.000000e+00 -5.505894e-03 4.407428e+03 -1.106465e+04 -2.158740e+03 1.104464e+00 -2.515761e-01 2.885539e+01 -1.313035e+00 
6.200000e+04 0.000000e+00 1.000000e+05 1.277839e-02 0.000000e+00 -5.510043e-03 4.383444e+03 -1.100253e+04 -2.146993e+03 -8.110718e-01 -9.939130e-02 2.729903e+01 -1.001248e+00 
6.225000e+04 0.000000e+00 1.000000e+05 1.266801e-02 0.000000e+00 -5.514076e-03 4.358656e+03 -1.093985e+04 -2.134852e+03 -1.268759e+00 4.891021e-01 2.733926e+01 -4.126726e-01 
6.250000e+04 0.000000e+00 1.000000e+05 1.255826e-02 0.000000e+00 -5.517991e-03 4.334176e+03 -1.087911e+04 -2.122862e+03 -5.551081e-01 4.251893e-01 2.779060e+01 -7.659509e-02 
6.275000e+04 0.000000e+00 1.000000e+05 1.244911e-02 0.000000e+00 -5.521805e-03 4.311296e+03 -1.082049e+04 -2.111655e+03 -1.738788e+00 -5.617928e-01 2.740496e+01 -6.256532e-02 
6.300000e+04 0.000000e+00 1.000000e+05 1.234054e-02 0.000000e+00 -5.525510e-03 4.288398e+03 -1.076221e+04 -2.100440e+03 -2.544246e+00 -6.331580e-01 2.707662e+01 3.707120e-01 
6.325000e+04 0.000000e+00 1.000000e+05 1.223256e-02 0.000000e+00 -5.529111e-03 4.266313e+03 -1.070580e+04 -2.089623e+03 -3.519216e+00 3.384316e-02 2.690425e+01 8.710499e-01 
6.350000e+04 0.000000e+00 1.000000e+05 1.212514e-02 0.000000e+00 -5.532590e-03 4.244348e+03 -1.064932e+04 -2.078864e+03 -4.859536e+00 3.190291e-02 2.636992e+01 1.424942e+00 
6.375000e+04 0.000000e+00 1.000000e+05 1.201830e-02 0.000000e+00 -5.535930e-03 4.220613e+03 -1.059001e+04 -2.067239e+03 -4.587330e+00 -7.368254e-02 2.640688e+01 1.712589e+00 
6.400000e+04 0.000000e+00 1.000000e+05 1.191207e-02 0.000000e+00 -5.539150e-03 4.196636e+03 -1.053119e+04 -2.055495e+03 -3.222879e+00 -1.559487e-01 2.702539e+01 1.126243e+00 
6.425000e+04 0.000000e+00 1.000000e+05 1.180641e-02 0.000000e+00 -5.542269e-03 4.173924e+03 -1.047515e+04 -2.044371e+03 -2.250688e+00 -7.004723e-01 2.679575e+01 8.970021e-01 
6.450000e+04 0.000000e+00 1.000000e+05 1.170130e-02 0.000000e+00 -5.545319e-03 4.152448e+03 -1.042073e+04 -2.033852e+03 -2.758615e+00 -8.553419e-01 2.588708e+01 1.221017e+00 
6.475000e+04 0.000000e+00 1.000000e+05 1.159674e-02 0.000000e+00 -5.548321e-03 4.132002e+03 -1.036775e+04 -2.023838e+03 -4.418900e+00 -4.958184e-01 2.517710e+01 1.183199e+00 
6.500000e+04 0.000000e+00 1.000000e+05 1.149270e-02 0.000000e+00 -5.551232e-03 4.111025e+03 -1.031480e+04 -2.013563e+03 -4.708342e+00 -5.700964e-01 2.468449e+01 1.678034e+00 
6.525000e+04 0.000000e+00 1.000000e+05 1.138920e-02 0.000000e+00 -5.554035e-03 4.089220e+03 -1.026101e+04 -2.002884e+03 -3.768879e+00 -7.520617e-01 2.484836e+01 2.149040e+00 
6.550000e+04 0.000000e+00 1.000000e+05 1.128625e-02 0.000000e+00 -5.556750e-03 4.068424e+03 -1.020889e+04 -1.992697e+03 -3.686334e+00 -9.284721e-01 2.547022e+01 1.227029e+00 
6.575000e+04 0.000000e+00 1.000000e+05 1.118380e-02 0.000000e+00 -5.559365e-03 4.048066e+03 -1.015856e+04 -1.982726e+03 -2.912399e+00 -1.607308e+00 2.529785e+01 6.214571e-01 
6.600000e+04 0.000000e+00 1.000000e+05 1.108185e-02 0.000000e+00 -5.561894e-03 4.027865e+03 -1.010842e+04 -1.972832e+03 -2.346577e+00 -1.946758e+00 2.460964e+01 8.793240e-01 
6.625000e+04 0.000000e+00 1.000000e+05 1.098041e-02 0.000000e+00 -5.564362e-03 4.008485e+03 -1.005904e+04 -1.963339e+03 -3.070111e+00 -1.323598e+00 2.436383e+01 5.615906e-01 
6.650000e+04 0.000000e+00 1.000000e+05 1.087946e-02 0.000000e+00 -5.566732e-03 3.988907e+03 -1.001027e+04 -1.953750e+03 -2.705567e+00 -8.177835e-01 2.400632e+01 3.786922e-01 
6.675000e+04 0.000000e+00 1.000000e+05 1.077900e-02 0.000000e+00 -5.568993e-03 3.968510e+03 -9.960333e+03 -1.943760e+03 -1.437622e+00 -8.307577e-01 2.293700e+01 3.931105e-01 
6.700000e+04 0.000000e+00 1.000000e+05 1.067904e-02 0.000000e+00 -5.571179e-03 3.948085e+03 -9.909525e+03 -1.933756e+03 -9.744030e-01 -6.366173e-01 2.279623e+01 -5.997511e-01 
6.725000e+04 0.000000e+00 1.000000e+05 1.057960e-02 0.000000e+00 -5.573287e-03 3.928021e+03 -9.860173e+03 -1.923929e+03 3.804524e-02 -3.150277e-01 2.298256e+01 -1.334624e+00 
6.750000e+04 0.000000e+00 1.000000e+05 1.048064e-02 0.000000e+00 -5.575336e-03 3.908773e+03 -9.813489e+03 -1.914501e+03 1.670533e+00 -5.516574e-01 2.189418e+01 -1.020294e+00 
6.775000e+04 0.000000e+00 1.000000e+05 1.038213e-02 0.000000e+00 -5.577361e-03 3.891529e+03 -9.768755e+03 -1.906055e+03 2.221676e-01 -1.017534e+00 2.090896e+01 -1.012694e+00 
6.800000e+04 0.000000e+00 1.000000e+05 1.028407e-02 0.000000e+00 -5.579318e-03 3.874732e+03 -9.724515e+03 -1.897828e+03 -1.852708e+00 -8.630800e-01 2.132407e+01 -9.492043e-01 
6.825000e+04 0.000000e+00 1.000000e+05 1.018646e-02 0.000000e+00 -5.581160e-03 3.856737e+03 -9.680360e+03 -1.889014e+03 -8.384556e-01 -1.111557e-01 2.160271e+01 -3.308744e-01 
6.850000e+04 0.000000e+00 1.000000e+05 1.008929e-02 0.000000e+00 -5.582919e-03 3.838575e+03 -9.635871e+03 -1.880118e+03 2.649970e-01 4.784151e-01 2.014737e+01 -6.606235e-01 
6.875000e+04 0.000000e+00 1.000000e+05 9.992567e-03 0.000000e+00 -5.584613e-03 3.820041e+03 -9.589259e+03 -1.871041e+03 1.755960e-01 5.148518e-01 1.911719e+01 -1.477972e+00 
6.900000e+04 0.000000e+00 1.000000e+05 9.896332e-03 0.000000e+00 -5.586237e-03 3.801395e+03 -9.542414e+03 -1.861908e+03 1.362941e-01 7.374585e-01 1.903714e+01 -9.991953e-01 
6.925000e+04 0.000000e+00 1.000000e+05 9.800554e-03 0.000000e+00 -5.587815e-03 3.784337e+03 -9.499077e+03 -1.853553e+03 -3.805454e-01 7.207436e-01 1.903983e+01 -1.428136e-01 
6.950000e+04 0.000000e+00 1.000000e+05 9.705194e-03 0.000000e+00 -5.589353e-03 3.768047e+03 -9.457535e+03 -1.845574e+03 -1.032042e+00 -1.580128e-01 1.890906e+01 -6.685132e-02 
6.975000e+04 0.000000e+00 1.000000e+05 9.610255e-03 0.000000e+00 -5.590823e-03 3.751841e+03 -9.415928e+03 -1.837636e+03 -1.958344e+00 -6.109598e-01 1.904630e+01 9.201475e-02 
7.000000e+04 0.000000e+00 1.000000e+05 9.515737e-03 0.000000e+00 -5.592216e-03 3.736053e+03 -9.375361e+03 -1.829904e+03 -2.895033e+00 1.116471e-01 1.902020e+01 5.671782e-01 
7.025000e+04 0.000000e+00 1.000000e+05 9.421619e-03 0.000000e+00 -5.593559e-03 3.719605e+03 -9.335263e+03 -1.821847e+03 -1.704339e+00 7.546439e-01 1.777954e+01 5.848556e-01 
7.050000e+04 0.000000e+00 1.000000e+05 9.327901e-03 0.000000e+00 -5.594864e-03 3.703388e+03 -9.294647e+03 -1.813904e+03 -1.612690e+00 5.150137e-01 1.674559e+01 5.772435e-01 
7.075000e+04 0.000000e+00 1.000000e+05 9.234600e-03 0.000000e+00 -5.596122e-03 3.688299e+03 -9.254305e+03 -1.806514e+03 -4.077923e+00 5.546095e-01 1.651107e+01 1.140868e+00 
7.100000e+04 0.000000e+00 1.000000e+05 9.141706e-03 0.000000e+00 -5.597312e-03 3.672869e+03 -9.214989e+03 -1.798956e+03 -4.662705e+00 9.874726e-01 1.684631e+01 1.724077e+00 
7.125000e+04 0.000000e+00 1.000000e+05 9.049200e-03 0.000000e+00 -5.598417e-03 3.656899e+03 -9.175664e+03 -1.791134e+03 -3.899364e+00 9.172370e-01 1.694743e+01 1.995325e+00 
7.150000e+04 0.000000e+00 1.000000e+05 8.957093e-03 0.000000e+00 -5.599445e-03 3.640743e+03 -9.134819e+03 -1.783221e+03 -4.188313e+00 6.840981e-01 1.666992e+01 1.769469e+00 
7.175000e+04 0.000000e+00 1.000000e+05 8.865410e-03 0.000000e+00 -5.600419e-03 3.623999e+03 -9.093286e+03 -1.775020e+03 -3.691388e+00 6.066702e-01 1.668594e+01 9.976475e-01 
7.200000e+04 0.000000e+00 1.000000e+05 8.774137e-03 0.000000e+00 -5.601358e-03 3.607641e+03 -9.054214e+03 -1.767008e+03 -1.702212e+00 1.320731e-01 1.666172e+01 7.201624e-01 
7.225000e+04 0.000000e+00 1.000000e+05 8.683230e-03 0.000000e+00 -5.602281e-03 3.593536e+03 -9.018982e+03 -1.760099e+03 -1.525452e+00 -6.398647e-01 1.676591e+01 1.172797e+00 
7.250000e+04 0.000000e+00 1.000000e+05 8.592664e-03 0.000000e+00 -5.603197e-03 3.581169e+03 -8.986112e+03 -1.754042e+03 -3.353951e+00 -6.338842e-01 1.615166e+01 1.163644e+00 
7.275000e+04 0.000000e+00 1.000000e+05 8.502428e-03 0.000000e+00 -5.604067e-03 3.568384e+03 -8.953007e+03 -1.747780e+03 -4.365042e+00 4.518628e-02 1.529438e+01 1.117814e+00 
7.300000e+04 0.000000e+00 1.000000e+05 8.412534e-03 0.000000e+00 -5.604845e-03 3.553885e+03 -8.916872e+03 -1.740678e+03 -4.103720e+00 1.050896e+00 1.453685e+01 1.746182e+00 
7.325000e+04 0.000000e+00 1.000000e+05 8.323023e-03 0.000000e+00 -5.605545e-03 3.537877e+03 -8.877559e+03 -1.732838e+03 -3.234475e+00 1.867402e+00 1.412008e+01 1.384961e+00 
7.350000e+04 0.000000e+00 1.000000e+05 8.233916e-03 0.000000e+00 -5.606187e-03 3.521450e+03 -8.837509e+03 -1.724792e+03 -2.049425e+00 1.337194e+00 1.457042e+01 -1.183525e-02 
7.375000e+04 0.000000e+00 1.000000e+05 8.145205e-03 0.000000e+00 -5.606772e-03 3.505589e+03 -8.799388e+03 -1.717023e+03 -3.559501e-01 -1.066838e-01 1.526564e+01 -2.878749e-01 
7.400000e+04 0.000000e+00 1.000000e+05 8.056857e-03 0.000000e+00 -5.607336e-03 3.491430e+03 -8.765064e+03 -1.710088e+03 8.618750e-01 -1.085903e+00 1.621053e+01 4.141742e-03 
7.425000e+04 0.000000e+00 1.000000e+05 7.968831e-03 0.000000e+00 -5.607910e-03 3.479666e+03 -8.734785e+03 -1.704326e+03 1.148955e-01 -1.218167e+00 1.607811e+01 -5.270814e-01 
7.450000e+04 0.000000e+00 1.000000e+05 7.881095e-03 0.000000e+00 -5.608458e-03 3.468548e+03 -8.705441e+03 -1.698881e+03 -1.322125e+00 -1.010300e+00 1.498743e+01 -6.187230e-01 
7.475000e+04 0.000000e+00 1.000000e+05 7.793667e-03 0.000000e+00 -5.608951e-03 3.455618e+03 -8.673492e+03 -1.692548e+03 -8.153727e-01 -1.754880e-01 1.409216e+01 -8.843874e-02 
7.500000e+04 0.000000e+00 1.000000e+05 7.706572e-03 0.000000e+00 -5.609403e-03 3.442089e+03 -8.640372e+03 -1.685921e+03 2.691768e-02 7.478433e-01 1.383044e+01 -5.416543e-01 
7.525000e+04 0.000000e+00 1.000000e+05 7.619805e-03 0.000000e+00 -5.609808e-03 3.428796e+03 -8.607321e+03 -1.679411e+03 3.420512e-01 5.894450e-01 1.386453e+01 -1.112422e+00 
7.550000e+04 0.000000e+00 1.000000e+05 7.533374e-03 0.000000e+00 -5.610166e-03 3.415420e+03 -8.574416e+03 -1.672859e+03 1.015881e+00 3.347796e-01 1.354835e+01 -7.665320e-01 
7.575000e+04 0.000000e+00 1.000000e+05 7.447266e-03 0.000000e+00 -5.610501e-03 3.403189e+03 -8.542946e+03 -1.666868e+03 2.472154e-01 3.496440e-01 1.375589e+01 -5.743734e-01 
7.600000e+04 0.000000e+00 1.000000e+05 7.361472e-03 0.000000e+00 -5.610805e-03 3.391030e+03 -8.512072e+03 -1.660913e+03 -1.068553e-01 1.816425e-01 1.360230e+01 -5.056701e-01 
7.625000e+04 0.000000e+00 1.000000e+05 7.275987e-03 0.000000e+00 -5.611071e-03 3.378679e+03 -8.481517e+03 -1.654863e+03 3.425308e-01 1.549313e-02 1.358782e+01 -2.121485e-01 
7.650000e+04 0.000000e+00 1.000000e+05 7.190805e-03 0.000000e+00 -5.611324e-03 3.367199e+03 -8.452354e+03 -1.649240e+03 -1.728801e-03 -2.597028e-02 1.367926e+01 -4.773055e-01 
7.675000e+04 0.000000e+00 1.000000e+05 7.105910e-03 0.000000e+00 -5.611569e-03 3.356112e+03 -8.424771e+03 -1.643810e+03 2.456381e-01 -2.869913e-01 1.317980e+01 -6.405513e-01 
7.700000e+04 0.000000e+00 1.000000e+05 7.021281e-03 0.000000e+00 -5.611801e-03 3.345822e+03 -8.398595e+03 -1.638770e+03 -1.002354e-01 -4.121272e-01 1.279343e+01 3.076768e-01 
7.725000e+04 0.000000e+00 1.000000e+05 6.936914e-03 0.000000e+00 -5.612026e-03 3.336671e+03 -8.373624e+03 -1.634288e+03 -2.100161e+00 1.737038e-01 1.225343e+01 1.042710e+00 
7.750000e+04 0.000000e+00 1.000000e+05 6.852798e-03 0.000000e+00 -5.612217e-03 3.327144e+03 -8.347780e+03 -1.629622e+03 -4.030522e+00 4.592330e-01 1.199534e+01 1.125424e+00 
7.775000e+04 0.000000e+00 1.000000e+05 6.768960e-03 0.000000e+00 -5.612325e-03 3.315906e+03 -8.319186e+03 -1.624117e+03 -4.415316e+00 4.429279e-01 1.170246e+01 1.751178e+00 
7.800000e+04 0.000000e+00 1.000000e+05 6.685421e-03 0.000000e+00 -5.612364e-03 3.303523e+03 -8.289369e+03 -1.618052e+03 -3.147818e+00 5.056205e-01 1.249307e+01 1.988724e+00 
7.825000e+04 0.000000e+00 1.000000e+05 6.602177e-03 0.000000e+00 -5.612380e-03 3.291685e+03 -8.260914e+03 -1.612254e+03 -1.886994e+00 1.209650e-01 1.335253e+01 8.121573e-01 
7.850000e+04 0.000000e+00 1.000000e+05 6.519205e-03 0.000000e+00 -5.612387e-03 3.281077e+03 -8.234693e+03 -1.607058e+03 -1.478621e+00 -9.157702e-01 1.287423e+01 1.197264e-01 
7.875000e+04 0.000000e+00 1.000000e+05 6.436486e-03 0.000000e+00 -5.612400e-03 3.270962e+03 -8.210202e+03 -1.602104e+03 -5.808509e-01 -1.501912e+00 1.234913e+01 8.290765e-01 
7.900000e+04 0.000000e+00 1.000000e+05 6.354002e-03 0.000000e+00 -5.612440e-03 3.262690e+03 -8.188794e+03 -1.598052e+03 -1.223150e+00 -1.141172e+00 1.211559e+01 1.042985e+00 
7.925000e+04 0.000000e+00 1.000000e+05 6.271718e-03 0.000000e+00 -5.612469e-03 3.255589e+03 -8.168326e+03 -1.594574e+03 -3.866211e+00 -1.138320e+00 1.241336e+01 7.829273e-01 
7.950000e+04 0.000000e+00 1.000000e+05 6.189659e-03 0.000000e+00 -5.612425e-03 3.245924e+03 -8.144167e+03 -1.589840e+03 -3.763867e+00 -9.498449e-01 1.214544e+01 1.203284e+00 
7.975000e+04 0.000000e+00 1.000000e+05 6.107859e-03 0.000000e+00 -5.612321e-03 3.234495e+03 -8.117710e+03 -1.584242e+03 -1.533018e+00 -4.296096e-01 1.220939e+01 1.031600e+00 
8.000000e+04 0.000000e+00 1.000000e+05 6.026322e-03 0.000000e+00 -5.612191e-03 3.223532e+03 -8.091674e+03 -1.578873e+03 -4.831800e-02 -5.871003e-01 1.226120e+01 -1.668256e-01 
8.025000e+04 0.000000e+00 1.000000e+05 5.945039e-03 0.000000e+00 -5.612051e-03 3.213621e+03 -8.067118e+03 -1.574018e+03 2.737540e-01 -1.223894e+00 1.183951e+01 -7.640453e-01 
8.050000e+04 0.000000e+00 1.000000e+05 5.863994e-03 0.000000e+00 -5.611915e-03 3.204767e+03 -8.044761e+03 -1.569682e+03 1.404695e-01 -1.508338e+00 1.169860e+01 -4.540296e-01 
8.075000e+04 0.000000e+00 1.000000e+05 5.783162e-03 0.000000e+00 -5.611787e-03 3.196597e+03 -8.024573e+03 -1.565680e+03 4.611112e-01 -1.277798e+00 1.149474e+01 -2.703602e-01 
8.100000e+04 0.000000e+00 1.000000e+05 5.702522e-03 0.000000e+00 -5.611644e-03 3.188848e+03 -8.004600e+03 -1.561885e+03 -5.951362e-02 -9.439166e-01 1.138314e+01 -3.895148e-01 
8.125000e+04 0.000000e+00 1.000000e+05 5.622095e-03 0.000000e+00 -5.611470e-03 3.180439e+03 -7.982979e+03 -1.557766e+03 -5.724275e-01 -8.504058e-02 1.005310e+01 -6.242081e-01 
8.150000e+04 0.000000e+00 1.000000e+05 5.541892e-03 0.000000e+00 -5.611266e-03 3.170770e+03 -7.959865e+03 -1.553030e+03 5.840036e-01 6.541299e-01 8.925541e+00 -7.973472e-01 
8.175000e+04 0.000000e+00 1.000000e+05 5.461924e-03 0.000000e+00 -5.611039e-03 3.160961e+03 -7.936225e+03 -1.548226e+03 1.568136e+00 8.101040e-01 8.725439e+00 -5.800110e-01 
8.200000e+04 0.000000e+00 1.000000e+05 5.382192e-03 0.000000e+00 -5.610806e-03 3.152514e+03 -7.913937e+03 -1.544089e+03 4.827484e-01 6.326106e-01 9.150459e+00 -4.581403e-01 
8.225000e+04 0.000000e+00 1.000000e+05 5.302677e-03 0.000000e+00 -5.610567e-03 3.144620e+03 -7.893079e+03 -1.540222e+03 -5.580840e-01 2.149792e-01 9.580893e+00 -5.908369e-01 
8.250000e+04 0.000000e+00 1.000000e+05 5.223370e-03 0.000000e+00 -5.610304e-03 3.136196e+03 -7.872741e+03 -1.536096e+03 2.494967e-01 8.514709e-02 9.011660e+00 -2.163286e-01 
8.275000e+04 0.000000e+00 1.000000e+05 5.144261e-03 0.000000e+00 -5.610020e-03 3.128004e+03 -7.852654e+03 -1.532084e+03 7.261705e-01 3.965458e-01 8.750032e+00 2.625405e-01 
8.300000e+04 0.000000e+00 1.000000e+05 5.065356e-03 0.000000e+00 -5.609741e-03 3.120174e+03 -7.832621e+03 -1.528249e+03 3.469635e-01 8.299256e-01 8.352215e+00 -3.555084e-01 
8.325000e+04 0.000000e+00 1.000000e+05 4.986652e-03 0.000000e+00 -5.609471e-03 3.111995e+03 -7.812361e+03 -1.524242e+03 6.192099e-01 4.615348e-01 8.322239e+00 -1.034110e+00 
8.350000e+04 0.000000e+00 1.000000e+05 4.908153e-03 0.000000e+00 -5.609203e-03 3.103868e+03 -7.792718e+03 -1.520262e+03 1.374697e+00 -8.966456e-02 8.449379e+00 -2.385021e-01 
8.375000e+04 0.000000e+00 1.000000e+05 4.829841e-03 0.000000e+00 -5.608964e-03 3.097823e+03 -7.776383e+03 -1.517301e+03 2.140877e-01 -5.409275e-02 8.188096e+00 7.097688e-01 
8.400000e+04 0.000000e+00 1.000000e+05 4.751676e-03 0.000000e+00 -5.608741e-03 3.093579e+03 -7.762064e+03 -1.515222e+03 -3.449631e+00 4.640023e-02 7.500422e+00 9.131496e-01 
8.425000e+04 0.000000e+00 1.000000e+05 4.673670e-03 0.000000e+00 -5.608471e-03 3.087383e+03 -7.744826e+03 -1.512188e+03 -5.135105e+00 4.025437e-01 6.814943e+00 1.638717e+00 
8.450000e+04 0.000000e+00 1.000000e+05 4.595860e-03 0.000000e+00 -5.608130e-03 3.078176e+03 -7.723555e+03 -1.507678e+03 -3.293947e+00 1.215016e+00 7.517469e+00 2.303293e+00 
8.475000e+04 0.000000e+00 1.000000e+05 4.518273e-03 0.000000e+00 -5.607761e-03 3.068866e+03 -7.701828e+03 -1.503118e+03 -1.652103e+00 1.532960e+00 7.788136e+00 1.031371e+00 
8.500000e+04 0.000000e+00 1.000000e+05 4.440892e-03 0.000000e+00 -5.607392e-03 3.060205e+03 -7.681395e+03 -1.498876e+03 -3.431449e-01 1.966617e-01 7.778715e+00 -6.570709e-01 
8.525000e+04 0.000000e+00 1.000000e+05 4.363710e-03 0.000000e+00 -5.607034e-03 3.052210e+03 -7.663269e+03 -1.494960e+03 1.600479e+00 -1.336618e+00 8.224257e+00 -3.984336e-01 
8.550000e+04 0.000000e+00 1.000000e+05 4.286685e-03 0.000000e+00 -5.606724e-03 3.047601e+03 -7.650845e+03 -1.492703e+03 7.437576e-01 -1.901889e+00 8.787006e+00 5.085074e-01 
8.575000e+04 0.000000e+00 1.000000e+05 4.209756e-03 0.000000e+00 -5.606450e-03 3.045464e+03 -7.641873e+03 -1.491656e+03 -2.862185e+00 -2.071832e+00 8.803630e+00 6.678124e-01 
8.600000e+04 0.000000e+00 1.000000e+05 4.132929e-03 0.000000e+00 -5.606133e-03 3.041183e+03 -7.629743e+03 -1.489559e+03 -4.247621e+00 -1.373899e+00 8.000533e+00 9.830662e-01 
8.625000e+04 0.000000e+00 1.000000e+05 4.056252e-03 0.000000e+00 -5.605736e-03 3.033557e+03 -7.612284e+03 -1.485824e+03 -2.562353e+00 3.456920e-01 7.546562e+00 1.276127e+00 
8.650000e+04 0.000000e+00 1.000000e+05 3.979768e-03 0.000000e+00 -5.605293e-03 3.024377e+03 -7.591893e+03 -1.481328e+03 8.852128e-02 1.793431e+00 6.447825e+00 1.533400e-01 
8.675000e+04 0.000000e+00 1.000000e+05 3.903487e-03 0.000000e+00 -5.604849e-03 3.014939e+03 -7.570886e+03 -1.476705e+03 2.772284e+00 1.406148e+00 5.946196e+00 -1.573969e+00 
8.700000e+04 0.000000e+00 1.000000e+05 3.827413e-03 0.000000e+00 -5.604441e-03 3.006628e+03 -7.551710e+03 -1.472634e+03 4.460361e+00 -2.992746e-02 6.706508e+00 -2.133960e+00 
8.725000e+04 0.000000e+00 1.000000e+05 3.751511e-03 0.000000e+00 -5.604109e-03 3.001223e+03 -7.538235e+03 -1.469987e+03 4.553265e+00 -1.262781e+00 7.586079e+00 -1.723838e+00 
8.750000e+04 0.000000e+00 1.000000e+05 3.675707e-03 0.000000e+00 -5.603850e-03 2.999257e+03 -7.530873e+03 -1.469024e+03 2.125614e+00 -2.160051e+00 7.691791e+00 -9.224943e-01 
8.775000e+04 0.000000e+00 1.000000e+05 3.599964e-03 0.000000e+00 -5.603597e-03 2.998486e+03 -7.524781e+03 -1.468646e+03 -2.031829e+00 -2.373807e+00 7.303986e+00 3.132680e-01 
8.800000e+04 0.000000e+00 1.000000e+05 3.524304e-03 0.000000e+00 -5.603286e-03 2.994982e+03 -7.514263e+03 -1.466930e+03 -3.754654e+00 -1.416366e+00 7.676113e+00 1.230077e+00 
8.825000e+04 0.000000e+00 1.000000e+05 3.448781e-03 0.000000e+00 -5.602905e-03 2.988134e+03 -7.499007e+03 -1.463576e+03 -1.820208e+00 5.263993e-01 7.211011e+00 7.499839e-01 
8.850000e+04 0.000000e+00 1.000000e+05 3.373418e-03 0.000000e+00 -5.602490e-03 2.980047e+03 -7.481611e+03 -1.459615e+03 1.085457e+00 1.607922e+00 5.830105e+00 -5.038444e-01 
8.875000e+04 0.000000e+00 1.000000e+05 3.298231e-03 0.000000e+00 -5.602098e-03 2.972406e+03 -7.463934e+03 -1.455872e+03 2.588200e+00 1.329118e+00 4.207280e+00 -1.119081e+00 
8.900000e+04 0.000000e+00 1.000000e+05 3.223216e-03 0.000000e+00 -5.601774e-03 2.967105e+03 -7.449748e+03 -1.453276e+03 1.708544e+00 5.644148e-01 3.793571e+00 -9.371373e-01 
8.925000e+04 0.000000e+00 1.000000e+05 3.148319e-03 0.000000e+00 -5.601503e-03 2.964299e+03 -7.440714e+03 -1.451902e+03 -2.822218e-01 -3.864424e-01 5.149734e+00 -1.807092e-01 
8.950000e+04 0.000000e+00 1.000000e+05 3.073496e-03 0.000000e+00 -5.601235e-03 2.962183e+03 -7.434117e+03 -1.450865e+03 -1.565912e+00 -1.019218e+00 6.023751e+00 9.891977e-01 
8.975000e+04 0.000000e+00 1.000000e+05 2.998738e-03 0.000000e+00 -5.600929e-03 2.959935e+03 -7.426570e+03 -1.449764e+03 -3.469666e+00 -9.653156e-01 5.956416e+00 1.763409e+00 
9.000000e+04 0.000000e+00 1.000000e+05 2.924076e-03 0.000000e+00 -5.600559e-03 2.955633e+03 -7.415424e+03 -1.447657e+03 -3.819467e+00 -1.870268e-01 5.394513e+00 1.438877e+00 
9.025000e+04 0.000000e+00 1.000000e+05 2.849544e-03 0.000000e+00 -5.600135e-03 2.948667e+03 -7.401063e+03 -1.444245e+03 -6.935162e-01 6.714933e-01 5.388008e+00 3.440068e-01 
9.050000e+04 0.000000e+00 1.000000e+05 2.775155e-03 0.000000e+00 -5.599708e-03 2.942022e+03 -7.386773e+03 -1.440991e+03 1.696091e+00 9.657328e-01 4.880529e+00 -7.094957e-01 
9.075000e+04 0.000000e+00 1.000000e+05 2.700899e-03 0.000000e+00 -5.599333e-03 2.936385e+03 -7.374316e+03 -1.438229e+03 3.390094e+00 5.587293e-01 3.772964e+00 -1.280587e+00 
9.100000e+04 0.000000e+00 1.000000e+05 2.626753e-03 0.000000e+00 -5.599033e-03 2.932603e+03 -7.364791e+03 -1.436377e+03 3.360696e+00 9.375565e-02 3.419431e+00 -1.194700e+00 
9.125000e+04 0.000000e+00 1.000000e+05 2.552689e-03 0.000000e+00 -5.598782e-03 2.930771e+03 -7.358034e+03 -1.435480e+03 1.199655e+00 3.773207e-02 3.324017e+00 -5.007662e-01 
9.150000e+04 0.000000e+00 1.000000e+05 2.478689e-03 0.000000e+00 -5.598537e-03 2.928563e+03 -7.351058e+03 -1.434398e+03 -2.337347e-01 6.960897e-02 3.432290e+00 2.559421e-01 
9.175000e+04 0.000000e+00 1.000000e+05 2.404772e-03 0.000000e+00 -5.598273e-03 2.925418e+03 -7.342412e+03 -1.432858e+03 -9.840368e-01 1.426823e-01 3.521505e+00 4.303060e-01 
9.200000e+04 0.000000e+00 1.000000e+05 2.330951e-03 0.000000e+00 -5.597986e-03 2.921140e+03 -7.332159e+03 -1.430762e+03 -4.982362e-01 6.818600e-02 4.321110e+00 -8.927660e-02 
9.225000e+04 0.000000e+00 1.000000e+05 2.257237e-03 0.000000e+00 -5.597691e-03 2.916289e+03 -7.321675e+03 -1.428386e+03 1.195059e+00 1.330442e-01 4.483446e+00 -6.545507e-01 
9.250000e+04 0.000000e+00 1.000000e+05 2.183618e-03 0.000000e+00 -5.597422e-03 2.912452e+03 -7.313079e+03 -1.426507e+03 2.228467e+00 1.793808e-01 3.365030e+00 -7.298730e-01 
9.275000e+04 0.000000e+00 1.000000e+05 2.110073e-03 0.000000e+00 -5.597199e-03 2.909952e+03 -7.305908e+03 -1.425282e+03 1.336020e+00 2.106374e-02 2.606570e+00 -5.248924e-01 
9.300000e+04 0.000000e+00 1.000000e+05 2.036603e-03 0.000000e+00 -5.597004e-03 2.908013e+03 -7.299351e+03 -1.424333e+03 -3.551138e-01 -5.855319e-02 2.836656e+00 -1.980388e-01 
9.325000e+04 0.000000e+00 1.000000e+05 1.963198e-03 0.000000e+00 -5.596808e-03 2.905900e+03 -7.292852e+03 -1.423298e+03 -1.550928e+00 -1.078659e-01 3.501964e+00 2.864327e-01 
9.350000e+04 0.000000e+00 1.000000e+05 1.889864e-03 0.000000e+00 -5.596590e-03 2.902921e+03 -7.285750e+03 -1.421839e+03 -1.174793e+00 -5.298514e-02 3.586538e+00 6.096033e-01 
9.375000e+04 0.000000e+00 1.000000e+05 1.816600e-03 0.000000e+00 -5.596353e-03 2.900007e+03 -7.278511e+03 -1.420412e+03 -1.099439e+00 -3.157628e-01 3.715176e+00 4.640440e-01 
9.400000e+04 0.000000e+00 1.000000e+05 1.743411e-03 0.000000e+00 -5.596109e-03 2.896657e+03 -7.270929e+03 -1.418771e+03 -2.716062e-01 -5.256709e-01 3.773193e+00 1.291651e-01 
9.425000e+04 0.000000e+00 1.000000e+05 1.670296e-03 0.000000e+00 -5.595875e-03 2.893990e+03 -7.264689e+03 -1.417465e+03 1.836312e-01 -4.803318e-01 3.750579e+00 -1.457496e-01 
9.450000e+04 0.000000e+00 1.000000e+05 1.597231e-03 0.000000e+00 -5.595668e-03 2.892248e+03 -7.260085e+03 -1.416611e+03 -4.746844e-02 -5.770147e-01 3.486316e+00 -8.516610e-02 
9.475000e+04 0.000000e+00 1.000000e+05 1.524209e-03 0.000000e+00 -5.595479e-03 2.890460e+03 -7.255927e+03 -1.415735e+03 2.835076e-01 -5.341105e-01 2.756560e+00 2.394280e-01 
9.500000e+04 0.000000e+00 1.000000e+05 1.451226e-03 0.000000e+00 -5.595284e-03 2.889653e+03 -7.251759e+03 -1.415340e+03 -1.860215e+00 -4.182988e-01 2.648834e+00 4.519164e-01 
9.525000e+04 0.000000e+00 1.000000e+05 1.378299e-03 0.000000e+00 -5.595057e-03 2.886456e+03 -7.244833e+03 -1.413774e+03 -7.612075e-01 -1.166801e-01 3.037602e+00 4.290978e-01 
9.550000e+04 0.000000e+00 1.000000e+05 1.305449e-03 0.000000e+00 -5.594810e-03 2.882601e+03 -7.237366e+03 -1.411886e+03 1.448110e+00 3.179105e-02 3.517695e+00 -1.552444e-01 
9.575000e+04 0.000000e+00 1.000000e+05 1.232662e-03 0.000000e+00 -5.594580e-03 2.880370e+03 -7.231775e+03 -1.410793e+03 1.459302e+00 -3.739215e-01 3.043208e+00 -7.730186e-01 
9.600000e+04 0.000000e+00 1.000000e+05 1.159925e-03 0.000000e+00 -5.594392e-03 2.877700e+03 -7.226702e+03 -1.409486e+03 3.088003e+00 -5.762512e-01 2.029965e+00 -9.303044e-01 
9.625000e+04 0.000000e+00 1.000000e+05 1.087231e-03 0.000000e+00 -5.594251e-03 2.877260e+03 -7.224287e+03 -1.409270e+03 1.778570e+00 -3.529961e-01 1.625066e+00 -8.526962e-01 
9.650000e+04 0.000000e+00 1.000000e+05 1.014550e-03 0.000000e+00 -5.594131e-03 2.877439e+03 -7.223063e+03 -1.409358e+03 1.046048e-01 -3.180061e-01 1.541797e+00 -5.527941e-01 
9.675000e+04 0.000000e+00 1.000000e+05 9.418887e-04 0.000000e+00 -5.594012e-03 2.875765e+03 -7.220212e+03 -1.408538e+03 1.453673e+00 4.109876e-03 1.377028e+00 -7.682219e-02 
9.700000e+04 0.000000e+00 1.000000e+05 8.692577e-04 0.000000e+00 -5.593881e-03 2.875536e+03 -7.217302e+03 -1.408426e+03 -8.795585e-01 5.619215e-01 1.042529e+00 2.172666e-02 
9.725000e+04 0.000000e+00 1.000000e+05 7.966667e-04 0.000000e+00 -5.593715e-03 2.872400e+03 -7.210842e+03 -1.406890e+03 5.313329e-01 9.774314e-01 7.130142e-01 -4.704661e-01 
9.750000e+04 0.000000e+00 1.000000e+05 7.241589e-04 0.000000e+00 -5.593545e-03 2.868513e+03 -7.203678e+03 -1.404986e+03 3.124001e+00 1.048465e+00 5.060254e-01 -1.127961e+00 
9.775000e+04 0.000000e+00 1.000000e+05 6.516995e-04 0.000000e+00 -5.593428e-03 2.867972e+03 -7.201113e+03 -1.404721e+03 1.918193e+00 2.851811e-01 6.244467e-01 -1.258027e+00 
9.800000e+04 0.000000e+00 1.000000e+05 5.792491e-04 0.000000e+00 -5.593362e-03 2.867341e+03 -7.200186e+03 -1.404412e+03 2.575859e+00 -2.041079e-01 5.896020e-01 -7.961847e-01 
9.825000e+04 0.000000e+00 1.000000e+05 5.068051e-04 0.000000e+00 -5.593325e-03 2.868222e+03 -7.201078e+03 -1.404843e+03 1.255650e+00 -1.176639e-01 1.419272e-01 -5.690507e-01 
9.850000e+04 0.000000e+00 1.000000e+05 4.343432e-04 0.000000e+00 -5.593302e-03 2.870076e+03 -7.203355e+03 -1.405752e+03 -1.122128e+00 2.728194e-02 -3.697014e-01 5.675482e-02 
9.875000e+04 0.000000e+00 1.000000e+05 3.618650e-04 0.000000e+00 -5.593266e-03 2.870445e+03 -7.203642e+03 -1.405932e+03 -1.760448e+00 9.875760e-01 -6.591139e-01 1.003733e+00 
9.900000e+04 0.000000e+00 1.000000e+05 2.894005e-04 0.000000e+00 -5.593176e-03 2.868873e+03 -7.199769e+03 -1.405162e+03 -1.689065e+00 2.037756e+00 -7.120633e-01 4.657133e-01 
9.925000e+04 0.000000e+00 1.000000e+05 2.169999e-04 0.000000e+00 -5.593061e-03 2.864431e+03 -7.191887e+03 -1.402987e+03 1.581052e+00 1.835554e+00 -8.148702e-01 -6.215144e-01 
9.950000e+04 0.000000e+00 1.000000e+05 1.446779e-04 0.000000e+00 -5.592995e-03 2.861369e+03 -7.185610e+03 -1.401487e+03 2.991480e+00 7.413322e-01 -6.043590e-01 -5.408956e-01 
9.975000e+04 0.000000e+00 1.000000e+05 7.239678e-05 0.000000e+00 -5.593005e-03 2.863113e+03 -7.189459e+03 -1.402341e+03 2.460346e+00 -1.445482e+00 -4.818663e+00 3.145838e-01 
1.000000e+05 0.000000e+00 1.000000e+05 0.000000e+00 0.000000e+00 -5.593384e-03 2.880622e+03 -7.202659e+03 -1.410917e+03 -2.828909e+01 0.000000e+00 -1.518368e+01 1.303213e+01 
