#1 2 3  4 
#z w p zz 
0.000000e+00 0.000000e+00 -3.470076e+03 1.300209e+04 
2.500000e+02 1.412808e-04 -3.473433e+03 1.300180e+04 
5.000000e+02 2.825132e-04 -3.471450e+03 1.299773e+04 
7.500000e+02 4.237163e-04 -3.476574e+03 1.300583e+04 
1.000000e+03 5.650886e-04 -3.482941e+03 1.301759e+04 
1.250000e+03 7.065078e-04 -3.486901e+03 1.302783e+04 
1.500000e+03 8.480877e-04 -3.493361e+03 1.304424e+04 
1.750000e+03 9.898379e-04 -3.499503e+03 1.305686e+04 
2.000000e+03 1.131658e-03 -3.508256e+03 1.306989e+04 
2.250000e+03 1.273627e-03 -3.519369e+03 1.309239e+04 
2.500000e+03 1.415874e-03 -3.527915e+03 1.311420e+04 
2.750000e+03 1.558283e-03 -3.535807e+03 1.313238e+04 
3.000000e+03 1.700887e-03 -3.549807e+03 1.315807e+04 
3.250000e+03 1.843768e-03 -3.566582e+03 1.318926e+04 
3.500000e+03 1.986947e-03 -3.581684e+03 1.322080e+04 
3.750000e+03 2.130430e-03 -3.594510e+03 1.324819e+04 
4.000000e+03 2.274137e-03 -3.606836e+03 1.327090e+04 
4.250000e+03 2.418038e-03 -3.626448e+03 1.330301e+04 
4.500000e+03 2.562307e-03 -3.649714e+03 1.334616e+04 
4.750000e+03 2.707001e-03 -3.670007e+03 1.338554e+04 
5.000000e+03 2.852006e-03 -3.687488e+03 1.341763e+04 
5.250000e+03 2.997289e-03 -3.708382e+03 1.345198e+04 
5.500000e+03 3.142897e-03 -3.732856e+03 1.349127e+04 
5.750000e+03 3.288862e-03 -3.757580e+03 1.353537e+04 
6.000000e+03 3.435270e-03 -3.784270e+03 1.358614e+04 
6.250000e+03 3.582178e-03 -3.811561e+03 1.363663e+04 
6.500000e+03 3.729514e-03 -3.841074e+03 1.368699e+04 
6.750000e+03 3.877319e-03 -3.871347e+03 1.374018e+04 
7.000000e+03 4.025614e-03 -3.900753e+03 1.379484e+04 
7.250000e+03 4.174426e-03 -3.933458e+03 1.385504e+04 
7.500000e+03 4.323825e-03 -3.966503e+03 1.391687e+04 
7.750000e+03 4.473778e-03 -4.001529e+03 1.397780e+04 
8.000000e+03 4.624272e-03 -4.036588e+03 1.403919e+04 
8.250000e+03 4.775330e-03 -4.070652e+03 1.410155e+04 
8.500000e+03 4.926966e-03 -4.109170e+03 1.416923e+04 
8.750000e+03 5.079245e-03 -4.149204e+03 1.424138e+04 
9.000000e+03 5.232194e-03 -4.190486e+03 1.431669e+04 
9.250000e+03 5.385850e-03 -4.234104e+03 1.439499e+04 
9.500000e+03 5.540222e-03 -4.279292e+03 1.447327e+04 
9.750000e+03 5.695282e-03 -4.326028e+03 1.455273e+04 
1.000000e+04 5.851069e-03 -4.373839e+03 1.463261e+04 
1.025000e+04 6.007540e-03 -4.419769e+03 1.471021e+04 
1.050000e+04 6.164705e-03 -4.468226e+03 1.479206e+04 
1.075000e+04 6.322629e-03 -4.520509e+03 1.487869e+04 
1.100000e+04 6.481319e-03 -4.573886e+03 1.496860e+04 
1.125000e+04 6.640837e-03 -4.630059e+03 1.506161e+04 
1.150000e+04 6.801164e-03 -4.684110e+03 1.515381e+04 
1.175000e+04 6.962326e-03 -4.741469e+03 1.525196e+04 
1.200000e+04 7.124404e-03 -4.803394e+03 1.535429e+04 
1.225000e+04 7.287366e-03 -4.863584e+03 1.545637e+04 
1.250000e+04 7.451259e-03 -4.926395e+03 1.556199e+04 
1.275000e+04 7.616093e-03 -4.991644e+03 1.566919e+04 
1.300000e+04 7.781867e-03 -5.058030e+03 1.577872e+04 
1.325000e+04 7.948626e-03 -5.128712e+03 1.589262e+04 
1.350000e+04 8.116382e-03 -5.200822e+03 1.600854e+04 
1.375000e+04 8.285155e-03 -5.271266e+03 1.612350e+04 
1.400000e+04 8.454923e-03 -5.344674e+03 1.624242e+04 
1.425000e+04 8.625771e-03 -5.422049e+03 1.636697e+04 
1.450000e+04 8.797705e-03 -5.500949e+03 1.649098e+04 
1.475000e+04 8.970687e-03 -5.580995e+03 1.661633e+04 
1.500000e+04 9.144774e-03 -5.663174e+03 1.674492e+04 
1.525000e+04 9.319965e-03 -5.748851e+03 1.687823e+04 
1.550000e+04 9.496336e-03 -5.836394e+03 1.701482e+04 
1.575000e+04 9.673869e-03 -5.924262e+03 1.715090e+04 
1.600000e+04 9.852567e-03 -6.015055e+03 1.729018e+04 
1.625000e+04 1.003247e-02 -6.108409e+03 1.743103e+04 
1.650000e+04 1.021355e-02 -6.204237e+03 1.757659e+04 
1.675000e+04 1.039591e-02 -6.304916e+03 1.772993e+04 
1.700000e+04 1.057959e-02 -6.406903e+03 1.788462e+04 
1.725000e+04 1.076458e-02 -6.510266e+03 1.804023e+04 
1.750000e+04 1.095088e-02 -6.616550e+03 1.819547e+04 
1.775000e+04 1.113845e-02 -6.723399e+03 1.834899e+04 
1.800000e+04 1.132728e-02 -6.832051e+03 1.850419e+04 
1.825000e+04 1.151739e-02 -6.948438e+03 1.867133e+04 
1.850000e+04 1.170898e-02 -7.072146e+03 1.884993e+04 
1.875000e+04 1.190204e-02 -7.196428e+03 1.902762e+04 
1.900000e+04 1.209655e-02 -7.319918e+03 1.920003e+04 
1.925000e+04 1.229241e-02 -7.445086e+03 1.936973e+04 
1.950000e+04 1.248963e-02 -7.574141e+03 1.954501e+04 
1.975000e+04 1.268829e-02 -7.708945e+03 1.973084e+04 
2.000000e+04 1.288850e-02 -7.851814e+03 1.992930e+04 
2.025000e+04 1.309038e-02 -7.998344e+03 2.012942e+04 
2.050000e+04 1.329380e-02 -8.143060e+03 2.031907e+04 
2.075000e+04 1.349865e-02 -8.288451e+03 2.050256e+04 
2.100000e+04 1.370487e-02 -8.438610e+03 2.069041e+04 
2.125000e+04 1.391258e-02 -8.595691e+03 2.089123e+04 
2.150000e+04 1.412190e-02 -8.760236e+03 2.110057e+04 
2.175000e+04 1.433282e-02 -8.926518e+03 2.130824e+04 
2.200000e+04 1.454530e-02 -9.093128e+03 2.150922e+04 
2.225000e+04 1.475921e-02 -9.268082e+03 2.171547e+04 
2.250000e+04 1.497470e-02 -9.447868e+03 2.193134e+04 
2.275000e+04 1.519180e-02 -9.634030e+03 2.215525e+04 
2.300000e+04 1.541061e-02 -9.827348e+03 2.238230e+04 
2.325000e+04 1.563103e-02 -1.001761e+04 2.259535e+04 
2.350000e+04 1.585283e-02 -1.021261e+04 2.280609e+04 
2.375000e+04 1.607613e-02 -1.041569e+04 2.302484e+04 
2.400000e+04 1.630092e-02 -1.062661e+04 2.325494e+04 
2.425000e+04 1.652738e-02 -1.084812e+04 2.349387e+04 
2.450000e+04 1.675543e-02 -1.107073e+04 2.372772e+04 
2.475000e+04 1.698501e-02 -1.129861e+04 2.396257e+04 
2.500000e+04 1.721614e-02 -1.153545e+04 2.419823e+04 
2.525000e+04 1.744872e-02 -1.177422e+04 2.442883e+04 
2.550000e+04 1.768269e-02 -1.202158e+04 2.466196e+04 
2.575000e+04 1.791806e-02 -1.228095e+04 2.490600e+04 
2.600000e+04 1.815496e-02 -1.254857e+04 2.515501e+04 
2.625000e+04 1.839328e-02 -1.282360e+04 2.539885e+04 
2.650000e+04 1.863291e-02 -1.310133e+04 2.563122e+04 
2.675000e+04 1.887364e-02 -1.338572e+04 2.586090e+04 
2.700000e+04 1.911552e-02 -1.368378e+04 2.610123e+04 
2.725000e+04 1.935861e-02 -1.399135e+04 2.634313e+04 
2.750000e+04 1.960278e-02 -1.430523e+04 2.657743e+04 
2.775000e+04 1.984788e-02 -1.462707e+04 2.680363e+04 
2.800000e+04 2.009376e-02 -1.495855e+04 2.702533e+04 
2.825000e+04 2.034035e-02 -1.530200e+04 2.725049e+04 
2.850000e+04 2.058765e-02 -1.566038e+04 2.748214e+04 
2.875000e+04 2.083564e-02 -1.602869e+04 2.770298e+04 
2.900000e+04 2.108396e-02 -1.640001e+04 2.789820e+04 
2.925000e+04 2.133228e-02 -1.678409e+04 2.809064e+04 
2.950000e+04 2.158070e-02 -1.718946e+04 2.829552e+04 
2.975000e+04 2.182919e-02 -1.760655e+04 2.848740e+04 
3.000000e+04 2.207730e-02 -1.803261e+04 2.865816e+04 
3.025000e+04 2.232483e-02 -1.847602e+04 2.882367e+04 
3.050000e+04 2.257165e-02 -1.893601e+04 2.897893e+04 
3.075000e+04 2.281744e-02 -1.940894e+04 2.911345e+04 
3.100000e+04 2.306183e-02 -1.989723e+04 2.922922e+04 
3.125000e+04 2.330453e-02 -2.040052e+04 2.931872e+04 
3.150000e+04 2.354500e-02 -2.092284e+04 2.938781e+04 
3.175000e+04 2.378302e-02 -2.146776e+04 2.944608e+04 
3.200000e+04 2.401828e-02 -2.202792e+04 2.946589e+04 
3.225000e+04 2.424994e-02 -2.260557e+04 2.944428e+04 
3.250000e+04 2.447758e-02 -2.320951e+04 2.940271e+04 
3.275000e+04 2.470081e-02 -2.383721e+04 2.932609e+04 
3.300000e+04 2.491885e-02 -2.448125e+04 2.918489e+04 
3.325000e+04 2.513066e-02 -2.514625e+04 2.898600e+04 
3.350000e+04 2.533559e-02 -2.584210e+04 2.874557e+04 
3.375000e+04 2.553287e-02 -2.656582e+04 2.844641e+04 
3.400000e+04 2.572145e-02 -2.731350e+04 2.806508e+04 
3.425000e+04 2.590004e-02 -2.809130e+04 2.760702e+04 
3.450000e+04 2.606765e-02 -2.890185e+04 2.706903e+04 
3.475000e+04 2.622287e-02 -2.974236e+04 2.642456e+04 
3.500000e+04 2.636407e-02 -3.061560e+04 2.566375e+04 
3.525000e+04 2.648958e-02 -3.152570e+04 2.478049e+04 
3.550000e+04 2.659756e-02 -3.247073e+04 2.375332e+04 
3.575000e+04 2.668581e-02 -3.345488e+04 2.256028e+04 
3.600000e+04 2.675191e-02 -3.448494e+04 2.119640e+04 
3.625000e+04 2.679346e-02 -3.555447e+04 1.962480e+04 
3.650000e+04 2.680717e-02 -3.667099e+04 1.781942e+04 
3.675000e+04 2.678991e-02 -3.784242e+04 1.576309e+04 
3.700000e+04 2.673787e-02 -3.905869e+04 1.339675e+04 
3.725000e+04 2.664656e-02 -4.032916e+04 1.069239e+04 
3.750000e+04 2.651135e-02 -4.166215e+04 7.605200e+03 
3.775000e+04 2.632654e-02 -4.305215e+04 4.066824e+03 
3.800000e+04 2.608586e-02 -4.450467e+04 2.275798e+01 
3.825000e+04 2.578215e-02 -4.602945e+04 -4.603622e+03 
3.850000e+04 2.540714e-02 -4.762599e+04 -9.908688e+03 
3.875000e+04 2.495126e-02 -4.929450e+04 -1.600002e+04 
3.900000e+04 2.440353e-02 -5.104715e+04 -2.299474e+04 
3.925000e+04 2.375133e-02 -5.288591e+04 -3.105556e+04 
3.950000e+04 2.297956e-02 -5.481058e+04 -4.037068e+04 
3.975000e+04 2.207091e-02 -5.682937e+04 -5.115501e+04 
4.000000e+04 2.100482e-02 -5.894818e+04 -6.368174e+04 
4.025000e+04 1.975705e-02 -6.116825e+04 -7.829039e+04 
4.050000e+04 1.829856e-02 -6.349576e+04 -9.538735e+04 
4.075000e+04 1.659487e-02 -6.593207e+04 -1.154910e+05 
4.100000e+04 1.460395e-02 -6.847500e+04 -1.392657e+05 
4.125000e+04 1.227476e-02 -7.112661e+04 -1.675323e+05 
4.150000e+04 9.544704e-03 -7.387440e+04 -2.013778e+05 
4.175000e+04 6.335728e-03 -7.670412e+04 -2.422115e+05 
4.200000e+04 2.550182e-03 -7.958755e+04 -2.919086e+05 
4.225000e+04 -1.936528e-03 -8.247403e+04 -3.530055e+05 
4.250000e+04 -7.284843e-03 -8.527479e+04 -4.289996e+05 
4.275000e+04 -1.370570e-02 -8.784495e+04 -5.248193e+05 
4.300000e+04 -2.148098e-02 -8.992842e+04 -6.475983e+05 
4.325000e+04 -3.099682e-02 -9.105633e+04 -8.080088e+05 
4.350000e+04 -4.279617e-02 -9.034320e+04 -1.022629e+06 
4.375000e+04 -5.766879e-02 -8.619467e+04 -1.318194e+06 
4.400000e+04 -7.680647e-02 -7.407106e+04 -1.742585e+06 
4.425000e+04 -1.021404e-01 -5.147827e+04 -2.372930e+06 
4.450000e+04 -1.367601e-01 4.826805e+04 -3.459531e+06 
4.475000e+04 -1.880376e-01 -1.639183e+05 -4.640565e+06 
4.500000e+04 -2.547814e-01 -5.221660e+06 4.056945e+06 
4.525000e+04 -1.505527e-01 -1.024146e+07 1.316389e+07 
4.550000e+04 -5.108972e-02 -1.020976e+07 1.279472e+07 
4.575000e+04 4.429793e-02 -1.000556e+07 1.264230e+07 
4.600000e+04 1.424506e-01 -1.009949e+07 1.280354e+07 
4.625000e+04 2.407192e-01 -1.002989e+07 1.267270e+07 
4.650000e+04 3.364531e-01 -1.025869e+07 1.285550e+07 
4.675000e+04 4.364901e-01 -1.031558e+07 1.325502e+07 
4.700000e+04 5.415154e-01 -5.321836e+06 4.178337e+06 
4.725000e+04 4.757832e-01 -2.913640e+05 -4.489076e+06 
4.750000e+04 4.257207e-01 -1.080257e+05 -3.278259e+06 
4.775000e+04 3.925039e-01 -2.386193e+05 -2.162415e+06 
4.800000e+04 3.687385e-01 -2.945399e+05 -1.503722e+06 
4.825000e+04 3.513043e-01 -3.430365e+05 -1.052412e+06 
4.850000e+04 3.382277e-01 -3.872821e+05 -7.321367e+05 
4.875000e+04 3.282586e-01 -4.326273e+05 -4.961686e+05 
4.900000e+04 3.205260e-01 -4.816620e+05 -3.194527e+05 
4.925000e+04 3.143744e-01 -5.365106e+05 -1.878588e+05 
4.950000e+04 3.092600e-01 -5.991745e+05 -9.434523e+04 
4.975000e+04 3.046789e-01 -6.718575e+05 -3.714353e+04 
5.000000e+04 3.001046e-01 -7.730693e+05 1.270249e+04 
