#1 2 3  4 
#z w p zz 
0.000000e+00 0.000000e+00 -9.680353e+02 4.004870e+03 
2.500000e+02 4.413413e-05 -9.702340e+02 4.004551e+03 
5.000000e+02 8.823336e-05 -9.721807e+02 4.008032e+03 
7.500000e+02 1.324307e-04 -9.744869e+02 4.013130e+03 
1.000000e+03 1.766291e-04 -9.728600e+02 4.008970e+03 
1.250000e+03 2.207423e-04 -9.713318e+02 4.004453e+03 
1.500000e+03 2.648466e-04 -9.722285e+02 4.005499e+03 
1.750000e+03 3.089750e-04 -9.736055e+02 4.006725e+03 
2.000000e+03 3.530930e-04 -9.752898e+02 4.009675e+03 
2.250000e+03 3.972745e-04 -9.780297e+02 4.016470e+03 
2.500000e+03 4.415289e-04 -9.789765e+02 4.017049e+03 
2.750000e+03 4.857133e-04 -9.756519e+02 4.009421e+03 
3.000000e+03 5.298177e-04 -9.753904e+02 4.009708e+03 
3.250000e+03 5.740125e-04 -9.792608e+02 4.017493e+03 
3.500000e+03 6.182640e-04 -9.800622e+02 4.019568e+03 
3.750000e+03 6.625009e-04 -9.813971e+02 4.022578e+03 
4.000000e+03 7.068114e-04 -9.840088e+02 4.028729e+03 
4.250000e+03 7.511700e-04 -9.839684e+02 4.028546e+03 
4.500000e+03 7.954764e-04 -9.838856e+02 4.027042e+03 
4.750000e+03 8.397985e-04 -9.858265e+02 4.032072e+03 
5.000000e+03 8.842069e-04 -9.881481e+02 4.037247e+03 
5.250000e+03 9.286299e-04 -9.889542e+02 4.038012e+03 
5.500000e+03 9.730476e-04 -9.895290e+02 4.041130e+03 
5.750000e+03 1.017541e-03 -9.941193e+02 4.048981e+03 
6.000000e+03 1.062099e-03 -9.969089e+02 4.052266e+03 
6.250000e+03 1.106641e-03 -9.969430e+02 4.053517e+03 
6.500000e+03 1.151230e-03 -9.996461e+02 4.058851e+03 
6.750000e+03 1.195872e-03 -1.000347e+03 4.060952e+03 
7.000000e+03 1.240504e-03 -1.001810e+03 4.063813e+03 
7.250000e+03 1.285200e-03 -1.006019e+03 4.070777e+03 
7.500000e+03 1.329955e-03 -1.008381e+03 4.075851e+03 
7.750000e+03 1.374749e-03 -1.011447e+03 4.081550e+03 
8.000000e+03 1.419609e-03 -1.012722e+03 4.086684e+03 
8.250000e+03 1.464515e-03 -1.014239e+03 4.090931e+03 
8.500000e+03 1.509463e-03 -1.018248e+03 4.096870e+03 
8.750000e+03 1.554469e-03 -1.019609e+03 4.101826e+03 
9.000000e+03 1.599523e-03 -1.021315e+03 4.106118e+03 
9.250000e+03 1.644616e-03 -1.023404e+03 4.112068e+03 
9.500000e+03 1.689794e-03 -1.026979e+03 4.121789e+03 
9.750000e+03 1.735085e-03 -1.031787e+03 4.131185e+03 
1.000000e+04 1.780439e-03 -1.035493e+03 4.139014e+03 
1.025000e+04 1.825881e-03 -1.038345e+03 4.146884e+03 
1.050000e+04 1.871397e-03 -1.038314e+03 4.149940e+03 
1.075000e+04 1.916915e-03 -1.040747e+03 4.154672e+03 
1.100000e+04 1.962520e-03 -1.046183e+03 4.166013e+03 
1.125000e+04 2.008255e-03 -1.051742e+03 4.177353e+03 
1.150000e+04 2.054075e-03 -1.056075e+03 4.186814e+03 
1.175000e+04 2.099994e-03 -1.059373e+03 4.197411e+03 
1.200000e+04 2.146039e-03 -1.063582e+03 4.206018e+03 
1.225000e+04 2.192121e-03 -1.066414e+03 4.211137e+03 
1.250000e+04 2.238259e-03 -1.072418e+03 4.222470e+03 
1.275000e+04 2.284551e-03 -1.076799e+03 4.232264e+03 
1.300000e+04 2.330880e-03 -1.077567e+03 4.236854e+03 
1.325000e+04 2.377278e-03 -1.084033e+03 4.250542e+03 
1.350000e+04 2.423870e-03 -1.090572e+03 4.265165e+03 
1.375000e+04 2.470553e-03 -1.095367e+03 4.274012e+03 
1.400000e+04 2.517307e-03 -1.099826e+03 4.284233e+03 
1.425000e+04 2.564192e-03 -1.102349e+03 4.293228e+03 
1.450000e+04 2.611140e-03 -1.104834e+03 4.298647e+03 
1.475000e+04 2.658129e-03 -1.109491e+03 4.309241e+03 
1.500000e+04 2.705285e-03 -1.116623e+03 4.324960e+03 
1.525000e+04 2.752580e-03 -1.120896e+03 4.334919e+03 
1.550000e+04 2.799933e-03 -1.124324e+03 4.345158e+03 
1.575000e+04 2.847442e-03 -1.129969e+03 4.359550e+03 
1.600000e+04 2.895086e-03 -1.135539e+03 4.370620e+03 
1.625000e+04 2.942803e-03 -1.140378e+03 4.381256e+03 
1.650000e+04 2.990653e-03 -1.144995e+03 4.393578e+03 
1.675000e+04 3.038622e-03 -1.149753e+03 4.403888e+03 
1.700000e+04 3.086672e-03 -1.154758e+03 4.415999e+03 
1.725000e+04 3.134882e-03 -1.162813e+03 4.433388e+03 
1.750000e+04 3.183268e-03 -1.169840e+03 4.448120e+03 
1.775000e+04 3.231761e-03 -1.175451e+03 4.461632e+03 
1.800000e+04 3.280415e-03 -1.182673e+03 4.477512e+03 
1.825000e+04 3.329217e-03 -1.188534e+03 4.490532e+03 
1.850000e+04 3.378125e-03 -1.195519e+03 4.504940e+03 
1.875000e+04 3.427201e-03 -1.202317e+03 4.520582e+03 
1.900000e+04 3.476418e-03 -1.208311e+03 4.534633e+03 
1.925000e+04 3.525771e-03 -1.216010e+03 4.551038e+03 
1.950000e+04 3.575304e-03 -1.223786e+03 4.568423e+03 
1.975000e+04 3.624997e-03 -1.231446e+03 4.585330e+03 
2.000000e+04 3.674858e-03 -1.238515e+03 4.602254e+03 
2.025000e+04 3.724888e-03 -1.244725e+03 4.617159e+03 
2.050000e+04 3.775045e-03 -1.251445e+03 4.632017e+03 
2.075000e+04 3.825364e-03 -1.259221e+03 4.648818e+03 
2.100000e+04 3.875847e-03 -1.265238e+03 4.662883e+03 
2.125000e+04 3.926444e-03 -1.271475e+03 4.677858e+03 
2.150000e+04 3.977224e-03 -1.280003e+03 4.697023e+03 
2.175000e+04 4.028196e-03 -1.287826e+03 4.714815e+03 
2.200000e+04 4.079325e-03 -1.296142e+03 4.733454e+03 
2.225000e+04 4.130661e-03 -1.303758e+03 4.751889e+03 
2.250000e+04 4.182158e-03 -1.310550e+03 4.767259e+03 
2.275000e+04 4.233795e-03 -1.318624e+03 4.784831e+03 
2.300000e+04 4.285632e-03 -1.327399e+03 4.804340e+03 
2.325000e+04 4.337649e-03 -1.336103e+03 4.822651e+03 
2.350000e+04 4.389838e-03 -1.344128e+03 4.842575e+03 
2.375000e+04 4.442255e-03 -1.353895e+03 4.865028e+03 
2.400000e+04 4.494886e-03 -1.365168e+03 4.887316e+03 
2.425000e+04 4.547722e-03 -1.374959e+03 4.909041e+03 
2.450000e+04 4.600775e-03 -1.382728e+03 4.927968e+03 
2.475000e+04 4.653990e-03 -1.390891e+03 4.945910e+03 
2.500000e+04 4.707392e-03 -1.401576e+03 4.968390e+03 
2.525000e+04 4.761037e-03 -1.412679e+03 4.991642e+03 
2.550000e+04 4.814885e-03 -1.422226e+03 5.013103e+03 
2.575000e+04 4.868950e-03 -1.431750e+03 5.035866e+03 
2.600000e+04 4.923250e-03 -1.441887e+03 5.058456e+03 
2.625000e+04 4.977755e-03 -1.452471e+03 5.081309e+03 
2.650000e+04 5.032497e-03 -1.464253e+03 5.105670e+03 
2.675000e+04 5.087467e-03 -1.473376e+03 5.126055e+03 
2.700000e+04 5.142607e-03 -1.480648e+03 5.145150e+03 
2.725000e+04 5.197966e-03 -1.492435e+03 5.170072e+03 
2.750000e+04 5.253584e-03 -1.505213e+03 5.195901e+03 
2.775000e+04 5.309432e-03 -1.515578e+03 5.219692e+03 
2.800000e+04 5.365519e-03 -1.525601e+03 5.243366e+03 
2.825000e+04 5.421835e-03 -1.536006e+03 5.267185e+03 
2.850000e+04 5.478390e-03 -1.549134e+03 5.294291e+03 
2.875000e+04 5.535224e-03 -1.562400e+03 5.322142e+03 
2.900000e+04 5.592312e-03 -1.572966e+03 5.346834e+03 
2.925000e+04 5.649634e-03 -1.583794e+03 5.371338e+03 
2.950000e+04 5.707202e-03 -1.596292e+03 5.397953e+03 
2.975000e+04 5.765036e-03 -1.610436e+03 5.426567e+03 
3.000000e+04 5.823147e-03 -1.623942e+03 5.455388e+03 
3.025000e+04 5.881536e-03 -1.636057e+03 5.483522e+03 
3.050000e+04 5.940201e-03 -1.648913e+03 5.512247e+03 
3.075000e+04 5.999151e-03 -1.664337e+03 5.543805e+03 
3.100000e+04 6.058417e-03 -1.679549e+03 5.575146e+03 
3.125000e+04 6.117964e-03 -1.691650e+03 5.602707e+03 
3.150000e+04 6.177770e-03 -1.704246e+03 5.630632e+03 
3.175000e+04 6.237861e-03 -1.718665e+03 5.660739e+03 
3.200000e+04 6.298244e-03 -1.734325e+03 5.692775e+03 
3.225000e+04 6.358944e-03 -1.749733e+03 5.725781e+03 
3.250000e+04 6.419963e-03 -1.763163e+03 5.756874e+03 
3.275000e+04 6.481276e-03 -1.776975e+03 5.787516e+03 
3.300000e+04 6.542892e-03 -1.793198e+03 5.819882e+03 
3.325000e+04 6.604816e-03 -1.808365e+03 5.851112e+03 
3.350000e+04 6.667027e-03 -1.821420e+03 5.880960e+03 
3.375000e+04 6.729537e-03 -1.835924e+03 5.912369e+03 
3.400000e+04 6.792355e-03 -1.851316e+03 5.944623e+03 
3.425000e+04 6.855483e-03 -1.867101e+03 5.977468e+03 
3.450000e+04 6.918930e-03 -1.882541e+03 6.010834e+03 
3.475000e+04 6.982703e-03 -1.897658e+03 6.044713e+03 
3.500000e+04 7.046811e-03 -1.913582e+03 6.078794e+03 
3.525000e+04 7.111241e-03 -1.930187e+03 6.113127e+03 
3.550000e+04 7.176004e-03 -1.946934e+03 6.147821e+03 
3.575000e+04 7.241096e-03 -1.962657e+03 6.181897e+03 
3.600000e+04 7.306519e-03 -1.978520e+03 6.216635e+03 
3.625000e+04 7.372285e-03 -1.996117e+03 6.252440e+03 
3.650000e+04 7.438388e-03 -2.014600e+03 6.288898e+03 
3.675000e+04 7.504839e-03 -2.030737e+03 6.324457e+03 
3.700000e+04 7.571633e-03 -2.048324e+03 6.362408e+03 
3.725000e+04 7.638818e-03 -2.068940e+03 6.404385e+03 
3.750000e+04 7.706409e-03 -2.087615e+03 6.443645e+03 
3.775000e+04 7.774346e-03 -2.105992e+03 6.481323e+03 
3.800000e+04 7.842654e-03 -2.124744e+03 6.520054e+03 
3.825000e+04 7.911330e-03 -2.143253e+03 6.558470e+03 
3.850000e+04 7.980372e-03 -2.162887e+03 6.598756e+03 
3.875000e+04 8.049815e-03 -2.183413e+03 6.640083e+03 
3.900000e+04 8.119638e-03 -2.203103e+03 6.680607e+03 
3.925000e+04 8.189853e-03 -2.223004e+03 6.722624e+03 
3.950000e+04 8.260483e-03 -2.244001e+03 6.765830e+03 
3.975000e+04 8.331522e-03 -2.265253e+03 6.809676e+03 
4.000000e+04 8.402987e-03 -2.286530e+03 6.853228e+03 
4.025000e+04 8.474854e-03 -2.307238e+03 6.896037e+03 
4.050000e+04 8.547137e-03 -2.328742e+03 6.940523e+03 
4.075000e+04 8.619852e-03 -2.351001e+03 6.985276e+03 
4.100000e+04 8.692981e-03 -2.372813e+03 7.029779e+03 
4.125000e+04 8.766542e-03 -2.394635e+03 7.074716e+03 
4.150000e+04 8.840527e-03 -2.417761e+03 7.121276e+03 
4.175000e+04 8.914968e-03 -2.441016e+03 7.169489e+03 
4.200000e+04 8.989874e-03 -2.465085e+03 7.218334e+03 
4.225000e+04 9.065242e-03 -2.489446e+03 7.267860e+03 
4.250000e+04 9.141087e-03 -2.512438e+03 7.315879e+03 
4.275000e+04 9.217374e-03 -2.537566e+03 7.365242e+03 
4.300000e+04 9.294146e-03 -2.562638e+03 7.415547e+03 
4.325000e+04 9.371384e-03 -2.586907e+03 7.464703e+03 
4.350000e+04 9.449087e-03 -2.612971e+03 7.516476e+03 
4.375000e+04 9.527300e-03 -2.638406e+03 7.567340e+03 
4.400000e+04 9.605964e-03 -2.663598e+03 7.617963e+03 
4.425000e+04 9.685134e-03 -2.690984e+03 7.672213e+03 
4.450000e+04 9.764818e-03 -2.718560e+03 7.726615e+03 
4.475000e+04 9.845011e-03 -2.745342e+03 7.781853e+03 
4.500000e+04 9.925748e-03 -2.773515e+03 7.837937e+03 
4.525000e+04 1.000700e-02 -2.802646e+03 7.894416e+03 
4.550000e+04 1.008879e-02 -2.830330e+03 7.949468e+03 
4.575000e+04 1.017108e-02 -2.857983e+03 8.003524e+03 
4.600000e+04 1.025388e-02 -2.887767e+03 8.061610e+03 
4.625000e+04 1.033726e-02 -2.918226e+03 8.121387e+03 
4.650000e+04 1.042118e-02 -2.949289e+03 8.182642e+03 
4.675000e+04 1.050571e-02 -2.979505e+03 8.243016e+03 
4.700000e+04 1.059078e-02 -3.010842e+03 8.302987e+03 
4.725000e+04 1.067642e-02 -3.043160e+03 8.364600e+03 
4.750000e+04 1.076263e-02 -3.073720e+03 8.425145e+03 
4.775000e+04 1.084941e-02 -3.107255e+03 8.490355e+03 
4.800000e+04 1.093684e-02 -3.141511e+03 8.556991e+03 
4.825000e+04 1.102487e-02 -3.174727e+03 8.621576e+03 
4.850000e+04 1.111350e-02 -3.209181e+03 8.686071e+03 
4.875000e+04 1.120272e-02 -3.241847e+03 8.747753e+03 
4.900000e+04 1.129250e-02 -3.275354e+03 8.812306e+03 
4.925000e+04 1.138292e-02 -3.312620e+03 8.882947e+03 
4.950000e+04 1.147401e-02 -3.349525e+03 8.955415e+03 
4.975000e+04 1.156579e-02 -3.386637e+03 9.027433e+03 
5.000000e+04 1.165823e-02 -3.424359e+03 9.097531e+03 
5.025000e+04 1.175130e-02 -3.460144e+03 9.164604e+03 
5.050000e+04 1.184498e-02 -3.496818e+03 9.233078e+03 
5.075000e+04 1.193931e-02 -3.536390e+03 9.307954e+03 
5.100000e+04 1.203437e-02 -3.577592e+03 9.386500e+03 
5.125000e+04 1.213016e-02 -3.618836e+03 9.464590e+03 
5.150000e+04 1.222667e-02 -3.658953e+03 9.538523e+03 
5.175000e+04 1.232382e-02 -3.698177e+03 9.609804e+03 
5.200000e+04 1.242164e-02 -3.738586e+03 9.684359e+03 
5.225000e+04 1.252015e-02 -3.782154e+03 9.766083e+03 
5.250000e+04 1.261948e-02 -3.828333e+03 9.854015e+03 
5.275000e+04 1.271963e-02 -3.874360e+03 9.939893e+03 
5.300000e+04 1.282053e-02 -3.917783e+03 1.001947e+04 
5.325000e+04 1.292214e-02 -3.960207e+03 1.009497e+04 
5.350000e+04 1.302441e-02 -4.004900e+03 1.017459e+04 
5.375000e+04 1.312747e-02 -4.051768e+03 1.026234e+04 
5.400000e+04 1.323136e-02 -4.102595e+03 1.035668e+04 
5.425000e+04 1.333615e-02 -4.153645e+03 1.045006e+04 
5.450000e+04 1.344175e-02 -4.199471e+03 1.053279e+04 
5.475000e+04 1.354804e-02 -4.246522e+03 1.061474e+04 
5.500000e+04 1.365512e-02 -4.295806e+03 1.070243e+04 
5.525000e+04 1.376300e-02 -4.348648e+03 1.079998e+04 
5.550000e+04 1.387187e-02 -4.405201e+03 1.090413e+04 
5.575000e+04 1.398167e-02 -4.458708e+03 1.100086e+04 
5.600000e+04 1.409229e-02 -4.510557e+03 1.109072e+04 
5.625000e+04 1.420370e-02 -4.561681e+03 1.117767e+04 
5.650000e+04 1.431588e-02 -4.615738e+03 1.127368e+04 
5.675000e+04 1.442903e-02 -4.676379e+03 1.138172e+04 
5.700000e+04 1.454316e-02 -4.737048e+03 1.149010e+04 
5.725000e+04 1.465827e-02 -4.794425e+03 1.159080e+04 
5.750000e+04 1.477422e-02 -4.851166e+03 1.168556e+04 
5.775000e+04 1.489101e-02 -4.908974e+03 1.178473e+04 
5.800000e+04 1.500873e-02 -4.971986e+03 1.189430e+04 
5.825000e+04 1.512749e-02 -5.038489e+03 1.201146e+04 
5.850000e+04 1.524732e-02 -5.101999e+03 1.212316e+04 
5.875000e+04 1.536809e-02 -5.166384e+03 1.223071e+04 
5.900000e+04 1.548983e-02 -5.231104e+03 1.233804e+04 
5.925000e+04 1.561249e-02 -5.295624e+03 1.244824e+04 
5.950000e+04 1.573619e-02 -5.366141e+03 1.256868e+04 
5.975000e+04 1.586100e-02 -5.438320e+03 1.269010e+04 
6.000000e+04 1.598685e-02 -5.508433e+03 1.280807e+04 
6.025000e+04 1.611375e-02 -5.578924e+03 1.292491e+04 
6.050000e+04 1.624166e-02 -5.651705e+03 1.304532e+04 
6.075000e+04 1.637068e-02 -5.726558e+03 1.316954e+04 
6.100000e+04 1.650078e-02 -5.802811e+03 1.329619e+04 
6.125000e+04 1.663203e-02 -5.881189e+03 1.342683e+04 
6.150000e+04 1.676443e-02 -5.960554e+03 1.355832e+04 
6.175000e+04 1.689800e-02 -6.040661e+03 1.368951e+04 
6.200000e+04 1.703270e-02 -6.120695e+03 1.381803e+04 
6.225000e+04 1.716850e-02 -6.201966e+03 1.394910e+04 
6.250000e+04 1.730549e-02 -6.288110e+03 1.408921e+04 
6.275000e+04 1.744374e-02 -6.376915e+03 1.423420e+04 
6.300000e+04 1.758326e-02 -6.464176e+03 1.437384e+04 
6.325000e+04 1.772393e-02 -6.550484e+03 1.450765e+04 
6.350000e+04 1.786574e-02 -6.640057e+03 1.464773e+04 
6.375000e+04 1.800881e-02 -6.734971e+03 1.479962e+04 
6.400000e+04 1.815326e-02 -6.832279e+03 1.495556e+04 
6.425000e+04 1.829904e-02 -6.928546e+03 1.510506e+04 
6.450000e+04 1.844605e-02 -7.024714e+03 1.525066e+04 
6.475000e+04 1.859429e-02 -7.123824e+03 1.540248e+04 
6.500000e+04 1.874388e-02 -7.227828e+03 1.556426e+04 
6.525000e+04 1.889490e-02 -7.334961e+03 1.572829e+04 
6.550000e+04 1.904727e-02 -7.440851e+03 1.588642e+04 
6.575000e+04 1.920094e-02 -7.546682e+03 1.604249e+04 
6.600000e+04 1.935593e-02 -7.657309e+03 1.620543e+04 
6.625000e+04 1.951232e-02 -7.772335e+03 1.637569e+04 
6.650000e+04 1.967015e-02 -7.888733e+03 1.654686e+04 
6.675000e+04 1.982939e-02 -8.005056e+03 1.671358e+04 
6.700000e+04 1.998997e-02 -8.123150e+03 1.688094e+04 
6.725000e+04 2.015195e-02 -8.246484e+03 1.705847e+04 
6.750000e+04 2.031545e-02 -8.373952e+03 1.724235e+04 
6.775000e+04 2.048047e-02 -8.501089e+03 1.742045e+04 
6.800000e+04 2.064687e-02 -8.628755e+03 1.759648e+04 
6.825000e+04 2.081472e-02 -8.763564e+03 1.778684e+04 
6.850000e+04 2.098423e-02 -8.903093e+03 1.798389e+04 
6.875000e+04 2.115530e-02 -9.040617e+03 1.817100e+04 
6.900000e+04 2.132780e-02 -9.180228e+03 1.835737e+04 
6.925000e+04 2.150182e-02 -9.327337e+03 1.855887e+04 
6.950000e+04 2.167756e-02 -9.478694e+03 1.876468e+04 
6.975000e+04 2.185488e-02 -9.630273e+03 1.896281e+04 
7.000000e+04 2.203371e-02 -9.783415e+03 1.916116e+04 
7.025000e+04 2.221411e-02 -9.942093e+03 1.936736e+04 
7.050000e+04 2.239615e-02 -1.010705e+04 1.957996e+04 
7.075000e+04 2.257985e-02 -1.027505e+04 1.979330e+04 
7.100000e+04 2.276517e-02 -1.044290e+04 2.000083e+04 
7.125000e+04 2.295200e-02 -1.061390e+04 2.020825e+04 
7.150000e+04 2.314041e-02 -1.079555e+04 2.043408e+04 
7.175000e+04 2.333066e-02 -1.098110e+04 2.066211e+04 
7.200000e+04 2.352250e-02 -1.116314e+04 2.087282e+04 
7.225000e+04 2.371579e-02 -1.135229e+04 2.109238e+04 
7.250000e+04 2.391080e-02 -1.155334e+04 2.133287e+04 
7.275000e+04 2.410764e-02 -1.175356e+04 2.156225e+04 
7.300000e+04 2.430594e-02 -1.195439e+04 2.178457e+04 
7.325000e+04 2.450587e-02 -1.216740e+04 2.202533e+04 
7.350000e+04 2.470758e-02 -1.238577e+04 2.226672e+04 
7.375000e+04 2.491088e-02 -1.260362e+04 2.249846e+04 
7.400000e+04 2.511571e-02 -1.282973e+04 2.273787e+04 
7.425000e+04 2.532223e-02 -1.306545e+04 2.298577e+04 
7.450000e+04 2.553037e-02 -1.330288e+04 2.322730e+04 
7.475000e+04 2.574002e-02 -1.354517e+04 2.346741e+04 
7.500000e+04 2.595120e-02 -1.379827e+04 2.371607e+04 
7.525000e+04 2.616396e-02 -1.405764e+04 2.396595e+04 
7.550000e+04 2.637821e-02 -1.431938e+04 2.420743e+04 
7.575000e+04 2.659381e-02 -1.459081e+04 2.445548e+04 
7.600000e+04 2.681094e-02 -1.487220e+04 2.471021e+04 
7.625000e+04 2.702945e-02 -1.515807e+04 2.495660e+04 
7.650000e+04 2.724924e-02 -1.545148e+04 2.520304e+04 
7.675000e+04 2.747033e-02 -1.575440e+04 2.545379e+04 
7.700000e+04 2.769268e-02 -1.606641e+04 2.570261e+04 
7.725000e+04 2.791616e-02 -1.638680e+04 2.594852e+04 
7.750000e+04 2.814073e-02 -1.671413e+04 2.619203e+04 
7.775000e+04 2.836630e-02 -1.705209e+04 2.643257e+04 
7.800000e+04 2.859275e-02 -1.740306e+04 2.667370e+04 
7.825000e+04 2.882004e-02 -1.776049e+04 2.690752e+04 
7.850000e+04 2.904796e-02 -1.812636e+04 2.713156e+04 
7.875000e+04 2.927638e-02 -1.850965e+04 2.736009e+04 
7.900000e+04 2.950531e-02 -1.890267e+04 2.758117e+04 
7.925000e+04 2.973444e-02 -1.930150e+04 2.778328e+04 
7.950000e+04 2.996355e-02 -1.971984e+04 2.799017e+04 
7.975000e+04 3.019273e-02 -2.015145e+04 2.818718e+04 
8.000000e+04 3.042148e-02 -2.059065e+04 2.836345e+04 
8.025000e+04 3.064969e-02 -2.104776e+04 2.853558e+04 
8.050000e+04 3.087714e-02 -2.152117e+04 2.869363e+04 
8.075000e+04 3.110350e-02 -2.200730e+04 2.883318e+04 
8.100000e+04 3.132849e-02 -2.250825e+04 2.895228e+04 
8.125000e+04 3.155170e-02 -2.302893e+04 2.905588e+04 
8.150000e+04 3.177290e-02 -2.356614e+04 2.913562e+04 
8.175000e+04 3.199152e-02 -2.411905e+04 2.918425e+04 
8.200000e+04 3.220717e-02 -2.469387e+04 2.921173e+04 
8.225000e+04 3.241944e-02 -2.528754e+04 2.920386e+04 
8.250000e+04 3.262763e-02 -2.590162e+04 2.915888e+04 
8.275000e+04 3.283125e-02 -2.653830e+04 2.907744e+04 
8.300000e+04 3.302960e-02 -2.719716e+04 2.894892e+04 
8.325000e+04 3.322195e-02 -2.788077e+04 2.877007e+04 
8.350000e+04 3.340746e-02 -2.858915e+04 2.853522e+04 
8.375000e+04 3.358526e-02 -2.932245e+04 2.823570e+04 
8.400000e+04 3.375430e-02 -3.008467e+04 2.786496e+04 
8.425000e+04 3.391350e-02 -3.087738e+04 2.741728e+04 
8.450000e+04 3.406164e-02 -3.169691e+04 2.687508e+04 
8.475000e+04 3.419725e-02 -3.254980e+04 2.623514e+04 
8.500000e+04 3.431895e-02 -3.343907e+04 2.548517e+04 
8.525000e+04 3.442492e-02 -3.436120e+04 2.460698e+04 
8.550000e+04 3.451338e-02 -3.531892e+04 2.358521e+04 
8.575000e+04 3.458208e-02 -3.631990e+04 2.240651e+04 
8.600000e+04 3.462881e-02 -3.736298e+04 2.104865e+04 
8.625000e+04 3.465079e-02 -3.844457e+04 1.947954e+04 
8.650000e+04 3.464504e-02 -3.957549e+04 1.768457e+04 
8.675000e+04 3.460830e-02 -4.075723e+04 1.562569e+04 
8.700000e+04 3.453662e-02 -4.198727e+04 1.326714e+04 
8.725000e+04 3.442585e-02 -4.326960e+04 1.056542e+04 
8.750000e+04 3.427092e-02 -4.461428e+04 7.480664e+03 
8.775000e+04 3.406657e-02 -4.601999e+04 3.954424e+03 
8.800000e+04 3.380627e-02 -4.748428e+04 -8.907173e+01 
8.825000e+04 3.348290e-02 -4.902033e+04 -4.712078e+03 
8.850000e+04 3.308822e-02 -5.063050e+04 -1.001038e+04 
8.875000e+04 3.261268e-02 -5.231382e+04 -1.609401e+04 
8.900000e+04 3.204529e-02 -5.407684e+04 -2.309106e+04 
8.925000e+04 3.137324e-02 -5.592718e+04 -3.115154e+04 
8.950000e+04 3.058168e-02 -5.786580e+04 -4.045986e+04 
8.975000e+04 2.965318e-02 -5.989660e+04 -5.124250e+04 
9.000000e+04 2.856719e-02 -6.202804e+04 -6.376717e+04 
9.025000e+04 2.729947e-02 -6.426103e+04 -7.837092e+04 
9.050000e+04 2.582105e-02 -6.659824e+04 -9.546837e+04 
9.075000e+04 2.409728e-02 -6.904626e+04 -1.155710e+05 
9.100000e+04 2.208631e-02 -7.160261e+04 -1.393396e+05 
9.125000e+04 1.973702e-02 -7.426286e+04 -1.676068e+05 
9.150000e+04 1.698680e-02 -7.702145e+04 -2.014515e+05 
9.175000e+04 1.375761e-02 -7.986433e+04 -2.422811e+05 
9.200000e+04 9.951841e-03 -8.275836e+04 -2.919767e+05 
9.225000e+04 5.444825e-03 -8.565479e+04 -3.530730e+05 
9.250000e+04 7.618142e-05 -8.847023e+04 -4.290617e+05 
9.275000e+04 -6.365027e-03 -9.105354e+04 -5.248781e+05 
9.300000e+04 -1.416071e-02 -9.314703e+04 -6.476566e+05 
9.325000e+04 -2.369702e-02 -9.428909e+04 -8.080629e+05 
9.350000e+04 -3.551684e-02 -9.358877e+04 -1.022681e+06 
9.375000e+04 -5.041002e-02 -8.945040e+04 -1.318247e+06 
9.400000e+04 -6.956833e-02 -7.734002e+04 -1.742631e+06 
9.425000e+04 -9.492283e-02 -5.476021e+04 -2.372972e+06 
9.450000e+04 -1.295632e-01 4.497353e+04 -3.459569e+06 
9.475000e+04 -1.808614e-01 -1.672236e+05 -4.640603e+06 
9.500000e+04 -2.476259e-01 -5.224977e+06 4.056908e+06 
9.525000e+04 -1.434180e-01 -1.024479e+07 1.316386e+07 
9.550000e+04 -4.397586e-02 -1.021310e+07 1.279468e+07 
9.575000e+04 5.139084e-02 -1.000891e+07 1.264226e+07 
9.600000e+04 1.495225e-01 -1.010285e+07 1.280350e+07 
9.625000e+04 2.477699e-01 -1.003326e+07 1.267266e+07 
9.650000e+04 3.434827e-01 -1.026208e+07 1.285546e+07 
9.675000e+04 4.434984e-01 -1.031898e+07 1.325499e+07 
9.700000e+04 5.485025e-01 -5.325245e+06 4.178307e+06 
9.725000e+04 4.827490e-01 -2.947853e+05 -4.489101e+06 
9.750000e+04 4.326653e-01 -1.114614e+05 -3.278275e+06 
9.775000e+04 3.994273e-01 -2.420669e+05 -2.162426e+06 
9.800000e+04 3.756406e-01 -2.979982e+05 -1.503731e+06 
9.825000e+04 3.581850e-01 -3.465062e+05 -1.052421e+06 
9.850000e+04 3.450871e-01 -3.907640e+05 -7.321430e+05 
9.875000e+04 3.350966e-01 -4.361208e+05 -4.961734e+05 
9.900000e+04 3.273426e-01 -4.851663e+05 -3.194584e+05 
9.925000e+04 3.211693e-01 -5.400257e+05 -1.878664e+05 
9.950000e+04 3.160333e-01 -6.027017e+05 -9.435089e+04 
9.975000e+04 3.114305e-01 -6.753983e+05 -3.714377e+04 
1.000000e+05 3.068346e-01 -7.766288e+05 1.271092e+04 
