  0 1.000000e+00 9.371302e+12 4.469042e+11 1.353563e+12
  1 4.883742e-02 3.648869e+11 2.848960e+11 3.918362e-03
  2 3.491306e-03 1.627294e+10 2.881720e+10 5.824788e-03
  3 3.037939e-03 1.397062e+10 2.518101e+10 6.055653e-03
  4 2.924483e-03 1.371588e+10 2.409051e+10 6.880596e-03
  5 2.877626e-03 1.375974e+10 2.355248e+10 7.153149e-03
  6 2.841752e-03 1.373989e+10 2.316958e+10 7.963472e-03
  7 2.807917e-03 1.364912e+10 2.285037e+10 7.728313e-03
  8 2.653501e-03 1.352363e+10 2.120786e+10 8.327586e-03
  9 2.370177e-03 1.355658e+10 1.791621e+10 8.042809e-03
 10 2.231883e-03 1.385719e+10 1.598637e+10 8.080436e-03
 11 2.155515e-03 1.446311e+10 1.443255e+10 8.703590e-03
 12 2.105156e-03 1.499326e+10 1.316824e+10 8.229063e-03
 13 2.020682e-03 1.485633e+10 1.209024e+10 8.091780e-03
 14 1.932548e-03 1.450513e+10 1.118836e+10 8.719897e-03
 15 1.846905e-03 1.405938e+10 1.043207e+10 8.769774e-03
 16 1.767528e-03 1.358790e+10 9.802250e+09 8.748784e-03
 17 1.685231e-03 1.307494e+10 9.177639e+09 8.817870e-03
 18 1.603766e-03 1.250610e+10 8.643248e+09 9.785609e-03
 19 1.531468e-03 1.198035e+10 8.198317e+09 9.188560e-03
 20 1.465942e-03 1.150523e+10 7.792500e+09 9.246085e-03
 21 1.398418e-03 1.100182e+10 7.394220e+09 9.037821e-03
 22 1.337212e-03 1.055331e+10 7.021201e+09 8.761719e-03
 23 1.279137e-03 1.007524e+10 6.745856e+09 8.821341e-03
 24 1.208559e-03 9.503526e+09 6.397184e+09 8.766332e-03
