  0 1.000000e+00 6.486722e+12 3.957832e+11 1.353563e+12
  1 7.266841e-02 3.428054e+11 3.393899e+11 3.329866e-03
  2 5.021330e-02 2.445140e+11 2.265408e+11 6.879336e-03
  3 4.289340e-02 2.147334e+11 1.869886e+11 8.212191e-03
  4 3.711792e-02 2.021129e+11 1.409338e+11 8.570991e-03
  5 3.689341e-02 2.084537e+11 1.285566e+11 8.749982e-03
  6 3.580161e-02 2.124245e+11 1.065744e+11 9.251159e-03
  7 3.449596e-02 2.066792e+11 9.859715e+10 9.529823e-03
  8 3.169511e-02 1.907415e+11 8.880235e+10 9.885765e-03
  9 2.962204e-02 1.772520e+11 8.513765e+10 1.051668e-02
 10 2.745539e-02 1.631022e+11 8.133143e+10 9.894348e-03
 11 2.551352e-02 1.506327e+11 7.742289e+10 1.046960e-02
 12 2.342809e-02 1.361547e+11 7.515855e+10 1.001580e-02
 13 2.196306e-02 1.248708e+11 7.525844e+10 1.058659e-02
 14 1.990540e-02 1.116547e+11 7.066405e+10 1.004693e-02
 15 1.818022e-02 1.013514e+11 6.551882e+10 1.042280e-02
 16 1.681063e-02 9.197160e+10 6.320012e+10 1.128992e-02
 17 1.581688e-02 8.469487e+10 6.205658e+10 1.064512e-02
 18 1.466592e-02 7.756143e+10 5.884234e+10 1.018665e-02
 19 1.346017e-02 7.124162e+10 5.392956e+10 1.049132e-02
 20 1.274660e-02 6.709027e+10 5.156168e+10 1.081147e-02
 21 1.227725e-02 6.408996e+10 5.034516e+10 1.054995e-02
 22 1.135386e-02 5.923269e+10 4.660564e+10 1.116363e-02
 23 1.059492e-02 5.354175e+10 4.560513e+10 1.106038e-02
 24 9.952291e-03 5.095313e+10 4.205313e+10 1.059274e-02
