  0 1.000000e+00 8.378026e+12 2.690606e+11 1.059146e+12
  1 5.385129e-02 3.164690e+11 2.841422e+11 1.616346e+11
  2 2.255148e-02 1.022532e+11 1.557396e+11 3.992409e+10
  3 2.179737e-02 9.370186e+10 1.543755e+11 3.612753e+10
  4 2.144697e-02 8.785861e+10 1.559938e+11 2.796705e+10
  5 2.035220e-02 9.200191e+10 1.440712e+11 1.865153e+10
  6 1.866650e-02 9.559135e+10 1.244474e+11 1.576658e+10
  7 1.801903e-02 1.016047e+11 1.126499e+11 1.281860e+10
  8 1.773794e-02 1.105511e+11 1.005843e+11 1.102680e+10
  9 1.705260e-02 1.175390e+11 8.276497e+10 9.633768e+09
 10 1.630179e-02 1.207802e+11 6.564528e+10 8.569051e+09
 11 1.553128e-02 1.199338e+11 5.268772e+10 7.716371e+09
 12 1.483248e-02 1.170627e+11 4.418184e+10 7.019999e+09
 13 1.395629e-02 1.106771e+11 4.016809e+10 6.437694e+09
 14 1.318140e-02 1.054935e+11 3.519905e+10 5.943618e+09
 15 1.248495e-02 9.959597e+10 3.431239e+10 5.518173e+09
 16 1.179251e-02 9.402923e+10 3.254394e+10 5.147555e+09
 17 1.094455e-02 8.710902e+10 3.065200e+10 4.821771e+09
 18 1.025809e-02 8.090282e+10 3.075663e+10 4.533247e+09
 19 9.542066e-03 7.477372e+10 2.983837e+10 4.276070e+09
 20 8.697676e-03 6.768622e+10 2.832837e+10 4.044800e+09
 21 8.251085e-03 6.401570e+10 2.733553e+10 3.835667e+09
 22 7.630748e-03 5.968368e+10 2.410862e+10 3.645471e+09
 23 7.180951e-03 5.557500e+10 2.409223e+10 3.471577e+09
 24 6.856297e-03 5.303695e+10 2.306204e+10 3.312220e+09
