  0 1.000000e+00 8.379960e+12 2.690817e+11 1.059146e+12
  1 5.341447e-02 3.122726e+11 2.830599e+11 1.616346e+11
  2 2.450122e-02 1.106579e+11 1.703969e+11 3.990750e+10
  3 2.382061e-02 1.055633e+11 1.677698e+11 3.512442e+10
  4 2.321017e-02 9.668507e+10 1.678457e+11 3.087902e+10
  5 2.204568e-02 9.978770e+10 1.560187e+11 2.026161e+10
  6 1.993830e-02 1.016943e+11 1.332801e+11 1.690725e+10
  7 1.903066e-02 1.055051e+11 1.205989e+11 1.377319e+10
  8 1.823786e-02 1.127943e+11 1.043839e+11 1.168080e+10
  9 1.708029e-02 1.178505e+11 8.272664e+10 1.013676e+10
 10 1.604612e-02 1.191130e+11 6.419302e+10 8.938121e+09
 11 1.518047e-02 1.168542e+11 5.233746e+10 7.993818e+09
 12 1.432726e-02 1.119133e+11 4.564206e+10 7.224004e+09
 13 1.351474e-02 1.060945e+11 4.177236e+10 6.586646e+09
 14 1.270078e-02 9.967369e+10 3.935718e+10 6.048385e+09
 15 1.200017e-02 9.384855e+10 3.802220e+10 5.588166e+09
 16 1.130292e-02 8.816684e+10 3.638329e+10 5.189888e+09
 17 1.048383e-02 8.137294e+10 3.470712e+10 4.842193e+09
 18 9.793261e-03 7.485777e+10 3.500408e+10 4.535959e+09
 19 8.952353e-03 6.790012e+10 3.309309e+10 4.264138e+09
 20 8.301523e-03 6.249787e+10 3.161697e+10 4.021048e+09
 21 7.696389e-03 5.789048e+10 2.940462e+10 3.802299e+09
 22 7.228604e-03 5.377574e+10 2.875689e+10 3.604244e+09
 23 6.786351e-03 5.040488e+10 2.714301e+10 3.424252e+09
 24 6.409926e-03 4.724941e+10 2.629115e+10 3.260010e+09
