  0 1.000000e+00 8.379960e+12 2.690817e+11 1.059146e+12
  1 5.383948e-02 3.164763e+11 2.841398e+11 1.616346e+11
  2 2.254585e-02 1.022554e+11 1.557328e+11 3.992444e+10
  3 2.179160e-02 9.370008e+10 1.543690e+11 3.612508e+10
  4 2.144155e-02 8.785452e+10 1.559913e+11 2.796354e+10
  5 2.034650e-02 9.199840e+10 1.440636e+11 1.864329e+10
  6 1.866084e-02 9.558522e+10 1.244381e+11 1.575644e+10
  7 1.801350e-02 1.016008e+11 1.126384e+11 1.280664e+10
  8 1.773278e-02 1.105513e+11 1.005713e+11 1.101345e+10
  9 1.704851e-02 1.175432e+11 8.275750e+10 9.619321e+09
 10 1.629821e-02 1.207890e+11 6.563308e+10 8.553637e+09
 11 1.552751e-02 1.199377e+11 5.267604e+10 7.700115e+09
 12 1.482854e-02 1.170602e+11 4.417727e+10 7.002980e+09
 13 1.395087e-02 1.106611e+11 4.015882e+10 6.419997e+09
 14 1.317616e-02 1.054798e+11 3.518336e+10 5.925269e+09
 15 1.247799e-02 9.957209e+10 3.427746e+10 5.499247e+09
 16 1.178505e-02 9.399836e+10 3.251245e+10 5.128084e+09
 17 1.093837e-02 8.708239e+10 3.063657e+10 4.801784e+09
 18 1.025062e-02 8.086963e+10 3.072445e+10 4.512769e+09
 19 9.534778e-03 7.472466e+10 2.984736e+10 4.255106e+09
 20 8.693690e-03 6.767173e+10 2.832197e+10 4.023416e+09
 21 8.243508e-03 6.398795e+10 2.728061e+10 3.813834e+09
 22 7.622353e-03 5.964255e+10 2.406322e+10 3.623261e+09
 23 7.175522e-03 5.555495e+10 2.406087e+10 3.449011e+09
 24 6.848627e-03 5.299318e+10 2.303623e+10 3.289314e+09
