  0 1.000000e+00 9.178681e+12 2.404860e+11 9.692857e+11
  1 4.707325e-02 3.101005e+11 2.716515e+11 1.376152e+11
  2 1.920736e-02 9.404083e+10 1.465766e+11 3.347595e+10
  3 1.851173e-02 9.024377e+10 1.421119e+11 2.953934e+10
  4 1.793909e-02 8.178409e+10 1.415720e+11 2.648936e+10
  5 1.708298e-02 8.413933e+10 1.322444e+11 1.757906e+10
  6 1.551119e-02 8.599987e+10 1.135822e+11 1.459184e+10
  7 1.493019e-02 8.946986e+10 1.041812e+11 1.198104e+10
  8 1.451681e-02 9.561099e+10 9.337724e+10 1.018275e+10
  9 1.377752e-02 1.003544e+11 7.766486e+10 8.858292e+09
 10 1.296959e-02 1.024797e+11 6.144631e+10 7.838606e+09
 11 1.226546e-02 1.015837e+11 4.955594e+10 7.031470e+09
 12 1.161754e-02 9.849525e+10 4.199285e+10 6.374428e+09
 13 1.111528e-02 9.515790e+10 3.798730e+10 5.829820e+09
 14 1.050997e-02 9.001240e+10 3.584842e+10 5.369304e+09
 15 9.925700e-03 8.518789e+10 3.341591e+10 4.974940e+09
 16 9.396369e-03 8.042684e+10 3.219535e+10 4.632581e+09
 17 8.899206e-03 7.557282e+10 3.195421e+10 4.332584e+09
 18 8.379833e-03 7.112358e+10 3.018227e+10 4.067497e+09
 19 7.813468e-03 6.594394e+10 2.899961e+10 3.831823e+09
 20 7.287952e-03 6.057486e+10 2.907452e+10 3.620861e+09
 21 6.791605e-03 5.600428e+10 2.799602e+10 3.430813e+09
 22 6.281581e-03 5.154242e+10 2.638941e+10 3.258682e+09
 23 5.907274e-03 4.837927e+10 2.499083e+10 3.102017e+09
 24 5.504563e-03 4.488393e+10 2.365664e+10 2.958770e+09
