  0 1.000000e+00 6.506540e+12 5.878349e+11 1.636415e+12
  1 8.673265e-02 4.100151e+11 4.160517e+11 2.366658e-03
  2 7.177353e-02 3.582802e+11 3.244945e+11 5.319362e-03
  3 6.047752e-02 3.125677e+11 2.611540e+11 6.178568e-03
  4 5.198668e-02 2.898136e+11 1.964550e+11 6.130671e-03
  5 5.057081e-02 2.909350e+11 1.770788e+11 6.527918e-03
  6 4.828627e-02 2.908104e+11 1.455523e+11 6.889746e-03
  7 4.575761e-02 2.762925e+11 1.364996e+11 7.152899e-03
  8 4.104329e-02 2.464929e+11 1.250997e+11 7.554322e-03
  9 3.697603e-02 2.192642e+11 1.180615e+11 6.897080e-03
 10 3.209306e-02 1.841881e+11 1.131033e+11 6.883433e-03
 11 2.815223e-02 1.613752e+11 9.953295e+10 7.469686e-03
 12 2.494139e-02 1.400014e+11 9.282169e+10 7.194768e-03
 13 2.233483e-02 1.203566e+11 9.022808e+10 7.868006e-03
 14 2.017545e-02 1.096243e+11 8.028458e+10 7.699965e-03
 15 1.917739e-02 1.032551e+11 7.758853e+10 7.936346e-03
 16 1.751987e-02 9.338892e+10 7.211872e+10 7.459258e-03
 17 1.612703e-02 8.522372e+10 6.733342e+10 6.713262e-03
 18 1.412868e-02 7.343155e+10 6.051647e+10 7.316881e-03
 19 1.265827e-02 6.550014e+10 5.456743e+10 7.801275e-03
 20 1.192362e-02 6.075324e+10 5.251461e+10 7.658189e-03
 21 1.158745e-02 5.879945e+10 5.131137e+10 8.361992e-03
 22 1.085900e-02 5.416407e+10 4.914090e+10 7.909631e-03
 23 1.046791e-02 5.247025e+10 4.708634e+10 7.288959e-03
 24 9.959433e-03 4.862522e+10 4.620290e+10 7.776795e-03
