  0 1.000000e+00 6.493053e+12 5.876632e+11 1.636415e+12
  1 8.688997e-02 4.098943e+11 4.160671e+11 2.586949e-03
  2 7.192462e-02 3.583393e+11 3.245476e+11 4.621964e-03
  3 6.061797e-02 3.126487e+11 2.612991e+11 5.930244e-03
  4 5.210399e-02 2.898513e+11 1.965961e+11 6.487758e-03
  5 5.071665e-02 2.911969e+11 1.772652e+11 6.594542e-03
  6 4.840216e-02 2.909000e+11 1.457064e+11 7.095453e-03
  7 4.588156e-02 2.764724e+11 1.366689e+11 6.300568e-03
  8 4.113070e-02 2.465102e+11 1.251809e+11 6.616615e-03
  9 3.714013e-02 2.196215e+11 1.187066e+11 7.023640e-03
 10 3.216693e-02 1.839856e+11 1.135807e+11 7.715125e-03
 11 2.815979e-02 1.608437e+11 9.979077e+10 7.111303e-03
 12 2.503410e-02 1.399638e+11 9.341609e+10 7.159993e-03
 13 2.244094e-02 1.204688e+11 9.078106e+10 7.304979e-03
 14 2.028389e-02 1.099330e+11 8.065122e+10 7.232088e-03
 15 1.936068e-02 1.039304e+11 7.832409e+10 7.172413e-03
 16 1.753009e-02 9.317109e+10 7.213910e+10 7.937906e-03
 17 1.623796e-02 8.559020e+10 6.773301e+10 7.759429e-03
 18 1.415776e-02 7.373079e+10 6.016923e+10 7.119155e-03
 19 1.275763e-02 6.555647e+10 5.528287e+10 7.778650e-03
 20 1.215653e-02 6.170781e+10 5.356615e+10 7.405468e-03
 21 1.172590e-02 5.927628e+10 5.195025e+10 7.476008e-03
 22 1.111807e-02 5.530945e+10 5.025924e+10 7.569571e-03
 23 1.096539e-02 5.472500e+10 4.937568e+10 7.486742e-03
 24 1.007802e-02 4.843383e+10 4.736283e+10 7.651470e-03
