  0 1.000000e+00 7.510786e+12 6.014475e+11 1.636415e+12
  1 5.905215e-02 3.575117e+11 2.819611e+11 2.634672e-03
  2 5.391925e-03 2.244767e+10 3.499324e+10 3.427519e-03
  3 4.955461e-03 1.998434e+10 3.256612e+10 4.590544e-03
  4 4.891754e-03 2.027450e+10 3.180526e+10 4.783740e-03
  5 4.858168e-03 2.054733e+10 3.132043e+10 5.448495e-03
  6 4.834243e-03 2.053794e+10 3.110577e+10 6.093341e-03
  7 4.798325e-03 2.040078e+10 3.086446e+10 5.899906e-03
  8 4.380140e-03 2.015816e+10 2.709729e+10 6.267120e-03
  9 4.045882e-03 2.027977e+10 2.370448e+10 6.035310e-03
 10 3.867715e-03 2.081725e+10 2.135392e+10 6.060692e-03
 11 3.778505e-03 2.169190e+10 1.944882e+10 6.811884e-03
 12 3.615149e-03 2.140698e+10 1.785303e+10 6.246267e-03
 13 3.439125e-03 2.070571e+10 1.656626e+10 6.263719e-03
 14 3.276487e-03 2.005389e+10 1.536474e+10 6.636382e-03
 15 3.122167e-03 1.928784e+10 1.440514e+10 7.079611e-03
 16 2.958793e-03 1.831751e+10 1.359906e+10 6.459728e-03
 17 2.780371e-03 1.727064e+10 1.270089e+10 7.333704e-03
 18 2.631465e-03 1.619620e+10 1.222135e+10 6.593739e-03
 19 2.454754e-03 1.513568e+10 1.136464e+10 7.274963e-03
 20 2.321327e-03 1.422623e+10 1.086152e+10 6.334574e-03
 21 2.205124e-03 1.342144e+10 1.043801e+10 6.988323e-03
 22 2.067132e-03 1.251629e+10 9.868181e+09 6.818744e-03
 23 1.936037e-03 1.168062e+10 9.295235e+09 6.745680e-03
 24 1.846588e-03 1.098722e+10 9.055600e+09 7.038107e-03
