  0 1.000000e+00 5.294679e+12 5.653988e+11 1.636415e+12
  1 1.049867e-01 4.088926e+11 4.181369e+11 2.751970e-03
  2 8.676100e-02 3.583260e+11 3.243279e+11 5.010038e-03
  3 7.291455e-02 3.125023e+11 2.594618e+11 6.192165e-03
  4 6.239120e-02 2.882171e+11 1.942284e+11 7.342512e-03
  5 5.986053e-02 2.862642e+11 1.710153e+11 6.153064e-03
  6 5.641977e-02 2.824063e+11 1.379302e+11 7.400884e-03
  7 5.264460e-02 2.637156e+11 1.282791e+11 6.599160e-03
  8 4.702837e-02 2.321932e+11 1.213133e+11 6.293602e-03
  9 4.275389e-02 2.107103e+11 1.110083e+11 6.776574e-03
 10 3.849712e-02 1.833140e+11 1.112881e+11 7.087855e-03
 11 3.429831e-02 1.642091e+11 9.767098e+10 7.292582e-03
 12 2.987182e-02 1.379773e+11 9.301695e+10 7.012955e-03
 13 2.711518e-02 1.207907e+11 9.069040e+10 7.134013e-03
 14 2.391183e-02 1.061476e+11 8.047083e+10 7.410501e-03
 15 2.227348e-02 9.742956e+10 7.682634e+10 6.922602e-03
 16 2.094613e-02 9.023037e+10 7.398039e+10 7.042612e-03
 17 1.841123e-02 7.903528e+10 6.536176e+10 6.506033e-03
 18 1.685057e-02 7.252609e+10 5.959034e+10 7.451663e-03
 19 1.591956e-02 6.902078e+10 5.568152e+10 7.044898e-03
 20 1.482751e-02 6.335197e+10 5.299888e+10 7.136524e-03
 21 1.436582e-02 6.067340e+10 5.218095e+10 7.403743e-03
 22 1.236824e-02 5.289154e+10 4.415234e+10 7.346061e-03
 23 1.149381e-02 4.836689e+10 4.195351e+10 7.278384e-03
 24 1.103727e-02 4.599975e+10 4.079559e+10 7.204224e-03
