  0 1.000000e+00 5.305676e+12 5.654870e+11 1.636415e+12
  1 1.223288e-01 4.049051e+11 4.177992e+11 3.572150e+11
  2 8.035528e-02 2.464500e+11 3.626953e+11 9.399536e+10
  3 8.210444e-02 2.381323e+11 3.832516e+11 7.989427e+10
  4 8.070054e-02 2.207794e+11 3.878828e+11 6.046485e+10
  5 7.343861e-02 2.256875e+11 3.398582e+11 3.935654e+10
  6 6.314985e-02 2.269523e+11 2.677502e+11 3.189118e+10
  7 5.450052e-02 2.308099e+11 1.965212e+11 2.499641e+10
  8 4.893309e-02 2.388468e+11 1.307985e+11 2.063491e+10
  9 4.498554e-02 2.321255e+11 9.408251e+10 1.732248e+10
 10 4.068358e-02 2.112534e+11 8.190458e+10 1.476826e+10
 11 3.679762e-02 1.915212e+11 7.302701e+10 1.276217e+10
 12 3.207939e-02 1.613402e+11 7.680477e+10 1.114475e+10
 13 2.677467e-02 1.324238e+11 6.853281e+10 9.825415e+09
 14 2.352899e-02 1.145058e+11 6.368734e+10 8.729191e+09
 15 2.064164e-02 9.776008e+10 6.044339e+10 7.807207e+09
 16 1.896516e-02 8.826393e+10 5.799413e+10 7.023217e+09
 17 1.709294e-02 8.171156e+10 4.881894e+10 6.352381e+09
 18 1.604272e-02 7.643515e+10 4.626892e+10 5.773684e+09
 19 1.463691e-02 6.966490e+10 4.233332e+10 5.270610e+09
 20 1.327284e-02 6.383592e+10 3.726787e+10 4.831020e+09
 21 1.228510e-02 5.886699e+10 3.486928e+10 4.444941e+09
 22 1.147976e-02 5.491789e+10 3.274130e+10 4.104149e+09
 23 1.055453e-02 4.985303e+10 3.114523e+10 3.802391e+09
 24 9.806641e-03 4.576361e+10 2.981104e+10 3.533741e+09
