  0 1.000000e+00 1.051580e+13 3.137104e+11 1.059146e+12
  1 4.373779e-02 3.230477e+11 2.887649e+11 1.616541e+11
  2 2.395157e-02 1.262327e+11 2.158767e+11 4.001245e+10
  3 2.406816e-02 1.207958e+11 2.212467e+11 3.496627e+10
  4 2.354805e-02 1.121552e+11 2.201344e+11 3.094411e+10
  5 2.199814e-02 1.180153e+11 1.994859e+11 1.951609e+10
  6 1.963225e-02 1.241418e+11 1.656042e+11 1.598228e+10
  7 1.879432e-02 1.298099e+11 1.499356e+11 1.265870e+10
  8 1.810084e-02 1.370536e+11 1.331881e+11 1.039959e+10
  9 1.696615e-02 1.413973e+11 1.100558e+11 8.765046e+09
 10 1.579122e-02 1.413634e+11 8.854162e+10 7.488741e+09
 11 1.464892e-02 1.366689e+11 7.260298e+10 6.491747e+09
 12 1.363125e-02 1.300461e+11 6.188507e+10 5.684912e+09
 13 1.273660e-02 1.226453e+11 5.540373e+10 5.022854e+09
 14 1.178512e-02 1.140884e+11 4.991944e+10 4.470586e+09
 15 1.102587e-02 1.070282e+11 4.605107e+10 4.004356e+09
 16 1.022635e-02 9.981032e+10 4.143634e+10 3.606253e+09
 17 9.299490e-03 9.116844e+10 3.669303e+10 3.263218e+09
 18 8.439272e-03 8.302848e+10 3.256040e+10 2.965055e+09
 19 7.665323e-03 7.584613e+10 2.844705e+10 2.703843e+09
 20 7.065683e-03 7.013985e+10 2.561023e+10 2.473274e+09
 21 6.594667e-03 6.559448e+10 2.354690e+10 2.268472e+09
 22 6.117498e-03 6.033936e+10 2.321366e+10 2.085593e+09
 23 5.721419e-03 5.666257e+10 2.110606e+10 1.921477e+09
 24 5.337292e-03 5.289384e+10 1.959516e+10 1.773682e+09
