  0 1.000000e+00 6.493053e+12 5.876632e+11 1.636415e+12
  1 1.018571e-01 4.098943e+11 4.160671e+11 3.572701e+11
  2 8.076077e-02 2.796006e+11 4.556995e+11 9.411818e+10
  3 8.737316e-02 2.762724e+11 5.119989e+11 8.037648e+10
  4 8.640677e-02 2.613682e+11 5.150527e+11 6.122979e+10
  5 7.804413e-02 2.726618e+11 4.464238e+11 3.956656e+10
  6 6.754436e-02 2.833566e+11 3.532868e+11 3.213864e+10
  7 6.043305e-02 2.893314e+11 2.840230e+11 2.516506e+10
  8 5.472481e-02 2.946204e+11 2.192800e+11 2.071729e+10
  9 4.934951e-02 2.816214e+11 1.744296e+11 1.735075e+10
 10 4.366291e-02 2.564852e+11 1.419035e+11 1.475623e+10
 11 3.625856e-02 2.211641e+11 1.016147e+11 1.273383e+10
 12 2.986745e-02 1.842862e+11 7.887476e+10 1.111171e+10
 13 2.573090e-02 1.602132e+11 6.442421e+10 9.794701e+09
 14 2.255644e-02 1.402806e+11 5.687154e+10 8.702792e+09
 15 1.987574e-02 1.218260e+11 5.428718e+10 7.786058e+09
 16 1.825804e-02 1.105213e+11 5.289604e+10 7.005299e+09
 17 1.680653e-02 1.022376e+11 4.764128e+10 6.335538e+09
 18 1.489212e-02 9.002551e+10 4.339055e+10 5.755125e+09
 19 1.388154e-02 8.386313e+10 4.057153e+10 5.248710e+09
 20 1.330093e-02 8.029897e+10 3.901954e+10 4.804279e+09
 21 1.185841e-02 6.983874e+10 3.816811e+10 4.411423e+09
 22 1.120663e-02 6.531309e+10 3.731156e+10 4.062650e+09
 23 1.023832e-02 5.898939e+10 3.524762e+10 3.751582e+09
 24 9.669459e-03 5.649740e+10 3.194552e+10 3.473028e+09
