  0 1.000000e+00 1.152128e+13 2.893842e+11 9.692857e+11
  1 3.861829e-02 3.207227e+11 2.787210e+11 1.376311e+11
  2 1.856904e-02 1.074662e+11 1.828805e+11 3.359294e+10
  3 1.859999e-02 1.027959e+11 1.866800e+11 2.932985e+10
  4 1.814386e-02 9.451636e+10 1.854434e+11 2.668667e+10
  5 1.699480e-02 9.920753e+10 1.688406e+11 1.687120e+10
  6 1.518585e-02 1.045951e+11 1.404208e+11 1.374697e+10
  7 1.462163e-02 1.098205e+11 1.281297e+11 1.094223e+10
  8 1.425804e-02 1.161602e+11 1.167008e+11 8.981731e+09
  9 1.352039e-02 1.205114e+11 9.935591e+10 7.578975e+09
 10 1.260922e-02 1.211174e+11 8.096838e+10 6.484670e+09
 11 1.181226e-02 1.193183e+11 6.629755e+10 5.629199e+09
 12 1.105940e-02 1.149826e+11 5.581430e+10 4.937046e+09
 13 1.031146e-02 1.086933e+11 4.887969e+10 4.368173e+09
 14 9.663236e-03 1.023449e+11 4.473170e+10 3.892617e+09
 15 9.050084e-03 9.640553e+10 4.061447e+10 3.490353e+09
 16 8.489919e-03 9.067240e+10 3.755124e+10 3.146445e+09
 17 7.983792e-03 8.556012e+10 3.460542e+10 2.849776e+09
 18 7.383433e-03 7.935952e+10 3.142387e+10 2.591709e+09
 19 6.782066e-03 7.328217e+10 2.787033e+10 2.365689e+09
 20 6.226490e-03 6.740383e+10 2.525708e+10 2.166292e+09
 21 5.721052e-03 6.178710e+10 2.359078e+10 1.989211e+09
 22 5.283925e-03 5.723612e+10 2.133832e+10 1.831097e+09
 23 4.993988e-03 5.416938e+10 1.997167e+10 1.689200e+09
 24 4.710781e-03 5.110469e+10 1.882215e+10 1.561312e+09
