  0 1.000000e+00 1.060075e+13 2.569490e+11 9.692857e+11
  1 4.290909e-02 3.608268e+11 2.802867e+11 5.877400e-03
  2 2.400065e-03 1.078744e+10 2.316772e+10 9.541174e-03
  3 1.799469e-03 7.992950e+09 1.741412e+10 9.803126e-03
  4 1.718030e-03 7.435403e+09 1.671450e+10 1.022220e-02
  5 1.702175e-03 7.321490e+09 1.658032e+10 1.113912e-02
  6 1.695882e-03 7.257038e+09 1.653547e+10 1.168813e-02
  7 1.691764e-03 7.184143e+09 1.651947e+10 1.186614e-02
  8 1.522147e-03 7.134580e+09 1.455317e+10 1.266166e-02
  9 1.368358e-03 7.268634e+09 1.262785e+10 1.245313e-02
 10 1.283661e-03 7.660917e+09 1.131983e+10 1.286107e-02
 11 1.245169e-03 8.400153e+09 1.025812e+10 1.338588e-02
 12 1.200686e-03 8.676282e+09 9.390322e+09 1.384020e-02
 13 1.153236e-03 8.699256e+09 8.666881e+09 1.448532e-02
 14 1.110472e-03 8.649828e+09 8.062041e+09 1.442515e-02
 15 1.071929e-03 8.560584e+09 7.549517e+09 1.416236e-02
 16 1.036448e-03 8.435889e+09 7.115675e+09 1.476405e-02
 17 1.000599e-03 8.280854e+09 6.704080e+09 1.508564e-02
 18 9.696832e-04 8.123086e+09 6.373878e+09 1.489092e-02
 19 9.375091e-04 7.931454e+09 6.061812e+09 1.503970e-02
 20 9.065665e-04 7.731638e+09 5.779767e+09 1.572294e-02
 21 8.756621e-04 7.514990e+09 5.519418e+09 1.556412e-02
 22 8.470174e-04 7.307863e+09 5.285763e+09 1.545767e-02
 23 8.231412e-04 7.130061e+09 5.097555e+09 1.533310e-02
 24 7.998795e-04 6.954059e+09 4.917650e+09 1.526597e-02
