  0 1.000000e+00 1.030226e+13 3.104686e+11 1.059146e+12
  1 4.460111e-02 3.223905e+11 2.889435e+11 1.616552e+11
  2 2.445804e-02 1.258312e+11 2.163028e+11 3.998412e+10
  3 2.458972e-02 1.210416e+11 2.214167e+11 3.515732e+10
  4 2.407372e-02 1.126007e+11 2.203620e+11 3.128030e+10
  5 2.254270e-02 1.184476e+11 2.002872e+11 2.024755e+10
  6 2.014933e-02 1.246431e+11 1.666288e+11 1.686561e+10
  7 1.932075e-02 1.306739e+11 1.510330e+11 1.370927e+10
  8 1.864580e-02 1.381943e+11 1.345074e+11 1.156156e+10
  9 1.747581e-02 1.425028e+11 1.112635e+11 9.996212e+09
 10 1.624842e-02 1.422994e+11 8.953624e+10 8.773689e+09
 11 1.515336e-02 1.381929e+11 7.411453e+10 7.811577e+09
 12 1.410937e-02 1.313751e+11 6.373957e+10 7.028696e+09
 13 1.318322e-02 1.241195e+11 5.667089e+10 6.381396e+09
 14 1.236447e-02 1.169039e+11 5.207511e+10 5.836241e+09
 15 1.156137e-02 1.097478e+11 4.770926e+10 5.371140e+09
 16 1.067062e-02 1.015101e+11 4.352759e+10 4.969492e+09
 17 9.806685e-03 9.354471e+10 3.940132e+10 4.619425e+09
 18 8.888029e-03 8.529343e+10 3.445501e+10 4.311464e+09
 19 8.095489e-03 7.811212e+10 3.029665e+10 4.038313e+09
 20 7.502733e-03 7.272042e+10 2.721120e+10 3.794122e+09
 21 6.904408e-03 6.678160e+10 2.539943e+10 3.574318e+09
 22 6.506872e-03 6.291193e+10 2.400056e+10 3.375386e+09
 23 6.099150e-03 5.860313e+10 2.343123e+10 3.194640e+09
 24 5.689978e-03 5.474249e+10 2.167444e+10 3.029574e+09
