  0 1.000000e+00 9.187643e+12 4.439916e+11 1.353563e+12
  1 4.979219e-02 3.648906e+11 2.848989e+11 3.736659e-03
  2 3.633961e-03 1.668732e+10 2.937786e+10 5.849347e-03
  3 3.183327e-03 1.427853e+10 2.592470e+10 6.178751e-03
  4 3.096555e-03 1.411122e+10 2.509454e+10 5.771274e-03
  5 3.072366e-03 1.411268e+10 2.483538e+10 6.713984e-03
  6 3.053859e-03 1.410771e+10 2.464012e+10 8.225862e-03
  7 3.035761e-03 1.398550e+10 2.451617e+10 7.648304e-03
  8 2.752431e-03 1.385478e+10 2.151556e+10 8.021276e-03
  9 2.522774e-03 1.404832e+10 1.878285e+10 8.502706e-03
 10 2.410090e-03 1.469115e+10 1.691956e+10 7.753636e-03
 11 2.367190e-03 1.572633e+10 1.539702e+10 8.602959e-03
 12 2.281965e-03 1.581532e+10 1.414252e+10 8.834505e-03
 13 2.192735e-03 1.560051e+10 1.312421e+10 8.934261e-03
 14 2.113221e-03 1.531259e+10 1.231053e+10 8.908063e-03
 15 2.028849e-03 1.490656e+10 1.155896e+10 8.889772e-03
 16 1.947314e-03 1.447477e+10 1.087530e+10 8.701132e-03
 17 1.868630e-03 1.401001e+10 1.027404e+10 8.573383e-03
 18 1.790668e-03 1.349452e+10 9.750583e+09 9.496196e-03
 19 1.729892e-03 1.307911e+10 9.360388e+09 9.755355e-03
 20 1.659694e-03 1.261195e+10 8.891042e+09 9.816366e-03
 21 1.589989e-03 1.211697e+10 8.468178e+09 9.597895e-03
 22 1.515514e-03 1.149305e+10 8.151596e+09 8.684264e-03
 23 1.449218e-03 1.089855e+10 7.922757e+09 9.202812e-03
 24 1.359965e-03 1.023896e+10 7.418805e+09 1.004942e-02
