  0 1.000000e+00 8.379960e+12 2.690817e+11 1.059146e+12
  1 5.032767e-02 3.164763e+11 2.841398e+11 5.632226e-03
  2 2.458628e-02 1.521182e+11 1.415313e+11 1.040320e-02
  3 2.124941e-02 1.321848e+11 1.215526e+11 9.989233e-03
  4 1.870825e-02 1.269447e+11 9.424015e+10 1.224496e-02
  5 1.904799e-02 1.346225e+11 8.825554e+10 1.411404e-02
  6 1.885222e-02 1.409188e+11 7.432536e+10 1.394440e-02
  7 1.869045e-02 1.413685e+11 7.045274e+10 1.528885e-02
  8 1.784663e-02 1.369479e+11 6.318249e+10 1.471145e-02
  9 1.731367e-02 1.329909e+11 6.100719e+10 1.460785e-02
 10 1.634738e-02 1.255689e+11 5.760171e+10 1.533726e-02
 11 1.564424e-02 1.197484e+11 5.602941e+10 1.533522e-02
 12 1.476826e-02 1.127042e+11 5.361097e+10 1.620625e-02
 13 1.399341e-02 1.055571e+11 5.331450e+10 1.562535e-02
 14 1.315422e-02 9.919108e+10 5.018779e+10 1.569128e-02
 15 1.265003e-02 9.446141e+10 5.005567e+10 1.536077e-02
 16 1.187632e-02 8.817397e+10 4.794399e+10 1.569903e-02
 17 1.116327e-02 8.238450e+10 4.596518e+10 1.612742e-02
 18 1.067101e-02 7.730682e+10 4.643330e+10 1.597654e-02
 19 1.001356e-02 7.141701e+10 4.539588e+10 1.778701e-02
 20 9.518185e-03 6.774159e+10 4.337332e+10 1.576460e-02
 21 8.856950e-03 6.246565e+10 4.123665e+10 1.552126e-02
 22 8.344978e-03 5.845685e+10 3.944926e+10 1.666477e-02
 23 8.122980e-03 5.650815e+10 3.897670e+10 1.708309e-02
 24 7.581228e-03 5.199084e+10 3.743926e+10 1.678390e-02
