  0 1.000000e+00 5.415650e+12 5.663781e+11 1.636415e+12
  1 1.202261e-01 4.059813e+11 4.181582e+11 3.572128e+11
  2 7.899471e-02 2.474426e+11 3.628788e+11 9.392842e+10
  3 8.054622e-02 2.379125e+11 3.831841e+11 7.937972e+10
  4 7.907627e-02 2.203271e+11 3.873453e+11 5.973132e+10
  5 7.187962e-02 2.253646e+11 3.387801e+11 3.829837e+10
  6 6.167526e-02 2.258714e+11 2.664807e+11 3.066356e+10
  7 5.330269e-02 2.301964e+11 1.957045e+11 2.363522e+10
  8 4.789360e-02 2.386447e+11 1.297464e+11 1.918870e+10
  9 4.389975e-02 2.311471e+11 9.285746e+10 1.582574e+10
 10 3.955479e-02 2.095726e+11 8.052046e+10 1.324477e+10
 11 3.599003e-02 1.917537e+11 7.055593e+10 1.122991e+10
 12 3.091085e-02 1.600612e+11 7.194904e+10 9.615099e+09
 13 2.565322e-02 1.298019e+11 6.600771e+10 8.309253e+09
 14 2.247889e-02 1.123284e+11 6.054164e+10 7.235003e+09
 15 2.030758e-02 9.877703e+10 5.945476e+10 6.339499e+09
 16 1.781968e-02 8.498453e+10 5.488047e+10 5.585456e+09
 17 1.632236e-02 7.710270e+10 5.141495e+10 4.945527e+09
 18 1.491012e-02 7.144816e+10 4.541658e+10 4.400620e+09
 19 1.378146e-02 6.672059e+10 4.090092e+10 3.932957e+09
 20 1.263588e-02 6.074605e+10 3.819835e+10 3.529304e+09
 21 1.157058e-02 5.644037e+10 3.365090e+10 3.179421e+09
 22 1.056399e-02 5.116736e+10 3.132678e+10 2.874532e+09
 23 9.841040e-03 4.787879e+10 2.883839e+10 2.607518e+09
 24 9.219123e-03 4.478397e+10 2.713644e+10 2.372843e+09
