  0 1.000000e+00 8.397365e+12 2.692709e+11 1.059146e+12
  1 5.331557e-02 3.123461e+11 2.831141e+11 1.616345e+11
  2 2.445208e-02 1.107225e+11 1.703627e+11 3.990985e+10
  3 2.376635e-02 1.055485e+11 1.677254e+11 3.510487e+10
  4 2.315845e-02 9.664395e+10 1.678311e+11 3.085066e+10
  5 2.199034e-02 9.975207e+10 1.559456e+11 2.019087e+10
  6 1.988678e-02 1.016719e+11 1.331925e+11 1.681480e+10
  7 1.897889e-02 1.054813e+11 1.204860e+11 1.366178e+10
  8 1.818447e-02 1.127385e+11 1.042557e+11 1.155426e+10
  9 1.703059e-02 1.177862e+11 8.261525e+10 9.998909e+09
 10 1.599912e-02 1.190438e+11 6.408624e+10 8.790881e+09
 11 1.514146e-02 1.168271e+11 5.225403e+10 7.838907e+09
 12 1.428730e-02 1.118808e+11 4.550566e+10 7.062586e+09
 13 1.348731e-02 1.060561e+11 4.189857e+10 6.419560e+09
 14 1.266676e-02 9.959791e+10 3.938737e+10 5.876381e+09
 15 1.195961e-02 9.371417e+10 3.801605e+10 5.411687e+09
 16 1.127659e-02 8.820662e+10 3.623877e+10 5.009365e+09
 17 1.042989e-02 8.117779e+10 3.448583e+10 4.657944e+09
 18 9.733263e-03 7.459816e+10 3.478157e+10 4.348372e+09
 19 8.906728e-03 6.777940e+10 3.283447e+10 4.073575e+09
 20 8.239214e-03 6.223330e+10 3.131094e+10 3.827786e+09
 21 7.640011e-03 5.753747e+10 2.936205e+10 3.606588e+09
 22 7.186657e-03 5.363870e+10 2.854768e+10 3.406298e+09
 23 6.749469e-03 5.015697e+10 2.721502e+10 3.224209e+09
 24 6.348926e-03 4.708634e+10 2.576966e+10 3.058072e+09
