  0 1.000000e+00 8.571422e+12 2.711780e+11 1.059146e+12
  1 5.234901e-02 3.130852e+11 2.836629e+11 1.616334e+11
  2 2.398169e-02 1.113866e+11 1.701161e+11 3.993433e+10
  3 2.324342e-02 1.053878e+11 1.673697e+11 3.491187e+10
  4 2.265248e-02 9.626432e+10 1.676673e+11 3.055973e+10
  5 2.145581e-02 9.947443e+10 1.552305e+11 1.950182e+10
  6 1.938689e-02 1.014537e+11 1.323470e+11 1.594427e+10
  7 1.846786e-02 1.050684e+11 1.194424e+11 1.262572e+10
  8 1.768105e-02 1.122068e+11 1.031652e+11 1.040117e+10
  9 1.657342e-02 1.173105e+11 8.167048e+10 8.770118e+09
 10 1.559316e-02 1.187328e+11 6.325047e+10 7.506001e+09
 11 1.467895e-02 1.159486e+11 5.100560e+10 6.516121e+09
 12 1.387099e-02 1.113184e+11 4.406069e+10 5.713852e+09
 13 1.306208e-02 1.050446e+11 4.097794e+10 5.054419e+09
 14 1.216732e-02 9.811565e+10 3.750563e+10 4.502675e+09
 15 1.147809e-02 9.197340e+10 3.689738e+10 4.035462e+09
 16 1.076772e-02 8.609732e+10 3.508462e+10 3.635172e+09
 17 9.894825e-03 7.877357e+10 3.307771e+10 3.289129e+09
 18 9.202765e-03 7.284357e+10 3.175374e+10 2.987672e+09
 19 8.490401e-03 6.616401e+10 3.157922e+10 2.723229e+09
 20 7.769663e-03 6.034374e+10 2.932169e+10 2.489848e+09
 21 7.219444e-03 5.582874e+10 2.773965e+10 2.282635e+09
 22 6.773818e-03 5.181391e+10 2.714544e+10 2.097785e+09
 23 6.271476e-03 4.791932e+10 2.523231e+10 1.932059e+09
 24 5.871288e-03 4.491548e+10 2.352150e+10 1.782785e+09
