  0 1.000000e+00 9.189479e+12 4.440205e+11 1.353563e+12
  1 4.978246e-02 3.648905e+11 2.848989e+11 4.110818e-03
  2 3.632451e-03 1.668260e+10 2.937198e+10 5.421524e-03
  3 3.181817e-03 1.427543e+10 2.591698e+10 5.862515e-03
  4 3.094737e-03 1.410744e+10 2.508373e+10 6.577509e-03
  5 3.070226e-03 1.410816e+10 2.482148e+10 7.582572e-03
  6 3.051538e-03 1.410457e+10 2.462344e+10 7.726077e-03
  7 3.033158e-03 1.398170e+10 2.449681e+10 7.941727e-03
  8 2.751074e-03 1.384968e+10 2.150978e+10 7.818328e-03
  9 2.520817e-03 1.404067e+10 1.877157e+10 8.226992e-03
 10 2.407124e-03 1.467464e+10 1.690316e+10 8.125737e-03
 11 2.363841e-03 1.570580e+10 1.537962e+10 8.374096e-03
 12 2.279596e-03 1.580717e+10 1.412481e+10 8.654353e-03
 13 2.189449e-03 1.558361e+10 1.310302e+10 9.049697e-03
 14 2.112046e-03 1.531311e+10 1.229857e+10 8.993517e-03
 15 2.028760e-03 1.491223e+10 1.155632e+10 9.560773e-03
 16 1.944021e-03 1.446531e+10 1.084277e+10 9.351030e-03
 17 1.865425e-03 1.398365e+10 1.026533e+10 9.311834e-03
 18 1.785803e-03 1.345696e+10 9.730857e+09 8.896229e-03
 19 1.727423e-03 1.306796e+10 9.341917e+09 9.185732e-03
 20 1.656086e-03 1.259875e+10 8.856745e+09 8.856111e-03
 21 1.587295e-03 1.208317e+10 8.477818e+09 9.445402e-03
 22 1.511494e-03 1.148012e+10 8.109913e+09 9.934563e-03
 23 1.446114e-03 1.088794e+10 7.892719e+09 9.701989e-03
 24 1.357409e-03 1.022264e+10 7.405025e+09 1.053045e-02
