  0 1.000000e+00 1.126393e+13 2.855185e+11 9.692857e+11
  1 3.946442e-02 3.201445e+11 2.788493e+11 1.376321e+11
  2 1.909429e-02 1.073138e+11 1.843622e+11 3.353504e+10
  3 1.906391e-02 1.031942e+11 1.869813e+11 2.951140e+10
  4 1.859457e-02 9.502831e+10 1.856512e+11 2.692040e+10
  5 1.746677e-02 9.963648e+10 1.696517e+11 1.762763e+10
  6 1.562885e-02 1.051036e+11 1.413484e+11 1.463310e+10
  7 1.506846e-02 1.105270e+11 1.291487e+11 1.202244e+10
  8 1.471089e-02 1.169538e+11 1.178831e+11 1.018035e+10
  9 1.397569e-02 1.213054e+11 1.009335e+11 8.846789e+09
 10 1.307054e-02 1.225668e+11 8.225668e+10 7.813051e+09
 11 1.221606e-02 1.203311e+11 6.751170e+10 6.995720e+09
 12 1.141373e-02 1.156865e+11 5.690434e+10 6.331807e+09
 13 1.080462e-02 1.112121e+11 5.029032e+10 5.781943e+09
 14 1.017343e-02 1.052123e+11 4.625223e+10 5.318186e+09
 15 9.538498e-03 9.928609e+10 4.188674e+10 4.922025e+09
 16 9.029221e-03 9.400853e+10 3.960394e+10 4.579037e+09
 17 8.429559e-03 8.782935e+10 3.682031e+10 4.279203e+09
 18 7.794957e-03 8.151111e+10 3.333198e+10 4.014750e+09
 19 7.192011e-03 7.546979e+10 3.009159e+10 3.779897e+09
 20 6.576610e-03 6.919535e+10 2.703774e+10 3.569763e+09
 21 6.132684e-03 6.472339e+10 2.469092e+10 3.380477e+09
 22 5.706877e-03 6.020145e+10 2.304119e+10 3.209079e+09
 23 5.332100e-03 5.618723e+10 2.167840e+10 3.053115e+09
 24 4.992303e-03 5.253700e+10 2.046907e+10 2.910514e+09
