  0 1.000000e+00 7.665242e+12 3.166528e+11 1.179697e+12
  1 6.256049e-02 3.252834e+11 3.022460e+11 1.965634e+11
  2 2.933418e-02 1.238646e+11 1.845538e+11 4.940062e+10
  3 2.890799e-02 1.136881e+11 1.883048e+11 4.431487e+10
  4 2.871636e-02 1.077682e+11 1.923134e+11 3.292033e+10
  5 2.703718e-02 1.126305e+11 1.757695e+11 2.147586e+10
  6 2.462490e-02 1.166878e+11 1.503379e+11 1.777463e+10
  7 2.346501e-02 1.234825e+11 1.331515e+11 1.398738e+10
  8 2.266363e-02 1.340578e+11 1.133003e+11 1.171689e+10
  9 2.159346e-02 1.418148e+11 8.878114e+10 9.935429e+09
 10 2.041253e-02 1.428951e+11 6.790468e+10 8.574241e+09
 11 1.922097e-02 1.388203e+11 5.414043e+10 7.488757e+09
 12 1.797721e-02 1.318062e+11 4.532592e+10 6.604147e+09
 13 1.670826e-02 1.228596e+11 4.111250e+10 5.869990e+09
 14 1.565790e-02 1.150723e+11 3.875245e+10 5.251556e+09
 15 1.448445e-02 1.066495e+11 3.526397e+10 4.724022e+09
 16 1.343130e-02 9.798675e+10 3.534240e+10 4.269542e+09
 17 1.246128e-02 9.087484e+10 3.289764e+10 3.874585e+09
 18 1.117152e-02 8.042861e+10 3.221638e+10 3.528654e+09
 19 1.044483e-02 7.475109e+10 3.121846e+10 3.223970e+09
 20 9.569308e-03 6.896760e+10 2.741798e+10 2.953628e+09
 21 8.865000e-03 6.312852e+10 2.724350e+10 2.712229e+09
 22 8.349493e-03 5.955722e+10 2.543290e+10 2.495867e+09
 23 7.827555e-03 5.483135e+10 2.607016e+10 2.301017e+09
 24 7.163234e-03 4.965524e+10 2.492542e+10 2.125151e+09
