  0 1.000000e+00 1.061981e+13 2.571782e+11 9.692857e+11
  1 4.283267e-02 3.608265e+11 2.802865e+11 5.660177e-03
  2 2.388676e-03 1.071773e+10 2.311640e+10 9.438023e-03
  3 1.791322e-03 7.969010e+09 1.736709e+10 1.074100e-02
  4 1.708934e-03 7.419979e+09 1.665086e+10 1.019283e-02
  5 1.691506e-03 7.302526e+09 1.649961e+10 1.132726e-02
  6 1.683167e-03 7.227484e+09 1.643549e+10 1.166906e-02
  7 1.677692e-03 7.152561e+09 1.640454e+10 1.192259e-02
  8 1.515112e-03 7.102589e+09 1.451746e+10 1.226720e-02
  9 1.358390e-03 7.227031e+09 1.255910e+10 1.258291e-02
 10 1.272149e-03 7.598513e+09 1.124321e+10 1.312430e-02
 11 1.231696e-03 8.314215e+09 1.017329e+10 1.347482e-02
 12 1.188466e-03 8.617843e+09 9.297853e+09 1.396207e-02
 13 1.140286e-03 8.625369e+09 8.576350e+09 1.437113e-02
 14 1.096842e-03 8.569023e+09 7.966404e+09 1.479670e-02
 15 1.057387e-03 8.471077e+09 7.447241e+09 1.469511e-02
 16 1.021448e-03 8.355271e+09 6.993481e+09 1.422509e-02
 17 9.869307e-04 8.200872e+09 6.601291e+09 1.509521e-02
 18 9.527824e-04 8.017968e+09 6.245525e+09 1.541525e-02
 19 9.205029e-04 7.822327e+09 5.935073e+09 1.480486e-02
 20 8.897901e-04 7.620925e+09 5.657649e+09 1.519357e-02
 21 8.602484e-04 7.411471e+09 5.410631e+09 1.512001e-02
 22 8.313723e-04 7.201073e+09 5.176024e+09 1.578902e-02
 23 8.029434e-04 6.978587e+09 4.965813e+09 1.532575e-02
 24 7.744229e-04 6.761600e+09 4.745715e+09 1.545719e-02
