  0 1.000000e+00 5.294679e+12 5.653988e+11 1.636415e+12
  1 1.225435e-01 4.047991e+11 4.177639e+11 3.572153e+11
  2 8.049436e-02 2.463539e+11 3.626773e+11 9.400217e+10
  3 8.226354e-02 2.381558e+11 3.832586e+11 7.994669e+10
  4 8.086668e-02 2.208277e+11 3.879377e+11 6.054090e+10
  5 7.359688e-02 2.257109e+11 3.399664e+11 3.946709e+10
  6 6.329800e-02 2.270274e+11 2.678877e+11 3.202076e+10
  7 5.462446e-02 2.308676e+11 1.966209e+11 2.514170e+10
  8 4.904065e-02 2.389483e+11 1.307704e+11 2.079136e+10
  9 4.509700e-02 2.322367e+11 9.417864e+10 1.748676e+10
 10 4.080541e-02 2.114198e+11 8.214587e+10 1.493820e+10
 11 3.689665e-02 1.915680e+11 7.334188e+10 1.293608e+10
 12 3.221702e-02 1.614766e+11 7.749524e+10 1.132139e+10
 13 2.694070e-02 1.329222e+11 6.894973e+10 1.000362e+10
 14 2.369798e-02 1.149217e+11 6.434723e+10 8.908155e+09
 15 2.077792e-02 9.811744e+10 6.087714e+10 7.986091e+09
 16 1.910327e-02 8.871901e+10 5.832181e+10 7.201302e+09
 17 1.720108e-02 8.229886e+10 4.863825e+10 6.529179e+09
 18 1.610191e-02 7.656779e+10 4.634096e+10 5.948486e+09
 19 1.474792e-02 7.020004e+10 4.232772e+10 5.443183e+09
 20 1.336471e-02 6.403975e+10 3.763704e+10 5.001090e+09
 21 1.242183e-02 5.943362e+10 3.513600e+10 4.612435e+09
 22 1.146428e-02 5.460969e+10 3.283253e+10 4.269120e+09
 23 1.063085e-02 5.009255e+10 3.133692e+10 3.964866e+09
 24 9.915171e-03 4.609089e+10 3.021055e+10 3.693866e+09
