  0 1.000000e+00 7.975099e+12 4.257708e+11 1.353563e+12
  1 6.003439e-02 3.460121e+11 3.417056e+11 4.007000e-03
  2 4.119845e-02 2.447192e+11 2.268981e+11 6.077298e-03
  3 3.524798e-02 2.146954e+11 1.882234e+11 7.926356e-03
  4 3.056741e-02 2.028032e+11 1.420560e+11 8.511726e-03
  5 3.048869e-02 2.103330e+11 1.294362e+11 8.813351e-03
  6 2.985243e-02 2.155892e+11 1.095255e+11 8.773705e-03
  7 2.898619e-02 2.113956e+11 1.021865e+11 9.272787e-03
  8 2.692799e-02 1.973701e+11 9.286566e+10 9.385456e-03
  9 2.538460e-02 1.856922e+11 8.831566e+10 1.027669e-02
 10 2.369388e-02 1.730732e+11 8.295946e+10 1.026634e-02
 11 2.177203e-02 1.574972e+11 7.935883e+10 1.010264e-02
 12 1.946610e-02 1.370228e+11 7.802823e+10 1.002478e-02
 13 1.776668e-02 1.228924e+11 7.489557e+10 1.035255e-02
 14 1.613154e-02 1.107491e+11 6.935099e+10 9.925314e-03
 15 1.471329e-02 9.961076e+10 6.543866e+10 1.023318e-02
 16 1.373859e-02 9.278885e+10 6.144190e+10 1.034851e-02
 17 1.280334e-02 8.404920e+10 6.076028e+10 1.007261e-02
 18 1.197369e-02 7.770544e+10 5.804423e+10 1.013429e-02
 19 1.126045e-02 7.316438e+10 5.446915e+10 1.088341e-02
 20 1.068161e-02 6.939654e+10 5.167829e+10 1.095878e-02
 21 1.009548e-02 6.494972e+10 4.968892e+10 1.061416e-02
 22 9.143639e-03 5.775094e+10 4.637562e+10 1.111243e-02
 23 8.361765e-03 5.140224e+10 4.410892e+10 1.027703e-02
 24 7.970328e-03 4.909264e+10 4.193112e+10 1.057322e-02
