  0 1.000000e+00 7.958569e+12 4.255352e+11 1.353563e+12
  1 6.777348e-02 3.459093e+11 3.417656e+11 2.524300e+11
  2 4.786014e-02 1.953075e+11 3.276590e+11 6.472618e+10
  3 5.069919e-02 1.923695e+11 3.574310e+11 5.673103e+10
  4 4.973994e-02 1.811612e+11 3.559395e+11 4.661219e+10
  5 4.579462e-02 1.899403e+11 3.163347e+11 3.013091e+10
  6 4.032155e-02 1.981003e+11 2.576466e+11 2.501163e+10
  7 3.763302e-02 2.063904e+11 2.226148e+11 2.000181e+10
  8 3.497382e-02 2.162354e+11 1.813776e+11 1.676154e+10
  9 3.208211e-02 2.163739e+11 1.422707e+11 1.434219e+10
 10 2.916866e-02 2.054793e+11 1.150019e+11 1.245276e+10
 11 2.680989e-02 1.930573e+11 9.788563e+10 1.097137e+10
 12 2.423205e-02 1.750784e+11 8.732889e+10 9.767640e+09
 13 2.196827e-02 1.600436e+11 7.647327e+10 8.779869e+09
 14 1.908854e-02 1.426046e+11 5.842186e+10 7.955319e+09
 15 1.652878e-02 1.243916e+11 4.825188e+10 7.257950e+09
 16 1.485198e-02 1.115777e+11 4.383491e+10 6.660037e+09
 17 1.324642e-02 9.934367e+10 3.950048e+10 6.141461e+09
 18 1.243704e-02 9.353741e+10 3.642877e+10 5.687337e+09
 19 1.145242e-02 8.575393e+10 3.449265e+10 5.286724e+09
 20 1.032151e-02 7.590348e+10 3.430069e+10 4.930772e+09
 21 9.686616e-03 7.096917e+10 3.277368e+10 4.612842e+09
 22 9.221550e-03 6.679350e+10 3.282136e+10 4.327305e+09
 23 8.727184e-03 6.281894e+10 3.185393e+10 4.069763e+09
 24 8.096887e-03 5.822999e+10 2.964797e+10 3.836386e+09
