  0 1.000000e+00 5.294679e+12 5.653988e+11 1.636415e+12
  1 1.230215e-01 4.088926e+11 4.181369e+11 3.572153e+11
  2 7.207264e-02 2.238608e+11 3.197599e+11 9.396917e+10
  3 7.488978e-02 2.084280e+11 3.518852e+11 8.229337e+10
  4 7.551966e-02 2.024896e+11 3.646746e+11 5.466172e+10
  5 6.910544e-02 2.089063e+11 3.212121e+11 3.704259e+10
  6 6.052399e-02 2.139708e+11 2.588282e+11 2.993866e+10
  7 5.380532e-02 2.234688e+11 1.983503e+11 2.354634e+10
  8 4.939758e-02 2.378288e+11 1.369981e+11 1.971672e+10
  9 4.497877e-02 2.307962e+11 9.609310e+10 1.667430e+10
 10 4.100278e-02 2.128532e+11 8.159208e+10 1.437636e+10
 11 3.727992e-02 1.955924e+11 6.865300e+10 1.254013e+10
 12 3.193382e-02 1.661850e+11 6.248941e+10 1.105526e+10
 13 2.696854e-02 1.381940e+11 5.809261e+10 9.833282e+09
 14 2.382736e-02 1.208687e+11 5.413723e+10 8.810508e+09
 15 2.161201e-02 1.078710e+11 5.286578e+10 7.940879e+09
 16 1.914211e-02 9.383132e+10 5.014354e+10 7.193941e+09
 17 1.768815e-02 8.512478e+10 4.919002e+10 6.546475e+09
 18 1.613540e-02 7.951660e+10 4.147663e+10 5.982583e+09
 19 1.507797e-02 7.444526e+10 3.850428e+10 5.487145e+09
 20 1.384947e-02 6.796123e+10 3.616338e+10 5.049799e+09
 21 1.258175e-02 6.201374e+10 3.232350e+10 4.661563e+09
 22 1.157643e-02 5.695558e+10 2.993390e+10 4.315558e+09
 23 1.102962e-02 5.430299e+10 2.846324e+10 4.005941e+09
 24 1.008644e-02 4.896744e+10 2.729987e+10 3.727989e+09
