  0 1.000000e+00 7.958569e+12 4.255352e+11 1.353563e+12
  1 6.015151e-02 3.459093e+11 3.417656e+11 4.256457e-03
  2 4.128941e-02 2.447513e+11 2.269581e+11 6.519448e-03
  3 3.533666e-02 2.147557e+11 1.883713e+11 7.918830e-03
  4 3.064051e-02 2.028369e+11 1.421702e+11 8.551453e-03
  5 3.057882e-02 2.104701e+11 1.296560e+11 8.661041e-03
  6 2.993172e-02 2.156050e+11 1.098358e+11 9.523531e-03
  7 2.905371e-02 2.114286e+11 1.022877e+11 9.415685e-03
  8 2.701427e-02 1.975629e+11 9.306386e+10 9.790360e-03
  9 2.547705e-02 1.860796e+11 8.827848e+10 1.002854e-02
 10 2.380222e-02 1.734239e+11 8.336114e+10 9.415813e-03
 11 2.186213e-02 1.578444e+11 7.950039e+10 9.677922e-03
 12 1.956435e-02 1.372154e+11 7.865306e+10 1.035986e-02
 13 1.781112e-02 1.227320e+11 7.529204e+10 9.705504e-03
 14 1.621959e-02 1.110972e+11 6.964128e+10 1.056376e-02
 15 1.474638e-02 9.946229e+10 6.571478e+10 1.048567e-02
 16 1.377639e-02 9.268696e+10 6.174319e+10 1.044125e-02
 17 1.290075e-02 8.426237e+10 6.145203e+10 1.079885e-02
 18 1.208125e-02 7.829007e+10 5.838856e+10 1.049699e-02
 19 1.134027e-02 7.343489e+10 5.487894e+10 1.071630e-02
 20 1.079513e-02 6.994272e+10 5.219004e+10 1.112963e-02
 21 1.015549e-02 6.489432e+10 5.028666e+10 1.078784e-02
 22 9.240951e-03 5.784801e+10 4.726898e+10 1.033760e-02
 23 8.569834e-03 5.244793e+10 4.526369e+10 1.050919e-02
 24 8.117391e-03 5.002388e+10 4.247105e+10 1.033843e-02
