  0 1.000000e+00 5.415650e+12 5.663781e+11 1.636415e+12
  1 1.029799e-01 4.102055e+11 4.178092e+11 2.621864e-03
  2 8.483254e-02 3.576185e+11 3.236646e+11 4.941722e-03
  3 7.120292e-02 3.117365e+11 2.582985e+11 5.806403e-03
  4 6.088580e-02 2.876569e+11 1.926024e+11 6.473226e-03
  5 5.816121e-02 2.840405e+11 1.693442e+11 6.444988e-03
  6 5.519374e-02 2.824303e+11 1.368035e+11 7.097046e-03
  7 5.118760e-02 2.624207e+11 1.258571e+11 7.004796e-03
  8 4.634824e-02 2.343145e+11 1.205909e+11 6.146153e-03
  9 4.170148e-02 2.105207e+11 1.090856e+11 7.011626e-03
 10 3.775696e-02 1.842449e+11 1.101821e+11 7.244892e-03
 11 3.318989e-02 1.615370e+11 9.755617e+10 7.226568e-03
 12 2.831616e-02 1.350132e+11 8.770475e+10 7.523649e-03
 13 2.587098e-02 1.197301e+11 8.545181e+10 7.175358e-03
 14 2.357578e-02 1.056020e+11 8.256289e+10 7.337466e-03
 15 2.071759e-02 9.354485e+10 7.158976e+10 6.854346e-03
 16 1.940147e-02 8.645951e+10 6.850928e+10 7.377932e-03
 17 1.824699e-02 8.039808e+10 6.557291e+10 7.036533e-03
 18 1.579308e-02 6.987037e+10 5.640389e+10 7.627335e-03
 19 1.473249e-02 6.408637e+10 5.394061e+10 7.147563e-03
 20 1.373484e-02 5.979705e+10 5.022786e+10 7.378056e-03
 21 1.287426e-02 5.677278e+10 4.620708e+10 7.042075e-03
 22 1.163741e-02 5.099825e+10 4.215829e+10 7.053168e-03
 23 1.061722e-02 4.556749e+10 3.959515e+10 7.430761e-03
 24 9.986659e-03 4.308257e+10 3.698733e+10 7.854098e-03
