  0 1.000000e+00 9.676045e+12 2.838544e+11 1.059146e+12
  1 4.677203e-02 3.594358e+11 2.797395e+11 5.664488e-03
  2 2.794986e-03 1.190899e+10 2.447384e+10 9.681189e-03
  3 2.201288e-03 9.281763e+09 1.932239e+10 9.782994e-03
  4 2.110480e-03 8.805763e+09 1.856974e+10 9.202269e-03
  5 2.090737e-03 8.715835e+09 1.839960e+10 1.013020e-02
  6 2.080855e-03 8.652855e+09 1.832294e+10 1.036652e-02
  7 2.074318e-03 8.573255e+09 1.829004e+10 1.110390e-02
  8 1.870255e-03 8.509499e+09 1.610228e+10 1.146503e-02
  9 1.689845e-03 8.661761e+09 1.399153e+10 1.210428e-02
 10 1.592629e-03 9.106445e+09 1.255393e+10 1.254373e-02
 11 1.552571e-03 9.942248e+09 1.139004e+10 1.280860e-02
 12 1.500279e-03 1.022565e+10 1.043451e+10 1.238642e-02
 13 1.440962e-03 1.019639e+10 9.640142e+09 1.327785e-02
 14 1.386926e-03 1.009465e+10 8.972528e+09 1.432722e-02
 15 1.337707e-03 9.954715e+09 8.402083e+09 1.446803e-02
 16 1.294933e-03 9.802046e+09 7.933018e+09 1.450618e-02
 17 1.248421e-03 9.578062e+09 7.487035e+09 1.419618e-02
 18 1.205012e-03 9.342276e+09 7.100536e+09 1.370017e-02
 19 1.163322e-03 9.100061e+09 6.746975e+09 1.476288e-02
 20 1.124179e-03 8.854171e+09 6.437812e+09 1.449084e-02
 21 1.086349e-03 8.606449e+09 6.151495e+09 1.471060e-02
 22 1.057040e-03 8.389438e+09 5.964229e+09 1.456850e-02
 23 1.015346e-03 8.095424e+09 5.676715e+09 1.590951e-02
 24 9.792665e-04 7.838491e+09 5.430911e+09 1.480110e-02
