  0 1.000000e+00 9.180800e+12 2.405096e+11 9.692857e+11
  1 4.743562e-02 3.134730e+11 2.733103e+11 1.376152e+11
  2 1.762970e-02 8.702759e+10 1.334539e+11 3.351455e+10
  3 1.704724e-02 8.090413e+10 1.315980e+11 3.034593e+10
  4 1.656100e-02 7.436020e+10 1.314622e+11 2.406096e+10
  5 1.574049e-02 7.759158e+10 1.218667e+11 1.607463e+10
  6 1.447444e-02 8.082374e+10 1.055980e+11 1.358219e+10
  7 1.405499e-02 8.596413e+10 9.661166e+10 1.112148e+10
  8 1.397762e-02 9.373514e+10 8.822931e+10 9.574154e+09
  9 1.362895e-02 1.001762e+11 7.573492e+10 8.389718e+09
 10 1.312735e-02 1.039591e+11 6.191418e+10 7.482347e+09
 11 1.257794e-02 1.044393e+11 5.039062e+10 6.754390e+09
 12 1.199419e-02 1.023769e+11 4.183398e+10 6.160269e+09
 13 1.148994e-02 9.925026e+10 3.710065e+10 5.662371e+09
 14 1.092385e-02 9.495879e+10 3.365136e+10 5.238972e+09
 15 1.035866e-02 9.020275e+10 3.147842e+10 4.873625e+09
 16 9.824727e-03 8.587935e+10 2.891530e+10 4.554755e+09
 17 9.361389e-03 8.162041e+10 2.817444e+10 4.273761e+09
 18 8.845977e-03 7.707714e+10 2.676829e+10 4.024139e+09
 19 8.200566e-03 7.120559e+10 2.550751e+10 3.801034e+09
 20 7.743753e-03 6.690428e+10 2.499993e+10 3.600443e+09
 21 7.247605e-03 6.178655e+10 2.550560e+10 3.418932e+09
 22 6.792589e-03 5.797157e+10 2.374179e+10 3.253622e+09
 23 6.369345e-03 5.399458e+10 2.312637e+10 3.102266e+09
 24 6.080424e-03 5.146793e+10 2.225691e+10 2.963258e+09
