  0 1.000000e+00 1.326340e+13 3.163952e+11 9.692857e+11
  1 3.539038e-02 3.723340e+11 2.881020e+11 6.245203e-03
  2 1.877869e-03 1.033820e+10 2.274076e+10 1.035117e-02
  3 1.402046e-03 7.799612e+09 1.694158e+10 9.675127e-03
  4 1.323802e-03 7.263272e+09 1.604226e+10 1.024108e-02
  5 1.298864e-03 7.137916e+09 1.573486e+10 1.036072e-02
  6 1.284007e-03 7.074739e+09 1.554648e+10 1.112144e-02
  7 1.271885e-03 7.004660e+09 1.540121e+10 1.171478e-02
  8 1.200873e-03 6.954724e+09 1.438128e+10 1.244274e-02
  9 1.048090e-03 7.007889e+09 1.205304e+10 1.213938e-02
 10 9.707642e-04 7.222619e+09 1.070492e+10 1.252497e-02
 11 9.238926e-04 7.649472e+09 9.619375e+09 1.274160e-02
 12 8.992199e-04 8.178609e+09 8.729112e+09 1.283118e-02
 13 8.661014e-04 8.296765e+09 7.994059e+09 1.310153e-02
 14 8.313274e-04 8.242275e+09 7.372994e+09 1.425186e-02
 15 7.987436e-04 8.120729e+09 6.852082e+09 1.457350e-02
 16 7.674368e-04 7.952166e+09 6.401851e+09 1.482402e-02
 17 7.383828e-04 7.766264e+09 6.013643e+09 1.485760e-02
 18 7.104553e-04 7.564206e+09 5.665812e+09 1.468057e-02
 19 6.828467e-04 7.334101e+09 5.359344e+09 1.409147e-02
 20 6.550127e-04 7.085160e+09 5.071742e+09 1.443886e-02
 21 6.307409e-04 6.861850e+09 4.828527e+09 1.436756e-02
 22 6.081528e-04 6.654451e+09 4.600643e+09 1.464216e-02
 23 5.872888e-04 6.434996e+09 4.429994e+09 1.436734e-02
 24 5.636307e-04 6.202841e+09 4.211945e+09 1.472743e-02
