  0 1.000000e+00 8.397365e+12 2.692709e+11 1.059146e+12
  1 5.373345e-02 3.165415e+11 2.841180e+11 1.616345e+11
  2 2.249553e-02 1.022755e+11 1.556737e+11 3.992747e+10
  3 2.174000e-02 9.368403e+10 1.543114e+11 3.610313e+10
  4 2.139288e-02 8.781799e+10 1.559689e+11 2.793191e+10
  5 2.029530e-02 9.196638e+10 1.439953e+11 1.856951e+10
  6 1.861033e-02 9.553396e+10 1.243552e+11 1.566567e+10
  7 1.796439e-02 1.015710e+11 1.125356e+11 1.269984e+10
  8 1.768609e-02 1.105504e+11 1.004524e+11 1.089450e+10
  9 1.700884e-02 1.175522e+11 8.268721e+10 9.490877e+09
 10 1.626701e-02 1.208745e+11 6.552948e+10 8.416899e+09
 11 1.549498e-02 1.199805e+11 5.258092e+10 7.556269e+09
 12 1.478368e-02 1.169879e+11 4.404116e+10 6.852727e+09
 13 1.390547e-02 1.105597e+11 4.004157e+10 6.264147e+09
 14 1.314084e-02 1.054440e+11 3.509055e+10 5.764147e+09
 15 1.241989e-02 9.940501e+10 3.393716e+10 5.333480e+09
 16 1.172264e-02 9.374104e+10 3.228699e+10 4.958044e+09
 17 1.088623e-02 8.686014e+10 3.053297e+10 4.627758e+09
 18 1.018134e-02 8.060666e+10 3.028564e+10 4.334994e+09
 19 9.479638e-03 7.436662e+10 2.995213e+10 4.073710e+09
 20 8.647411e-03 6.750817e+10 2.811090e+10 3.838863e+09
 21 8.168268e-03 6.365387e+10 2.682484e+10 3.626307e+09
 22 7.576957e-03 5.943883e+10 2.391934e+10 3.432799e+09
 23 7.155789e-03 5.557750e+10 2.392645e+10 3.256032e+09
 24 6.814745e-03 5.273760e+10 2.322588e+10 3.094038e+09
