  0 1.000000e+00 1.186862e+13 3.349566e+11 1.059146e+12
  1 3.935992e-02 3.708353e+11 2.874375e+11 6.924988e-03
  2 2.297281e-03 1.211306e+10 2.456008e+10 9.869463e-03
  3 1.800067e-03 9.318642e+09 1.932861e+10 1.030354e-02
  4 1.723853e-03 8.792994e+09 1.857289e+10 9.126508e-03
  5 1.708244e-03 8.701511e+09 1.841032e+10 1.014099e-02
  6 1.700776e-03 8.645534e+09 1.833831e+10 1.010905e-02
  7 1.695929e-03 8.572804e+09 1.830865e+10 1.056235e-02
  8 1.528676e-03 8.513693e+09 1.611146e+10 1.163257e-02
  9 1.381968e-03 8.671927e+09 1.400649e+10 1.148005e-02
 10 1.303193e-03 9.125723e+09 1.257172e+10 1.148569e-02
 11 1.270926e-03 9.965497e+09 1.141112e+10 1.213740e-02
 12 1.228710e-03 1.025227e+10 1.046044e+10 1.215257e-02
 13 1.180701e-03 1.022633e+10 9.670311e+09 1.256081e-02
 14 1.137496e-03 1.013666e+10 9.006041e+09 1.281600e-02
 15 1.098560e-03 1.000776e+10 8.445940e+09 1.305540e-02
 16 1.065235e-03 9.871077e+09 7.987769e+09 1.303078e-02
 17 1.025951e-03 9.632640e+09 7.535342e+09 1.298115e-02
 18 9.916971e-04 9.409201e+09 7.156489e+09 1.312397e-02
 19 9.594000e-04 9.181386e+09 6.818816e+09 1.339439e-02
 20 9.288117e-04 8.954362e+09 6.512012e+09 1.279130e-02
 21 8.965648e-04 8.686724e+09 6.226028e+09 1.287981e-02
 22 8.714218e-04 8.471211e+09 6.012035e+09 1.334020e-02
 23 8.435849e-04 8.234461e+09 5.771984e+09 1.373891e-02
 24 8.142678e-04 7.974423e+09 5.533921e+09 1.363192e-02
