  0 1.000000e+00 9.867494e+12 2.861462e+11 1.059146e+12
  1 4.587497e-02 3.594323e+11 2.797368e+11 5.698761e-03
  2 2.669709e-03 1.136287e+10 2.394652e+10 9.241796e-03
  3 2.101447e-03 9.069109e+09 1.878960e+10 9.548218e-03
  4 1.993582e-03 8.614667e+09 1.781981e+10 9.628642e-03
  5 1.956856e-03 8.504029e+09 1.746822e+10 1.039330e-02
  6 1.932381e-03 8.442938e+09 1.722762e+10 1.009111e-02
  7 1.913194e-03 8.364602e+09 1.705387e+10 1.091515e-02
  8 1.807059e-03 8.300579e+09 1.590536e+10 1.095601e-02
  9 1.586559e-03 8.352294e+09 1.335513e+10 1.212942e-02
 10 1.476930e-03 8.594233e+09 1.188085e+10 1.165759e-02
 11 1.411036e-03 9.068094e+09 1.067834e+10 1.335435e-02
 12 1.378309e-03 9.643752e+09 9.708615e+09 1.275319e-02
 13 1.328426e-03 9.732402e+09 8.901145e+09 1.391294e-02
 14 1.274417e-03 9.616472e+09 8.222936e+09 1.405378e-02
 15 1.223178e-03 9.442198e+09 7.636983e+09 1.387623e-02
 16 1.176439e-03 9.232706e+09 7.154044e+09 1.391434e-02
 17 1.128073e-03 8.974768e+09 6.699998e+09 1.407163e-02
 18 1.083146e-03 8.701933e+09 6.318264e+09 1.385073e-02
 19 1.039056e-03 8.412185e+09 5.971274e+09 1.412568e-02
 20 9.978520e-04 8.125531e+09 5.667791e+09 1.349574e-02
 21 9.614481e-04 7.870255e+09 5.401528e+09 1.430533e-02
 22 9.201095e-04 7.552441e+09 5.139172e+09 1.418785e-02
 23 8.791286e-04 7.248042e+09 4.862947e+09 1.414175e-02
 24 8.528045e-04 7.037467e+09 4.707697e+09 1.428146e-02
