  0 1.000000e+00 1.081049e+13 2.594813e+11 9.692857e+11
  1 4.208309e-02 3.608233e+11 2.802840e+11 5.918358e-03
  2 2.286650e-03 1.017132e+10 2.264681e+10 1.111815e-02
  3 1.715668e-03 7.779828e+09 1.692445e+10 9.861435e-03
  4 1.622056e-03 7.277905e+09 1.603638e+10 1.043759e-02
  5 1.591585e-03 7.151289e+09 1.573053e+10 1.136223e-02
  6 1.573294e-03 7.082812e+09 1.554351e+10 1.103938e-02
  7 1.558380e-03 7.008557e+09 1.539941e+10 1.182579e-02
  8 1.471289e-03 6.955474e+09 1.437989e+10 1.236089e-02
  9 1.284030e-03 7.006156e+09 1.205221e+10 1.307527e-02
 10 1.189174e-03 7.218579e+09 1.070426e+10 1.286126e-02
 11 1.131611e-03 7.643974e+09 9.618318e+09 1.300210e-02
 12 1.101348e-03 8.173569e+09 8.727522e+09 1.376538e-02
 13 1.060508e-03 8.289047e+09 7.991340e+09 1.359909e-02
 14 1.017446e-03 8.229364e+09 7.368854e+09 1.375857e-02
 15 9.770358e-04 8.103135e+09 6.845525e+09 1.406064e-02
 16 9.382017e-04 7.930675e+09 6.392135e+09 1.430290e-02
 17 9.023019e-04 7.742390e+09 6.001835e+09 1.418717e-02
 18 8.677851e-04 7.538341e+09 5.651393e+09 1.442560e-02
 19 8.337756e-04 7.307096e+09 5.343213e+09 1.565926e-02
 20 7.993073e-04 7.055305e+09 5.052839e+09 1.509916e-02
 21 7.694125e-04 6.831122e+09 4.807955e+09 1.470737e-02
 22 7.412804e-04 6.618576e+09 4.578820e+09 1.492062e-02
 23 7.157480e-04 6.399682e+09 4.407964e+09 1.500274e-02
 24 6.864772e-04 6.164563e+09 4.188820e+09 1.500079e-02
