  0 1.000000e+00 5.293457e+12 5.653890e+11 1.636415e+12
  1 1.225674e-01 4.047873e+11 4.177600e+11 3.572153e+11
  2 8.050985e-02 2.463432e+11 3.626753e+11 9.400293e+10
  3 8.228126e-02 2.381584e+11 3.832594e+11 7.995253e+10
  4 8.088518e-02 2.208332e+11 3.879438e+11 6.054938e+10
  5 7.361453e-02 2.257138e+11 3.399785e+11 3.947943e+10
  6 6.331437e-02 2.270342e+11 2.679033e+11 3.203524e+10
  7 5.463843e-02 2.308750e+11 1.966322e+11 2.515795e+10
  8 4.905295e-02 2.389612e+11 1.307681e+11 2.080889e+10
  9 4.510987e-02 2.322510e+11 9.419130e+10 1.750520e+10
 10 4.081920e-02 2.114394e+11 8.217302e+10 1.495732e+10
 11 3.690813e-02 1.915746e+11 7.338001e+10 1.295568e+10
 12 3.223286e-02 1.614940e+11 7.757348e+10 1.134133e+10
 13 2.695926e-02 1.329785e+11 6.899509e+10 1.002380e+10
 14 2.371670e-02 1.149698e+11 6.441592e+10 8.928450e+09
 15 2.079481e-02 9.816373e+10 6.093272e+10 8.006413e+09
 16 1.911898e-02 8.877030e+10 5.836037e+10 7.221562e+09
 17 1.721532e-02 8.237094e+10 4.863042e+10 6.549320e+09
 18 1.611088e-02 7.658836e+10 4.636484e+10 5.968432e+09
 19 1.476060e-02 7.026114e+10 4.232770e+10 5.462908e+09
 20 1.337688e-02 6.406805e+10 3.768955e+10 5.020565e+09
 21 1.243762e-02 5.949559e+10 3.517340e+10 4.631653e+09
 22 1.146494e-02 5.459494e+10 3.283579e+10 4.288088e+09
 23 1.064081e-02 5.012688e+10 3.136113e+10 3.983580e+09
 24 9.927170e-03 4.612231e+10 3.026144e+10 3.712346e+09
