  0 1.000000e+00 8.140404e+12 4.281472e+11 1.353563e+12
  1 6.634120e-02 3.470445e+11 3.411132e+11 2.524281e+11
  2 4.691085e-02 1.962343e+11 3.279748e+11 6.470737e+10
  3 4.956443e-02 1.921324e+11 3.572847e+11 5.635286e+10
  4 4.856006e-02 1.805699e+11 3.553817e+11 4.595478e+10
  5 4.461295e-02 1.892742e+11 3.150064e+11 2.912246e+10
  6 3.926306e-02 1.974411e+11 2.563466e+11 2.378084e+10
  7 3.650868e-02 2.047849e+11 2.207460e+11 1.859594e+10
  8 3.388062e-02 2.148024e+11 1.789084e+11 1.523034e+10
  9 3.104558e-02 2.144301e+11 1.402482e+11 1.272305e+10
 10 2.829321e-02 2.045056e+11 1.127886e+11 1.077296e+10
 11 2.572957e-02 1.897416e+11 9.547611e+10 9.252168e+09
 12 2.333355e-02 1.734766e+11 8.377174e+10 8.023844e+09
 13 2.121378e-02 1.590227e+11 7.342262e+10 7.022563e+09
 14 1.835700e-02 1.403215e+11 5.728009e+10 6.193209e+09
 15 1.574301e-02 1.222219e+11 4.421141e+10 5.498946e+09
 16 1.417815e-02 1.099501e+11 4.015986e+10 4.910561e+09
 17 1.274113e-02 9.804901e+10 3.809933e+10 4.407035e+09
 18 1.147894e-02 8.819291e+10 3.469065e+10 3.971520e+09
 19 1.078629e-02 8.313051e+10 3.194647e+10 3.592077e+09
 20 9.890608e-03 7.609393e+10 2.964250e+10 3.259528e+09
 21 8.932935e-03 6.788097e+10 2.884550e+10 2.966559e+09
 22 8.302000e-03 6.241842e+10 2.833369e+10 2.707491e+09
 23 7.799948e-03 5.834829e+10 2.726788e+10 2.477465e+09
 24 6.898029e-03 5.156201e+10 2.419143e+10 2.272431e+09
