  0 1.000000e+00 7.975099e+12 4.257708e+11 1.353563e+12
  1 6.764060e-02 3.460121e+11 3.417056e+11 2.524298e+11
  2 4.777199e-02 1.953909e+11 3.276869e+11 6.472447e+10
  3 5.059387e-02 1.923468e+11 3.574173e+11 5.669670e+10
  4 4.963023e-02 1.811041e+11 3.558878e+11 4.655038e+10
  5 4.568503e-02 1.898798e+11 3.162140e+11 3.003571e+10
  6 4.022012e-02 1.980107e+11 2.575183e+11 2.489409e+10
  7 3.752502e-02 2.062206e+11 2.224265e+11 1.986600e+10
  8 3.488011e-02 2.161661e+11 1.811786e+11 1.661158e+10
  9 3.197373e-02 2.161091e+11 1.420417e+11 1.418126e+10
 10 2.908065e-02 2.053654e+11 1.147358e+11 1.228313e+10
 11 2.670106e-02 1.926961e+11 9.763248e+10 1.079480e+10
 12 2.414117e-02 1.748988e+11 8.694295e+10 9.585275e+09
 13 2.192339e-02 1.599949e+11 7.658296e+10 8.592639e+09
 14 1.905664e-02 1.426035e+11 5.858857e+10 7.764048e+09
 15 1.644249e-02 1.241202e+11 4.778948e+10 7.063455e+09
 16 1.477411e-02 1.113954e+11 4.326075e+10 6.462976e+09
 17 1.314329e-02 9.869740e+10 3.947591e+10 5.942504e+09
 18 1.239479e-02 9.341702e+10 3.638310e+10 5.486992e+09
 19 1.139791e-02 8.559353e+10 3.423680e+10 5.085383e+09
 20 1.026388e-02 7.583310e+10 3.375498e+10 4.728900e+09
 21 9.584149e-03 7.042687e+10 3.236949e+10 4.410801e+09
 22 9.135228e-03 6.640885e+10 3.238249e+10 4.125483e+09
 23 8.639442e-03 6.245501e+10 3.133615e+10 3.868414e+09
 24 7.952646e-03 5.727245e+10 2.926568e+10 3.635809e+09
