  0 1.000000e+00 1.063435e+13 3.733664e+11 1.179697e+12
  1 4.360353e-02 3.685956e+11 2.864635e+11 5.323080e-03
  2 2.776279e-03 1.374448e+10 2.635435e+10 7.347346e-03
  3 2.298870e-03 1.114971e+10 2.194152e+10 9.589637e-03
  4 2.210858e-03 1.078529e+10 2.106964e+10 8.014196e-03
  5 2.189158e-03 1.073530e+10 2.083414e+10 8.803213e-03
  6 2.176568e-03 1.068651e+10 2.070765e+10 8.963092e-03
  7 2.165072e-03 1.059269e+10 2.061752e+10 9.296238e-03
  8 1.964282e-03 1.050834e+10 1.821611e+10 9.803547e-03
  9 1.781203e-03 1.066727e+10 1.580708e+10 9.736784e-03
 10 1.687056e-03 1.116348e+10 1.419875e+10 1.056917e-02
 11 1.649868e-03 1.208681e+10 1.288073e+10 1.004476e-02
 12 1.595575e-03 1.235596e+10 1.179566e+10 1.053972e-02
 13 1.534290e-03 1.226853e+10 1.092266e+10 1.040535e-02
 14 1.474985e-03 1.208613e+10 1.016323e+10 1.035583e-02
 15 1.421073e-03 1.186006e+10 9.529381e+09 1.044589e-02
 16 1.369313e-03 1.159473e+10 8.970921e+09 1.083043e-02
 17 1.318807e-03 1.129773e+10 8.468466e+09 1.085702e-02
 18 1.270051e-03 1.095983e+10 8.047862e+09 1.080779e-02
 19 1.223111e-03 1.062659e+10 7.651649e+09 1.093543e-02
 20 1.180095e-03 1.033003e+10 7.274177e+09 1.065268e-02
 21 1.142117e-03 1.001613e+10 7.013668e+09 1.076431e-02
 22 1.096280e-03 9.663833e+09 6.660663e+09 1.130767e-02
 23 1.058554e-03 9.316385e+09 6.453001e+09 1.155472e-02
 24 1.018859e-03 9.008543e+09 6.150648e+09 1.142014e-02
