  0 1.000000e+00 1.030226e+13 3.104686e+11 1.059146e+12
  1 4.178323e-02 3.223905e+11 2.889435e+11 6.966050e-03
  2 2.010775e-02 1.523304e+11 1.421312e+11 9.207946e-03
  3 1.734200e-02 1.322920e+11 1.215944e+11 1.038721e-02
  4 1.526903e-02 1.272181e+11 9.404568e+10 1.095217e-02
  5 1.556533e-02 1.350428e+11 8.816617e+10 1.207432e-02
  6 1.545793e-02 1.417493e+11 7.456071e+10 1.313418e-02
  7 1.542329e-02 1.426189e+11 7.209127e+10 1.309704e-02
  8 1.479234e-02 1.389233e+11 6.473757e+10 1.349712e-02
  9 1.441284e-02 1.356452e+11 6.245941e+10 1.378487e-02
 10 1.368113e-02 1.288110e+11 5.917472e+10 1.405214e-02
 11 1.316127e-02 1.236312e+11 5.754320e+10 1.476288e-02
 12 1.245523e-02 1.167863e+11 5.491075e+10 1.419947e-02
 13 1.186443e-02 1.104846e+11 5.389723e+10 1.450859e-02
 14 1.104816e-02 1.024632e+11 5.104136e+10 1.483676e-02
 15 1.035155e-02 9.469911e+10 5.035501e+10 1.433758e-02
 16 9.701822e-03 8.840816e+10 4.784137e+10 1.404775e-02
 17 9.023543e-03 8.114848e+10 4.643499e+10 1.541203e-02
 18 8.584949e-03 7.595085e+10 4.629961e+10 1.472326e-02
 19 7.984713e-03 7.013400e+10 4.388269e+10 1.597485e-02
 20 7.594988e-03 6.667250e+10 4.180201e+10 1.537880e-02
 21 7.055879e-03 6.134176e+10 3.977296e+10 1.485616e-02
 22 6.756180e-03 5.786642e+10 3.939273e+10 1.559045e-02
 23 6.461406e-03 5.532198e+10 3.770293e+10 1.553704e-02
 24 6.075212e-03 5.127264e+10 3.651556e+10 1.485424e-02
