  0 1.000000e+00 7.494021e+12 3.148635e+11 1.179697e+12
  1 6.393058e-02 3.246596e+11 3.026311e+11 1.965649e+11
  2 2.995938e-02 1.235015e+11 1.845361e+11 4.939076e+10
  3 2.958649e-02 1.139199e+11 1.884076e+11 4.461389e+10
  4 2.944668e-02 1.082336e+11 1.927622e+11 3.343576e+10
  5 2.777090e-02 1.129866e+11 1.766246e+11 2.235410e+10
  6 2.532943e-02 1.172819e+11 1.512521e+11 1.885746e+10
  7 2.413877e-02 1.239661e+11 1.341378e+11 1.522041e+10
  8 2.331328e-02 1.346880e+11 1.141166e+11 1.305688e+10
  9 2.221847e-02 1.423657e+11 8.979527e+10 1.135445e+10
 10 2.098141e-02 1.433024e+11 6.886604e+10 1.005284e+10
 11 1.981071e-02 1.393603e+11 5.588840e+10 9.011702e+09
 12 1.863680e-02 1.334287e+11 4.641340e+10 8.159901e+09
 13 1.755115e-02 1.255079e+11 4.417376e+10 7.449113e+09
 14 1.638531e-02 1.177233e+11 3.965409e+10 6.846561e+09
 15 1.516891e-02 1.085704e+11 3.791702e+10 6.329038e+09
 16 1.421984e-02 1.009741e+11 3.777482e+10 5.880084e+09
 17 1.272726e-02 8.981772e+10 3.523056e+10 5.486760e+09
 18 1.176705e-02 8.264007e+10 3.356771e+10 5.139042e+09
 19 1.082988e-02 7.621344e+10 3.049411e+10 4.828799e+09
 20 1.010026e-02 7.026716e+10 3.038304e+10 4.549970e+09
 21 9.561732e-03 6.612799e+10 2.965591e+10 4.298128e+09
 22 8.696448e-03 5.934331e+10 2.866825e+10 4.069317e+09
 23 8.292603e-03 5.681054e+10 2.687321e+10 3.860922e+09
 24 7.811325e-03 5.321389e+10 2.593261e+10 3.670380e+09
