  0 1.000000e+00 6.501696e+12 3.959252e+11 1.353563e+12
  1 8.130656e-02 3.368607e+11 3.397359e+11 2.523940e+11
  2 4.788451e-02 1.726024e+11 2.598380e+11 6.465051e+10
  3 4.818860e-02 1.670377e+11 2.677486e+11 5.647357e+10
  4 4.726324e-02 1.543411e+11 2.700626e+11 4.599636e+10
  5 4.397959e-02 1.583619e+11 2.441995e+11 2.996381e+10
  6 3.886525e-02 1.599271e+11 2.016529e+11 2.481796e+10
  7 3.556083e-02 1.649192e+11 1.684627e+11 1.982771e+10
  8 3.260950e-02 1.754295e+11 1.265467e+11 1.663149e+10
  9 3.016683e-02 1.787046e+11 9.022880e+10 1.423145e+10
 10 2.789520e-02 1.715123e+11 6.979976e+10 1.236245e+10
 11 2.606608e-02 1.620038e+11 6.090042e+10 1.088993e+10
 12 2.390268e-02 1.481316e+11 5.701848e+10 9.689049e+09
 13 2.228122e-02 1.373527e+11 5.506375e+10 8.699112e+09
 14 2.014093e-02 1.227465e+11 5.316155e+10 7.869066e+09
 15 1.767311e-02 1.066671e+11 4.894088e+10 7.164926e+09
 16 1.605296e-02 9.528097e+10 4.779583e+10 6.560086e+09
 17 1.425056e-02 8.287607e+10 4.564625e+10 6.035047e+09
 18 1.335764e-02 7.758417e+10 4.297606e+10 5.575381e+09
 19 1.229704e-02 7.078572e+10 4.068983e+10 5.170076e+09
 20 1.104332e-02 6.298346e+10 3.752036e+10 4.810658e+09
 21 1.030258e-02 5.770514e+10 3.671445e+10 4.490071e+09
 22 9.718745e-03 5.402045e+10 3.528104e+10 4.202630e+09
 23 9.197902e-03 5.127030e+10 3.317138e+10 3.943781e+09
 24 8.727211e-03 4.903965e+10 3.086179e+10 3.709814e+09
