  0 1.000000e+00 1.126393e+13 2.855185e+11 9.692857e+11
  1 3.754107e-02 3.201445e+11 2.788493e+11 5.329888e-03
  2 1.553489e-02 1.287279e+11 1.195612e+11 9.907805e-03
  3 1.347553e-02 1.113342e+11 1.040649e+11 1.105919e-02
  4 1.191492e-02 1.074693e+11 8.128536e+10 1.357826e-02
  5 1.231744e-02 1.149519e+11 7.867987e+10 1.374476e-02
  6 1.221868e-02 1.208313e+11 6.703964e+10 1.439892e-02
  7 1.220189e-02 1.225532e+11 6.342572e+10 1.487572e-02
  8 1.179389e-02 1.209727e+11 5.617431e+10 1.577174e-02
  9 1.159383e-02 1.193406e+11 5.430797e+10 1.582757e-02
 10 1.113595e-02 1.147097e+11 5.198194e+10 1.557571e-02
 11 1.079030e-02 1.111221e+11 5.042827e+10 1.636737e-02
 12 1.025855e-02 1.054300e+11 4.841624e+10 1.599822e-02
 13 9.902765e-03 1.014938e+11 4.734127e+10 1.658761e-02
 14 9.339629e-03 9.511851e+10 4.592126e+10 1.716110e-02
 15 8.918142e-03 9.065486e+10 4.420145e+10 1.706633e-02
 16 8.262791e-03 8.287524e+10 4.317064e+10 1.698952e-02
 17 7.820252e-03 7.738990e+10 4.280797e+10 1.655175e-02
 18 7.459325e-03 7.379704e+10 4.087037e+10 1.765333e-02
 19 6.992897e-03 6.828960e+10 3.988455e+10 1.680683e-02
 20 6.631075e-03 6.383029e+10 3.936340e+10 1.633922e-02
 21 6.258751e-03 6.016840e+10 3.727928e+10 1.717182e-02
 22 6.044808e-03 5.770410e+10 3.665459e+10 1.831867e-02
 23 5.756681e-03 5.497395e+10 3.487541e+10 1.728323e-02
 24 5.464797e-03 5.142981e+10 3.427089e+10 1.743100e-02
