  0 1.000000e+00 9.199869e+12 2.407216e+11 9.692857e+11
  1 4.494492e-02 3.135238e+11 2.732940e+11 5.391204e-03
  2 1.893187e-02 1.285122e+11 1.190696e+11 1.056847e-02
  3 1.643833e-02 1.112514e+11 1.037464e+11 1.133162e-02
  4 1.451595e-02 1.072884e+11 8.083060e+10 1.339564e-02
  5 1.490253e-02 1.143276e+11 7.712002e+10 1.449941e-02
  6 1.479697e-02 1.201443e+11 6.568996e+10 1.514177e-02
  7 1.474428e-02 1.215815e+11 6.192314e+10 1.536757e-02
  8 1.425720e-02 1.196933e+11 5.550093e+10 1.586544e-02
  9 1.394532e-02 1.177575e+11 5.279008e+10 1.614815e-02
 10 1.332651e-02 1.126236e+11 5.024298e+10 1.590903e-02
 11 1.280952e-02 1.080881e+11 4.866502e+10 1.642319e-02
 12 1.224858e-02 1.029913e+11 4.733297e+10 1.707573e-02
 13 1.169202e-02 9.782003e+10 4.623675e+10 1.659297e-02
 14 1.104275e-02 9.173330e+10 4.502819e+10 1.674100e-02
 15 1.054594e-02 8.725128e+10 4.371817e+10 1.697920e-02
 16 9.979983e-03 8.221403e+10 4.207269e+10 1.727503e-02
 17 9.596802e-03 7.837633e+10 4.176147e+10 1.663869e-02
 18 9.079297e-03 7.350113e+10 4.070372e+10 1.733046e-02
 19 8.550611e-03 6.905984e+10 3.862345e+10 1.704027e-02
 20 8.020059e-03 6.358355e+10 3.827916e+10 1.743731e-02
 21 7.769624e-03 6.126250e+10 3.763565e+10 1.851466e-02
 22 7.392794e-03 5.752125e+10 3.703448e+10 1.748109e-02
 23 7.106460e-03 5.524503e+10 3.567504e+10 1.776292e-02
 24 6.649001e-03 5.132459e+10 3.393590e+10 1.751297e-02
