  0 1.000000e+00 7.509587e+12 3.150249e+11 1.179697e+12
  1 5.833855e-02 3.247160e+11 3.025953e+11 4.510639e-03
  2 3.355694e-02 1.868334e+11 1.739986e+11 7.469563e-03
  3 2.881057e-02 1.634340e+11 1.460705e+11 9.675519e-03
  4 2.530946e-02 1.558099e+11 1.131480e+11 1.058882e-02
  5 2.547940e-02 1.635772e+11 1.040256e+11 1.124915e-02
  6 2.501298e-02 1.695261e+11 8.646673e+10 1.111256e-02
  7 2.456086e-02 1.683207e+11 8.115617e+10 1.171863e-02
  8 2.317734e-02 1.602300e+11 7.363052e+10 1.162436e-02
  9 2.234112e-02 1.545989e+11 7.064689e+10 1.232485e-02
 10 2.090170e-02 1.441837e+11 6.708093e+10 1.257764e-02
 11 1.961646e-02 1.335473e+11 6.662974e+10 1.199897e-02
 12 1.818230e-02 1.239078e+11 6.150906e+10 1.233578e-02
 13 1.733925e-02 1.165327e+11 6.183197e+10 1.240020e-02
 14 1.607847e-02 1.080450e+11 5.736286e+10 1.231361e-02
 15 1.489558e-02 9.789444e+10 5.709694e+10 1.322171e-02
 16 1.400969e-02 9.117379e+10 5.521295e+10 1.251542e-02
 17 1.309126e-02 8.424520e+10 5.313301e+10 1.244572e-02
 18 1.220297e-02 7.778278e+10 5.069140e+10 1.333946e-02
 19 1.130936e-02 7.145600e+10 4.793334e+10 1.354727e-02
 20 1.069190e-02 6.700002e+10 4.613244e+10 1.324129e-02
 21 1.027791e-02 6.337297e+10 4.580998e+10 1.338844e-02
 22 9.763492e-03 5.939945e+10 4.460517e+10 1.331876e-02
 23 9.170453e-03 5.556156e+10 4.220030e+10 1.336499e-02
 24 8.526830e-03 5.133808e+10 3.966136e+10 1.366744e-02
