  0 1.000000e+00 1.128732e+13 2.858685e+11 9.692857e+11
  1 3.746660e-02 3.201967e+11 2.788368e+11 5.538755e-03
  2 1.550070e-02 1.287297e+11 1.195220e+11 9.659104e-03
  3 1.343864e-02 1.113359e+11 1.039110e+11 1.144101e-02
  4 1.189659e-02 1.074569e+11 8.141772e+10 1.238201e-02
  5 1.225673e-02 1.148763e+11 7.807931e+10 1.328011e-02
  6 1.218748e-02 1.208003e+11 6.695387e+10 1.451579e-02
  7 1.216717e-02 1.225097e+11 6.327250e+10 1.568210e-02
  8 1.176408e-02 1.209870e+11 5.599421e+10 1.564783e-02
  9 1.155633e-02 1.193090e+11 5.400311e+10 1.514998e-02
 10 1.110818e-02 1.146867e+11 5.189921e+10 1.579273e-02
 11 1.073760e-02 1.108535e+11 5.018339e+10 1.609720e-02
 12 1.023788e-02 1.055120e+11 4.824900e+10 1.648230e-02
 13 9.859984e-03 1.012768e+11 4.720579e+10 1.630169e-02
 14 9.305015e-03 9.496473e+10 4.583831e+10 1.672391e-02
 15 8.882260e-03 9.045992e+10 4.414777e+10 1.711461e-02
 16 8.228630e-03 8.280019e+10 4.289316e+10 1.663005e-02
 17 7.807972e-03 7.753320e+10 4.263745e+10 1.637964e-02
 18 7.424453e-03 7.364932e+10 4.068022e+10 1.667212e-02
 19 6.908654e-03 6.766908e+10 3.937704e+10 1.643794e-02
 20 6.534180e-03 6.327720e+10 3.845988e+10 1.720043e-02
 21 6.230020e-03 6.014671e+10 3.697227e+10 1.760055e-02
 22 6.000444e-03 5.752551e+10 3.626013e+10 1.744939e-02
 23 5.750310e-03 5.502693e+10 3.490763e+10 1.691084e-02
 24 5.394640e-03 5.095011e+10 3.378647e+10 1.737568e-02
