  0 1.000000e+00 1.027853e+13 3.101105e+11 1.059146e+12
  1 4.469931e-02 3.223179e+11 2.889642e+11 1.616553e+11
  2 2.451700e-02 1.257897e+11 2.163653e+11 3.998054e+10
  3 2.464950e-02 1.210695e+11 2.214414e+11 3.517881e+10
  4 2.413362e-02 1.126544e+11 2.203868e+11 3.131913e+10
  5 2.260494e-02 1.185039e+11 2.003756e+11 2.032950e+10
  6 2.020836e-02 1.247015e+11 1.667432e+11 1.697027e+10
  7 1.937915e-02 1.307414e+11 1.511589e+11 1.383516e+10
  8 1.870897e-02 1.383297e+11 1.346618e+11 1.170357e+10
  9 1.753589e-02 1.426480e+11 1.114030e+11 1.015038e+10
 10 1.630442e-02 1.424382e+11 8.966675e+10 8.937907e+09
 11 1.520115e-02 1.382753e+11 7.423129e+10 7.984006e+09
 12 1.416641e-02 1.315343e+11 6.397994e+10 7.208156e+09
 13 1.323453e-02 1.243229e+11 5.673267e+10 6.566986e+09
 14 1.241933e-02 1.171069e+11 5.227477e+10 6.027142e+09
 15 1.161665e-02 1.100410e+11 4.776208e+10 5.566806e+09
 16 1.071225e-02 1.016189e+11 4.370352e+10 5.169425e+09
 17 9.860276e-03 9.368737e+10 3.986829e+10 4.823244e+09
 18 8.950133e-03 8.570687e+10 3.456029e+10 4.518819e+09
 19 8.148694e-03 7.837760e+10 3.057682e+10 4.248865e+09
 20 7.558582e-03 7.296275e+10 2.767438e+10 4.007580e+09
 21 6.968782e-03 6.724422e+10 2.556729e+10 3.790449e+09
 22 6.544441e-03 6.301319e+10 2.436116e+10 3.593979e+09
 23 6.104554e-03 5.859198e+10 2.318933e+10 3.415383e+09
 24 5.739999e-03 5.493203e+10 2.220083e+10 3.252224e+09
