  0 1.000000e+00 9.212457e+12 3.511797e+11 1.179697e+12
  1 4.841402e-02 3.294928e+11 3.064512e+11 4.857007e-03
  2 2.754021e-02 1.871929e+11 1.745800e+11 8.236669e-03
  3 2.363617e-02 1.635365e+11 1.466835e+11 8.657374e-03
  4 2.074105e-02 1.562465e+11 1.129107e+11 1.004901e-02
  5 2.095397e-02 1.644550e+11 1.043228e+11 1.092677e-02
  6 2.068421e-02 1.711672e+11 8.752254e+10 1.071065e-02
  7 2.044985e-02 1.709991e+11 8.297560e+10 1.152715e-02
  8 1.937926e-02 1.634878e+11 7.559018e+10 1.158035e-02
  9 1.877505e-02 1.585604e+11 7.286502e+10 1.162607e-02
 10 1.767924e-02 1.490846e+11 6.909194e+10 1.167931e-02
 11 1.672953e-02 1.399546e+11 6.774743e+10 1.128358e-02
 12 1.553317e-02 1.298054e+11 6.319265e+10 1.254740e-02
 13 1.441445e-02 1.185079e+11 6.248618e+10 1.186489e-02
 14 1.313445e-02 1.071920e+11 5.841562e+10 1.181891e-02
 15 1.216921e-02 9.704222e+10 5.809846e+10 1.221447e-02
 16 1.130731e-02 8.942002e+10 5.521556e+10 1.231961e-02
 17 1.062970e-02 8.405919e+10 5.191022e+10 1.311239e-02
 18 9.933464e-03 7.766078e+10 4.992664e+10 1.294766e-02
 19 9.300185e-03 7.162782e+10 4.838531e+10 1.249642e-02
 20 8.658554e-03 6.635725e+10 4.553021e+10 1.262896e-02
 21 8.260497e-03 6.223223e+10 4.496285e+10 1.255118e-02
 22 7.851182e-03 5.875468e+10 4.327483e+10 1.291171e-02
 23 7.399883e-03 5.500459e+10 4.128867e+10 1.286050e-02
 24 6.991571e-03 5.213134e+10 3.879395e+10 1.266204e-02
