  0 1.000000e+00 7.956732e+12 4.255090e+11 1.353563e+12
  1 6.778828e-02 3.458978e+11 3.417723e+11 2.524300e+11
  2 4.786996e-02 1.952983e+11 3.276559e+11 6.472637e+10
  3 5.071092e-02 1.923721e+11 3.574325e+11 5.673485e+10
  4 4.975217e-02 1.811676e+11 3.559452e+11 4.661908e+10
  5 4.580686e-02 1.899473e+11 3.163483e+11 3.014154e+10
  6 4.033295e-02 1.981113e+11 2.576611e+11 2.502476e+10
  7 3.764519e-02 2.064106e+11 2.226361e+11 2.001701e+10
  8 3.498434e-02 2.162432e+11 1.814005e+11 1.677834e+10
  9 3.209402e-02 2.164022e+11 1.422956e+11 1.436026e+10
 10 2.917845e-02 2.054923e+11 1.150303e+11 1.247185e+10
 11 2.682148e-02 1.930923e+11 9.791438e+10 1.099128e+10
 12 2.424138e-02 1.750917e+11 8.737090e+10 9.788250e+09
 13 2.197359e-02 1.600510e+11 7.646291e+10 8.801079e+09
 14 1.909010e-02 1.425849e+11 5.840901e+10 7.977039e+09
 15 1.653814e-02 1.244221e+11 4.829690e+10 7.280089e+09
 16 1.486183e-02 1.116053e+11 4.390579e+10 6.682523e+09
 17 1.325968e-02 9.942664e+10 3.951375e+10 6.164219e+09
 18 1.244138e-02 9.354606e+10 3.643767e+10 5.710308e+09
 19 1.145835e-02 8.577492e+10 3.451010e+10 5.309862e+09
 20 1.032896e-02 7.591716e+10 3.436812e+10 4.954026e+09
 21 9.699746e-03 7.103964e+10 3.282947e+10 4.636167e+09
 22 9.232092e-03 6.685332e+10 3.285217e+10 4.350657e+09
 23 8.736397e-03 6.285971e+10 3.190047e+10 4.093111e+09
 24 8.107725e-03 5.828447e+10 2.969898e+10 3.859698e+09
