  0 1.000000e+00 9.212457e+12 3.511797e+11 1.179697e+12
  1 5.283288e-02 3.294928e+11 3.064512e+11 1.965910e+11
  2 3.287918e-02 1.520847e+11 2.603958e+11 4.949017e+10
  3 3.385291e-02 1.483157e+11 2.740608e+11 4.348933e+10
  4 3.311189e-02 1.388254e+11 2.721015e+11 3.741457e+10
  5 3.080755e-02 1.457666e+11 2.452706e+11 2.413010e+10
  6 2.739352e-02 1.529744e+11 2.025220e+11 2.017244e+10
  7 2.603562e-02 1.598560e+11 1.809348e+11 1.626681e+10
  8 2.471479e-02 1.686060e+11 1.554034e+11 1.368030e+10
  9 2.288684e-02 1.722393e+11 1.242725e+11 1.177965e+10
 10 2.121008e-02 1.697383e+11 9.972264e+10 1.028749e+10
 11 1.962501e-02 1.617334e+11 8.384120e+10 9.117009e+09
 12 1.812731e-02 1.514161e+11 7.343290e+10 8.164009e+09
 13 1.685676e-02 1.419630e+11 6.586511e+10 7.377714e+09
 14 1.547232e-02 1.306324e+11 5.974816e+10 6.717418e+09
 15 1.413025e-02 1.193389e+11 5.448105e+10 6.156261e+09
 16 1.263058e-02 1.083382e+11 4.485158e+10 5.673864e+09
 17 1.136447e-02 9.845528e+10 3.788921e+10 5.254699e+09
 18 1.022248e-02 8.908558e+10 3.266443e+10 4.886688e+09
 19 9.454347e-03 8.203003e+10 3.117235e+10 4.560615e+09
 20 8.673908e-03 7.511849e+10 2.895260e+10 4.269868e+09
 21 8.032117e-03 6.896237e+10 2.830550e+10 4.008666e+09
 22 7.585877e-03 6.548766e+10 2.584889e+10 3.773069e+09
 23 7.200863e-03 6.194970e+10 2.507596e+10 3.559501e+09
 24 6.692350e-03 5.741451e+10 2.368952e+10 3.365181e+09
