  0 1.000000e+00 8.571422e+12 2.711780e+11 1.059146e+12
  1 4.926558e-02 3.171971e+11 2.839089e+11 5.754898e-03
  2 2.401113e-02 1.520365e+11 1.411794e+11 9.413739e-03
  3 2.067165e-02 1.321138e+11 1.202140e+11 1.035612e-02
  4 1.822448e-02 1.270659e+11 9.302009e+10 1.196974e-02
  5 1.843318e-02 1.337118e+11 8.654966e+10 1.314810e-02
  6 1.832316e-02 1.405785e+11 7.283840e+10 1.446406e-02
  7 1.817235e-02 1.410136e+11 6.907958e+10 1.442948e-02
  8 1.739443e-02 1.371456e+11 6.149855e+10 1.482029e-02
  9 1.688825e-02 1.333688e+11 5.922892e+10 1.497361e-02
 10 1.595822e-02 1.261284e+11 5.573210e+10 1.520241e-02
 11 1.525289e-02 1.202771e+11 5.389061e+10 1.529383e-02
 12 1.446015e-02 1.137406e+11 5.172191e+10 1.562218e-02
 13 1.362470e-02 1.058783e+11 5.147778e+10 1.501459e-02
 14 1.289464e-02 1.001403e+11 4.885225e+10 1.481395e-02
 15 1.207001e-02 9.262849e+10 4.793215e+10 1.663275e-02
 16 1.133048e-02 8.579480e+10 4.716640e+10 1.564297e-02
 17 1.066517e-02 8.071450e+10 4.447415e+10 1.621883e-02
 18 9.883802e-03 7.421105e+10 4.226902e+10 1.587560e-02
 19 9.312041e-03 6.845234e+10 4.229362e+10 1.496898e-02
 20 8.786016e-03 6.436388e+10 4.026110e+10 1.518385e-02
 21 8.457200e-03 6.092518e+10 4.035407e+10 1.590627e-02
 22 7.971932e-03 5.769278e+10 3.763783e+10 1.642893e-02
 23 7.402317e-03 5.317927e+10 3.554096e+10 1.661120e-02
 24 7.123760e-03 5.056170e+10 3.510827e+10 1.559657e-02
