  0 1.000000e+00 1.027853e+13 3.101105e+11 1.059146e+12
  1 4.187475e-02 3.223179e+11 2.889642e+11 6.731334e-03
  2 2.015683e-02 1.523365e+11 1.421726e+11 8.858323e-03
  3 1.739275e-02 1.322972e+11 1.217591e+11 1.042767e-02
  4 1.531039e-02 1.272120e+11 9.416682e+10 1.187904e-02
  5 1.561892e-02 1.351350e+11 8.836622e+10 1.235567e-02
  6 1.550544e-02 1.417810e+11 7.477139e+10 1.269578e-02
  7 1.546427e-02 1.426993e+11 7.206424e+10 1.289994e-02
  8 1.483598e-02 1.390171e+11 6.477765e+10 1.324665e-02
  9 1.445061e-02 1.356374e+11 6.259619e+10 1.437250e-02
 10 1.371704e-02 1.288406e+11 5.922601e+10 1.425979e-02
 11 1.320042e-02 1.236175e+11 5.779505e+10 1.376974e-02
 12 1.249445e-02 1.167427e+11 5.526433e+10 1.435660e-02
 13 1.191283e-02 1.107481e+11 5.385935e+10 1.457431e-02
 14 1.110581e-02 1.026353e+11 5.144676e+10 1.520956e-02
 15 1.037976e-02 9.459372e+10 5.065306e+10 1.507789e-02
 16 9.738154e-03 8.842999e+10 4.810851e+10 1.496563e-02
 17 9.085993e-03 8.132537e+10 4.699519e+10 1.627151e-02
 18 8.652135e-03 7.641658e+10 4.648061e+10 1.491751e-02
 19 8.085782e-03 7.055640e+10 4.481841e+10 1.492725e-02
 20 7.662058e-03 6.708466e+10 4.211240e+10 1.530013e-02
 21 7.174560e-03 6.190675e+10 4.084625e+10 1.505134e-02
 22 6.809626e-03 5.807766e+10 3.978034e+10 1.622953e-02
 23 6.474997e-03 5.519641e+10 3.786531e+10 1.542210e-02
 24 6.169993e-03 5.181830e+10 3.719047e+10 1.512623e-02
