  0 1.000000e+00 8.824292e+12 3.295354e+11 1.179697e+12
  1 5.088601e-02 3.573581e+11 2.789455e+11 5.213536e-03
  2 3.248534e-03 1.313636e+10 2.578777e+10 7.000385e-03
  3 2.693587e-03 1.090928e+10 2.137377e+10 8.770330e-03
  4 2.570608e-03 1.057330e+10 2.031437e+10 8.176837e-03
  5 2.523565e-03 1.050968e+10 1.987447e+10 8.842221e-03
  6 2.491737e-03 1.045688e+10 1.958143e+10 9.206260e-03
  7 2.464759e-03 1.037224e+10 1.935413e+10 9.332351e-03
  8 2.328291e-03 1.027956e+10 1.801616e+10 9.424762e-03
  9 2.059166e-03 1.032597e+10 1.516277e+10 9.571282e-03
 10 1.927783e-03 1.060779e+10 1.350686e+10 1.018714e-02
 11 1.851629e-03 1.113933e+10 1.216686e+10 1.063430e-02
 12 1.809010e-03 1.171953e+10 1.106288e+10 1.031221e-02
 13 1.743459e-03 1.174599e+10 1.016287e+10 1.072437e-02
 14 1.672136e-03 1.156037e+10 9.395482e+09 1.103273e-02
 15 1.602718e-03 1.129670e+10 8.732613e+09 1.091936e-02
 16 1.535090e-03 1.097192e+10 8.163869e+09 1.077633e-02
 17 1.468334e-03 1.060670e+10 7.656158e+09 1.138842e-02
 18 1.404260e-03 1.023263e+10 7.197466e+09 1.118214e-02
 19 1.346768e-03 9.873086e+09 6.817579e+09 1.163888e-02
 20 1.296915e-03 9.566453e+09 6.479181e+09 1.154250e-02
 21 1.237341e-03 9.146208e+09 6.153119e+09 1.104013e-02
 22 1.185338e-03 8.790467e+09 5.851701e+09 1.102279e-02
 23 1.138435e-03 8.452121e+09 5.605878e+09 1.116586e-02
 24 1.091181e-03 8.120668e+09 5.343860e+09 1.148415e-02
