  0 1.000000e+00 1.152128e+13 2.893842e+11 9.692857e+11
  1 3.673910e-02 3.207227e+11 2.787210e+11 5.927116e-03
  2 1.517218e-02 1.287933e+11 1.191802e+11 9.598479e-03
  3 1.309463e-02 1.114200e+11 1.025762e+11 1.135589e-02
  4 1.167046e-02 1.073860e+11 8.177255e+10 1.288052e-02
  5 1.182321e-02 1.141928e+11 7.522326e+10 1.349902e-02
  6 1.181705e-02 1.206071e+11 6.428826e+10 1.433040e-02
  7 1.182195e-02 1.220085e+11 6.171275e+10 1.472364e-02
  8 1.143505e-02 1.204396e+11 5.463715e+10 1.526295e-02
  9 1.122082e-02 1.185029e+11 5.290333e+10 1.599356e-02
 10 1.082258e-02 1.146773e+11 5.016548e+10 1.587429e-02
 11 1.048951e-02 1.110569e+11 4.882935e+10 1.588606e-02
 12 1.002341e-02 1.059915e+11 4.695572e+10 1.579802e-02
 13 9.570971e-03 1.007148e+11 4.593162e+10 1.630098e-02
 14 8.997700e-03 9.447151e+10 4.363958e+10 1.668453e-02
 15 8.556481e-03 8.899168e+10 4.328665e+10 1.625938e-02
 16 8.021456e-03 8.343146e+10 4.057112e+10 1.676751e-02
 17 7.412001e-03 7.592825e+10 3.979384e+10 1.665144e-02
 18 6.996297e-03 7.093488e+10 3.893206e+10 1.655745e-02
 19 6.668100e-03 6.752920e+10 3.724776e+10 1.651052e-02
 20 6.186827e-03 6.171584e+10 3.621030e+10 1.682585e-02
 21 5.882717e-03 5.867421e+10 3.444406e+10 1.742074e-02
 22 5.628212e-03 5.508761e+10 3.467766e+10 1.656528e-02
 23 5.250750e-03 5.148351e+10 3.220790e+10 1.652905e-02
 24 5.118607e-03 4.992014e+10 3.182128e+10 1.784615e-02
