0.000000e+00 7.915599e-20 1.000000e+25 
2.500000e+02 7.918803e-20 1.000000e+25 
5.000000e+02 7.925862e-20 1.000000e+25 
7.500000e+02 7.939322e-20 1.000000e+25 
1.000000e+03 7.956624e-20 1.000000e+25 
1.250000e+03 7.980301e-20 1.000000e+25 
1.500000e+03 8.007796e-20 1.000000e+25 
1.750000e+03 8.041626e-20 1.000000e+25 
2.000000e+03 8.079239e-20 1.000000e+25 
2.250000e+03 8.123132e-20 1.000000e+25 
2.500000e+03 8.170765e-20 1.000000e+25 
2.750000e+03 8.224614e-20 1.000000e+25 
3.000000e+03 8.282154e-20 1.000000e+25 
3.250000e+03 8.345836e-20 1.000000e+25 
3.500000e+03 8.413158e-20 1.000000e+25 
3.750000e+03 8.486544e-20 1.000000e+25 
4.000000e+03 8.563519e-20 1.000000e+25 
4.250000e+03 8.646479e-20 1.000000e+25 
4.500000e+03 8.732977e-20 1.000000e+25 
4.750000e+03 8.825385e-20 1.000000e+25 
5.000000e+03 8.921289e-20 1.000000e+25 
5.250000e+03 9.023029e-20 1.000000e+25 
5.500000e+03 9.128232e-20 1.000000e+25 
5.750000e+03 9.239208e-20 1.000000e+25 
6.000000e+03 9.353624e-20 1.000000e+25 
6.250000e+03 9.473757e-20 1.000000e+25 
6.500000e+03 9.597324e-20 1.000000e+25 
6.750000e+03 9.726564e-20 1.000000e+25 
7.000000e+03 9.859248e-20 1.000000e+25 
7.250000e+03 9.997571e-20 1.000000e+25 
7.500000e+03 1.013937e-19 1.000000e+25 
7.750000e+03 1.028678e-19 1.000000e+25 
8.000000e+03 1.043772e-19 1.000000e+25 
8.250000e+03 1.059427e-19 1.000000e+25 
8.500000e+03 1.075441e-19 1.000000e+25 
8.750000e+03 1.092015e-19 1.000000e+25 
9.000000e+03 1.108960e-19 1.000000e+25 
9.250000e+03 1.126464e-19 1.000000e+25 
9.500000e+03 1.144350e-19 1.000000e+25 
9.750000e+03 1.162797e-19 1.000000e+25 
1.000000e+04 1.181640e-19 1.000000e+25 
1.025000e+04 1.201042e-19 1.000000e+25 
1.050000e+04 1.220860e-19 1.000000e+25 
1.075000e+04 1.241233e-19 1.000000e+25 
1.100000e+04 1.262042e-19 1.000000e+25 
1.125000e+04 1.283400e-19 1.000000e+25 
1.150000e+04 1.305217e-19 1.000000e+25 
1.175000e+04 1.327574e-19 1.000000e+25 
1.200000e+04 1.350415e-19 1.000000e+25 
1.225000e+04 1.373780e-19 1.000000e+25 
1.250000e+04 1.397656e-19 1.000000e+25 
1.275000e+04 1.422035e-19 1.000000e+25 
1.300000e+04 1.446954e-19 1.000000e+25 
1.325000e+04 1.472347e-19 1.000000e+25 
1.350000e+04 1.498309e-19 1.000000e+25 
1.375000e+04 1.524710e-19 1.000000e+25 
1.400000e+04 1.551712e-19 1.000000e+25 
1.425000e+04 1.579111e-19 1.000000e+25 
1.450000e+04 1.607144e-19 1.000000e+25 
1.475000e+04 1.635531e-19 1.000000e+25 
1.500000e+04 1.664586e-19 1.000000e+25 
1.525000e+04 1.693960e-19 1.000000e+25 
1.550000e+04 1.724038e-19 1.000000e+25 
1.575000e+04 1.754418e-19 1.000000e+25 
1.600000e+04 1.785546e-19 1.000000e+25 
1.625000e+04 1.816993e-19 1.000000e+25 
1.650000e+04 1.849241e-19 1.000000e+25 
1.675000e+04 1.881882e-19 1.000000e+25 
1.700000e+04 1.915392e-19 1.000000e+25 
1.725000e+04 1.949449e-19 1.000000e+25 
1.750000e+04 1.984464e-19 1.000000e+25 
1.775000e+04 2.020282e-19 1.000000e+25 
1.800000e+04 2.057170e-19 1.000000e+25 
1.825000e+04 2.095224e-19 1.000000e+25 
1.850000e+04 2.134484e-19 1.000000e+25 
1.875000e+04 2.175373e-19 1.000000e+25 
1.900000e+04 2.217621e-19 1.000000e+25 
1.925000e+04 2.262022e-19 1.000000e+25 
1.950000e+04 2.307934e-19 1.000000e+25 
1.975000e+04 2.356528e-19 1.000000e+25 
2.000000e+04 2.406771e-19 1.000000e+25 
2.025000e+04 2.460135e-19 1.000000e+25 
2.050000e+04 2.515230e-19 1.000000e+25 
2.075000e+04 2.573737e-19 1.000000e+25 
2.100000e+04 2.634008e-19 1.000000e+25 
2.125000e+04 2.697866e-19 1.000000e+25 
2.150000e+04 2.763511e-19 1.000000e+25 
2.175000e+04 2.832386e-19 1.000000e+25 
2.200000e+04 2.902675e-19 1.000000e+25 
2.225000e+04 2.977479e-19 1.000000e+25 
2.250000e+04 3.055192e-19 1.000000e+25 
2.275000e+04 3.132590e-19 1.000000e+25 
2.300000e+04 3.207941e-19 1.000000e+25 
2.325000e+04 3.288341e-19 1.000000e+25 
2.350000e+04 3.375685e-19 1.000000e+25 
2.375000e+04 3.466806e-19 1.000000e+25 
2.400000e+04 3.559605e-19 1.000000e+25 
2.425000e+04 3.622980e-19 1.000000e+25 
2.450000e+04 3.606849e-19 1.000000e+25 
2.475000e+04 3.579042e-19 1.000000e+25 
2.500000e+04 3.952004e-19 1.000000e+25 
2.525000e+04 5.122650e-19 9.769560e+24 
2.550000e+04 6.722653e-19 7.438599e+24 
2.575000e+04 8.933850e-19 5.599349e+24 
2.600000e+04 1.177675e-18 4.246007e+24 
2.625000e+04 1.604573e-18 3.117725e+24 
2.650000e+04 2.140185e-18 2.336478e+24 
2.675000e+04 2.950729e-18 1.695403e+24 
2.700000e+04 3.956269e-18 1.263917e+24 
2.725000e+04 5.488422e-18 9.114684e+23 
2.750000e+04 7.379163e-18 6.776246e+23 
2.775000e+04 1.029282e-17 4.860050e+23 
2.800000e+04 1.387420e-17 3.603980e+23 
2.825000e+04 1.943299e-17 2.574066e+23 
2.850000e+04 2.623575e-17 1.905864e+23 
2.875000e+04 3.679216e-17 1.359517e+23 
2.900000e+04 4.963924e-17 1.007294e+23 
2.925000e+04 6.946143e-17 7.200718e+22 
2.950000e+04 9.343576e-17 5.351368e+22 
2.975000e+04 1.301189e-16 3.843773e+22 
3.000000e+04 1.742036e-16 2.870237e+22 
3.025000e+04 2.409711e-16 2.075442e+22 
3.050000e+04 3.206496e-16 1.559344e+22 
3.075000e+04 4.396803e-16 1.137404e+22 
3.100000e+04 5.805021e-16 8.613252e+21 
3.125000e+04 7.867983e-16 6.355726e+21 
3.150000e+04 1.028116e-15 4.863264e+21 
3.175000e+04 1.372023e-15 3.644567e+21 
3.200000e+04 1.768415e-15 2.827390e+21 
3.225000e+04 2.312165e-15 2.162572e+21 
3.250000e+04 2.926902e-15 1.708292e+21 
3.275000e+04 3.726501e-15 1.341762e+21 
3.300000e+04 4.607352e-15 1.085224e+21 
3.325000e+04 5.668832e-15 8.820171e+20 
3.350000e+04 6.796219e-15 7.357045e+20 
3.375000e+04 8.004177e-15 6.246752e+20 
3.400000e+04 9.216314e-15 5.425167e+20 
3.425000e+04 1.026701e-14 4.870034e+20 
3.450000e+04 1.120891e-14 4.460738e+20 
3.475000e+04 1.164020e-14 4.295568e+20 
3.500000e+04 1.184161e-14 4.222400e+20 
3.525000e+04 1.127546e-14 4.434508e+20 
3.550000e+04 1.045041e-14 4.784518e+20 
3.575000e+04 8.979547e-15 5.568225e+20 
3.600000e+04 7.380249e-15 6.774866e+20 
3.625000e+04 5.693351e-15 8.782435e+20 
3.650000e+04 4.086645e-15 1.223499e+21 
3.675000e+04 3.011385e-15 1.660735e+21 
3.700000e+04 2.140055e-15 2.336426e+21 
3.725000e+04 1.774747e-15 2.817545e+21 
3.750000e+04 1.504495e-15 3.323392e+21 
3.775000e+04 1.360704e-15 3.674597e+21 
3.800000e+04 1.219568e-15 4.099825e+21 
3.825000e+04 1.111807e-15 4.497194e+21 
3.850000e+04 1.009426e-15 4.953313e+21 
3.875000e+04 9.324133e-16 5.362449e+21 
3.900000e+04 8.639883e-16 5.787116e+21 
3.925000e+04 8.186337e-16 6.107769e+21 
3.950000e+04 7.801239e-16 6.409239e+21 
3.975000e+04 7.626096e-16 6.556472e+21 
4.000000e+04 7.520663e-16 6.648350e+21 
4.025000e+04 7.626096e-16 6.556472e+21 
4.050000e+04 7.801239e-16 6.409239e+21 
4.075000e+04 8.186337e-16 6.107769e+21 
4.100000e+04 8.639883e-16 5.787116e+21 
4.125000e+04 9.324133e-16 5.362449e+21 
4.150000e+04 1.009426e-15 4.953313e+21 
4.175000e+04 1.111807e-15 4.497194e+21 
4.200000e+04 1.219568e-15 4.099825e+21 
4.225000e+04 1.360704e-15 3.674597e+21 
4.250000e+04 1.504495e-15 3.323392e+21 
4.275000e+04 1.774747e-15 2.817545e+21 
4.300000e+04 2.140055e-15 2.336426e+21 
4.325000e+04 3.011385e-15 1.660735e+21 
4.350000e+04 4.086645e-15 1.223499e+21 
4.375000e+04 5.693351e-15 8.782435e+20 
4.400000e+04 7.380249e-15 6.774866e+20 
4.425000e+04 8.979547e-15 5.568225e+20 
4.450000e+04 1.045041e-14 4.784518e+20 
4.475000e+04 1.127546e-14 4.434508e+20 
4.500000e+04 1.184161e-14 4.222400e+20 
4.525000e+04 1.164020e-14 4.295568e+20 
4.550000e+04 1.120891e-14 4.460738e+20 
4.575000e+04 1.026701e-14 4.870034e+20 
4.600000e+04 9.216314e-15 5.425167e+20 
4.625000e+04 8.004177e-15 6.246752e+20 
4.650000e+04 6.796219e-15 7.357045e+20 
4.675000e+04 5.668832e-15 8.820171e+20 
4.700000e+04 4.607352e-15 1.085224e+21 
4.725000e+04 3.726501e-15 1.341762e+21 
4.750000e+04 2.926902e-15 1.708292e+21 
4.775000e+04 2.312165e-15 2.162572e+21 
4.800000e+04 1.768415e-15 2.827390e+21 
4.825000e+04 1.372023e-15 3.644567e+21 
4.850000e+04 1.028116e-15 4.863264e+21 
4.875000e+04 7.867983e-16 6.355726e+21 
4.900000e+04 5.805021e-16 8.613252e+21 
4.925000e+04 4.396803e-16 1.137404e+22 
4.950000e+04 3.206496e-16 1.559344e+22 
4.975000e+04 2.409711e-16 2.075442e+22 
5.000000e+04 1.742036e-16 2.870237e+22 
5.025000e+04 1.301189e-16 3.843773e+22 
5.050000e+04 9.343576e-17 5.351368e+22 
5.075000e+04 6.946143e-17 7.200718e+22 
5.100000e+04 4.963924e-17 1.007294e+23 
5.125000e+04 3.679216e-17 1.359517e+23 
5.150000e+04 2.623575e-17 1.905864e+23 
5.175000e+04 1.943299e-17 2.574066e+23 
5.200000e+04 1.387420e-17 3.603980e+23 
5.225000e+04 1.029282e-17 4.860050e+23 
5.250000e+04 7.379163e-18 6.776246e+23 
5.275000e+04 5.488422e-18 9.114684e+23 
5.300000e+04 3.956269e-18 1.263917e+24 
5.325000e+04 2.950729e-18 1.695403e+24 
5.350000e+04 2.140185e-18 2.336478e+24 
5.375000e+04 1.604573e-18 3.117725e+24 
5.400000e+04 1.177675e-18 4.246007e+24 
5.425000e+04 8.933850e-19 5.599349e+24 
5.450000e+04 6.722653e-19 7.438599e+24 
5.475000e+04 5.122650e-19 9.769560e+24 
5.500000e+04 3.952004e-19 1.000000e+25 
5.525000e+04 3.579042e-19 1.000000e+25 
5.550000e+04 3.606849e-19 1.000000e+25 
5.575000e+04 3.622980e-19 1.000000e+25 
5.600000e+04 3.559605e-19 1.000000e+25 
5.625000e+04 3.466806e-19 1.000000e+25 
5.650000e+04 3.375685e-19 1.000000e+25 
5.675000e+04 3.288341e-19 1.000000e+25 
5.700000e+04 3.207942e-19 1.000000e+25 
5.725000e+04 3.132590e-19 1.000000e+25 
5.750000e+04 3.055192e-19 1.000000e+25 
5.775000e+04 2.977479e-19 1.000000e+25 
5.800000e+04 2.902675e-19 1.000000e+25 
5.825000e+04 2.832386e-19 1.000000e+25 
5.850000e+04 2.763511e-19 1.000000e+25 
5.875000e+04 2.697866e-19 1.000000e+25 
5.900000e+04 2.634008e-19 1.000000e+25 
5.925000e+04 2.573737e-19 1.000000e+25 
5.950000e+04 2.515230e-19 1.000000e+25 
5.975000e+04 2.460135e-19 1.000000e+25 
6.000000e+04 2.406771e-19 1.000000e+25 
6.025000e+04 2.356528e-19 1.000000e+25 
6.050000e+04 2.307934e-19 1.000000e+25 
6.075000e+04 2.262022e-19 1.000000e+25 
6.100000e+04 2.217621e-19 1.000000e+25 
6.125000e+04 2.175373e-19 1.000000e+25 
6.150000e+04 2.134484e-19 1.000000e+25 
6.175000e+04 2.095224e-19 1.000000e+25 
6.200000e+04 2.057170e-19 1.000000e+25 
6.225000e+04 2.020282e-19 1.000000e+25 
6.250000e+04 1.984464e-19 1.000000e+25 
6.275000e+04 1.949449e-19 1.000000e+25 
6.300000e+04 1.915392e-19 1.000000e+25 
6.325000e+04 1.881882e-19 1.000000e+25 
6.350000e+04 1.849241e-19 1.000000e+25 
6.375000e+04 1.816993e-19 1.000000e+25 
6.400000e+04 1.785546e-19 1.000000e+25 
6.425000e+04 1.754418e-19 1.000000e+25 
6.450000e+04 1.724038e-19 1.000000e+25 
6.475000e+04 1.693960e-19 1.000000e+25 
6.500000e+04 1.664586e-19 1.000000e+25 
6.525000e+04 1.635531e-19 1.000000e+25 
6.550000e+04 1.607144e-19 1.000000e+25 
6.575000e+04 1.579111e-19 1.000000e+25 
6.600000e+04 1.551712e-19 1.000000e+25 
6.625000e+04 1.524710e-19 1.000000e+25 
6.650000e+04 1.498309e-19 1.000000e+25 
6.675000e+04 1.472347e-19 1.000000e+25 
6.700000e+04 1.446954e-19 1.000000e+25 
6.725000e+04 1.422035e-19 1.000000e+25 
6.750000e+04 1.397656e-19 1.000000e+25 
6.775000e+04 1.373780e-19 1.000000e+25 
6.800000e+04 1.350415e-19 1.000000e+25 
6.825000e+04 1.327574e-19 1.000000e+25 
6.850000e+04 1.305217e-19 1.000000e+25 
6.875000e+04 1.283400e-19 1.000000e+25 
6.900000e+04 1.262042e-19 1.000000e+25 
6.925000e+04 1.241233e-19 1.000000e+25 
6.950000e+04 1.220860e-19 1.000000e+25 
6.975000e+04 1.201042e-19 1.000000e+25 
7.000000e+04 1.181640e-19 1.000000e+25 
7.025000e+04 1.162797e-19 1.000000e+25 
7.050000e+04 1.144350e-19 1.000000e+25 
7.075000e+04 1.126464e-19 1.000000e+25 
7.100000e+04 1.108960e-19 1.000000e+25 
7.125000e+04 1.092015e-19 1.000000e+25 
7.150000e+04 1.075441e-19 1.000000e+25 
7.175000e+04 1.059427e-19 1.000000e+25 
7.200000e+04 1.043772e-19 1.000000e+25 
7.225000e+04 1.028678e-19 1.000000e+25 
7.250000e+04 1.013937e-19 1.000000e+25 
7.275000e+04 9.997571e-20 1.000000e+25 
7.300000e+04 9.859248e-20 1.000000e+25 
7.325000e+04 9.726564e-20 1.000000e+25 
7.350000e+04 9.597324e-20 1.000000e+25 
7.375000e+04 9.473757e-20 1.000000e+25 
7.400000e+04 9.353624e-20 1.000000e+25 
7.425000e+04 9.239208e-20 1.000000e+25 
7.450000e+04 9.128232e-20 1.000000e+25 
7.475000e+04 9.023029e-20 1.000000e+25 
7.500000e+04 8.921289e-20 1.000000e+25 
7.525000e+04 8.825385e-20 1.000000e+25 
7.550000e+04 8.732977e-20 1.000000e+25 
7.575000e+04 8.646479e-20 1.000000e+25 
7.600000e+04 8.563519e-20 1.000000e+25 
7.625000e+04 8.486544e-20 1.000000e+25 
7.650000e+04 8.413158e-20 1.000000e+25 
7.675000e+04 8.345836e-20 1.000000e+25 
7.700000e+04 8.282154e-20 1.000000e+25 
7.725000e+04 8.224614e-20 1.000000e+25 
7.750000e+04 8.170765e-20 1.000000e+25 
7.775000e+04 8.123132e-20 1.000000e+25 
7.800000e+04 8.079239e-20 1.000000e+25 
7.825000e+04 8.041626e-20 1.000000e+25 
7.850000e+04 8.007796e-20 1.000000e+25 
7.875000e+04 7.980301e-20 1.000000e+25 
7.900000e+04 7.956624e-20 1.000000e+25 
7.925000e+04 7.939322e-20 1.000000e+25 
7.950000e+04 7.925862e-20 1.000000e+25 
7.975000e+04 7.918803e-20 1.000000e+25 
8.000000e+04 7.915599e-20 1.000000e+25 
