0.000000e+00 2.028151e-19 1.000000e+25 
3.125000e+02 2.029534e-19 1.000000e+25 
6.250000e+02 2.032570e-19 1.000000e+25 
9.375000e+02 2.038367e-19 1.000000e+25 
1.250000e+03 2.045809e-19 1.000000e+25 
1.562500e+03 2.055999e-19 1.000000e+25 
1.875000e+03 2.067817e-19 1.000000e+25 
2.187500e+03 2.082364e-19 1.000000e+25 
2.500000e+03 2.098515e-19 1.000000e+25 
2.812500e+03 2.117370e-19 1.000000e+25 
3.125000e+03 2.137801e-19 1.000000e+25 
3.437500e+03 2.160912e-19 1.000000e+25 
3.750000e+03 2.185567e-19 1.000000e+25 
4.062500e+03 2.212878e-19 1.000000e+25 
4.375000e+03 2.241702e-19 1.000000e+25 
4.687500e+03 2.273164e-19 1.000000e+25 
5.000000e+03 2.306111e-19 1.000000e+25 
5.312500e+03 2.341689e-19 1.000000e+25 
5.625000e+03 2.378728e-19 1.000000e+25 
5.937500e+03 2.418402e-19 1.000000e+25 
6.250000e+03 2.459522e-19 1.000000e+25 
6.562500e+03 2.503301e-19 1.000000e+25 
6.875000e+03 2.548518e-19 1.000000e+25 
7.187500e+03 2.596435e-19 1.000000e+25 
7.500000e+03 2.645794e-19 1.000000e+25 
7.812500e+03 2.697913e-19 1.000000e+25 
8.125000e+03 2.751487e-19 1.000000e+25 
8.437500e+03 2.807892e-19 1.000000e+25 
8.750000e+03 2.865774e-19 1.000000e+25 
9.062500e+03 2.926558e-19 1.000000e+25 
9.375000e+03 2.988845e-19 1.000000e+25 
9.687500e+03 3.054082e-19 1.000000e+25 
1.000000e+04 3.120848e-19 1.000000e+25 
1.031250e+04 3.190568e-19 1.000000e+25 
1.062500e+04 3.261838e-19 1.000000e+25 
1.093750e+04 3.336015e-19 1.000000e+25 
1.125000e+04 3.411755e-19 1.000000e+25 
1.156250e+04 3.490329e-19 1.000000e+25 
1.187500e+04 3.570491e-19 1.000000e+25 
1.218750e+04 3.653446e-19 1.000000e+25 
1.250000e+04 3.738044e-19 1.000000e+25 
1.281250e+04 3.825500e-19 1.000000e+25 
1.312500e+04 3.914697e-19 1.000000e+25 
1.343750e+04 4.006943e-19 1.000000e+25 
1.375000e+04 4.101068e-19 1.000000e+25 
1.406250e+04 4.198497e-19 1.000000e+25 
1.437500e+04 4.297950e-19 1.000000e+25 
1.468750e+04 4.400928e-19 1.000000e+25 
1.500000e+04 4.506049e-19 1.000000e+25 
1.531250e+04 4.614812e-19 1.000000e+25 
1.562500e+04 4.725804e-19 1.000000e+25 
1.593750e+04 4.840477e-19 1.000000e+25 
1.625000e+04 4.957460e-19 1.000000e+25 
1.656250e+04 5.078227e-19 1.000000e+25 
1.687500e+04 5.201432e-19 1.000000e+25 
1.718750e+04 5.328722e-19 1.000000e+25 
1.750000e+04 5.458645e-19 1.000000e+25 
1.781250e+04 5.593209e-19 1.000000e+25 
1.812500e+04 5.730670e-19 1.000000e+25 
1.843750e+04 5.873519e-19 1.000000e+25 
1.875000e+04 6.019556e-19 1.000000e+25 
1.906250e+04 6.171745e-19 1.000000e+25 
1.937500e+04 6.327381e-19 1.000000e+25 
1.968750e+04 6.489765e-19 1.000000e+25 
2.000000e+04 6.655776e-19 1.000000e+25 
2.031250e+04 6.828819e-19 1.000000e+25 
2.062500e+04 7.005560e-19 1.000000e+25 
2.093750e+04 7.189302e-19 1.000000e+25 
2.125000e+04 7.376745e-19 1.000000e+25 
2.156250e+04 7.571183e-19 1.000000e+25 
2.187500e+04 7.769423e-19 1.000000e+25 
2.218750e+04 7.975434e-19 1.000000e+25 
2.250000e+04 8.185712e-19 1.000000e+25 
2.281250e+04 8.406330e-19 1.000000e+25 
2.312500e+04 8.632342e-19 1.000000e+25 
2.343750e+04 8.873553e-19 1.000000e+25 
2.375000e+04 9.121933e-19 1.000000e+25 
2.406250e+04 9.391798e-19 1.000000e+25 
2.437500e+04 9.670732e-19 1.000000e+25 
2.468750e+04 9.977104e-19 1.000000e+25 
2.500000e+04 1.029401e-18 1.000000e+25 
2.531250e+04 1.064158e-18 1.000000e+25 
2.562500e+04 1.100004e-18 1.000000e+25 
2.593750e+04 1.138764e-18 1.000000e+25 
2.625000e+04 1.178513e-18 1.000000e+25 
2.656250e+04 1.220492e-18 1.000000e+25 
2.687500e+04 1.263261e-18 1.000000e+25 
2.718750e+04 1.307134e-18 1.000000e+25 
2.750000e+04 1.351577e-18 1.000000e+25 
2.781250e+04 1.395848e-18 1.000000e+25 
2.812500e+04 1.440544e-18 1.000000e+25 
2.843750e+04 1.483781e-18 1.000000e+25 
2.875000e+04 1.527532e-18 1.000000e+25 
2.906250e+04 1.569424e-18 1.000000e+25 
2.937500e+04 1.612098e-18 1.000000e+25 
2.968750e+04 1.651409e-18 1.000000e+25 
3.000000e+04 1.692306e-18 1.000000e+25 
3.031250e+04 1.734029e-18 1.000000e+25 
3.062500e+04 1.779443e-18 1.000000e+25 
3.093750e+04 1.822662e-18 1.000000e+25 
3.125000e+04 1.871657e-18 1.000000e+25 
3.156250e+04 1.910441e-18 1.000000e+25 
3.187500e+04 1.958535e-18 1.000000e+25 
3.218750e+04 2.054825e-18 1.000000e+25 
3.250000e+04 1.969451e-18 1.000000e+25 
3.281250e+04 3.223541e-18 9.505238e+24 
3.312500e+04 5.110896e-18 6.507884e+24 
3.343750e+04 1.903109e-17 1.873668e+24 
3.375000e+04 3.555996e-17 9.939000e+23 
3.406250e+04 1.185398e-16 3.065518e+23 
3.437500e+04 2.194952e-16 1.592585e+23 
3.468750e+04 6.427749e-16 5.515890e+22 
3.500000e+04 1.178033e-15 2.918882e+22 
3.531250e+04 2.812001e-15 1.220908e+22 
3.562500e+04 4.875648e-15 6.867619e+21 
3.593750e+04 8.838256e-15 3.723107e+21 
3.625000e+04 1.339985e-14 2.400734e+21 
3.656250e+04 1.716761e-14 1.808915e+21 
3.687500e+04 2.011209e-14 1.499481e+21 
3.718750e+04 1.693218e-14 1.699824e+21 
3.750000e+04 1.213006e-14 2.278175e+21 
3.781250e+04 6.243200e-15 4.267760e+21 
3.812500e+04 1.507810e-15 1.662109e+22 
3.843750e+04 6.810684e-16 3.925774e+22 
3.875000e+04 8.510630e-17 3.129322e+23 
3.906250e+04 8.180901e-17 3.444331e+23 
3.937500e+04 5.846771e-17 5.097944e+23 
3.968750e+04 4.219603e-17 6.754269e+23 
4.000000e+04 2.550519e-17 1.024752e+24 
4.031250e+04 4.219603e-17 6.754269e+23 
4.062500e+04 5.846771e-17 5.097944e+23 
4.093750e+04 8.180901e-17 3.444331e+23 
4.125000e+04 8.510630e-17 3.129322e+23 
4.156250e+04 6.810684e-16 3.925774e+22 
4.187500e+04 1.507810e-15 1.662109e+22 
4.218750e+04 6.243200e-15 4.267760e+21 
4.250000e+04 1.213006e-14 2.278175e+21 
4.281250e+04 1.693218e-14 1.699824e+21 
4.312500e+04 2.011209e-14 1.499481e+21 
4.343750e+04 1.716761e-14 1.808915e+21 
4.375000e+04 1.339985e-14 2.400734e+21 
4.406250e+04 8.838256e-15 3.723107e+21 
4.437500e+04 4.875648e-15 6.867619e+21 
4.468750e+04 2.812001e-15 1.220908e+22 
4.500000e+04 1.178033e-15 2.918882e+22 
4.531250e+04 6.427749e-16 5.515890e+22 
4.562500e+04 2.194952e-16 1.592585e+23 
4.593750e+04 1.185398e-16 3.065518e+23 
4.625000e+04 3.555996e-17 9.939000e+23 
4.656250e+04 1.903109e-17 1.873668e+24 
4.687500e+04 5.110896e-18 6.507884e+24 
4.718750e+04 3.223541e-18 9.505238e+24 
4.750000e+04 1.969451e-18 1.000000e+25 
4.781250e+04 2.054825e-18 1.000000e+25 
4.812500e+04 1.958535e-18 1.000000e+25 
4.843750e+04 1.910441e-18 1.000000e+25 
4.875000e+04 1.871657e-18 1.000000e+25 
4.906250e+04 1.822662e-18 1.000000e+25 
4.937500e+04 1.779443e-18 1.000000e+25 
4.968750e+04 1.734029e-18 1.000000e+25 
5.000000e+04 1.692306e-18 1.000000e+25 
5.031250e+04 1.651409e-18 1.000000e+25 
5.062500e+04 1.612098e-18 1.000000e+25 
5.093750e+04 1.569424e-18 1.000000e+25 
5.125000e+04 1.527532e-18 1.000000e+25 
5.156250e+04 1.483781e-18 1.000000e+25 
5.187500e+04 1.440544e-18 1.000000e+25 
5.218750e+04 1.395848e-18 1.000000e+25 
5.250000e+04 1.351577e-18 1.000000e+25 
5.281250e+04 1.307134e-18 1.000000e+25 
5.312500e+04 1.263261e-18 1.000000e+25 
5.343750e+04 1.220492e-18 1.000000e+25 
5.375000e+04 1.178513e-18 1.000000e+25 
5.406250e+04 1.138764e-18 1.000000e+25 
5.437500e+04 1.100004e-18 1.000000e+25 
5.468750e+04 1.064158e-18 1.000000e+25 
5.500000e+04 1.029401e-18 1.000000e+25 
5.531250e+04 9.977104e-19 1.000000e+25 
5.562500e+04 9.670732e-19 1.000000e+25 
5.593750e+04 9.391797e-19 1.000000e+25 
5.625000e+04 9.121933e-19 1.000000e+25 
5.656250e+04 8.873553e-19 1.000000e+25 
5.687500e+04 8.632342e-19 1.000000e+25 
5.718750e+04 8.406330e-19 1.000000e+25 
5.750000e+04 8.185712e-19 1.000000e+25 
5.781250e+04 7.975434e-19 1.000000e+25 
5.812500e+04 7.769423e-19 1.000000e+25 
5.843750e+04 7.571183e-19 1.000000e+25 
5.875000e+04 7.376745e-19 1.000000e+25 
5.906250e+04 7.189302e-19 1.000000e+25 
5.937500e+04 7.005560e-19 1.000000e+25 
5.968750e+04 6.828819e-19 1.000000e+25 
6.000000e+04 6.655776e-19 1.000000e+25 
6.031250e+04 6.489765e-19 1.000000e+25 
6.062500e+04 6.327381e-19 1.000000e+25 
6.093750e+04 6.171745e-19 1.000000e+25 
6.125000e+04 6.019556e-19 1.000000e+25 
6.156250e+04 5.873519e-19 1.000000e+25 
6.187500e+04 5.730670e-19 1.000000e+25 
6.218750e+04 5.593209e-19 1.000000e+25 
6.250000e+04 5.458645e-19 1.000000e+25 
6.281250e+04 5.328722e-19 1.000000e+25 
6.312500e+04 5.201432e-19 1.000000e+25 
6.343750e+04 5.078227e-19 1.000000e+25 
6.375000e+04 4.957460e-19 1.000000e+25 
6.406250e+04 4.840477e-19 1.000000e+25 
6.437500e+04 4.725804e-19 1.000000e+25 
6.468750e+04 4.614812e-19 1.000000e+25 
6.500000e+04 4.506049e-19 1.000000e+25 
6.531250e+04 4.400928e-19 1.000000e+25 
6.562500e+04 4.297950e-19 1.000000e+25 
6.593750e+04 4.198497e-19 1.000000e+25 
6.625000e+04 4.101068e-19 1.000000e+25 
6.656250e+04 4.006943e-19 1.000000e+25 
6.687500e+04 3.914697e-19 1.000000e+25 
6.718750e+04 3.825500e-19 1.000000e+25 
6.750000e+04 3.738044e-19 1.000000e+25 
6.781250e+04 3.653446e-19 1.000000e+25 
6.812500e+04 3.570491e-19 1.000000e+25 
6.843750e+04 3.490329e-19 1.000000e+25 
6.875000e+04 3.411755e-19 1.000000e+25 
6.906250e+04 3.336015e-19 1.000000e+25 
6.937500e+04 3.261838e-19 1.000000e+25 
6.968750e+04 3.190568e-19 1.000000e+25 
7.000000e+04 3.120848e-19 1.000000e+25 
7.031250e+04 3.054082e-19 1.000000e+25 
7.062500e+04 2.988845e-19 1.000000e+25 
7.093750e+04 2.926558e-19 1.000000e+25 
7.125000e+04 2.865774e-19 1.000000e+25 
7.156250e+04 2.807892e-19 1.000000e+25 
7.187500e+04 2.751487e-19 1.000000e+25 
7.218750e+04 2.697913e-19 1.000000e+25 
7.250000e+04 2.645794e-19 1.000000e+25 
7.281250e+04 2.596435e-19 1.000000e+25 
7.312500e+04 2.548518e-19 1.000000e+25 
7.343750e+04 2.503301e-19 1.000000e+25 
7.375000e+04 2.459522e-19 1.000000e+25 
7.406250e+04 2.418402e-19 1.000000e+25 
7.437500e+04 2.378728e-19 1.000000e+25 
7.468750e+04 2.341689e-19 1.000000e+25 
7.500000e+04 2.306111e-19 1.000000e+25 
7.531250e+04 2.273164e-19 1.000000e+25 
7.562500e+04 2.241702e-19 1.000000e+25 
7.593750e+04 2.212878e-19 1.000000e+25 
7.625000e+04 2.185567e-19 1.000000e+25 
7.656250e+04 2.160912e-19 1.000000e+25 
7.687500e+04 2.137801e-19 1.000000e+25 
7.718750e+04 2.117370e-19 1.000000e+25 
7.750000e+04 2.098515e-19 1.000000e+25 
7.781250e+04 2.082364e-19 1.000000e+25 
7.812500e+04 2.067817e-19 1.000000e+25 
7.843750e+04 2.055999e-19 1.000000e+25 
7.875000e+04 2.045809e-19 1.000000e+25 
7.906250e+04 2.038367e-19 1.000000e+25 
7.937500e+04 2.032570e-19 1.000000e+25 
7.968750e+04 2.029534e-19 1.000000e+25 
8.000000e+04 2.028151e-19 1.000000e+25 
