0.000000e+00 2.003871e-19 1.000000e+25 
2.500000e+02 2.004741e-19 1.000000e+25 
5.000000e+02 2.006656e-19 1.000000e+25 
7.500000e+02 2.010310e-19 1.000000e+25 
1.000000e+03 2.015005e-19 1.000000e+25 
1.250000e+03 2.021434e-19 1.000000e+25 
1.500000e+03 2.028897e-19 1.000000e+25 
1.750000e+03 2.038085e-19 1.000000e+25 
2.000000e+03 2.048298e-19 1.000000e+25 
2.250000e+03 2.060225e-19 1.000000e+25 
2.500000e+03 2.073164e-19 1.000000e+25 
2.750000e+03 2.087805e-19 1.000000e+25 
3.000000e+03 2.103444e-19 1.000000e+25 
3.250000e+03 2.120771e-19 1.000000e+25 
3.500000e+03 2.139081e-19 1.000000e+25 
3.750000e+03 2.159066e-19 1.000000e+25 
4.000000e+03 2.180017e-19 1.000000e+25 
4.250000e+03 2.202633e-19 1.000000e+25 
4.500000e+03 2.226200e-19 1.000000e+25 
4.750000e+03 2.251421e-19 1.000000e+25 
5.000000e+03 2.277580e-19 1.000000e+25 
5.250000e+03 2.305387e-19 1.000000e+25 
5.500000e+03 2.334120e-19 1.000000e+25 
5.750000e+03 2.364501e-19 1.000000e+25 
6.000000e+03 2.395799e-19 1.000000e+25 
6.250000e+03 2.428750e-19 1.000000e+25 
6.500000e+03 2.462611e-19 1.000000e+25 
6.750000e+03 2.498138e-19 1.000000e+25 
7.000000e+03 2.534573e-19 1.000000e+25 
7.250000e+03 2.572695e-19 1.000000e+25 
7.500000e+03 2.611726e-19 1.000000e+25 
7.750000e+03 2.652471e-19 1.000000e+25 
8.000000e+03 2.694132e-19 1.000000e+25 
8.250000e+03 2.737540e-19 1.000000e+25 
8.500000e+03 2.781872e-19 1.000000e+25 
8.750000e+03 2.827990e-19 1.000000e+25 
9.000000e+03 2.875045e-19 1.000000e+25 
9.250000e+03 2.923922e-19 1.000000e+25 
9.500000e+03 2.973750e-19 1.000000e+25 
9.750000e+03 3.025430e-19 1.000000e+25 
1.000000e+04 3.078077e-19 1.000000e+25 
1.025000e+04 3.132593e-19 1.000000e+25 
1.050000e+04 3.188090e-19 1.000000e+25 
1.075000e+04 3.245457e-19 1.000000e+25 
1.100000e+04 3.303819e-19 1.000000e+25 
1.125000e+04 3.364040e-19 1.000000e+25 
1.150000e+04 3.425268e-19 1.000000e+25 
1.175000e+04 3.488338e-19 1.000000e+25 
1.200000e+04 3.552432e-19 1.000000e+25 
1.225000e+04 3.618358e-19 1.000000e+25 
1.250000e+04 3.685335e-19 1.000000e+25 
1.275000e+04 3.754153e-19 1.000000e+25 
1.300000e+04 3.824058e-19 1.000000e+25 
1.325000e+04 3.895840e-19 1.000000e+25 
1.350000e+04 3.968755e-19 1.000000e+25 
1.375000e+04 4.043608e-19 1.000000e+25 
1.400000e+04 4.119650e-19 1.000000e+25 
1.425000e+04 4.197714e-19 1.000000e+25 
1.450000e+04 4.277027e-19 1.000000e+25 
1.475000e+04 4.358474e-19 1.000000e+25 
1.500000e+04 4.441240e-19 1.000000e+25 
1.525000e+04 4.526281e-19 1.000000e+25 
1.550000e+04 4.612724e-19 1.000000e+25 
1.575000e+04 4.701614e-19 1.000000e+25 
1.600000e+04 4.791996e-19 1.000000e+25 
1.625000e+04 4.885024e-19 1.000000e+25 
1.650000e+04 4.979636e-19 1.000000e+25 
1.675000e+04 5.077100e-19 1.000000e+25 
1.700000e+04 5.176241e-19 1.000000e+25 
1.725000e+04 5.278421e-19 1.000000e+25 
1.750000e+04 5.382362e-19 1.000000e+25 
1.775000e+04 5.489496e-19 1.000000e+25 
1.800000e+04 5.598462e-19 1.000000e+25 
1.825000e+04 5.710724e-19 1.000000e+25 
1.850000e+04 5.824875e-19 1.000000e+25 
1.875000e+04 5.942369e-19 1.000000e+25 
1.900000e+04 6.061798e-19 1.000000e+25 
1.925000e+04 6.184583e-19 1.000000e+25 
1.950000e+04 6.309344e-19 1.000000e+25 
1.975000e+04 6.437485e-19 1.000000e+25 
2.000000e+04 6.567656e-19 1.000000e+25 
2.025000e+04 6.701312e-19 1.000000e+25 
2.050000e+04 6.837085e-19 1.000000e+25 
2.075000e+04 6.976600e-19 1.000000e+25 
2.100000e+04 7.118373e-19 1.000000e+25 
2.125000e+04 7.264368e-19 1.000000e+25 
2.150000e+04 7.412831e-19 1.000000e+25 
2.175000e+04 7.566274e-19 1.000000e+25 
2.200000e+04 7.722474e-19 1.000000e+25 
2.225000e+04 7.884751e-19 1.000000e+25 
2.250000e+04 8.050171e-19 1.000000e+25 
2.275000e+04 8.223179e-19 1.000000e+25 
2.300000e+04 8.399843e-19 1.000000e+25 
2.325000e+04 8.586105e-19 1.000000e+25 
2.350000e+04 8.776684e-19 1.000000e+25 
2.375000e+04 8.979366e-19 1.000000e+25 
2.400000e+04 9.187153e-19 1.000000e+25 
2.425000e+04 9.409822e-19 1.000000e+25 
2.450000e+04 9.638398e-19 1.000000e+25 
2.475000e+04 9.884371e-19 1.000000e+25 
2.500000e+04 1.013687e-18 1.000000e+25 
2.525000e+04 1.040825e-18 1.000000e+25 
2.550000e+04 1.068637e-18 1.000000e+25 
2.575000e+04 1.098314e-18 1.000000e+25 
2.600000e+04 1.128636e-18 1.000000e+25 
2.625000e+04 1.160592e-18 1.000000e+25 
2.650000e+04 1.193119e-18 1.000000e+25 
2.675000e+04 1.226855e-18 1.000000e+25 
2.700000e+04 1.261062e-18 1.000000e+25 
2.725000e+04 1.295908e-18 1.000000e+25 
2.750000e+04 1.331126e-18 1.000000e+25 
2.775000e+04 1.366344e-18 1.000000e+25 
2.800000e+04 1.401866e-18 1.000000e+25 
2.825000e+04 1.436767e-18 1.000000e+25 
2.850000e+04 1.471968e-18 1.000000e+25 
2.875000e+04 1.506060e-18 1.000000e+25 
2.900000e+04 1.540548e-18 1.000000e+25 
2.925000e+04 1.573593e-18 1.000000e+25 
2.950000e+04 1.607252e-18 1.000000e+25 
2.975000e+04 1.639670e-18 1.000000e+25 
3.000000e+04 1.673221e-18 1.000000e+25 
3.025000e+04 1.705566e-18 1.000000e+25 
3.050000e+04 1.739370e-18 1.000000e+25 
3.075000e+04 1.773454e-18 1.000000e+25 
3.100000e+04 1.811281e-18 1.000000e+25 
3.125000e+04 1.850783e-18 1.000000e+25 
3.150000e+04 1.892553e-18 1.000000e+25 
3.175000e+04 1.926138e-18 1.000000e+25 
3.200000e+04 1.961324e-18 1.000000e+25 
3.225000e+04 2.046815e-18 1.000000e+25 
3.250000e+04 2.042835e-18 1.000000e+25 
3.275000e+04 2.411894e-18 1.000000e+25 
3.300000e+04 3.241442e-18 9.570111e+24 
3.325000e+04 9.091161e-18 3.726564e+24 
3.350000e+04 1.557874e-17 2.258968e+24 
3.375000e+04 4.025330e-17 8.991587e+23 
3.400000e+04 6.870901e-17 5.144252e+23 
3.425000e+04 1.694995e-16 2.122243e+23 
3.450000e+04 2.861863e-16 1.227437e+23 
3.475000e+04 6.498688e-16 5.449446e+22 
3.500000e+04 1.076163e-15 3.217436e+22 
3.525000e+04 2.176661e-15 1.590121e+22 
3.550000e+04 3.462535e-15 9.798969e+21 
3.575000e+04 6.018178e-15 5.582151e+21 
3.600000e+04 8.923394e-15 3.694587e+21 
3.625000e+04 1.280095e-14 2.523195e+21 
3.650000e+04 1.685430e-14 1.877804e+21 
3.675000e+04 1.900407e-14 1.612903e+21 
3.700000e+04 2.043357e-14 1.461427e+21 
3.725000e+04 1.706699e-14 1.683066e+21 
3.750000e+04 1.278037e-14 2.172885e+21 
3.775000e+04 7.550061e-15 3.559005e+21 
3.800000e+04 2.883190e-15 8.901618e+21 
3.825000e+04 1.339568e-15 1.919683e+22 
3.850000e+04 1.844997e-16 1.313066e+23 
3.875000e+04 1.433147e-16 1.915191e+23 
3.900000e+04 6.073475e-17 4.812470e+23 
3.925000e+04 4.911854e-17 5.821508e+23 
3.950000e+04 3.248528e-17 8.350917e+23 
3.975000e+04 2.912813e-17 9.527794e+23 
4.000000e+04 2.596096e-17 1.078761e+24 
4.025000e+04 2.912813e-17 9.527794e+23 
4.050000e+04 3.248528e-17 8.350917e+23 
4.075000e+04 4.911854e-17 5.821508e+23 
4.100000e+04 6.073475e-17 4.812470e+23 
4.125000e+04 1.433147e-16 1.915191e+23 
4.150000e+04 1.844997e-16 1.313066e+23 
4.175000e+04 1.339568e-15 1.919683e+22 
4.200000e+04 2.883190e-15 8.901618e+21 
4.225000e+04 7.550061e-15 3.559005e+21 
4.250000e+04 1.278037e-14 2.172885e+21 
4.275000e+04 1.706699e-14 1.683066e+21 
4.300000e+04 2.043357e-14 1.461427e+21 
4.325000e+04 1.900407e-14 1.612903e+21 
4.350000e+04 1.685430e-14 1.877804e+21 
4.375000e+04 1.280095e-14 2.523195e+21 
4.400000e+04 8.923394e-15 3.694587e+21 
4.425000e+04 6.018178e-15 5.582151e+21 
4.450000e+04 3.462535e-15 9.798969e+21 
4.475000e+04 2.176661e-15 1.590121e+22 
4.500000e+04 1.076163e-15 3.217436e+22 
4.525000e+04 6.498688e-16 5.449446e+22 
4.550000e+04 2.861863e-16 1.227437e+23 
4.575000e+04 1.694995e-16 2.122243e+23 
4.600000e+04 6.870901e-17 5.144252e+23 
4.625000e+04 4.025330e-17 8.991587e+23 
4.650000e+04 1.557874e-17 2.258968e+24 
4.675000e+04 9.091161e-18 3.726564e+24 
4.700000e+04 3.241442e-18 9.570111e+24 
4.725000e+04 2.411894e-18 1.000000e+25 
4.750000e+04 2.042835e-18 1.000000e+25 
4.775000e+04 2.046815e-18 1.000000e+25 
4.800000e+04 1.961324e-18 1.000000e+25 
4.825000e+04 1.926138e-18 1.000000e+25 
4.850000e+04 1.892553e-18 1.000000e+25 
4.875000e+04 1.850783e-18 1.000000e+25 
4.900000e+04 1.811281e-18 1.000000e+25 
4.925000e+04 1.773454e-18 1.000000e+25 
4.950000e+04 1.739370e-18 1.000000e+25 
4.975000e+04 1.705566e-18 1.000000e+25 
5.000000e+04 1.673221e-18 1.000000e+25 
5.025000e+04 1.639670e-18 1.000000e+25 
5.050000e+04 1.607252e-18 1.000000e+25 
5.075000e+04 1.573593e-18 1.000000e+25 
5.100000e+04 1.540548e-18 1.000000e+25 
5.125000e+04 1.506060e-18 1.000000e+25 
5.150000e+04 1.471968e-18 1.000000e+25 
5.175000e+04 1.436767e-18 1.000000e+25 
5.200000e+04 1.401866e-18 1.000000e+25 
5.225000e+04 1.366344e-18 1.000000e+25 
5.250000e+04 1.331126e-18 1.000000e+25 
5.275000e+04 1.295908e-18 1.000000e+25 
5.300000e+04 1.261062e-18 1.000000e+25 
5.325000e+04 1.226855e-18 1.000000e+25 
5.350000e+04 1.193119e-18 1.000000e+25 
5.375000e+04 1.160592e-18 1.000000e+25 
5.400000e+04 1.128636e-18 1.000000e+25 
5.425000e+04 1.098314e-18 1.000000e+25 
5.450000e+04 1.068637e-18 1.000000e+25 
5.475000e+04 1.040825e-18 1.000000e+25 
5.500000e+04 1.013687e-18 1.000000e+25 
5.525000e+04 9.884371e-19 1.000000e+25 
5.550000e+04 9.638398e-19 1.000000e+25 
5.575000e+04 9.409822e-19 1.000000e+25 
5.600000e+04 9.187153e-19 1.000000e+25 
5.625000e+04 8.979366e-19 1.000000e+25 
5.650000e+04 8.776684e-19 1.000000e+25 
5.675000e+04 8.586105e-19 1.000000e+25 
5.700000e+04 8.399843e-19 1.000000e+25 
5.725000e+04 8.223179e-19 1.000000e+25 
5.750000e+04 8.050171e-19 1.000000e+25 
5.775000e+04 7.884751e-19 1.000000e+25 
5.800000e+04 7.722474e-19 1.000000e+25 
5.825000e+04 7.566274e-19 1.000000e+25 
5.850000e+04 7.412831e-19 1.000000e+25 
5.875000e+04 7.264368e-19 1.000000e+25 
5.900000e+04 7.118373e-19 1.000000e+25 
5.925000e+04 6.976600e-19 1.000000e+25 
5.950000e+04 6.837085e-19 1.000000e+25 
5.975000e+04 6.701312e-19 1.000000e+25 
6.000000e+04 6.567656e-19 1.000000e+25 
6.025000e+04 6.437485e-19 1.000000e+25 
6.050000e+04 6.309344e-19 1.000000e+25 
6.075000e+04 6.184583e-19 1.000000e+25 
6.100000e+04 6.061798e-19 1.000000e+25 
6.125000e+04 5.942369e-19 1.000000e+25 
6.150000e+04 5.824875e-19 1.000000e+25 
6.175000e+04 5.710724e-19 1.000000e+25 
6.200000e+04 5.598462e-19 1.000000e+25 
6.225000e+04 5.489496e-19 1.000000e+25 
6.250000e+04 5.382362e-19 1.000000e+25 
6.275000e+04 5.278421e-19 1.000000e+25 
6.300000e+04 5.176241e-19 1.000000e+25 
6.325000e+04 5.077100e-19 1.000000e+25 
6.350000e+04 4.979636e-19 1.000000e+25 
6.375000e+04 4.885024e-19 1.000000e+25 
6.400000e+04 4.791996e-19 1.000000e+25 
6.425000e+04 4.701614e-19 1.000000e+25 
6.450000e+04 4.612724e-19 1.000000e+25 
6.475000e+04 4.526281e-19 1.000000e+25 
6.500000e+04 4.441240e-19 1.000000e+25 
6.525000e+04 4.358474e-19 1.000000e+25 
6.550000e+04 4.277027e-19 1.000000e+25 
6.575000e+04 4.197714e-19 1.000000e+25 
6.600000e+04 4.119650e-19 1.000000e+25 
6.625000e+04 4.043608e-19 1.000000e+25 
6.650000e+04 3.968755e-19 1.000000e+25 
6.675000e+04 3.895840e-19 1.000000e+25 
6.700000e+04 3.824058e-19 1.000000e+25 
6.725000e+04 3.754153e-19 1.000000e+25 
6.750000e+04 3.685335e-19 1.000000e+25 
6.775000e+04 3.618358e-19 1.000000e+25 
6.800000e+04 3.552432e-19 1.000000e+25 
6.825000e+04 3.488338e-19 1.000000e+25 
6.850000e+04 3.425268e-19 1.000000e+25 
6.875000e+04 3.364040e-19 1.000000e+25 
6.900000e+04 3.303819e-19 1.000000e+25 
6.925000e+04 3.245457e-19 1.000000e+25 
6.950000e+04 3.188090e-19 1.000000e+25 
6.975000e+04 3.132593e-19 1.000000e+25 
7.000000e+04 3.078077e-19 1.000000e+25 
7.025000e+04 3.025430e-19 1.000000e+25 
7.050000e+04 2.973750e-19 1.000000e+25 
7.075000e+04 2.923922e-19 1.000000e+25 
7.100000e+04 2.875045e-19 1.000000e+25 
7.125000e+04 2.827990e-19 1.000000e+25 
7.150000e+04 2.781872e-19 1.000000e+25 
7.175000e+04 2.737540e-19 1.000000e+25 
7.200000e+04 2.694132e-19 1.000000e+25 
7.225000e+04 2.652471e-19 1.000000e+25 
7.250000e+04 2.611726e-19 1.000000e+25 
7.275000e+04 2.572695e-19 1.000000e+25 
7.300000e+04 2.534573e-19 1.000000e+25 
7.325000e+04 2.498138e-19 1.000000e+25 
7.350000e+04 2.462611e-19 1.000000e+25 
7.375000e+04 2.428750e-19 1.000000e+25 
7.400000e+04 2.395799e-19 1.000000e+25 
7.425000e+04 2.364501e-19 1.000000e+25 
7.450000e+04 2.334120e-19 1.000000e+25 
7.475000e+04 2.305387e-19 1.000000e+25 
7.500000e+04 2.277580e-19 1.000000e+25 
7.525000e+04 2.251421e-19 1.000000e+25 
7.550000e+04 2.226200e-19 1.000000e+25 
7.575000e+04 2.202633e-19 1.000000e+25 
7.600000e+04 2.180017e-19 1.000000e+25 
7.625000e+04 2.159066e-19 1.000000e+25 
7.650000e+04 2.139081e-19 1.000000e+25 
7.675000e+04 2.120771e-19 1.000000e+25 
7.700000e+04 2.103444e-19 1.000000e+25 
7.725000e+04 2.087805e-19 1.000000e+25 
7.750000e+04 2.073164e-19 1.000000e+25 
7.775000e+04 2.060225e-19 1.000000e+25 
7.800000e+04 2.048298e-19 1.000000e+25 
7.825000e+04 2.038085e-19 1.000000e+25 
7.850000e+04 2.028897e-19 1.000000e+25 
7.875000e+04 2.021434e-19 1.000000e+25 
7.900000e+04 2.015005e-19 1.000000e+25 
7.925000e+04 2.010310e-19 1.000000e+25 
7.950000e+04 2.006656e-19 1.000000e+25 
7.975000e+04 2.004741e-19 1.000000e+25 
8.000000e+04 2.003871e-19 1.000000e+25 
