0.000000e+00 2.059184e-19 1.000000e+25 
4.166667e+02 2.061677e-19 1.000000e+25 
8.333333e+02 2.067156e-19 1.000000e+25 
1.250000e+03 2.077607e-19 1.000000e+25 
1.666667e+03 2.091016e-19 1.000000e+25 
2.083333e+03 2.109359e-19 1.000000e+25 
2.500000e+03 2.130608e-19 1.000000e+25 
2.916667e+03 2.156734e-19 1.000000e+25 
3.333333e+03 2.185697e-19 1.000000e+25 
3.750000e+03 2.219476e-19 1.000000e+25 
4.166667e+03 2.256017e-19 1.000000e+25 
4.583333e+03 2.297321e-19 1.000000e+25 
5.000000e+03 2.341316e-19 1.000000e+25 
5.416667e+03 2.390044e-19 1.000000e+25 
5.833333e+03 2.441405e-19 1.000000e+25 
6.250000e+03 2.497512e-19 1.000000e+25 
6.666667e+03 2.556217e-19 1.000000e+25 
7.083333e+03 2.619731e-19 1.000000e+25 
7.500000e+03 2.685839e-19 1.000000e+25 
7.916667e+03 2.756874e-19 1.000000e+25 
8.333333e+03 2.830528e-19 1.000000e+25 
8.750000e+03 2.909268e-19 1.000000e+25 
9.166667e+03 2.990681e-19 1.000000e+25 
9.583333e+03 3.077345e-19 1.000000e+25 
1.000000e+04 3.166751e-19 1.000000e+25 
1.041667e+04 3.261546e-19 1.000000e+25 
1.083333e+04 3.359171e-19 1.000000e+25 
1.125000e+04 3.462296e-19 1.000000e+25 
1.166667e+04 3.568359e-19 1.000000e+25 
1.208333e+04 3.680012e-19 1.000000e+25 
1.250000e+04 3.794734e-19 1.000000e+25 
1.291667e+04 3.915152e-19 1.000000e+25 
1.333333e+04 4.038815e-19 1.000000e+25 
1.375000e+04 4.168229e-19 1.000000e+25 
1.416667e+04 4.301063e-19 1.000000e+25 
1.458333e+04 4.439783e-19 1.000000e+25 
1.500000e+04 4.582183e-19 1.000000e+25 
1.541667e+04 4.730964e-19 1.000000e+25 
1.583333e+04 4.883840e-19 1.000000e+25 
1.625000e+04 5.043890e-19 1.000000e+25 
1.666667e+04 5.208486e-19 1.000000e+25 
1.708333e+04 5.380835e-19 1.000000e+25 
1.750000e+04 5.558020e-19 1.000000e+25 
1.791667e+04 5.742949e-19 1.000000e+25 
1.833333e+04 5.932823e-19 1.000000e+25 
1.875000e+04 6.130540e-19 1.000000e+25 
1.916667e+04 6.333566e-19 1.000000e+25 
1.958333e+04 6.545282e-19 1.000000e+25 
2.000000e+04 6.762835e-19 1.000000e+25 
2.041667e+04 6.991246e-19 1.000000e+25 
2.083333e+04 7.226366e-19 1.000000e+25 
2.125000e+04 7.475800e-19 1.000000e+25 
2.166667e+04 7.733104e-19 1.000000e+25 
2.208333e+04 8.009249e-19 1.000000e+25 
2.250000e+04 8.294664e-19 1.000000e+25 
2.291667e+04 8.605500e-19 1.000000e+25 
2.333333e+04 8.927804e-19 1.000000e+25 
2.375000e+04 9.284569e-19 1.000000e+25 
2.416667e+04 9.655682e-19 1.000000e+25 
2.458333e+04 1.007118e-18 1.000000e+25 
2.500000e+04 1.050369e-18 1.000000e+25 
2.541667e+04 1.098513e-18 1.000000e+25 
2.583333e+04 1.148398e-18 1.000000e+25 
2.625000e+04 1.202537e-18 1.000000e+25 
2.666667e+04 1.258135e-18 1.000000e+25 
2.708333e+04 1.315791e-18 1.000000e+25 
2.750000e+04 1.374544e-18 1.000000e+25 
2.791667e+04 1.433079e-18 1.000000e+25 
2.833333e+04 1.492125e-18 1.000000e+25 
2.875000e+04 1.546938e-18 1.000000e+25 
2.916667e+04 1.603731e-18 1.000000e+25 
2.958333e+04 1.662234e-18 1.000000e+25 
3.000000e+04 1.723210e-18 1.000000e+25 
3.041667e+04 1.769110e-18 1.000000e+25 
3.083333e+04 1.828738e-18 1.000000e+25 
3.125000e+04 1.886192e-18 1.000000e+25 
3.166667e+04 1.956713e-18 1.000000e+25 
3.208333e+04 2.020983e-18 1.000000e+25 
3.250000e+04 1.733987e-18 1.000000e+25 
3.291667e+04 5.457935e-18 6.059119e+24 
3.333333e+04 8.914664e-18 3.879333e+24 
3.375000e+04 6.005842e-17 6.143893e+23 
3.416667e+04 1.191669e-16 2.906351e+23 
3.458333e+04 5.897042e-16 6.031032e+22 
3.500000e+04 1.249118e-15 2.706358e+22 
3.541667e+04 3.946336e-15 8.553489e+21 
3.583333e+04 7.827153e-15 4.187102e+21 
3.625000e+04 1.377014e-14 2.283905e+21 
3.666667e+04 1.959645e-14 1.545663e+21 
3.708333e+04 1.699957e-14 1.691861e+21 
3.750000e+04 1.086317e-14 2.538548e+21 
3.791667e+04 4.423226e-15 6.072871e+21 
3.833333e+04 4.196949e-16 5.933749e+22 
3.875000e+04 2.639978e-16 1.066101e+23 
3.916667e+04 6.401864e-17 4.536761e+23 
3.958333e+04 6.334788e-17 4.590124e+23 
4.000000e+04 4.757912e-17 5.810459e+23 
4.041667e+04 6.334788e-17 4.590124e+23 
4.083333e+04 6.401864e-17 4.536761e+23 
4.125000e+04 2.639978e-16 1.066101e+23 
4.166667e+04 4.196949e-16 5.933749e+22 
4.208333e+04 4.423226e-15 6.072871e+21 
4.250000e+04 1.086317e-14 2.538548e+21 
4.291667e+04 1.699957e-14 1.691861e+21 
4.333333e+04 1.959645e-14 1.545663e+21 
4.375000e+04 1.377014e-14 2.283905e+21 
4.416667e+04 7.827153e-15 4.187102e+21 
4.458333e+04 3.946336e-15 8.553489e+21 
4.500000e+04 1.249118e-15 2.706358e+22 
4.541667e+04 5.897042e-16 6.031032e+22 
4.583333e+04 1.191669e-16 2.906351e+23 
4.625000e+04 6.005842e-17 6.143893e+23 
4.666667e+04 8.914664e-18 3.879333e+24 
4.708333e+04 5.457935e-18 6.059119e+24 
4.750000e+04 1.733987e-18 1.000000e+25 
4.791667e+04 2.020983e-18 1.000000e+25 
4.833333e+04 1.956713e-18 1.000000e+25 
4.875000e+04 1.886192e-18 1.000000e+25 
4.916667e+04 1.828738e-18 1.000000e+25 
4.958333e+04 1.769110e-18 1.000000e+25 
5.000000e+04 1.723210e-18 1.000000e+25 
5.041667e+04 1.662234e-18 1.000000e+25 
5.083333e+04 1.603731e-18 1.000000e+25 
5.125000e+04 1.546938e-18 1.000000e+25 
5.166667e+04 1.492125e-18 1.000000e+25 
5.208333e+04 1.433079e-18 1.000000e+25 
5.250000e+04 1.374544e-18 1.000000e+25 
5.291667e+04 1.315791e-18 1.000000e+25 
5.333333e+04 1.258135e-18 1.000000e+25 
5.375000e+04 1.202537e-18 1.000000e+25 
5.416667e+04 1.148398e-18 1.000000e+25 
5.458333e+04 1.098513e-18 1.000000e+25 
5.500000e+04 1.050369e-18 1.000000e+25 
5.541667e+04 1.007118e-18 1.000000e+25 
5.583333e+04 9.655682e-19 1.000000e+25 
5.625000e+04 9.284569e-19 1.000000e+25 
5.666667e+04 8.927804e-19 1.000000e+25 
5.708333e+04 8.605500e-19 1.000000e+25 
5.750000e+04 8.294664e-19 1.000000e+25 
5.791667e+04 8.009249e-19 1.000000e+25 
5.833333e+04 7.733104e-19 1.000000e+25 
5.875000e+04 7.475800e-19 1.000000e+25 
5.916667e+04 7.226366e-19 1.000000e+25 
5.958333e+04 6.991246e-19 1.000000e+25 
6.000000e+04 6.762835e-19 1.000000e+25 
6.041667e+04 6.545282e-19 1.000000e+25 
6.083333e+04 6.333566e-19 1.000000e+25 
6.125000e+04 6.130540e-19 1.000000e+25 
6.166667e+04 5.932823e-19 1.000000e+25 
6.208333e+04 5.742949e-19 1.000000e+25 
6.250000e+04 5.558020e-19 1.000000e+25 
6.291667e+04 5.380835e-19 1.000000e+25 
6.333333e+04 5.208486e-19 1.000000e+25 
6.375000e+04 5.043890e-19 1.000000e+25 
6.416667e+04 4.883840e-19 1.000000e+25 
6.458333e+04 4.730964e-19 1.000000e+25 
6.500000e+04 4.582183e-19 1.000000e+25 
6.541667e+04 4.439783e-19 1.000000e+25 
6.583333e+04 4.301063e-19 1.000000e+25 
6.625000e+04 4.168229e-19 1.000000e+25 
6.666667e+04 4.038815e-19 1.000000e+25 
6.708333e+04 3.915152e-19 1.000000e+25 
6.750000e+04 3.794734e-19 1.000000e+25 
6.791667e+04 3.680012e-19 1.000000e+25 
6.833333e+04 3.568359e-19 1.000000e+25 
6.875000e+04 3.462296e-19 1.000000e+25 
6.916667e+04 3.359171e-19 1.000000e+25 
6.958333e+04 3.261546e-19 1.000000e+25 
7.000000e+04 3.166751e-19 1.000000e+25 
7.041667e+04 3.077345e-19 1.000000e+25 
7.083333e+04 2.990681e-19 1.000000e+25 
7.125000e+04 2.909268e-19 1.000000e+25 
7.166667e+04 2.830528e-19 1.000000e+25 
7.208333e+04 2.756874e-19 1.000000e+25 
7.250000e+04 2.685839e-19 1.000000e+25 
7.291667e+04 2.619731e-19 1.000000e+25 
7.333333e+04 2.556217e-19 1.000000e+25 
7.375000e+04 2.497512e-19 1.000000e+25 
7.416667e+04 2.441405e-19 1.000000e+25 
7.458333e+04 2.390044e-19 1.000000e+25 
7.500000e+04 2.341316e-19 1.000000e+25 
7.541667e+04 2.297321e-19 1.000000e+25 
7.583333e+04 2.256017e-19 1.000000e+25 
7.625000e+04 2.219476e-19 1.000000e+25 
7.666667e+04 2.185697e-19 1.000000e+25 
7.708333e+04 2.156734e-19 1.000000e+25 
7.750000e+04 2.130608e-19 1.000000e+25 
7.791667e+04 2.109359e-19 1.000000e+25 
7.833333e+04 2.091016e-19 1.000000e+25 
7.875000e+04 2.077607e-19 1.000000e+25 
7.916667e+04 2.067156e-19 1.000000e+25 
7.958333e+04 2.061677e-19 1.000000e+25 
8.000000e+04 2.059184e-19 1.000000e+25 
