0.000000e+00 2.427765e-17 2.538946e+24 
1.562500e+02 2.427680e-17 2.538935e+24 
3.125000e+02 2.427419e-17 2.539060e+24 
4.687500e+02 2.426985e-17 2.539185e+24 
6.250000e+02 2.426363e-17 2.539457e+24 
7.812500e+02 2.425560e-17 2.539793e+24 
9.375000e+02 2.424547e-17 2.540295e+24 
1.093750e+03 2.423344e-17 2.540949e+24 
1.250000e+03 2.421910e-17 2.541789e+24 
1.406250e+03 2.420279e-17 2.542881e+24 
1.562500e+03 2.418405e-17 2.544170e+24 
1.718750e+03 2.416338e-17 2.545804e+24 
1.875000e+03 2.414026e-17 2.547631e+24 
2.031250e+03 2.411537e-17 2.549873e+24 
2.187500e+03 2.408822e-17 2.552290e+24 
2.343750e+03 2.405958e-17 2.555163e+24 
2.500000e+03 2.402904e-17 2.558171e+24 
2.656250e+03 2.399741e-17 2.561646e+24 
2.812500e+03 2.396442e-17 2.565202e+24 
2.968750e+03 2.393081e-17 2.569205e+24 
3.125000e+03 2.389649e-17 2.573221e+24 
3.281250e+03 2.386210e-17 2.577641e+24 
3.437500e+03 2.382770e-17 2.581998e+24 
3.593750e+03 2.379380e-17 2.586698e+24 
3.750000e+03 2.376063e-17 2.591254e+24 
3.906250e+03 2.372850e-17 2.596081e+24 
4.062500e+03 2.369782e-17 2.600684e+24 
4.218750e+03 2.366868e-17 2.605481e+24 
4.375000e+03 2.364166e-17 2.609976e+24 
4.531250e+03 2.361665e-17 2.614587e+24 
4.687500e+03 2.359434e-17 2.618824e+24 
4.843750e+03 2.357444e-17 2.623103e+24 
5.000000e+03 2.355776e-17 2.626943e+24 
5.156250e+03 2.354383e-17 2.630755e+24 
5.312500e+03 2.353354e-17 2.634071e+24 
5.468750e+03 2.352630e-17 2.637298e+24 
5.625000e+03 2.352304e-17 2.639980e+24 
5.781250e+03 2.352307e-17 2.642518e+24 
5.937500e+03 2.352734e-17 2.644472e+24 
6.093750e+03 2.353511e-17 2.646235e+24 
6.250000e+03 2.354731e-17 2.647381e+24 
6.406250e+03 2.356318e-17 2.648298e+24 
6.562500e+03 2.358362e-17 2.648574e+24 
6.718750e+03 2.360789e-17 2.648587e+24 
6.875000e+03 2.363681e-17 2.647944e+24 
7.031250e+03 2.366971e-17 2.647010e+24 
7.187500e+03 2.370731e-17 2.645409e+24 
7.343750e+03 2.374903e-17 2.643496e+24 
7.500000e+03 2.379545e-17 2.640911e+24 
7.656250e+03 2.384615e-17 2.637995e+24 
7.812500e+03 2.390156e-17 2.634407e+24 
7.968750e+03 2.396140e-17 2.630473e+24 
8.125000e+03 2.402593e-17 2.625871e+24 
8.281250e+03 2.409509e-17 2.620909e+24 
8.437500e+03 2.416891e-17 2.615287e+24 
8.593750e+03 2.424756e-17 2.609292e+24 
8.750000e+03 2.433086e-17 2.602645e+24 
8.906250e+03 2.441925e-17 2.595615e+24 
9.062500e+03 2.451226e-17 2.587943e+24 
9.218750e+03 2.461065e-17 2.579874e+24 
9.375000e+03 2.471367e-17 2.571177e+24 
9.531250e+03 2.482242e-17 2.562068e+24 
9.687500e+03 2.493579e-17 2.552343e+24 
9.843750e+03 2.505532e-17 2.542190e+24 
1.000000e+04 2.517950e-17 2.531434e+24 
1.015625e+04 2.531031e-17 2.520229e+24 
1.031250e+04 2.544583e-17 2.508434e+24 
1.046875e+04 2.558856e-17 2.496166e+24 
1.062500e+04 2.573606e-17 2.483321e+24 
1.078125e+04 2.589144e-17 2.469973e+24 
1.093750e+04 2.605171e-17 2.456062e+24 
1.109375e+04 2.622062e-17 2.441612e+24 
1.125000e+04 2.639458e-17 2.426612e+24 
1.140625e+04 2.657805e-17 2.411034e+24 
1.156250e+04 2.676676e-17 2.394918e+24 
1.171875e+04 2.696601e-17 2.378179e+24 
1.187500e+04 2.717072e-17 2.360913e+24 
1.203125e+04 2.738712e-17 2.342977e+24 
1.218750e+04 2.760928e-17 2.324528e+24 
1.234375e+04 2.784441e-17 2.305355e+24 
1.250000e+04 2.808565e-17 2.285685e+24 
1.265625e+04 2.834131e-17 2.265239e+24 
1.281250e+04 2.860349e-17 2.244311e+24 
1.296875e+04 2.888170e-17 2.222555e+24 
1.312500e+04 2.916688e-17 2.200339e+24 
1.328125e+04 2.946989e-17 2.177245e+24 
1.343750e+04 2.978041e-17 2.153716e+24 
1.359375e+04 3.011072e-17 2.129265e+24 
1.375000e+04 3.044912e-17 2.104411e+24 
1.390625e+04 3.080950e-17 2.078597e+24 
1.406250e+04 3.117861e-17 2.052420e+24 
1.421875e+04 3.157209e-17 2.025256e+24 
1.437500e+04 3.197500e-17 1.997776e+24 
1.453125e+04 3.240488e-17 1.969293e+24 
1.468750e+04 3.284498e-17 1.940550e+24 
1.484375e+04 3.331490e-17 1.910800e+24 
1.500000e+04 3.379586e-17 1.880857e+24 
1.515625e+04 3.430976e-17 1.849916e+24 
1.531250e+04 3.483560e-17 1.818855e+24 
1.546875e+04 3.539779e-17 1.786821e+24 
1.562500e+04 3.597287e-17 1.754749e+24 
1.578125e+04 3.658804e-17 1.721739e+24 
1.593750e+04 3.721712e-17 1.688783e+24 
1.609375e+04 3.789037e-17 1.654935e+24 
1.625000e+04 3.857863e-17 1.621238e+24 
1.640625e+04 3.931555e-17 1.586706e+24 
1.656250e+04 4.006865e-17 1.552426e+24 
1.671875e+04 4.087532e-17 1.517378e+24 
1.687500e+04 4.169946e-17 1.482685e+24 
1.703125e+04 4.258256e-17 1.447298e+24 
1.718750e+04 4.348449e-17 1.412369e+24 
1.734375e+04 4.445132e-17 1.376825e+24 
1.750000e+04 4.543847e-17 1.341841e+24 
1.765625e+04 4.649704e-17 1.306325e+24 
1.781250e+04 4.757755e-17 1.271468e+24 
1.796875e+04 4.873665e-17 1.236163e+24 
1.812500e+04 4.991947e-17 1.201610e+24 
1.828125e+04 5.118876e-17 1.166695e+24 
1.843750e+04 5.248371e-17 1.132618e+24 
1.859375e+04 5.387381e-17 1.098262e+24 
1.875000e+04 5.529169e-17 1.064822e+24 
1.890625e+04 5.681425e-17 1.031184e+24 
1.906250e+04 5.836696e-17 9.985300e+23 
1.921875e+04 6.003482e-17 9.657561e+23 
1.937500e+04 6.173544e-17 9.340233e+23 
1.953125e+04 6.356273e-17 9.022429e+23 
1.968750e+04 6.542567e-17 8.715496e+23 
1.984375e+04 6.742793e-17 8.408754e+23 
2.000000e+04 6.946909e-17 8.113225e+23 
2.015625e+04 7.166349e-17 7.818486e+23 
2.031250e+04 7.390038e-17 7.535187e+23 
2.046875e+04 7.630583e-17 7.253207e+23 
2.062500e+04 7.875781e-17 6.982779e+23 
2.078125e+04 8.139518e-17 6.714127e+23 
2.093750e+04 8.408362e-17 6.457029e+23 
2.109375e+04 8.697597e-17 6.202092e+23 
2.125000e+04 8.992448e-17 5.958613e+23 
2.140625e+04 9.309729e-17 5.717610e+23 
2.156250e+04 9.633198e-17 5.487877e+23 
2.171875e+04 9.981338e-17 5.260868e+23 
2.187500e+04 1.033631e-16 5.044863e+23 
2.203125e+04 1.071842e-16 4.831767e+23 
2.218750e+04 1.110809e-16 4.629340e+23 
2.234375e+04 1.152761e-16 4.429950e+23 
2.250000e+04 1.195552e-16 4.240839e+23 
2.265625e+04 1.241626e-16 4.054841e+23 
2.281250e+04 1.288632e-16 3.878687e+23 
2.296875e+04 1.339250e-16 3.705676e+23 
2.312500e+04 1.390905e-16 3.542041e+23 
2.328125e+04 1.446534e-16 3.381541e+23 
2.343750e+04 1.503320e-16 3.229925e+23 
2.359375e+04 1.564479e-16 3.081402e+23 
2.375000e+04 1.626931e-16 2.941259e+23 
2.390625e+04 1.694195e-16 2.804141e+23 
2.406250e+04 1.762905e-16 2.674893e+23 
2.421875e+04 1.836913e-16 2.548582e+23 
2.437500e+04 1.912540e-16 2.429633e+23 
2.453125e+04 1.993996e-16 2.313518e+23 
2.468750e+04 2.077268e-16 2.204266e+23 
2.484375e+04 2.166953e-16 2.097735e+23 
2.500000e+04 2.258678e-16 1.997579e+23 
2.515625e+04 2.357452e-16 1.900027e+23 
2.531250e+04 2.458518e-16 1.808376e+23 
2.546875e+04 2.567328e-16 1.719208e+23 
2.562500e+04 2.678715e-16 1.635488e+23 
2.578125e+04 2.798599e-16 1.554131e+23 
2.593750e+04 2.921379e-16 1.477786e+23 
2.609375e+04 3.053477e-16 1.403682e+23 
2.625000e+04 3.188825e-16 1.334178e+23 
2.640625e+04 3.334378e-16 1.266796e+23 
2.656250e+04 3.483578e-16 1.203623e+23 
2.671875e+04 3.643942e-16 1.142452e+23 
2.687500e+04 3.808392e-16 1.085123e+23 
2.703125e+04 3.985045e-16 1.029680e+23 
2.718750e+04 4.166268e-16 9.777335e+22 
2.734375e+04 4.360819e-16 9.275579e+22 
2.750000e+04 4.560473e-16 8.805562e+22 
2.765625e+04 4.774683e-16 8.352123e+22 
2.781250e+04 4.994577e-16 7.927429e+22 
2.796875e+04 5.230373e-16 7.518196e+22 
2.812500e+04 5.472490e-16 7.134935e+22 
2.828125e+04 5.732001e-16 6.766032e+22 
2.843750e+04 5.998528e-16 6.420550e+22 
2.859375e+04 6.284123e-16 6.088337e+22 
2.875000e+04 6.577496e-16 5.777206e+22 
2.890625e+04 6.891842e-16 5.478268e+22 
2.906250e+04 7.214804e-16 5.198282e+22 
2.921875e+04 7.560943e-16 4.929427e+22 
2.937500e+04 7.916625e-16 4.677594e+22 
2.953125e+04 8.298071e-16 4.435848e+22 
2.968750e+04 8.690096e-16 4.209385e+22 
2.984375e+04 9.110955e-16 3.991984e+22 
3.000000e+04 9.543563e-16 3.788316e+22 
3.015625e+04 1.000867e-15 3.592712e+22 
3.031250e+04 1.048686e-15 3.409463e+22 
3.046875e+04 1.100192e-15 3.233322e+22 
3.062500e+04 1.153160e-15 3.068325e+22 
3.078125e+04 1.210333e-15 2.909530e+22 
3.093750e+04 1.269145e-15 2.760824e+22 
3.109375e+04 1.332765e-15 2.617485e+22 
3.125000e+04 1.398226e-15 2.483320e+22 
3.140625e+04 1.469183e-15 2.353773e+22 
3.156250e+04 1.542206e-15 2.232614e+22 
3.171875e+04 1.621487e-15 2.115426e+22 
3.187500e+04 1.703077e-15 2.005947e+22 
3.203125e+04 1.791727e-15 1.899907e+22 
3.218750e+04 1.882941e-15 1.800984e+22 
3.234375e+04 1.982006e-15 1.705087e+22 
3.250000e+04 2.083883e-15 1.615780e+22 
3.265625e+04 2.194319e-15 1.529199e+22 
3.281250e+04 2.307784e-15 1.448723e+22 
3.296875e+04 2.430323e-15 1.370776e+22 
3.312500e+04 2.556051e-15 1.298470e+22 
3.328125e+04 2.691038e-15 1.228583e+22 
3.343750e+04 2.829278e-15 1.163874e+22 
3.359375e+04 2.976465e-15 1.101540e+22 
3.375000e+04 3.126834e-15 1.043916e+22 
3.390625e+04 3.285135e-15 9.886734e+21 
3.406250e+04 3.446374e-15 9.376593e+21 
3.421875e+04 3.613596e-15 8.890711e+21 
3.437500e+04 3.783297e-15 8.442205e+21 
3.453125e+04 3.955845e-15 8.018691e+21 
3.468750e+04 4.130164e-15 7.627623e+21 
3.484375e+04 4.302750e-15 7.262574e+21 
3.500000e+04 4.476122e-15 6.925106e+21 
3.515625e+04 4.641494e-15 6.615050e+21 
3.531250e+04 4.806387e-15 6.327885e+21 
3.546875e+04 4.955154e-15 6.070023e+21 
3.562500e+04 5.101914e-15 5.830663e+21 
3.578125e+04 5.222550e-15 5.623215e+21 
3.593750e+04 5.339448e-15 5.430334e+21 
3.609375e+04 5.418618e-15 5.273013e+21 
3.625000e+04 5.492231e-15 5.127009e+21 
3.640625e+04 5.515647e-15 5.021740e+21 
3.656250e+04 5.531781e-15 4.925628e+21 
3.671875e+04 5.485835e-15 4.877700e+21 
3.687500e+04 5.431228e-15 4.838624e+21 
3.703125e+04 5.305651e-15 4.858645e+21 
3.718750e+04 5.170698e-15 4.890568e+21 
3.734375e+04 4.962370e-15 4.997841e+21 
3.750000e+04 4.744993e-15 5.126368e+21 
3.765625e+04 4.462687e-15 5.354546e+21 
3.781250e+04 4.173169e-15 5.625066e+21 
3.796875e+04 3.842220e-15 6.030017e+21 
3.812500e+04 3.508123e-15 6.517918e+21 
3.828125e+04 3.172586e-15 7.180020e+21 
3.843750e+04 2.841192e-15 7.984689e+21 
3.859375e+04 2.558246e-15 8.967610e+21 
3.875000e+04 2.289670e-15 1.012085e+22 
3.890625e+04 2.107960e-15 1.132570e+22 
3.906250e+04 1.947046e-15 1.260083e+22 
3.921875e+04 1.871394e-15 1.371659e+22 
3.937500e+04 1.810045e-15 1.478724e+22 
3.953125e+04 1.801061e-15 1.561435e+22 
3.968750e+04 1.793025e-15 1.642998e+22 
3.984375e+04 1.795745e-15 1.680759e+22 
4.000000e+04 1.802130e-15 1.715620e+22 
4.015625e+04 1.795745e-15 1.680759e+22 
4.031250e+04 1.793025e-15 1.642998e+22 
4.046875e+04 1.801061e-15 1.561435e+22 
4.062500e+04 1.810045e-15 1.478724e+22 
4.078125e+04 1.871394e-15 1.371659e+22 
4.093750e+04 1.947046e-15 1.260083e+22 
4.109375e+04 2.107960e-15 1.132570e+22 
4.125000e+04 2.289670e-15 1.012085e+22 
4.140625e+04 2.558246e-15 8.967610e+21 
4.156250e+04 2.841192e-15 7.984689e+21 
4.171875e+04 3.172586e-15 7.180020e+21 
4.187500e+04 3.508123e-15 6.517918e+21 
4.203125e+04 3.842220e-15 6.030017e+21 
4.218750e+04 4.173169e-15 5.625066e+21 
4.234375e+04 4.462687e-15 5.354546e+21 
4.250000e+04 4.744993e-15 5.126368e+21 
4.265625e+04 4.962370e-15 4.997841e+21 
4.281250e+04 5.170698e-15 4.890568e+21 
4.296875e+04 5.305651e-15 4.858645e+21 
4.312500e+04 5.431228e-15 4.838624e+21 
4.328125e+04 5.485835e-15 4.877700e+21 
4.343750e+04 5.531781e-15 4.925628e+21 
4.359375e+04 5.515647e-15 5.021740e+21 
4.375000e+04 5.492231e-15 5.127009e+21 
4.390625e+04 5.418618e-15 5.273013e+21 
4.406250e+04 5.339448e-15 5.430334e+21 
4.421875e+04 5.222550e-15 5.623215e+21 
4.437500e+04 5.101914e-15 5.830663e+21 
4.453125e+04 4.955154e-15 6.070023e+21 
4.468750e+04 4.806387e-15 6.327885e+21 
4.484375e+04 4.641494e-15 6.615050e+21 
4.500000e+04 4.476122e-15 6.925106e+21 
4.515625e+04 4.302750e-15 7.262574e+21 
4.531250e+04 4.130164e-15 7.627623e+21 
4.546875e+04 3.955845e-15 8.018691e+21 
4.562500e+04 3.783297e-15 8.442205e+21 
4.578125e+04 3.613596e-15 8.890711e+21 
4.593750e+04 3.446374e-15 9.376593e+21 
4.609375e+04 3.285135e-15 9.886734e+21 
4.625000e+04 3.126834e-15 1.043916e+22 
4.640625e+04 2.976465e-15 1.101540e+22 
4.656250e+04 2.829278e-15 1.163874e+22 
4.671875e+04 2.691038e-15 1.228583e+22 
4.687500e+04 2.556051e-15 1.298470e+22 
4.703125e+04 2.430323e-15 1.370776e+22 
4.718750e+04 2.307784e-15 1.448723e+22 
4.734375e+04 2.194319e-15 1.529199e+22 
4.750000e+04 2.083883e-15 1.615780e+22 
4.765625e+04 1.982006e-15 1.705087e+22 
4.781250e+04 1.882941e-15 1.800984e+22 
4.796875e+04 1.791727e-15 1.899907e+22 
4.812500e+04 1.703077e-15 2.005947e+22 
4.828125e+04 1.621487e-15 2.115426e+22 
4.843750e+04 1.542206e-15 2.232614e+22 
4.859375e+04 1.469183e-15 2.353773e+22 
4.875000e+04 1.398226e-15 2.483320e+22 
4.890625e+04 1.332765e-15 2.617485e+22 
4.906250e+04 1.269145e-15 2.760824e+22 
4.921875e+04 1.210333e-15 2.909530e+22 
4.937500e+04 1.153160e-15 3.068325e+22 
4.953125e+04 1.100192e-15 3.233322e+22 
4.968750e+04 1.048686e-15 3.409463e+22 
4.984375e+04 1.000867e-15 3.592712e+22 
5.000000e+04 9.543563e-16 3.788316e+22 
5.015625e+04 9.110955e-16 3.991984e+22 
5.031250e+04 8.690096e-16 4.209385e+22 
5.046875e+04 8.298071e-16 4.435848e+22 
5.062500e+04 7.916625e-16 4.677594e+22 
5.078125e+04 7.560943e-16 4.929427e+22 
5.093750e+04 7.214804e-16 5.198282e+22 
5.109375e+04 6.891842e-16 5.478268e+22 
5.125000e+04 6.577496e-16 5.777206e+22 
5.140625e+04 6.284123e-16 6.088337e+22 
5.156250e+04 5.998528e-16 6.420550e+22 
5.171875e+04 5.732001e-16 6.766032e+22 
5.187500e+04 5.472490e-16 7.134935e+22 
5.203125e+04 5.230373e-16 7.518196e+22 
5.218750e+04 4.994577e-16 7.927429e+22 
5.234375e+04 4.774683e-16 8.352123e+22 
5.250000e+04 4.560473e-16 8.805562e+22 
5.265625e+04 4.360819e-16 9.275579e+22 
5.281250e+04 4.166268e-16 9.777335e+22 
5.296875e+04 3.985045e-16 1.029680e+23 
5.312500e+04 3.808392e-16 1.085123e+23 
5.328125e+04 3.643942e-16 1.142452e+23 
5.343750e+04 3.483578e-16 1.203623e+23 
5.359375e+04 3.334378e-16 1.266796e+23 
5.375000e+04 3.188825e-16 1.334178e+23 
5.390625e+04 3.053477e-16 1.403682e+23 
5.406250e+04 2.921379e-16 1.477786e+23 
5.421875e+04 2.798599e-16 1.554131e+23 
5.437500e+04 2.678715e-16 1.635488e+23 
5.453125e+04 2.567328e-16 1.719208e+23 
5.468750e+04 2.458518e-16 1.808376e+23 
5.484375e+04 2.357452e-16 1.900027e+23 
5.500000e+04 2.258678e-16 1.997579e+23 
5.515625e+04 2.166953e-16 2.097735e+23 
5.531250e+04 2.077268e-16 2.204266e+23 
5.546875e+04 1.993996e-16 2.313518e+23 
5.562500e+04 1.912540e-16 2.429633e+23 
5.578125e+04 1.836913e-16 2.548582e+23 
5.593750e+04 1.762905e-16 2.674893e+23 
5.609375e+04 1.694195e-16 2.804141e+23 
5.625000e+04 1.626931e-16 2.941259e+23 
5.640625e+04 1.564479e-16 3.081402e+23 
5.656250e+04 1.503320e-16 3.229925e+23 
5.671875e+04 1.446534e-16 3.381541e+23 
5.687500e+04 1.390905e-16 3.542041e+23 
5.703125e+04 1.339250e-16 3.705676e+23 
5.718750e+04 1.288632e-16 3.878687e+23 
5.734375e+04 1.241626e-16 4.054841e+23 
5.750000e+04 1.195552e-16 4.240839e+23 
5.765625e+04 1.152761e-16 4.429950e+23 
5.781250e+04 1.110809e-16 4.629340e+23 
5.796875e+04 1.071842e-16 4.831767e+23 
5.812500e+04 1.033631e-16 5.044863e+23 
5.828125e+04 9.981338e-17 5.260868e+23 
5.843750e+04 9.633198e-17 5.487877e+23 
5.859375e+04 9.309729e-17 5.717610e+23 
5.875000e+04 8.992448e-17 5.958613e+23 
5.890625e+04 8.697597e-17 6.202092e+23 
5.906250e+04 8.408362e-17 6.457029e+23 
5.921875e+04 8.139518e-17 6.714127e+23 
5.937500e+04 7.875781e-17 6.982779e+23 
5.953125e+04 7.630583e-17 7.253207e+23 
5.968750e+04 7.390038e-17 7.535187e+23 
5.984375e+04 7.166349e-17 7.818486e+23 
6.000000e+04 6.946909e-17 8.113225e+23 
6.015625e+04 6.742793e-17 8.408754e+23 
6.031250e+04 6.542567e-17 8.715496e+23 
6.046875e+04 6.356273e-17 9.022429e+23 
6.062500e+04 6.173544e-17 9.340233e+23 
6.078125e+04 6.003482e-17 9.657561e+23 
6.093750e+04 5.836696e-17 9.985300e+23 
6.109375e+04 5.681425e-17 1.031184e+24 
6.125000e+04 5.529169e-17 1.064822e+24 
6.140625e+04 5.387381e-17 1.098262e+24 
6.156250e+04 5.248371e-17 1.132618e+24 
6.171875e+04 5.118876e-17 1.166695e+24 
6.187500e+04 4.991947e-17 1.201610e+24 
6.203125e+04 4.873665e-17 1.236163e+24 
6.218750e+04 4.757755e-17 1.271468e+24 
6.234375e+04 4.649704e-17 1.306325e+24 
6.250000e+04 4.543847e-17 1.341841e+24 
6.265625e+04 4.445132e-17 1.376825e+24 
6.281250e+04 4.348449e-17 1.412369e+24 
6.296875e+04 4.258256e-17 1.447298e+24 
6.312500e+04 4.169946e-17 1.482685e+24 
6.328125e+04 4.087532e-17 1.517378e+24 
6.343750e+04 4.006865e-17 1.552426e+24 
6.359375e+04 3.931555e-17 1.586706e+24 
6.375000e+04 3.857863e-17 1.621238e+24 
6.390625e+04 3.789037e-17 1.654935e+24 
6.406250e+04 3.721712e-17 1.688783e+24 
6.421875e+04 3.658804e-17 1.721739e+24 
6.437500e+04 3.597287e-17 1.754749e+24 
6.453125e+04 3.539779e-17 1.786821e+24 
6.468750e+04 3.483560e-17 1.818855e+24 
6.484375e+04 3.430976e-17 1.849916e+24 
6.500000e+04 3.379586e-17 1.880857e+24 
6.515625e+04 3.331490e-17 1.910800e+24 
6.531250e+04 3.284498e-17 1.940550e+24 
6.546875e+04 3.240488e-17 1.969293e+24 
6.562500e+04 3.197500e-17 1.997776e+24 
6.578125e+04 3.157209e-17 2.025256e+24 
6.593750e+04 3.117861e-17 2.052420e+24 
6.609375e+04 3.080950e-17 2.078597e+24 
6.625000e+04 3.044912e-17 2.104411e+24 
6.640625e+04 3.011072e-17 2.129265e+24 
6.656250e+04 2.978041e-17 2.153716e+24 
6.671875e+04 2.946989e-17 2.177245e+24 
6.687500e+04 2.916688e-17 2.200339e+24 
6.703125e+04 2.888170e-17 2.222555e+24 
6.718750e+04 2.860349e-17 2.244311e+24 
6.734375e+04 2.834131e-17 2.265239e+24 
6.750000e+04 2.808565e-17 2.285685e+24 
6.765625e+04 2.784441e-17 2.305355e+24 
6.781250e+04 2.760928e-17 2.324528e+24 
6.796875e+04 2.738712e-17 2.342977e+24 
6.812500e+04 2.717072e-17 2.360913e+24 
6.828125e+04 2.696601e-17 2.378179e+24 
6.843750e+04 2.676676e-17 2.394918e+24 
6.859375e+04 2.657805e-17 2.411034e+24 
6.875000e+04 2.639458e-17 2.426612e+24 
6.890625e+04 2.622062e-17 2.441612e+24 
6.906250e+04 2.605171e-17 2.456062e+24 
6.921875e+04 2.589144e-17 2.469973e+24 
6.937500e+04 2.573606e-17 2.483321e+24 
6.953125e+04 2.558856e-17 2.496166e+24 
6.968750e+04 2.544583e-17 2.508434e+24 
6.984375e+04 2.531031e-17 2.520229e+24 
7.000000e+04 2.517950e-17 2.531434e+24 
7.015625e+04 2.505532e-17 2.542190e+24 
7.031250e+04 2.493579e-17 2.552343e+24 
7.046875e+04 2.482242e-17 2.562068e+24 
7.062500e+04 2.471367e-17 2.571177e+24 
7.078125e+04 2.461065e-17 2.579874e+24 
7.093750e+04 2.451226e-17 2.587943e+24 
7.109375e+04 2.441925e-17 2.595615e+24 
7.125000e+04 2.433086e-17 2.602645e+24 
7.140625e+04 2.424756e-17 2.609292e+24 
7.156250e+04 2.416891e-17 2.615287e+24 
7.171875e+04 2.409509e-17 2.620909e+24 
7.187500e+04 2.402593e-17 2.625871e+24 
7.203125e+04 2.396140e-17 2.630473e+24 
7.218750e+04 2.390156e-17 2.634407e+24 
7.234375e+04 2.384615e-17 2.637995e+24 
7.250000e+04 2.379545e-17 2.640911e+24 
7.265625e+04 2.374903e-17 2.643496e+24 
7.281250e+04 2.370731e-17 2.645409e+24 
7.296875e+04 2.366971e-17 2.647010e+24 
7.312500e+04 2.363681e-17 2.647944e+24 
7.328125e+04 2.360789e-17 2.648587e+24 
7.343750e+04 2.358362e-17 2.648574e+24 
7.359375e+04 2.356318e-17 2.648298e+24 
7.375000e+04 2.354731e-17 2.647381e+24 
7.390625e+04 2.353511e-17 2.646235e+24 
7.406250e+04 2.352734e-17 2.644472e+24 
7.421875e+04 2.352307e-17 2.642518e+24 
7.437500e+04 2.352304e-17 2.639980e+24 
7.453125e+04 2.352630e-17 2.637298e+24 
7.468750e+04 2.353354e-17 2.634071e+24 
7.484375e+04 2.354383e-17 2.630755e+24 
7.500000e+04 2.355776e-17 2.626943e+24 
7.515625e+04 2.357444e-17 2.623103e+24 
7.531250e+04 2.359434e-17 2.618824e+24 
7.546875e+04 2.361665e-17 2.614587e+24 
7.562500e+04 2.364166e-17 2.609976e+24 
7.578125e+04 2.366868e-17 2.605481e+24 
7.593750e+04 2.369782e-17 2.600684e+24 
7.609375e+04 2.372850e-17 2.596081e+24 
7.625000e+04 2.376063e-17 2.591254e+24 
7.640625e+04 2.379380e-17 2.586698e+24 
7.656250e+04 2.382770e-17 2.581998e+24 
7.671875e+04 2.386210e-17 2.577641e+24 
7.687500e+04 2.389649e-17 2.573221e+24 
7.703125e+04 2.393081e-17 2.569205e+24 
7.718750e+04 2.396442e-17 2.565202e+24 
7.734375e+04 2.399741e-17 2.561646e+24 
7.750000e+04 2.402904e-17 2.558171e+24 
7.765625e+04 2.405958e-17 2.555163e+24 
7.781250e+04 2.408822e-17 2.552290e+24 
7.796875e+04 2.411537e-17 2.549873e+24 
7.812500e+04 2.414026e-17 2.547631e+24 
7.828125e+04 2.416338e-17 2.545804e+24 
7.843750e+04 2.418405e-17 2.544170e+24 
7.859375e+04 2.420279e-17 2.542881e+24 
7.875000e+04 2.421910e-17 2.541789e+24 
7.890625e+04 2.423344e-17 2.540949e+24 
7.906250e+04 2.424547e-17 2.540295e+24 
7.921875e+04 2.425560e-17 2.539793e+24 
7.937500e+04 2.426363e-17 2.539457e+24 
7.953125e+04 2.426985e-17 2.539185e+24 
7.968750e+04 2.427419e-17 2.539060e+24 
7.984375e+04 2.427680e-17 2.538935e+24 
8.000000e+04 2.427765e-17 2.538946e+24 
