0.000000e+00 1.960246e-19 1.000000e+25 
2.500000e+02 1.961096e-19 1.000000e+25 
5.000000e+02 1.962971e-19 1.000000e+25 
7.500000e+02 1.966546e-19 1.000000e+25 
1.000000e+03 1.971141e-19 1.000000e+25 
1.250000e+03 1.977431e-19 1.000000e+25 
1.500000e+03 1.984735e-19 1.000000e+25 
1.750000e+03 1.993726e-19 1.000000e+25 
2.000000e+03 2.003721e-19 1.000000e+25 
2.250000e+03 2.015392e-19 1.000000e+25 
2.500000e+03 2.028055e-19 1.000000e+25 
2.750000e+03 2.042383e-19 1.000000e+25 
3.000000e+03 2.057689e-19 1.000000e+25 
3.250000e+03 2.074645e-19 1.000000e+25 
3.500000e+03 2.092566e-19 1.000000e+25 
3.750000e+03 2.112123e-19 1.000000e+25 
4.000000e+03 2.132630e-19 1.000000e+25 
4.250000e+03 2.154761e-19 1.000000e+25 
4.500000e+03 2.177826e-19 1.000000e+25 
4.750000e+03 2.202506e-19 1.000000e+25 
5.000000e+03 2.228106e-19 1.000000e+25 
5.250000e+03 2.255315e-19 1.000000e+25 
5.500000e+03 2.283431e-19 1.000000e+25 
5.750000e+03 2.313153e-19 1.000000e+25 
6.000000e+03 2.343774e-19 1.000000e+25 
6.250000e+03 2.376004e-19 1.000000e+25 
6.500000e+03 2.409126e-19 1.000000e+25 
6.750000e+03 2.443868e-19 1.000000e+25 
7.000000e+03 2.479497e-19 1.000000e+25 
7.250000e+03 2.516764e-19 1.000000e+25 
7.500000e+03 2.554919e-19 1.000000e+25 
7.750000e+03 2.594736e-19 1.000000e+25 
8.000000e+03 2.635446e-19 1.000000e+25 
8.250000e+03 2.677850e-19 1.000000e+25 
8.500000e+03 2.721156e-19 1.000000e+25 
8.750000e+03 2.766192e-19 1.000000e+25 
9.000000e+03 2.812142e-19 1.000000e+25 
9.250000e+03 2.859862e-19 1.000000e+25 
9.500000e+03 2.908511e-19 1.000000e+25 
9.750000e+03 2.958966e-19 1.000000e+25 
1.000000e+04 3.010365e-19 1.000000e+25 
1.025000e+04 3.063599e-19 1.000000e+25 
1.050000e+04 3.117792e-19 1.000000e+25 
1.075000e+04 3.173835e-19 1.000000e+25 
1.100000e+04 3.230849e-19 1.000000e+25 
1.125000e+04 3.289713e-19 1.000000e+25 
1.150000e+04 3.349559e-19 1.000000e+25 
1.175000e+04 3.411243e-19 1.000000e+25 
1.200000e+04 3.473920e-19 1.000000e+25 
1.225000e+04 3.538419e-19 1.000000e+25 
1.250000e+04 3.603929e-19 1.000000e+25 
1.275000e+04 3.671254e-19 1.000000e+25 
1.300000e+04 3.739613e-19 1.000000e+25 
1.325000e+04 3.809803e-19 1.000000e+25 
1.350000e+04 3.881060e-19 1.000000e+25 
1.375000e+04 3.954187e-19 1.000000e+25 
1.400000e+04 4.028423e-19 1.000000e+25 
1.425000e+04 4.104594e-19 1.000000e+25 
1.450000e+04 4.181921e-19 1.000000e+25 
1.475000e+04 4.261277e-19 1.000000e+25 
1.500000e+04 4.341843e-19 1.000000e+25 
1.525000e+04 4.424562e-19 1.000000e+25 
1.550000e+04 4.508557e-19 1.000000e+25 
1.575000e+04 4.594865e-19 1.000000e+25 
1.600000e+04 4.682523e-19 1.000000e+25 
1.625000e+04 4.772697e-19 1.000000e+25 
1.650000e+04 4.864302e-19 1.000000e+25 
1.675000e+04 4.958662e-19 1.000000e+25 
1.700000e+04 5.054542e-19 1.000000e+25 
1.725000e+04 5.153452e-19 1.000000e+25 
1.750000e+04 5.253978e-19 1.000000e+25 
1.775000e+04 5.357855e-19 1.000000e+25 
1.800000e+04 5.463456e-19 1.000000e+25 
1.825000e+04 5.572795e-19 1.000000e+25 
1.850000e+04 5.683989e-19 1.000000e+25 
1.875000e+04 5.799414e-19 1.000000e+25 
1.900000e+04 5.916859e-19 1.000000e+25 
1.925000e+04 6.039188e-19 1.000000e+25 
1.950000e+04 6.163759e-19 1.000000e+25 
1.975000e+04 6.294086e-19 1.000000e+25 
2.000000e+04 6.426952e-19 1.000000e+25 
2.025000e+04 6.566700e-19 1.000000e+25 
2.050000e+04 6.709363e-19 1.000000e+25 
2.075000e+04 6.860244e-19 1.000000e+25 
2.100000e+04 7.014472e-19 1.000000e+25 
2.125000e+04 7.178301e-19 1.000000e+25 
2.150000e+04 7.345904e-19 1.000000e+25 
2.175000e+04 7.524262e-19 1.000000e+25 
2.200000e+04 7.706732e-19 1.000000e+25 
2.225000e+04 7.900548e-19 1.000000e+25 
2.250000e+04 8.098653e-19 1.000000e+25 
2.275000e+04 8.307854e-19 1.000000e+25 
2.300000e+04 8.521335e-19 1.000000e+25 
2.325000e+04 8.744728e-19 1.000000e+25 
2.350000e+04 8.972255e-19 1.000000e+25 
2.375000e+04 9.207717e-19 1.000000e+25 
2.400000e+04 9.447144e-19 1.000000e+25 
2.425000e+04 9.692067e-19 1.000000e+25 
2.450000e+04 9.940916e-19 1.000000e+25 
2.475000e+04 1.019280e-18 1.000000e+25 
2.500000e+04 1.044885e-18 1.000000e+25 
2.525000e+04 1.070588e-18 1.000000e+25 
2.550000e+04 1.096771e-18 1.000000e+25 
2.575000e+04 1.122924e-18 1.000000e+25 
2.600000e+04 1.149670e-18 1.000000e+25 
2.625000e+04 1.176360e-18 1.000000e+25 
2.650000e+04 1.203810e-18 1.000000e+25 
2.675000e+04 1.231284e-18 1.000000e+25 
2.700000e+04 1.259734e-18 1.000000e+25 
2.725000e+04 1.288378e-18 1.000000e+25 
2.750000e+04 1.318270e-18 1.000000e+25 
2.775000e+04 1.348722e-18 1.000000e+25 
2.800000e+04 1.380832e-18 1.000000e+25 
2.825000e+04 1.413854e-18 1.000000e+25 
2.850000e+04 1.448900e-18 1.000000e+25 
2.875000e+04 1.485082e-18 1.000000e+25 
2.900000e+04 1.523670e-18 1.000000e+25 
2.925000e+04 1.564401e-18 1.000000e+25 
2.950000e+04 1.608563e-18 1.000000e+25 
2.975000e+04 1.654341e-18 1.000000e+25 
3.000000e+04 1.704860e-18 1.000000e+25 
3.025000e+04 1.752070e-18 1.000000e+25 
3.050000e+04 1.795224e-18 1.000000e+25 
3.075000e+04 1.855560e-18 1.000000e+25 
3.100000e+04 1.911455e-18 1.000000e+25 
3.125000e+04 1.863374e-18 1.000000e+25 
3.150000e+04 1.736331e-18 1.000000e+25 
3.175000e+04 3.465372e-18 9.109355e+24 
3.200000e+04 6.429390e-18 4.923526e+24 
3.225000e+04 1.583164e-17 2.005104e+24 
3.250000e+04 2.788341e-17 1.128902e+24 
3.275000e+04 6.122944e-17 5.149001e+23 
3.300000e+04 1.051772e-16 2.980676e+23 
3.325000e+04 2.174218e-16 1.441950e+23 
3.350000e+04 3.635760e-16 8.588490e+22 
3.375000e+04 6.967624e-16 4.473825e+22 
3.400000e+04 1.120534e-15 2.772429e+22 
3.425000e+04 1.951501e-15 1.586275e+22 
3.450000e+04 2.963435e-15 1.040837e+22 
3.475000e+04 4.599351e-15 6.675078e+21 
3.500000e+04 6.462939e-15 4.731242e+21 
3.525000e+04 8.846149e-15 3.434704e+21 
3.550000e+04 1.133836e-14 2.663645e+21 
3.575000e+04 1.370473e-14 2.180287e+21 
3.600000e+04 1.592927e-14 1.854700e+21 
3.625000e+04 1.712746e-14 1.692232e+21 
3.650000e+04 1.798768e-14 1.578193e+21 
3.675000e+04 1.720404e-14 1.599744e+21 
3.700000e+04 1.607483e-14 1.656071e+21 
3.725000e+04 1.327659e-14 1.916880e+21 
3.750000e+04 1.010905e-14 2.397995e+21 
3.775000e+04 6.339864e-15 3.653936e+21 
3.800000e+04 2.658800e-15 8.310438e+21 
3.825000e+04 1.086878e-15 1.929734e+22 
3.850000e+04 7.564060e-17 3.185820e+23 
3.875000e+04 4.410667e-17 5.335217e+23 
3.900000e+04 8.729364e-18 3.126602e+24 
3.925000e+04 6.546088e-18 3.950136e+24 
3.950000e+04 3.614969e-18 6.800685e+24 
3.975000e+04 2.515302e-18 1.000000e+25 
4.000000e+04 1.817225e-18 1.000000e+25 
4.025000e+04 2.515302e-18 1.000000e+25 
4.050000e+04 3.614969e-18 6.800685e+24 
4.075000e+04 6.546088e-18 3.950136e+24 
4.100000e+04 8.729364e-18 3.126602e+24 
4.125000e+04 4.410667e-17 5.335217e+23 
4.150000e+04 7.564060e-17 3.185820e+23 
4.175000e+04 1.086878e-15 1.929734e+22 
4.200000e+04 2.658800e-15 8.310438e+21 
4.225000e+04 6.339864e-15 3.653936e+21 
4.250000e+04 1.010905e-14 2.397995e+21 
4.275000e+04 1.327659e-14 1.916880e+21 
4.300000e+04 1.607483e-14 1.656071e+21 
4.325000e+04 1.720404e-14 1.599744e+21 
4.350000e+04 1.798768e-14 1.578193e+21 
4.375000e+04 1.712746e-14 1.692232e+21 
4.400000e+04 1.592927e-14 1.854700e+21 
4.425000e+04 1.370473e-14 2.180287e+21 
4.450000e+04 1.133836e-14 2.663645e+21 
4.475000e+04 8.846149e-15 3.434704e+21 
4.500000e+04 6.462939e-15 4.731242e+21 
4.525000e+04 4.599351e-15 6.675078e+21 
4.550000e+04 2.963435e-15 1.040837e+22 
4.575000e+04 1.951501e-15 1.586275e+22 
4.600000e+04 1.120534e-15 2.772429e+22 
4.625000e+04 6.967624e-16 4.473825e+22 
4.650000e+04 3.635760e-16 8.588490e+22 
4.675000e+04 2.174218e-16 1.441950e+23 
4.700000e+04 1.051772e-16 2.980676e+23 
4.725000e+04 6.122944e-17 5.149001e+23 
4.750000e+04 2.788341e-17 1.128902e+24 
4.775000e+04 1.583164e-17 2.005104e+24 
4.800000e+04 6.429390e-18 4.923526e+24 
4.825000e+04 3.465372e-18 9.109355e+24 
4.850000e+04 1.736331e-18 1.000000e+25 
4.875000e+04 1.863374e-18 1.000000e+25 
4.900000e+04 1.911455e-18 1.000000e+25 
4.925000e+04 1.855560e-18 1.000000e+25 
4.950000e+04 1.795224e-18 1.000000e+25 
4.975000e+04 1.752070e-18 1.000000e+25 
5.000000e+04 1.704860e-18 1.000000e+25 
5.025000e+04 1.654341e-18 1.000000e+25 
5.050000e+04 1.608563e-18 1.000000e+25 
5.075000e+04 1.564401e-18 1.000000e+25 
5.100000e+04 1.523670e-18 1.000000e+25 
5.125000e+04 1.485082e-18 1.000000e+25 
5.150000e+04 1.448900e-18 1.000000e+25 
5.175000e+04 1.413854e-18 1.000000e+25 
5.200000e+04 1.380832e-18 1.000000e+25 
5.225000e+04 1.348722e-18 1.000000e+25 
5.250000e+04 1.318270e-18 1.000000e+25 
5.275000e+04 1.288378e-18 1.000000e+25 
5.300000e+04 1.259734e-18 1.000000e+25 
5.325000e+04 1.231284e-18 1.000000e+25 
5.350000e+04 1.203810e-18 1.000000e+25 
5.375000e+04 1.176360e-18 1.000000e+25 
5.400000e+04 1.149670e-18 1.000000e+25 
5.425000e+04 1.122924e-18 1.000000e+25 
5.450000e+04 1.096771e-18 1.000000e+25 
5.475000e+04 1.070588e-18 1.000000e+25 
5.500000e+04 1.044885e-18 1.000000e+25 
5.525000e+04 1.019280e-18 1.000000e+25 
5.550000e+04 9.940916e-19 1.000000e+25 
5.575000e+04 9.692067e-19 1.000000e+25 
5.600000e+04 9.447144e-19 1.000000e+25 
5.625000e+04 9.207717e-19 1.000000e+25 
5.650000e+04 8.972255e-19 1.000000e+25 
5.675000e+04 8.744728e-19 1.000000e+25 
5.700000e+04 8.521335e-19 1.000000e+25 
5.725000e+04 8.307854e-19 1.000000e+25 
5.750000e+04 8.098653e-19 1.000000e+25 
5.775000e+04 7.900548e-19 1.000000e+25 
5.800000e+04 7.706732e-19 1.000000e+25 
5.825000e+04 7.524262e-19 1.000000e+25 
5.850000e+04 7.345904e-19 1.000000e+25 
5.875000e+04 7.178301e-19 1.000000e+25 
5.900000e+04 7.014472e-19 1.000000e+25 
5.925000e+04 6.860244e-19 1.000000e+25 
5.950000e+04 6.709363e-19 1.000000e+25 
5.975000e+04 6.566700e-19 1.000000e+25 
6.000000e+04 6.426952e-19 1.000000e+25 
6.025000e+04 6.294086e-19 1.000000e+25 
6.050000e+04 6.163758e-19 1.000000e+25 
6.075000e+04 6.039188e-19 1.000000e+25 
6.100000e+04 5.916859e-19 1.000000e+25 
6.125000e+04 5.799414e-19 1.000000e+25 
6.150000e+04 5.683989e-19 1.000000e+25 
6.175000e+04 5.572795e-19 1.000000e+25 
6.200000e+04 5.463456e-19 1.000000e+25 
6.225000e+04 5.357855e-19 1.000000e+25 
6.250000e+04 5.253978e-19 1.000000e+25 
6.275000e+04 5.153452e-19 1.000000e+25 
6.300000e+04 5.054542e-19 1.000000e+25 
6.325000e+04 4.958662e-19 1.000000e+25 
6.350000e+04 4.864302e-19 1.000000e+25 
6.375000e+04 4.772697e-19 1.000000e+25 
6.400000e+04 4.682523e-19 1.000000e+25 
6.425000e+04 4.594865e-19 1.000000e+25 
6.450000e+04 4.508557e-19 1.000000e+25 
6.475000e+04 4.424562e-19 1.000000e+25 
6.500000e+04 4.341843e-19 1.000000e+25 
6.525000e+04 4.261277e-19 1.000000e+25 
6.550000e+04 4.181921e-19 1.000000e+25 
6.575000e+04 4.104594e-19 1.000000e+25 
6.600000e+04 4.028423e-19 1.000000e+25 
6.625000e+04 3.954187e-19 1.000000e+25 
6.650000e+04 3.881060e-19 1.000000e+25 
6.675000e+04 3.809803e-19 1.000000e+25 
6.700000e+04 3.739613e-19 1.000000e+25 
6.725000e+04 3.671254e-19 1.000000e+25 
6.750000e+04 3.603929e-19 1.000000e+25 
6.775000e+04 3.538419e-19 1.000000e+25 
6.800000e+04 3.473920e-19 1.000000e+25 
6.825000e+04 3.411243e-19 1.000000e+25 
6.850000e+04 3.349559e-19 1.000000e+25 
6.875000e+04 3.289713e-19 1.000000e+25 
6.900000e+04 3.230849e-19 1.000000e+25 
6.925000e+04 3.173835e-19 1.000000e+25 
6.950000e+04 3.117792e-19 1.000000e+25 
6.975000e+04 3.063599e-19 1.000000e+25 
7.000000e+04 3.010365e-19 1.000000e+25 
7.025000e+04 2.958966e-19 1.000000e+25 
7.050000e+04 2.908511e-19 1.000000e+25 
7.075000e+04 2.859862e-19 1.000000e+25 
7.100000e+04 2.812142e-19 1.000000e+25 
7.125000e+04 2.766192e-19 1.000000e+25 
7.150000e+04 2.721156e-19 1.000000e+25 
7.175000e+04 2.677850e-19 1.000000e+25 
7.200000e+04 2.635446e-19 1.000000e+25 
7.225000e+04 2.594736e-19 1.000000e+25 
7.250000e+04 2.554919e-19 1.000000e+25 
7.275000e+04 2.516764e-19 1.000000e+25 
7.300000e+04 2.479497e-19 1.000000e+25 
7.325000e+04 2.443868e-19 1.000000e+25 
7.350000e+04 2.409126e-19 1.000000e+25 
7.375000e+04 2.376004e-19 1.000000e+25 
7.400000e+04 2.343774e-19 1.000000e+25 
7.425000e+04 2.313153e-19 1.000000e+25 
7.450000e+04 2.283431e-19 1.000000e+25 
7.475000e+04 2.255315e-19 1.000000e+25 
7.500000e+04 2.228106e-19 1.000000e+25 
7.525000e+04 2.202506e-19 1.000000e+25 
7.550000e+04 2.177826e-19 1.000000e+25 
7.575000e+04 2.154761e-19 1.000000e+25 
7.600000e+04 2.132630e-19 1.000000e+25 
7.625000e+04 2.112123e-19 1.000000e+25 
7.650000e+04 2.092566e-19 1.000000e+25 
7.675000e+04 2.074645e-19 1.000000e+25 
7.700000e+04 2.057689e-19 1.000000e+25 
7.725000e+04 2.042383e-19 1.000000e+25 
7.750000e+04 2.028055e-19 1.000000e+25 
7.775000e+04 2.015392e-19 1.000000e+25 
7.800000e+04 2.003721e-19 1.000000e+25 
7.825000e+04 1.993726e-19 1.000000e+25 
7.850000e+04 1.984735e-19 1.000000e+25 
7.875000e+04 1.977431e-19 1.000000e+25 
7.900000e+04 1.971141e-19 1.000000e+25 
7.925000e+04 1.966546e-19 1.000000e+25 
7.950000e+04 1.962971e-19 1.000000e+25 
7.975000e+04 1.961096e-19 1.000000e+25 
8.000000e+04 1.960246e-19 1.000000e+25 
