0.000000e+00 9.405175e-20 1.000000e+25 
2.500000e+02 9.408834e-20 1.000000e+25 
5.000000e+02 9.417030e-20 1.000000e+25 
7.500000e+02 9.432535e-20 1.000000e+25 
1.000000e+03 9.452566e-20 1.000000e+25 
1.250000e+03 9.479881e-20 1.000000e+25 
1.500000e+03 9.511699e-20 1.000000e+25 
1.750000e+03 9.550761e-20 1.000000e+25 
2.000000e+03 9.594295e-20 1.000000e+25 
2.250000e+03 9.645019e-20 1.000000e+25 
2.500000e+03 9.700178e-20 1.000000e+25 
2.750000e+03 9.762460e-20 1.000000e+25 
3.000000e+03 9.829138e-20 1.000000e+25 
3.250000e+03 9.902867e-20 1.000000e+25 
3.500000e+03 9.980949e-20 1.000000e+25 
3.750000e+03 1.006601e-19 1.000000e+25 
4.000000e+03 1.015538e-19 1.000000e+25 
4.250000e+03 1.025165e-19 1.000000e+25 
4.500000e+03 1.035220e-19 1.000000e+25 
4.750000e+03 1.045958e-19 1.000000e+25 
5.000000e+03 1.057122e-19 1.000000e+25 
5.250000e+03 1.068962e-19 1.000000e+25 
5.500000e+03 1.081227e-19 1.000000e+25 
5.750000e+03 1.094161e-19 1.000000e+25 
6.000000e+03 1.107522e-19 1.000000e+25 
6.250000e+03 1.121546e-19 1.000000e+25 
6.500000e+03 1.136000e-19 1.000000e+25 
6.750000e+03 1.151112e-19 1.000000e+25 
7.000000e+03 1.166660e-19 1.000000e+25 
7.250000e+03 1.182862e-19 1.000000e+25 
7.500000e+03 1.199506e-19 1.000000e+25 
7.750000e+03 1.216801e-19 1.000000e+25 
8.000000e+03 1.234548e-19 1.000000e+25 
8.250000e+03 1.252942e-19 1.000000e+25 
8.500000e+03 1.271801e-19 1.000000e+25 
8.750000e+03 1.291301e-19 1.000000e+25 
9.000000e+03 1.311283e-19 1.000000e+25 
9.250000e+03 1.331897e-19 1.000000e+25 
9.500000e+03 1.353011e-19 1.000000e+25 
9.750000e+03 1.374748e-19 1.000000e+25 
1.000000e+04 1.397005e-19 1.000000e+25 
1.025000e+04 1.419869e-19 1.000000e+25 
1.050000e+04 1.443276e-19 1.000000e+25 
1.075000e+04 1.467271e-19 1.000000e+25 
1.100000e+04 1.491833e-19 1.000000e+25 
1.125000e+04 1.516955e-19 1.000000e+25 
1.150000e+04 1.542671e-19 1.000000e+25 
1.175000e+04 1.568913e-19 1.000000e+25 
1.200000e+04 1.595777e-19 1.000000e+25 
1.225000e+04 1.623127e-19 1.000000e+25 
1.250000e+04 1.651128e-19 1.000000e+25 
1.275000e+04 1.679572e-19 1.000000e+25 
1.300000e+04 1.708696e-19 1.000000e+25 
1.325000e+04 1.738225e-19 1.000000e+25 
1.350000e+04 1.768466e-19 1.000000e+25 
1.375000e+04 1.799084e-19 1.000000e+25 
1.400000e+04 1.830452e-19 1.000000e+25 
1.425000e+04 1.862197e-19 1.000000e+25 
1.450000e+04 1.894736e-19 1.000000e+25 
1.475000e+04 1.927699e-19 1.000000e+25 
1.500000e+04 1.961513e-19 1.000000e+25 
1.525000e+04 1.995867e-19 1.000000e+25 
1.550000e+04 2.031146e-19 1.000000e+25 
1.575000e+04 2.067173e-19 1.000000e+25 
1.600000e+04 2.104222e-19 1.000000e+25 
1.625000e+04 2.142330e-19 1.000000e+25 
1.650000e+04 2.181582e-19 1.000000e+25 
1.675000e+04 2.222310e-19 1.000000e+25 
1.700000e+04 2.264319e-19 1.000000e+25 
1.725000e+04 2.308305e-19 1.000000e+25 
1.750000e+04 2.353721e-19 1.000000e+25 
1.775000e+04 2.401642e-19 1.000000e+25 
1.800000e+04 2.451129e-19 1.000000e+25 
1.825000e+04 2.503646e-19 1.000000e+25 
1.850000e+04 2.557856e-19 1.000000e+25 
1.875000e+04 2.615469e-19 1.000000e+25 
1.900000e+04 2.674789e-19 1.000000e+25 
1.925000e+04 2.737965e-19 1.000000e+25 
1.950000e+04 2.803049e-19 1.000000e+25 
1.975000e+04 2.871593e-19 1.000000e+25 
2.000000e+04 2.941438e-19 1.000000e+25 
2.025000e+04 3.015711e-19 1.000000e+25 
2.050000e+04 3.092579e-19 1.000000e+25 
2.075000e+04 3.172708e-19 1.000000e+25 
2.100000e+04 3.253421e-19 1.000000e+25 
2.125000e+04 3.333493e-19 1.000000e+25 
2.150000e+04 3.411830e-19 1.000000e+25 
2.175000e+04 3.507687e-19 1.000000e+25 
2.200000e+04 3.612067e-19 1.000000e+25 
2.225000e+04 3.717707e-19 1.000000e+25 
2.250000e+04 3.794185e-19 1.000000e+25 
2.275000e+04 3.713730e-19 1.000000e+25 
2.300000e+04 3.719903e-19 1.000000e+25 
2.325000e+04 4.371031e-19 1.000000e+25 
2.350000e+04 5.571340e-19 8.976929e+24 
2.375000e+04 7.313142e-19 6.840231e+24 
2.400000e+04 9.434939e-19 5.299714e+24 
2.425000e+04 1.253067e-18 3.991857e+24 
2.450000e+04 1.642458e-18 3.044579e+24 
2.475000e+04 2.215571e-18 2.257872e+24 
2.500000e+04 2.924262e-18 1.710084e+24 
2.525000e+04 3.963888e-18 1.262037e+24 
2.550000e+04 5.238837e-18 9.545763e+23 
2.575000e+04 7.112054e-18 7.034155e+23 
2.600000e+04 9.401596e-18 5.319550e+23 
2.625000e+04 1.277551e-17 3.916217e+23 
2.650000e+04 1.688856e-17 2.961719e+23 
2.675000e+04 2.295954e-17 2.179495e+23 
2.700000e+04 3.033580e-17 1.649269e+23 
2.725000e+04 4.121725e-17 1.214450e+23 
2.750000e+04 5.437943e-17 9.204819e+22 
2.775000e+04 7.373134e-17 6.793080e+22 
2.800000e+04 9.699490e-17 5.164946e+22 
2.825000e+04 1.309089e-16 3.830196e+22 
2.850000e+04 1.713240e-16 2.928442e+22 
2.875000e+04 2.292801e-16 2.191040e+22 
2.900000e+04 2.975078e-16 1.690617e+22 
2.925000e+04 3.928109e-16 1.282985e+22 
2.950000e+04 5.031730e-16 1.003685e+22 
2.975000e+04 6.518267e-16 7.771080e+21 
3.000000e+04 8.204245e-16 6.194344e+21 
3.025000e+04 1.037438e-15 4.919633e+21 
3.050000e+04 1.277638e-15 4.013431e+21 
3.075000e+04 1.571064e-15 3.282549e+21 
3.100000e+04 1.887390e-15 2.749134e+21 
3.125000e+04 2.252785e-15 2.319455e+21 
3.150000e+04 2.636496e-15 1.996438e+21 
3.175000e+04 3.055571e-15 1.736338e+21 
3.200000e+04 3.485135e-15 1.534650e+21 
3.225000e+04 3.929661e-15 1.372361e+21 
3.250000e+04 4.375659e-15 1.242673e+21 
3.275000e+04 4.813424e-15 1.138751e+21 
3.300000e+04 5.244041e-15 1.053453e+21 
3.325000e+04 5.642848e-15 9.860689e+20 
3.350000e+04 6.026773e-15 9.296222e+20 
3.375000e+04 6.355234e-15 8.867455e+20 
3.400000e+04 6.661767e-15 8.505431e+20 
3.425000e+04 6.887989e-15 8.258944e+20 
3.450000e+04 7.085553e-15 8.056531e+20 
3.475000e+04 7.174911e-15 7.968662e+20 
3.500000e+04 7.228736e-15 7.916761e+20 
3.525000e+04 7.142410e-15 8.000373e+20 
3.550000e+04 7.013623e-15 8.128908e+20 
3.575000e+04 6.711563e-15 8.449760e+20 
3.600000e+04 6.362085e-15 8.858988e+20 
3.625000e+04 5.816231e-15 9.596546e+20 
3.650000e+04 5.219094e-15 1.058011e+21 
3.675000e+04 4.503916e-15 1.210136e+21 
3.700000e+04 3.765879e-15 1.427698e+21 
3.725000e+04 3.171156e-15 1.676742e+21 
3.750000e+04 2.649218e-15 1.987332e+21 
3.775000e+04 2.348044e-15 2.229427e+21 
3.800000e+04 2.107212e-15 2.472780e+21 
3.825000e+04 1.948255e-15 2.666380e+21 
3.850000e+04 1.799104e-15 2.879137e+21 
3.875000e+04 1.696815e-15 3.046671e+21 
3.900000e+04 1.605889e-15 3.213510e+21 
3.925000e+04 1.548004e-15 3.329937e+21 
3.950000e+04 1.499287e-15 3.434885e+21 
3.975000e+04 1.476902e-15 3.485434e+21 
4.000000e+04 1.463317e-15 3.516862e+21 
4.025000e+04 1.476902e-15 3.485434e+21 
4.050000e+04 1.499287e-15 3.434885e+21 
4.075000e+04 1.548004e-15 3.329937e+21 
4.100000e+04 1.605889e-15 3.213510e+21 
4.125000e+04 1.696815e-15 3.046671e+21 
4.150000e+04 1.799104e-15 2.879137e+21 
4.175000e+04 1.948255e-15 2.666380e+21 
4.200000e+04 2.107212e-15 2.472780e+21 
4.225000e+04 2.348044e-15 2.229427e+21 
4.250000e+04 2.649218e-15 1.987332e+21 
4.275000e+04 3.171156e-15 1.676742e+21 
4.300000e+04 3.765879e-15 1.427698e+21 
4.325000e+04 4.503916e-15 1.210136e+21 
4.350000e+04 5.219094e-15 1.058011e+21 
4.375000e+04 5.816231e-15 9.596546e+20 
4.400000e+04 6.362085e-15 8.858988e+20 
4.425000e+04 6.711563e-15 8.449760e+20 
4.450000e+04 7.013623e-15 8.128908e+20 
4.475000e+04 7.142410e-15 8.000373e+20 
4.500000e+04 7.228736e-15 7.916761e+20 
4.525000e+04 7.174911e-15 7.968662e+20 
4.550000e+04 7.085553e-15 8.056531e+20 
4.575000e+04 6.887989e-15 8.258944e+20 
4.600000e+04 6.661767e-15 8.505431e+20 
4.625000e+04 6.355234e-15 8.867455e+20 
4.650000e+04 6.026773e-15 9.296222e+20 
4.675000e+04 5.642848e-15 9.860689e+20 
4.700000e+04 5.244041e-15 1.053453e+21 
4.725000e+04 4.813424e-15 1.138751e+21 
4.750000e+04 4.375659e-15 1.242673e+21 
4.775000e+04 3.929661e-15 1.372361e+21 
4.800000e+04 3.485135e-15 1.534650e+21 
4.825000e+04 3.055571e-15 1.736338e+21 
4.850000e+04 2.636496e-15 1.996438e+21 
4.875000e+04 2.252785e-15 2.319455e+21 
4.900000e+04 1.887390e-15 2.749134e+21 
4.925000e+04 1.571064e-15 3.282549e+21 
4.950000e+04 1.277638e-15 4.013431e+21 
4.975000e+04 1.037438e-15 4.919633e+21 
5.000000e+04 8.204245e-16 6.194344e+21 
5.025000e+04 6.518267e-16 7.771080e+21 
5.050000e+04 5.031730e-16 1.003685e+22 
5.075000e+04 3.928109e-16 1.282985e+22 
5.100000e+04 2.975078e-16 1.690617e+22 
5.125000e+04 2.292801e-16 2.191040e+22 
5.150000e+04 1.713240e-16 2.928442e+22 
5.175000e+04 1.309089e-16 3.830196e+22 
5.200000e+04 9.699490e-17 5.164946e+22 
5.225000e+04 7.373134e-17 6.793080e+22 
5.250000e+04 5.437943e-17 9.204819e+22 
5.275000e+04 4.121725e-17 1.214450e+23 
5.300000e+04 3.033580e-17 1.649269e+23 
5.325000e+04 2.295954e-17 2.179495e+23 
5.350000e+04 1.688856e-17 2.961719e+23 
5.375000e+04 1.277551e-17 3.916217e+23 
5.400000e+04 9.401596e-18 5.319550e+23 
5.425000e+04 7.112054e-18 7.034155e+23 
5.450000e+04 5.238837e-18 9.545763e+23 
5.475000e+04 3.963888e-18 1.262037e+24 
5.500000e+04 2.924262e-18 1.710084e+24 
5.525000e+04 2.215571e-18 2.257872e+24 
5.550000e+04 1.642458e-18 3.044579e+24 
5.575000e+04 1.253067e-18 3.991857e+24 
5.600000e+04 9.434939e-19 5.299714e+24 
5.625000e+04 7.313142e-19 6.840231e+24 
5.650000e+04 5.571340e-19 8.976929e+24 
5.675000e+04 4.371031e-19 1.000000e+25 
5.700000e+04 3.719903e-19 1.000000e+25 
5.725000e+04 3.713730e-19 1.000000e+25 
5.750000e+04 3.794185e-19 1.000000e+25 
5.775000e+04 3.717707e-19 1.000000e+25 
5.800000e+04 3.612067e-19 1.000000e+25 
5.825000e+04 3.507687e-19 1.000000e+25 
5.850000e+04 3.411830e-19 1.000000e+25 
5.875000e+04 3.333493e-19 1.000000e+25 
5.900000e+04 3.253421e-19 1.000000e+25 
5.925000e+04 3.172708e-19 1.000000e+25 
5.950000e+04 3.092579e-19 1.000000e+25 
5.975000e+04 3.015711e-19 1.000000e+25 
6.000000e+04 2.941438e-19 1.000000e+25 
6.025000e+04 2.871593e-19 1.000000e+25 
6.050000e+04 2.803049e-19 1.000000e+25 
6.075000e+04 2.737965e-19 1.000000e+25 
6.100000e+04 2.674789e-19 1.000000e+25 
6.125000e+04 2.615469e-19 1.000000e+25 
6.150000e+04 2.557856e-19 1.000000e+25 
6.175000e+04 2.503646e-19 1.000000e+25 
6.200000e+04 2.451129e-19 1.000000e+25 
6.225000e+04 2.401642e-19 1.000000e+25 
6.250000e+04 2.353721e-19 1.000000e+25 
6.275000e+04 2.308305e-19 1.000000e+25 
6.300000e+04 2.264319e-19 1.000000e+25 
6.325000e+04 2.222310e-19 1.000000e+25 
6.350000e+04 2.181582e-19 1.000000e+25 
6.375000e+04 2.142330e-19 1.000000e+25 
6.400000e+04 2.104222e-19 1.000000e+25 
6.425000e+04 2.067173e-19 1.000000e+25 
6.450000e+04 2.031146e-19 1.000000e+25 
6.475000e+04 1.995867e-19 1.000000e+25 
6.500000e+04 1.961513e-19 1.000000e+25 
6.525000e+04 1.927699e-19 1.000000e+25 
6.550000e+04 1.894736e-19 1.000000e+25 
6.575000e+04 1.862197e-19 1.000000e+25 
6.600000e+04 1.830452e-19 1.000000e+25 
6.625000e+04 1.799084e-19 1.000000e+25 
6.650000e+04 1.768466e-19 1.000000e+25 
6.675000e+04 1.738225e-19 1.000000e+25 
6.700000e+04 1.708696e-19 1.000000e+25 
6.725000e+04 1.679572e-19 1.000000e+25 
6.750000e+04 1.651128e-19 1.000000e+25 
6.775000e+04 1.623127e-19 1.000000e+25 
6.800000e+04 1.595777e-19 1.000000e+25 
6.825000e+04 1.568913e-19 1.000000e+25 
6.850000e+04 1.542671e-19 1.000000e+25 
6.875000e+04 1.516955e-19 1.000000e+25 
6.900000e+04 1.491833e-19 1.000000e+25 
6.925000e+04 1.467271e-19 1.000000e+25 
6.950000e+04 1.443276e-19 1.000000e+25 
6.975000e+04 1.419869e-19 1.000000e+25 
7.000000e+04 1.397005e-19 1.000000e+25 
7.025000e+04 1.374748e-19 1.000000e+25 
7.050000e+04 1.353011e-19 1.000000e+25 
7.075000e+04 1.331897e-19 1.000000e+25 
7.100000e+04 1.311283e-19 1.000000e+25 
7.125000e+04 1.291301e-19 1.000000e+25 
7.150000e+04 1.271801e-19 1.000000e+25 
7.175000e+04 1.252942e-19 1.000000e+25 
7.200000e+04 1.234548e-19 1.000000e+25 
7.225000e+04 1.216801e-19 1.000000e+25 
7.250000e+04 1.199506e-19 1.000000e+25 
7.275000e+04 1.182862e-19 1.000000e+25 
7.300000e+04 1.166660e-19 1.000000e+25 
7.325000e+04 1.151112e-19 1.000000e+25 
7.350000e+04 1.136000e-19 1.000000e+25 
7.375000e+04 1.121546e-19 1.000000e+25 
7.400000e+04 1.107522e-19 1.000000e+25 
7.425000e+04 1.094161e-19 1.000000e+25 
7.450000e+04 1.081227e-19 1.000000e+25 
7.475000e+04 1.068962e-19 1.000000e+25 
7.500000e+04 1.057122e-19 1.000000e+25 
7.525000e+04 1.045958e-19 1.000000e+25 
7.550000e+04 1.035220e-19 1.000000e+25 
7.575000e+04 1.025165e-19 1.000000e+25 
7.600000e+04 1.015538e-19 1.000000e+25 
7.625000e+04 1.006601e-19 1.000000e+25 
7.650000e+04 9.980949e-20 1.000000e+25 
7.675000e+04 9.902867e-20 1.000000e+25 
7.700000e+04 9.829138e-20 1.000000e+25 
7.725000e+04 9.762460e-20 1.000000e+25 
7.750000e+04 9.700177e-20 1.000000e+25 
7.775000e+04 9.645018e-20 1.000000e+25 
7.800000e+04 9.594295e-20 1.000000e+25 
7.825000e+04 9.550761e-20 1.000000e+25 
7.850000e+04 9.511699e-20 1.000000e+25 
7.875000e+04 9.479881e-20 1.000000e+25 
7.900000e+04 9.452566e-20 1.000000e+25 
7.925000e+04 9.432535e-20 1.000000e+25 
7.950000e+04 9.417030e-20 1.000000e+25 
7.975000e+04 9.408834e-20 1.000000e+25 
8.000000e+04 9.405175e-20 1.000000e+25 
