0.000000e+00 1.920402e-19 1.000000e+25 
4.166667e+02 1.922708e-19 1.000000e+25 
8.333333e+02 1.927794e-19 1.000000e+25 
1.250000e+03 1.937478e-19 1.000000e+25 
1.666667e+03 1.949918e-19 1.000000e+25 
2.083333e+03 1.966919e-19 1.000000e+25 
2.500000e+03 1.986629e-19 1.000000e+25 
2.916667e+03 2.010846e-19 1.000000e+25 
3.333333e+03 2.037709e-19 1.000000e+25 
3.750000e+03 2.069017e-19 1.000000e+25 
4.166667e+03 2.102903e-19 1.000000e+25 
4.583333e+03 2.141173e-19 1.000000e+25 
5.000000e+03 2.181954e-19 1.000000e+25 
5.416667e+03 2.227075e-19 1.000000e+25 
5.833333e+03 2.274650e-19 1.000000e+25 
6.250000e+03 2.326551e-19 1.000000e+25 
6.666667e+03 2.380867e-19 1.000000e+25 
7.083333e+03 2.439537e-19 1.000000e+25 
7.500000e+03 2.500607e-19 1.000000e+25 
7.916667e+03 2.566115e-19 1.000000e+25 
8.333333e+03 2.634039e-19 1.000000e+25 
8.750000e+03 2.706545e-19 1.000000e+25 
9.166667e+03 2.781517e-19 1.000000e+25 
9.583333e+03 2.861273e-19 1.000000e+25 
1.000000e+04 2.943574e-19 1.000000e+25 
1.041667e+04 3.030893e-19 1.000000e+25 
1.083333e+04 3.120857e-19 1.000000e+25 
1.125000e+04 3.216060e-19 1.000000e+25 
1.166667e+04 3.314016e-19 1.000000e+25 
1.208333e+04 3.417382e-19 1.000000e+25 
1.250000e+04 3.523617e-19 1.000000e+25 
1.291667e+04 3.635350e-19 1.000000e+25 
1.333333e+04 3.750064e-19 1.000000e+25 
1.375000e+04 3.870289e-19 1.000000e+25 
1.416667e+04 3.993608e-19 1.000000e+25 
1.458333e+04 4.122388e-19 1.000000e+25 
1.500000e+04 4.254390e-19 1.000000e+25 
1.541667e+04 4.391879e-19 1.000000e+25 
1.583333e+04 4.532790e-19 1.000000e+25 
1.625000e+04 4.679643e-19 1.000000e+25 
1.666667e+04 4.830303e-19 1.000000e+25 
1.708333e+04 4.987901e-19 1.000000e+25 
1.750000e+04 5.149801e-19 1.000000e+25 
1.791667e+04 5.319863e-19 1.000000e+25 
1.833333e+04 5.494684e-19 1.000000e+25 
1.875000e+04 5.679013e-19 1.000000e+25 
1.916667e+04 5.868613e-19 1.000000e+25 
1.958333e+04 6.070015e-19 1.000000e+25 
2.000000e+04 6.277700e-19 1.000000e+25 
2.041667e+04 6.501564e-19 1.000000e+25 
2.083333e+04 6.733478e-19 1.000000e+25 
2.125000e+04 6.988153e-19 1.000000e+25 
2.166667e+04 7.253179e-19 1.000000e+25 
2.208333e+04 7.547755e-19 1.000000e+25 
2.250000e+04 7.854705e-19 1.000000e+25 
2.291667e+04 8.194525e-19 1.000000e+25 
2.333333e+04 8.547508e-19 1.000000e+25 
2.375000e+04 8.930373e-19 1.000000e+25 
2.416667e+04 9.325925e-19 1.000000e+25 
2.458333e+04 9.741711e-19 1.000000e+25 
2.500000e+04 1.016922e-18 1.000000e+25 
2.541667e+04 1.060413e-18 1.000000e+25 
2.583333e+04 1.105149e-18 1.000000e+25 
2.625000e+04 1.149674e-18 1.000000e+25 
2.666667e+04 1.195814e-18 1.000000e+25 
2.708333e+04 1.241150e-18 1.000000e+25 
2.750000e+04 1.288857e-18 1.000000e+25 
2.791667e+04 1.338570e-18 1.000000e+25 
2.833333e+04 1.393070e-18 1.000000e+25 
2.875000e+04 1.447934e-18 1.000000e+25 
2.916667e+04 1.509662e-18 1.000000e+25 
2.958333e+04 1.574028e-18 1.000000e+25 
3.000000e+04 1.639993e-18 1.000000e+25 
3.041667e+04 1.703093e-18 1.000000e+25 
3.083333e+04 1.760596e-18 1.000000e+25 
3.125000e+04 1.765352e-18 1.000000e+25 
3.166667e+04 1.457647e-18 1.000000e+25 
3.208333e+04 4.693415e-18 7.112916e+24 
3.250000e+04 8.160149e-18 3.856359e+24 
3.291667e+04 4.997251e-17 6.410541e+23 
3.333333e+04 9.960446e-17 3.115568e+23 
3.375000e+04 4.029494e-16 7.708837e+22 
3.416667e+04 8.320703e-16 3.670618e+22 
3.458333e+04 2.463815e-15 1.225399e+22 
3.500000e+04 4.789237e-15 6.207000e+21 
3.541667e+04 9.854965e-15 2.953900e+21 
3.583333e+04 1.627822e-14 1.750580e+21 
3.625000e+04 2.107014e-14 1.284315e+21 
3.666667e+04 2.299134e-14 1.113294e+21 
3.708333e+04 1.494941e-14 1.645122e+21 
3.750000e+04 5.922607e-15 3.983804e+21 
3.791667e+04 2.040145e-15 1.076348e+22 
3.833333e+04 1.606584e-16 1.507384e+23 
3.875000e+04 4.939730e-17 5.216661e+23 
3.916667e+04 6.136734e-18 5.132855e+24 
3.958333e+04 3.407326e-18 8.018358e+24 
4.000000e+04 2.280548e-18 1.000000e+25 
4.041667e+04 3.407326e-18 8.018358e+24 
4.083333e+04 6.136734e-18 5.132855e+24 
4.125000e+04 4.939730e-17 5.216661e+23 
4.166667e+04 1.606584e-16 1.507384e+23 
4.208333e+04 2.040145e-15 1.076348e+22 
4.250000e+04 5.922607e-15 3.983804e+21 
4.291667e+04 1.494941e-14 1.645122e+21 
4.333333e+04 2.299134e-14 1.113294e+21 
4.375000e+04 2.107014e-14 1.284315e+21 
4.416667e+04 1.627822e-14 1.750580e+21 
4.458333e+04 9.854965e-15 2.953900e+21 
4.500000e+04 4.789237e-15 6.207000e+21 
4.541667e+04 2.463815e-15 1.225399e+22 
4.583333e+04 8.320703e-16 3.670618e+22 
4.625000e+04 4.029494e-16 7.708837e+22 
4.666667e+04 9.960446e-17 3.115568e+23 
4.708333e+04 4.997251e-17 6.410541e+23 
4.750000e+04 8.160149e-18 3.856359e+24 
4.791667e+04 4.693415e-18 7.112916e+24 
4.833333e+04 1.457647e-18 1.000000e+25 
4.875000e+04 1.765352e-18 1.000000e+25 
4.916667e+04 1.760596e-18 1.000000e+25 
4.958333e+04 1.703093e-18 1.000000e+25 
5.000000e+04 1.639993e-18 1.000000e+25 
5.041667e+04 1.574028e-18 1.000000e+25 
5.083333e+04 1.509662e-18 1.000000e+25 
5.125000e+04 1.447934e-18 1.000000e+25 
5.166667e+04 1.393070e-18 1.000000e+25 
5.208333e+04 1.338570e-18 1.000000e+25 
5.250000e+04 1.288857e-18 1.000000e+25 
5.291667e+04 1.241150e-18 1.000000e+25 
5.333333e+04 1.195814e-18 1.000000e+25 
5.375000e+04 1.149674e-18 1.000000e+25 
5.416667e+04 1.105149e-18 1.000000e+25 
5.458333e+04 1.060413e-18 1.000000e+25 
5.500000e+04 1.016922e-18 1.000000e+25 
5.541667e+04 9.741711e-19 1.000000e+25 
5.583333e+04 9.325925e-19 1.000000e+25 
5.625000e+04 8.930373e-19 1.000000e+25 
5.666667e+04 8.547508e-19 1.000000e+25 
5.708333e+04 8.194526e-19 1.000000e+25 
5.750000e+04 7.854705e-19 1.000000e+25 
5.791667e+04 7.547755e-19 1.000000e+25 
5.833333e+04 7.253179e-19 1.000000e+25 
5.875000e+04 6.988153e-19 1.000000e+25 
5.916667e+04 6.733478e-19 1.000000e+25 
5.958333e+04 6.501564e-19 1.000000e+25 
6.000000e+04 6.277700e-19 1.000000e+25 
6.041667e+04 6.070015e-19 1.000000e+25 
6.083333e+04 5.868613e-19 1.000000e+25 
6.125000e+04 5.679013e-19 1.000000e+25 
6.166667e+04 5.494684e-19 1.000000e+25 
6.208333e+04 5.319863e-19 1.000000e+25 
6.250000e+04 5.149801e-19 1.000000e+25 
6.291667e+04 4.987901e-19 1.000000e+25 
6.333333e+04 4.830303e-19 1.000000e+25 
6.375000e+04 4.679643e-19 1.000000e+25 
6.416667e+04 4.532790e-19 1.000000e+25 
6.458333e+04 4.391879e-19 1.000000e+25 
6.500000e+04 4.254390e-19 1.000000e+25 
6.541667e+04 4.122388e-19 1.000000e+25 
6.583333e+04 3.993608e-19 1.000000e+25 
6.625000e+04 3.870289e-19 1.000000e+25 
6.666667e+04 3.750064e-19 1.000000e+25 
6.708333e+04 3.635350e-19 1.000000e+25 
6.750000e+04 3.523617e-19 1.000000e+25 
6.791667e+04 3.417382e-19 1.000000e+25 
6.833333e+04 3.314016e-19 1.000000e+25 
6.875000e+04 3.216060e-19 1.000000e+25 
6.916667e+04 3.120857e-19 1.000000e+25 
6.958333e+04 3.030893e-19 1.000000e+25 
7.000000e+04 2.943574e-19 1.000000e+25 
7.041667e+04 2.861273e-19 1.000000e+25 
7.083333e+04 2.781517e-19 1.000000e+25 
7.125000e+04 2.706545e-19 1.000000e+25 
7.166667e+04 2.634039e-19 1.000000e+25 
7.208333e+04 2.566115e-19 1.000000e+25 
7.250000e+04 2.500607e-19 1.000000e+25 
7.291667e+04 2.439537e-19 1.000000e+25 
7.333333e+04 2.380867e-19 1.000000e+25 
7.375000e+04 2.326551e-19 1.000000e+25 
7.416667e+04 2.274650e-19 1.000000e+25 
7.458333e+04 2.227075e-19 1.000000e+25 
7.500000e+04 2.181954e-19 1.000000e+25 
7.541667e+04 2.141173e-19 1.000000e+25 
7.583333e+04 2.102903e-19 1.000000e+25 
7.625000e+04 2.069017e-19 1.000000e+25 
7.666667e+04 2.037709e-19 1.000000e+25 
7.708333e+04 2.010846e-19 1.000000e+25 
7.750000e+04 1.986629e-19 1.000000e+25 
7.791667e+04 1.966919e-19 1.000000e+25 
7.833333e+04 1.949918e-19 1.000000e+25 
7.875000e+04 1.937478e-19 1.000000e+25 
7.916667e+04 1.927794e-19 1.000000e+25 
7.958333e+04 1.922708e-19 1.000000e+25 
8.000000e+04 1.920402e-19 1.000000e+25 
