0.000000e+00 1.620200e-17 3.086049e+23 
1.562500e+02 1.621844e-17 3.082921e+23 
3.125000e+02 1.625001e-17 3.076932e+23 
4.687500e+02 1.631449e-17 3.064770e+23 
6.250000e+02 1.639404e-17 3.049899e+23 
7.812500e+02 1.650663e-17 3.029095e+23 
9.375000e+02 1.663418e-17 3.005868e+23 
1.093750e+03 1.679508e-17 2.977073e+23 
1.250000e+03 1.697080e-17 2.946246e+23 
1.406250e+03 1.718037e-17 2.910307e+23 
1.562500e+03 1.740466e-17 2.872804e+23 
1.718750e+03 1.766348e-17 2.830710e+23 
1.875000e+03 1.793688e-17 2.787562e+23 
2.031250e+03 1.824561e-17 2.740395e+23 
2.187500e+03 1.856878e-17 2.692702e+23 
2.343750e+03 1.892796e-17 2.641604e+23 
2.500000e+03 1.930141e-17 2.590494e+23 
2.656250e+03 1.971135e-17 2.536620e+23 
2.812500e+03 2.013529e-17 2.483212e+23 
2.968750e+03 2.059586e-17 2.427682e+23 
3.125000e+03 2.107013e-17 2.373037e+23 
3.281250e+03 2.158077e-17 2.316887e+23 
3.437500e+03 2.210478e-17 2.261964e+23 
3.593750e+03 2.266454e-17 2.206099e+23 
3.750000e+03 2.323735e-17 2.151718e+23 
3.906250e+03 2.384503e-17 2.096883e+23 
4.062500e+03 2.446547e-17 2.043706e+23 
4.218750e+03 2.511977e-17 1.990474e+23 
4.375000e+03 2.578660e-17 1.939001e+23 
4.531250e+03 2.648624e-17 1.887782e+23 
4.687500e+03 2.719828e-17 1.838361e+23 
4.843750e+03 2.794217e-17 1.789420e+23 
5.000000e+03 2.869842e-17 1.742266e+23 
5.156250e+03 2.948569e-17 1.695748e+23 
5.312500e+03 3.028540e-17 1.650970e+23 
5.468750e+03 3.111551e-17 1.606926e+23 
5.625000e+03 3.195824e-17 1.564552e+23 
5.781250e+03 3.283098e-17 1.522962e+23 
5.937500e+03 3.371661e-17 1.482959e+23 
6.093750e+03 3.463210e-17 1.443757e+23 
6.250000e+03 3.556085e-17 1.406051e+23 
6.406250e+03 3.651954e-17 1.369140e+23 
6.562500e+03 3.749195e-17 1.333630e+23 
6.718750e+03 3.849461e-17 1.298893e+23 
6.875000e+03 3.951151e-17 1.265464e+23 
7.031250e+03 4.055920e-17 1.232776e+23 
7.187500e+03 4.162172e-17 1.201306e+23 
7.343750e+03 4.271576e-17 1.170538e+23 
7.500000e+03 4.382530e-17 1.140903e+23 
7.656250e+03 4.496728e-17 1.111929e+23 
7.812500e+03 4.612549e-17 1.084009e+23 
7.968750e+03 4.731724e-17 1.056707e+23 
8.125000e+03 4.852600e-17 1.030385e+23 
8.281250e+03 4.976958e-17 1.004640e+23 
8.437500e+03 5.103102e-17 9.798061e+22 
8.593750e+03 5.232872e-17 9.555082e+22 
8.750000e+03 5.364519e-17 9.320600e+22 
8.906250e+03 5.499951e-17 9.091089e+22 
9.062500e+03 5.637358e-17 8.869502e+22 
9.218750e+03 5.778726e-17 8.652526e+22 
9.375000e+03 5.922173e-17 8.442945e+22 
9.531250e+03 6.069773e-17 8.237639e+22 
9.687500e+03 6.219565e-17 8.039247e+22 
9.843750e+03 6.373716e-17 7.844817e+22 
1.000000e+04 6.530178e-17 7.656858e+22 
1.015625e+04 6.691224e-17 7.472573e+22 
1.031250e+04 6.854710e-17 7.294354e+22 
1.046875e+04 7.023020e-17 7.119544e+22 
1.062500e+04 7.193906e-17 6.950426e+22 
1.078125e+04 7.369876e-17 6.784474e+22 
1.093750e+04 7.548569e-17 6.623871e+22 
1.109375e+04 7.732623e-17 6.466211e+22 
1.125000e+04 7.919556e-17 6.313585e+22 
1.140625e+04 8.112148e-17 6.163695e+22 
1.156250e+04 8.307786e-17 6.018550e+22 
1.171875e+04 8.509403e-17 5.875953e+22 
1.187500e+04 8.714243e-17 5.737832e+22 
1.203125e+04 8.925405e-17 5.602086e+22 
1.218750e+04 9.139981e-17 5.470570e+22 
1.234375e+04 9.361244e-17 5.341270e+22 
1.250000e+04 9.586126e-17 5.215971e+22 
1.265625e+04 9.818086e-17 5.092742e+22 
1.281250e+04 1.005389e-16 4.973301e+22 
1.296875e+04 1.029718e-16 4.855798e+22 
1.312500e+04 1.054455e-16 4.741886e+22 
1.328125e+04 1.079986e-16 4.629788e+22 
1.343750e+04 1.105950e-16 4.521098e+22 
1.359375e+04 1.132757e-16 4.414110e+22 
1.375000e+04 1.160023e-16 4.310360e+22 
1.390625e+04 1.188182e-16 4.208209e+22 
1.406250e+04 1.216830e-16 4.109135e+22 
1.421875e+04 1.246427e-16 4.011565e+22 
1.437500e+04 1.276544e-16 3.916925e+22 
1.453125e+04 1.307668e-16 3.823701e+22 
1.468750e+04 1.339345e-16 3.733268e+22 
1.484375e+04 1.372092e-16 3.644170e+22 
1.500000e+04 1.405429e-16 3.557733e+22 
1.515625e+04 1.439902e-16 3.472557e+22 
1.531250e+04 1.475004e-16 3.389920e+22 
1.546875e+04 1.511315e-16 3.308478e+22 
1.562500e+04 1.548295e-16 3.229458e+22 
1.578125e+04 1.586561e-16 3.151570e+22 
1.593750e+04 1.625542e-16 3.075997e+22 
1.609375e+04 1.665889e-16 3.001501e+22 
1.625000e+04 1.707000e-16 2.929216e+22 
1.640625e+04 1.749564e-16 2.857955e+22 
1.656250e+04 1.792944e-16 2.788810e+22 
1.671875e+04 1.837869e-16 2.720642e+22 
1.687500e+04 1.883667e-16 2.654497e+22 
1.703125e+04 1.931108e-16 2.589287e+22 
1.718750e+04 1.979482e-16 2.526013e+22 
1.734375e+04 2.029604e-16 2.463634e+22 
1.750000e+04 2.080724e-16 2.403110e+22 
1.765625e+04 2.133702e-16 2.343445e+22 
1.781250e+04 2.187747e-16 2.285556e+22 
1.796875e+04 2.243768e-16 2.228494e+22 
1.812500e+04 2.300931e-16 2.173134e+22 
1.828125e+04 2.360192e-16 2.118571e+22 
1.843750e+04 2.420676e-16 2.065639e+22 
1.859375e+04 2.483388e-16 2.013478e+22 
1.875000e+04 2.547408e-16 1.962879e+22 
1.890625e+04 2.613792e-16 1.913029e+22 
1.906250e+04 2.681577e-16 1.864675e+22 
1.921875e+04 2.751868e-16 1.817048e+22 
1.937500e+04 2.823657e-16 1.770853e+22 
1.953125e+04 2.898100e-16 1.725368e+22 
1.968750e+04 2.974147e-16 1.681254e+22 
1.984375e+04 3.053001e-16 1.637833e+22 
2.000000e+04 3.133570e-16 1.595724e+22 
2.015625e+04 3.217104e-16 1.554292e+22 
2.031250e+04 3.302473e-16 1.514117e+22 
2.046875e+04 3.390968e-16 1.474605e+22 
2.062500e+04 3.481426e-16 1.436293e+22 
2.078125e+04 3.575173e-16 1.398634e+22 
2.093750e+04 3.671017e-16 1.362120e+22 
2.109375e+04 3.770318e-16 1.326248e+22 
2.125000e+04 3.871859e-16 1.291469e+22 
2.140625e+04 3.977022e-16 1.257322e+22 
2.156250e+04 4.084578e-16 1.224217e+22 
2.171875e+04 4.195921e-16 1.191733e+22 
2.187500e+04 4.309817e-16 1.160242e+22 
2.203125e+04 4.427666e-16 1.129363e+22 
2.218750e+04 4.548235e-16 1.099427e+22 
2.234375e+04 4.672917e-16 1.070095e+22 
2.250000e+04 4.800500e-16 1.041658e+22 
2.265625e+04 4.932350e-16 1.013815e+22 
2.281250e+04 5.067289e-16 9.868208e+21 
2.296875e+04 5.206647e-16 9.604108e+21 
2.312500e+04 5.349292e-16 9.348030e+21 
2.328125e+04 5.496504e-16 9.097690e+21 
2.343750e+04 5.647211e-16 8.854927e+21 
2.359375e+04 5.802630e-16 8.617782e+21 
2.375000e+04 5.961764e-16 8.387779e+21 
2.390625e+04 6.125755e-16 8.163258e+21 
2.406250e+04 6.293695e-16 7.945458e+21 
2.421875e+04 6.466645e-16 7.732985e+21 
2.437500e+04 6.643790e-16 7.526824e+21 
2.453125e+04 6.826114e-16 7.325812e+21 
2.468750e+04 7.012897e-16 7.130720e+21 
2.484375e+04 7.205056e-16 6.940570e+21 
2.500000e+04 7.401960e-16 6.755967e+21 
2.515625e+04 7.604483e-16 6.576068e+21 
2.531250e+04 7.812060e-16 6.401360e+21 
2.546875e+04 8.025569e-16 6.231087e+21 
2.562500e+04 8.244471e-16 6.065670e+21 
2.578125e+04 8.469720e-16 5.904382e+21 
2.593750e+04 8.700736e-16 5.747640e+21 
2.609375e+04 8.938650e-16 5.594685e+21 
2.625000e+04 9.182751e-16 5.445991e+21 
2.640625e+04 9.434479e-16 5.300709e+21 
2.656250e+04 9.692868e-16 5.159431e+21 
2.671875e+04 9.959838e-16 5.021162e+21 
2.687500e+04 1.023401e-15 4.886670e+21 
2.703125e+04 1.051799e-15 4.754760e+21 
2.718750e+04 1.080979e-15 4.626438e+21 
2.734375e+04 1.111294e-15 4.500259e+21 
2.750000e+04 1.142461e-15 4.377517e+21 
2.765625e+04 1.174955e-15 4.256483e+21 
2.781250e+04 1.208379e-15 4.138774e+21 
2.796875e+04 1.243360e-15 4.022362e+21 
2.812500e+04 1.279359e-15 3.909208e+21 
2.828125e+04 1.317181e-15 3.796985e+21 
2.843750e+04 1.356118e-15 3.687993e+21 
2.859375e+04 1.397181e-15 3.579633e+21 
2.875000e+04 1.439461e-15 3.474522e+21 
2.890625e+04 1.484195e-15 3.369829e+21 
2.906250e+04 1.530251e-15 3.268438e+21 
2.921875e+04 1.579103e-15 3.167354e+21 
2.937500e+04 1.629379e-15 3.069653e+21 
2.953125e+04 1.682790e-15 2.972255e+21 
2.968750e+04 1.737719e-15 2.878335e+21 
2.984375e+04 1.796093e-15 2.784820e+21 
3.000000e+04 1.856063e-15 2.694874e+21 
3.015625e+04 1.919734e-15 2.605527e+21 
3.031250e+04 1.985053e-15 2.519824e+21 
3.046875e+04 2.054248e-15 2.434980e+21 
3.062500e+04 2.125109e-15 2.353820e+21 
3.078125e+04 2.199908e-15 2.273823e+21 
3.093750e+04 2.276347e-15 2.197502e+21 
3.109375e+04 2.356644e-15 2.122661e+21 
3.125000e+04 2.438505e-15 2.051436e+21 
3.140625e+04 2.523977e-15 1.982000e+21 
3.156250e+04 2.610879e-15 1.916064e+21 
3.171875e+04 2.700952e-15 1.852199e+21 
3.187500e+04 2.792257e-15 1.791666e+21 
3.203125e+04 2.886085e-15 1.733451e+21 
3.218750e+04 2.980878e-15 1.678358e+21 
3.234375e+04 3.077321e-15 1.625790e+21 
3.250000e+04 3.174394e-15 1.576104e+21 
3.265625e+04 3.272006e-15 1.529114e+21 
3.281250e+04 3.369845e-15 1.484748e+21 
3.296875e+04 3.466870e-15 1.443223e+21 
3.312500e+04 3.563651e-15 1.404055e+21 
3.328125e+04 3.658018e-15 1.367860e+21 
3.343750e+04 3.751611e-15 1.333761e+21 
3.359375e+04 3.840942e-15 1.302764e+21 
3.375000e+04 3.928917e-15 1.273615e+21 
3.390625e+04 4.010534e-15 1.247717e+21 
3.406250e+04 4.090175e-15 1.223441e+21 
3.421875e+04 4.161120e-15 1.202599e+21 
3.437500e+04 4.229448e-15 1.183187e+21 
3.453125e+04 4.286514e-15 1.167449e+21 
3.468750e+04 4.340318e-15 1.152989e+21 
3.484375e+04 4.380100e-15 1.142526e+21 
3.500000e+04 4.415998e-15 1.133247e+21 
3.515625e+04 4.434980e-15 1.128401e+21 
3.531250e+04 4.449505e-15 1.124720e+21 
3.546875e+04 4.444206e-15 1.126060e+21 
3.562500e+04 4.433964e-15 1.128659e+21 
3.578125e+04 4.401168e-15 1.137062e+21 
3.593750e+04 4.363072e-15 1.146982e+21 
3.609375e+04 4.300183e-15 1.163741e+21 
3.625000e+04 4.231818e-15 1.182525e+21 
3.640625e+04 4.137359e-15 1.209500e+21 
3.656250e+04 4.037498e-15 1.239391e+21 
3.671875e+04 3.911795e-15 1.279186e+21 
3.687500e+04 3.781114e-15 1.323362e+21 
3.703125e+04 3.627180e-15 1.379481e+21 
3.718750e+04 3.469201e-15 1.442254e+21 
3.734375e+04 3.293826e-15 1.518992e+21 
3.750000e+04 3.116120e-15 1.605559e+21 
3.765625e+04 2.931124e-15 1.706831e+21 
3.781250e+04 2.746728e-15 1.821348e+21 
3.796875e+04 2.569970e-15 1.946548e+21 
3.812500e+04 2.398370e-15 2.085749e+21 
3.828125e+04 2.252856e-15 2.220407e+21 
3.843750e+04 2.118047e-15 2.361667e+21 
3.859375e+04 2.024896e-15 2.470264e+21 
3.875000e+04 1.945817e-15 2.570617e+21 
3.890625e+04 1.908853e-15 2.620374e+21 
3.906250e+04 1.883719e-15 2.655325e+21 
3.921875e+04 1.882193e-15 2.657475e+21 
3.937500e+04 1.885255e-15 2.653162e+21 
3.953125e+04 1.895460e-15 2.638882e+21 
3.968750e+04 1.902209e-15 2.629523e+21 
3.984375e+04 1.905260e-15 2.625314e+21 
4.000000e+04 1.910771e-15 2.617745e+21 
4.015625e+04 1.905260e-15 2.625314e+21 
4.031250e+04 1.902209e-15 2.629523e+21 
4.046875e+04 1.895460e-15 2.638882e+21 
4.062500e+04 1.885255e-15 2.653162e+21 
4.078125e+04 1.882193e-15 2.657475e+21 
4.093750e+04 1.883719e-15 2.655325e+21 
4.109375e+04 1.908853e-15 2.620374e+21 
4.125000e+04 1.945817e-15 2.570617e+21 
4.140625e+04 2.024896e-15 2.470264e+21 
4.156250e+04 2.118047e-15 2.361667e+21 
4.171875e+04 2.252856e-15 2.220407e+21 
4.187500e+04 2.398370e-15 2.085749e+21 
4.203125e+04 2.569970e-15 1.946548e+21 
4.218750e+04 2.746728e-15 1.821348e+21 
4.234375e+04 2.931124e-15 1.706831e+21 
4.250000e+04 3.116120e-15 1.605559e+21 
4.265625e+04 3.293826e-15 1.518992e+21 
4.281250e+04 3.469201e-15 1.442254e+21 
4.296875e+04 3.627180e-15 1.379481e+21 
4.312500e+04 3.781114e-15 1.323362e+21 
4.328125e+04 3.911795e-15 1.279186e+21 
4.343750e+04 4.037498e-15 1.239391e+21 
4.359375e+04 4.137359e-15 1.209500e+21 
4.375000e+04 4.231818e-15 1.182525e+21 
4.390625e+04 4.300183e-15 1.163741e+21 
4.406250e+04 4.363072e-15 1.146982e+21 
4.421875e+04 4.401168e-15 1.137062e+21 
4.437500e+04 4.433964e-15 1.128659e+21 
4.453125e+04 4.444206e-15 1.126060e+21 
4.468750e+04 4.449505e-15 1.124720e+21 
4.484375e+04 4.434980e-15 1.128401e+21 
4.500000e+04 4.415998e-15 1.133247e+21 
4.515625e+04 4.380100e-15 1.142526e+21 
4.531250e+04 4.340318e-15 1.152989e+21 
4.546875e+04 4.286514e-15 1.167449e+21 
4.562500e+04 4.229448e-15 1.183187e+21 
4.578125e+04 4.161120e-15 1.202599e+21 
4.593750e+04 4.090175e-15 1.223441e+21 
4.609375e+04 4.010534e-15 1.247717e+21 
4.625000e+04 3.928917e-15 1.273615e+21 
4.640625e+04 3.840942e-15 1.302764e+21 
4.656250e+04 3.751611e-15 1.333761e+21 
4.671875e+04 3.658018e-15 1.367860e+21 
4.687500e+04 3.563651e-15 1.404055e+21 
4.703125e+04 3.466870e-15 1.443223e+21 
4.718750e+04 3.369845e-15 1.484748e+21 
4.734375e+04 3.272006e-15 1.529114e+21 
4.750000e+04 3.174394e-15 1.576104e+21 
4.765625e+04 3.077321e-15 1.625790e+21 
4.781250e+04 2.980878e-15 1.678358e+21 
4.796875e+04 2.886085e-15 1.733451e+21 
4.812500e+04 2.792257e-15 1.791666e+21 
4.828125e+04 2.700952e-15 1.852199e+21 
4.843750e+04 2.610879e-15 1.916064e+21 
4.859375e+04 2.523977e-15 1.982000e+21 
4.875000e+04 2.438505e-15 2.051436e+21 
4.890625e+04 2.356644e-15 2.122661e+21 
4.906250e+04 2.276347e-15 2.197502e+21 
4.921875e+04 2.199908e-15 2.273823e+21 
4.937500e+04 2.125109e-15 2.353820e+21 
4.953125e+04 2.054248e-15 2.434980e+21 
4.968750e+04 1.985053e-15 2.519824e+21 
4.984375e+04 1.919734e-15 2.605527e+21 
5.000000e+04 1.856063e-15 2.694874e+21 
5.015625e+04 1.796093e-15 2.784820e+21 
5.031250e+04 1.737719e-15 2.878335e+21 
5.046875e+04 1.682790e-15 2.972255e+21 
5.062500e+04 1.629379e-15 3.069653e+21 
5.078125e+04 1.579103e-15 3.167354e+21 
5.093750e+04 1.530251e-15 3.268438e+21 
5.109375e+04 1.484195e-15 3.369829e+21 
5.125000e+04 1.439461e-15 3.474522e+21 
5.140625e+04 1.397181e-15 3.579633e+21 
5.156250e+04 1.356118e-15 3.687993e+21 
5.171875e+04 1.317181e-15 3.796985e+21 
5.187500e+04 1.279359e-15 3.909208e+21 
5.203125e+04 1.243360e-15 4.022362e+21 
5.218750e+04 1.208379e-15 4.138774e+21 
5.234375e+04 1.174955e-15 4.256483e+21 
5.250000e+04 1.142461e-15 4.377517e+21 
5.265625e+04 1.111294e-15 4.500259e+21 
5.281250e+04 1.080979e-15 4.626438e+21 
5.296875e+04 1.051799e-15 4.754760e+21 
5.312500e+04 1.023401e-15 4.886670e+21 
5.328125e+04 9.959838e-16 5.021162e+21 
5.343750e+04 9.692868e-16 5.159431e+21 
5.359375e+04 9.434479e-16 5.300709e+21 
5.375000e+04 9.182751e-16 5.445991e+21 
5.390625e+04 8.938650e-16 5.594685e+21 
5.406250e+04 8.700736e-16 5.747640e+21 
5.421875e+04 8.469720e-16 5.904382e+21 
5.437500e+04 8.244471e-16 6.065670e+21 
5.453125e+04 8.025569e-16 6.231087e+21 
5.468750e+04 7.812060e-16 6.401360e+21 
5.484375e+04 7.604483e-16 6.576068e+21 
5.500000e+04 7.401960e-16 6.755967e+21 
5.515625e+04 7.205056e-16 6.940570e+21 
5.531250e+04 7.012897e-16 7.130720e+21 
5.546875e+04 6.826114e-16 7.325812e+21 
5.562500e+04 6.643790e-16 7.526824e+21 
5.578125e+04 6.466645e-16 7.732985e+21 
5.593750e+04 6.293695e-16 7.945458e+21 
5.609375e+04 6.125755e-16 8.163258e+21 
5.625000e+04 5.961764e-16 8.387779e+21 
5.640625e+04 5.802630e-16 8.617782e+21 
5.656250e+04 5.647211e-16 8.854927e+21 
5.671875e+04 5.496504e-16 9.097690e+21 
5.687500e+04 5.349292e-16 9.348030e+21 
5.703125e+04 5.206647e-16 9.604108e+21 
5.718750e+04 5.067289e-16 9.868208e+21 
5.734375e+04 4.932350e-16 1.013815e+22 
5.750000e+04 4.800500e-16 1.041658e+22 
5.765625e+04 4.672917e-16 1.070095e+22 
5.781250e+04 4.548235e-16 1.099427e+22 
5.796875e+04 4.427666e-16 1.129363e+22 
5.812500e+04 4.309817e-16 1.160242e+22 
5.828125e+04 4.195921e-16 1.191733e+22 
5.843750e+04 4.084578e-16 1.224217e+22 
5.859375e+04 3.977022e-16 1.257322e+22 
5.875000e+04 3.871859e-16 1.291469e+22 
5.890625e+04 3.770318e-16 1.326248e+22 
5.906250e+04 3.671017e-16 1.362120e+22 
5.921875e+04 3.575173e-16 1.398634e+22 
5.937500e+04 3.481426e-16 1.436293e+22 
5.953125e+04 3.390968e-16 1.474605e+22 
5.968750e+04 3.302473e-16 1.514117e+22 
5.984375e+04 3.217104e-16 1.554292e+22 
6.000000e+04 3.133570e-16 1.595724e+22 
6.015625e+04 3.053001e-16 1.637833e+22 
6.031250e+04 2.974147e-16 1.681254e+22 
6.046875e+04 2.898100e-16 1.725368e+22 
6.062500e+04 2.823657e-16 1.770853e+22 
6.078125e+04 2.751868e-16 1.817048e+22 
6.093750e+04 2.681577e-16 1.864675e+22 
6.109375e+04 2.613792e-16 1.913029e+22 
6.125000e+04 2.547408e-16 1.962879e+22 
6.140625e+04 2.483388e-16 2.013478e+22 
6.156250e+04 2.420676e-16 2.065639e+22 
6.171875e+04 2.360192e-16 2.118571e+22 
6.187500e+04 2.300931e-16 2.173134e+22 
6.203125e+04 2.243768e-16 2.228494e+22 
6.218750e+04 2.187747e-16 2.285556e+22 
6.234375e+04 2.133702e-16 2.343445e+22 
6.250000e+04 2.080724e-16 2.403110e+22 
6.265625e+04 2.029604e-16 2.463634e+22 
6.281250e+04 1.979482e-16 2.526013e+22 
6.296875e+04 1.931108e-16 2.589287e+22 
6.312500e+04 1.883667e-16 2.654497e+22 
6.328125e+04 1.837869e-16 2.720642e+22 
6.343750e+04 1.792944e-16 2.788810e+22 
6.359375e+04 1.749564e-16 2.857955e+22 
6.375000e+04 1.707000e-16 2.929216e+22 
6.390625e+04 1.665889e-16 3.001501e+22 
6.406250e+04 1.625542e-16 3.075997e+22 
6.421875e+04 1.586561e-16 3.151570e+22 
6.437500e+04 1.548295e-16 3.229458e+22 
6.453125e+04 1.511315e-16 3.308478e+22 
6.468750e+04 1.475004e-16 3.389920e+22 
6.484375e+04 1.439902e-16 3.472557e+22 
6.500000e+04 1.405429e-16 3.557733e+22 
6.515625e+04 1.372092e-16 3.644170e+22 
6.531250e+04 1.339345e-16 3.733268e+22 
6.546875e+04 1.307668e-16 3.823701e+22 
6.562500e+04 1.276544e-16 3.916925e+22 
6.578125e+04 1.246427e-16 4.011565e+22 
6.593750e+04 1.216830e-16 4.109135e+22 
6.609375e+04 1.188182e-16 4.208209e+22 
6.625000e+04 1.160023e-16 4.310360e+22 
6.640625e+04 1.132757e-16 4.414110e+22 
6.656250e+04 1.105950e-16 4.521098e+22 
6.671875e+04 1.079986e-16 4.629788e+22 
6.687500e+04 1.054455e-16 4.741886e+22 
6.703125e+04 1.029718e-16 4.855798e+22 
6.718750e+04 1.005389e-16 4.973301e+22 
6.734375e+04 9.818086e-17 5.092742e+22 
6.750000e+04 9.586126e-17 5.215971e+22 
6.765625e+04 9.361244e-17 5.341270e+22 
6.781250e+04 9.139981e-17 5.470570e+22 
6.796875e+04 8.925405e-17 5.602086e+22 
6.812500e+04 8.714243e-17 5.737832e+22 
6.828125e+04 8.509403e-17 5.875953e+22 
6.843750e+04 8.307786e-17 6.018550e+22 
6.859375e+04 8.112148e-17 6.163695e+22 
6.875000e+04 7.919556e-17 6.313585e+22 
6.890625e+04 7.732623e-17 6.466211e+22 
6.906250e+04 7.548569e-17 6.623871e+22 
6.921875e+04 7.369876e-17 6.784474e+22 
6.937500e+04 7.193906e-17 6.950426e+22 
6.953125e+04 7.023020e-17 7.119544e+22 
6.968750e+04 6.854710e-17 7.294354e+22 
6.984375e+04 6.691224e-17 7.472573e+22 
7.000000e+04 6.530178e-17 7.656858e+22 
7.015625e+04 6.373716e-17 7.844817e+22 
7.031250e+04 6.219565e-17 8.039247e+22 
7.046875e+04 6.069773e-17 8.237639e+22 
7.062500e+04 5.922173e-17 8.442945e+22 
7.078125e+04 5.778726e-17 8.652526e+22 
7.093750e+04 5.637358e-17 8.869502e+22 
7.109375e+04 5.499951e-17 9.091089e+22 
7.125000e+04 5.364519e-17 9.320600e+22 
7.140625e+04 5.232872e-17 9.555082e+22 
7.156250e+04 5.103102e-17 9.798061e+22 
7.171875e+04 4.976958e-17 1.004640e+23 
7.187500e+04 4.852600e-17 1.030385e+23 
7.203125e+04 4.731724e-17 1.056707e+23 
7.218750e+04 4.612549e-17 1.084009e+23 
7.234375e+04 4.496728e-17 1.111929e+23 
7.250000e+04 4.382530e-17 1.140903e+23 
7.265625e+04 4.271576e-17 1.170538e+23 
7.281250e+04 4.162172e-17 1.201306e+23 
7.296875e+04 4.055920e-17 1.232776e+23 
7.312500e+04 3.951151e-17 1.265464e+23 
7.328125e+04 3.849461e-17 1.298893e+23 
7.343750e+04 3.749195e-17 1.333630e+23 
7.359375e+04 3.651954e-17 1.369140e+23 
7.375000e+04 3.556085e-17 1.406051e+23 
7.390625e+04 3.463210e-17 1.443757e+23 
7.406250e+04 3.371661e-17 1.482959e+23 
7.421875e+04 3.283098e-17 1.522962e+23 
7.437500e+04 3.195824e-17 1.564552e+23 
7.453125e+04 3.111551e-17 1.606926e+23 
7.468750e+04 3.028540e-17 1.650970e+23 
7.484375e+04 2.948569e-17 1.695748e+23 
7.500000e+04 2.869842e-17 1.742266e+23 
7.515625e+04 2.794217e-17 1.789420e+23 
7.531250e+04 2.719828e-17 1.838361e+23 
7.546875e+04 2.648624e-17 1.887782e+23 
7.562500e+04 2.578660e-17 1.939001e+23 
7.578125e+04 2.511977e-17 1.990474e+23 
7.593750e+04 2.446547e-17 2.043706e+23 
7.609375e+04 2.384503e-17 2.096883e+23 
7.625000e+04 2.323735e-17 2.151718e+23 
7.640625e+04 2.266454e-17 2.206099e+23 
7.656250e+04 2.210478e-17 2.261964e+23 
7.671875e+04 2.158077e-17 2.316887e+23 
7.687500e+04 2.107013e-17 2.373037e+23 
7.703125e+04 2.059586e-17 2.427682e+23 
7.718750e+04 2.013529e-17 2.483212e+23 
7.734375e+04 1.971135e-17 2.536620e+23 
7.750000e+04 1.930141e-17 2.590494e+23 
7.765625e+04 1.892796e-17 2.641604e+23 
7.781250e+04 1.856878e-17 2.692702e+23 
7.796875e+04 1.824561e-17 2.740395e+23 
7.812500e+04 1.793688e-17 2.787562e+23 
7.828125e+04 1.766348e-17 2.830710e+23 
7.843750e+04 1.740466e-17 2.872804e+23 
7.859375e+04 1.718037e-17 2.910307e+23 
7.875000e+04 1.697080e-17 2.946246e+23 
7.890625e+04 1.679508e-17 2.977073e+23 
7.906250e+04 1.663418e-17 3.005868e+23 
7.921875e+04 1.650663e-17 3.029095e+23 
7.937500e+04 1.639404e-17 3.049899e+23 
7.953125e+04 1.631449e-17 3.064770e+23 
7.968750e+04 1.625001e-17 3.076932e+23 
7.984375e+04 1.621844e-17 3.082921e+23 
8.000000e+04 1.620200e-17 3.086049e+23 
