0.000000e+00 2.111714e-19 1.000000e+25 
6.250000e+02 2.117483e-19 1.000000e+25 
1.250000e+03 2.130151e-19 1.000000e+25 
1.875000e+03 2.154293e-19 1.000000e+25 
2.500000e+03 2.185197e-19 1.000000e+25 
3.125000e+03 2.227415e-19 1.000000e+25 
3.750000e+03 2.276168e-19 1.000000e+25 
4.375000e+03 2.336067e-19 1.000000e+25 
5.000000e+03 2.402259e-19 1.000000e+25 
5.625000e+03 2.479529e-19 1.000000e+25 
6.250000e+03 2.562919e-19 1.000000e+25 
6.875000e+03 2.657506e-19 1.000000e+25 
7.500000e+03 2.758163e-19 1.000000e+25 
8.125000e+03 2.870247e-19 1.000000e+25 
8.750000e+03 2.988452e-19 1.000000e+25 
9.375000e+03 3.118158e-19 1.000000e+25 
1.000000e+04 3.254056e-19 1.000000e+25 
1.062500e+04 3.401143e-19 1.000000e+25 
1.125000e+04 3.554450e-19 1.000000e+25 
1.187500e+04 3.718873e-19 1.000000e+25 
1.250000e+04 3.889821e-19 1.000000e+25 
1.312500e+04 4.074038e-19 1.000000e+25 
1.375000e+04 4.266145e-19 1.000000e+25 
1.437500e+04 4.474644e-19 1.000000e+25 
1.500000e+04 4.692205e-19 1.000000e+25 
1.562500e+04 4.927950e-19 1.000000e+25 
1.625000e+04 5.173232e-19 1.000000e+25 
1.687500e+04 5.436081e-19 1.000000e+25 
1.750000e+04 5.708434e-19 1.000000e+25 
1.812500e+04 5.998739e-19 1.000000e+25 
1.875000e+04 6.299621e-19 1.000000e+25 
1.937500e+04 6.631383e-19 1.000000e+25 
2.000000e+04 6.980224e-19 1.000000e+25 
2.062500e+04 7.383143e-19 1.000000e+25 
2.125000e+04 7.810744e-19 1.000000e+25 
2.187500e+04 8.308950e-19 1.000000e+25 
2.250000e+04 8.835444e-19 1.000000e+25 
2.312500e+04 9.425198e-19 1.000000e+25 
2.375000e+04 1.004087e-18 1.000000e+25 
2.437500e+04 1.067945e-18 1.000000e+25 
2.500000e+04 1.134047e-18 1.000000e+25 
2.562500e+04 1.204458e-18 1.000000e+25 
2.625000e+04 1.280774e-18 1.000000e+25 
2.687500e+04 1.362272e-18 1.000000e+25 
2.750000e+04 1.454858e-18 1.000000e+25 
2.812500e+04 1.534065e-18 1.000000e+25 
2.875000e+04 1.638695e-18 1.000000e+25 
2.937500e+04 1.754685e-18 1.000000e+25 
3.000000e+04 1.889246e-18 1.000000e+25 
3.062500e+04 1.814835e-18 1.000000e+25 
3.125000e+04 8.098412e-19 1.000000e+25 
3.187500e+04 1.456643e-17 2.367785e+24 
3.250000e+04 1.713036e-17 1.801907e+24 
3.312500e+04 2.939179e-16 1.064263e+23 
3.375000e+04 7.511832e-16 4.025699e+22 
3.437500e+04 3.413700e-15 8.786433e+21 
3.500000e+04 8.058547e-15 3.703203e+21 
3.562500e+04 1.414951e-14 2.034688e+21 
3.625000e+04 1.879146e-14 1.467378e+21 
3.687500e+04 1.399189e-14 1.849005e+21 
3.750000e+04 5.864433e-15 4.068926e+21 
3.812500e+04 1.610348e-15 1.432123e+22 
3.875000e+04 1.872006e-16 1.296679e+23 
3.937500e+04 2.307626e-17 1.249241e+24 
4.000000e+04 1.017417e-17 3.531594e+24 
4.062500e+04 2.307626e-17 1.249241e+24 
4.125000e+04 1.872006e-16 1.296679e+23 
4.187500e+04 1.610348e-15 1.432123e+22 
4.250000e+04 5.864433e-15 4.068926e+21 
4.312500e+04 1.399189e-14 1.849005e+21 
4.375000e+04 1.879146e-14 1.467378e+21 
4.437500e+04 1.414951e-14 2.034688e+21 
4.500000e+04 8.058547e-15 3.703203e+21 
4.562500e+04 3.413700e-15 8.786433e+21 
4.625000e+04 7.511832e-16 4.025699e+22 
4.687500e+04 2.939179e-16 1.064263e+23 
4.750000e+04 1.713036e-17 1.801907e+24 
4.812500e+04 1.456643e-17 2.367785e+24 
4.875000e+04 8.098412e-19 1.000000e+25 
4.937500e+04 1.814835e-18 1.000000e+25 
5.000000e+04 1.889246e-18 1.000000e+25 
5.062500e+04 1.754685e-18 1.000000e+25 
5.125000e+04 1.638695e-18 1.000000e+25 
5.187500e+04 1.534065e-18 1.000000e+25 
5.250000e+04 1.454858e-18 1.000000e+25 
5.312500e+04 1.362272e-18 1.000000e+25 
5.375000e+04 1.280774e-18 1.000000e+25 
5.437500e+04 1.204458e-18 1.000000e+25 
5.500000e+04 1.134047e-18 1.000000e+25 
5.562500e+04 1.067945e-18 1.000000e+25 
5.625000e+04 1.004087e-18 1.000000e+25 
5.687500e+04 9.425198e-19 1.000000e+25 
5.750000e+04 8.835444e-19 1.000000e+25 
5.812500e+04 8.308950e-19 1.000000e+25 
5.875000e+04 7.810744e-19 1.000000e+25 
5.937500e+04 7.383143e-19 1.000000e+25 
6.000000e+04 6.980224e-19 1.000000e+25 
6.062500e+04 6.631383e-19 1.000000e+25 
6.125000e+04 6.299621e-19 1.000000e+25 
6.187500e+04 5.998739e-19 1.000000e+25 
6.250000e+04 5.708434e-19 1.000000e+25 
6.312500e+04 5.436081e-19 1.000000e+25 
6.375000e+04 5.173232e-19 1.000000e+25 
6.437500e+04 4.927950e-19 1.000000e+25 
6.500000e+04 4.692205e-19 1.000000e+25 
6.562500e+04 4.474644e-19 1.000000e+25 
6.625000e+04 4.266145e-19 1.000000e+25 
6.687500e+04 4.074038e-19 1.000000e+25 
6.750000e+04 3.889821e-19 1.000000e+25 
6.812500e+04 3.718873e-19 1.000000e+25 
6.875000e+04 3.554450e-19 1.000000e+25 
6.937500e+04 3.401143e-19 1.000000e+25 
7.000000e+04 3.254056e-19 1.000000e+25 
7.062500e+04 3.118158e-19 1.000000e+25 
7.125000e+04 2.988452e-19 1.000000e+25 
7.187500e+04 2.870247e-19 1.000000e+25 
7.250000e+04 2.758163e-19 1.000000e+25 
7.312500e+04 2.657506e-19 1.000000e+25 
7.375000e+04 2.562919e-19 1.000000e+25 
7.437500e+04 2.479529e-19 1.000000e+25 
7.500000e+04 2.402259e-19 1.000000e+25 
7.562500e+04 2.336067e-19 1.000000e+25 
7.625000e+04 2.276168e-19 1.000000e+25 
7.687500e+04 2.227415e-19 1.000000e+25 
7.750000e+04 2.185197e-19 1.000000e+25 
7.812500e+04 2.154293e-19 1.000000e+25 
7.875000e+04 2.130151e-19 1.000000e+25 
7.937500e+04 2.117483e-19 1.000000e+25 
8.000000e+04 2.111714e-19 1.000000e+25 
