0.000000e+00 2.422964e-17 2.544788e+24 
1.562500e+02 2.422880e-17 2.544778e+24 
3.125000e+02 2.422619e-17 2.544902e+24 
4.687500e+02 2.422187e-17 2.545027e+24 
6.250000e+02 2.421566e-17 2.545298e+24 
7.812500e+02 2.420765e-17 2.545633e+24 
9.375000e+02 2.419756e-17 2.546134e+24 
1.093750e+03 2.418556e-17 2.546787e+24 
1.250000e+03 2.417127e-17 2.547625e+24 
1.406250e+03 2.415503e-17 2.548715e+24 
1.562500e+03 2.413636e-17 2.550001e+24 
1.718750e+03 2.411577e-17 2.551632e+24 
1.875000e+03 2.409275e-17 2.553455e+24 
2.031250e+03 2.406798e-17 2.555694e+24 
2.187500e+03 2.404095e-17 2.558105e+24 
2.343750e+03 2.401245e-17 2.560972e+24 
2.500000e+03 2.398207e-17 2.563973e+24 
2.656250e+03 2.395062e-17 2.567441e+24 
2.812500e+03 2.391781e-17 2.570987e+24 
2.968750e+03 2.388441e-17 2.574980e+24 
3.125000e+03 2.385030e-17 2.578983e+24 
3.281250e+03 2.381615e-17 2.583390e+24 
3.437500e+03 2.378199e-17 2.587730e+24 
3.593750e+03 2.374836e-17 2.592414e+24 
3.750000e+03 2.371546e-17 2.596949e+24 
3.906250e+03 2.368361e-17 2.601756e+24 
4.062500e+03 2.365322e-17 2.606334e+24 
4.218750e+03 2.362440e-17 2.611105e+24 
4.375000e+03 2.359769e-17 2.615570e+24 
4.531250e+03 2.357301e-17 2.620150e+24 
4.687500e+03 2.355104e-17 2.624351e+24 
4.843750e+03 2.353150e-17 2.628593e+24 
5.000000e+03 2.351517e-17 2.632390e+24 
5.156250e+03 2.350162e-17 2.636159e+24 
5.312500e+03 2.349171e-17 2.639425e+24 
5.468750e+03 2.348487e-17 2.642601e+24 
5.625000e+03 2.348201e-17 2.645227e+24 
5.781250e+03 2.348246e-17 2.647707e+24 
5.937500e+03 2.348715e-17 2.649596e+24 
6.093750e+03 2.349536e-17 2.651293e+24 
6.250000e+03 2.350801e-17 2.652368e+24 
6.406250e+03 2.352435e-17 2.653210e+24 
6.562500e+03 2.354526e-17 2.653407e+24 
6.718750e+03 2.357002e-17 2.653338e+24 
6.875000e+03 2.359945e-17 2.652606e+24 
7.031250e+03 2.363287e-17 2.651581e+24 
7.187500e+03 2.367100e-17 2.649884e+24 
7.343750e+03 2.371327e-17 2.647871e+24 
7.500000e+03 2.376027e-17 2.645181e+24 
7.656250e+03 2.381156e-17 2.642157e+24 
7.812500e+03 2.386758e-17 2.638455e+24 
7.968750e+03 2.392806e-17 2.634405e+24 
8.125000e+03 2.399324e-17 2.629680e+24 
8.281250e+03 2.406307e-17 2.624593e+24 
8.437500e+03 2.413759e-17 2.618839e+24 
8.593750e+03 2.421698e-17 2.612710e+24 
8.750000e+03 2.430104e-17 2.605923e+24 
8.906250e+03 2.439022e-17 2.598749e+24 
9.062500e+03 2.448404e-17 2.590929e+24 
9.218750e+03 2.458330e-17 2.582708e+24 
9.375000e+03 2.468719e-17 2.573853e+24 
9.531250e+03 2.479687e-17 2.564583e+24 
9.687500e+03 2.491120e-17 2.554693e+24 
9.843750e+03 2.503174e-17 2.544369e+24 
1.000000e+04 2.515696e-17 2.533439e+24 
1.015625e+04 2.528888e-17 2.522054e+24 
1.031250e+04 2.542553e-17 2.510077e+24 
1.046875e+04 2.556947e-17 2.497619e+24 
1.062500e+04 2.571821e-17 2.484582e+24 
1.078125e+04 2.587492e-17 2.471035e+24 
1.093750e+04 2.603656e-17 2.456921e+24 
1.109375e+04 2.620694e-17 2.442262e+24 
1.125000e+04 2.638239e-17 2.427049e+24 
1.140625e+04 2.656749e-17 2.411249e+24 
1.156250e+04 2.675787e-17 2.394909e+24 
1.171875e+04 2.695891e-17 2.377936e+24 
1.187500e+04 2.716547e-17 2.360436e+24 
1.203125e+04 2.738387e-17 2.342253e+24 
1.218750e+04 2.760808e-17 2.323557e+24 
1.234375e+04 2.784543e-17 2.304127e+24 
1.250000e+04 2.808895e-17 2.284198e+24 
1.265625e+04 2.834708e-17 2.263481e+24 
1.281250e+04 2.861179e-17 2.242285e+24 
1.296875e+04 2.889274e-17 2.220248e+24 
1.312500e+04 2.918073e-17 2.197753e+24 
1.328125e+04 2.948679e-17 2.174369e+24 
1.343750e+04 2.980041e-17 2.150554e+24 
1.359375e+04 3.013410e-17 2.125806e+24 
1.375000e+04 3.047594e-17 2.100662e+24 
1.390625e+04 3.084004e-17 2.074548e+24 
1.406250e+04 3.121294e-17 2.048079e+24 
1.421875e+04 3.161051e-17 2.020615e+24 
1.437500e+04 3.201761e-17 1.992845e+24 
1.453125e+04 3.245200e-17 1.964066e+24 
1.468750e+04 3.289668e-17 1.935040e+24 
1.484375e+04 3.337154e-17 1.905004e+24 
1.500000e+04 3.385752e-17 1.874788e+24 
1.515625e+04 3.437683e-17 1.843575e+24 
1.531250e+04 3.490815e-17 1.812257e+24 
1.546875e+04 3.547624e-17 1.779969e+24 
1.562500e+04 3.605731e-17 1.747661e+24 
1.578125e+04 3.667890e-17 1.714419e+24 
1.593750e+04 3.731450e-17 1.681250e+24 
1.609375e+04 3.799474e-17 1.647197e+24 
1.625000e+04 3.869010e-17 1.613314e+24 
1.640625e+04 3.943461e-17 1.578608e+24 
1.656250e+04 4.019542e-17 1.544172e+24 
1.671875e+04 4.101035e-17 1.508982e+24 
1.687500e+04 4.184286e-17 1.474165e+24 
1.703125e+04 4.273492e-17 1.438668e+24 
1.718750e+04 4.364596e-17 1.403649e+24 
1.734375e+04 4.462253e-17 1.368030e+24 
1.750000e+04 4.561958e-17 1.332990e+24 
1.765625e+04 4.668874e-17 1.297434e+24 
1.781250e+04 4.778001e-17 1.262554e+24 
1.796875e+04 4.895063e-17 1.227242e+24 
1.812500e+04 5.014515e-17 1.192699e+24 
1.828125e+04 5.142697e-17 1.157809e+24 
1.843750e+04 5.273466e-17 1.123773e+24 
1.859375e+04 5.413837e-17 1.089473e+24 
1.875000e+04 5.557013e-17 1.056103e+24 
1.890625e+04 5.710750e-17 1.022550e+24 
1.906250e+04 5.867532e-17 9.899926e+23 
1.921875e+04 6.035929e-17 9.573297e+23 
1.937500e+04 6.207635e-17 9.257174e+23 
1.953125e+04 6.392116e-17 8.940712e+23 
1.968750e+04 6.580201e-17 8.635193e+23 
1.984375e+04 6.782334e-17 8.329990e+23 
2.000000e+04 6.988398e-17 8.036052e+23 
2.015625e+04 7.209910e-17 7.743019e+23 
2.031250e+04 7.435720e-17 7.461453e+23 
2.046875e+04 7.678516e-17 7.181312e+23 
2.062500e+04 7.926019e-17 6.912729e+23 
2.078125e+04 8.192200e-17 6.646016e+23 
2.093750e+04 8.463549e-17 6.390844e+23 
2.109375e+04 8.755433e-17 6.137916e+23 
2.125000e+04 9.053000e-17 5.896416e+23 
2.140625e+04 9.373147e-17 5.657462e+23 
2.156250e+04 9.699556e-17 5.429733e+23 
2.171875e+04 1.005079e-16 5.204789e+23 
2.187500e+04 1.040894e-16 4.990788e+23 
2.203125e+04 1.079439e-16 4.779747e+23 
2.218750e+04 1.118748e-16 4.579303e+23 
2.234375e+04 1.161059e-16 4.381936e+23 
2.250000e+04 1.204218e-16 4.194766e+23 
2.265625e+04 1.250676e-16 4.010739e+23 
2.281250e+04 1.298077e-16 3.836468e+23 
2.296875e+04 1.349107e-16 3.665360e+23 
2.312500e+04 1.401185e-16 3.503534e+23 
2.328125e+04 1.457255e-16 3.344854e+23 
2.343750e+04 1.514494e-16 3.194962e+23 
2.359375e+04 1.576124e-16 3.048165e+23 
2.375000e+04 1.639059e-16 2.909652e+23 
2.390625e+04 1.706825e-16 2.774160e+23 
2.406250e+04 1.776051e-16 2.646442e+23 
2.421875e+04 1.850591e-16 2.521653e+23 
2.437500e+04 1.926767e-16 2.404131e+23 
2.453125e+04 2.008788e-16 2.289432e+23 
2.468750e+04 2.092643e-16 2.181503e+23 
2.484375e+04 2.182925e-16 2.076282e+23 
2.500000e+04 2.275264e-16 1.977347e+23 
2.515625e+04 2.374666e-16 1.881001e+23 
2.531250e+04 2.476378e-16 1.790473e+23 
2.546875e+04 2.585844e-16 1.702412e+23 
2.562500e+04 2.697905e-16 1.619719e+23 
2.578125e+04 2.818471e-16 1.539371e+23 
2.593750e+04 2.941952e-16 1.463961e+23 
2.609375e+04 3.074753e-16 1.390775e+23 
2.625000e+04 3.210823e-16 1.322120e+23 
2.640625e+04 3.357098e-16 1.255567e+23 
2.656250e+04 3.507037e-16 1.193160e+23 
2.671875e+04 3.668137e-16 1.132737e+23 
2.687500e+04 3.833339e-16 1.076096e+23 
2.703125e+04 4.010737e-16 1.021322e+23 
2.718750e+04 4.192720e-16 9.699910e+22 
2.734375e+04 4.388022e-16 9.204114e+22 
2.750000e+04 4.588440e-16 8.739574e+22 
2.765625e+04 4.803401e-16 8.291423e+22 
2.781250e+04 5.024059e-16 7.871579e+22 
2.796875e+04 5.260602e-16 7.467014e+22 
2.812500e+04 5.503477e-16 7.088032e+22 
2.828125e+04 5.763724e-16 6.723236e+22 
2.843750e+04 6.030998e-16 6.381513e+22 
2.859375e+04 6.317310e-16 6.052902e+22 
2.875000e+04 6.611408e-16 5.745065e+22 
2.890625e+04 6.926442e-16 5.449279e+22 
2.906250e+04 7.250096e-16 5.172174e+22 
2.921875e+04 7.596877e-16 4.906073e+22 
2.937500e+04 7.953201e-16 4.656757e+22 
2.953125e+04 8.335221e-16 4.417417e+22 
2.968750e+04 8.727816e-16 4.193151e+22 
2.984375e+04 9.149148e-16 3.977855e+22 
3.000000e+04 9.582221e-16 3.776106e+22 
3.015625e+04 1.004766e-15 3.582346e+22 
3.031250e+04 1.052616e-15 3.400777e+22 
3.046875e+04 1.104135e-15 3.226255e+22 
3.062500e+04 1.157114e-15 3.062732e+22 
3.078125e+04 1.214271e-15 2.905364e+22 
3.093750e+04 1.273063e-15 2.757954e+22 
3.109375e+04 1.336630e-15 2.615876e+22 
3.125000e+04 1.402030e-15 2.482853e+22 
3.140625e+04 1.472883e-15 2.354423e+22 
3.156250e+04 1.545792e-15 2.234271e+22 
3.171875e+04 1.624901e-15 2.118070e+22 
3.187500e+04 1.706308e-15 2.009478e+22 
3.203125e+04 1.794702e-15 1.904307e+22 
3.218750e+04 1.885644e-15 1.806160e+22 
3.234375e+04 1.984352e-15 1.711021e+22 
3.250000e+04 2.085850e-15 1.622387e+22 
3.265625e+04 2.195808e-15 1.536459e+22 
3.281250e+04 2.308770e-15 1.456557e+22 
3.296875e+04 2.430695e-15 1.379161e+22 
3.312500e+04 2.555779e-15 1.307334e+22 
3.328125e+04 2.690007e-15 1.237900e+22 
3.343750e+04 2.827456e-15 1.173580e+22 
3.359375e+04 2.973737e-15 1.111605e+22 
3.375000e+04 3.123173e-15 1.054285e+22 
3.390625e+04 3.280440e-15 9.993134e+21 
3.406250e+04 3.440622e-15 9.485237e+21 
3.421875e+04 3.606721e-15 9.001240e+21 
3.437500e+04 3.775288e-15 8.554246e+21 
3.453125e+04 3.946693e-15 8.131857e+21 
3.468750e+04 4.119878e-15 7.741627e+21 
3.484375e+04 4.291406e-15 7.377003e+21 
3.500000e+04 4.463759e-15 7.039755e+21 
3.515625e+04 4.628310e-15 6.729468e+21 
3.531250e+04 4.792455e-15 6.441938e+21 
3.546875e+04 4.940835e-15 6.183211e+21 
3.562500e+04 5.087322e-15 5.942909e+21 
3.578125e+04 5.208237e-15 5.733945e+21 
3.593750e+04 5.325571e-15 5.539510e+21 
3.609375e+04 5.405927e-15 5.379959e+21 
3.625000e+04 5.480918e-15 5.231696e+21 
3.640625e+04 5.506621e-15 5.123346e+21 
3.656250e+04 5.525245e-15 5.024085e+21 
3.671875e+04 5.482734e-15 4.971981e+21 
3.687500e+04 5.431737e-15 4.928542e+21 
3.703125e+04 5.310515e-15 4.942887e+21 
3.718750e+04 5.180007e-15 4.968685e+21 
3.734375e+04 4.976313e-15 5.068141e+21 
3.750000e+04 4.763504e-15 5.187891e+21 
3.765625e+04 4.484999e-15 5.405177e+21 
3.781250e+04 4.198996e-15 5.662985e+21 
3.796875e+04 3.869584e-15 6.052979e+21 
3.812500e+04 3.536486e-15 6.523083e+21 
3.828125e+04 3.198975e-15 7.166700e+21 
3.843750e+04 2.864925e-15 7.950542e+21 
3.859375e+04 2.576398e-15 8.918485e+21 
3.875000e+04 2.301859e-15 1.006012e+22 
3.890625e+04 2.113008e-15 1.126902e+22 
3.906250e+04 1.945587e-15 1.255614e+22 
3.921875e+04 1.864711e-15 1.369195e+22 
3.937500e+04 1.799893e-15 1.477754e+22 
3.953125e+04 1.787554e-15 1.562503e+22 
3.968750e+04 1.778443e-15 1.644439e+22 
3.984375e+04 1.781738e-15 1.681492e+22 
4.000000e+04 1.785480e-15 1.718388e+22 
4.015625e+04 1.781738e-15 1.681492e+22 
4.031250e+04 1.778443e-15 1.644439e+22 
4.046875e+04 1.787554e-15 1.562503e+22 
4.062500e+04 1.799893e-15 1.477754e+22 
4.078125e+04 1.864711e-15 1.369195e+22 
4.093750e+04 1.945587e-15 1.255614e+22 
4.109375e+04 2.113008e-15 1.126902e+22 
4.125000e+04 2.301859e-15 1.006012e+22 
4.140625e+04 2.576398e-15 8.918485e+21 
4.156250e+04 2.864925e-15 7.950542e+21 
4.171875e+04 3.198975e-15 7.166700e+21 
4.187500e+04 3.536486e-15 6.523083e+21 
4.203125e+04 3.869584e-15 6.052979e+21 
4.218750e+04 4.198996e-15 5.662985e+21 
4.234375e+04 4.484999e-15 5.405177e+21 
4.250000e+04 4.763504e-15 5.187891e+21 
4.265625e+04 4.976313e-15 5.068141e+21 
4.281250e+04 5.180007e-15 4.968685e+21 
4.296875e+04 5.310515e-15 4.942887e+21 
4.312500e+04 5.431737e-15 4.928542e+21 
4.328125e+04 5.482734e-15 4.971981e+21 
4.343750e+04 5.525245e-15 5.024085e+21 
4.359375e+04 5.506621e-15 5.123346e+21 
4.375000e+04 5.480918e-15 5.231696e+21 
4.390625e+04 5.405927e-15 5.379959e+21 
4.406250e+04 5.325571e-15 5.539510e+21 
4.421875e+04 5.208237e-15 5.733945e+21 
4.437500e+04 5.087322e-15 5.942909e+21 
4.453125e+04 4.940835e-15 6.183211e+21 
4.468750e+04 4.792455e-15 6.441938e+21 
4.484375e+04 4.628310e-15 6.729468e+21 
4.500000e+04 4.463759e-15 7.039755e+21 
4.515625e+04 4.291406e-15 7.377003e+21 
4.531250e+04 4.119878e-15 7.741627e+21 
4.546875e+04 3.946693e-15 8.131857e+21 
4.562500e+04 3.775288e-15 8.554246e+21 
4.578125e+04 3.606721e-15 9.001240e+21 
4.593750e+04 3.440622e-15 9.485237e+21 
4.609375e+04 3.280440e-15 9.993134e+21 
4.625000e+04 3.123173e-15 1.054285e+22 
4.640625e+04 2.973737e-15 1.111605e+22 
4.656250e+04 2.827456e-15 1.173580e+22 
4.671875e+04 2.690007e-15 1.237900e+22 
4.687500e+04 2.555779e-15 1.307334e+22 
4.703125e+04 2.430695e-15 1.379161e+22 
4.718750e+04 2.308770e-15 1.456557e+22 
4.734375e+04 2.195808e-15 1.536459e+22 
4.750000e+04 2.085850e-15 1.622387e+22 
4.765625e+04 1.984352e-15 1.711021e+22 
4.781250e+04 1.885644e-15 1.806160e+22 
4.796875e+04 1.794702e-15 1.904307e+22 
4.812500e+04 1.706308e-15 2.009478e+22 
4.828125e+04 1.624901e-15 2.118070e+22 
4.843750e+04 1.545792e-15 2.234271e+22 
4.859375e+04 1.472883e-15 2.354423e+22 
4.875000e+04 1.402030e-15 2.482853e+22 
4.890625e+04 1.336630e-15 2.615876e+22 
4.906250e+04 1.273063e-15 2.757954e+22 
4.921875e+04 1.214271e-15 2.905364e+22 
4.937500e+04 1.157114e-15 3.062732e+22 
4.953125e+04 1.104135e-15 3.226255e+22 
4.968750e+04 1.052616e-15 3.400777e+22 
4.984375e+04 1.004766e-15 3.582346e+22 
5.000000e+04 9.582221e-16 3.776106e+22 
5.015625e+04 9.149148e-16 3.977855e+22 
5.031250e+04 8.727816e-16 4.193151e+22 
5.046875e+04 8.335221e-16 4.417417e+22 
5.062500e+04 7.953201e-16 4.656757e+22 
5.078125e+04 7.596877e-16 4.906073e+22 
5.093750e+04 7.250096e-16 5.172174e+22 
5.109375e+04 6.926442e-16 5.449279e+22 
5.125000e+04 6.611408e-16 5.745065e+22 
5.140625e+04 6.317310e-16 6.052902e+22 
5.156250e+04 6.030998e-16 6.381513e+22 
5.171875e+04 5.763724e-16 6.723236e+22 
5.187500e+04 5.503477e-16 7.088032e+22 
5.203125e+04 5.260602e-16 7.467014e+22 
5.218750e+04 5.024059e-16 7.871579e+22 
5.234375e+04 4.803401e-16 8.291423e+22 
5.250000e+04 4.588440e-16 8.739574e+22 
5.265625e+04 4.388022e-16 9.204114e+22 
5.281250e+04 4.192720e-16 9.699910e+22 
5.296875e+04 4.010737e-16 1.021322e+23 
5.312500e+04 3.833339e-16 1.076096e+23 
5.328125e+04 3.668137e-16 1.132737e+23 
5.343750e+04 3.507037e-16 1.193160e+23 
5.359375e+04 3.357098e-16 1.255567e+23 
5.375000e+04 3.210823e-16 1.322120e+23 
5.390625e+04 3.074753e-16 1.390775e+23 
5.406250e+04 2.941952e-16 1.463961e+23 
5.421875e+04 2.818471e-16 1.539371e+23 
5.437500e+04 2.697905e-16 1.619719e+23 
5.453125e+04 2.585844e-16 1.702412e+23 
5.468750e+04 2.476378e-16 1.790473e+23 
5.484375e+04 2.374666e-16 1.881001e+23 
5.500000e+04 2.275264e-16 1.977347e+23 
5.515625e+04 2.182925e-16 2.076282e+23 
5.531250e+04 2.092643e-16 2.181503e+23 
5.546875e+04 2.008788e-16 2.289432e+23 
5.562500e+04 1.926767e-16 2.404131e+23 
5.578125e+04 1.850591e-16 2.521653e+23 
5.593750e+04 1.776051e-16 2.646442e+23 
5.609375e+04 1.706825e-16 2.774160e+23 
5.625000e+04 1.639059e-16 2.909652e+23 
5.640625e+04 1.576124e-16 3.048165e+23 
5.656250e+04 1.514494e-16 3.194962e+23 
5.671875e+04 1.457255e-16 3.344854e+23 
5.687500e+04 1.401185e-16 3.503534e+23 
5.703125e+04 1.349107e-16 3.665360e+23 
5.718750e+04 1.298077e-16 3.836468e+23 
5.734375e+04 1.250676e-16 4.010739e+23 
5.750000e+04 1.204218e-16 4.194766e+23 
5.765625e+04 1.161059e-16 4.381936e+23 
5.781250e+04 1.118748e-16 4.579303e+23 
5.796875e+04 1.079439e-16 4.779747e+23 
5.812500e+04 1.040894e-16 4.990788e+23 
5.828125e+04 1.005079e-16 5.204789e+23 
5.843750e+04 9.699556e-17 5.429733e+23 
5.859375e+04 9.373147e-17 5.657462e+23 
5.875000e+04 9.053000e-17 5.896416e+23 
5.890625e+04 8.755433e-17 6.137916e+23 
5.906250e+04 8.463549e-17 6.390844e+23 
5.921875e+04 8.192200e-17 6.646016e+23 
5.937500e+04 7.926019e-17 6.912729e+23 
5.953125e+04 7.678516e-17 7.181312e+23 
5.968750e+04 7.435720e-17 7.461453e+23 
5.984375e+04 7.209910e-17 7.743019e+23 
6.000000e+04 6.988398e-17 8.036052e+23 
6.015625e+04 6.782334e-17 8.329990e+23 
6.031250e+04 6.580201e-17 8.635193e+23 
6.046875e+04 6.392116e-17 8.940712e+23 
6.062500e+04 6.207635e-17 9.257174e+23 
6.078125e+04 6.035929e-17 9.573297e+23 
6.093750e+04 5.867532e-17 9.899926e+23 
6.109375e+04 5.710750e-17 1.022550e+24 
6.125000e+04 5.557013e-17 1.056103e+24 
6.140625e+04 5.413837e-17 1.089473e+24 
6.156250e+04 5.273466e-17 1.123773e+24 
6.171875e+04 5.142697e-17 1.157809e+24 
6.187500e+04 5.014515e-17 1.192699e+24 
6.203125e+04 4.895063e-17 1.227242e+24 
6.218750e+04 4.778001e-17 1.262554e+24 
6.234375e+04 4.668874e-17 1.297434e+24 
6.250000e+04 4.561958e-17 1.332990e+24 
6.265625e+04 4.462253e-17 1.368030e+24 
6.281250e+04 4.364596e-17 1.403649e+24 
6.296875e+04 4.273492e-17 1.438668e+24 
6.312500e+04 4.184286e-17 1.474165e+24 
6.328125e+04 4.101035e-17 1.508982e+24 
6.343750e+04 4.019542e-17 1.544172e+24 
6.359375e+04 3.943461e-17 1.578608e+24 
6.375000e+04 3.869010e-17 1.613314e+24 
6.390625e+04 3.799474e-17 1.647197e+24 
6.406250e+04 3.731450e-17 1.681250e+24 
6.421875e+04 3.667890e-17 1.714419e+24 
6.437500e+04 3.605731e-17 1.747661e+24 
6.453125e+04 3.547624e-17 1.779969e+24 
6.468750e+04 3.490815e-17 1.812257e+24 
6.484375e+04 3.437683e-17 1.843575e+24 
6.500000e+04 3.385752e-17 1.874788e+24 
6.515625e+04 3.337154e-17 1.905004e+24 
6.531250e+04 3.289668e-17 1.935040e+24 
6.546875e+04 3.245200e-17 1.964066e+24 
6.562500e+04 3.201761e-17 1.992845e+24 
6.578125e+04 3.161051e-17 2.020615e+24 
6.593750e+04 3.121294e-17 2.048079e+24 
6.609375e+04 3.084004e-17 2.074548e+24 
6.625000e+04 3.047594e-17 2.100662e+24 
6.640625e+04 3.013410e-17 2.125806e+24 
6.656250e+04 2.980041e-17 2.150554e+24 
6.671875e+04 2.948679e-17 2.174369e+24 
6.687500e+04 2.918073e-17 2.197753e+24 
6.703125e+04 2.889274e-17 2.220248e+24 
6.718750e+04 2.861179e-17 2.242285e+24 
6.734375e+04 2.834708e-17 2.263481e+24 
6.750000e+04 2.808895e-17 2.284198e+24 
6.765625e+04 2.784543e-17 2.304127e+24 
6.781250e+04 2.760808e-17 2.323557e+24 
6.796875e+04 2.738387e-17 2.342253e+24 
6.812500e+04 2.716547e-17 2.360436e+24 
6.828125e+04 2.695891e-17 2.377936e+24 
6.843750e+04 2.675787e-17 2.394909e+24 
6.859375e+04 2.656749e-17 2.411249e+24 
6.875000e+04 2.638239e-17 2.427049e+24 
6.890625e+04 2.620694e-17 2.442262e+24 
6.906250e+04 2.603656e-17 2.456921e+24 
6.921875e+04 2.587492e-17 2.471035e+24 
6.937500e+04 2.571821e-17 2.484582e+24 
6.953125e+04 2.556947e-17 2.497619e+24 
6.968750e+04 2.542553e-17 2.510077e+24 
6.984375e+04 2.528888e-17 2.522054e+24 
7.000000e+04 2.515696e-17 2.533439e+24 
7.015625e+04 2.503174e-17 2.544369e+24 
7.031250e+04 2.491120e-17 2.554693e+24 
7.046875e+04 2.479687e-17 2.564583e+24 
7.062500e+04 2.468719e-17 2.573853e+24 
7.078125e+04 2.458330e-17 2.582708e+24 
7.093750e+04 2.448404e-17 2.590929e+24 
7.109375e+04 2.439022e-17 2.598749e+24 
7.125000e+04 2.430104e-17 2.605923e+24 
7.140625e+04 2.421698e-17 2.612710e+24 
7.156250e+04 2.413759e-17 2.618839e+24 
7.171875e+04 2.406307e-17 2.624593e+24 
7.187500e+04 2.399324e-17 2.629680e+24 
7.203125e+04 2.392806e-17 2.634405e+24 
7.218750e+04 2.386758e-17 2.638455e+24 
7.234375e+04 2.381156e-17 2.642157e+24 
7.250000e+04 2.376027e-17 2.645181e+24 
7.265625e+04 2.371327e-17 2.647871e+24 
7.281250e+04 2.367100e-17 2.649884e+24 
7.296875e+04 2.363287e-17 2.651581e+24 
7.312500e+04 2.359945e-17 2.652606e+24 
7.328125e+04 2.357002e-17 2.653338e+24 
7.343750e+04 2.354526e-17 2.653407e+24 
7.359375e+04 2.352435e-17 2.653210e+24 
7.375000e+04 2.350801e-17 2.652368e+24 
7.390625e+04 2.349536e-17 2.651293e+24 
7.406250e+04 2.348715e-17 2.649596e+24 
7.421875e+04 2.348246e-17 2.647707e+24 
7.437500e+04 2.348201e-17 2.645227e+24 
7.453125e+04 2.348487e-17 2.642601e+24 
7.468750e+04 2.349171e-17 2.639425e+24 
7.484375e+04 2.350162e-17 2.636159e+24 
7.500000e+04 2.351517e-17 2.632390e+24 
7.515625e+04 2.353150e-17 2.628593e+24 
7.531250e+04 2.355104e-17 2.624351e+24 
7.546875e+04 2.357301e-17 2.620150e+24 
7.562500e+04 2.359769e-17 2.615570e+24 
7.578125e+04 2.362440e-17 2.611105e+24 
7.593750e+04 2.365322e-17 2.606334e+24 
7.609375e+04 2.368361e-17 2.601756e+24 
7.625000e+04 2.371546e-17 2.596949e+24 
7.640625e+04 2.374836e-17 2.592414e+24 
7.656250e+04 2.378199e-17 2.587730e+24 
7.671875e+04 2.381615e-17 2.583390e+24 
7.687500e+04 2.385030e-17 2.578983e+24 
7.703125e+04 2.388441e-17 2.574980e+24 
7.718750e+04 2.391781e-17 2.570987e+24 
7.734375e+04 2.395062e-17 2.567441e+24 
7.750000e+04 2.398207e-17 2.563973e+24 
7.765625e+04 2.401245e-17 2.560972e+24 
7.781250e+04 2.404095e-17 2.558105e+24 
7.796875e+04 2.406798e-17 2.555694e+24 
7.812500e+04 2.409275e-17 2.553455e+24 
7.828125e+04 2.411577e-17 2.551632e+24 
7.843750e+04 2.413636e-17 2.550001e+24 
7.859375e+04 2.415503e-17 2.548715e+24 
7.875000e+04 2.417127e-17 2.547625e+24 
7.890625e+04 2.418556e-17 2.546787e+24 
7.906250e+04 2.419756e-17 2.546134e+24 
7.921875e+04 2.420765e-17 2.545633e+24 
7.937500e+04 2.421566e-17 2.545298e+24 
7.953125e+04 2.422187e-17 2.545027e+24 
7.968750e+04 2.422619e-17 2.544902e+24 
7.984375e+04 2.422880e-17 2.544778e+24 
8.000000e+04 2.422964e-17 2.544788e+24 
