0.000000e+00 1.929938e-19 1.000000e+25 
3.125000e+02 1.931242e-19 1.000000e+25 
6.250000e+02 1.934117e-19 1.000000e+25 
9.375000e+02 1.939596e-19 1.000000e+25 
1.250000e+03 1.946637e-19 1.000000e+25 
1.562500e+03 1.956271e-19 1.000000e+25 
1.875000e+03 1.967451e-19 1.000000e+25 
2.187500e+03 1.981204e-19 1.000000e+25 
2.500000e+03 1.996482e-19 1.000000e+25 
2.812500e+03 2.014310e-19 1.000000e+25 
3.125000e+03 2.033636e-19 1.000000e+25 
3.437500e+03 2.055486e-19 1.000000e+25 
3.750000e+03 2.078805e-19 1.000000e+25 
4.062500e+03 2.104624e-19 1.000000e+25 
4.375000e+03 2.131882e-19 1.000000e+25 
4.687500e+03 2.161618e-19 1.000000e+25 
5.000000e+03 2.192766e-19 1.000000e+25 
5.312500e+03 2.226379e-19 1.000000e+25 
5.625000e+03 2.261381e-19 1.000000e+25 
5.937500e+03 2.298845e-19 1.000000e+25 
6.250000e+03 2.337681e-19 1.000000e+25 
6.562500e+03 2.378989e-19 1.000000e+25 
6.875000e+03 2.421662e-19 1.000000e+25 
7.187500e+03 2.466836e-19 1.000000e+25 
7.500000e+03 2.513376e-19 1.000000e+25 
7.812500e+03 2.562466e-19 1.000000e+25 
8.125000e+03 2.612933e-19 1.000000e+25 
8.437500e+03 2.666019e-19 1.000000e+25 
8.750000e+03 2.720505e-19 1.000000e+25 
9.062500e+03 2.777695e-19 1.000000e+25 
9.375000e+03 2.836316e-19 1.000000e+25 
9.687500e+03 2.897732e-19 1.000000e+25 
1.000000e+04 2.960617e-19 1.000000e+25 
1.031250e+04 3.026372e-19 1.000000e+25 
1.062500e+04 3.093635e-19 1.000000e+25 
1.093750e+04 3.163806e-19 1.000000e+25 
1.125000e+04 3.235518e-19 1.000000e+25 
1.156250e+04 3.310120e-19 1.000000e+25 
1.187500e+04 3.386286e-19 1.000000e+25 
1.218750e+04 3.465277e-19 1.000000e+25 
1.250000e+04 3.545857e-19 1.000000e+25 
1.281250e+04 3.629198e-19 1.000000e+25 
1.312500e+04 3.714174e-19 1.000000e+25 
1.343750e+04 3.801921e-19 1.000000e+25 
1.375000e+04 3.891387e-19 1.000000e+25 
1.406250e+04 3.983763e-19 1.000000e+25 
1.437500e+04 4.077989e-19 1.000000e+25 
1.468750e+04 4.175360e-19 1.000000e+25 
1.500000e+04 4.274728e-19 1.000000e+25 
1.531250e+04 4.377481e-19 1.000000e+25 
1.562500e+04 4.482366e-19 1.000000e+25 
1.593750e+04 4.590796e-19 1.000000e+25 
1.625000e+04 4.701457e-19 1.000000e+25 
1.656250e+04 4.815737e-19 1.000000e+25 
1.687500e+04 4.932330e-19 1.000000e+25 
1.718750e+04 5.052640e-19 1.000000e+25 
1.750000e+04 5.175379e-19 1.000000e+25 
1.781250e+04 5.302093e-19 1.000000e+25 
1.812500e+04 5.431410e-19 1.000000e+25 
1.843750e+04 5.565191e-19 1.000000e+25 
1.875000e+04 5.701807e-19 1.000000e+25 
1.906250e+04 5.843561e-19 1.000000e+25 
1.937500e+04 5.988407e-19 1.000000e+25 
1.968750e+04 6.139110e-19 1.000000e+25 
2.000000e+04 6.293136e-19 1.000000e+25 
2.031250e+04 6.453671e-19 1.000000e+25 
2.062500e+04 6.617720e-19 1.000000e+25 
2.093750e+04 6.788883e-19 1.000000e+25 
2.125000e+04 6.963738e-19 1.000000e+25 
2.156250e+04 7.146471e-19 1.000000e+25 
2.187500e+04 7.333161e-19 1.000000e+25 
2.218750e+04 7.529165e-19 1.000000e+25 
2.250000e+04 7.729683e-19 1.000000e+25 
2.281250e+04 7.942353e-19 1.000000e+25 
2.312500e+04 8.160610e-19 1.000000e+25 
2.343750e+04 8.395717e-19 1.000000e+25 
2.375000e+04 8.638026e-19 1.000000e+25 
2.406250e+04 8.903125e-19 1.000000e+25 
2.437500e+04 9.177179e-19 1.000000e+25 
2.468750e+04 9.478924e-19 1.000000e+25 
2.500000e+04 9.790608e-19 1.000000e+25 
2.531250e+04 1.013107e-18 1.000000e+25 
2.562500e+04 1.048105e-18 1.000000e+25 
2.593750e+04 1.085532e-18 1.000000e+25 
2.625000e+04 1.123730e-18 1.000000e+25 
2.656250e+04 1.163398e-18 1.000000e+25 
2.687500e+04 1.203589e-18 1.000000e+25 
2.718750e+04 1.243981e-18 1.000000e+25 
2.750000e+04 1.284689e-18 1.000000e+25 
2.781250e+04 1.324429e-18 1.000000e+25 
2.812500e+04 1.364413e-18 1.000000e+25 
2.843750e+04 1.402380e-18 1.000000e+25 
2.875000e+04 1.440815e-18 1.000000e+25 
2.906250e+04 1.477634e-18 1.000000e+25 
2.937500e+04 1.515373e-18 1.000000e+25 
2.968750e+04 1.549903e-18 1.000000e+25 
3.000000e+04 1.586445e-18 1.000000e+25 
3.031250e+04 1.626486e-18 1.000000e+25 
3.062500e+04 1.670569e-18 1.000000e+25 
3.093750e+04 1.709814e-18 1.000000e+25 
3.125000e+04 1.761760e-18 1.000000e+25 
3.156250e+04 1.805212e-18 1.000000e+25 
3.187500e+04 1.855905e-18 1.000000e+25 
3.218750e+04 1.926433e-18 1.000000e+25 
3.250000e+04 1.688585e-18 1.000000e+25 
3.281250e+04 4.419214e-18 7.102172e+24 
3.312500e+04 8.285766e-18 3.909840e+24 
3.343750e+04 3.010006e-17 1.122623e+24 
3.375000e+04 5.618624e-17 5.799093e+23 
3.406250e+04 1.774834e-16 1.877106e+23 
3.437500e+04 3.265653e-16 9.826484e+22 
3.468750e+04 8.947046e-16 3.621390e+22 
3.500000e+04 1.615857e-15 1.946317e+22 
3.531250e+04 3.617918e-15 8.656306e+21 
3.562500e+04 6.129809e-15 4.988889e+21 
3.593750e+04 1.044151e-14 2.873143e+21 
3.625000e+04 1.528220e-14 1.921020e+21 
3.656250e+04 1.815419e-14 1.563002e+21 
3.687500e+04 1.965442e-14 1.406611e+21 
3.718750e+04 1.493312e-14 1.788215e+21 
3.750000e+04 9.144290e-15 2.835847e+21 
3.781250e+04 4.404840e-15 5.813300e+21 
3.812500e+04 9.037389e-16 2.692032e+22 
3.843750e+04 4.903553e-16 5.434148e+22 
3.875000e+04 1.290215e-16 2.085262e+23 
3.906250e+04 1.112758e-16 2.470531e+23 
3.937500e+04 7.691016e-17 3.569682e+23 
3.968750e+04 5.993871e-17 4.562625e+23 
4.000000e+04 4.311341e-17 6.139690e+23 
4.031250e+04 5.993871e-17 4.562625e+23 
4.062500e+04 7.691016e-17 3.569682e+23 
4.093750e+04 1.112758e-16 2.470531e+23 
4.125000e+04 1.290215e-16 2.085262e+23 
4.156250e+04 4.903553e-16 5.434148e+22 
4.187500e+04 9.037389e-16 2.692032e+22 
4.218750e+04 4.404840e-15 5.813300e+21 
4.250000e+04 9.144290e-15 2.835847e+21 
4.281250e+04 1.493312e-14 1.788215e+21 
4.312500e+04 1.965442e-14 1.406611e+21 
4.343750e+04 1.815419e-14 1.563002e+21 
4.375000e+04 1.528220e-14 1.921020e+21 
4.406250e+04 1.044151e-14 2.873143e+21 
4.437500e+04 6.129809e-15 4.988889e+21 
4.468750e+04 3.617918e-15 8.656306e+21 
4.500000e+04 1.615857e-15 1.946317e+22 
4.531250e+04 8.947046e-16 3.621390e+22 
4.562500e+04 3.265653e-16 9.826484e+22 
4.593750e+04 1.774834e-16 1.877106e+23 
4.625000e+04 5.618624e-17 5.799093e+23 
4.656250e+04 3.010006e-17 1.122623e+24 
4.687500e+04 8.285766e-18 3.909840e+24 
4.718750e+04 4.419214e-18 7.102172e+24 
4.750000e+04 1.688585e-18 1.000000e+25 
4.781250e+04 1.926433e-18 1.000000e+25 
4.812500e+04 1.855905e-18 1.000000e+25 
4.843750e+04 1.805212e-18 1.000000e+25 
4.875000e+04 1.761760e-18 1.000000e+25 
4.906250e+04 1.709814e-18 1.000000e+25 
4.937500e+04 1.670569e-18 1.000000e+25 
4.968750e+04 1.626486e-18 1.000000e+25 
5.000000e+04 1.586445e-18 1.000000e+25 
5.031250e+04 1.549903e-18 1.000000e+25 
5.062500e+04 1.515373e-18 1.000000e+25 
5.093750e+04 1.477634e-18 1.000000e+25 
5.125000e+04 1.440815e-18 1.000000e+25 
5.156250e+04 1.402380e-18 1.000000e+25 
5.187500e+04 1.364413e-18 1.000000e+25 
5.218750e+04 1.324429e-18 1.000000e+25 
5.250000e+04 1.284689e-18 1.000000e+25 
5.281250e+04 1.243981e-18 1.000000e+25 
5.312500e+04 1.203589e-18 1.000000e+25 
5.343750e+04 1.163398e-18 1.000000e+25 
5.375000e+04 1.123730e-18 1.000000e+25 
5.406250e+04 1.085532e-18 1.000000e+25 
5.437500e+04 1.048105e-18 1.000000e+25 
5.468750e+04 1.013107e-18 1.000000e+25 
5.500000e+04 9.790608e-19 1.000000e+25 
5.531250e+04 9.478924e-19 1.000000e+25 
5.562500e+04 9.177179e-19 1.000000e+25 
5.593750e+04 8.903125e-19 1.000000e+25 
5.625000e+04 8.638026e-19 1.000000e+25 
5.656250e+04 8.395717e-19 1.000000e+25 
5.687500e+04 8.160610e-19 1.000000e+25 
5.718750e+04 7.942353e-19 1.000000e+25 
5.750000e+04 7.729683e-19 1.000000e+25 
5.781250e+04 7.529165e-19 1.000000e+25 
5.812500e+04 7.333161e-19 1.000000e+25 
5.843750e+04 7.146471e-19 1.000000e+25 
5.875000e+04 6.963738e-19 1.000000e+25 
5.906250e+04 6.788883e-19 1.000000e+25 
5.937500e+04 6.617720e-19 1.000000e+25 
5.968750e+04 6.453671e-19 1.000000e+25 
6.000000e+04 6.293136e-19 1.000000e+25 
6.031250e+04 6.139110e-19 1.000000e+25 
6.062500e+04 5.988407e-19 1.000000e+25 
6.093750e+04 5.843561e-19 1.000000e+25 
6.125000e+04 5.701807e-19 1.000000e+25 
6.156250e+04 5.565191e-19 1.000000e+25 
6.187500e+04 5.431410e-19 1.000000e+25 
6.218750e+04 5.302093e-19 1.000000e+25 
6.250000e+04 5.175379e-19 1.000000e+25 
6.281250e+04 5.052640e-19 1.000000e+25 
6.312500e+04 4.932330e-19 1.000000e+25 
6.343750e+04 4.815737e-19 1.000000e+25 
6.375000e+04 4.701457e-19 1.000000e+25 
6.406250e+04 4.590796e-19 1.000000e+25 
6.437500e+04 4.482366e-19 1.000000e+25 
6.468750e+04 4.377481e-19 1.000000e+25 
6.500000e+04 4.274728e-19 1.000000e+25 
6.531250e+04 4.175360e-19 1.000000e+25 
6.562500e+04 4.077989e-19 1.000000e+25 
6.593750e+04 3.983763e-19 1.000000e+25 
6.625000e+04 3.891387e-19 1.000000e+25 
6.656250e+04 3.801921e-19 1.000000e+25 
6.687500e+04 3.714174e-19 1.000000e+25 
6.718750e+04 3.629198e-19 1.000000e+25 
6.750000e+04 3.545857e-19 1.000000e+25 
6.781250e+04 3.465277e-19 1.000000e+25 
6.812500e+04 3.386286e-19 1.000000e+25 
6.843750e+04 3.310120e-19 1.000000e+25 
6.875000e+04 3.235518e-19 1.000000e+25 
6.906250e+04 3.163806e-19 1.000000e+25 
6.937500e+04 3.093635e-19 1.000000e+25 
6.968750e+04 3.026372e-19 1.000000e+25 
7.000000e+04 2.960617e-19 1.000000e+25 
7.031250e+04 2.897732e-19 1.000000e+25 
7.062500e+04 2.836316e-19 1.000000e+25 
7.093750e+04 2.777695e-19 1.000000e+25 
7.125000e+04 2.720505e-19 1.000000e+25 
7.156250e+04 2.666019e-19 1.000000e+25 
7.187500e+04 2.612933e-19 1.000000e+25 
7.218750e+04 2.562466e-19 1.000000e+25 
7.250000e+04 2.513376e-19 1.000000e+25 
7.281250e+04 2.466836e-19 1.000000e+25 
7.312500e+04 2.421662e-19 1.000000e+25 
7.343750e+04 2.378989e-19 1.000000e+25 
7.375000e+04 2.337681e-19 1.000000e+25 
7.406250e+04 2.298845e-19 1.000000e+25 
7.437500e+04 2.261381e-19 1.000000e+25 
7.468750e+04 2.226379e-19 1.000000e+25 
7.500000e+04 2.192766e-19 1.000000e+25 
7.531250e+04 2.161618e-19 1.000000e+25 
7.562500e+04 2.131882e-19 1.000000e+25 
7.593750e+04 2.104624e-19 1.000000e+25 
7.625000e+04 2.078805e-19 1.000000e+25 
7.656250e+04 2.055486e-19 1.000000e+25 
7.687500e+04 2.033636e-19 1.000000e+25 
7.718750e+04 2.014310e-19 1.000000e+25 
7.750000e+04 1.996482e-19 1.000000e+25 
7.781250e+04 1.981204e-19 1.000000e+25 
7.812500e+04 1.967451e-19 1.000000e+25 
7.843750e+04 1.956271e-19 1.000000e+25 
7.875000e+04 1.946637e-19 1.000000e+25 
7.906250e+04 1.939596e-19 1.000000e+25 
7.937500e+04 1.934117e-19 1.000000e+25 
7.968750e+04 1.931242e-19 1.000000e+25 
8.000000e+04 1.929938e-19 1.000000e+25 
