0.000000e+00 8.122555e-20 1.000000e+25 
4.166667e+02 8.131652e-20 1.000000e+25 
8.333333e+02 8.151720e-20 1.000000e+25 
1.250000e+03 8.189916e-20 1.000000e+25 
1.666667e+03 8.238988e-20 1.000000e+25 
2.083333e+03 8.305999e-20 1.000000e+25 
2.500000e+03 8.383713e-20 1.000000e+25 
2.916667e+03 8.479078e-20 1.000000e+25 
3.333333e+03 8.584922e-20 1.000000e+25 
3.750000e+03 8.708068e-20 1.000000e+25 
4.166667e+03 8.841457e-20 1.000000e+25 
4.583333e+03 8.991781e-20 1.000000e+25 
5.000000e+03 9.152138e-20 1.000000e+25 
5.416667e+03 9.329085e-20 1.000000e+25 
5.833333e+03 9.515923e-20 1.000000e+25 
6.250000e+03 9.719063e-20 1.000000e+25 
6.666667e+03 9.932057e-20 1.000000e+25 
7.083333e+03 1.016114e-19 1.000000e+25 
7.500000e+03 1.040018e-19 1.000000e+25 
7.916667e+03 1.065519e-19 1.000000e+25 
8.333333e+03 1.092043e-19 1.000000e+25 
8.750000e+03 1.120157e-19 1.000000e+25 
9.166667e+03 1.149339e-19 1.000000e+25 
9.583333e+03 1.180109e-19 1.000000e+25 
1.000000e+04 1.212014e-19 1.000000e+25 
1.041667e+04 1.245497e-19 1.000000e+25 
1.083333e+04 1.280201e-19 1.000000e+25 
1.125000e+04 1.316458e-19 1.000000e+25 
1.166667e+04 1.354042e-19 1.000000e+25 
1.208333e+04 1.393121e-19 1.000000e+25 
1.250000e+04 1.433650e-19 1.000000e+25 
1.291667e+04 1.475568e-19 1.000000e+25 
1.333333e+04 1.519070e-19 1.000000e+25 
1.375000e+04 1.563804e-19 1.000000e+25 
1.416667e+04 1.610264e-19 1.000000e+25 
1.458333e+04 1.657766e-19 1.000000e+25 
1.500000e+04 1.707143e-19 1.000000e+25 
1.541667e+04 1.757416e-19 1.000000e+25 
1.583333e+04 1.809739e-19 1.000000e+25 
1.625000e+04 1.863008e-19 1.000000e+25 
1.666667e+04 1.918568e-19 1.000000e+25 
1.708333e+04 1.975585e-19 1.000000e+25 
1.750000e+04 2.035274e-19 1.000000e+25 
1.791667e+04 2.097591e-19 1.000000e+25 
1.833333e+04 2.163101e-19 1.000000e+25 
1.875000e+04 2.233390e-19 1.000000e+25 
1.916667e+04 2.307730e-19 1.000000e+25 
1.958333e+04 2.388712e-19 1.000000e+25 
2.000000e+04 2.473889e-19 1.000000e+25 
2.041667e+04 2.569872e-19 1.000000e+25 
2.083333e+04 2.672693e-19 1.000000e+25 
2.125000e+04 2.780171e-19 1.000000e+25 
2.166667e+04 2.887270e-19 1.000000e+25 
2.208333e+04 3.011553e-19 1.000000e+25 
2.250000e+04 3.152454e-19 1.000000e+25 
2.291667e+04 3.296051e-19 1.000000e+25 
2.333333e+04 3.425292e-19 1.000000e+25 
2.375000e+04 3.513138e-19 1.000000e+25 
2.416667e+04 3.483181e-19 1.000000e+25 
2.458333e+04 3.388272e-19 1.000000e+25 
2.500000e+04 4.174231e-19 1.000000e+25 
2.541667e+04 7.025213e-19 7.162841e+24 
2.583333e+04 1.110994e-18 4.504958e+24 
2.625000e+04 1.894399e-18 2.651724e+24 
2.666667e+04 2.980131e-18 1.679163e+24 
2.708333e+04 5.290849e-18 9.493207e+23 
2.750000e+04 8.398989e-18 5.956626e+23 
2.791667e+04 1.515601e-17 3.311951e+23 
2.833333e+04 2.422552e-17 2.064708e+23 
2.875000e+04 4.391534e-17 1.142124e+23 
2.916667e+04 7.020709e-17 7.123908e+22 
2.958333e+04 1.257607e-16 3.985632e+22 
3.000000e+04 1.992234e-16 2.510890e+22 
3.041667e+04 3.478729e-16 1.440363e+22 
3.083333e+04 5.420307e-16 9.234648e+21 
3.125000e+04 9.090675e-16 5.514161e+21 
3.166667e+04 1.377336e-15 3.640194e+21 
3.208333e+04 2.171912e-15 2.312676e+21 
3.250000e+04 3.141284e-15 1.601714e+21 
3.291667e+04 4.536389e-15 1.112221e+21 
3.333333e+04 6.112209e-15 8.280394e+20 
3.375000e+04 7.855354e-15 6.465204e+20 
3.416667e+04 9.570428e-15 5.324427e+20 
3.458333e+04 1.058720e-14 4.823180e+20 
3.500000e+04 1.114947e-14 4.584523e+20 
3.541667e+04 1.012866e-14 5.036945e+20 
3.583333e+04 8.527119e-15 5.963705e+20 
3.625000e+04 6.065341e-15 8.343905e+20 
3.666667e+04 3.681111e-15 1.368284e+21 
3.708333e+04 2.363987e-15 2.127383e+21 
3.750000e+04 1.492061e-15 3.361291e+21 
3.791667e+04 1.295404e-15 3.870081e+21 
3.833333e+04 1.127754e-15 4.443619e+21 
3.875000e+04 9.980566e-16 5.019906e+21 
3.916667e+04 8.751011e-16 5.723645e+21 
3.958333e+04 8.343984e-16 6.002481e+21 
4.000000e+04 8.132903e-16 6.157873e+21 
4.041667e+04 8.343984e-16 6.002481e+21 
4.083333e+04 8.751011e-16 5.723645e+21 
4.125000e+04 9.980566e-16 5.019906e+21 
4.166667e+04 1.127754e-15 4.443619e+21 
4.208333e+04 1.295404e-15 3.870081e+21 
4.250000e+04 1.492061e-15 3.361291e+21 
4.291667e+04 2.363987e-15 2.127383e+21 
4.333333e+04 3.681111e-15 1.368284e+21 
4.375000e+04 6.065341e-15 8.343905e+20 
4.416667e+04 8.527119e-15 5.963705e+20 
4.458333e+04 1.012866e-14 5.036945e+20 
4.500000e+04 1.114947e-14 4.584523e+20 
4.541667e+04 1.058720e-14 4.823180e+20 
4.583333e+04 9.570428e-15 5.324427e+20 
4.625000e+04 7.855354e-15 6.465204e+20 
4.666667e+04 6.112209e-15 8.280394e+20 
4.708333e+04 4.536389e-15 1.112221e+21 
4.750000e+04 3.141284e-15 1.601714e+21 
4.791667e+04 2.171912e-15 2.312676e+21 
4.833333e+04 1.377336e-15 3.640194e+21 
4.875000e+04 9.090675e-16 5.514161e+21 
4.916667e+04 5.420307e-16 9.234648e+21 
4.958333e+04 3.478729e-16 1.440363e+22 
5.000000e+04 1.992234e-16 2.510890e+22 
5.041667e+04 1.257607e-16 3.985632e+22 
5.083333e+04 7.020709e-17 7.123908e+22 
5.125000e+04 4.391534e-17 1.142124e+23 
5.166667e+04 2.422552e-17 2.064708e+23 
5.208333e+04 1.515601e-17 3.311951e+23 
5.250000e+04 8.398989e-18 5.956626e+23 
5.291667e+04 5.290849e-18 9.493207e+23 
5.333333e+04 2.980131e-18 1.679163e+24 
5.375000e+04 1.894399e-18 2.651724e+24 
5.416667e+04 1.110994e-18 4.504958e+24 
5.458333e+04 7.025213e-19 7.162841e+24 
5.500000e+04 4.174231e-19 1.000000e+25 
5.541667e+04 3.388272e-19 1.000000e+25 
5.583333e+04 3.483181e-19 1.000000e+25 
5.625000e+04 3.513138e-19 1.000000e+25 
5.666667e+04 3.425292e-19 1.000000e+25 
5.708333e+04 3.296051e-19 1.000000e+25 
5.750000e+04 3.152454e-19 1.000000e+25 
5.791667e+04 3.011553e-19 1.000000e+25 
5.833333e+04 2.887270e-19 1.000000e+25 
5.875000e+04 2.780171e-19 1.000000e+25 
5.916667e+04 2.672693e-19 1.000000e+25 
5.958333e+04 2.569872e-19 1.000000e+25 
6.000000e+04 2.473889e-19 1.000000e+25 
6.041667e+04 2.388712e-19 1.000000e+25 
6.083333e+04 2.307730e-19 1.000000e+25 
6.125000e+04 2.233390e-19 1.000000e+25 
6.166667e+04 2.163101e-19 1.000000e+25 
6.208333e+04 2.097591e-19 1.000000e+25 
6.250000e+04 2.035274e-19 1.000000e+25 
6.291667e+04 1.975585e-19 1.000000e+25 
6.333333e+04 1.918568e-19 1.000000e+25 
6.375000e+04 1.863008e-19 1.000000e+25 
6.416667e+04 1.809739e-19 1.000000e+25 
6.458333e+04 1.757416e-19 1.000000e+25 
6.500000e+04 1.707143e-19 1.000000e+25 
6.541667e+04 1.657766e-19 1.000000e+25 
6.583333e+04 1.610264e-19 1.000000e+25 
6.625000e+04 1.563804e-19 1.000000e+25 
6.666667e+04 1.519070e-19 1.000000e+25 
6.708333e+04 1.475568e-19 1.000000e+25 
6.750000e+04 1.433650e-19 1.000000e+25 
6.791667e+04 1.393121e-19 1.000000e+25 
6.833333e+04 1.354042e-19 1.000000e+25 
6.875000e+04 1.316458e-19 1.000000e+25 
6.916667e+04 1.280201e-19 1.000000e+25 
6.958333e+04 1.245497e-19 1.000000e+25 
7.000000e+04 1.212014e-19 1.000000e+25 
7.041667e+04 1.180109e-19 1.000000e+25 
7.083333e+04 1.149339e-19 1.000000e+25 
7.125000e+04 1.120157e-19 1.000000e+25 
7.166667e+04 1.092043e-19 1.000000e+25 
7.208333e+04 1.065519e-19 1.000000e+25 
7.250000e+04 1.040018e-19 1.000000e+25 
7.291667e+04 1.016114e-19 1.000000e+25 
7.333333e+04 9.932057e-20 1.000000e+25 
7.375000e+04 9.719063e-20 1.000000e+25 
7.416667e+04 9.515923e-20 1.000000e+25 
7.458333e+04 9.329085e-20 1.000000e+25 
7.500000e+04 9.152138e-20 1.000000e+25 
7.541667e+04 8.991781e-20 1.000000e+25 
7.583333e+04 8.841457e-20 1.000000e+25 
7.625000e+04 8.708068e-20 1.000000e+25 
7.666667e+04 8.584922e-20 1.000000e+25 
7.708333e+04 8.479078e-20 1.000000e+25 
7.750000e+04 8.383713e-20 1.000000e+25 
7.791667e+04 8.305999e-20 1.000000e+25 
7.833333e+04 8.238988e-20 1.000000e+25 
7.875000e+04 8.189916e-20 1.000000e+25 
7.916667e+04 8.151720e-20 1.000000e+25 
7.958333e+04 8.131652e-20 1.000000e+25 
8.000000e+04 8.122555e-20 1.000000e+25 
