0.000000e+00 2.126148e-19 1.000000e+25 
6.250000e+02 2.131958e-19 1.000000e+25 
1.250000e+03 2.144697e-19 1.000000e+25 
1.875000e+03 2.168990e-19 1.000000e+25 
2.500000e+03 2.200075e-19 1.000000e+25 
3.125000e+03 2.242555e-19 1.000000e+25 
3.750000e+03 2.291599e-19 1.000000e+25 
4.375000e+03 2.351873e-19 1.000000e+25 
5.000000e+03 2.418472e-19 1.000000e+25 
5.625000e+03 2.496246e-19 1.000000e+25 
6.250000e+03 2.580178e-19 1.000000e+25 
6.875000e+03 2.675424e-19 1.000000e+25 
7.500000e+03 2.776788e-19 1.000000e+25 
8.125000e+03 2.889693e-19 1.000000e+25 
8.750000e+03 3.008776e-19 1.000000e+25 
9.375000e+03 3.139416e-19 1.000000e+25 
1.000000e+04 3.276310e-19 1.000000e+25 
1.062500e+04 3.424304e-19 1.000000e+25 
1.125000e+04 3.578564e-19 1.000000e+25 
1.187500e+04 3.743716e-19 1.000000e+25 
1.250000e+04 3.915450e-19 1.000000e+25 
1.312500e+04 4.100397e-19 1.000000e+25 
1.375000e+04 4.293477e-19 1.000000e+25 
1.437500e+04 4.503178e-19 1.000000e+25 
1.500000e+04 4.722364e-19 1.000000e+25 
1.562500e+04 4.960650e-19 1.000000e+25 
1.625000e+04 5.209319e-19 1.000000e+25 
1.687500e+04 5.477211e-19 1.000000e+25 
1.750000e+04 5.755875e-19 1.000000e+25 
1.812500e+04 6.052352e-19 1.000000e+25 
1.875000e+04 6.360137e-19 1.000000e+25 
1.937500e+04 6.689459e-19 1.000000e+25 
2.000000e+04 7.032862e-19 1.000000e+25 
2.062500e+04 7.400201e-19 1.000000e+25 
2.125000e+04 7.781347e-19 1.000000e+25 
2.187500e+04 8.194447e-19 1.000000e+25 
2.250000e+04 8.627604e-19 1.000000e+25 
2.312500e+04 9.120215e-19 1.000000e+25 
2.375000e+04 9.643277e-19 1.000000e+25 
2.437500e+04 1.026412e-18 1.000000e+25 
2.500000e+04 1.092559e-18 1.000000e+25 
2.562500e+04 1.170941e-18 1.000000e+25 
2.625000e+04 1.252512e-18 1.000000e+25 
2.687500e+04 1.338828e-18 1.000000e+25 
2.750000e+04 1.429566e-18 1.000000e+25 
2.812500e+04 1.525710e-18 1.000000e+25 
2.875000e+04 1.619190e-18 1.000000e+25 
2.937500e+04 1.675993e-18 1.000000e+25 
3.000000e+04 1.755517e-18 1.000000e+25 
3.062500e+04 1.858814e-18 1.000000e+25 
3.125000e+04 2.009610e-18 1.000000e+25 
3.187500e+04 2.055854e-18 1.000000e+25 
3.250000e+04 7.301495e-19 1.000000e+25 
3.312500e+04 1.940343e-17 1.957096e+24 
3.375000e+04 2.814880e-17 1.260264e+24 
3.437500e+04 5.338266e-16 6.730668e+22 
3.500000e+04 1.585006e-15 2.086573e+22 
3.562500e+04 7.109389e-15 4.514724e+21 
3.625000e+04 1.576492e-14 1.939183e+21 
3.687500e+04 1.614410e-14 1.798955e+21 
3.750000e+04 9.222761e-15 3.048991e+21 
3.812500e+04 2.800342e-15 9.860262e+21 
3.875000e+04 2.139014e-16 1.423588e+23 
3.937500e+04 1.122166e-16 2.755495e+23 
4.000000e+04 4.990350e-17 6.659881e+23 
4.062500e+04 1.122166e-16 2.755495e+23 
4.125000e+04 2.139014e-16 1.423588e+23 
4.187500e+04 2.800342e-15 9.860262e+21 
4.250000e+04 9.222761e-15 3.048991e+21 
4.312500e+04 1.614410e-14 1.798955e+21 
4.375000e+04 1.576492e-14 1.939183e+21 
4.437500e+04 7.109389e-15 4.514724e+21 
4.500000e+04 1.585006e-15 2.086573e+22 
4.562500e+04 5.338266e-16 6.730668e+22 
4.625000e+04 2.814880e-17 1.260264e+24 
4.687500e+04 1.940343e-17 1.957096e+24 
4.750000e+04 7.301495e-19 1.000000e+25 
4.812500e+04 2.055854e-18 1.000000e+25 
4.875000e+04 2.009610e-18 1.000000e+25 
4.937500e+04 1.858814e-18 1.000000e+25 
5.000000e+04 1.755517e-18 1.000000e+25 
5.062500e+04 1.675993e-18 1.000000e+25 
5.125000e+04 1.619190e-18 1.000000e+25 
5.187500e+04 1.525710e-18 1.000000e+25 
5.250000e+04 1.429566e-18 1.000000e+25 
5.312500e+04 1.338828e-18 1.000000e+25 
5.375000e+04 1.252512e-18 1.000000e+25 
5.437500e+04 1.170941e-18 1.000000e+25 
5.500000e+04 1.092559e-18 1.000000e+25 
5.562500e+04 1.026412e-18 1.000000e+25 
5.625000e+04 9.643277e-19 1.000000e+25 
5.687500e+04 9.120215e-19 1.000000e+25 
5.750000e+04 8.627604e-19 1.000000e+25 
5.812500e+04 8.194447e-19 1.000000e+25 
5.875000e+04 7.781347e-19 1.000000e+25 
5.937500e+04 7.400201e-19 1.000000e+25 
6.000000e+04 7.032862e-19 1.000000e+25 
6.062500e+04 6.689459e-19 1.000000e+25 
6.125000e+04 6.360137e-19 1.000000e+25 
6.187500e+04 6.052352e-19 1.000000e+25 
6.250000e+04 5.755875e-19 1.000000e+25 
6.312500e+04 5.477211e-19 1.000000e+25 
6.375000e+04 5.209319e-19 1.000000e+25 
6.437500e+04 4.960650e-19 1.000000e+25 
6.500000e+04 4.722364e-19 1.000000e+25 
6.562500e+04 4.503178e-19 1.000000e+25 
6.625000e+04 4.293477e-19 1.000000e+25 
6.687500e+04 4.100397e-19 1.000000e+25 
6.750000e+04 3.915450e-19 1.000000e+25 
6.812500e+04 3.743716e-19 1.000000e+25 
6.875000e+04 3.578564e-19 1.000000e+25 
6.937500e+04 3.424304e-19 1.000000e+25 
7.000000e+04 3.276310e-19 1.000000e+25 
7.062500e+04 3.139416e-19 1.000000e+25 
7.125000e+04 3.008776e-19 1.000000e+25 
7.187500e+04 2.889693e-19 1.000000e+25 
7.250000e+04 2.776788e-19 1.000000e+25 
7.312500e+04 2.675424e-19 1.000000e+25 
7.375000e+04 2.580178e-19 1.000000e+25 
7.437500e+04 2.496246e-19 1.000000e+25 
7.500000e+04 2.418472e-19 1.000000e+25 
7.562500e+04 2.351873e-19 1.000000e+25 
7.625000e+04 2.291599e-19 1.000000e+25 
7.687500e+04 2.242555e-19 1.000000e+25 
7.750000e+04 2.200075e-19 1.000000e+25 
7.812500e+04 2.168990e-19 1.000000e+25 
7.875000e+04 2.144697e-19 1.000000e+25 
7.937500e+04 2.131958e-19 1.000000e+25 
8.000000e+04 2.126148e-19 1.000000e+25 
