0.000000e+00 1.893379e-19 1.000000e+25 
3.125000e+02 1.894659e-19 1.000000e+25 
6.250000e+02 1.897480e-19 1.000000e+25 
9.375000e+02 1.902857e-19 1.000000e+25 
1.250000e+03 1.909767e-19 1.000000e+25 
1.562500e+03 1.919221e-19 1.000000e+25 
1.875000e+03 1.930194e-19 1.000000e+25 
2.187500e+03 1.943691e-19 1.000000e+25 
2.500000e+03 1.958685e-19 1.000000e+25 
2.812500e+03 1.976180e-19 1.000000e+25 
3.125000e+03 1.995146e-19 1.000000e+25 
3.437500e+03 2.016588e-19 1.000000e+25 
3.750000e+03 2.039472e-19 1.000000e+25 
4.062500e+03 2.064806e-19 1.000000e+25 
4.375000e+03 2.091554e-19 1.000000e+25 
4.687500e+03 2.120729e-19 1.000000e+25 
5.000000e+03 2.151291e-19 1.000000e+25 
5.312500e+03 2.184263e-19 1.000000e+25 
5.625000e+03 2.218599e-19 1.000000e+25 
5.937500e+03 2.255341e-19 1.000000e+25 
6.250000e+03 2.293427e-19 1.000000e+25 
6.562500e+03 2.333925e-19 1.000000e+25 
6.875000e+03 2.375758e-19 1.000000e+25 
7.187500e+03 2.420026e-19 1.000000e+25 
7.500000e+03 2.465628e-19 1.000000e+25 
7.812500e+03 2.513706e-19 1.000000e+25 
8.125000e+03 2.563126e-19 1.000000e+25 
8.437500e+03 2.615085e-19 1.000000e+25 
8.750000e+03 2.668403e-19 1.000000e+25 
9.062500e+03 2.724342e-19 1.000000e+25 
9.375000e+03 2.781669e-19 1.000000e+25 
9.687500e+03 2.841706e-19 1.000000e+25 
1.000000e+04 2.903168e-19 1.000000e+25 
1.031250e+04 2.967427e-19 1.000000e+25 
1.062500e+04 3.033150e-19 1.000000e+25 
1.093750e+04 3.101734e-19 1.000000e+25 
1.125000e+04 3.171815e-19 1.000000e+25 
1.156250e+04 3.244773e-19 1.000000e+25 
1.187500e+04 3.319255e-19 1.000000e+25 
1.218750e+04 3.396574e-19 1.000000e+25 
1.250000e+04 3.475438e-19 1.000000e+25 
1.281250e+04 3.557077e-19 1.000000e+25 
1.312500e+04 3.640289e-19 1.000000e+25 
1.343750e+04 3.726252e-19 1.000000e+25 
1.375000e+04 3.813846e-19 1.000000e+25 
1.406250e+04 3.904271e-19 1.000000e+25 
1.437500e+04 3.996427e-19 1.000000e+25 
1.468750e+04 4.091609e-19 1.000000e+25 
1.500000e+04 4.188651e-19 1.000000e+25 
1.531250e+04 4.288965e-19 1.000000e+25 
1.562500e+04 4.391268e-19 1.000000e+25 
1.593750e+04 4.497053e-19 1.000000e+25 
1.625000e+04 4.604932e-19 1.000000e+25 
1.656250e+04 4.716438e-19 1.000000e+25 
1.687500e+04 4.830122e-19 1.000000e+25 
1.718750e+04 4.947600e-19 1.000000e+25 
1.750000e+04 5.067367e-19 1.000000e+25 
1.781250e+04 5.191291e-19 1.000000e+25 
1.812500e+04 5.317694e-19 1.000000e+25 
1.843750e+04 5.448974e-19 1.000000e+25 
1.875000e+04 5.583036e-19 1.000000e+25 
1.906250e+04 5.723159e-19 1.000000e+25 
1.937500e+04 5.866500e-19 1.000000e+25 
1.968750e+04 6.017572e-19 1.000000e+25 
2.000000e+04 6.172425e-19 1.000000e+25 
2.031250e+04 6.337146e-19 1.000000e+25 
2.062500e+04 6.506342e-19 1.000000e+25 
2.093750e+04 6.687931e-19 1.000000e+25 
2.125000e+04 6.874796e-19 1.000000e+25 
2.156250e+04 7.076691e-19 1.000000e+25 
2.187500e+04 7.284670e-19 1.000000e+25 
2.218750e+04 7.509837e-19 1.000000e+25 
2.250000e+04 7.741723e-19 1.000000e+25 
2.281250e+04 7.991660e-19 1.000000e+25 
2.312500e+04 8.248600e-19 1.000000e+25 
2.343750e+04 8.522426e-19 1.000000e+25 
2.375000e+04 8.803126e-19 1.000000e+25 
2.406250e+04 9.097339e-19 1.000000e+25 
2.437500e+04 9.398055e-19 1.000000e+25 
2.468750e+04 9.707365e-19 1.000000e+25 
2.500000e+04 1.002298e-18 1.000000e+25 
2.531250e+04 1.034209e-18 1.000000e+25 
2.562500e+04 1.066799e-18 1.000000e+25 
2.593750e+04 1.099371e-18 1.000000e+25 
2.625000e+04 1.132784e-18 1.000000e+25 
2.656250e+04 1.166022e-18 1.000000e+25 
2.687500e+04 1.200391e-18 1.000000e+25 
2.718750e+04 1.234815e-18 1.000000e+25 
2.750000e+04 1.270887e-18 1.000000e+25 
2.781250e+04 1.307182e-18 1.000000e+25 
2.812500e+04 1.345481e-18 1.000000e+25 
2.843750e+04 1.384322e-18 1.000000e+25 
2.875000e+04 1.426083e-18 1.000000e+25 
2.906250e+04 1.470307e-18 1.000000e+25 
2.937500e+04 1.518925e-18 1.000000e+25 
2.968750e+04 1.568656e-18 1.000000e+25 
3.000000e+04 1.624698e-18 1.000000e+25 
3.031250e+04 1.672505e-18 1.000000e+25 
3.062500e+04 1.719917e-18 1.000000e+25 
3.093750e+04 1.789440e-18 1.000000e+25 
3.125000e+04 1.869619e-18 1.000000e+25 
3.156250e+04 1.842183e-18 1.000000e+25 
3.187500e+04 1.764664e-18 1.000000e+25 
3.218750e+04 5.546770e-18 5.806117e+24 
3.250000e+04 1.117272e-17 2.821069e+24 
3.281250e+04 3.329479e-17 9.536031e+23 
3.312500e+04 6.283159e-17 4.998983e+23 
3.343750e+04 1.674641e-16 1.876388e+23 
3.375000e+04 3.103144e-16 1.003422e+23 
3.406250e+04 7.384835e-16 4.202704e+22 
3.437500e+04 1.315091e-15 2.342302e+22 
3.468750e+04 2.728550e-15 1.118894e+22 
3.500000e+04 4.568494e-15 6.615181e+21 
3.531250e+04 7.929000e-15 3.754713e+21 
3.562500e+04 1.192327e-14 2.459497e+21 
3.593750e+04 1.647252e-14 1.737899e+21 
3.625000e+04 2.079246e-14 1.343056e+21 
3.656250e+04 2.146059e-14 1.251078e+21 
3.687500e+04 2.053268e-14 1.253976e+21 
3.718750e+04 1.487188e-14 1.654025e+21 
3.750000e+04 8.388238e-15 2.794599e+21 
3.781250e+04 3.734018e-15 5.998713e+21 
3.812500e+04 4.277515e-16 5.071706e+22 
3.843750e+04 1.830500e-16 1.231613e+23 
3.875000e+04 2.443127e-17 1.045903e+24 
3.906250e+04 4.683230e-18 5.621892e+24 
3.937500e+04 3.110959e-18 9.565513e+24 
3.968750e+04 1.943430e-18 1.000000e+25 
4.000000e+04 1.498768e-18 1.000000e+25 
4.031250e+04 1.943430e-18 1.000000e+25 
4.062500e+04 3.110959e-18 9.565513e+24 
4.093750e+04 4.683230e-18 5.621892e+24 
4.125000e+04 2.443127e-17 1.045903e+24 
4.156250e+04 1.830500e-16 1.231613e+23 
4.187500e+04 4.277515e-16 5.071706e+22 
4.218750e+04 3.734018e-15 5.998713e+21 
4.250000e+04 8.388238e-15 2.794599e+21 
4.281250e+04 1.487188e-14 1.654025e+21 
4.312500e+04 2.053268e-14 1.253976e+21 
4.343750e+04 2.146059e-14 1.251078e+21 
4.375000e+04 2.079246e-14 1.343056e+21 
4.406250e+04 1.647252e-14 1.737899e+21 
4.437500e+04 1.192327e-14 2.459497e+21 
4.468750e+04 7.929000e-15 3.754713e+21 
4.500000e+04 4.568494e-15 6.615181e+21 
4.531250e+04 2.728550e-15 1.118894e+22 
4.562500e+04 1.315091e-15 2.342302e+22 
4.593750e+04 7.384835e-16 4.202704e+22 
4.625000e+04 3.103144e-16 1.003422e+23 
4.656250e+04 1.674641e-16 1.876388e+23 
4.687500e+04 6.283159e-17 4.998983e+23 
4.718750e+04 3.329479e-17 9.536031e+23 
4.750000e+04 1.117272e-17 2.821069e+24 
4.781250e+04 5.546770e-18 5.806117e+24 
4.812500e+04 1.764664e-18 1.000000e+25 
4.843750e+04 1.842183e-18 1.000000e+25 
4.875000e+04 1.869619e-18 1.000000e+25 
4.906250e+04 1.789440e-18 1.000000e+25 
4.937500e+04 1.719917e-18 1.000000e+25 
4.968750e+04 1.672505e-18 1.000000e+25 
5.000000e+04 1.624698e-18 1.000000e+25 
5.031250e+04 1.568656e-18 1.000000e+25 
5.062500e+04 1.518925e-18 1.000000e+25 
5.093750e+04 1.470307e-18 1.000000e+25 
5.125000e+04 1.426083e-18 1.000000e+25 
5.156250e+04 1.384322e-18 1.000000e+25 
5.187500e+04 1.345481e-18 1.000000e+25 
5.218750e+04 1.307182e-18 1.000000e+25 
5.250000e+04 1.270887e-18 1.000000e+25 
5.281250e+04 1.234815e-18 1.000000e+25 
5.312500e+04 1.200391e-18 1.000000e+25 
5.343750e+04 1.166022e-18 1.000000e+25 
5.375000e+04 1.132784e-18 1.000000e+25 
5.406250e+04 1.099371e-18 1.000000e+25 
5.437500e+04 1.066799e-18 1.000000e+25 
5.468750e+04 1.034209e-18 1.000000e+25 
5.500000e+04 1.002298e-18 1.000000e+25 
5.531250e+04 9.707365e-19 1.000000e+25 
5.562500e+04 9.398055e-19 1.000000e+25 
5.593750e+04 9.097339e-19 1.000000e+25 
5.625000e+04 8.803126e-19 1.000000e+25 
5.656250e+04 8.522426e-19 1.000000e+25 
5.687500e+04 8.248600e-19 1.000000e+25 
5.718750e+04 7.991660e-19 1.000000e+25 
5.750000e+04 7.741723e-19 1.000000e+25 
5.781250e+04 7.509837e-19 1.000000e+25 
5.812500e+04 7.284670e-19 1.000000e+25 
5.843750e+04 7.076691e-19 1.000000e+25 
5.875000e+04 6.874796e-19 1.000000e+25 
5.906250e+04 6.687931e-19 1.000000e+25 
5.937500e+04 6.506342e-19 1.000000e+25 
5.968750e+04 6.337146e-19 1.000000e+25 
6.000000e+04 6.172425e-19 1.000000e+25 
6.031250e+04 6.017572e-19 1.000000e+25 
6.062500e+04 5.866500e-19 1.000000e+25 
6.093750e+04 5.723159e-19 1.000000e+25 
6.125000e+04 5.583036e-19 1.000000e+25 
6.156250e+04 5.448974e-19 1.000000e+25 
6.187500e+04 5.317694e-19 1.000000e+25 
6.218750e+04 5.191291e-19 1.000000e+25 
6.250000e+04 5.067367e-19 1.000000e+25 
6.281250e+04 4.947600e-19 1.000000e+25 
6.312500e+04 4.830122e-19 1.000000e+25 
6.343750e+04 4.716438e-19 1.000000e+25 
6.375000e+04 4.604932e-19 1.000000e+25 
6.406250e+04 4.497053e-19 1.000000e+25 
6.437500e+04 4.391268e-19 1.000000e+25 
6.468750e+04 4.288965e-19 1.000000e+25 
6.500000e+04 4.188651e-19 1.000000e+25 
6.531250e+04 4.091609e-19 1.000000e+25 
6.562500e+04 3.996427e-19 1.000000e+25 
6.593750e+04 3.904271e-19 1.000000e+25 
6.625000e+04 3.813846e-19 1.000000e+25 
6.656250e+04 3.726252e-19 1.000000e+25 
6.687500e+04 3.640289e-19 1.000000e+25 
6.718750e+04 3.557077e-19 1.000000e+25 
6.750000e+04 3.475438e-19 1.000000e+25 
6.781250e+04 3.396574e-19 1.000000e+25 
6.812500e+04 3.319255e-19 1.000000e+25 
6.843750e+04 3.244773e-19 1.000000e+25 
6.875000e+04 3.171815e-19 1.000000e+25 
6.906250e+04 3.101734e-19 1.000000e+25 
6.937500e+04 3.033150e-19 1.000000e+25 
6.968750e+04 2.967427e-19 1.000000e+25 
7.000000e+04 2.903168e-19 1.000000e+25 
7.031250e+04 2.841706e-19 1.000000e+25 
7.062500e+04 2.781669e-19 1.000000e+25 
7.093750e+04 2.724342e-19 1.000000e+25 
7.125000e+04 2.668403e-19 1.000000e+25 
7.156250e+04 2.615085e-19 1.000000e+25 
7.187500e+04 2.563126e-19 1.000000e+25 
7.218750e+04 2.513706e-19 1.000000e+25 
7.250000e+04 2.465628e-19 1.000000e+25 
7.281250e+04 2.420026e-19 1.000000e+25 
7.312500e+04 2.375758e-19 1.000000e+25 
7.343750e+04 2.333925e-19 1.000000e+25 
7.375000e+04 2.293427e-19 1.000000e+25 
7.406250e+04 2.255341e-19 1.000000e+25 
7.437500e+04 2.218599e-19 1.000000e+25 
7.468750e+04 2.184263e-19 1.000000e+25 
7.500000e+04 2.151291e-19 1.000000e+25 
7.531250e+04 2.120729e-19 1.000000e+25 
7.562500e+04 2.091554e-19 1.000000e+25 
7.593750e+04 2.064806e-19 1.000000e+25 
7.625000e+04 2.039472e-19 1.000000e+25 
7.656250e+04 2.016588e-19 1.000000e+25 
7.687500e+04 1.995146e-19 1.000000e+25 
7.718750e+04 1.976180e-19 1.000000e+25 
7.750000e+04 1.958685e-19 1.000000e+25 
7.781250e+04 1.943691e-19 1.000000e+25 
7.812500e+04 1.930194e-19 1.000000e+25 
7.843750e+04 1.919221e-19 1.000000e+25 
7.875000e+04 1.909767e-19 1.000000e+25 
7.906250e+04 1.902857e-19 1.000000e+25 
7.937500e+04 1.897480e-19 1.000000e+25 
7.968750e+04 1.894659e-19 1.000000e+25 
8.000000e+04 1.893379e-19 1.000000e+25 
