0.000000e+00 7.943975e-20 1.000000e+25 
2.083333e+02 7.946207e-20 1.000000e+25 
4.166667e+02 7.951124e-20 1.000000e+25 
6.250000e+02 7.960500e-20 1.000000e+25 
8.333333e+02 7.972555e-20 1.000000e+25 
1.041667e+03 7.989057e-20 1.000000e+25 
1.250000e+03 8.008227e-20 1.000000e+25 
1.458333e+03 8.031823e-20 1.000000e+25 
1.666667e+03 8.058070e-20 1.000000e+25 
1.875000e+03 8.088716e-20 1.000000e+25 
2.083333e+03 8.121992e-20 1.000000e+25 
2.291667e+03 8.159633e-20 1.000000e+25 
2.500000e+03 8.199878e-20 1.000000e+25 
2.708333e+03 8.244450e-20 1.000000e+25 
2.916667e+03 8.291598e-20 1.000000e+25 
3.125000e+03 8.343032e-20 1.000000e+25 
3.333333e+03 8.397012e-20 1.000000e+25 
3.541667e+03 8.455232e-20 1.000000e+25 
3.750000e+03 8.515968e-20 1.000000e+25 
3.958333e+03 8.580900e-20 1.000000e+25 
4.166667e+03 8.648318e-20 1.000000e+25 
4.375000e+03 8.719887e-20 1.000000e+25 
4.583333e+03 8.793914e-20 1.000000e+25 
4.791667e+03 8.872048e-20 1.000000e+25 
5.000000e+03 8.952616e-20 1.000000e+25 
5.208333e+03 9.037250e-20 1.000000e+25 
5.416667e+03 9.124300e-20 1.000000e+25 
5.625000e+03 9.215377e-20 1.000000e+25 
5.833333e+03 9.308856e-20 1.000000e+25 
6.041667e+03 9.406329e-20 1.000000e+25 
6.250000e+03 9.506197e-20 1.000000e+25 
6.458333e+03 9.610032e-20 1.000000e+25 
6.666667e+03 9.716262e-20 1.000000e+25 
6.875000e+03 9.826436e-20 1.000000e+25 
7.083333e+03 9.939015e-20 1.000000e+25 
7.291667e+03 1.005552e-19 1.000000e+25 
7.500000e+03 1.017445e-19 1.000000e+25 
7.708333e+03 1.029730e-19 1.000000e+25 
7.916667e+03 1.042260e-19 1.000000e+25 
8.125000e+03 1.055180e-19 1.000000e+25 
8.333333e+03 1.068350e-19 1.000000e+25 
8.541667e+03 1.081911e-19 1.000000e+25 
8.750000e+03 1.095726e-19 1.000000e+25 
8.958333e+03 1.109932e-19 1.000000e+25 
9.166667e+03 1.124399e-19 1.000000e+25 
9.375000e+03 1.139256e-19 1.000000e+25 
9.583333e+03 1.154382e-19 1.000000e+25 
9.791667e+03 1.169899e-19 1.000000e+25 
1.000000e+04 1.185693e-19 1.000000e+25 
1.020833e+04 1.201876e-19 1.000000e+25 
1.041667e+04 1.218349e-19 1.000000e+25 
1.062500e+04 1.235208e-19 1.000000e+25 
1.083333e+04 1.252368e-19 1.000000e+25 
1.104167e+04 1.269911e-19 1.000000e+25 
1.125000e+04 1.287768e-19 1.000000e+25 
1.145833e+04 1.306004e-19 1.000000e+25 
1.166667e+04 1.324568e-19 1.000000e+25 
1.187500e+04 1.343503e-19 1.000000e+25 
1.208333e+04 1.362781e-19 1.000000e+25 
1.229167e+04 1.382420e-19 1.000000e+25 
1.250000e+04 1.402418e-19 1.000000e+25 
1.270833e+04 1.422765e-19 1.000000e+25 
1.291667e+04 1.443486e-19 1.000000e+25 
1.312500e+04 1.464540e-19 1.000000e+25 
1.333333e+04 1.485985e-19 1.000000e+25 
1.354167e+04 1.507743e-19 1.000000e+25 
1.375000e+04 1.529910e-19 1.000000e+25 
1.395833e+04 1.552367e-19 1.000000e+25 
1.416667e+04 1.575252e-19 1.000000e+25 
1.437500e+04 1.598401e-19 1.000000e+25 
1.458333e+04 1.621998e-19 1.000000e+25 
1.479167e+04 1.645835e-19 1.000000e+25 
1.500000e+04 1.670140e-19 1.000000e+25 
1.520833e+04 1.694665e-19 1.000000e+25 
1.541667e+04 1.719681e-19 1.000000e+25 
1.562500e+04 1.744905e-19 1.000000e+25 
1.583333e+04 1.770645e-19 1.000000e+25 
1.604167e+04 1.796600e-19 1.000000e+25 
1.625000e+04 1.823099e-19 1.000000e+25 
1.645833e+04 1.849844e-19 1.000000e+25 
1.666667e+04 1.877168e-19 1.000000e+25 
1.687500e+04 1.904803e-19 1.000000e+25 
1.708333e+04 1.933061e-19 1.000000e+25 
1.729167e+04 1.961738e-19 1.000000e+25 
1.750000e+04 1.991092e-19 1.000000e+25 
1.770833e+04 2.021024e-19 1.000000e+25 
1.791667e+04 2.051700e-19 1.000000e+25 
1.812500e+04 2.083163e-19 1.000000e+25 
1.833333e+04 2.115448e-19 1.000000e+25 
1.854167e+04 2.148780e-19 1.000000e+25 
1.875000e+04 2.183019e-19 1.000000e+25 
1.895833e+04 2.218598e-19 1.000000e+25 
1.916667e+04 2.255173e-19 1.000000e+25 
1.937500e+04 2.293393e-19 1.000000e+25 
1.958333e+04 2.332694e-19 1.000000e+25 
1.979167e+04 2.373933e-19 1.000000e+25 
2.000000e+04 2.416325e-19 1.000000e+25 
2.020833e+04 2.460901e-19 1.000000e+25 
2.041667e+04 2.506677e-19 1.000000e+25 
2.062500e+04 2.554830e-19 1.000000e+25 
2.083333e+04 2.604221e-19 1.000000e+25 
2.104167e+04 2.656059e-19 1.000000e+25 
2.125000e+04 2.709098e-19 1.000000e+25 
2.145833e+04 2.764680e-19 1.000000e+25 
2.166667e+04 2.821537e-19 1.000000e+25 
2.187500e+04 2.880753e-19 1.000000e+25 
2.208333e+04 2.941018e-19 1.000000e+25 
2.229167e+04 3.003231e-19 1.000000e+25 
2.250000e+04 3.066361e-19 1.000000e+25 
2.270833e+04 3.132586e-19 1.000000e+25 
2.291667e+04 3.200937e-19 1.000000e+25 
2.312500e+04 3.267005e-19 1.000000e+25 
2.333333e+04 3.329233e-19 1.000000e+25 
2.354167e+04 3.399114e-19 1.000000e+25 
2.375000e+04 3.478905e-19 1.000000e+25 
2.395833e+04 3.560001e-19 1.000000e+25 
2.416667e+04 3.638494e-19 1.000000e+25 
2.437500e+04 3.662404e-19 1.000000e+25 
2.458333e+04 3.622326e-19 1.000000e+25 
2.479167e+04 3.686283e-19 1.000000e+25 
2.500000e+04 4.198606e-19 1.000000e+25 
2.520833e+04 5.256582e-19 9.516744e+24 
2.541667e+04 6.566188e-19 7.615000e+24 
2.562500e+04 8.262753e-19 6.052368e+24 
2.583333e+04 1.038270e-18 4.815867e+24 
2.604167e+04 1.333966e-18 3.749110e+24 
2.625000e+04 1.694803e-18 2.950352e+24 
2.645833e+04 2.201450e-18 2.271812e+24 
2.666667e+04 2.812072e-18 1.778121e+24 
2.687500e+04 3.669371e-18 1.362958e+24 
2.708333e+04 4.697381e-18 1.064459e+24 
2.729167e+04 6.152473e-18 8.128698e+23 
2.750000e+04 7.892303e-18 6.335474e+23 
2.770833e+04 1.037530e-17 4.820216e+23 
2.791667e+04 1.333539e-17 3.749515e+23 
2.812500e+04 1.757929e-17 2.844856e+23 
2.833333e+04 2.262306e-17 2.210183e+23 
2.854167e+04 2.986154e-17 1.674724e+23 
2.875000e+04 3.843333e-17 1.300982e+23 
2.895833e+04 5.070325e-17 9.863105e+22 
2.916667e+04 6.517102e-17 7.672304e+22 
2.937500e+04 8.577967e-17 5.829888e+22 
2.958333e+04 1.099651e-16 4.547033e+22 
2.979167e+04 1.442078e-16 3.467788e+22 
3.000000e+04 1.841924e-16 2.714667e+22 
3.020833e+04 2.403965e-16 2.080236e+22 
3.041667e+04 3.056646e-16 1.635885e+22 
3.062500e+04 3.965574e-16 1.261070e+22 
3.083333e+04 5.014288e-16 9.972519e+21 
3.104167e+04 6.456444e-16 7.745762e+21 
3.125000e+04 8.107275e-16 6.168303e+21 
3.145833e+04 1.033927e-15 4.837181e+21 
3.166667e+04 1.286931e-15 3.886212e+21 
3.187500e+04 1.621430e-15 3.084801e+21 
3.208333e+04 1.996024e-15 2.505980e+21 
3.229167e+04 2.476967e-15 2.019635e+21 
3.250000e+04 3.007495e-15 1.663514e+21 
3.270833e+04 3.662812e-15 1.366081e+21 
3.291667e+04 4.372042e-15 1.144631e+21 
3.312500e+04 5.203679e-15 9.618597e+20 
3.333333e+04 6.081667e-15 8.231436e+20 
3.354167e+04 7.038712e-15 7.113573e+20 
3.375000e+04 8.015178e-15 6.248168e+20 
3.395833e+04 8.967303e-15 5.585830e+20 
3.416667e+04 9.888876e-15 5.066187e+20 
3.437500e+04 1.062034e-14 4.717987e+20 
3.458333e+04 1.125543e-14 4.452298e+20 
3.479167e+04 1.150863e-14 4.354618e+20 
3.500000e+04 1.160755e-14 4.317544e+20 
3.520833e+04 1.119493e-14 4.476356e+20 
3.541667e+04 1.061474e-14 4.720438e+20 
3.562500e+04 9.564740e-15 5.237552e+20 
3.583333e+04 8.404345e-15 5.959319e+20 
3.604167e+04 7.027185e-15 7.125234e+20 
3.625000e+04 5.644338e-15 8.868436e+20 
3.645833e+04 4.434429e-15 1.128593e+21 
3.666667e+04 3.313144e-15 1.510151e+21 
3.687500e+04 2.623600e-15 1.906989e+21 
3.708333e+04 2.057733e-15 2.430869e+21 
3.729167e+04 1.782487e-15 2.806132e+21 
3.750000e+04 1.570899e-15 3.183891e+21 
3.770833e+04 1.432627e-15 3.491104e+21 
3.791667e+04 1.299901e-15 3.847455e+21 
3.812500e+04 1.197409e-15 4.176694e+21 
3.833333e+04 1.098322e-15 4.553403e+21 
3.854167e+04 1.021305e-15 4.896705e+21 
3.875000e+04 9.507469e-16 5.260023e+21 
3.895833e+04 8.974277e-16 5.572492e+21 
3.916667e+04 8.493533e-16 5.887832e+21 
3.937500e+04 8.173058e-16 6.118675e+21 
3.958333e+04 7.902455e-16 6.328147e+21 
3.979167e+04 7.779543e-16 6.428130e+21 
4.000000e+04 7.705030e-16 6.490267e+21 
4.020833e+04 7.779543e-16 6.428130e+21 
4.041667e+04 7.902455e-16 6.328147e+21 
4.062500e+04 8.173058e-16 6.118675e+21 
4.083333e+04 8.493533e-16 5.887832e+21 
4.104167e+04 8.974277e-16 5.572492e+21 
4.125000e+04 9.507469e-16 5.260023e+21 
4.145833e+04 1.021305e-15 4.896705e+21 
4.166667e+04 1.098322e-15 4.553403e+21 
4.187500e+04 1.197409e-15 4.176694e+21 
4.208333e+04 1.299901e-15 3.847455e+21 
4.229167e+04 1.432627e-15 3.491104e+21 
4.250000e+04 1.570899e-15 3.183891e+21 
4.270833e+04 1.782487e-15 2.806132e+21 
4.291667e+04 2.057733e-15 2.430869e+21 
4.312500e+04 2.623600e-15 1.906989e+21 
4.333333e+04 3.313144e-15 1.510151e+21 
4.354167e+04 4.434429e-15 1.128593e+21 
4.375000e+04 5.644338e-15 8.868436e+20 
4.395833e+04 7.027185e-15 7.125234e+20 
4.416667e+04 8.404345e-15 5.959319e+20 
4.437500e+04 9.564740e-15 5.237552e+20 
4.458333e+04 1.061474e-14 4.720438e+20 
4.479167e+04 1.119493e-14 4.476356e+20 
4.500000e+04 1.160755e-14 4.317544e+20 
4.520833e+04 1.150863e-14 4.354618e+20 
4.541667e+04 1.125543e-14 4.452298e+20 
4.562500e+04 1.062034e-14 4.717987e+20 
4.583333e+04 9.888876e-15 5.066187e+20 
4.604167e+04 8.967303e-15 5.585830e+20 
4.625000e+04 8.015178e-15 6.248168e+20 
4.645833e+04 7.038712e-15 7.113573e+20 
4.666667e+04 6.081667e-15 8.231436e+20 
4.687500e+04 5.203679e-15 9.618597e+20 
4.708333e+04 4.372042e-15 1.144631e+21 
4.729167e+04 3.662812e-15 1.366081e+21 
4.750000e+04 3.007495e-15 1.663514e+21 
4.770833e+04 2.476967e-15 2.019635e+21 
4.791667e+04 1.996024e-15 2.505980e+21 
4.812500e+04 1.621430e-15 3.084801e+21 
4.833333e+04 1.286931e-15 3.886212e+21 
4.854167e+04 1.033927e-15 4.837181e+21 
4.875000e+04 8.107275e-16 6.168303e+21 
4.895833e+04 6.456444e-16 7.745762e+21 
4.916667e+04 5.014288e-16 9.972519e+21 
4.937500e+04 3.965574e-16 1.261070e+22 
4.958333e+04 3.056646e-16 1.635885e+22 
4.979167e+04 2.403965e-16 2.080236e+22 
5.000000e+04 1.841924e-16 2.714667e+22 
5.020833e+04 1.442078e-16 3.467788e+22 
5.041667e+04 1.099651e-16 4.547033e+22 
5.062500e+04 8.577967e-17 5.829888e+22 
5.083333e+04 6.517102e-17 7.672304e+22 
5.104167e+04 5.070325e-17 9.863105e+22 
5.125000e+04 3.843333e-17 1.300982e+23 
5.145833e+04 2.986154e-17 1.674724e+23 
5.166667e+04 2.262306e-17 2.210183e+23 
5.187500e+04 1.757929e-17 2.844856e+23 
5.208333e+04 1.333539e-17 3.749515e+23 
5.229167e+04 1.037530e-17 4.820216e+23 
5.250000e+04 7.892303e-18 6.335474e+23 
5.270833e+04 6.152473e-18 8.128698e+23 
5.291667e+04 4.697381e-18 1.064459e+24 
5.312500e+04 3.669371e-18 1.362958e+24 
5.333333e+04 2.812072e-18 1.778121e+24 
5.354167e+04 2.201450e-18 2.271812e+24 
5.375000e+04 1.694803e-18 2.950352e+24 
5.395833e+04 1.333966e-18 3.749110e+24 
5.416667e+04 1.038270e-18 4.815867e+24 
5.437500e+04 8.262753e-19 6.052368e+24 
5.458333e+04 6.566188e-19 7.615000e+24 
5.479167e+04 5.256582e-19 9.516744e+24 
5.500000e+04 4.198606e-19 1.000000e+25 
5.520833e+04 3.686283e-19 1.000000e+25 
5.541667e+04 3.622326e-19 1.000000e+25 
5.562500e+04 3.662404e-19 1.000000e+25 
5.583333e+04 3.638494e-19 1.000000e+25 
5.604167e+04 3.560001e-19 1.000000e+25 
5.625000e+04 3.478905e-19 1.000000e+25 
5.645833e+04 3.399114e-19 1.000000e+25 
5.666667e+04 3.329233e-19 1.000000e+25 
5.687500e+04 3.267005e-19 1.000000e+25 
5.708333e+04 3.200937e-19 1.000000e+25 
5.729167e+04 3.132586e-19 1.000000e+25 
5.750000e+04 3.066361e-19 1.000000e+25 
5.770833e+04 3.003231e-19 1.000000e+25 
5.791667e+04 2.941018e-19 1.000000e+25 
5.812500e+04 2.880753e-19 1.000000e+25 
5.833333e+04 2.821537e-19 1.000000e+25 
5.854167e+04 2.764680e-19 1.000000e+25 
5.875000e+04 2.709098e-19 1.000000e+25 
5.895833e+04 2.656059e-19 1.000000e+25 
5.916667e+04 2.604221e-19 1.000000e+25 
5.937500e+04 2.554830e-19 1.000000e+25 
5.958333e+04 2.506677e-19 1.000000e+25 
5.979167e+04 2.460901e-19 1.000000e+25 
6.000000e+04 2.416325e-19 1.000000e+25 
6.020833e+04 2.373933e-19 1.000000e+25 
6.041667e+04 2.332694e-19 1.000000e+25 
6.062500e+04 2.293393e-19 1.000000e+25 
6.083333e+04 2.255173e-19 1.000000e+25 
6.104167e+04 2.218598e-19 1.000000e+25 
6.125000e+04 2.183019e-19 1.000000e+25 
6.145833e+04 2.148780e-19 1.000000e+25 
6.166667e+04 2.115448e-19 1.000000e+25 
6.187500e+04 2.083163e-19 1.000000e+25 
6.208333e+04 2.051700e-19 1.000000e+25 
6.229167e+04 2.021024e-19 1.000000e+25 
6.250000e+04 1.991092e-19 1.000000e+25 
6.270833e+04 1.961738e-19 1.000000e+25 
6.291667e+04 1.933061e-19 1.000000e+25 
6.312500e+04 1.904803e-19 1.000000e+25 
6.333333e+04 1.877168e-19 1.000000e+25 
6.354167e+04 1.849844e-19 1.000000e+25 
6.375000e+04 1.823099e-19 1.000000e+25 
6.395833e+04 1.796600e-19 1.000000e+25 
6.416667e+04 1.770645e-19 1.000000e+25 
6.437500e+04 1.744905e-19 1.000000e+25 
6.458333e+04 1.719681e-19 1.000000e+25 
6.479167e+04 1.694665e-19 1.000000e+25 
6.500000e+04 1.670140e-19 1.000000e+25 
6.520833e+04 1.645835e-19 1.000000e+25 
6.541667e+04 1.621998e-19 1.000000e+25 
6.562500e+04 1.598401e-19 1.000000e+25 
6.583333e+04 1.575252e-19 1.000000e+25 
6.604167e+04 1.552367e-19 1.000000e+25 
6.625000e+04 1.529910e-19 1.000000e+25 
6.645833e+04 1.507743e-19 1.000000e+25 
6.666667e+04 1.485985e-19 1.000000e+25 
6.687500e+04 1.464540e-19 1.000000e+25 
6.708333e+04 1.443486e-19 1.000000e+25 
6.729167e+04 1.422765e-19 1.000000e+25 
6.750000e+04 1.402418e-19 1.000000e+25 
6.770833e+04 1.382420e-19 1.000000e+25 
6.791667e+04 1.362781e-19 1.000000e+25 
6.812500e+04 1.343503e-19 1.000000e+25 
6.833333e+04 1.324568e-19 1.000000e+25 
6.854167e+04 1.306004e-19 1.000000e+25 
6.875000e+04 1.287768e-19 1.000000e+25 
6.895833e+04 1.269911e-19 1.000000e+25 
6.916667e+04 1.252368e-19 1.000000e+25 
6.937500e+04 1.235208e-19 1.000000e+25 
6.958333e+04 1.218349e-19 1.000000e+25 
6.979167e+04 1.201876e-19 1.000000e+25 
7.000000e+04 1.185693e-19 1.000000e+25 
7.020833e+04 1.169899e-19 1.000000e+25 
7.041667e+04 1.154382e-19 1.000000e+25 
7.062500e+04 1.139256e-19 1.000000e+25 
7.083333e+04 1.124399e-19 1.000000e+25 
7.104167e+04 1.109932e-19 1.000000e+25 
7.125000e+04 1.095726e-19 1.000000e+25 
7.145833e+04 1.081911e-19 1.000000e+25 
7.166667e+04 1.068350e-19 1.000000e+25 
7.187500e+04 1.055180e-19 1.000000e+25 
7.208333e+04 1.042260e-19 1.000000e+25 
7.229167e+04 1.029730e-19 1.000000e+25 
7.250000e+04 1.017445e-19 1.000000e+25 
7.270833e+04 1.005552e-19 1.000000e+25 
7.291667e+04 9.939015e-20 1.000000e+25 
7.312500e+04 9.826436e-20 1.000000e+25 
7.333333e+04 9.716262e-20 1.000000e+25 
7.354167e+04 9.610032e-20 1.000000e+25 
7.375000e+04 9.506197e-20 1.000000e+25 
7.395833e+04 9.406329e-20 1.000000e+25 
7.416667e+04 9.308856e-20 1.000000e+25 
7.437500e+04 9.215377e-20 1.000000e+25 
7.458333e+04 9.124300e-20 1.000000e+25 
7.479167e+04 9.037250e-20 1.000000e+25 
7.500000e+04 8.952616e-20 1.000000e+25 
7.520833e+04 8.872048e-20 1.000000e+25 
7.541667e+04 8.793914e-20 1.000000e+25 
7.562500e+04 8.719887e-20 1.000000e+25 
7.583333e+04 8.648318e-20 1.000000e+25 
7.604167e+04 8.580900e-20 1.000000e+25 
7.625000e+04 8.515968e-20 1.000000e+25 
7.645833e+04 8.455232e-20 1.000000e+25 
7.666667e+04 8.397011e-20 1.000000e+25 
7.687500e+04 8.343032e-20 1.000000e+25 
7.708333e+04 8.291598e-20 1.000000e+25 
7.729167e+04 8.244451e-20 1.000000e+25 
7.750000e+04 8.199878e-20 1.000000e+25 
7.770833e+04 8.159633e-20 1.000000e+25 
7.791667e+04 8.121992e-20 1.000000e+25 
7.812500e+04 8.088716e-20 1.000000e+25 
7.833333e+04 8.058070e-20 1.000000e+25 
7.854167e+04 8.031823e-20 1.000000e+25 
7.875000e+04 8.008227e-20 1.000000e+25 
7.895833e+04 7.989057e-20 1.000000e+25 
7.916667e+04 7.972555e-20 1.000000e+25 
7.937500e+04 7.960500e-20 1.000000e+25 
7.958333e+04 7.951124e-20 1.000000e+25 
7.979167e+04 7.946207e-20 1.000000e+25 
8.000000e+04 7.943975e-20 1.000000e+25 
