0.000000e+00 1.619237e-17 3.087873e+23 
1.562500e+02 1.620881e-17 3.084743e+23 
3.125000e+02 1.624036e-17 3.078750e+23 
4.687500e+02 1.630481e-17 3.066580e+23 
6.250000e+02 1.638431e-17 3.051700e+23 
7.812500e+02 1.649685e-17 3.030882e+23 
9.375000e+02 1.662433e-17 3.007640e+23 
1.093750e+03 1.678514e-17 2.978825e+23 
1.250000e+03 1.696077e-17 2.947980e+23 
1.406250e+03 1.717023e-17 2.912017e+23 
1.562500e+03 1.739439e-17 2.874490e+23 
1.718750e+03 1.765307e-17 2.832368e+23 
1.875000e+03 1.792633e-17 2.789193e+23 
2.031250e+03 1.823489e-17 2.741996e+23 
2.187500e+03 1.855789e-17 2.694272e+23 
2.343750e+03 1.891688e-17 2.643142e+23 
2.500000e+03 1.929013e-17 2.592000e+23 
2.656250e+03 1.969984e-17 2.538091e+23 
2.812500e+03 2.012356e-17 2.484649e+23 
2.968750e+03 2.058388e-17 2.429085e+23 
3.125000e+03 2.105790e-17 2.374406e+23 
3.281250e+03 2.156826e-17 2.318222e+23 
3.437500e+03 2.209199e-17 2.263264e+23 
3.593750e+03 2.265144e-17 2.207365e+23 
3.750000e+03 2.322394e-17 2.152950e+23 
3.906250e+03 2.383130e-17 2.098081e+23 
4.062500e+03 2.445140e-17 2.044872e+23 
4.218750e+03 2.510534e-17 1.991608e+23 
4.375000e+03 2.577182e-17 1.940104e+23 
4.531250e+03 2.647108e-17 1.888854e+23 
4.687500e+03 2.718274e-17 1.839403e+23 
4.843750e+03 2.792622e-17 1.790432e+23 
5.000000e+03 2.868206e-17 1.743250e+23 
5.156250e+03 2.946890e-17 1.696704e+23 
5.312500e+03 3.026819e-17 1.651899e+23 
5.468750e+03 3.109785e-17 1.607828e+23 
5.625000e+03 3.194013e-17 1.565429e+23 
5.781250e+03 3.281240e-17 1.523814e+23 
5.937500e+03 3.369755e-17 1.483787e+23 
6.093750e+03 3.461255e-17 1.444563e+23 
6.250000e+03 3.554081e-17 1.406834e+23 
6.406250e+03 3.649899e-17 1.369901e+23 
6.562500e+03 3.747088e-17 1.334370e+23 
6.718750e+03 3.847301e-17 1.299612e+23 
6.875000e+03 3.948937e-17 1.266164e+23 
7.031250e+03 4.053650e-17 1.233456e+23 
7.187500e+03 4.159846e-17 1.201968e+23 
7.343750e+03 4.269193e-17 1.171182e+23 
7.500000e+03 4.380088e-17 1.141530e+23 
7.656250e+03 4.494227e-17 1.112538e+23 
7.812500e+03 4.609986e-17 1.084602e+23 
7.968750e+03 4.729100e-17 1.057284e+23 
8.125000e+03 4.849913e-17 1.030946e+23 
8.281250e+03 4.974206e-17 1.005185e+23 
8.437500e+03 5.100285e-17 9.803374e+22 
8.593750e+03 5.229988e-17 9.560252e+22 
8.750000e+03 5.361566e-17 9.325633e+22 
8.906250e+03 5.496929e-17 9.095988e+22 
9.062500e+03 5.634266e-17 8.874271e+22 
9.218750e+03 5.775561e-17 8.657167e+22 
9.375000e+03 5.918936e-17 8.447465e+22 
9.531250e+03 6.066460e-17 8.242038e+22 
9.687500e+03 6.216176e-17 8.043530e+22 
9.843750e+03 6.370249e-17 7.848986e+22 
1.000000e+04 6.526633e-17 7.660918e+22 
1.015625e+04 6.687598e-17 7.476526e+22 
1.031250e+04 6.851002e-17 7.298203e+22 
1.046875e+04 7.019228e-17 7.123290e+22 
1.062500e+04 7.190030e-17 6.954074e+22 
1.078125e+04 7.365912e-17 6.788025e+22 
1.093750e+04 7.544517e-17 6.627330e+22 
1.109375e+04 7.728480e-17 6.469577e+22 
1.125000e+04 7.915321e-17 6.316863e+22 
1.140625e+04 8.107820e-17 6.166886e+22 
1.156250e+04 8.303363e-17 6.021657e+22 
1.171875e+04 8.504882e-17 5.878977e+22 
1.187500e+04 8.709624e-17 5.740776e+22 
1.203125e+04 8.920684e-17 5.604952e+22 
1.218750e+04 9.135157e-17 5.473359e+22 
1.234375e+04 9.356315e-17 5.343984e+22 
1.250000e+04 9.581091e-17 5.218613e+22 
1.265625e+04 9.812941e-17 5.095312e+22 
1.281250e+04 1.004863e-16 4.975803e+22 
1.296875e+04 1.029181e-16 4.858231e+22 
1.312500e+04 1.053907e-16 4.744254e+22 
1.328125e+04 1.079426e-16 4.632091e+22 
1.343750e+04 1.105378e-16 4.523339e+22 
1.359375e+04 1.132172e-16 4.416290e+22 
1.375000e+04 1.159426e-16 4.312480e+22 
1.390625e+04 1.187573e-16 4.210269e+22 
1.406250e+04 1.216208e-16 4.111139e+22 
1.421875e+04 1.245791e-16 4.013513e+22 
1.437500e+04 1.275895e-16 3.918818e+22 
1.453125e+04 1.307005e-16 3.825541e+22 
1.468750e+04 1.338668e-16 3.735055e+22 
1.484375e+04 1.371401e-16 3.645907e+22 
1.500000e+04 1.404723e-16 3.559420e+22 
1.515625e+04 1.439182e-16 3.474196e+22 
1.531250e+04 1.474269e-16 3.391511e+22 
1.546875e+04 1.510564e-16 3.310022e+22 
1.562500e+04 1.547529e-16 3.230957e+22 
1.578125e+04 1.585779e-16 3.153025e+22 
1.593750e+04 1.624743e-16 3.077409e+22 
1.609375e+04 1.665074e-16 3.002870e+22 
1.625000e+04 1.706168e-16 2.930544e+22 
1.640625e+04 1.748715e-16 2.859243e+22 
1.656250e+04 1.792077e-16 2.790058e+22 
1.671875e+04 1.836985e-16 2.721851e+22 
1.687500e+04 1.882765e-16 2.655669e+22 
1.703125e+04 1.930188e-16 2.590421e+22 
1.718750e+04 1.978543e-16 2.527112e+22 
1.734375e+04 2.028646e-16 2.464698e+22 
1.750000e+04 2.079746e-16 2.404139e+22 
1.765625e+04 2.132705e-16 2.344440e+22 
1.781250e+04 2.186730e-16 2.286519e+22 
1.796875e+04 2.242731e-16 2.229425e+22 
1.812500e+04 2.299873e-16 2.174033e+22 
1.828125e+04 2.359114e-16 2.119440e+22 
1.843750e+04 2.419576e-16 2.066478e+22 
1.859375e+04 2.482266e-16 2.014288e+22 
1.875000e+04 2.546264e-16 1.963661e+22 
1.890625e+04 2.612627e-16 1.913783e+22 
1.906250e+04 2.680389e-16 1.865401e+22 
1.921875e+04 2.750657e-16 1.817748e+22 
1.937500e+04 2.822423e-16 1.771527e+22 
1.953125e+04 2.896843e-16 1.726017e+22 
1.968750e+04 2.972866e-16 1.681879e+22 
1.984375e+04 3.051696e-16 1.638433e+22 
2.000000e+04 3.132242e-16 1.596301e+22 
2.015625e+04 3.215751e-16 1.554847e+22 
2.031250e+04 3.301096e-16 1.514649e+22 
2.046875e+04 3.389566e-16 1.475115e+22 
2.062500e+04 3.479998e-16 1.436782e+22 
2.078125e+04 3.573720e-16 1.399102e+22 
2.093750e+04 3.669539e-16 1.362569e+22 
2.109375e+04 3.768814e-16 1.326677e+22 
2.125000e+04 3.870330e-16 1.291880e+22 
2.140625e+04 3.975468e-16 1.257714e+22 
2.156250e+04 4.082997e-16 1.224591e+22 
2.171875e+04 4.194315e-16 1.192090e+22 
2.187500e+04 4.308185e-16 1.160581e+22 
2.203125e+04 4.426008e-16 1.129686e+22 
2.218750e+04 4.546552e-16 1.099735e+22 
2.234375e+04 4.671208e-16 1.070387e+22 
2.250000e+04 4.798765e-16 1.041935e+22 
2.265625e+04 4.930590e-16 1.014077e+22 
2.281250e+04 5.065503e-16 9.870687e+21 
2.296875e+04 5.204837e-16 9.606448e+21 
2.312500e+04 5.347457e-16 9.350239e+21 
2.328125e+04 5.494645e-16 9.099769e+21 
2.343750e+04 5.645328e-16 8.856882e+21 
2.359375e+04 5.800723e-16 8.619615e+21 
2.375000e+04 5.959834e-16 8.389496e+21 
2.390625e+04 6.123803e-16 8.164861e+21 
2.406250e+04 6.291720e-16 7.946952e+21 
2.421875e+04 6.464649e-16 7.734372e+21 
2.437500e+04 6.641773e-16 7.528110e+21 
2.453125e+04 6.824078e-16 7.326998e+21 
2.468750e+04 7.010842e-16 7.131811e+21 
2.484375e+04 7.202983e-16 6.941568e+21 
2.500000e+04 7.399870e-16 6.756876e+21 
2.515625e+04 7.602377e-16 6.576890e+21 
2.531250e+04 7.809938e-16 6.402099e+21 
2.546875e+04 8.023435e-16 6.231745e+21 
2.562500e+04 8.242324e-16 6.066250e+21 
2.578125e+04 8.467563e-16 5.904887e+21 
2.593750e+04 8.698570e-16 5.748071e+21 
2.609375e+04 8.936477e-16 5.595046e+21 
2.625000e+04 9.180574e-16 5.446283e+21 
2.640625e+04 9.432298e-16 5.300935e+21 
2.656250e+04 9.690688e-16 5.159592e+21 
2.671875e+04 9.957659e-16 5.021261e+21 
2.687500e+04 1.023184e-15 4.886708e+21 
2.703125e+04 1.051582e-15 4.754740e+21 
2.718750e+04 1.080763e-15 4.626359e+21 
2.734375e+04 1.111080e-15 4.500125e+21 
2.750000e+04 1.142250e-15 4.377327e+21 
2.765625e+04 1.174746e-15 4.256241e+21 
2.781250e+04 1.208173e-15 4.138479e+21 
2.796875e+04 1.243157e-15 4.022018e+21 
2.812500e+04 1.279161e-15 3.908813e+21 
2.828125e+04 1.316988e-15 3.796542e+21 
2.843750e+04 1.355932e-15 3.687502e+21 
2.859375e+04 1.397000e-15 3.579097e+21 
2.875000e+04 1.439288e-15 3.473939e+21 
2.890625e+04 1.484030e-15 3.369204e+21 
2.906250e+04 1.530096e-15 3.267769e+21 
2.921875e+04 1.578958e-15 3.166645e+21 
2.937500e+04 1.629247e-15 3.068903e+21 
2.953125e+04 1.682670e-15 2.971468e+21 
2.968750e+04 1.737614e-15 2.877509e+21 
2.984375e+04 1.796003e-15 2.783959e+21 
3.000000e+04 1.855990e-15 2.693980e+21 
3.015625e+04 1.919680e-15 2.604601e+21 
3.031250e+04 1.985019e-15 2.518867e+21 
3.046875e+04 2.054236e-15 2.433995e+21 
3.062500e+04 2.125119e-15 2.352809e+21 
3.078125e+04 2.199943e-15 2.272786e+21 
3.093750e+04 2.276407e-15 2.196444e+21 
3.109375e+04 2.356732e-15 2.121582e+21 
3.125000e+04 2.438621e-15 2.050339e+21 
3.140625e+04 2.524124e-15 1.980885e+21 
3.156250e+04 2.611055e-15 1.914935e+21 
3.171875e+04 2.701161e-15 1.851056e+21 
3.187500e+04 2.792498e-15 1.790512e+21 
3.203125e+04 2.886359e-15 1.732286e+21 
3.218750e+04 2.981185e-15 1.677185e+21 
3.234375e+04 3.077662e-15 1.624610e+21 
3.250000e+04 3.174767e-15 1.574919e+21 
3.265625e+04 3.272413e-15 1.527925e+21 
3.281250e+04 3.370282e-15 1.483555e+21 
3.296875e+04 3.467338e-15 1.442029e+21 
3.312500e+04 3.564146e-15 1.402861e+21 
3.328125e+04 3.658540e-15 1.366665e+21 
3.343750e+04 3.752156e-15 1.332567e+21 
3.359375e+04 3.841506e-15 1.301573e+21 
3.375000e+04 3.929497e-15 1.272428e+21 
3.390625e+04 4.011125e-15 1.246533e+21 
3.406250e+04 4.090772e-15 1.222263e+21 
3.421875e+04 4.161718e-15 1.201427e+21 
3.437500e+04 4.230038e-15 1.182022e+21 
3.453125e+04 4.287092e-15 1.166292e+21 
3.468750e+04 4.340874e-15 1.151842e+21 
3.484375e+04 4.380628e-15 1.141389e+21 
3.500000e+04 4.416484e-15 1.132122e+21 
3.515625e+04 4.435421e-15 1.127289e+21 
3.531250e+04 4.449882e-15 1.123625e+21 
3.546875e+04 4.444520e-15 1.124981e+21 
3.562500e+04 4.434190e-15 1.127602e+21 
3.578125e+04 4.401315e-15 1.136024e+21 
3.593750e+04 4.363106e-15 1.145973e+21 
3.609375e+04 4.300123e-15 1.162757e+21 
3.625000e+04 4.231621e-15 1.181580e+21 
3.640625e+04 4.137062e-15 1.208587e+21 
3.656250e+04 4.037048e-15 1.238529e+21 
3.671875e+04 3.911251e-15 1.278363e+21 
3.687500e+04 3.780414e-15 1.322607e+21 
3.703125e+04 3.626411e-15 1.378774e+21 
3.718750e+04 3.468294e-15 1.441631e+21 
3.734375e+04 3.292900e-15 1.518418e+21 
3.750000e+04 3.115112e-15 1.605079e+21 
3.765625e+04 2.930171e-15 1.706385e+21 
3.781250e+04 2.745800e-15 1.820963e+21 
3.796875e+04 2.569182e-15 1.946145e+21 
3.812500e+04 2.397790e-15 2.085254e+21 
3.828125e+04 2.252448e-15 2.219808e+21 
3.843750e+04 2.118084e-15 2.360625e+21 
3.859375e+04 2.025023e-15 2.469110e+21 
3.875000e+04 1.946480e-15 2.568742e+21 
3.890625e+04 1.909532e-15 2.618443e+21 
3.906250e+04 1.884658e-15 2.653002e+21 
3.921875e+04 1.883312e-15 2.654898e+21 
3.937500e+04 1.886983e-15 2.649733e+21 
3.953125e+04 1.896000e-15 2.637130e+21 
3.968750e+04 1.903357e-15 2.626938e+21 
3.984375e+04 1.907126e-15 2.621746e+21 
4.000000e+04 1.910576e-15 2.617012e+21 
4.015625e+04 1.907126e-15 2.621746e+21 
4.031250e+04 1.903357e-15 2.626938e+21 
4.046875e+04 1.896000e-15 2.637130e+21 
4.062500e+04 1.886983e-15 2.649733e+21 
4.078125e+04 1.883312e-15 2.654898e+21 
4.093750e+04 1.884658e-15 2.653002e+21 
4.109375e+04 1.909532e-15 2.618443e+21 
4.125000e+04 1.946480e-15 2.568742e+21 
4.140625e+04 2.025023e-15 2.469110e+21 
4.156250e+04 2.118084e-15 2.360625e+21 
4.171875e+04 2.252448e-15 2.219808e+21 
4.187500e+04 2.397790e-15 2.085254e+21 
4.203125e+04 2.569182e-15 1.946145e+21 
4.218750e+04 2.745800e-15 1.820963e+21 
4.234375e+04 2.930171e-15 1.706385e+21 
4.250000e+04 3.115112e-15 1.605079e+21 
4.265625e+04 3.292900e-15 1.518418e+21 
4.281250e+04 3.468294e-15 1.441631e+21 
4.296875e+04 3.626411e-15 1.378774e+21 
4.312500e+04 3.780414e-15 1.322607e+21 
4.328125e+04 3.911251e-15 1.278363e+21 
4.343750e+04 4.037048e-15 1.238529e+21 
4.359375e+04 4.137062e-15 1.208587e+21 
4.375000e+04 4.231621e-15 1.181580e+21 
4.390625e+04 4.300123e-15 1.162757e+21 
4.406250e+04 4.363106e-15 1.145973e+21 
4.421875e+04 4.401315e-15 1.136024e+21 
4.437500e+04 4.434190e-15 1.127602e+21 
4.453125e+04 4.444520e-15 1.124981e+21 
4.468750e+04 4.449882e-15 1.123625e+21 
4.484375e+04 4.435421e-15 1.127289e+21 
4.500000e+04 4.416484e-15 1.132122e+21 
4.515625e+04 4.380628e-15 1.141389e+21 
4.531250e+04 4.340874e-15 1.151842e+21 
4.546875e+04 4.287092e-15 1.166292e+21 
4.562500e+04 4.230038e-15 1.182022e+21 
4.578125e+04 4.161718e-15 1.201427e+21 
4.593750e+04 4.090772e-15 1.222263e+21 
4.609375e+04 4.011125e-15 1.246533e+21 
4.625000e+04 3.929497e-15 1.272428e+21 
4.640625e+04 3.841506e-15 1.301573e+21 
4.656250e+04 3.752156e-15 1.332567e+21 
4.671875e+04 3.658540e-15 1.366665e+21 
4.687500e+04 3.564146e-15 1.402861e+21 
4.703125e+04 3.467338e-15 1.442029e+21 
4.718750e+04 3.370282e-15 1.483555e+21 
4.734375e+04 3.272413e-15 1.527925e+21 
4.750000e+04 3.174767e-15 1.574919e+21 
4.765625e+04 3.077662e-15 1.624610e+21 
4.781250e+04 2.981185e-15 1.677185e+21 
4.796875e+04 2.886359e-15 1.732286e+21 
4.812500e+04 2.792498e-15 1.790512e+21 
4.828125e+04 2.701161e-15 1.851056e+21 
4.843750e+04 2.611055e-15 1.914935e+21 
4.859375e+04 2.524124e-15 1.980885e+21 
4.875000e+04 2.438621e-15 2.050339e+21 
4.890625e+04 2.356732e-15 2.121582e+21 
4.906250e+04 2.276407e-15 2.196444e+21 
4.921875e+04 2.199943e-15 2.272786e+21 
4.937500e+04 2.125119e-15 2.352809e+21 
4.953125e+04 2.054236e-15 2.433995e+21 
4.968750e+04 1.985019e-15 2.518867e+21 
4.984375e+04 1.919680e-15 2.604601e+21 
5.000000e+04 1.855990e-15 2.693980e+21 
5.015625e+04 1.796003e-15 2.783959e+21 
5.031250e+04 1.737614e-15 2.877509e+21 
5.046875e+04 1.682670e-15 2.971468e+21 
5.062500e+04 1.629247e-15 3.068903e+21 
5.078125e+04 1.578958e-15 3.166645e+21 
5.093750e+04 1.530096e-15 3.267769e+21 
5.109375e+04 1.484030e-15 3.369204e+21 
5.125000e+04 1.439288e-15 3.473939e+21 
5.140625e+04 1.397000e-15 3.579097e+21 
5.156250e+04 1.355932e-15 3.687502e+21 
5.171875e+04 1.316988e-15 3.796542e+21 
5.187500e+04 1.279161e-15 3.908813e+21 
5.203125e+04 1.243157e-15 4.022018e+21 
5.218750e+04 1.208173e-15 4.138479e+21 
5.234375e+04 1.174746e-15 4.256241e+21 
5.250000e+04 1.142250e-15 4.377327e+21 
5.265625e+04 1.111080e-15 4.500125e+21 
5.281250e+04 1.080763e-15 4.626359e+21 
5.296875e+04 1.051582e-15 4.754740e+21 
5.312500e+04 1.023184e-15 4.886708e+21 
5.328125e+04 9.957659e-16 5.021261e+21 
5.343750e+04 9.690688e-16 5.159592e+21 
5.359375e+04 9.432298e-16 5.300935e+21 
5.375000e+04 9.180574e-16 5.446283e+21 
5.390625e+04 8.936477e-16 5.595046e+21 
5.406250e+04 8.698570e-16 5.748071e+21 
5.421875e+04 8.467563e-16 5.904887e+21 
5.437500e+04 8.242324e-16 6.066250e+21 
5.453125e+04 8.023435e-16 6.231745e+21 
5.468750e+04 7.809938e-16 6.402099e+21 
5.484375e+04 7.602377e-16 6.576890e+21 
5.500000e+04 7.399870e-16 6.756876e+21 
5.515625e+04 7.202983e-16 6.941568e+21 
5.531250e+04 7.010842e-16 7.131811e+21 
5.546875e+04 6.824078e-16 7.326998e+21 
5.562500e+04 6.641773e-16 7.528110e+21 
5.578125e+04 6.464649e-16 7.734372e+21 
5.593750e+04 6.291720e-16 7.946952e+21 
5.609375e+04 6.123803e-16 8.164861e+21 
5.625000e+04 5.959834e-16 8.389496e+21 
5.640625e+04 5.800723e-16 8.619615e+21 
5.656250e+04 5.645328e-16 8.856882e+21 
5.671875e+04 5.494645e-16 9.099769e+21 
5.687500e+04 5.347457e-16 9.350239e+21 
5.703125e+04 5.204837e-16 9.606448e+21 
5.718750e+04 5.065503e-16 9.870687e+21 
5.734375e+04 4.930590e-16 1.014077e+22 
5.750000e+04 4.798765e-16 1.041935e+22 
5.765625e+04 4.671208e-16 1.070387e+22 
5.781250e+04 4.546552e-16 1.099735e+22 
5.796875e+04 4.426008e-16 1.129686e+22 
5.812500e+04 4.308185e-16 1.160581e+22 
5.828125e+04 4.194315e-16 1.192090e+22 
5.843750e+04 4.082997e-16 1.224591e+22 
5.859375e+04 3.975468e-16 1.257714e+22 
5.875000e+04 3.870330e-16 1.291880e+22 
5.890625e+04 3.768814e-16 1.326677e+22 
5.906250e+04 3.669539e-16 1.362569e+22 
5.921875e+04 3.573720e-16 1.399102e+22 
5.937500e+04 3.479998e-16 1.436782e+22 
5.953125e+04 3.389566e-16 1.475115e+22 
5.968750e+04 3.301096e-16 1.514649e+22 
5.984375e+04 3.215751e-16 1.554847e+22 
6.000000e+04 3.132242e-16 1.596301e+22 
6.015625e+04 3.051696e-16 1.638433e+22 
6.031250e+04 2.972866e-16 1.681879e+22 
6.046875e+04 2.896843e-16 1.726017e+22 
6.062500e+04 2.822423e-16 1.771527e+22 
6.078125e+04 2.750657e-16 1.817748e+22 
6.093750e+04 2.680389e-16 1.865401e+22 
6.109375e+04 2.612627e-16 1.913783e+22 
6.125000e+04 2.546264e-16 1.963661e+22 
6.140625e+04 2.482266e-16 2.014288e+22 
6.156250e+04 2.419576e-16 2.066478e+22 
6.171875e+04 2.359114e-16 2.119440e+22 
6.187500e+04 2.299873e-16 2.174033e+22 
6.203125e+04 2.242731e-16 2.229425e+22 
6.218750e+04 2.186730e-16 2.286519e+22 
6.234375e+04 2.132705e-16 2.344440e+22 
6.250000e+04 2.079746e-16 2.404139e+22 
6.265625e+04 2.028646e-16 2.464698e+22 
6.281250e+04 1.978543e-16 2.527112e+22 
6.296875e+04 1.930188e-16 2.590421e+22 
6.312500e+04 1.882765e-16 2.655669e+22 
6.328125e+04 1.836985e-16 2.721851e+22 
6.343750e+04 1.792077e-16 2.790058e+22 
6.359375e+04 1.748715e-16 2.859243e+22 
6.375000e+04 1.706168e-16 2.930544e+22 
6.390625e+04 1.665074e-16 3.002870e+22 
6.406250e+04 1.624743e-16 3.077409e+22 
6.421875e+04 1.585779e-16 3.153025e+22 
6.437500e+04 1.547529e-16 3.230957e+22 
6.453125e+04 1.510564e-16 3.310022e+22 
6.468750e+04 1.474269e-16 3.391511e+22 
6.484375e+04 1.439182e-16 3.474196e+22 
6.500000e+04 1.404723e-16 3.559420e+22 
6.515625e+04 1.371401e-16 3.645907e+22 
6.531250e+04 1.338668e-16 3.735055e+22 
6.546875e+04 1.307005e-16 3.825541e+22 
6.562500e+04 1.275895e-16 3.918818e+22 
6.578125e+04 1.245791e-16 4.013513e+22 
6.593750e+04 1.216208e-16 4.111139e+22 
6.609375e+04 1.187573e-16 4.210269e+22 
6.625000e+04 1.159426e-16 4.312480e+22 
6.640625e+04 1.132172e-16 4.416290e+22 
6.656250e+04 1.105378e-16 4.523339e+22 
6.671875e+04 1.079426e-16 4.632091e+22 
6.687500e+04 1.053907e-16 4.744254e+22 
6.703125e+04 1.029181e-16 4.858231e+22 
6.718750e+04 1.004863e-16 4.975803e+22 
6.734375e+04 9.812941e-17 5.095312e+22 
6.750000e+04 9.581091e-17 5.218613e+22 
6.765625e+04 9.356315e-17 5.343984e+22 
6.781250e+04 9.135157e-17 5.473359e+22 
6.796875e+04 8.920684e-17 5.604952e+22 
6.812500e+04 8.709624e-17 5.740776e+22 
6.828125e+04 8.504882e-17 5.878977e+22 
6.843750e+04 8.303363e-17 6.021657e+22 
6.859375e+04 8.107820e-17 6.166886e+22 
6.875000e+04 7.915321e-17 6.316863e+22 
6.890625e+04 7.728480e-17 6.469577e+22 
6.906250e+04 7.544517e-17 6.627330e+22 
6.921875e+04 7.365912e-17 6.788025e+22 
6.937500e+04 7.190030e-17 6.954074e+22 
6.953125e+04 7.019228e-17 7.123290e+22 
6.968750e+04 6.851002e-17 7.298203e+22 
6.984375e+04 6.687598e-17 7.476526e+22 
7.000000e+04 6.526633e-17 7.660918e+22 
7.015625e+04 6.370249e-17 7.848986e+22 
7.031250e+04 6.216176e-17 8.043530e+22 
7.046875e+04 6.066460e-17 8.242038e+22 
7.062500e+04 5.918936e-17 8.447465e+22 
7.078125e+04 5.775561e-17 8.657167e+22 
7.093750e+04 5.634266e-17 8.874271e+22 
7.109375e+04 5.496929e-17 9.095988e+22 
7.125000e+04 5.361566e-17 9.325633e+22 
7.140625e+04 5.229988e-17 9.560252e+22 
7.156250e+04 5.100285e-17 9.803374e+22 
7.171875e+04 4.974206e-17 1.005185e+23 
7.187500e+04 4.849913e-17 1.030946e+23 
7.203125e+04 4.729100e-17 1.057284e+23 
7.218750e+04 4.609986e-17 1.084602e+23 
7.234375e+04 4.494227e-17 1.112538e+23 
7.250000e+04 4.380088e-17 1.141530e+23 
7.265625e+04 4.269193e-17 1.171182e+23 
7.281250e+04 4.159846e-17 1.201968e+23 
7.296875e+04 4.053650e-17 1.233456e+23 
7.312500e+04 3.948937e-17 1.266164e+23 
7.328125e+04 3.847301e-17 1.299612e+23 
7.343750e+04 3.747088e-17 1.334370e+23 
7.359375e+04 3.649899e-17 1.369901e+23 
7.375000e+04 3.554081e-17 1.406834e+23 
7.390625e+04 3.461255e-17 1.444563e+23 
7.406250e+04 3.369755e-17 1.483787e+23 
7.421875e+04 3.281240e-17 1.523814e+23 
7.437500e+04 3.194013e-17 1.565429e+23 
7.453125e+04 3.109785e-17 1.607828e+23 
7.468750e+04 3.026819e-17 1.651899e+23 
7.484375e+04 2.946890e-17 1.696704e+23 
7.500000e+04 2.868206e-17 1.743250e+23 
7.515625e+04 2.792622e-17 1.790432e+23 
7.531250e+04 2.718274e-17 1.839403e+23 
7.546875e+04 2.647108e-17 1.888854e+23 
7.562500e+04 2.577182e-17 1.940104e+23 
7.578125e+04 2.510534e-17 1.991608e+23 
7.593750e+04 2.445140e-17 2.044872e+23 
7.609375e+04 2.383130e-17 2.098081e+23 
7.625000e+04 2.322394e-17 2.152950e+23 
7.640625e+04 2.265144e-17 2.207365e+23 
7.656250e+04 2.209199e-17 2.263264e+23 
7.671875e+04 2.156826e-17 2.318222e+23 
7.687500e+04 2.105790e-17 2.374406e+23 
7.703125e+04 2.058388e-17 2.429085e+23 
7.718750e+04 2.012356e-17 2.484649e+23 
7.734375e+04 1.969984e-17 2.538091e+23 
7.750000e+04 1.929013e-17 2.592000e+23 
7.765625e+04 1.891688e-17 2.643142e+23 
7.781250e+04 1.855789e-17 2.694272e+23 
7.796875e+04 1.823489e-17 2.741996e+23 
7.812500e+04 1.792633e-17 2.789193e+23 
7.828125e+04 1.765307e-17 2.832368e+23 
7.843750e+04 1.739439e-17 2.874490e+23 
7.859375e+04 1.717023e-17 2.912017e+23 
7.875000e+04 1.696077e-17 2.947980e+23 
7.890625e+04 1.678514e-17 2.978825e+23 
7.906250e+04 1.662433e-17 3.007640e+23 
7.921875e+04 1.649685e-17 3.030882e+23 
7.937500e+04 1.638431e-17 3.051700e+23 
7.953125e+04 1.630481e-17 3.066580e+23 
7.968750e+04 1.624036e-17 3.078750e+23 
7.984375e+04 1.620881e-17 3.084743e+23 
8.000000e+04 1.619237e-17 3.087873e+23 
