0.000000e+00 1.914885e-19 1.000000e+25 
2.500000e+02 1.915711e-19 1.000000e+25 
5.000000e+02 1.917534e-19 1.000000e+25 
7.500000e+02 1.921006e-19 1.000000e+25 
1.000000e+03 1.925471e-19 1.000000e+25 
1.250000e+03 1.931582e-19 1.000000e+25 
1.500000e+03 1.938679e-19 1.000000e+25 
1.750000e+03 1.947414e-19 1.000000e+25 
2.000000e+03 1.957126e-19 1.000000e+25 
2.250000e+03 1.968464e-19 1.000000e+25 
2.500000e+03 1.980769e-19 1.000000e+25 
2.750000e+03 1.994688e-19 1.000000e+25 
3.000000e+03 2.009559e-19 1.000000e+25 
3.250000e+03 2.026032e-19 1.000000e+25 
3.500000e+03 2.043443e-19 1.000000e+25 
3.750000e+03 2.062442e-19 1.000000e+25 
4.000000e+03 2.082364e-19 1.000000e+25 
4.250000e+03 2.103862e-19 1.000000e+25 
4.500000e+03 2.126269e-19 1.000000e+25 
4.750000e+03 2.150240e-19 1.000000e+25 
5.000000e+03 2.175107e-19 1.000000e+25 
5.250000e+03 2.201531e-19 1.000000e+25 
5.500000e+03 2.228838e-19 1.000000e+25 
5.750000e+03 2.257699e-19 1.000000e+25 
6.000000e+03 2.287435e-19 1.000000e+25 
6.250000e+03 2.318725e-19 1.000000e+25 
6.500000e+03 2.350883e-19 1.000000e+25 
6.750000e+03 2.384604e-19 1.000000e+25 
7.000000e+03 2.419190e-19 1.000000e+25 
7.250000e+03 2.455353e-19 1.000000e+25 
7.500000e+03 2.492383e-19 1.000000e+25 
7.750000e+03 2.531013e-19 1.000000e+25 
8.000000e+03 2.570513e-19 1.000000e+25 
8.250000e+03 2.611646e-19 1.000000e+25 
8.500000e+03 2.653658e-19 1.000000e+25 
8.750000e+03 2.697341e-19 1.000000e+25 
9.000000e+03 2.741918e-19 1.000000e+25 
9.250000e+03 2.788210e-19 1.000000e+25 
9.500000e+03 2.835414e-19 1.000000e+25 
9.750000e+03 2.884379e-19 1.000000e+25 
1.000000e+04 2.934275e-19 1.000000e+25 
1.025000e+04 2.985978e-19 1.000000e+25 
1.050000e+04 3.038632e-19 1.000000e+25 
1.075000e+04 3.093128e-19 1.000000e+25 
1.100000e+04 3.148596e-19 1.000000e+25 
1.125000e+04 3.205924e-19 1.000000e+25 
1.150000e+04 3.264243e-19 1.000000e+25 
1.175000e+04 3.324423e-19 1.000000e+25 
1.200000e+04 3.385612e-19 1.000000e+25 
1.225000e+04 3.448645e-19 1.000000e+25 
1.250000e+04 3.512705e-19 1.000000e+25 
1.275000e+04 3.578589e-19 1.000000e+25 
1.300000e+04 3.645520e-19 1.000000e+25 
1.325000e+04 3.714259e-19 1.000000e+25 
1.350000e+04 3.784076e-19 1.000000e+25 
1.375000e+04 3.855702e-19 1.000000e+25 
1.400000e+04 3.928442e-19 1.000000e+25 
1.425000e+04 4.003015e-19 1.000000e+25 
1.450000e+04 4.078749e-19 1.000000e+25 
1.475000e+04 4.156362e-19 1.000000e+25 
1.500000e+04 4.235190e-19 1.000000e+25 
1.525000e+04 4.315975e-19 1.000000e+25 
1.550000e+04 4.398038e-19 1.000000e+25 
1.575000e+04 4.482179e-19 1.000000e+25 
1.600000e+04 4.567678e-19 1.000000e+25 
1.625000e+04 4.655429e-19 1.000000e+25 
1.650000e+04 4.744632e-19 1.000000e+25 
1.675000e+04 4.836316e-19 1.000000e+25 
1.700000e+04 4.929557e-19 1.000000e+25 
1.725000e+04 5.025542e-19 1.000000e+25 
1.750000e+04 5.123192e-19 1.000000e+25 
1.775000e+04 5.223846e-19 1.000000e+25 
1.800000e+04 5.326266e-19 1.000000e+25 
1.825000e+04 5.431911e-19 1.000000e+25 
1.850000e+04 5.539400e-19 1.000000e+25 
1.875000e+04 5.650262e-19 1.000000e+25 
1.900000e+04 5.763021e-19 1.000000e+25 
1.925000e+04 5.879211e-19 1.000000e+25 
1.950000e+04 5.997325e-19 1.000000e+25 
1.975000e+04 6.118855e-19 1.000000e+25 
2.000000e+04 6.242321e-19 1.000000e+25 
2.025000e+04 6.369186e-19 1.000000e+25 
2.050000e+04 6.498011e-19 1.000000e+25 
2.075000e+04 6.630343e-19 1.000000e+25 
2.100000e+04 6.764718e-19 1.000000e+25 
2.125000e+04 6.902999e-19 1.000000e+25 
2.150000e+04 7.043514e-19 1.000000e+25 
2.175000e+04 7.188802e-19 1.000000e+25 
2.200000e+04 7.336664e-19 1.000000e+25 
2.225000e+04 7.490749e-19 1.000000e+25 
2.250000e+04 7.647922e-19 1.000000e+25 
2.275000e+04 7.813380e-19 1.000000e+25 
2.300000e+04 7.982601e-19 1.000000e+25 
2.325000e+04 8.162698e-19 1.000000e+25 
2.350000e+04 8.347348e-19 1.000000e+25 
2.375000e+04 8.545738e-19 1.000000e+25 
2.400000e+04 8.749478e-19 1.000000e+25 
2.425000e+04 8.969603e-19 1.000000e+25 
2.450000e+04 9.195710e-19 1.000000e+25 
2.475000e+04 9.439943e-19 1.000000e+25 
2.500000e+04 9.690419e-19 1.000000e+25 
2.525000e+04 9.959123e-19 1.000000e+25 
2.550000e+04 1.023381e-18 1.000000e+25 
2.575000e+04 1.052469e-18 1.000000e+25 
2.600000e+04 1.082075e-18 1.000000e+25 
2.625000e+04 1.112881e-18 1.000000e+25 
2.650000e+04 1.144090e-18 1.000000e+25 
2.675000e+04 1.175916e-18 1.000000e+25 
2.700000e+04 1.208024e-18 1.000000e+25 
2.725000e+04 1.240096e-18 1.000000e+25 
2.750000e+04 1.272357e-18 1.000000e+25 
2.775000e+04 1.303972e-18 1.000000e+25 
2.800000e+04 1.335750e-18 1.000000e+25 
2.825000e+04 1.366396e-18 1.000000e+25 
2.850000e+04 1.397274e-18 1.000000e+25 
2.875000e+04 1.426823e-18 1.000000e+25 
2.900000e+04 1.456791e-18 1.000000e+25 
2.925000e+04 1.485300e-18 1.000000e+25 
2.950000e+04 1.514567e-18 1.000000e+25 
2.975000e+04 1.543250e-18 1.000000e+25 
3.000000e+04 1.573246e-18 1.000000e+25 
3.025000e+04 1.601983e-18 1.000000e+25 
3.050000e+04 1.632793e-18 1.000000e+25 
3.075000e+04 1.666154e-18 1.000000e+25 
3.100000e+04 1.702966e-18 1.000000e+25 
3.125000e+04 1.739976e-18 1.000000e+25 
3.150000e+04 1.783696e-18 1.000000e+25 
3.175000e+04 1.822323e-18 1.000000e+25 
3.200000e+04 1.866479e-18 1.000000e+25 
3.225000e+04 1.950323e-18 1.000000e+25 
3.250000e+04 1.827599e-18 1.000000e+25 
3.275000e+04 3.242053e-18 9.394965e+24 
3.300000e+04 5.603202e-18 5.694709e+24 
3.325000e+04 1.545234e-17 2.152525e+24 
3.350000e+04 2.722995e-17 1.208094e+24 
3.375000e+04 6.748912e-17 4.964140e+23 
3.400000e+04 1.154621e-16 2.826218e+23 
3.425000e+04 2.681658e-16 1.230778e+23 
3.450000e+04 4.513381e-16 7.141094e+22 
3.475000e+04 9.619641e-16 3.364040e+22 
3.500000e+04 1.573921e-15 2.012732e+22 
3.525000e+04 2.989482e-15 1.055980e+22 
3.550000e+04 4.658010e-15 6.651170e+21 
3.575000e+04 7.595331e-15 4.030930e+21 
3.600000e+04 1.089325e-14 2.761795e+21 
3.625000e+04 1.457871e-14 2.021319e+21 
3.650000e+04 1.819880e-14 1.589733e+21 
3.675000e+04 1.899137e-14 1.480725e+21 
3.700000e+04 1.882126e-14 1.461877e+21 
3.725000e+04 1.456420e-14 1.832460e+21 
3.750000e+04 9.786067e-15 2.654209e+21 
3.775000e+04 5.469878e-15 4.656566e+21 
3.800000e+04 1.825531e-15 1.341837e+22 
3.825000e+04 9.154429e-16 2.809190e+22 
3.850000e+04 1.959918e-16 1.287928e+23 
3.875000e+04 1.568354e-16 1.725291e+23 
3.900000e+04 1.026617e-16 2.747531e+23 
3.925000e+04 7.806634e-17 3.547045e+23 
3.950000e+04 5.201911e-17 5.118882e+23 
3.975000e+04 4.895256e-17 5.483511e+23 
4.000000e+04 4.560496e-17 5.859861e+23 
4.025000e+04 4.895256e-17 5.483511e+23 
4.050000e+04 5.201911e-17 5.118882e+23 
4.075000e+04 7.806634e-17 3.547045e+23 
4.100000e+04 1.026617e-16 2.747531e+23 
4.125000e+04 1.568354e-16 1.725291e+23 
4.150000e+04 1.959918e-16 1.287928e+23 
4.175000e+04 9.154429e-16 2.809190e+22 
4.200000e+04 1.825531e-15 1.341837e+22 
4.225000e+04 5.469878e-15 4.656566e+21 
4.250000e+04 9.786067e-15 2.654209e+21 
4.275000e+04 1.456420e-14 1.832460e+21 
4.300000e+04 1.882126e-14 1.461877e+21 
4.325000e+04 1.899137e-14 1.480725e+21 
4.350000e+04 1.819880e-14 1.589733e+21 
4.375000e+04 1.457871e-14 2.021319e+21 
4.400000e+04 1.089325e-14 2.761795e+21 
4.425000e+04 7.595331e-15 4.030930e+21 
4.450000e+04 4.658010e-15 6.651170e+21 
4.475000e+04 2.989482e-15 1.055980e+22 
4.500000e+04 1.573921e-15 2.012732e+22 
4.525000e+04 9.619641e-16 3.364040e+22 
4.550000e+04 4.513381e-16 7.141094e+22 
4.575000e+04 2.681658e-16 1.230778e+23 
4.600000e+04 1.154621e-16 2.826218e+23 
4.625000e+04 6.748912e-17 4.964140e+23 
4.650000e+04 2.722995e-17 1.208094e+24 
4.675000e+04 1.545234e-17 2.152525e+24 
4.700000e+04 5.603202e-18 5.694709e+24 
4.725000e+04 3.242053e-18 9.394965e+24 
4.750000e+04 1.827599e-18 1.000000e+25 
4.775000e+04 1.950323e-18 1.000000e+25 
4.800000e+04 1.866479e-18 1.000000e+25 
4.825000e+04 1.822323e-18 1.000000e+25 
4.850000e+04 1.783696e-18 1.000000e+25 
4.875000e+04 1.739976e-18 1.000000e+25 
4.900000e+04 1.702966e-18 1.000000e+25 
4.925000e+04 1.666154e-18 1.000000e+25 
4.950000e+04 1.632793e-18 1.000000e+25 
4.975000e+04 1.601983e-18 1.000000e+25 
5.000000e+04 1.573246e-18 1.000000e+25 
5.025000e+04 1.543250e-18 1.000000e+25 
5.050000e+04 1.514567e-18 1.000000e+25 
5.075000e+04 1.485300e-18 1.000000e+25 
5.100000e+04 1.456791e-18 1.000000e+25 
5.125000e+04 1.426823e-18 1.000000e+25 
5.150000e+04 1.397274e-18 1.000000e+25 
5.175000e+04 1.366396e-18 1.000000e+25 
5.200000e+04 1.335750e-18 1.000000e+25 
5.225000e+04 1.303972e-18 1.000000e+25 
5.250000e+04 1.272357e-18 1.000000e+25 
5.275000e+04 1.240096e-18 1.000000e+25 
5.300000e+04 1.208024e-18 1.000000e+25 
5.325000e+04 1.175916e-18 1.000000e+25 
5.350000e+04 1.144090e-18 1.000000e+25 
5.375000e+04 1.112881e-18 1.000000e+25 
5.400000e+04 1.082075e-18 1.000000e+25 
5.425000e+04 1.052469e-18 1.000000e+25 
5.450000e+04 1.023381e-18 1.000000e+25 
5.475000e+04 9.959123e-19 1.000000e+25 
5.500000e+04 9.690419e-19 1.000000e+25 
5.525000e+04 9.439943e-19 1.000000e+25 
5.550000e+04 9.195710e-19 1.000000e+25 
5.575000e+04 8.969603e-19 1.000000e+25 
5.600000e+04 8.749478e-19 1.000000e+25 
5.625000e+04 8.545738e-19 1.000000e+25 
5.650000e+04 8.347348e-19 1.000000e+25 
5.675000e+04 8.162698e-19 1.000000e+25 
5.700000e+04 7.982601e-19 1.000000e+25 
5.725000e+04 7.813380e-19 1.000000e+25 
5.750000e+04 7.647922e-19 1.000000e+25 
5.775000e+04 7.490749e-19 1.000000e+25 
5.800000e+04 7.336664e-19 1.000000e+25 
5.825000e+04 7.188802e-19 1.000000e+25 
5.850000e+04 7.043514e-19 1.000000e+25 
5.875000e+04 6.902999e-19 1.000000e+25 
5.900000e+04 6.764718e-19 1.000000e+25 
5.925000e+04 6.630343e-19 1.000000e+25 
5.950000e+04 6.498011e-19 1.000000e+25 
5.975000e+04 6.369186e-19 1.000000e+25 
6.000000e+04 6.242321e-19 1.000000e+25 
6.025000e+04 6.118855e-19 1.000000e+25 
6.050000e+04 5.997325e-19 1.000000e+25 
6.075000e+04 5.879211e-19 1.000000e+25 
6.100000e+04 5.763021e-19 1.000000e+25 
6.125000e+04 5.650262e-19 1.000000e+25 
6.150000e+04 5.539400e-19 1.000000e+25 
6.175000e+04 5.431911e-19 1.000000e+25 
6.200000e+04 5.326266e-19 1.000000e+25 
6.225000e+04 5.223846e-19 1.000000e+25 
6.250000e+04 5.123192e-19 1.000000e+25 
6.275000e+04 5.025542e-19 1.000000e+25 
6.300000e+04 4.929557e-19 1.000000e+25 
6.325000e+04 4.836316e-19 1.000000e+25 
6.350000e+04 4.744632e-19 1.000000e+25 
6.375000e+04 4.655429e-19 1.000000e+25 
6.400000e+04 4.567678e-19 1.000000e+25 
6.425000e+04 4.482179e-19 1.000000e+25 
6.450000e+04 4.398038e-19 1.000000e+25 
6.475000e+04 4.315975e-19 1.000000e+25 
6.500000e+04 4.235190e-19 1.000000e+25 
6.525000e+04 4.156362e-19 1.000000e+25 
6.550000e+04 4.078749e-19 1.000000e+25 
6.575000e+04 4.003015e-19 1.000000e+25 
6.600000e+04 3.928442e-19 1.000000e+25 
6.625000e+04 3.855702e-19 1.000000e+25 
6.650000e+04 3.784076e-19 1.000000e+25 
6.675000e+04 3.714259e-19 1.000000e+25 
6.700000e+04 3.645520e-19 1.000000e+25 
6.725000e+04 3.578589e-19 1.000000e+25 
6.750000e+04 3.512705e-19 1.000000e+25 
6.775000e+04 3.448645e-19 1.000000e+25 
6.800000e+04 3.385612e-19 1.000000e+25 
6.825000e+04 3.324423e-19 1.000000e+25 
6.850000e+04 3.264243e-19 1.000000e+25 
6.875000e+04 3.205924e-19 1.000000e+25 
6.900000e+04 3.148596e-19 1.000000e+25 
6.925000e+04 3.093128e-19 1.000000e+25 
6.950000e+04 3.038632e-19 1.000000e+25 
6.975000e+04 2.985978e-19 1.000000e+25 
7.000000e+04 2.934275e-19 1.000000e+25 
7.025000e+04 2.884379e-19 1.000000e+25 
7.050000e+04 2.835414e-19 1.000000e+25 
7.075000e+04 2.788210e-19 1.000000e+25 
7.100000e+04 2.741918e-19 1.000000e+25 
7.125000e+04 2.697341e-19 1.000000e+25 
7.150000e+04 2.653658e-19 1.000000e+25 
7.175000e+04 2.611646e-19 1.000000e+25 
7.200000e+04 2.570513e-19 1.000000e+25 
7.225000e+04 2.531013e-19 1.000000e+25 
7.250000e+04 2.492383e-19 1.000000e+25 
7.275000e+04 2.455353e-19 1.000000e+25 
7.300000e+04 2.419190e-19 1.000000e+25 
7.325000e+04 2.384604e-19 1.000000e+25 
7.350000e+04 2.350883e-19 1.000000e+25 
7.375000e+04 2.318725e-19 1.000000e+25 
7.400000e+04 2.287435e-19 1.000000e+25 
7.425000e+04 2.257699e-19 1.000000e+25 
7.450000e+04 2.228838e-19 1.000000e+25 
7.475000e+04 2.201531e-19 1.000000e+25 
7.500000e+04 2.175107e-19 1.000000e+25 
7.525000e+04 2.150240e-19 1.000000e+25 
7.550000e+04 2.126269e-19 1.000000e+25 
7.575000e+04 2.103862e-19 1.000000e+25 
7.600000e+04 2.082364e-19 1.000000e+25 
7.625000e+04 2.062442e-19 1.000000e+25 
7.650000e+04 2.043443e-19 1.000000e+25 
7.675000e+04 2.026032e-19 1.000000e+25 
7.700000e+04 2.009559e-19 1.000000e+25 
7.725000e+04 1.994688e-19 1.000000e+25 
7.750000e+04 1.980769e-19 1.000000e+25 
7.775000e+04 1.968464e-19 1.000000e+25 
7.800000e+04 1.957126e-19 1.000000e+25 
7.825000e+04 1.947414e-19 1.000000e+25 
7.850000e+04 1.938679e-19 1.000000e+25 
7.875000e+04 1.931582e-19 1.000000e+25 
7.900000e+04 1.925471e-19 1.000000e+25 
7.925000e+04 1.921006e-19 1.000000e+25 
7.950000e+04 1.917534e-19 1.000000e+25 
7.975000e+04 1.915711e-19 1.000000e+25 
8.000000e+04 1.914885e-19 1.000000e+25 
