0.000000e+00 7.919588e-20 1.000000e+25 
2.083333e+02 7.921814e-20 1.000000e+25 
4.166667e+02 7.926718e-20 1.000000e+25 
6.250000e+02 7.936069e-20 1.000000e+25 
8.333333e+02 7.948093e-20 1.000000e+25 
1.041667e+03 7.964551e-20 1.000000e+25 
1.250000e+03 7.983670e-20 1.000000e+25 
1.458333e+03 8.007204e-20 1.000000e+25 
1.666667e+03 8.033381e-20 1.000000e+25 
1.875000e+03 8.063947e-20 1.000000e+25 
2.083333e+03 8.097133e-20 1.000000e+25 
2.291667e+03 8.134675e-20 1.000000e+25 
2.500000e+03 8.174812e-20 1.000000e+25 
2.708333e+03 8.219267e-20 1.000000e+25 
2.916667e+03 8.266288e-20 1.000000e+25 
3.125000e+03 8.317585e-20 1.000000e+25 
3.333333e+03 8.371419e-20 1.000000e+25 
3.541667e+03 8.429484e-20 1.000000e+25 
3.750000e+03 8.490057e-20 1.000000e+25 
3.958333e+03 8.554814e-20 1.000000e+25 
4.166667e+03 8.622050e-20 1.000000e+25 
4.375000e+03 8.693425e-20 1.000000e+25 
4.583333e+03 8.767251e-20 1.000000e+25 
4.791667e+03 8.845173e-20 1.000000e+25 
5.000000e+03 8.925521e-20 1.000000e+25 
5.208333e+03 9.009924e-20 1.000000e+25 
5.416667e+03 9.096735e-20 1.000000e+25 
5.625000e+03 9.187562e-20 1.000000e+25 
5.833333e+03 9.280782e-20 1.000000e+25 
6.041667e+03 9.377986e-20 1.000000e+25 
6.250000e+03 9.477577e-20 1.000000e+25 
6.458333e+03 9.581122e-20 1.000000e+25 
6.666667e+03 9.687055e-20 1.000000e+25 
6.875000e+03 9.796920e-20 1.000000e+25 
7.083333e+03 9.909182e-20 1.000000e+25 
7.291667e+03 1.002536e-19 1.000000e+25 
7.500000e+03 1.014395e-19 1.000000e+25 
7.708333e+03 1.026645e-19 1.000000e+25 
7.916667e+03 1.039139e-19 1.000000e+25 
8.125000e+03 1.052022e-19 1.000000e+25 
8.333333e+03 1.065154e-19 1.000000e+25 
8.541667e+03 1.078676e-19 1.000000e+25 
8.750000e+03 1.092451e-19 1.000000e+25 
8.958333e+03 1.106615e-19 1.000000e+25 
9.166667e+03 1.121040e-19 1.000000e+25 
9.375000e+03 1.135854e-19 1.000000e+25 
9.583333e+03 1.150935e-19 1.000000e+25 
9.791667e+03 1.166406e-19 1.000000e+25 
1.000000e+04 1.182153e-19 1.000000e+25 
1.020833e+04 1.198289e-19 1.000000e+25 
1.041667e+04 1.214711e-19 1.000000e+25 
1.062500e+04 1.231520e-19 1.000000e+25 
1.083333e+04 1.248628e-19 1.000000e+25 
1.104167e+04 1.266120e-19 1.000000e+25 
1.125000e+04 1.283923e-19 1.000000e+25 
1.145833e+04 1.302105e-19 1.000000e+25 
1.166667e+04 1.320612e-19 1.000000e+25 
1.187500e+04 1.339491e-19 1.000000e+25 
1.208333e+04 1.358711e-19 1.000000e+25 
1.229167e+04 1.378292e-19 1.000000e+25 
1.250000e+04 1.398230e-19 1.000000e+25 
1.270833e+04 1.418517e-19 1.000000e+25 
1.291667e+04 1.439177e-19 1.000000e+25 
1.312500e+04 1.460168e-19 1.000000e+25 
1.333333e+04 1.481551e-19 1.000000e+25 
1.354167e+04 1.503246e-19 1.000000e+25 
1.375000e+04 1.525349e-19 1.000000e+25 
1.395833e+04 1.547741e-19 1.000000e+25 
1.416667e+04 1.570561e-19 1.000000e+25 
1.437500e+04 1.593645e-19 1.000000e+25 
1.458333e+04 1.617175e-19 1.000000e+25 
1.479167e+04 1.640946e-19 1.000000e+25 
1.500000e+04 1.665183e-19 1.000000e+25 
1.520833e+04 1.689641e-19 1.000000e+25 
1.541667e+04 1.714587e-19 1.000000e+25 
1.562500e+04 1.739743e-19 1.000000e+25 
1.583333e+04 1.765411e-19 1.000000e+25 
1.604167e+04 1.791294e-19 1.000000e+25 
1.625000e+04 1.817718e-19 1.000000e+25 
1.645833e+04 1.844386e-19 1.000000e+25 
1.666667e+04 1.871631e-19 1.000000e+25 
1.687500e+04 1.899182e-19 1.000000e+25 
1.708333e+04 1.927353e-19 1.000000e+25 
1.729167e+04 1.955935e-19 1.000000e+25 
1.750000e+04 1.985192e-19 1.000000e+25 
1.770833e+04 2.015015e-19 1.000000e+25 
1.791667e+04 2.045579e-19 1.000000e+25 
1.812500e+04 2.076915e-19 1.000000e+25 
1.833333e+04 2.109068e-19 1.000000e+25 
1.854167e+04 2.142249e-19 1.000000e+25 
1.875000e+04 2.176332e-19 1.000000e+25 
1.895833e+04 2.211732e-19 1.000000e+25 
1.916667e+04 2.248122e-19 1.000000e+25 
1.937500e+04 2.286133e-19 1.000000e+25 
1.958333e+04 2.325218e-19 1.000000e+25 
1.979167e+04 2.366215e-19 1.000000e+25 
2.000000e+04 2.408358e-19 1.000000e+25 
2.020833e+04 2.452661e-19 1.000000e+25 
2.041667e+04 2.498160e-19 1.000000e+25 
2.062500e+04 2.546007e-19 1.000000e+25 
2.083333e+04 2.595084e-19 1.000000e+25 
2.104167e+04 2.646606e-19 1.000000e+25 
2.125000e+04 2.699340e-19 1.000000e+25 
2.145833e+04 2.754596e-19 1.000000e+25 
2.166667e+04 2.811096e-19 1.000000e+25 
2.187500e+04 2.870028e-19 1.000000e+25 
2.208333e+04 2.930086e-19 1.000000e+25 
2.229167e+04 2.992166e-19 1.000000e+25 
2.250000e+04 3.055141e-19 1.000000e+25 
2.270833e+04 3.120816e-19 1.000000e+25 
2.291667e+04 3.188375e-19 1.000000e+25 
2.312500e+04 3.254990e-19 1.000000e+25 
2.333333e+04 3.319541e-19 1.000000e+25 
2.354167e+04 3.388955e-19 1.000000e+25 
2.375000e+04 3.463533e-19 1.000000e+25 
2.395833e+04 3.540485e-19 1.000000e+25 
2.416667e+04 3.617262e-19 1.000000e+25 
2.437500e+04 3.652732e-19 1.000000e+25 
2.458333e+04 3.633521e-19 1.000000e+25 
2.479167e+04 3.657046e-19 1.000000e+25 
2.500000e+04 4.082602e-19 1.000000e+25 
2.520833e+04 5.082630e-19 9.842328e+24 
2.541667e+04 6.346954e-19 7.878214e+24 
2.562500e+04 7.990251e-19 6.258922e+24 
2.583333e+04 1.003879e-18 4.980866e+24 
2.604167e+04 1.289845e-18 3.877370e+24 
2.625000e+04 1.638591e-18 3.051553e+24 
2.645833e+04 2.127431e-18 2.350849e+24 
2.666667e+04 2.716782e-18 1.840488e+24 
2.687500e+04 3.544835e-18 1.410844e+24 
2.708333e+04 4.538067e-18 1.101828e+24 
2.729167e+04 5.945024e-18 8.412357e+23 
2.750000e+04 7.627233e-18 6.555643e+23 
2.770833e+04 1.002893e-17 4.986692e+23 
2.791667e+04 1.289195e-17 3.878477e+23 
2.812500e+04 1.699991e-17 2.941809e+23 
2.833333e+04 2.188105e-17 2.285124e+23 
2.854167e+04 2.889417e-17 1.730788e+23 
2.875000e+04 3.719495e-17 1.344288e+23 
2.895833e+04 4.909408e-17 1.018632e+23 
2.916667e+04 6.311576e-17 7.922039e+22 
2.937500e+04 8.312150e-17 6.016239e+22 
2.958333e+04 1.065863e-16 4.691072e+22 
2.979167e+04 1.398670e-16 3.575318e+22 
3.000000e+04 1.787143e-16 2.797777e+22 
3.020833e+04 2.334254e-16 2.142265e+22 
3.041667e+04 2.969495e-16 1.683794e+22 
3.062500e+04 3.856135e-16 1.296761e+22 
3.083333e+04 4.879141e-16 1.024772e+22 
3.104167e+04 6.289824e-16 7.949946e+21 
3.125000e+04 7.904907e-16 6.325188e+21 
3.145833e+04 1.009602e-15 4.952719e+21 
3.166667e+04 1.258068e-15 3.974348e+21 
3.187500e+04 1.587944e-15 3.148838e+21 
3.208333e+04 1.957621e-15 2.554120e+21 
3.229167e+04 2.434657e-15 2.053718e+21 
3.250000e+04 2.961463e-15 1.688355e+21 
3.270833e+04 3.616086e-15 1.382722e+21 
3.291667e+04 4.325704e-15 1.155882e+21 
3.312500e+04 5.163509e-15 9.683353e+20 
3.333333e+04 6.049904e-15 8.264601e+20 
3.354167e+04 7.023353e-15 7.119108e+20 
3.375000e+04 8.019194e-15 6.235045e+20 
3.395833e+04 8.997732e-15 5.556973e+20 
3.416667e+04 9.947816e-15 5.026230e+20 
3.437500e+04 1.070800e-14 4.669446e+20 
3.458333e+04 1.137071e-14 4.397265e+20 
3.479167e+04 1.164006e-14 4.295567e+20 
3.500000e+04 1.174990e-14 4.255358e+20 
3.520833e+04 1.132751e-14 4.414083e+20 
3.541667e+04 1.073036e-14 4.659684e+20 
3.562500e+04 9.646625e-15 5.183178e+20 
3.583333e+04 8.447042e-15 5.919248e+20 
3.604167e+04 7.034097e-15 7.108248e+20 
3.625000e+04 5.617301e-15 8.901076e+20 
3.645833e+04 4.385985e-15 1.140052e+21 
3.666667e+04 3.259177e-15 1.534135e+21 
3.687500e+04 2.571455e-15 1.944641e+21 
3.708333e+04 2.016145e-15 2.479999e+21 
3.729167e+04 1.754475e-15 2.849936e+21 
3.750000e+04 1.543483e-15 3.239436e+21 
3.770833e+04 1.409950e-15 3.546239e+21 
3.791667e+04 1.280257e-15 3.905471e+21 
3.812500e+04 1.178839e-15 4.241467e+21 
3.833333e+04 1.083175e-15 4.616061e+21 
3.854167e+04 1.007410e-15 4.963231e+21 
3.875000e+04 9.375007e-16 5.333330e+21 
3.895833e+04 8.847635e-16 5.651240e+21 
3.916667e+04 8.374396e-16 5.970580e+21 
3.937500e+04 8.058484e-16 6.204656e+21 
3.958333e+04 7.791496e-16 6.417253e+21 
3.979167e+04 7.669852e-16 6.519049e+21 
4.000000e+04 7.596360e-16 6.582100e+21 
4.020833e+04 7.669852e-16 6.519049e+21 
4.041667e+04 7.791496e-16 6.417253e+21 
4.062500e+04 8.058484e-16 6.204656e+21 
4.083333e+04 8.374396e-16 5.970580e+21 
4.104167e+04 8.847635e-16 5.651240e+21 
4.125000e+04 9.375007e-16 5.333330e+21 
4.145833e+04 1.007410e-15 4.963231e+21 
4.166667e+04 1.083175e-15 4.616061e+21 
4.187500e+04 1.178839e-15 4.241467e+21 
4.208333e+04 1.280257e-15 3.905471e+21 
4.229167e+04 1.409950e-15 3.546239e+21 
4.250000e+04 1.543483e-15 3.239436e+21 
4.270833e+04 1.754475e-15 2.849936e+21 
4.291667e+04 2.016145e-15 2.479999e+21 
4.312500e+04 2.571455e-15 1.944641e+21 
4.333333e+04 3.259177e-15 1.534135e+21 
4.354167e+04 4.385985e-15 1.140052e+21 
4.375000e+04 5.617301e-15 8.901076e+20 
4.395833e+04 7.034097e-15 7.108248e+20 
4.416667e+04 8.447042e-15 5.919248e+20 
4.437500e+04 9.646625e-15 5.183178e+20 
4.458333e+04 1.073036e-14 4.659684e+20 
4.479167e+04 1.132751e-14 4.414083e+20 
4.500000e+04 1.174990e-14 4.255358e+20 
4.520833e+04 1.164006e-14 4.295567e+20 
4.541667e+04 1.137071e-14 4.397265e+20 
4.562500e+04 1.070800e-14 4.669446e+20 
4.583333e+04 9.947816e-15 5.026230e+20 
4.604167e+04 8.997732e-15 5.556973e+20 
4.625000e+04 8.019194e-15 6.235045e+20 
4.645833e+04 7.023353e-15 7.119108e+20 
4.666667e+04 6.049904e-15 8.264601e+20 
4.687500e+04 5.163509e-15 9.683353e+20 
4.708333e+04 4.325704e-15 1.155882e+21 
4.729167e+04 3.616086e-15 1.382722e+21 
4.750000e+04 2.961463e-15 1.688355e+21 
4.770833e+04 2.434657e-15 2.053718e+21 
4.791667e+04 1.957621e-15 2.554120e+21 
4.812500e+04 1.587944e-15 3.148838e+21 
4.833333e+04 1.258068e-15 3.974348e+21 
4.854167e+04 1.009602e-15 4.952719e+21 
4.875000e+04 7.904907e-16 6.325188e+21 
4.895833e+04 6.289824e-16 7.949946e+21 
4.916667e+04 4.879141e-16 1.024772e+22 
4.937500e+04 3.856135e-16 1.296761e+22 
4.958333e+04 2.969495e-16 1.683794e+22 
4.979167e+04 2.334254e-16 2.142265e+22 
5.000000e+04 1.787143e-16 2.797777e+22 
5.020833e+04 1.398670e-16 3.575318e+22 
5.041667e+04 1.065863e-16 4.691072e+22 
5.062500e+04 8.312150e-17 6.016239e+22 
5.083333e+04 6.311576e-17 7.922039e+22 
5.104167e+04 4.909408e-17 1.018632e+23 
5.125000e+04 3.719495e-17 1.344288e+23 
5.145833e+04 2.889417e-17 1.730788e+23 
5.166667e+04 2.188105e-17 2.285124e+23 
5.187500e+04 1.699991e-17 2.941809e+23 
5.208333e+04 1.289195e-17 3.878477e+23 
5.229167e+04 1.002893e-17 4.986692e+23 
5.250000e+04 7.627233e-18 6.555643e+23 
5.270833e+04 5.945024e-18 8.412357e+23 
5.291667e+04 4.538067e-18 1.101828e+24 
5.312500e+04 3.544835e-18 1.410844e+24 
5.333333e+04 2.716782e-18 1.840488e+24 
5.354167e+04 2.127431e-18 2.350849e+24 
5.375000e+04 1.638591e-18 3.051553e+24 
5.395833e+04 1.289845e-18 3.877370e+24 
5.416667e+04 1.003879e-18 4.980866e+24 
5.437500e+04 7.990251e-19 6.258922e+24 
5.458333e+04 6.346954e-19 7.878214e+24 
5.479167e+04 5.082630e-19 9.842328e+24 
5.500000e+04 4.082602e-19 1.000000e+25 
5.520833e+04 3.657046e-19 1.000000e+25 
5.541667e+04 3.633521e-19 1.000000e+25 
5.562500e+04 3.652732e-19 1.000000e+25 
5.583333e+04 3.617262e-19 1.000000e+25 
5.604167e+04 3.540485e-19 1.000000e+25 
5.625000e+04 3.463533e-19 1.000000e+25 
5.645833e+04 3.388955e-19 1.000000e+25 
5.666667e+04 3.319541e-19 1.000000e+25 
5.687500e+04 3.254990e-19 1.000000e+25 
5.708333e+04 3.188375e-19 1.000000e+25 
5.729167e+04 3.120816e-19 1.000000e+25 
5.750000e+04 3.055141e-19 1.000000e+25 
5.770833e+04 2.992166e-19 1.000000e+25 
5.791667e+04 2.930086e-19 1.000000e+25 
5.812500e+04 2.870028e-19 1.000000e+25 
5.833333e+04 2.811096e-19 1.000000e+25 
5.854167e+04 2.754596e-19 1.000000e+25 
5.875000e+04 2.699340e-19 1.000000e+25 
5.895833e+04 2.646606e-19 1.000000e+25 
5.916667e+04 2.595084e-19 1.000000e+25 
5.937500e+04 2.546007e-19 1.000000e+25 
5.958333e+04 2.498160e-19 1.000000e+25 
5.979167e+04 2.452661e-19 1.000000e+25 
6.000000e+04 2.408358e-19 1.000000e+25 
6.020833e+04 2.366215e-19 1.000000e+25 
6.041667e+04 2.325218e-19 1.000000e+25 
6.062500e+04 2.286133e-19 1.000000e+25 
6.083333e+04 2.248122e-19 1.000000e+25 
6.104167e+04 2.211732e-19 1.000000e+25 
6.125000e+04 2.176332e-19 1.000000e+25 
6.145833e+04 2.142249e-19 1.000000e+25 
6.166667e+04 2.109068e-19 1.000000e+25 
6.187500e+04 2.076915e-19 1.000000e+25 
6.208333e+04 2.045579e-19 1.000000e+25 
6.229167e+04 2.015015e-19 1.000000e+25 
6.250000e+04 1.985192e-19 1.000000e+25 
6.270833e+04 1.955935e-19 1.000000e+25 
6.291667e+04 1.927353e-19 1.000000e+25 
6.312500e+04 1.899182e-19 1.000000e+25 
6.333333e+04 1.871631e-19 1.000000e+25 
6.354167e+04 1.844386e-19 1.000000e+25 
6.375000e+04 1.817718e-19 1.000000e+25 
6.395833e+04 1.791294e-19 1.000000e+25 
6.416667e+04 1.765411e-19 1.000000e+25 
6.437500e+04 1.739743e-19 1.000000e+25 
6.458333e+04 1.714587e-19 1.000000e+25 
6.479167e+04 1.689641e-19 1.000000e+25 
6.500000e+04 1.665183e-19 1.000000e+25 
6.520833e+04 1.640946e-19 1.000000e+25 
6.541667e+04 1.617175e-19 1.000000e+25 
6.562500e+04 1.593645e-19 1.000000e+25 
6.583333e+04 1.570561e-19 1.000000e+25 
6.604167e+04 1.547741e-19 1.000000e+25 
6.625000e+04 1.525349e-19 1.000000e+25 
6.645833e+04 1.503246e-19 1.000000e+25 
6.666667e+04 1.481551e-19 1.000000e+25 
6.687500e+04 1.460168e-19 1.000000e+25 
6.708333e+04 1.439177e-19 1.000000e+25 
6.729167e+04 1.418517e-19 1.000000e+25 
6.750000e+04 1.398230e-19 1.000000e+25 
6.770833e+04 1.378292e-19 1.000000e+25 
6.791667e+04 1.358711e-19 1.000000e+25 
6.812500e+04 1.339491e-19 1.000000e+25 
6.833333e+04 1.320612e-19 1.000000e+25 
6.854167e+04 1.302105e-19 1.000000e+25 
6.875000e+04 1.283923e-19 1.000000e+25 
6.895833e+04 1.266120e-19 1.000000e+25 
6.916667e+04 1.248629e-19 1.000000e+25 
6.937500e+04 1.231520e-19 1.000000e+25 
6.958333e+04 1.214711e-19 1.000000e+25 
6.979167e+04 1.198289e-19 1.000000e+25 
7.000000e+04 1.182153e-19 1.000000e+25 
7.020833e+04 1.166406e-19 1.000000e+25 
7.041667e+04 1.150935e-19 1.000000e+25 
7.062500e+04 1.135854e-19 1.000000e+25 
7.083333e+04 1.121040e-19 1.000000e+25 
7.104167e+04 1.106615e-19 1.000000e+25 
7.125000e+04 1.092451e-19 1.000000e+25 
7.145833e+04 1.078676e-19 1.000000e+25 
7.166667e+04 1.065154e-19 1.000000e+25 
7.187500e+04 1.052022e-19 1.000000e+25 
7.208333e+04 1.039139e-19 1.000000e+25 
7.229167e+04 1.026645e-19 1.000000e+25 
7.250000e+04 1.014395e-19 1.000000e+25 
7.270833e+04 1.002536e-19 1.000000e+25 
7.291667e+04 9.909182e-20 1.000000e+25 
7.312500e+04 9.796920e-20 1.000000e+25 
7.333333e+04 9.687055e-20 1.000000e+25 
7.354167e+04 9.581122e-20 1.000000e+25 
7.375000e+04 9.477577e-20 1.000000e+25 
7.395833e+04 9.377986e-20 1.000000e+25 
7.416667e+04 9.280782e-20 1.000000e+25 
7.437500e+04 9.187562e-20 1.000000e+25 
7.458333e+04 9.096735e-20 1.000000e+25 
7.479167e+04 9.009924e-20 1.000000e+25 
7.500000e+04 8.925521e-20 1.000000e+25 
7.520833e+04 8.845173e-20 1.000000e+25 
7.541667e+04 8.767251e-20 1.000000e+25 
7.562500e+04 8.693425e-20 1.000000e+25 
7.583333e+04 8.622050e-20 1.000000e+25 
7.604167e+04 8.554814e-20 1.000000e+25 
7.625000e+04 8.490057e-20 1.000000e+25 
7.645833e+04 8.429484e-20 1.000000e+25 
7.666667e+04 8.371419e-20 1.000000e+25 
7.687500e+04 8.317585e-20 1.000000e+25 
7.708333e+04 8.266288e-20 1.000000e+25 
7.729167e+04 8.219266e-20 1.000000e+25 
7.750000e+04 8.174812e-20 1.000000e+25 
7.770833e+04 8.134675e-20 1.000000e+25 
7.791667e+04 8.097133e-20 1.000000e+25 
7.812500e+04 8.063947e-20 1.000000e+25 
7.833333e+04 8.033381e-20 1.000000e+25 
7.854167e+04 8.007204e-20 1.000000e+25 
7.875000e+04 7.983670e-20 1.000000e+25 
7.895833e+04 7.964551e-20 1.000000e+25 
7.916667e+04 7.948093e-20 1.000000e+25 
7.937500e+04 7.936069e-20 1.000000e+25 
7.958333e+04 7.926718e-20 1.000000e+25 
7.979167e+04 7.921814e-20 1.000000e+25 
8.000000e+04 7.919588e-20 1.000000e+25 
