0.000000e+00 8.058801e-20 1.000000e+25 
6.250000e+02 8.079181e-20 1.000000e+25 
1.250000e+03 8.124073e-20 1.000000e+25 
1.875000e+03 8.209397e-20 1.000000e+25 
2.500000e+03 8.318776e-20 1.000000e+25 
3.125000e+03 8.467697e-20 1.000000e+25 
3.750000e+03 8.639929e-20 1.000000e+25 
4.375000e+03 8.850504e-20 1.000000e+25 
5.000000e+03 9.083626e-20 1.000000e+25 
5.625000e+03 9.353900e-20 1.000000e+25 
6.250000e+03 9.646243e-20 1.000000e+25 
6.875000e+03 9.974818e-20 1.000000e+25 
7.500000e+03 1.032555e-19 1.000000e+25 
8.125000e+03 1.071201e-19 1.000000e+25 
8.750000e+03 1.112151e-19 1.000000e+25 
9.375000e+03 1.156658e-19 1.000000e+25 
1.000000e+04 1.203654e-19 1.000000e+25 
1.062500e+04 1.254188e-19 1.000000e+25 
1.125000e+04 1.307502e-19 1.000000e+25 
1.187500e+04 1.364255e-19 1.000000e+25 
1.250000e+04 1.424169e-19 1.000000e+25 
1.312500e+04 1.487245e-19 1.000000e+25 
1.375000e+04 1.553926e-19 1.000000e+25 
1.437500e+04 1.623239e-19 1.000000e+25 
1.500000e+04 1.696612e-19 1.000000e+25 
1.562500e+04 1.772130e-19 1.000000e+25 
1.625000e+04 1.852277e-19 1.000000e+25 
1.687500e+04 1.934837e-19 1.000000e+25 
1.750000e+04 2.022761e-19 1.000000e+25 
1.812500e+04 2.116555e-19 1.000000e+25 
1.875000e+04 2.217983e-19 1.000000e+25 
1.937500e+04 2.330516e-19 1.000000e+25 
2.000000e+04 2.450678e-19 1.000000e+25 
2.062500e+04 2.591414e-19 1.000000e+25 
2.125000e+04 2.748231e-19 1.000000e+25 
2.187500e+04 2.933381e-19 1.000000e+25 
2.250000e+04 3.114955e-19 1.000000e+25 
2.312500e+04 3.289607e-19 1.000000e+25 
2.375000e+04 3.424584e-19 1.000000e+25 
2.437500e+04 3.069892e-19 1.000000e+25 
2.500000e+04 2.846494e-19 1.000000e+25 
2.562500e+04 6.118989e-19 8.488400e+24 
2.625000e+04 1.126061e-18 4.481368e+24 
2.687500e+04 2.988554e-18 1.726577e+24 
2.750000e+04 5.297333e-18 9.485139e+23 
2.812500e+04 1.482020e-17 3.453592e+23 
2.875000e+04 2.726153e-17 1.837594e+23 
2.937500e+04 7.450935e-17 6.808233e+22 
3.000000e+04 1.394714e-16 3.586366e+22 
3.062500e+04 3.545060e-16 1.420682e+22 
3.125000e+04 6.637123e-16 7.534423e+21 
3.187500e+04 1.499868e-15 3.341711e+21 
3.250000e+04 2.693247e-15 1.857569e+21 
3.312500e+04 5.021926e-15 9.967366e+20 
3.375000e+04 8.011884e-15 6.250729e+20 
3.437500e+04 1.071101e-14 4.679934e+20 
3.500000e+04 1.228506e-14 4.079990e+20 
3.562500e+04 9.687950e-15 5.172399e+20 
3.625000e+04 5.907207e-15 8.474741e+20 
3.687500e+04 3.075725e-15 1.631230e+21 
3.750000e+04 1.311694e-15 3.813583e+21 
3.812500e+04 1.003689e-15 4.989537e+21 
3.875000e+04 7.987450e-16 6.261022e+21 
3.937500e+04 7.568214e-16 6.608237e+21 
4.000000e+04 7.130660e-16 7.015875e+21 
4.062500e+04 7.568214e-16 6.608237e+21 
4.125000e+04 7.987450e-16 6.261022e+21 
4.187500e+04 1.003689e-15 4.989537e+21 
4.250000e+04 1.311694e-15 3.813583e+21 
4.312500e+04 3.075725e-15 1.631230e+21 
4.375000e+04 5.907207e-15 8.474741e+20 
4.437500e+04 9.687950e-15 5.172399e+20 
4.500000e+04 1.228506e-14 4.079990e+20 
4.562500e+04 1.071101e-14 4.679934e+20 
4.625000e+04 8.011884e-15 6.250729e+20 
4.687500e+04 5.021926e-15 9.967366e+20 
4.750000e+04 2.693247e-15 1.857569e+21 
4.812500e+04 1.499868e-15 3.341711e+21 
4.875000e+04 6.637123e-16 7.534423e+21 
4.937500e+04 3.545060e-16 1.420682e+22 
5.000000e+04 1.394714e-16 3.586366e+22 
5.062500e+04 7.450935e-17 6.808233e+22 
5.125000e+04 2.726153e-17 1.837594e+23 
5.187500e+04 1.482020e-17 3.453592e+23 
5.250000e+04 5.297333e-18 9.485139e+23 
5.312500e+04 2.988554e-18 1.726577e+24 
5.375000e+04 1.126061e-18 4.481368e+24 
5.437500e+04 6.118989e-19 8.488400e+24 
5.500000e+04 2.846494e-19 1.000000e+25 
5.562500e+04 3.069892e-19 1.000000e+25 
5.625000e+04 3.424584e-19 1.000000e+25 
5.687500e+04 3.289607e-19 1.000000e+25 
5.750000e+04 3.114955e-19 1.000000e+25 
5.812500e+04 2.933381e-19 1.000000e+25 
5.875000e+04 2.748231e-19 1.000000e+25 
5.937500e+04 2.591414e-19 1.000000e+25 
6.000000e+04 2.450678e-19 1.000000e+25 
6.062500e+04 2.330516e-19 1.000000e+25 
6.125000e+04 2.217983e-19 1.000000e+25 
6.187500e+04 2.116555e-19 1.000000e+25 
6.250000e+04 2.022761e-19 1.000000e+25 
6.312500e+04 1.934837e-19 1.000000e+25 
6.375000e+04 1.852277e-19 1.000000e+25 
6.437500e+04 1.772130e-19 1.000000e+25 
6.500000e+04 1.696612e-19 1.000000e+25 
6.562500e+04 1.623239e-19 1.000000e+25 
6.625000e+04 1.553926e-19 1.000000e+25 
6.687500e+04 1.487245e-19 1.000000e+25 
6.750000e+04 1.424169e-19 1.000000e+25 
6.812500e+04 1.364255e-19 1.000000e+25 
6.875000e+04 1.307502e-19 1.000000e+25 
6.937500e+04 1.254188e-19 1.000000e+25 
7.000000e+04 1.203654e-19 1.000000e+25 
7.062500e+04 1.156658e-19 1.000000e+25 
7.125000e+04 1.112151e-19 1.000000e+25 
7.187500e+04 1.071201e-19 1.000000e+25 
7.250000e+04 1.032555e-19 1.000000e+25 
7.312500e+04 9.974818e-20 1.000000e+25 
7.375000e+04 9.646243e-20 1.000000e+25 
7.437500e+04 9.353900e-20 1.000000e+25 
7.500000e+04 9.083626e-20 1.000000e+25 
7.562500e+04 8.850504e-20 1.000000e+25 
7.625000e+04 8.639929e-20 1.000000e+25 
7.687500e+04 8.467697e-20 1.000000e+25 
7.750000e+04 8.318776e-20 1.000000e+25 
7.812500e+04 8.209397e-20 1.000000e+25 
7.875000e+04 8.124073e-20 1.000000e+25 
7.937500e+04 8.079181e-20 1.000000e+25 
8.000000e+04 8.058801e-20 1.000000e+25 
