0.000000e+00 8.033229e-20 1.000000e+25 
6.250000e+02 8.053557e-20 1.000000e+25 
1.250000e+03 8.098313e-20 1.000000e+25 
1.875000e+03 8.183397e-20 1.000000e+25 
2.500000e+03 8.292454e-20 1.000000e+25 
3.125000e+03 8.440950e-20 1.000000e+25 
3.750000e+03 8.612674e-20 1.000000e+25 
4.375000e+03 8.822640e-20 1.000000e+25 
5.000000e+03 9.055071e-20 1.000000e+25 
5.625000e+03 9.324550e-20 1.000000e+25 
6.250000e+03 9.616018e-20 1.000000e+25 
6.875000e+03 9.943610e-20 1.000000e+25 
7.500000e+03 1.029328e-19 1.000000e+25 
8.125000e+03 1.067856e-19 1.000000e+25 
8.750000e+03 1.108680e-19 1.000000e+25 
9.375000e+03 1.153048e-19 1.000000e+25 
1.000000e+04 1.199899e-19 1.000000e+25 
1.062500e+04 1.250273e-19 1.000000e+25 
1.125000e+04 1.303421e-19 1.000000e+25 
1.187500e+04 1.359995e-19 1.000000e+25 
1.250000e+04 1.419727e-19 1.000000e+25 
1.312500e+04 1.482610e-19 1.000000e+25 
1.375000e+04 1.549103e-19 1.000000e+25 
1.437500e+04 1.618220e-19 1.000000e+25 
1.500000e+04 1.691404e-19 1.000000e+25 
1.562500e+04 1.766767e-19 1.000000e+25 
1.625000e+04 1.846799e-19 1.000000e+25 
1.687500e+04 1.929153e-19 1.000000e+25 
1.750000e+04 2.016759e-19 1.000000e+25 
1.812500e+04 2.110335e-19 1.000000e+25 
1.875000e+04 2.211773e-19 1.000000e+25 
1.937500e+04 2.323582e-19 1.000000e+25 
2.000000e+04 2.442270e-19 1.000000e+25 
2.062500e+04 2.580983e-19 1.000000e+25 
2.125000e+04 2.734716e-19 1.000000e+25 
2.187500e+04 2.923070e-19 1.000000e+25 
2.250000e+04 3.119131e-19 1.000000e+25 
2.312500e+04 3.316840e-19 1.000000e+25 
2.375000e+04 3.456644e-19 1.000000e+25 
2.437500e+04 3.050330e-19 1.000000e+25 
2.500000e+04 2.801774e-19 1.000000e+25 
2.562500e+04 5.989484e-19 8.623883e+24 
2.625000e+04 1.123943e-18 4.482900e+24 
2.687500e+04 2.931447e-18 1.757065e+24 
2.750000e+04 5.218882e-18 9.626351e+23 
2.812500e+04 1.448313e-17 3.533543e+23 
2.875000e+04 2.689627e-17 1.862978e+23 
2.937500e+04 7.298772e-17 6.947519e+22 
3.000000e+04 1.381843e-16 3.619796e+22 
3.062500e+04 3.492493e-16 1.441732e+22 
3.125000e+04 6.603218e-16 7.572137e+21 
3.187500e+04 1.490701e-15 3.361134e+21 
3.250000e+04 2.703084e-15 1.849782e+21 
3.312500e+04 5.034814e-15 9.931837e+20 
3.375000e+04 8.112573e-15 6.163298e+20 
3.437500e+04 1.081606e-14 4.624672e+20 
3.500000e+04 1.223884e-14 4.085369e+20 
3.562500e+04 9.585499e-15 5.217334e+20 
3.625000e+04 5.828192e-15 8.579160e+20 
3.687500e+04 3.088391e-15 1.623104e+21 
3.750000e+04 1.315348e-15 3.801789e+21 
3.812500e+04 9.797357e-16 5.110864e+21 
3.875000e+04 8.207222e-16 6.094309e+21 
3.937500e+04 7.668214e-16 6.521113e+21 
4.000000e+04 6.916391e-16 7.237540e+21 
4.062500e+04 7.668214e-16 6.521113e+21 
4.125000e+04 8.207222e-16 6.094309e+21 
4.187500e+04 9.797357e-16 5.110864e+21 
4.250000e+04 1.315348e-15 3.801789e+21 
4.312500e+04 3.088391e-15 1.623104e+21 
4.375000e+04 5.828192e-15 8.579160e+20 
4.437500e+04 9.585499e-15 5.217334e+20 
4.500000e+04 1.223884e-14 4.085369e+20 
4.562500e+04 1.081606e-14 4.624672e+20 
4.625000e+04 8.112573e-15 6.163298e+20 
4.687500e+04 5.034814e-15 9.931837e+20 
4.750000e+04 2.703084e-15 1.849782e+21 
4.812500e+04 1.490701e-15 3.361134e+21 
4.875000e+04 6.603218e-16 7.572137e+21 
4.937500e+04 3.492493e-16 1.441732e+22 
5.000000e+04 1.381843e-16 3.619796e+22 
5.062500e+04 7.298772e-17 6.947519e+22 
5.125000e+04 2.689627e-17 1.862978e+23 
5.187500e+04 1.448313e-17 3.533543e+23 
5.250000e+04 5.218882e-18 9.626351e+23 
5.312500e+04 2.931447e-18 1.757065e+24 
5.375000e+04 1.123943e-18 4.482900e+24 
5.437500e+04 5.989484e-19 8.623883e+24 
5.500000e+04 2.801774e-19 1.000000e+25 
5.562500e+04 3.050330e-19 1.000000e+25 
5.625000e+04 3.456644e-19 1.000000e+25 
5.687500e+04 3.316840e-19 1.000000e+25 
5.750000e+04 3.119131e-19 1.000000e+25 
5.812500e+04 2.923070e-19 1.000000e+25 
5.875000e+04 2.734716e-19 1.000000e+25 
5.937500e+04 2.580983e-19 1.000000e+25 
6.000000e+04 2.442270e-19 1.000000e+25 
6.062500e+04 2.323582e-19 1.000000e+25 
6.125000e+04 2.211773e-19 1.000000e+25 
6.187500e+04 2.110335e-19 1.000000e+25 
6.250000e+04 2.016759e-19 1.000000e+25 
6.312500e+04 1.929153e-19 1.000000e+25 
6.375000e+04 1.846799e-19 1.000000e+25 
6.437500e+04 1.766767e-19 1.000000e+25 
6.500000e+04 1.691404e-19 1.000000e+25 
6.562500e+04 1.618220e-19 1.000000e+25 
6.625000e+04 1.549103e-19 1.000000e+25 
6.687500e+04 1.482610e-19 1.000000e+25 
6.750000e+04 1.419727e-19 1.000000e+25 
6.812500e+04 1.359995e-19 1.000000e+25 
6.875000e+04 1.303421e-19 1.000000e+25 
6.937500e+04 1.250273e-19 1.000000e+25 
7.000000e+04 1.199899e-19 1.000000e+25 
7.062500e+04 1.153048e-19 1.000000e+25 
7.125000e+04 1.108680e-19 1.000000e+25 
7.187500e+04 1.067856e-19 1.000000e+25 
7.250000e+04 1.029328e-19 1.000000e+25 
7.312500e+04 9.943610e-20 1.000000e+25 
7.375000e+04 9.616018e-20 1.000000e+25 
7.437500e+04 9.324550e-20 1.000000e+25 
7.500000e+04 9.055071e-20 1.000000e+25 
7.562500e+04 8.822640e-20 1.000000e+25 
7.625000e+04 8.612674e-20 1.000000e+25 
7.687500e+04 8.440950e-20 1.000000e+25 
7.750000e+04 8.292454e-20 1.000000e+25 
7.812500e+04 8.183397e-20 1.000000e+25 
7.875000e+04 8.098313e-20 1.000000e+25 
7.937500e+04 8.053557e-20 1.000000e+25 
8.000000e+04 8.033229e-20 1.000000e+25 
