0.000000e+00 1.187760e-18 1.000000e+25 
1.562500e+02 1.189775e-18 1.000000e+25 
3.125000e+02 1.193625e-18 1.000000e+25 
4.687500e+02 1.201483e-18 1.000000e+25 
6.250000e+02 1.211147e-18 1.000000e+25 
7.812500e+02 1.224759e-18 1.000000e+25 
9.375000e+02 1.240127e-18 1.000000e+25 
1.093750e+03 1.259366e-18 1.000000e+25 
1.250000e+03 1.280303e-18 1.000000e+25 
1.406250e+03 1.305042e-18 1.000000e+25 
1.562500e+03 1.331424e-18 1.000000e+25 
1.718750e+03 1.361563e-18 1.000000e+25 
1.875000e+03 1.393302e-18 1.000000e+25 
2.031250e+03 1.428786e-18 1.000000e+25 
2.187500e+03 1.465845e-18 1.000000e+25 
2.343750e+03 1.506665e-18 1.000000e+25 
2.500000e+03 1.549051e-18 1.000000e+25 
2.656250e+03 1.595236e-18 1.000000e+25 
2.812500e+03 1.642996e-18 1.000000e+25 
2.968750e+03 1.694604e-18 1.000000e+25 
3.125000e+03 1.747812e-18 1.000000e+25 
3.281250e+03 1.804925e-18 1.000000e+25 
3.437500e+03 1.863676e-18 1.000000e+25 
3.593750e+03 1.926398e-18 1.000000e+25 
3.750000e+03 1.990810e-18 1.000000e+25 
3.906250e+03 2.059265e-18 1.000000e+25 
4.062500e+03 2.129480e-18 1.000000e+25 
4.218750e+03 2.203825e-18 1.000000e+25 
4.375000e+03 2.280013e-18 1.000000e+25 
4.531250e+03 2.360436e-18 1.000000e+25 
4.687500e+03 2.442802e-18 1.000000e+25 
4.843750e+03 2.529532e-18 1.000000e+25 
5.000000e+03 2.618320e-18 1.000000e+25 
5.156250e+03 2.711628e-18 1.000000e+25 
5.312500e+03 2.807124e-18 1.000000e+25 
5.468750e+03 2.907325e-18 1.000000e+25 
5.625000e+03 3.009860e-18 1.000000e+25 
5.781250e+03 3.117316e-18 1.000000e+25 
5.937500e+03 3.227266e-18 1.000000e+25 
6.093750e+03 3.342386e-18 1.000000e+25 
6.250000e+03 3.460175e-18 1.000000e+25 
6.406250e+03 3.583416e-18 1.000000e+25 
6.562500e+03 3.709517e-18 1.000000e+25 
6.718750e+03 3.841388e-18 9.858552e+24 
6.875000e+03 3.976325e-18 9.521017e+24 
7.031250e+03 4.117384e-18 9.191819e+24 
7.187500e+03 4.261732e-18 8.877571e+24 
7.343750e+03 4.412593e-18 8.571121e+24 
7.500000e+03 4.566985e-18 8.278526e+24 
7.656250e+03 4.728318e-18 7.993199e+24 
7.812500e+03 4.893442e-18 7.720713e+24 
7.968750e+03 5.065977e-18 7.454986e+24 
8.125000e+03 5.242584e-18 7.201164e+24 
8.281250e+03 5.427115e-18 6.953617e+24 
8.437500e+03 5.616021e-18 6.717113e+24 
8.593750e+03 5.813409e-18 6.486429e+24 
8.750000e+03 6.015496e-18 6.265995e+24 
8.906250e+03 6.226673e-18 6.050958e+24 
9.062500e+03 6.442901e-18 5.845441e+24 
9.218750e+03 6.668876e-18 5.644927e+24 
9.375000e+03 6.900280e-18 5.453262e+24 
9.531250e+03 7.142144e-18 5.266236e+24 
9.687500e+03 7.389845e-18 5.087440e+24 
9.843750e+03 7.648775e-18 4.912948e+24 
1.000000e+04 7.913982e-18 4.746116e+24 
1.015625e+04 8.191252e-18 4.583279e+24 
1.031250e+04 8.475270e-18 4.427576e+24 
1.046875e+04 8.772252e-18 4.275583e+24 
1.062500e+04 9.076493e-18 4.130239e+24 
1.078125e+04 9.394669e-18 3.988343e+24 
1.093750e+04 9.720654e-18 3.852646e+24 
1.109375e+04 1.006162e-17 3.720155e+24 
1.125000e+04 1.041099e-17 3.593447e+24 
1.140625e+04 1.077648e-17 3.469724e+24 
1.156250e+04 1.115101e-17 3.351397e+24 
1.171875e+04 1.154288e-17 3.235848e+24 
1.187500e+04 1.194449e-17 3.125339e+24 
1.203125e+04 1.236476e-17 3.017417e+24 
1.218750e+04 1.279550e-17 2.914201e+24 
1.234375e+04 1.324635e-17 2.813397e+24 
1.250000e+04 1.370848e-17 2.716990e+24 
1.265625e+04 1.419225e-17 2.622831e+24 
1.281250e+04 1.468818e-17 2.532780e+24 
1.296875e+04 1.520742e-17 2.444826e+24 
1.312500e+04 1.573978e-17 2.360711e+24 
1.328125e+04 1.629726e-17 2.278552e+24 
1.343750e+04 1.686887e-17 2.199984e+24 
1.359375e+04 1.746758e-17 2.123239e+24 
1.375000e+04 1.808153e-17 2.049850e+24 
1.390625e+04 1.872471e-17 1.978164e+24 
1.406250e+04 1.938434e-17 1.909616e+24 
1.421875e+04 2.007551e-17 1.842656e+24 
1.437500e+04 2.078445e-17 1.778631e+24 
1.453125e+04 2.152745e-17 1.716088e+24 
1.468750e+04 2.228964e-17 1.656290e+24 
1.484375e+04 2.308863e-17 1.597875e+24 
1.500000e+04 2.390837e-17 1.542028e+24 
1.515625e+04 2.476790e-17 1.487470e+24 
1.531250e+04 2.564986e-17 1.435315e+24 
1.546875e+04 2.657487e-17 1.384363e+24 
1.562500e+04 2.752417e-17 1.335659e+24 
1.578125e+04 2.852006e-17 1.288076e+24 
1.593750e+04 2.954226e-17 1.242598e+24 
1.609375e+04 3.061494e-17 1.198165e+24 
1.625000e+04 3.171613e-17 1.155701e+24 
1.640625e+04 3.287205e-17 1.114212e+24 
1.656250e+04 3.405888e-17 1.074565e+24 
1.671875e+04 3.530511e-17 1.035828e+24 
1.687500e+04 3.658487e-17 9.988166e+23 
1.703125e+04 3.792912e-17 9.626523e+23 
1.718750e+04 3.930980e-17 9.281032e+23 
1.734375e+04 4.076055e-17 8.943442e+23 
1.750000e+04 4.225088e-17 8.620976e+23 
1.765625e+04 4.381743e-17 8.305876e+23 
1.781250e+04 4.542701e-17 8.004939e+23 
1.796875e+04 4.711954e-17 7.710869e+23 
1.812500e+04 4.885891e-17 7.430063e+23 
1.828125e+04 5.068864e-17 7.155659e+23 
1.843750e+04 5.256938e-17 6.893679e+23 
1.859375e+04 5.454865e-17 6.637665e+23 
1.875000e+04 5.658352e-17 6.393290e+23 
1.890625e+04 5.872591e-17 6.154473e+23 
1.906250e+04 6.092899e-17 5.926560e+23 
1.921875e+04 6.324951e-17 5.703825e+23 
1.937500e+04 6.563631e-17 5.491306e+23 
1.953125e+04 6.815153e-17 5.283612e+23 
1.968750e+04 7.073919e-17 5.085489e+23 
1.984375e+04 7.346742e-17 4.891860e+23 
2.000000e+04 7.627490e-17 4.707202e+23 
2.015625e+04 7.923636e-17 4.526729e+23 
2.031250e+04 8.228461e-17 4.354664e+23 
2.046875e+04 8.550168e-17 4.186500e+23 
2.062500e+04 8.881386e-17 4.026216e+23 
2.078125e+04 9.231129e-17 3.869568e+23 
2.093750e+04 9.591303e-17 3.720307e+23 
2.109375e+04 9.971818e-17 3.574436e+23 
2.125000e+04 1.036378e-16 3.435489e+23 
2.140625e+04 1.077810e-16 3.299706e+23 
2.156250e+04 1.120500e-16 3.170412e+23 
2.171875e+04 1.165647e-16 3.044072e+23 
2.187500e+04 1.212177e-16 2.923814e+23 
2.203125e+04 1.261411e-16 2.806315e+23 
2.218750e+04 1.312166e-16 2.694514e+23 
2.234375e+04 1.365897e-16 2.585293e+23 
2.250000e+04 1.421305e-16 2.481409e+23 
2.265625e+04 1.479987e-16 2.379939e+23 
2.281250e+04 1.540518e-16 2.283467e+23 
2.296875e+04 1.604655e-16 2.189256e+23 
2.312500e+04 1.670829e-16 2.099724e+23 
2.328125e+04 1.740974e-16 2.012312e+23 
2.343750e+04 1.813367e-16 1.929277e+23 
2.359375e+04 1.890131e-16 1.848234e+23 
2.375000e+04 1.969376e-16 1.771283e+23 
2.390625e+04 2.053428e-16 1.696208e+23 
2.406250e+04 2.140220e-16 1.624954e+23 
2.421875e+04 2.232293e-16 1.555470e+23 
2.437500e+04 2.327393e-16 1.489552e+23 
2.453125e+04 2.428285e-16 1.425308e+23 
2.468750e+04 2.532520e-16 1.364388e+23 
2.484375e+04 2.643098e-16 1.305055e+23 
2.500000e+04 2.757365e-16 1.248815e+23 
2.515625e+04 2.878562e-16 1.194085e+23 
2.531250e+04 3.003830e-16 1.142227e+23 
2.546875e+04 3.136646e-16 1.091807e+23 
2.562500e+04 3.273952e-16 1.044051e+23 
2.578125e+04 3.419456e-16 9.976684e+22 
2.593750e+04 3.569908e-16 9.537491e+22 
2.609375e+04 3.729232e-16 9.111428e+22 
2.625000e+04 3.894004e-16 8.708089e+22 
2.640625e+04 4.068340e-16 8.317320e+22 
2.656250e+04 4.248671e-16 7.947451e+22 
2.671875e+04 4.439274e-16 7.589619e+22 
2.687500e+04 4.636465e-16 7.250946e+22 
2.703125e+04 4.844649e-16 6.923797e+22 
2.718750e+04 5.060066e-16 6.614149e+22 
2.734375e+04 5.287209e-16 6.315518e+22 
2.750000e+04 5.522292e-16 6.032816e+22 
2.765625e+04 5.769852e-16 5.760622e+22 
2.781250e+04 6.026125e-16 5.502870e+22 
2.796875e+04 6.295666e-16 5.255105e+22 
2.812500e+04 6.574774e-16 5.020383e+22 
2.828125e+04 6.868016e-16 4.795108e+22 
2.843750e+04 7.171776e-16 4.581567e+22 
2.859375e+04 7.490667e-16 4.376906e+22 
2.875000e+04 7.821155e-16 4.182761e+22 
2.890625e+04 8.167991e-16 3.996893e+22 
2.906250e+04 8.527668e-16 3.820421e+22 
2.921875e+04 8.905260e-16 3.651582e+22 
2.937500e+04 9.297150e-16 3.491117e+22 
2.953125e+04 9.709049e-16 3.337598e+22 
2.968750e+04 1.013699e-15 3.191532e+22 
2.984375e+04 1.058778e-15 3.051682e+22 
3.000000e+04 1.105671e-15 2.918472e+22 
3.015625e+04 1.155237e-15 2.790711e+22 
3.031250e+04 1.206874e-15 2.668890e+22 
3.046875e+04 1.261704e-15 2.551726e+22 
3.062500e+04 1.318917e-15 2.439921e+22 
3.078125e+04 1.380010e-15 2.331984e+22 
3.093750e+04 1.443864e-15 2.228948e+22 
3.109375e+04 1.512477e-15 2.129025e+22 
3.125000e+04 1.584294e-15 2.033673e+22 
3.140625e+04 1.661963e-15 1.940752e+22 
3.156250e+04 1.743343e-15 1.852197e+22 
3.171875e+04 1.831874e-15 1.765507e+22 
3.187500e+04 1.924672e-15 1.683091e+22 
3.203125e+04 2.026096e-15 1.602120e+22 
3.218750e+04 2.132361e-15 1.525420e+22 
3.234375e+04 2.248829e-15 1.449907e+22 
3.250000e+04 2.370689e-15 1.378711e+22 
3.265625e+04 2.504318e-15 1.308598e+22 
3.281250e+04 2.643812e-15 1.242848e+22 
3.296875e+04 2.796470e-15 1.178205e+22 
3.312500e+04 2.955328e-15 1.117925e+22 
3.328125e+04 3.128377e-15 1.058859e+22 
3.343750e+04 3.307758e-15 1.004079e+22 
3.359375e+04 3.501760e-15 9.506571e+21 
3.375000e+04 3.701961e-15 9.013495e+21 
3.390625e+04 3.916365e-15 8.535506e+21 
3.406250e+04 4.136513e-15 8.096019e+21 
3.421875e+04 4.369320e-15 7.672958e+21 
3.437500e+04 4.607044e-15 7.285026e+21 
3.453125e+04 4.854466e-15 6.914646e+21 
3.468750e+04 5.105560e-15 6.575531e+21 
3.484375e+04 5.361658e-15 6.254945e+21 
3.500000e+04 5.619730e-15 5.961528e+21 
3.515625e+04 5.876040e-15 5.687612e+21 
3.531250e+04 6.132150e-15 5.436767e+21 
3.546875e+04 6.377289e-15 5.206594e+21 
3.562500e+04 6.619582e-15 4.995565e+21 
3.578125e+04 6.838866e-15 4.806853e+21 
3.593750e+04 7.052222e-15 4.633671e+21 
3.609375e+04 7.227340e-15 4.485283e+21 
3.625000e+04 7.393114e-15 4.349275e+21 
3.640625e+04 7.502006e-15 4.241903e+21 
3.656250e+04 7.597998e-15 4.144455e+21 
3.671875e+04 7.615240e-15 4.081711e+21 
3.687500e+04 7.616225e-15 4.027613e+21 
3.703125e+04 7.514581e-15 4.017994e+21 
3.718750e+04 7.394063e-15 4.018088e+21 
3.734375e+04 7.148477e-15 4.078837e+21 
3.750000e+04 6.882928e-15 4.155641e+21 
3.765625e+04 6.479089e-15 4.320715e+21 
3.781250e+04 6.056762e-15 4.521197e+21 
3.796875e+04 5.506351e-15 4.858530e+21 
3.812500e+04 4.942638e-15 5.284717e+21 
3.828125e+04 4.302841e-15 5.934106e+21 
3.843750e+04 3.659603e-15 6.816638e+21 
3.859375e+04 3.039964e-15 8.064427e+21 
3.875000e+04 2.431462e-15 9.905950e+21 
3.890625e+04 1.957545e-15 1.223695e+22 
3.906250e+04 1.512642e-15 1.575112e+22 
3.921875e+04 1.249264e-15 1.925777e+22 
3.937500e+04 1.028182e-15 2.362913e+22 
3.953125e+04 9.415956e-16 2.630748e+22 
3.968750e+04 8.843366e-16 2.855287e+22 
3.984375e+04 8.734783e-16 2.923960e+22 
4.000000e+04 8.699776e-16 2.969134e+22 
4.015625e+04 8.734783e-16 2.923960e+22 
4.031250e+04 8.843366e-16 2.855287e+22 
4.046875e+04 9.415956e-16 2.630748e+22 
4.062500e+04 1.028182e-15 2.362913e+22 
4.078125e+04 1.249264e-15 1.925777e+22 
4.093750e+04 1.512642e-15 1.575112e+22 
4.109375e+04 1.957545e-15 1.223695e+22 
4.125000e+04 2.431462e-15 9.905950e+21 
4.140625e+04 3.039964e-15 8.064427e+21 
4.156250e+04 3.659603e-15 6.816638e+21 
4.171875e+04 4.302841e-15 5.934106e+21 
4.187500e+04 4.942638e-15 5.284717e+21 
4.203125e+04 5.506351e-15 4.858530e+21 
4.218750e+04 6.056762e-15 4.521197e+21 
4.234375e+04 6.479089e-15 4.320715e+21 
4.250000e+04 6.882928e-15 4.155641e+21 
4.265625e+04 7.148477e-15 4.078837e+21 
4.281250e+04 7.394063e-15 4.018088e+21 
4.296875e+04 7.514581e-15 4.017994e+21 
4.312500e+04 7.616225e-15 4.027613e+21 
4.328125e+04 7.615240e-15 4.081711e+21 
4.343750e+04 7.597998e-15 4.144455e+21 
4.359375e+04 7.502006e-15 4.241903e+21 
4.375000e+04 7.393114e-15 4.349275e+21 
4.390625e+04 7.227340e-15 4.485283e+21 
4.406250e+04 7.052222e-15 4.633671e+21 
4.421875e+04 6.838866e-15 4.806853e+21 
4.437500e+04 6.619582e-15 4.995565e+21 
4.453125e+04 6.377289e-15 5.206594e+21 
4.468750e+04 6.132150e-15 5.436767e+21 
4.484375e+04 5.876040e-15 5.687612e+21 
4.500000e+04 5.619730e-15 5.961528e+21 
4.515625e+04 5.361658e-15 6.254945e+21 
4.531250e+04 5.105560e-15 6.575531e+21 
4.546875e+04 4.854466e-15 6.914646e+21 
4.562500e+04 4.607044e-15 7.285026e+21 
4.578125e+04 4.369320e-15 7.672958e+21 
4.593750e+04 4.136513e-15 8.096019e+21 
4.609375e+04 3.916365e-15 8.535506e+21 
4.625000e+04 3.701961e-15 9.013495e+21 
4.640625e+04 3.501760e-15 9.506571e+21 
4.656250e+04 3.307758e-15 1.004079e+22 
4.671875e+04 3.128377e-15 1.058859e+22 
4.687500e+04 2.955328e-15 1.117925e+22 
4.703125e+04 2.796470e-15 1.178205e+22 
4.718750e+04 2.643812e-15 1.242848e+22 
4.734375e+04 2.504318e-15 1.308598e+22 
4.750000e+04 2.370689e-15 1.378711e+22 
4.765625e+04 2.248829e-15 1.449907e+22 
4.781250e+04 2.132361e-15 1.525420e+22 
4.796875e+04 2.026096e-15 1.602120e+22 
4.812500e+04 1.924672e-15 1.683091e+22 
4.828125e+04 1.831874e-15 1.765507e+22 
4.843750e+04 1.743343e-15 1.852197e+22 
4.859375e+04 1.661963e-15 1.940752e+22 
4.875000e+04 1.584294e-15 2.033673e+22 
4.890625e+04 1.512477e-15 2.129025e+22 
4.906250e+04 1.443864e-15 2.228948e+22 
4.921875e+04 1.380010e-15 2.331984e+22 
4.937500e+04 1.318917e-15 2.439921e+22 
4.953125e+04 1.261704e-15 2.551726e+22 
4.968750e+04 1.206874e-15 2.668890e+22 
4.984375e+04 1.155237e-15 2.790711e+22 
5.000000e+04 1.105671e-15 2.918472e+22 
5.015625e+04 1.058778e-15 3.051682e+22 
5.031250e+04 1.013699e-15 3.191532e+22 
5.046875e+04 9.709049e-16 3.337598e+22 
5.062500e+04 9.297150e-16 3.491117e+22 
5.078125e+04 8.905260e-16 3.651582e+22 
5.093750e+04 8.527668e-16 3.820421e+22 
5.109375e+04 8.167991e-16 3.996893e+22 
5.125000e+04 7.821155e-16 4.182761e+22 
5.140625e+04 7.490667e-16 4.376906e+22 
5.156250e+04 7.171776e-16 4.581567e+22 
5.171875e+04 6.868016e-16 4.795108e+22 
5.187500e+04 6.574774e-16 5.020383e+22 
5.203125e+04 6.295666e-16 5.255105e+22 
5.218750e+04 6.026125e-16 5.502870e+22 
5.234375e+04 5.769852e-16 5.760622e+22 
5.250000e+04 5.522292e-16 6.032816e+22 
5.265625e+04 5.287209e-16 6.315518e+22 
5.281250e+04 5.060066e-16 6.614149e+22 
5.296875e+04 4.844649e-16 6.923797e+22 
5.312500e+04 4.636465e-16 7.250946e+22 
5.328125e+04 4.439274e-16 7.589619e+22 
5.343750e+04 4.248671e-16 7.947451e+22 
5.359375e+04 4.068340e-16 8.317320e+22 
5.375000e+04 3.894004e-16 8.708089e+22 
5.390625e+04 3.729232e-16 9.111428e+22 
5.406250e+04 3.569908e-16 9.537491e+22 
5.421875e+04 3.419456e-16 9.976684e+22 
5.437500e+04 3.273952e-16 1.044051e+23 
5.453125e+04 3.136646e-16 1.091807e+23 
5.468750e+04 3.003830e-16 1.142227e+23 
5.484375e+04 2.878562e-16 1.194085e+23 
5.500000e+04 2.757365e-16 1.248815e+23 
5.515625e+04 2.643098e-16 1.305055e+23 
5.531250e+04 2.532520e-16 1.364388e+23 
5.546875e+04 2.428285e-16 1.425308e+23 
5.562500e+04 2.327393e-16 1.489552e+23 
5.578125e+04 2.232293e-16 1.555470e+23 
5.593750e+04 2.140220e-16 1.624954e+23 
5.609375e+04 2.053428e-16 1.696208e+23 
5.625000e+04 1.969376e-16 1.771283e+23 
5.640625e+04 1.890131e-16 1.848234e+23 
5.656250e+04 1.813367e-16 1.929277e+23 
5.671875e+04 1.740974e-16 2.012312e+23 
5.687500e+04 1.670829e-16 2.099724e+23 
5.703125e+04 1.604655e-16 2.189256e+23 
5.718750e+04 1.540518e-16 2.283467e+23 
5.734375e+04 1.479987e-16 2.379939e+23 
5.750000e+04 1.421305e-16 2.481409e+23 
5.765625e+04 1.365897e-16 2.585293e+23 
5.781250e+04 1.312166e-16 2.694514e+23 
5.796875e+04 1.261411e-16 2.806315e+23 
5.812500e+04 1.212177e-16 2.923814e+23 
5.828125e+04 1.165647e-16 3.044072e+23 
5.843750e+04 1.120500e-16 3.170412e+23 
5.859375e+04 1.077810e-16 3.299706e+23 
5.875000e+04 1.036378e-16 3.435489e+23 
5.890625e+04 9.971818e-17 3.574436e+23 
5.906250e+04 9.591303e-17 3.720307e+23 
5.921875e+04 9.231129e-17 3.869568e+23 
5.937500e+04 8.881386e-17 4.026216e+23 
5.953125e+04 8.550168e-17 4.186500e+23 
5.968750e+04 8.228461e-17 4.354664e+23 
5.984375e+04 7.923636e-17 4.526729e+23 
6.000000e+04 7.627490e-17 4.707202e+23 
6.015625e+04 7.346742e-17 4.891860e+23 
6.031250e+04 7.073919e-17 5.085489e+23 
6.046875e+04 6.815153e-17 5.283612e+23 
6.062500e+04 6.563631e-17 5.491306e+23 
6.078125e+04 6.324951e-17 5.703825e+23 
6.093750e+04 6.092899e-17 5.926560e+23 
6.109375e+04 5.872591e-17 6.154473e+23 
6.125000e+04 5.658352e-17 6.393290e+23 
6.140625e+04 5.454865e-17 6.637665e+23 
6.156250e+04 5.256938e-17 6.893679e+23 
6.171875e+04 5.068864e-17 7.155659e+23 
6.187500e+04 4.885891e-17 7.430063e+23 
6.203125e+04 4.711954e-17 7.710869e+23 
6.218750e+04 4.542701e-17 8.004939e+23 
6.234375e+04 4.381743e-17 8.305876e+23 
6.250000e+04 4.225088e-17 8.620976e+23 
6.265625e+04 4.076055e-17 8.943442e+23 
6.281250e+04 3.930980e-17 9.281032e+23 
6.296875e+04 3.792912e-17 9.626523e+23 
6.312500e+04 3.658487e-17 9.988166e+23 
6.328125e+04 3.530511e-17 1.035828e+24 
6.343750e+04 3.405888e-17 1.074565e+24 
6.359375e+04 3.287205e-17 1.114212e+24 
6.375000e+04 3.171613e-17 1.155701e+24 
6.390625e+04 3.061494e-17 1.198165e+24 
6.406250e+04 2.954226e-17 1.242598e+24 
6.421875e+04 2.852006e-17 1.288076e+24 
6.437500e+04 2.752417e-17 1.335659e+24 
6.453125e+04 2.657487e-17 1.384363e+24 
6.468750e+04 2.564986e-17 1.435315e+24 
6.484375e+04 2.476790e-17 1.487470e+24 
6.500000e+04 2.390837e-17 1.542028e+24 
6.515625e+04 2.308863e-17 1.597875e+24 
6.531250e+04 2.228964e-17 1.656290e+24 
6.546875e+04 2.152745e-17 1.716088e+24 
6.562500e+04 2.078445e-17 1.778631e+24 
6.578125e+04 2.007551e-17 1.842656e+24 
6.593750e+04 1.938434e-17 1.909616e+24 
6.609375e+04 1.872471e-17 1.978164e+24 
6.625000e+04 1.808153e-17 2.049850e+24 
6.640625e+04 1.746758e-17 2.123239e+24 
6.656250e+04 1.686887e-17 2.199984e+24 
6.671875e+04 1.629726e-17 2.278552e+24 
6.687500e+04 1.573978e-17 2.360711e+24 
6.703125e+04 1.520742e-17 2.444826e+24 
6.718750e+04 1.468818e-17 2.532780e+24 
6.734375e+04 1.419225e-17 2.622831e+24 
6.750000e+04 1.370848e-17 2.716990e+24 
6.765625e+04 1.324635e-17 2.813397e+24 
6.781250e+04 1.279550e-17 2.914201e+24 
6.796875e+04 1.236476e-17 3.017417e+24 
6.812500e+04 1.194449e-17 3.125339e+24 
6.828125e+04 1.154288e-17 3.235848e+24 
6.843750e+04 1.115101e-17 3.351397e+24 
6.859375e+04 1.077648e-17 3.469724e+24 
6.875000e+04 1.041099e-17 3.593447e+24 
6.890625e+04 1.006162e-17 3.720155e+24 
6.906250e+04 9.720654e-18 3.852646e+24 
6.921875e+04 9.394669e-18 3.988343e+24 
6.937500e+04 9.076493e-18 4.130239e+24 
6.953125e+04 8.772252e-18 4.275583e+24 
6.968750e+04 8.475270e-18 4.427576e+24 
6.984375e+04 8.191252e-18 4.583279e+24 
7.000000e+04 7.913982e-18 4.746116e+24 
7.015625e+04 7.648775e-18 4.912948e+24 
7.031250e+04 7.389845e-18 5.087440e+24 
7.046875e+04 7.142144e-18 5.266236e+24 
7.062500e+04 6.900280e-18 5.453262e+24 
7.078125e+04 6.668876e-18 5.644927e+24 
7.093750e+04 6.442901e-18 5.845441e+24 
7.109375e+04 6.226673e-18 6.050958e+24 
7.125000e+04 6.015496e-18 6.265995e+24 
7.140625e+04 5.813409e-18 6.486429e+24 
7.156250e+04 5.616021e-18 6.717113e+24 
7.171875e+04 5.427115e-18 6.953617e+24 
7.187500e+04 5.242584e-18 7.201164e+24 
7.203125e+04 5.065977e-18 7.454986e+24 
7.218750e+04 4.893442e-18 7.720713e+24 
7.234375e+04 4.728318e-18 7.993199e+24 
7.250000e+04 4.566985e-18 8.278526e+24 
7.265625e+04 4.412593e-18 8.571121e+24 
7.281250e+04 4.261732e-18 8.877571e+24 
7.296875e+04 4.117384e-18 9.191819e+24 
7.312500e+04 3.976325e-18 9.521017e+24 
7.328125e+04 3.841388e-18 9.858552e+24 
7.343750e+04 3.709517e-18 1.000000e+25 
7.359375e+04 3.583416e-18 1.000000e+25 
7.375000e+04 3.460175e-18 1.000000e+25 
7.390625e+04 3.342386e-18 1.000000e+25 
7.406250e+04 3.227266e-18 1.000000e+25 
7.421875e+04 3.117316e-18 1.000000e+25 
7.437500e+04 3.009860e-18 1.000000e+25 
7.453125e+04 2.907325e-18 1.000000e+25 
7.468750e+04 2.807124e-18 1.000000e+25 
7.484375e+04 2.711628e-18 1.000000e+25 
7.500000e+04 2.618320e-18 1.000000e+25 
7.515625e+04 2.529532e-18 1.000000e+25 
7.531250e+04 2.442802e-18 1.000000e+25 
7.546875e+04 2.360436e-18 1.000000e+25 
7.562500e+04 2.280013e-18 1.000000e+25 
7.578125e+04 2.203825e-18 1.000000e+25 
7.593750e+04 2.129480e-18 1.000000e+25 
7.609375e+04 2.059265e-18 1.000000e+25 
7.625000e+04 1.990810e-18 1.000000e+25 
7.640625e+04 1.926398e-18 1.000000e+25 
7.656250e+04 1.863676e-18 1.000000e+25 
7.671875e+04 1.804925e-18 1.000000e+25 
7.687500e+04 1.747812e-18 1.000000e+25 
7.703125e+04 1.694604e-18 1.000000e+25 
7.718750e+04 1.642996e-18 1.000000e+25 
7.734375e+04 1.595236e-18 1.000000e+25 
7.750000e+04 1.549051e-18 1.000000e+25 
7.765625e+04 1.506665e-18 1.000000e+25 
7.781250e+04 1.465845e-18 1.000000e+25 
7.796875e+04 1.428786e-18 1.000000e+25 
7.812500e+04 1.393302e-18 1.000000e+25 
7.828125e+04 1.361563e-18 1.000000e+25 
7.843750e+04 1.331424e-18 1.000000e+25 
7.859375e+04 1.305042e-18 1.000000e+25 
7.875000e+04 1.280303e-18 1.000000e+25 
7.890625e+04 1.259366e-18 1.000000e+25 
7.906250e+04 1.240127e-18 1.000000e+25 
7.921875e+04 1.224759e-18 1.000000e+25 
7.937500e+04 1.211147e-18 1.000000e+25 
7.953125e+04 1.201483e-18 1.000000e+25 
7.968750e+04 1.193625e-18 1.000000e+25 
7.984375e+04 1.189775e-18 1.000000e+25 
8.000000e+04 1.187760e-18 1.000000e+25 
