0.000000e+00 7.940357e-20 1.000000e+25 
2.500000e+02 7.943570e-20 1.000000e+25 
5.000000e+02 7.950648e-20 1.000000e+25 
7.500000e+02 7.964144e-20 1.000000e+25 
1.000000e+03 7.981492e-20 1.000000e+25 
1.250000e+03 8.005232e-20 1.000000e+25 
1.500000e+03 8.032802e-20 1.000000e+25 
1.750000e+03 8.066721e-20 1.000000e+25 
2.000000e+03 8.104436e-20 1.000000e+25 
2.250000e+03 8.148446e-20 1.000000e+25 
2.500000e+03 8.196208e-20 1.000000e+25 
2.750000e+03 8.250202e-20 1.000000e+25 
3.000000e+03 8.307898e-20 1.000000e+25 
3.250000e+03 8.371752e-20 1.000000e+25 
3.500000e+03 8.439257e-20 1.000000e+25 
3.750000e+03 8.512842e-20 1.000000e+25 
4.000000e+03 8.590027e-20 1.000000e+25 
4.250000e+03 8.673213e-20 1.000000e+25 
4.500000e+03 8.759950e-20 1.000000e+25 
4.750000e+03 8.852611e-20 1.000000e+25 
5.000000e+03 8.948780e-20 1.000000e+25 
5.250000e+03 9.050802e-20 1.000000e+25 
5.500000e+03 9.156298e-20 1.000000e+25 
5.750000e+03 9.267582e-20 1.000000e+25 
6.000000e+03 9.382319e-20 1.000000e+25 
6.250000e+03 9.502789e-20 1.000000e+25 
6.500000e+03 9.626706e-20 1.000000e+25 
6.750000e+03 9.756311e-20 1.000000e+25 
7.000000e+03 9.889373e-20 1.000000e+25 
7.250000e+03 1.002809e-19 1.000000e+25 
7.500000e+03 1.017030e-19 1.000000e+25 
7.750000e+03 1.031814e-19 1.000000e+25 
8.000000e+03 1.046951e-19 1.000000e+25 
8.250000e+03 1.062651e-19 1.000000e+25 
8.500000e+03 1.078713e-19 1.000000e+25 
8.750000e+03 1.095336e-19 1.000000e+25 
9.000000e+03 1.112330e-19 1.000000e+25 
9.250000e+03 1.129886e-19 1.000000e+25 
9.500000e+03 1.147826e-19 1.000000e+25 
9.750000e+03 1.166327e-19 1.000000e+25 
1.000000e+04 1.185227e-19 1.000000e+25 
1.025000e+04 1.204687e-19 1.000000e+25 
1.050000e+04 1.224565e-19 1.000000e+25 
1.075000e+04 1.244999e-19 1.000000e+25 
1.100000e+04 1.265871e-19 1.000000e+25 
1.125000e+04 1.287293e-19 1.000000e+25 
1.150000e+04 1.309176e-19 1.000000e+25 
1.175000e+04 1.331600e-19 1.000000e+25 
1.200000e+04 1.354510e-19 1.000000e+25 
1.225000e+04 1.377944e-19 1.000000e+25 
1.250000e+04 1.401892e-19 1.000000e+25 
1.275000e+04 1.426342e-19 1.000000e+25 
1.300000e+04 1.451335e-19 1.000000e+25 
1.325000e+04 1.476801e-19 1.000000e+25 
1.350000e+04 1.502840e-19 1.000000e+25 
1.375000e+04 1.529315e-19 1.000000e+25 
1.400000e+04 1.556395e-19 1.000000e+25 
1.425000e+04 1.583870e-19 1.000000e+25 
1.450000e+04 1.611982e-19 1.000000e+25 
1.475000e+04 1.640448e-19 1.000000e+25 
1.500000e+04 1.669584e-19 1.000000e+25 
1.525000e+04 1.699039e-19 1.000000e+25 
1.550000e+04 1.729202e-19 1.000000e+25 
1.575000e+04 1.759668e-19 1.000000e+25 
1.600000e+04 1.790886e-19 1.000000e+25 
1.625000e+04 1.822428e-19 1.000000e+25 
1.650000e+04 1.854775e-19 1.000000e+25 
1.675000e+04 1.887525e-19 1.000000e+25 
1.700000e+04 1.921148e-19 1.000000e+25 
1.725000e+04 1.955334e-19 1.000000e+25 
1.750000e+04 1.990482e-19 1.000000e+25 
1.775000e+04 2.026452e-19 1.000000e+25 
1.800000e+04 2.063498e-19 1.000000e+25 
1.825000e+04 2.101732e-19 1.000000e+25 
1.850000e+04 2.141178e-19 1.000000e+25 
1.875000e+04 2.182275e-19 1.000000e+25 
1.900000e+04 2.224735e-19 1.000000e+25 
1.925000e+04 2.269370e-19 1.000000e+25 
1.950000e+04 2.315520e-19 1.000000e+25 
1.975000e+04 2.364379e-19 1.000000e+25 
2.000000e+04 2.414895e-19 1.000000e+25 
2.025000e+04 2.468564e-19 1.000000e+25 
2.050000e+04 2.523967e-19 1.000000e+25 
2.075000e+04 2.582827e-19 1.000000e+25 
2.100000e+04 2.643469e-19 1.000000e+25 
2.125000e+04 2.707759e-19 1.000000e+25 
2.150000e+04 2.773853e-19 1.000000e+25 
2.175000e+04 2.843012e-19 1.000000e+25 
2.200000e+04 2.913408e-19 1.000000e+25 
2.225000e+04 2.988937e-19 1.000000e+25 
2.250000e+04 3.067984e-19 1.000000e+25 
2.275000e+04 3.145274e-19 1.000000e+25 
2.300000e+04 3.218542e-19 1.000000e+25 
2.325000e+04 3.298662e-19 1.000000e+25 
2.350000e+04 3.388905e-19 1.000000e+25 
2.375000e+04 3.485050e-19 1.000000e+25 
2.400000e+04 3.580146e-19 1.000000e+25 
2.425000e+04 3.637945e-19 1.000000e+25 
2.450000e+04 3.603683e-19 1.000000e+25 
2.475000e+04 3.566774e-19 1.000000e+25 
2.500000e+04 4.033216e-19 1.000000e+25 
2.525000e+04 5.313386e-19 9.419311e+24 
2.550000e+04 6.971426e-19 7.172831e+24 
2.575000e+04 9.259939e-19 5.401932e+24 
2.600000e+04 1.220265e-18 4.097785e+24 
2.625000e+04 1.662139e-18 3.009724e+24 
2.650000e+04 2.217082e-18 2.255449e+24 
2.675000e+04 3.058052e-18 1.635905e+24 
2.700000e+04 4.101572e-18 1.219142e+24 
2.725000e+04 5.689597e-18 8.792359e+23 
2.750000e+04 7.649117e-18 6.537093e+23 
2.775000e+04 1.066547e-17 4.690222e+23 
2.800000e+04 1.437424e-17 3.478616e+23 
2.825000e+04 2.012379e-17 2.485700e+23 
2.850000e+04 2.716582e-17 1.840623e+23 
2.875000e+04 3.807212e-17 1.313812e+23 
2.900000e+04 5.136183e-17 9.735206e+22 
2.925000e+04 7.181647e-17 6.964635e+22 
2.950000e+04 9.658775e-17 5.176832e+22 
2.975000e+04 1.343905e-16 3.721671e+22 
3.000000e+04 1.798659e-16 2.779979e+22 
3.025000e+04 2.485449e-16 2.012283e+22 
3.050000e+04 3.305596e-16 1.512695e+22 
3.075000e+04 4.526735e-16 1.104850e+22 
3.100000e+04 5.972064e-16 8.373331e+21 
3.125000e+04 8.080601e-16 6.189455e+21 
3.150000e+04 1.054756e-15 4.741433e+21 
3.175000e+04 1.404484e-15 3.561313e+21 
3.200000e+04 1.807496e-15 2.767258e+21 
3.225000e+04 2.356723e-15 2.122676e+21 
3.250000e+04 2.977117e-15 1.680478e+21 
3.275000e+04 3.777714e-15 1.324570e+21 
3.300000e+04 4.658143e-15 1.074391e+21 
3.325000e+04 5.709453e-15 8.767415e+20 
3.350000e+04 6.822983e-15 7.338183e+20 
3.375000e+04 8.004308e-15 6.256650e+20 
3.400000e+04 9.185248e-15 5.453515e+20 
3.425000e+04 1.019818e-14 4.912900e+20 
3.450000e+04 1.110154e-14 4.513880e+20 
3.475000e+04 1.150619e-14 4.355594e+20 
3.500000e+04 1.168717e-14 4.288198e+20 
3.525000e+04 1.113178e-14 4.501739e+20 
3.550000e+04 1.032944e-14 4.850553e+20 
3.575000e+04 8.902828e-15 5.626211e+20 
3.600000e+04 7.356362e-15 6.806861e+20 
3.625000e+04 5.713780e-15 8.760993e+20 
3.650000e+04 4.136804e-15 1.209667e+21 
3.675000e+04 3.076662e-15 1.626493e+21 
3.700000e+04 2.194297e-15 2.279669e+21 
3.725000e+04 1.808220e-15 2.766350e+21 
3.750000e+04 1.533929e-15 3.260602e+21 
3.775000e+04 1.382463e-15 3.617759e+21 
3.800000e+04 1.240591e-15 4.031353e+21 
3.825000e+04 1.132177e-15 4.417291e+21 
3.850000e+04 1.024075e-15 4.883460e+21 
3.875000e+04 9.454183e-16 5.289682e+21 
3.900000e+04 8.769611e-16 5.702507e+21 
3.925000e+04 8.316460e-16 6.013203e+21 
3.950000e+04 7.925730e-16 6.309568e+21 
3.975000e+04 7.743778e-16 6.457833e+21 
4.000000e+04 7.633494e-16 6.551080e+21 
4.025000e+04 7.743778e-16 6.457833e+21 
4.050000e+04 7.925730e-16 6.309568e+21 
4.075000e+04 8.316460e-16 6.013203e+21 
4.100000e+04 8.769611e-16 5.702507e+21 
4.125000e+04 9.454183e-16 5.289682e+21 
4.150000e+04 1.024075e-15 4.883460e+21 
4.175000e+04 1.132177e-15 4.417291e+21 
4.200000e+04 1.240591e-15 4.031353e+21 
4.225000e+04 1.382463e-15 3.617759e+21 
4.250000e+04 1.533929e-15 3.260602e+21 
4.275000e+04 1.808220e-15 2.766350e+21 
4.300000e+04 2.194297e-15 2.279669e+21 
4.325000e+04 3.076662e-15 1.626493e+21 
4.350000e+04 4.136804e-15 1.209667e+21 
4.375000e+04 5.713780e-15 8.760993e+20 
4.400000e+04 7.356362e-15 6.806861e+20 
4.425000e+04 8.902828e-15 5.626211e+20 
4.450000e+04 1.032944e-14 4.850553e+20 
4.475000e+04 1.113178e-14 4.501739e+20 
4.500000e+04 1.168717e-14 4.288198e+20 
4.525000e+04 1.150619e-14 4.355594e+20 
4.550000e+04 1.110154e-14 4.513880e+20 
4.575000e+04 1.019818e-14 4.912900e+20 
4.600000e+04 9.185248e-15 5.453515e+20 
4.625000e+04 8.004308e-15 6.256650e+20 
4.650000e+04 6.822983e-15 7.338183e+20 
4.675000e+04 5.709453e-15 8.767415e+20 
4.700000e+04 4.658143e-15 1.074391e+21 
4.725000e+04 3.777714e-15 1.324570e+21 
4.750000e+04 2.977117e-15 1.680478e+21 
4.775000e+04 2.356723e-15 2.122676e+21 
4.800000e+04 1.807496e-15 2.767258e+21 
4.825000e+04 1.404484e-15 3.561313e+21 
4.850000e+04 1.054756e-15 4.741433e+21 
4.875000e+04 8.080601e-16 6.189455e+21 
4.900000e+04 5.972064e-16 8.373331e+21 
4.925000e+04 4.526735e-16 1.104850e+22 
4.950000e+04 3.305596e-16 1.512695e+22 
4.975000e+04 2.485449e-16 2.012283e+22 
5.000000e+04 1.798659e-16 2.779979e+22 
5.025000e+04 1.343905e-16 3.721671e+22 
5.050000e+04 9.658775e-17 5.176832e+22 
5.075000e+04 7.181647e-17 6.964635e+22 
5.100000e+04 5.136183e-17 9.735206e+22 
5.125000e+04 3.807212e-17 1.313812e+23 
5.150000e+04 2.716582e-17 1.840623e+23 
5.175000e+04 2.012379e-17 2.485700e+23 
5.200000e+04 1.437424e-17 3.478616e+23 
5.225000e+04 1.066547e-17 4.690222e+23 
5.250000e+04 7.649117e-18 6.537093e+23 
5.275000e+04 5.689597e-18 8.792359e+23 
5.300000e+04 4.101572e-18 1.219142e+24 
5.325000e+04 3.058052e-18 1.635905e+24 
5.350000e+04 2.217082e-18 2.255449e+24 
5.375000e+04 1.662139e-18 3.009724e+24 
5.400000e+04 1.220265e-18 4.097785e+24 
5.425000e+04 9.259939e-19 5.401932e+24 
5.450000e+04 6.971426e-19 7.172831e+24 
5.475000e+04 5.313386e-19 9.419311e+24 
5.500000e+04 4.033216e-19 1.000000e+25 
5.525000e+04 3.566774e-19 1.000000e+25 
5.550000e+04 3.603683e-19 1.000000e+25 
5.575000e+04 3.637945e-19 1.000000e+25 
5.600000e+04 3.580145e-19 1.000000e+25 
5.625000e+04 3.485050e-19 1.000000e+25 
5.650000e+04 3.388905e-19 1.000000e+25 
5.675000e+04 3.298662e-19 1.000000e+25 
5.700000e+04 3.218542e-19 1.000000e+25 
5.725000e+04 3.145274e-19 1.000000e+25 
5.750000e+04 3.067984e-19 1.000000e+25 
5.775000e+04 2.988937e-19 1.000000e+25 
5.800000e+04 2.913408e-19 1.000000e+25 
5.825000e+04 2.843012e-19 1.000000e+25 
5.850000e+04 2.773853e-19 1.000000e+25 
5.875000e+04 2.707759e-19 1.000000e+25 
5.900000e+04 2.643469e-19 1.000000e+25 
5.925000e+04 2.582827e-19 1.000000e+25 
5.950000e+04 2.523967e-19 1.000000e+25 
5.975000e+04 2.468564e-19 1.000000e+25 
6.000000e+04 2.414895e-19 1.000000e+25 
6.025000e+04 2.364379e-19 1.000000e+25 
6.050000e+04 2.315520e-19 1.000000e+25 
6.075000e+04 2.269370e-19 1.000000e+25 
6.100000e+04 2.224735e-19 1.000000e+25 
6.125000e+04 2.182275e-19 1.000000e+25 
6.150000e+04 2.141178e-19 1.000000e+25 
6.175000e+04 2.101732e-19 1.000000e+25 
6.200000e+04 2.063498e-19 1.000000e+25 
6.225000e+04 2.026452e-19 1.000000e+25 
6.250000e+04 1.990482e-19 1.000000e+25 
6.275000e+04 1.955334e-19 1.000000e+25 
6.300000e+04 1.921148e-19 1.000000e+25 
6.325000e+04 1.887525e-19 1.000000e+25 
6.350000e+04 1.854775e-19 1.000000e+25 
6.375000e+04 1.822428e-19 1.000000e+25 
6.400000e+04 1.790886e-19 1.000000e+25 
6.425000e+04 1.759668e-19 1.000000e+25 
6.450000e+04 1.729202e-19 1.000000e+25 
6.475000e+04 1.699039e-19 1.000000e+25 
6.500000e+04 1.669584e-19 1.000000e+25 
6.525000e+04 1.640448e-19 1.000000e+25 
6.550000e+04 1.611982e-19 1.000000e+25 
6.575000e+04 1.583870e-19 1.000000e+25 
6.600000e+04 1.556395e-19 1.000000e+25 
6.625000e+04 1.529315e-19 1.000000e+25 
6.650000e+04 1.502840e-19 1.000000e+25 
6.675000e+04 1.476801e-19 1.000000e+25 
6.700000e+04 1.451335e-19 1.000000e+25 
6.725000e+04 1.426342e-19 1.000000e+25 
6.750000e+04 1.401892e-19 1.000000e+25 
6.775000e+04 1.377944e-19 1.000000e+25 
6.800000e+04 1.354510e-19 1.000000e+25 
6.825000e+04 1.331600e-19 1.000000e+25 
6.850000e+04 1.309176e-19 1.000000e+25 
6.875000e+04 1.287293e-19 1.000000e+25 
6.900000e+04 1.265871e-19 1.000000e+25 
6.925000e+04 1.244999e-19 1.000000e+25 
6.950000e+04 1.224565e-19 1.000000e+25 
6.975000e+04 1.204687e-19 1.000000e+25 
7.000000e+04 1.185227e-19 1.000000e+25 
7.025000e+04 1.166327e-19 1.000000e+25 
7.050000e+04 1.147826e-19 1.000000e+25 
7.075000e+04 1.129886e-19 1.000000e+25 
7.100000e+04 1.112330e-19 1.000000e+25 
7.125000e+04 1.095336e-19 1.000000e+25 
7.150000e+04 1.078713e-19 1.000000e+25 
7.175000e+04 1.062651e-19 1.000000e+25 
7.200000e+04 1.046951e-19 1.000000e+25 
7.225000e+04 1.031814e-19 1.000000e+25 
7.250000e+04 1.017030e-19 1.000000e+25 
7.275000e+04 1.002809e-19 1.000000e+25 
7.300000e+04 9.889373e-20 1.000000e+25 
7.325000e+04 9.756311e-20 1.000000e+25 
7.350000e+04 9.626706e-20 1.000000e+25 
7.375000e+04 9.502789e-20 1.000000e+25 
7.400000e+04 9.382319e-20 1.000000e+25 
7.425000e+04 9.267582e-20 1.000000e+25 
7.450000e+04 9.156298e-20 1.000000e+25 
7.475000e+04 9.050802e-20 1.000000e+25 
7.500000e+04 8.948780e-20 1.000000e+25 
7.525000e+04 8.852611e-20 1.000000e+25 
7.550000e+04 8.759950e-20 1.000000e+25 
7.575000e+04 8.673213e-20 1.000000e+25 
7.600000e+04 8.590027e-20 1.000000e+25 
7.625000e+04 8.512842e-20 1.000000e+25 
7.650000e+04 8.439257e-20 1.000000e+25 
7.675000e+04 8.371752e-20 1.000000e+25 
7.700000e+04 8.307898e-20 1.000000e+25 
7.725000e+04 8.250202e-20 1.000000e+25 
7.750000e+04 8.196208e-20 1.000000e+25 
7.775000e+04 8.148446e-20 1.000000e+25 
7.800000e+04 8.104436e-20 1.000000e+25 
7.825000e+04 8.066721e-20 1.000000e+25 
7.850000e+04 8.032802e-20 1.000000e+25 
7.875000e+04 8.005232e-20 1.000000e+25 
7.900000e+04 7.981492e-20 1.000000e+25 
7.925000e+04 7.964144e-20 1.000000e+25 
7.950000e+04 7.950648e-20 1.000000e+25 
7.975000e+04 7.943570e-20 1.000000e+25 
8.000000e+04 7.940357e-20 1.000000e+25 
