0.000000e+00 7.915194e-20 1.000000e+25 
3.125000e+02 7.920202e-20 1.000000e+25 
6.250000e+02 7.931232e-20 1.000000e+25 
9.375000e+02 7.952258e-20 1.000000e+25 
1.250000e+03 7.979276e-20 1.000000e+25 
1.562500e+03 8.016228e-20 1.000000e+25 
1.875000e+03 8.059114e-20 1.000000e+25 
2.187500e+03 8.111838e-20 1.000000e+25 
2.500000e+03 8.170416e-20 1.000000e+25 
2.812500e+03 8.238707e-20 1.000000e+25 
3.125000e+03 8.312757e-20 1.000000e+25 
3.437500e+03 8.396376e-20 1.000000e+25 
3.750000e+03 8.485652e-20 1.000000e+25 
4.062500e+03 8.584344e-20 1.000000e+25 
4.375000e+03 8.688594e-20 1.000000e+25 
4.687500e+03 8.802108e-20 1.000000e+25 
5.000000e+03 8.921093e-20 1.000000e+25 
5.312500e+03 9.049199e-20 1.000000e+25 
5.625000e+03 9.182711e-20 1.000000e+25 
5.937500e+03 9.325221e-20 1.000000e+25 
6.250000e+03 9.473101e-20 1.000000e+25 
6.562500e+03 9.629877e-20 1.000000e+25 
6.875000e+03 9.792027e-20 1.000000e+25 
7.187500e+03 9.963001e-20 1.000000e+25 
7.500000e+03 1.013940e-19 1.000000e+25 
7.812500e+03 1.032457e-19 1.000000e+25 
8.125000e+03 1.051526e-19 1.000000e+25 
8.437500e+03 1.071471e-19 1.000000e+25 
8.750000e+03 1.091984e-19 1.000000e+25 
9.062500e+03 1.113372e-19 1.000000e+25 
9.375000e+03 1.135349e-19 1.000000e+25 
9.687500e+03 1.158202e-19 1.000000e+25 
1.000000e+04 1.181672e-19 1.000000e+25 
1.031250e+04 1.206015e-19 1.000000e+25 
1.062500e+04 1.231011e-19 1.000000e+25 
1.093750e+04 1.256873e-19 1.000000e+25 
1.125000e+04 1.283429e-19 1.000000e+25 
1.156250e+04 1.310838e-19 1.000000e+25 
1.187500e+04 1.338988e-19 1.000000e+25 
1.218750e+04 1.367964e-19 1.000000e+25 
1.250000e+04 1.397733e-19 1.000000e+25 
1.281250e+04 1.428289e-19 1.000000e+25 
1.312500e+04 1.459694e-19 1.000000e+25 
1.343750e+04 1.491827e-19 1.000000e+25 
1.375000e+04 1.524869e-19 1.000000e+25 
1.406250e+04 1.558565e-19 1.000000e+25 
1.437500e+04 1.593231e-19 1.000000e+25 
1.468750e+04 1.628469e-19 1.000000e+25 
1.500000e+04 1.664742e-19 1.000000e+25 
1.531250e+04 1.701515e-19 1.000000e+25 
1.562500e+04 1.739395e-19 1.000000e+25 
1.593750e+04 1.777747e-19 1.000000e+25 
1.625000e+04 1.817292e-19 1.000000e+25 
1.656250e+04 1.857382e-19 1.000000e+25 
1.687500e+04 1.898779e-19 1.000000e+25 
1.718750e+04 1.940958e-19 1.000000e+25 
1.750000e+04 1.984604e-19 1.000000e+25 
1.781250e+04 2.029500e-19 1.000000e+25 
1.812500e+04 2.076082e-19 1.000000e+25 
1.843750e+04 2.124639e-19 1.000000e+25 
1.875000e+04 2.175155e-19 1.000000e+25 
1.906250e+04 2.228599e-19 1.000000e+25 
1.937500e+04 2.284311e-19 1.000000e+25 
1.968750e+04 2.343934e-19 1.000000e+25 
2.000000e+04 2.406061e-19 1.000000e+25 
2.031250e+04 2.473153e-19 1.000000e+25 
2.062500e+04 2.543091e-19 1.000000e+25 
2.093750e+04 2.618102e-19 1.000000e+25 
2.125000e+04 2.695501e-19 1.000000e+25 
2.156250e+04 2.779673e-19 1.000000e+25 
2.187500e+04 2.867950e-19 1.000000e+25 
2.218750e+04 2.958522e-19 1.000000e+25 
2.250000e+04 3.048333e-19 1.000000e+25 
2.281250e+04 3.145363e-19 1.000000e+25 
2.312500e+04 3.250336e-19 1.000000e+25 
2.343750e+04 3.361550e-19 1.000000e+25 
2.375000e+04 3.474360e-19 1.000000e+25 
2.406250e+04 3.558845e-19 1.000000e+25 
2.437500e+04 3.563745e-19 1.000000e+25 
2.468750e+04 3.487464e-19 1.000000e+25 
2.500000e+04 3.772269e-19 1.000000e+25 
2.531250e+04 5.186300e-19 9.659644e+24 
2.562500e+04 7.317713e-19 6.835573e+24 
2.593750e+04 1.062742e-18 4.710942e+24 
2.625000e+04 1.502475e-18 3.328595e+24 
2.656250e+04 2.245111e-18 2.230108e+24 
2.687500e+04 3.211968e-18 1.557033e+24 
2.718750e+04 4.872412e-18 1.027552e+24 
2.750000e+04 7.009930e-18 7.133931e+23 
2.781250e+04 1.073021e-17 4.665378e+23 
2.812500e+04 1.549318e-17 3.227593e+23 
2.843750e+04 2.385211e-17 2.098480e+23 
2.875000e+04 3.448921e-17 1.449842e+23 
2.906250e+04 5.306672e-17 9.430684e+22 
2.937500e+04 7.652043e-17 6.534533e+22 
2.968750e+04 1.169590e-16 4.278216e+22 
3.000000e+04 1.675806e-16 2.983722e+22 
3.031250e+04 2.534197e-16 1.974163e+22 
3.062500e+04 3.599002e-16 1.389290e+22 
3.093750e+04 5.362044e-16 9.328641e+21 
3.125000e+04 7.522474e-16 6.646765e+21 
3.156250e+04 1.097140e-15 4.558448e+21 
3.187500e+04 1.512317e-15 3.306186e+21 
3.218750e+04 2.139999e-15 2.336728e+21 
3.250000e+04 2.876365e-15 1.738308e+21 
3.281250e+04 3.903005e-15 1.281105e+21 
3.312500e+04 5.062099e-15 9.877360e+20 
3.343750e+04 6.485996e-15 7.708917e+20 
3.375000e+04 7.997076e-15 6.252302e+20 
3.406250e+04 9.478429e-15 5.275238e+20 
3.437500e+04 1.086907e-14 4.600213e+20 
3.468750e+04 1.159902e-14 4.310958e+20 
3.500000e+04 1.197108e-14 4.176737e+20 
3.531250e+04 1.114678e-14 4.485816e+20 
3.562500e+04 9.906040e-15 5.047465e+20 
3.593750e+04 7.838067e-15 6.379124e+20 
3.625000e+04 5.687734e-15 8.790865e+20 
3.656250e+04 3.919724e-15 1.275988e+21 
3.687500e+04 2.441864e-15 2.047658e+21 
3.718750e+04 1.842677e-15 2.714387e+21 
3.750000e+04 1.440789e-15 3.470369e+21 
3.781250e+04 1.288472e-15 3.880639e+21 
3.812500e+04 1.137165e-15 4.396935e+21 
3.843750e+04 1.024755e-15 4.879242e+21 
3.875000e+04 9.171301e-16 5.451794e+21 
3.906250e+04 8.431132e-16 5.930465e+21 
3.937500e+04 7.821320e-16 6.392783e+21 
3.968750e+04 7.577895e-16 6.598227e+21 
4.000000e+04 7.435728e-16 6.724293e+21 
4.031250e+04 7.577895e-16 6.598227e+21 
4.062500e+04 7.821320e-16 6.392783e+21 
4.093750e+04 8.431132e-16 5.930465e+21 
4.125000e+04 9.171301e-16 5.451794e+21 
4.156250e+04 1.024755e-15 4.879242e+21 
4.187500e+04 1.137165e-15 4.396935e+21 
4.218750e+04 1.288472e-15 3.880639e+21 
4.250000e+04 1.440789e-15 3.470369e+21 
4.281250e+04 1.842677e-15 2.714387e+21 
4.312500e+04 2.441864e-15 2.047658e+21 
4.343750e+04 3.919724e-15 1.275988e+21 
4.375000e+04 5.687734e-15 8.790865e+20 
4.406250e+04 7.838067e-15 6.379124e+20 
4.437500e+04 9.906040e-15 5.047465e+20 
4.468750e+04 1.114678e-14 4.485816e+20 
4.500000e+04 1.197108e-14 4.176737e+20 
4.531250e+04 1.159902e-14 4.310958e+20 
4.562500e+04 1.086907e-14 4.600213e+20 
4.593750e+04 9.478429e-15 5.275238e+20 
4.625000e+04 7.997076e-15 6.252302e+20 
4.656250e+04 6.485996e-15 7.708917e+20 
4.687500e+04 5.062099e-15 9.877360e+20 
4.718750e+04 3.903005e-15 1.281105e+21 
4.750000e+04 2.876365e-15 1.738308e+21 
4.781250e+04 2.139999e-15 2.336728e+21 
4.812500e+04 1.512317e-15 3.306186e+21 
4.843750e+04 1.097140e-15 4.558448e+21 
4.875000e+04 7.522474e-16 6.646765e+21 
4.906250e+04 5.362044e-16 9.328641e+21 
4.937500e+04 3.599002e-16 1.389290e+22 
4.968750e+04 2.534197e-16 1.974163e+22 
5.000000e+04 1.675806e-16 2.983722e+22 
5.031250e+04 1.169590e-16 4.278216e+22 
5.062500e+04 7.652043e-17 6.534533e+22 
5.093750e+04 5.306672e-17 9.430684e+22 
5.125000e+04 3.448921e-17 1.449842e+23 
5.156250e+04 2.385211e-17 2.098480e+23 
5.187500e+04 1.549318e-17 3.227593e+23 
5.218750e+04 1.073021e-17 4.665378e+23 
5.250000e+04 7.009930e-18 7.133931e+23 
5.281250e+04 4.872412e-18 1.027552e+24 
5.312500e+04 3.211968e-18 1.557033e+24 
5.343750e+04 2.245111e-18 2.230108e+24 
5.375000e+04 1.502475e-18 3.328595e+24 
5.406250e+04 1.062742e-18 4.710942e+24 
5.437500e+04 7.317713e-19 6.835573e+24 
5.468750e+04 5.186300e-19 9.659644e+24 
5.500000e+04 3.772269e-19 1.000000e+25 
5.531250e+04 3.487464e-19 1.000000e+25 
5.562500e+04 3.563745e-19 1.000000e+25 
5.593750e+04 3.558845e-19 1.000000e+25 
5.625000e+04 3.474360e-19 1.000000e+25 
5.656250e+04 3.361550e-19 1.000000e+25 
5.687500e+04 3.250336e-19 1.000000e+25 
5.718750e+04 3.145363e-19 1.000000e+25 
5.750000e+04 3.048333e-19 1.000000e+25 
5.781250e+04 2.958522e-19 1.000000e+25 
5.812500e+04 2.867950e-19 1.000000e+25 
5.843750e+04 2.779673e-19 1.000000e+25 
5.875000e+04 2.695501e-19 1.000000e+25 
5.906250e+04 2.618102e-19 1.000000e+25 
5.937500e+04 2.543091e-19 1.000000e+25 
5.968750e+04 2.473153e-19 1.000000e+25 
6.000000e+04 2.406061e-19 1.000000e+25 
6.031250e+04 2.343934e-19 1.000000e+25 
6.062500e+04 2.284311e-19 1.000000e+25 
6.093750e+04 2.228599e-19 1.000000e+25 
6.125000e+04 2.175155e-19 1.000000e+25 
6.156250e+04 2.124639e-19 1.000000e+25 
6.187500e+04 2.076082e-19 1.000000e+25 
6.218750e+04 2.029500e-19 1.000000e+25 
6.250000e+04 1.984604e-19 1.000000e+25 
6.281250e+04 1.940958e-19 1.000000e+25 
6.312500e+04 1.898779e-19 1.000000e+25 
6.343750e+04 1.857382e-19 1.000000e+25 
6.375000e+04 1.817292e-19 1.000000e+25 
6.406250e+04 1.777747e-19 1.000000e+25 
6.437500e+04 1.739395e-19 1.000000e+25 
6.468750e+04 1.701515e-19 1.000000e+25 
6.500000e+04 1.664742e-19 1.000000e+25 
6.531250e+04 1.628469e-19 1.000000e+25 
6.562500e+04 1.593231e-19 1.000000e+25 
6.593750e+04 1.558565e-19 1.000000e+25 
6.625000e+04 1.524869e-19 1.000000e+25 
6.656250e+04 1.491827e-19 1.000000e+25 
6.687500e+04 1.459694e-19 1.000000e+25 
6.718750e+04 1.428289e-19 1.000000e+25 
6.750000e+04 1.397733e-19 1.000000e+25 
6.781250e+04 1.367964e-19 1.000000e+25 
6.812500e+04 1.338988e-19 1.000000e+25 
6.843750e+04 1.310838e-19 1.000000e+25 
6.875000e+04 1.283429e-19 1.000000e+25 
6.906250e+04 1.256873e-19 1.000000e+25 
6.937500e+04 1.231011e-19 1.000000e+25 
6.968750e+04 1.206015e-19 1.000000e+25 
7.000000e+04 1.181672e-19 1.000000e+25 
7.031250e+04 1.158202e-19 1.000000e+25 
7.062500e+04 1.135349e-19 1.000000e+25 
7.093750e+04 1.113372e-19 1.000000e+25 
7.125000e+04 1.091984e-19 1.000000e+25 
7.156250e+04 1.071471e-19 1.000000e+25 
7.187500e+04 1.051526e-19 1.000000e+25 
7.218750e+04 1.032457e-19 1.000000e+25 
7.250000e+04 1.013940e-19 1.000000e+25 
7.281250e+04 9.963001e-20 1.000000e+25 
7.312500e+04 9.792027e-20 1.000000e+25 
7.343750e+04 9.629877e-20 1.000000e+25 
7.375000e+04 9.473101e-20 1.000000e+25 
7.406250e+04 9.325221e-20 1.000000e+25 
7.437500e+04 9.182711e-20 1.000000e+25 
7.468750e+04 9.049199e-20 1.000000e+25 
7.500000e+04 8.921093e-20 1.000000e+25 
7.531250e+04 8.802108e-20 1.000000e+25 
7.562500e+04 8.688594e-20 1.000000e+25 
7.593750e+04 8.584344e-20 1.000000e+25 
7.625000e+04 8.485652e-20 1.000000e+25 
7.656250e+04 8.396376e-20 1.000000e+25 
7.687500e+04 8.312757e-20 1.000000e+25 
7.718750e+04 8.238707e-20 1.000000e+25 
7.750000e+04 8.170416e-20 1.000000e+25 
7.781250e+04 8.111838e-20 1.000000e+25 
7.812500e+04 8.059114e-20 1.000000e+25 
7.843750e+04 8.016228e-20 1.000000e+25 
7.875000e+04 7.979276e-20 1.000000e+25 
7.906250e+04 7.952258e-20 1.000000e+25 
7.937500e+04 7.931232e-20 1.000000e+25 
7.968750e+04 7.920202e-20 1.000000e+25 
8.000000e+04 7.915194e-20 1.000000e+25 
