0.000000e+00 1.987193e-19 1.000000e+25 
2.500000e+02 1.988055e-19 1.000000e+25 
5.000000e+02 1.989953e-19 1.000000e+25 
7.500000e+02 1.993572e-19 1.000000e+25 
1.000000e+03 1.998224e-19 1.000000e+25 
1.250000e+03 2.004593e-19 1.000000e+25 
1.500000e+03 2.011987e-19 1.000000e+25 
1.750000e+03 2.021090e-19 1.000000e+25 
2.000000e+03 2.031209e-19 1.000000e+25 
2.250000e+03 2.043025e-19 1.000000e+25 
2.500000e+03 2.055846e-19 1.000000e+25 
2.750000e+03 2.070352e-19 1.000000e+25 
3.000000e+03 2.085849e-19 1.000000e+25 
3.250000e+03 2.103017e-19 1.000000e+25 
3.500000e+03 2.121161e-19 1.000000e+25 
3.750000e+03 2.140964e-19 1.000000e+25 
4.000000e+03 2.161727e-19 1.000000e+25 
4.250000e+03 2.184137e-19 1.000000e+25 
4.500000e+03 2.207493e-19 1.000000e+25 
4.750000e+03 2.232486e-19 1.000000e+25 
5.000000e+03 2.258411e-19 1.000000e+25 
5.250000e+03 2.285969e-19 1.000000e+25 
5.500000e+03 2.314446e-19 1.000000e+25 
5.750000e+03 2.344555e-19 1.000000e+25 
6.000000e+03 2.375575e-19 1.000000e+25 
6.250000e+03 2.408232e-19 1.000000e+25 
6.500000e+03 2.441794e-19 1.000000e+25 
6.750000e+03 2.477005e-19 1.000000e+25 
7.000000e+03 2.513118e-19 1.000000e+25 
7.250000e+03 2.550901e-19 1.000000e+25 
7.500000e+03 2.589589e-19 1.000000e+25 
7.750000e+03 2.629974e-19 1.000000e+25 
8.000000e+03 2.671269e-19 1.000000e+25 
8.250000e+03 2.714296e-19 1.000000e+25 
8.500000e+03 2.758245e-19 1.000000e+25 
8.750000e+03 2.803964e-19 1.000000e+25 
9.000000e+03 2.850617e-19 1.000000e+25 
9.250000e+03 2.899082e-19 1.000000e+25 
9.500000e+03 2.948497e-19 1.000000e+25 
9.750000e+03 2.999759e-19 1.000000e+25 
1.000000e+04 3.051987e-19 1.000000e+25 
1.025000e+04 3.106086e-19 1.000000e+25 
1.050000e+04 3.161167e-19 1.000000e+25 
1.075000e+04 3.218127e-19 1.000000e+25 
1.100000e+04 3.276085e-19 1.000000e+25 
1.125000e+04 3.335912e-19 1.000000e+25 
1.150000e+04 3.396751e-19 1.000000e+25 
1.175000e+04 3.459439e-19 1.000000e+25 
1.200000e+04 3.523154e-19 1.000000e+25 
1.225000e+04 3.588700e-19 1.000000e+25 
1.250000e+04 3.655294e-19 1.000000e+25 
1.275000e+04 3.723710e-19 1.000000e+25 
1.300000e+04 3.793204e-19 1.000000e+25 
1.325000e+04 3.864532e-19 1.000000e+25 
1.350000e+04 3.936977e-19 1.000000e+25 
1.375000e+04 4.011287e-19 1.000000e+25 
1.400000e+04 4.086760e-19 1.000000e+25 
1.425000e+04 4.164152e-19 1.000000e+25 
1.450000e+04 4.242759e-19 1.000000e+25 
1.475000e+04 4.323367e-19 1.000000e+25 
1.500000e+04 4.405253e-19 1.000000e+25 
1.525000e+04 4.489266e-19 1.000000e+25 
1.550000e+04 4.574634e-19 1.000000e+25 
1.575000e+04 4.662310e-19 1.000000e+25 
1.600000e+04 4.751431e-19 1.000000e+25 
1.625000e+04 4.843092e-19 1.000000e+25 
1.650000e+04 4.936301e-19 1.000000e+25 
1.675000e+04 5.032312e-19 1.000000e+25 
1.700000e+04 5.129974e-19 1.000000e+25 
1.725000e+04 5.230696e-19 1.000000e+25 
1.750000e+04 5.333164e-19 1.000000e+25 
1.775000e+04 5.438905e-19 1.000000e+25 
1.800000e+04 5.546468e-19 1.000000e+25 
1.825000e+04 5.657447e-19 1.000000e+25 
1.850000e+04 5.770296e-19 1.000000e+25 
1.875000e+04 5.886617e-19 1.000000e+25 
1.900000e+04 6.004831e-19 1.000000e+25 
1.925000e+04 6.126500e-19 1.000000e+25 
1.950000e+04 6.250068e-19 1.000000e+25 
1.975000e+04 6.377066e-19 1.000000e+25 
2.000000e+04 6.505978e-19 1.000000e+25 
2.025000e+04 6.638402e-19 1.000000e+25 
2.050000e+04 6.772806e-19 1.000000e+25 
2.075000e+04 6.911063e-19 1.000000e+25 
2.100000e+04 7.051465e-19 1.000000e+25 
2.125000e+04 7.196477e-19 1.000000e+25 
2.150000e+04 7.343932e-19 1.000000e+25 
2.175000e+04 7.497283e-19 1.000000e+25 
2.200000e+04 7.653528e-19 1.000000e+25 
2.225000e+04 7.817521e-19 1.000000e+25 
2.250000e+04 7.985009e-19 1.000000e+25 
2.275000e+04 8.162620e-19 1.000000e+25 
2.300000e+04 8.344451e-19 1.000000e+25 
2.325000e+04 8.539129e-19 1.000000e+25 
2.350000e+04 8.738798e-19 1.000000e+25 
2.375000e+04 8.954006e-19 1.000000e+25 
2.400000e+04 9.174884e-19 1.000000e+25 
2.425000e+04 9.413360e-19 1.000000e+25 
2.450000e+04 9.657901e-19 1.000000e+25 
2.475000e+04 9.920733e-19 1.000000e+25 
2.500000e+04 1.018956e-18 1.000000e+25 
2.525000e+04 1.047540e-18 1.000000e+25 
2.550000e+04 1.076665e-18 1.000000e+25 
2.575000e+04 1.107143e-18 1.000000e+25 
2.600000e+04 1.138061e-18 1.000000e+25 
2.625000e+04 1.169800e-18 1.000000e+25 
2.650000e+04 1.201860e-18 1.000000e+25 
2.675000e+04 1.234100e-18 1.000000e+25 
2.700000e+04 1.266562e-18 1.000000e+25 
2.725000e+04 1.298556e-18 1.000000e+25 
2.750000e+04 1.330722e-18 1.000000e+25 
2.775000e+04 1.361859e-18 1.000000e+25 
2.800000e+04 1.393197e-18 1.000000e+25 
2.825000e+04 1.423168e-18 1.000000e+25 
2.850000e+04 1.453491e-18 1.000000e+25 
2.875000e+04 1.482282e-18 1.000000e+25 
2.900000e+04 1.511670e-18 1.000000e+25 
2.925000e+04 1.539981e-18 1.000000e+25 
2.950000e+04 1.569503e-18 1.000000e+25 
2.975000e+04 1.598291e-18 1.000000e+25 
3.000000e+04 1.628516e-18 1.000000e+25 
3.025000e+04 1.659074e-18 1.000000e+25 
3.050000e+04 1.693314e-18 1.000000e+25 
3.075000e+04 1.733341e-18 1.000000e+25 
3.100000e+04 1.775346e-18 1.000000e+25 
3.125000e+04 1.812096e-18 1.000000e+25 
3.150000e+04 1.852271e-18 1.000000e+25 
3.175000e+04 1.943554e-18 1.000000e+25 
3.200000e+04 1.989803e-18 1.000000e+25 
3.225000e+04 2.053700e-18 1.000000e+25 
3.250000e+04 2.479642e-18 1.000000e+25 
3.275000e+04 7.299412e-18 4.358876e+24 
3.300000e+04 1.301243e-17 2.506186e+24 
3.325000e+04 3.318117e-17 1.009023e+24 
3.350000e+04 5.791429e-17 5.649874e+23 
3.375000e+04 1.375289e-16 2.416470e+23 
3.400000e+04 2.341891e-16 1.387334e+23 
3.425000e+04 5.088616e-16 6.438158e+22 
3.450000e+04 8.425181e-16 3.815477e+22 
3.475000e+04 1.622502e-15 1.985855e+22 
3.500000e+04 2.546258e-15 1.248021e+22 
3.525000e+04 4.214125e-15 7.521743e+21 
3.550000e+04 6.076657e-15 5.168491e+21 
3.575000e+04 8.505899e-15 3.666524e+21 
3.600000e+04 1.099700e-14 2.814294e+21 
3.625000e+04 1.309511e-14 2.330739e+21 
3.650000e+04 1.502739e-14 2.007078e+21 
3.675000e+04 1.541141e-14 1.909901e+21 
3.700000e+04 1.551175e-14 1.857061e+21 
3.725000e+04 1.345834e-14 2.059591e+21 
3.750000e+04 1.107107e-14 2.413459e+21 
3.775000e+04 7.413854e-15 3.455721e+21 
3.800000e+04 3.698690e-15 6.605182e+21 
3.825000e+04 1.842254e-15 1.351099e+22 
3.850000e+04 4.391211e-16 5.519705e+22 
3.875000e+04 3.114072e-16 8.433691e+22 
3.900000e+04 1.854391e-16 1.487523e+23 
3.925000e+04 1.453429e-16 1.874692e+23 
3.950000e+04 1.011312e-16 2.612365e+23 
3.975000e+04 9.387561e-17 2.845861e+23 
4.000000e+04 8.638453e-17 3.090207e+23 
4.025000e+04 9.387561e-17 2.845861e+23 
4.050000e+04 1.011312e-16 2.612365e+23 
4.075000e+04 1.453429e-16 1.874692e+23 
4.100000e+04 1.854391e-16 1.487523e+23 
4.125000e+04 3.114072e-16 8.433691e+22 
4.150000e+04 4.391211e-16 5.519705e+22 
4.175000e+04 1.842254e-15 1.351099e+22 
4.200000e+04 3.698690e-15 6.605182e+21 
4.225000e+04 7.413854e-15 3.455721e+21 
4.250000e+04 1.107107e-14 2.413459e+21 
4.275000e+04 1.345834e-14 2.059591e+21 
4.300000e+04 1.551175e-14 1.857061e+21 
4.325000e+04 1.541141e-14 1.909901e+21 
4.350000e+04 1.502739e-14 2.007078e+21 
4.375000e+04 1.309511e-14 2.330739e+21 
4.400000e+04 1.099700e-14 2.814294e+21 
4.425000e+04 8.505899e-15 3.666524e+21 
4.450000e+04 6.076657e-15 5.168491e+21 
4.475000e+04 4.214125e-15 7.521743e+21 
4.500000e+04 2.546258e-15 1.248021e+22 
4.525000e+04 1.622502e-15 1.985855e+22 
4.550000e+04 8.425181e-16 3.815477e+22 
4.575000e+04 5.088616e-16 6.438158e+22 
4.600000e+04 2.341891e-16 1.387334e+23 
4.625000e+04 1.375289e-16 2.416470e+23 
4.650000e+04 5.791429e-17 5.649874e+23 
4.675000e+04 3.318117e-17 1.009023e+24 
4.700000e+04 1.301243e-17 2.506186e+24 
4.725000e+04 7.299412e-18 4.358876e+24 
4.750000e+04 2.479642e-18 1.000000e+25 
4.775000e+04 2.053700e-18 1.000000e+25 
4.800000e+04 1.989803e-18 1.000000e+25 
4.825000e+04 1.943554e-18 1.000000e+25 
4.850000e+04 1.852271e-18 1.000000e+25 
4.875000e+04 1.812096e-18 1.000000e+25 
4.900000e+04 1.775346e-18 1.000000e+25 
4.925000e+04 1.733341e-18 1.000000e+25 
4.950000e+04 1.693314e-18 1.000000e+25 
4.975000e+04 1.659074e-18 1.000000e+25 
5.000000e+04 1.628516e-18 1.000000e+25 
5.025000e+04 1.598291e-18 1.000000e+25 
5.050000e+04 1.569503e-18 1.000000e+25 
5.075000e+04 1.539981e-18 1.000000e+25 
5.100000e+04 1.511670e-18 1.000000e+25 
5.125000e+04 1.482282e-18 1.000000e+25 
5.150000e+04 1.453491e-18 1.000000e+25 
5.175000e+04 1.423168e-18 1.000000e+25 
5.200000e+04 1.393197e-18 1.000000e+25 
5.225000e+04 1.361859e-18 1.000000e+25 
5.250000e+04 1.330722e-18 1.000000e+25 
5.275000e+04 1.298556e-18 1.000000e+25 
5.300000e+04 1.266562e-18 1.000000e+25 
5.325000e+04 1.234100e-18 1.000000e+25 
5.350000e+04 1.201860e-18 1.000000e+25 
5.375000e+04 1.169800e-18 1.000000e+25 
5.400000e+04 1.138061e-18 1.000000e+25 
5.425000e+04 1.107143e-18 1.000000e+25 
5.450000e+04 1.076665e-18 1.000000e+25 
5.475000e+04 1.047540e-18 1.000000e+25 
5.500000e+04 1.018956e-18 1.000000e+25 
5.525000e+04 9.920733e-19 1.000000e+25 
5.550000e+04 9.657901e-19 1.000000e+25 
5.575000e+04 9.413360e-19 1.000000e+25 
5.600000e+04 9.174884e-19 1.000000e+25 
5.625000e+04 8.954006e-19 1.000000e+25 
5.650000e+04 8.738798e-19 1.000000e+25 
5.675000e+04 8.539129e-19 1.000000e+25 
5.700000e+04 8.344451e-19 1.000000e+25 
5.725000e+04 8.162620e-19 1.000000e+25 
5.750000e+04 7.985009e-19 1.000000e+25 
5.775000e+04 7.817521e-19 1.000000e+25 
5.800000e+04 7.653528e-19 1.000000e+25 
5.825000e+04 7.497283e-19 1.000000e+25 
5.850000e+04 7.343932e-19 1.000000e+25 
5.875000e+04 7.196477e-19 1.000000e+25 
5.900000e+04 7.051465e-19 1.000000e+25 
5.925000e+04 6.911063e-19 1.000000e+25 
5.950000e+04 6.772806e-19 1.000000e+25 
5.975000e+04 6.638402e-19 1.000000e+25 
6.000000e+04 6.505978e-19 1.000000e+25 
6.025000e+04 6.377066e-19 1.000000e+25 
6.050000e+04 6.250068e-19 1.000000e+25 
6.075000e+04 6.126500e-19 1.000000e+25 
6.100000e+04 6.004831e-19 1.000000e+25 
6.125000e+04 5.886617e-19 1.000000e+25 
6.150000e+04 5.770296e-19 1.000000e+25 
6.175000e+04 5.657447e-19 1.000000e+25 
6.200000e+04 5.546468e-19 1.000000e+25 
6.225000e+04 5.438905e-19 1.000000e+25 
6.250000e+04 5.333164e-19 1.000000e+25 
6.275000e+04 5.230696e-19 1.000000e+25 
6.300000e+04 5.129974e-19 1.000000e+25 
6.325000e+04 5.032312e-19 1.000000e+25 
6.350000e+04 4.936301e-19 1.000000e+25 
6.375000e+04 4.843092e-19 1.000000e+25 
6.400000e+04 4.751431e-19 1.000000e+25 
6.425000e+04 4.662310e-19 1.000000e+25 
6.450000e+04 4.574634e-19 1.000000e+25 
6.475000e+04 4.489266e-19 1.000000e+25 
6.500000e+04 4.405253e-19 1.000000e+25 
6.525000e+04 4.323367e-19 1.000000e+25 
6.550000e+04 4.242759e-19 1.000000e+25 
6.575000e+04 4.164152e-19 1.000000e+25 
6.600000e+04 4.086760e-19 1.000000e+25 
6.625000e+04 4.011287e-19 1.000000e+25 
6.650000e+04 3.936977e-19 1.000000e+25 
6.675000e+04 3.864532e-19 1.000000e+25 
6.700000e+04 3.793204e-19 1.000000e+25 
6.725000e+04 3.723710e-19 1.000000e+25 
6.750000e+04 3.655294e-19 1.000000e+25 
6.775000e+04 3.588700e-19 1.000000e+25 
6.800000e+04 3.523154e-19 1.000000e+25 
6.825000e+04 3.459439e-19 1.000000e+25 
6.850000e+04 3.396751e-19 1.000000e+25 
6.875000e+04 3.335912e-19 1.000000e+25 
6.900000e+04 3.276085e-19 1.000000e+25 
6.925000e+04 3.218127e-19 1.000000e+25 
6.950000e+04 3.161167e-19 1.000000e+25 
6.975000e+04 3.106086e-19 1.000000e+25 
7.000000e+04 3.051987e-19 1.000000e+25 
7.025000e+04 2.999759e-19 1.000000e+25 
7.050000e+04 2.948497e-19 1.000000e+25 
7.075000e+04 2.899082e-19 1.000000e+25 
7.100000e+04 2.850617e-19 1.000000e+25 
7.125000e+04 2.803964e-19 1.000000e+25 
7.150000e+04 2.758245e-19 1.000000e+25 
7.175000e+04 2.714297e-19 1.000000e+25 
7.200000e+04 2.671269e-19 1.000000e+25 
7.225000e+04 2.629974e-19 1.000000e+25 
7.250000e+04 2.589589e-19 1.000000e+25 
7.275000e+04 2.550901e-19 1.000000e+25 
7.300000e+04 2.513118e-19 1.000000e+25 
7.325000e+04 2.477005e-19 1.000000e+25 
7.350000e+04 2.441794e-19 1.000000e+25 
7.375000e+04 2.408232e-19 1.000000e+25 
7.400000e+04 2.375575e-19 1.000000e+25 
7.425000e+04 2.344555e-19 1.000000e+25 
7.450000e+04 2.314446e-19 1.000000e+25 
7.475000e+04 2.285969e-19 1.000000e+25 
7.500000e+04 2.258411e-19 1.000000e+25 
7.525000e+04 2.232486e-19 1.000000e+25 
7.550000e+04 2.207493e-19 1.000000e+25 
7.575000e+04 2.184137e-19 1.000000e+25 
7.600000e+04 2.161727e-19 1.000000e+25 
7.625000e+04 2.140964e-19 1.000000e+25 
7.650000e+04 2.121161e-19 1.000000e+25 
7.675000e+04 2.103017e-19 1.000000e+25 
7.700000e+04 2.085849e-19 1.000000e+25 
7.725000e+04 2.070352e-19 1.000000e+25 
7.750000e+04 2.055846e-19 1.000000e+25 
7.775000e+04 2.043025e-19 1.000000e+25 
7.800000e+04 2.031209e-19 1.000000e+25 
7.825000e+04 2.021090e-19 1.000000e+25 
7.850000e+04 2.011987e-19 1.000000e+25 
7.875000e+04 2.004593e-19 1.000000e+25 
7.900000e+04 1.998224e-19 1.000000e+25 
7.925000e+04 1.993572e-19 1.000000e+25 
7.950000e+04 1.989953e-19 1.000000e+25 
7.975000e+04 1.988055e-19 1.000000e+25 
8.000000e+04 1.987193e-19 1.000000e+25 
