0.000000e+00 1.157722e-18 1.000000e+25 
1.562500e+02 1.159688e-18 1.000000e+25 
3.125000e+02 1.163444e-18 1.000000e+25 
4.687500e+02 1.171110e-18 1.000000e+25 
6.250000e+02 1.180538e-18 1.000000e+25 
7.812500e+02 1.193817e-18 1.000000e+25 
9.375000e+02 1.208809e-18 1.000000e+25 
1.093750e+03 1.227577e-18 1.000000e+25 
1.250000e+03 1.248001e-18 1.000000e+25 
1.406250e+03 1.272131e-18 1.000000e+25 
1.562500e+03 1.297864e-18 1.000000e+25 
1.718750e+03 1.327260e-18 1.000000e+25 
1.875000e+03 1.358217e-18 1.000000e+25 
2.031250e+03 1.392824e-18 1.000000e+25 
2.187500e+03 1.428966e-18 1.000000e+25 
2.343750e+03 1.468774e-18 1.000000e+25 
2.500000e+03 1.510109e-18 1.000000e+25 
2.656250e+03 1.555147e-18 1.000000e+25 
2.812500e+03 1.601720e-18 1.000000e+25 
2.968750e+03 1.652045e-18 1.000000e+25 
3.125000e+03 1.703928e-18 1.000000e+25 
3.281250e+03 1.759619e-18 1.000000e+25 
3.437500e+03 1.816906e-18 1.000000e+25 
3.593750e+03 1.878064e-18 1.000000e+25 
3.750000e+03 1.940870e-18 1.000000e+25 
3.906250e+03 2.007618e-18 1.000000e+25 
4.062500e+03 2.076082e-18 1.000000e+25 
4.218750e+03 2.148571e-18 1.000000e+25 
4.375000e+03 2.222859e-18 1.000000e+25 
4.531250e+03 2.301276e-18 1.000000e+25 
4.687500e+03 2.381588e-18 1.000000e+25 
4.843750e+03 2.466156e-18 1.000000e+25 
5.000000e+03 2.552731e-18 1.000000e+25 
5.156250e+03 2.643714e-18 1.000000e+25 
5.312500e+03 2.736832e-18 1.000000e+25 
5.468750e+03 2.834539e-18 1.000000e+25 
5.625000e+03 2.934522e-18 1.000000e+25 
5.781250e+03 3.039306e-18 1.000000e+25 
5.937500e+03 3.146523e-18 1.000000e+25 
6.093750e+03 3.258783e-18 1.000000e+25 
6.250000e+03 3.373647e-18 1.000000e+25 
6.406250e+03 3.493831e-18 1.000000e+25 
6.562500e+03 3.616804e-18 1.000000e+25 
6.718750e+03 3.745406e-18 1.000000e+25 
6.875000e+03 3.877000e-18 9.772765e+24 
7.031250e+03 4.014567e-18 9.434852e+24 
7.187500e+03 4.155343e-18 9.112285e+24 
7.343750e+03 4.302474e-18 8.797721e+24 
7.500000e+03 4.453050e-18 8.497379e+24 
7.656250e+03 4.610400e-18 8.204496e+24 
7.812500e+03 4.771449e-18 7.924795e+24 
7.968750e+03 4.939730e-18 7.652028e+24 
8.125000e+03 5.111986e-18 7.391483e+24 
8.281250e+03 5.291975e-18 7.137376e+24 
8.437500e+03 5.476233e-18 6.894606e+24 
8.593750e+03 5.668770e-18 6.657808e+24 
8.750000e+03 5.865895e-18 6.431533e+24 
8.906250e+03 6.071892e-18 6.210794e+24 
9.062500e+03 6.282819e-18 5.999830e+24 
9.218750e+03 6.503261e-18 5.793999e+24 
9.375000e+03 6.729002e-18 5.597253e+24 
9.531250e+03 6.964954e-18 5.405267e+24 
9.687500e+03 7.206603e-18 5.221731e+24 
9.843750e+03 7.459217e-18 5.042610e+24 
1.000000e+04 7.717957e-18 4.871355e+24 
1.015625e+04 7.988476e-18 4.704198e+24 
1.031250e+04 8.265582e-18 4.544367e+24 
1.046875e+04 8.555348e-18 4.388341e+24 
1.062500e+04 8.852200e-18 4.239142e+24 
1.078125e+04 9.162662e-18 4.093481e+24 
1.093750e+04 9.480747e-18 3.954185e+24 
1.109375e+04 9.813468e-18 3.818177e+24 
1.125000e+04 1.015439e-17 3.688108e+24 
1.140625e+04 1.051106e-17 3.561100e+24 
1.156250e+04 1.087656e-17 3.439634e+24 
1.171875e+04 1.125900e-17 3.321016e+24 
1.187500e+04 1.165095e-17 3.207574e+24 
1.203125e+04 1.206113e-17 3.096785e+24 
1.218750e+04 1.248155e-17 2.990830e+24 
1.234375e+04 1.292160e-17 2.887347e+24 
1.250000e+04 1.337268e-17 2.788380e+24 
1.265625e+04 1.384491e-17 2.691718e+24 
1.281250e+04 1.432902e-17 2.599276e+24 
1.296875e+04 1.483592e-17 2.508984e+24 
1.312500e+04 1.535563e-17 2.422636e+24 
1.328125e+04 1.589990e-17 2.338292e+24 
1.343750e+04 1.645798e-17 2.257636e+24 
1.359375e+04 1.704255e-17 2.178850e+24 
1.375000e+04 1.764202e-17 2.103512e+24 
1.390625e+04 1.827007e-17 2.029918e+24 
1.406250e+04 1.891419e-17 1.959549e+24 
1.421875e+04 1.958917e-17 1.890808e+24 
1.437500e+04 2.028151e-17 1.825082e+24 
1.453125e+04 2.100717e-17 1.760875e+24 
1.468750e+04 2.175159e-17 1.699488e+24 
1.484375e+04 2.253202e-17 1.639518e+24 
1.500000e+04 2.333273e-17 1.582187e+24 
1.515625e+04 2.417238e-17 1.526178e+24 
1.531250e+04 2.503395e-17 1.472637e+24 
1.546875e+04 2.593767e-17 1.420329e+24 
1.562500e+04 2.686513e-17 1.370331e+24 
1.578125e+04 2.783821e-17 1.321483e+24 
1.593750e+04 2.883700e-17 1.274796e+24 
1.609375e+04 2.988524e-17 1.229181e+24 
1.625000e+04 3.096135e-17 1.185589e+24 
1.640625e+04 3.209108e-17 1.142996e+24 
1.656250e+04 3.325104e-17 1.102297e+24 
1.671875e+04 3.446919e-17 1.062529e+24 
1.687500e+04 3.572015e-17 1.024535e+24 
1.703125e+04 3.703433e-17 9.874078e+23 
1.718750e+04 3.838414e-17 9.519411e+23 
1.734375e+04 3.980266e-17 9.172833e+23 
1.750000e+04 4.125992e-17 8.841801e+23 
1.765625e+04 4.279193e-17 8.518309e+23 
1.781250e+04 4.436608e-17 8.209375e+23 
1.796875e+04 4.602163e-17 7.907469e+23 
1.812500e+04 4.772304e-17 7.619199e+23 
1.828125e+04 4.951316e-17 7.337478e+23 
1.843750e+04 5.135324e-17 7.068532e+23 
1.859375e+04 5.329008e-17 6.805688e+23 
1.875000e+04 5.528141e-17 6.554812e+23 
1.890625e+04 5.737837e-17 6.309622e+23 
1.906250e+04 5.953480e-17 6.075646e+23 
1.921875e+04 6.180667e-17 5.846966e+23 
1.937500e+04 6.414351e-17 5.628795e+23 
1.953125e+04 6.660662e-17 5.415556e+23 
1.968750e+04 6.914077e-17 5.212165e+23 
1.984375e+04 7.181319e-17 5.013369e+23 
2.000000e+04 7.456336e-17 4.823802e+23 
2.015625e+04 7.746508e-17 4.638514e+23 
2.031250e+04 8.045196e-17 4.461877e+23 
2.046875e+04 8.360510e-17 4.289227e+23 
2.062500e+04 8.685161e-17 4.124687e+23 
2.078125e+04 9.028064e-17 3.963862e+23 
2.093750e+04 9.381212e-17 3.810641e+23 
2.109375e+04 9.754414e-17 3.660882e+23 
2.125000e+04 1.013887e-16 3.518252e+23 
2.140625e+04 1.054537e-16 3.378853e+23 
2.156250e+04 1.096424e-16 3.246136e+23 
2.171875e+04 1.140736e-16 3.116436e+23 
2.187500e+04 1.186408e-16 2.992999e+23 
2.203125e+04 1.234750e-16 2.872380e+23 
2.218750e+04 1.284590e-16 2.757631e+23 
2.234375e+04 1.337369e-16 2.645516e+23 
2.250000e+04 1.391798e-16 2.538900e+23 
2.265625e+04 1.449464e-16 2.434751e+23 
2.281250e+04 1.508951e-16 2.335751e+23 
2.296875e+04 1.572003e-16 2.239061e+23 
2.312500e+04 1.637063e-16 2.147192e+23 
2.328125e+04 1.706051e-16 2.057492e+23 
2.343750e+04 1.777256e-16 1.972300e+23 
2.359375e+04 1.852786e-16 1.889147e+23 
2.375000e+04 1.930764e-16 1.810209e+23 
2.390625e+04 2.013501e-16 1.733189e+23 
2.406250e+04 2.098944e-16 1.660108e+23 
2.421875e+04 2.189619e-16 1.588836e+23 
2.437500e+04 2.283282e-16 1.521239e+23 
2.453125e+04 2.382690e-16 1.455353e+23 
2.468750e+04 2.485400e-16 1.392892e+23 
2.484375e+04 2.594403e-16 1.332054e+23 
2.500000e+04 2.707055e-16 1.274403e+23 
2.515625e+04 2.826586e-16 1.218295e+23 
2.531250e+04 2.950145e-16 1.165147e+23 
2.546875e+04 3.081205e-16 1.113469e+23 
2.562500e+04 3.216709e-16 1.064535e+23 
2.578125e+04 3.360364e-16 1.017005e+23 
2.593750e+04 3.508919e-16 9.720136e+22 
2.609375e+04 3.666301e-16 9.283648e+22 
2.625000e+04 3.829081e-16 8.870567e+22 
2.640625e+04 4.001382e-16 8.470347e+22 
2.656250e+04 4.179624e-16 8.091651e+22 
2.671875e+04 4.368096e-16 7.725277e+22 
2.687500e+04 4.563101e-16 7.378631e+22 
2.703125e+04 4.769053e-16 7.043785e+22 
2.718750e+04 4.982184e-16 6.726957e+22 
2.734375e+04 5.206991e-16 6.421415e+22 
2.750000e+04 5.439679e-16 6.132266e+22 
2.765625e+04 5.684791e-16 5.853887e+22 
2.781250e+04 5.938553e-16 5.590364e+22 
2.796875e+04 6.205523e-16 5.337080e+22 
2.812500e+04 6.481995e-16 5.097208e+22 
2.828125e+04 6.772529e-16 4.867021e+22 
2.843750e+04 7.073515e-16 4.648892e+22 
2.859375e+04 7.389546e-16 4.439868e+22 
2.875000e+04 7.717106e-16 4.241644e+22 
2.890625e+04 8.060916e-16 4.051905e+22 
2.906250e+04 8.417497e-16 3.871807e+22 
2.921875e+04 8.791880e-16 3.699534e+22 
2.937500e+04 9.180493e-16 3.535845e+22 
2.953125e+04 9.588989e-16 3.379273e+22 
2.968750e+04 1.001346e-15 3.230335e+22 
2.984375e+04 1.046065e-15 3.087761e+22 
3.000000e+04 1.092595e-15 2.951981e+22 
3.015625e+04 1.141784e-15 2.821774e+22 
3.031250e+04 1.193042e-15 2.697637e+22 
3.046875e+04 1.247484e-15 2.578257e+22 
3.062500e+04 1.304313e-15 2.464346e+22 
3.078125e+04 1.365022e-15 2.354376e+22 
3.093750e+04 1.428500e-15 2.249402e+22 
3.109375e+04 1.496753e-15 2.147589e+22 
3.125000e+04 1.568230e-15 2.050432e+22 
3.140625e+04 1.645598e-15 1.955730e+22 
3.156250e+04 1.726712e-15 1.865479e+22 
3.171875e+04 1.815052e-15 1.777095e+22 
3.187500e+04 1.907711e-15 1.693075e+22 
3.203125e+04 2.009118e-15 1.610492e+22 
3.218750e+04 2.115442e-15 1.532277e+22 
3.234375e+04 2.232150e-15 1.455239e+22 
3.250000e+04 2.354350e-15 1.382625e+22 
3.265625e+04 2.488571e-15 1.311089e+22 
3.281250e+04 2.628783e-15 1.244035e+22 
3.296875e+04 2.782489e-15 1.178092e+22 
3.312500e+04 2.942543e-15 1.116640e+22 
3.328125e+04 3.117198e-15 1.056417e+22 
3.343750e+04 3.298354e-15 1.000609e+22 
3.359375e+04 3.494615e-15 9.461860e+21 
3.375000e+04 3.697260e-15 8.960028e+21 
3.390625e+04 3.914648e-15 8.473615e+21 
3.406250e+04 4.137971e-15 8.026868e+21 
3.421875e+04 4.374527e-15 7.596929e+21 
3.437500e+04 4.616187e-15 7.203143e+21 
3.453125e+04 4.868110e-15 6.827314e+21 
3.468750e+04 5.123871e-15 6.483616e+21 
3.484375e+04 5.385132e-15 6.158859e+21 
3.500000e+04 5.648492e-15 5.861979e+21 
3.515625e+04 5.910428e-15 5.585018e+21 
3.531250e+04 6.172225e-15 5.331683e+21 
3.546875e+04 6.423109e-15 5.099461e+21 
3.562500e+04 6.671109e-15 4.886804e+21 
3.578125e+04 6.895720e-15 4.696950e+21 
3.593750e+04 7.114235e-15 4.522936e+21 
3.609375e+04 7.293500e-15 4.374289e+21 
3.625000e+04 7.463089e-15 4.238246e+21 
3.640625e+04 7.573956e-15 4.131561e+21 
3.656250e+04 7.671415e-15 4.034974e+21 
3.671875e+04 7.687329e-15 3.974047e+21 
3.687500e+04 7.686325e-15 3.921962e+21 
3.703125e+04 7.579036e-15 3.915678e+21 
3.718750e+04 7.452150e-15 3.919467e+21 
3.734375e+04 7.196253e-15 3.985785e+21 
3.750000e+04 6.919793e-15 4.069025e+21 
3.765625e+04 6.502131e-15 4.243242e+21 
3.781250e+04 6.065767e-15 4.455050e+21 
3.796875e+04 5.501405e-15 4.807648e+21 
3.812500e+04 4.924150e-15 5.254563e+21 
3.828125e+04 4.275250e-15 5.930267e+21 
3.843750e+04 3.623880e-15 6.852440e+21 
3.859375e+04 3.003206e-15 8.146742e+21 
3.875000e+04 2.394564e-15 1.006457e+22 
3.890625e+04 1.925222e-15 1.247488e+22 
3.906250e+04 1.484844e-15 1.611884e+22 
3.921875e+04 1.225519e-15 1.973689e+22 
3.937500e+04 1.007521e-15 2.426040e+22 
3.953125e+04 9.218979e-16 2.702969e+22 
3.968750e+04 8.650569e-16 2.935659e+22 
3.984375e+04 8.540835e-16 3.006841e+22 
4.000000e+04 8.504984e-16 3.053142e+22 
4.015625e+04 8.540835e-16 3.006841e+22 
4.031250e+04 8.650569e-16 2.935659e+22 
4.046875e+04 9.218979e-16 2.702969e+22 
4.062500e+04 1.007521e-15 2.426040e+22 
4.078125e+04 1.225519e-15 1.973689e+22 
4.093750e+04 1.484844e-15 1.611884e+22 
4.109375e+04 1.925222e-15 1.247488e+22 
4.125000e+04 2.394564e-15 1.006457e+22 
4.140625e+04 3.003206e-15 8.146742e+21 
4.156250e+04 3.623880e-15 6.852440e+21 
4.171875e+04 4.275250e-15 5.930267e+21 
4.187500e+04 4.924150e-15 5.254563e+21 
4.203125e+04 5.501405e-15 4.807648e+21 
4.218750e+04 6.065767e-15 4.455050e+21 
4.234375e+04 6.502131e-15 4.243242e+21 
4.250000e+04 6.919793e-15 4.069025e+21 
4.265625e+04 7.196253e-15 3.985785e+21 
4.281250e+04 7.452150e-15 3.919467e+21 
4.296875e+04 7.579036e-15 3.915678e+21 
4.312500e+04 7.686325e-15 3.921962e+21 
4.328125e+04 7.687329e-15 3.974047e+21 
4.343750e+04 7.671415e-15 4.034974e+21 
4.359375e+04 7.573956e-15 4.131561e+21 
4.375000e+04 7.463089e-15 4.238246e+21 
4.390625e+04 7.293500e-15 4.374289e+21 
4.406250e+04 7.114235e-15 4.522936e+21 
4.421875e+04 6.895720e-15 4.696950e+21 
4.437500e+04 6.671109e-15 4.886804e+21 
4.453125e+04 6.423109e-15 5.099461e+21 
4.468750e+04 6.172225e-15 5.331683e+21 
4.484375e+04 5.910428e-15 5.585018e+21 
4.500000e+04 5.648492e-15 5.861979e+21 
4.515625e+04 5.385132e-15 6.158859e+21 
4.531250e+04 5.123871e-15 6.483616e+21 
4.546875e+04 4.868110e-15 6.827314e+21 
4.562500e+04 4.616187e-15 7.203143e+21 
4.578125e+04 4.374527e-15 7.596929e+21 
4.593750e+04 4.137971e-15 8.026868e+21 
4.609375e+04 3.914648e-15 8.473615e+21 
4.625000e+04 3.697260e-15 8.960028e+21 
4.640625e+04 3.494615e-15 9.461860e+21 
4.656250e+04 3.298354e-15 1.000609e+22 
4.671875e+04 3.117198e-15 1.056417e+22 
4.687500e+04 2.942543e-15 1.116640e+22 
4.703125e+04 2.782489e-15 1.178092e+22 
4.718750e+04 2.628783e-15 1.244035e+22 
4.734375e+04 2.488571e-15 1.311089e+22 
4.750000e+04 2.354350e-15 1.382625e+22 
4.765625e+04 2.232150e-15 1.455239e+22 
4.781250e+04 2.115442e-15 1.532277e+22 
4.796875e+04 2.009118e-15 1.610492e+22 
4.812500e+04 1.907711e-15 1.693075e+22 
4.828125e+04 1.815052e-15 1.777095e+22 
4.843750e+04 1.726712e-15 1.865479e+22 
4.859375e+04 1.645598e-15 1.955730e+22 
4.875000e+04 1.568230e-15 2.050432e+22 
4.890625e+04 1.496753e-15 2.147589e+22 
4.906250e+04 1.428500e-15 2.249402e+22 
4.921875e+04 1.365022e-15 2.354376e+22 
4.937500e+04 1.304313e-15 2.464346e+22 
4.953125e+04 1.247484e-15 2.578257e+22 
4.968750e+04 1.193042e-15 2.697637e+22 
4.984375e+04 1.141784e-15 2.821774e+22 
5.000000e+04 1.092595e-15 2.951981e+22 
5.015625e+04 1.046065e-15 3.087761e+22 
5.031250e+04 1.001346e-15 3.230335e+22 
5.046875e+04 9.588989e-16 3.379273e+22 
5.062500e+04 9.180493e-16 3.535845e+22 
5.078125e+04 8.791880e-16 3.699534e+22 
5.093750e+04 8.417497e-16 3.871807e+22 
5.109375e+04 8.060916e-16 4.051905e+22 
5.125000e+04 7.717106e-16 4.241644e+22 
5.140625e+04 7.389546e-16 4.439868e+22 
5.156250e+04 7.073515e-16 4.648892e+22 
5.171875e+04 6.772529e-16 4.867021e+22 
5.187500e+04 6.481995e-16 5.097208e+22 
5.203125e+04 6.205523e-16 5.337080e+22 
5.218750e+04 5.938553e-16 5.590364e+22 
5.234375e+04 5.684791e-16 5.853887e+22 
5.250000e+04 5.439679e-16 6.132266e+22 
5.265625e+04 5.206991e-16 6.421415e+22 
5.281250e+04 4.982184e-16 6.726957e+22 
5.296875e+04 4.769053e-16 7.043785e+22 
5.312500e+04 4.563101e-16 7.378631e+22 
5.328125e+04 4.368096e-16 7.725277e+22 
5.343750e+04 4.179624e-16 8.091651e+22 
5.359375e+04 4.001382e-16 8.470347e+22 
5.375000e+04 3.829081e-16 8.870567e+22 
5.390625e+04 3.666301e-16 9.283648e+22 
5.406250e+04 3.508919e-16 9.720136e+22 
5.421875e+04 3.360364e-16 1.017005e+23 
5.437500e+04 3.216709e-16 1.064535e+23 
5.453125e+04 3.081205e-16 1.113469e+23 
5.468750e+04 2.950145e-16 1.165147e+23 
5.484375e+04 2.826586e-16 1.218295e+23 
5.500000e+04 2.707055e-16 1.274403e+23 
5.515625e+04 2.594403e-16 1.332054e+23 
5.531250e+04 2.485400e-16 1.392892e+23 
5.546875e+04 2.382690e-16 1.455353e+23 
5.562500e+04 2.283282e-16 1.521239e+23 
5.578125e+04 2.189619e-16 1.588836e+23 
5.593750e+04 2.098944e-16 1.660108e+23 
5.609375e+04 2.013501e-16 1.733189e+23 
5.625000e+04 1.930764e-16 1.810209e+23 
5.640625e+04 1.852786e-16 1.889147e+23 
5.656250e+04 1.777256e-16 1.972300e+23 
5.671875e+04 1.706051e-16 2.057492e+23 
5.687500e+04 1.637063e-16 2.147192e+23 
5.703125e+04 1.572003e-16 2.239061e+23 
5.718750e+04 1.508951e-16 2.335751e+23 
5.734375e+04 1.449464e-16 2.434751e+23 
5.750000e+04 1.391798e-16 2.538900e+23 
5.765625e+04 1.337369e-16 2.645516e+23 
5.781250e+04 1.284590e-16 2.757631e+23 
5.796875e+04 1.234750e-16 2.872380e+23 
5.812500e+04 1.186408e-16 2.992999e+23 
5.828125e+04 1.140736e-16 3.116436e+23 
5.843750e+04 1.096424e-16 3.246136e+23 
5.859375e+04 1.054537e-16 3.378853e+23 
5.875000e+04 1.013887e-16 3.518252e+23 
5.890625e+04 9.754414e-17 3.660882e+23 
5.906250e+04 9.381212e-17 3.810641e+23 
5.921875e+04 9.028064e-17 3.963862e+23 
5.937500e+04 8.685161e-17 4.124687e+23 
5.953125e+04 8.360510e-17 4.289227e+23 
5.968750e+04 8.045196e-17 4.461877e+23 
5.984375e+04 7.746508e-17 4.638514e+23 
6.000000e+04 7.456336e-17 4.823802e+23 
6.015625e+04 7.181319e-17 5.013369e+23 
6.031250e+04 6.914077e-17 5.212165e+23 
6.046875e+04 6.660662e-17 5.415556e+23 
6.062500e+04 6.414351e-17 5.628795e+23 
6.078125e+04 6.180667e-17 5.846966e+23 
6.093750e+04 5.953480e-17 6.075646e+23 
6.109375e+04 5.737837e-17 6.309622e+23 
6.125000e+04 5.528141e-17 6.554812e+23 
6.140625e+04 5.329008e-17 6.805688e+23 
6.156250e+04 5.135324e-17 7.068532e+23 
6.171875e+04 4.951316e-17 7.337478e+23 
6.187500e+04 4.772304e-17 7.619199e+23 
6.203125e+04 4.602163e-17 7.907469e+23 
6.218750e+04 4.436608e-17 8.209375e+23 
6.234375e+04 4.279193e-17 8.518309e+23 
6.250000e+04 4.125992e-17 8.841801e+23 
6.265625e+04 3.980266e-17 9.172833e+23 
6.281250e+04 3.838414e-17 9.519411e+23 
6.296875e+04 3.703433e-17 9.874078e+23 
6.312500e+04 3.572015e-17 1.024535e+24 
6.328125e+04 3.446919e-17 1.062529e+24 
6.343750e+04 3.325104e-17 1.102297e+24 
6.359375e+04 3.209108e-17 1.142996e+24 
6.375000e+04 3.096135e-17 1.185589e+24 
6.390625e+04 2.988524e-17 1.229181e+24 
6.406250e+04 2.883700e-17 1.274796e+24 
6.421875e+04 2.783821e-17 1.321483e+24 
6.437500e+04 2.686513e-17 1.370331e+24 
6.453125e+04 2.593767e-17 1.420329e+24 
6.468750e+04 2.503395e-17 1.472637e+24 
6.484375e+04 2.417238e-17 1.526178e+24 
6.500000e+04 2.333273e-17 1.582187e+24 
6.515625e+04 2.253202e-17 1.639518e+24 
6.531250e+04 2.175159e-17 1.699488e+24 
6.546875e+04 2.100717e-17 1.760875e+24 
6.562500e+04 2.028151e-17 1.825082e+24 
6.578125e+04 1.958917e-17 1.890808e+24 
6.593750e+04 1.891419e-17 1.959549e+24 
6.609375e+04 1.827007e-17 2.029918e+24 
6.625000e+04 1.764202e-17 2.103512e+24 
6.640625e+04 1.704255e-17 2.178850e+24 
6.656250e+04 1.645798e-17 2.257636e+24 
6.671875e+04 1.589990e-17 2.338292e+24 
6.687500e+04 1.535563e-17 2.422636e+24 
6.703125e+04 1.483592e-17 2.508984e+24 
6.718750e+04 1.432902e-17 2.599276e+24 
6.734375e+04 1.384491e-17 2.691718e+24 
6.750000e+04 1.337268e-17 2.788380e+24 
6.765625e+04 1.292160e-17 2.887347e+24 
6.781250e+04 1.248155e-17 2.990830e+24 
6.796875e+04 1.206113e-17 3.096785e+24 
6.812500e+04 1.165095e-17 3.207574e+24 
6.828125e+04 1.125900e-17 3.321016e+24 
6.843750e+04 1.087656e-17 3.439634e+24 
6.859375e+04 1.051106e-17 3.561100e+24 
6.875000e+04 1.015439e-17 3.688108e+24 
6.890625e+04 9.813468e-18 3.818177e+24 
6.906250e+04 9.480747e-18 3.954185e+24 
6.921875e+04 9.162662e-18 4.093481e+24 
6.937500e+04 8.852200e-18 4.239142e+24 
6.953125e+04 8.555348e-18 4.388341e+24 
6.968750e+04 8.265582e-18 4.544367e+24 
6.984375e+04 7.988476e-18 4.704198e+24 
7.000000e+04 7.717957e-18 4.871355e+24 
7.015625e+04 7.459217e-18 5.042610e+24 
7.031250e+04 7.206603e-18 5.221731e+24 
7.046875e+04 6.964954e-18 5.405267e+24 
7.062500e+04 6.729002e-18 5.597253e+24 
7.078125e+04 6.503261e-18 5.793999e+24 
7.093750e+04 6.282819e-18 5.999830e+24 
7.109375e+04 6.071892e-18 6.210794e+24 
7.125000e+04 5.865895e-18 6.431533e+24 
7.140625e+04 5.668770e-18 6.657808e+24 
7.156250e+04 5.476233e-18 6.894606e+24 
7.171875e+04 5.291975e-18 7.137376e+24 
7.187500e+04 5.111986e-18 7.391483e+24 
7.203125e+04 4.939730e-18 7.652028e+24 
7.218750e+04 4.771449e-18 7.924795e+24 
7.234375e+04 4.610400e-18 8.204496e+24 
7.250000e+04 4.453050e-18 8.497379e+24 
7.265625e+04 4.302474e-18 8.797721e+24 
7.281250e+04 4.155343e-18 9.112285e+24 
7.296875e+04 4.014567e-18 9.434852e+24 
7.312500e+04 3.877000e-18 9.772765e+24 
7.328125e+04 3.745406e-18 1.000000e+25 
7.343750e+04 3.616804e-18 1.000000e+25 
7.359375e+04 3.493831e-18 1.000000e+25 
7.375000e+04 3.373647e-18 1.000000e+25 
7.390625e+04 3.258783e-18 1.000000e+25 
7.406250e+04 3.146523e-18 1.000000e+25 
7.421875e+04 3.039306e-18 1.000000e+25 
7.437500e+04 2.934522e-18 1.000000e+25 
7.453125e+04 2.834539e-18 1.000000e+25 
7.468750e+04 2.736832e-18 1.000000e+25 
7.484375e+04 2.643714e-18 1.000000e+25 
7.500000e+04 2.552731e-18 1.000000e+25 
7.515625e+04 2.466156e-18 1.000000e+25 
7.531250e+04 2.381588e-18 1.000000e+25 
7.546875e+04 2.301276e-18 1.000000e+25 
7.562500e+04 2.222859e-18 1.000000e+25 
7.578125e+04 2.148571e-18 1.000000e+25 
7.593750e+04 2.076082e-18 1.000000e+25 
7.609375e+04 2.007618e-18 1.000000e+25 
7.625000e+04 1.940870e-18 1.000000e+25 
7.640625e+04 1.878064e-18 1.000000e+25 
7.656250e+04 1.816906e-18 1.000000e+25 
7.671875e+04 1.759619e-18 1.000000e+25 
7.687500e+04 1.703928e-18 1.000000e+25 
7.703125e+04 1.652045e-18 1.000000e+25 
7.718750e+04 1.601720e-18 1.000000e+25 
7.734375e+04 1.555147e-18 1.000000e+25 
7.750000e+04 1.510109e-18 1.000000e+25 
7.765625e+04 1.468774e-18 1.000000e+25 
7.781250e+04 1.428966e-18 1.000000e+25 
7.796875e+04 1.392824e-18 1.000000e+25 
7.812500e+04 1.358217e-18 1.000000e+25 
7.828125e+04 1.327260e-18 1.000000e+25 
7.843750e+04 1.297864e-18 1.000000e+25 
7.859375e+04 1.272131e-18 1.000000e+25 
7.875000e+04 1.248001e-18 1.000000e+25 
7.890625e+04 1.227577e-18 1.000000e+25 
7.906250e+04 1.208809e-18 1.000000e+25 
7.921875e+04 1.193817e-18 1.000000e+25 
7.937500e+04 1.180538e-18 1.000000e+25 
7.953125e+04 1.171110e-18 1.000000e+25 
7.968750e+04 1.163444e-18 1.000000e+25 
7.984375e+04 1.159688e-18 1.000000e+25 
8.000000e+04 1.157722e-18 1.000000e+25 
