0.000000e+00 2.003842e-19 1.000000e+25 
2.500000e+02 2.004712e-19 1.000000e+25 
5.000000e+02 2.006628e-19 1.000000e+25 
7.500000e+02 2.010283e-19 1.000000e+25 
1.000000e+03 2.014979e-19 1.000000e+25 
1.250000e+03 2.021410e-19 1.000000e+25 
1.500000e+03 2.028875e-19 1.000000e+25 
1.750000e+03 2.038066e-19 1.000000e+25 
2.000000e+03 2.048282e-19 1.000000e+25 
2.250000e+03 2.060212e-19 1.000000e+25 
2.500000e+03 2.073155e-19 1.000000e+25 
2.750000e+03 2.087800e-19 1.000000e+25 
3.000000e+03 2.103443e-19 1.000000e+25 
3.250000e+03 2.120775e-19 1.000000e+25 
3.500000e+03 2.139090e-19 1.000000e+25 
3.750000e+03 2.159080e-19 1.000000e+25 
4.000000e+03 2.180037e-19 1.000000e+25 
4.250000e+03 2.202659e-19 1.000000e+25 
4.500000e+03 2.226231e-19 1.000000e+25 
4.750000e+03 2.251459e-19 1.000000e+25 
5.000000e+03 2.277624e-19 1.000000e+25 
5.250000e+03 2.305439e-19 1.000000e+25 
5.500000e+03 2.334179e-19 1.000000e+25 
5.750000e+03 2.364568e-19 1.000000e+25 
6.000000e+03 2.395873e-19 1.000000e+25 
6.250000e+03 2.428833e-19 1.000000e+25 
6.500000e+03 2.462703e-19 1.000000e+25 
6.750000e+03 2.498242e-19 1.000000e+25 
7.000000e+03 2.534688e-19 1.000000e+25 
7.250000e+03 2.572823e-19 1.000000e+25 
7.500000e+03 2.611867e-19 1.000000e+25 
7.750000e+03 2.652628e-19 1.000000e+25 
8.000000e+03 2.694305e-19 1.000000e+25 
8.250000e+03 2.737735e-19 1.000000e+25 
8.500000e+03 2.782089e-19 1.000000e+25 
8.750000e+03 2.828235e-19 1.000000e+25 
9.000000e+03 2.875320e-19 1.000000e+25 
9.250000e+03 2.924234e-19 1.000000e+25 
9.500000e+03 2.974101e-19 1.000000e+25 
9.750000e+03 3.025831e-19 1.000000e+25 
1.000000e+04 3.078530e-19 1.000000e+25 
1.025000e+04 3.133110e-19 1.000000e+25 
1.050000e+04 3.188675e-19 1.000000e+25 
1.075000e+04 3.246126e-19 1.000000e+25 
1.100000e+04 3.304576e-19 1.000000e+25 
1.125000e+04 3.364900e-19 1.000000e+25 
1.150000e+04 3.426236e-19 1.000000e+25 
1.175000e+04 3.489427e-19 1.000000e+25 
1.200000e+04 3.553647e-19 1.000000e+25 
1.225000e+04 3.619706e-19 1.000000e+25 
1.250000e+04 3.686818e-19 1.000000e+25 
1.275000e+04 3.755766e-19 1.000000e+25 
1.300000e+04 3.825799e-19 1.000000e+25 
1.325000e+04 3.897684e-19 1.000000e+25 
1.350000e+04 3.970694e-19 1.000000e+25 
1.375000e+04 4.045590e-19 1.000000e+25 
1.400000e+04 4.121660e-19 1.000000e+25 
1.425000e+04 4.199671e-19 1.000000e+25 
1.450000e+04 4.278910e-19 1.000000e+25 
1.475000e+04 4.360178e-19 1.000000e+25 
1.500000e+04 4.442743e-19 1.000000e+25 
1.525000e+04 4.527471e-19 1.000000e+25 
1.550000e+04 4.613580e-19 1.000000e+25 
1.575000e+04 4.702048e-19 1.000000e+25 
1.600000e+04 4.791996e-19 1.000000e+25 
1.625000e+04 4.884552e-19 1.000000e+25 
1.650000e+04 4.978700e-19 1.000000e+25 
1.675000e+04 5.075733e-19 1.000000e+25 
1.700000e+04 5.174472e-19 1.000000e+25 
1.725000e+04 5.276366e-19 1.000000e+25 
1.750000e+04 5.380069e-19 1.000000e+25 
1.775000e+04 5.487147e-19 1.000000e+25 
1.800000e+04 5.596117e-19 1.000000e+25 
1.825000e+04 5.708592e-19 1.000000e+25 
1.850000e+04 5.823013e-19 1.000000e+25 
1.875000e+04 5.940962e-19 1.000000e+25 
1.900000e+04 6.060879e-19 1.000000e+25 
1.925000e+04 6.184247e-19 1.000000e+25 
1.950000e+04 6.309588e-19 1.000000e+25 
1.975000e+04 6.438275e-19 1.000000e+25 
2.000000e+04 6.568949e-19 1.000000e+25 
2.025000e+04 6.702951e-19 1.000000e+25 
2.050000e+04 6.839001e-19 1.000000e+25 
2.075000e+04 6.978583e-19 1.000000e+25 
2.100000e+04 7.120356e-19 1.000000e+25 
2.125000e+04 7.266186e-19 1.000000e+25 
2.150000e+04 7.414447e-19 1.000000e+25 
2.175000e+04 7.567636e-19 1.000000e+25 
2.200000e+04 7.723587e-19 1.000000e+25 
2.225000e+04 7.885683e-19 1.000000e+25 
2.250000e+04 8.050957e-19 1.000000e+25 
2.275000e+04 8.223963e-19 1.000000e+25 
2.300000e+04 8.400663e-19 1.000000e+25 
2.325000e+04 8.587107e-19 1.000000e+25 
2.350000e+04 8.777886e-19 1.000000e+25 
2.375000e+04 8.980851e-19 1.000000e+25 
2.400000e+04 9.188904e-19 1.000000e+25 
2.425000e+04 9.411835e-19 1.000000e+25 
2.450000e+04 9.640627e-19 1.000000e+25 
2.475000e+04 9.886746e-19 1.000000e+25 
2.500000e+04 1.013933e-18 1.000000e+25 
2.525000e+04 1.041072e-18 1.000000e+25 
2.550000e+04 1.068879e-18 1.000000e+25 
2.575000e+04 1.098545e-18 1.000000e+25 
2.600000e+04 1.128853e-18 1.000000e+25 
2.625000e+04 1.160791e-18 1.000000e+25 
2.650000e+04 1.193299e-18 1.000000e+25 
2.675000e+04 1.227011e-18 1.000000e+25 
2.700000e+04 1.261195e-18 1.000000e+25 
2.725000e+04 1.296009e-18 1.000000e+25 
2.750000e+04 1.331196e-18 1.000000e+25 
2.775000e+04 1.366371e-18 1.000000e+25 
2.800000e+04 1.401849e-18 1.000000e+25 
2.825000e+04 1.436686e-18 1.000000e+25 
2.850000e+04 1.471819e-18 1.000000e+25 
2.875000e+04 1.505823e-18 1.000000e+25 
2.900000e+04 1.540216e-18 1.000000e+25 
2.925000e+04 1.573118e-18 1.000000e+25 
2.950000e+04 1.606627e-18 1.000000e+25 
2.975000e+04 1.638944e-18 1.000000e+25 
3.000000e+04 1.672407e-18 1.000000e+25 
3.025000e+04 1.704484e-18 1.000000e+25 
3.050000e+04 1.737926e-18 1.000000e+25 
3.075000e+04 1.771754e-18 1.000000e+25 
3.100000e+04 1.809719e-18 1.000000e+25 
3.125000e+04 1.850386e-18 1.000000e+25 
3.150000e+04 1.891587e-18 1.000000e+25 
3.175000e+04 1.920651e-18 1.000000e+25 
3.200000e+04 1.958777e-18 1.000000e+25 
3.225000e+04 2.063104e-18 1.000000e+25 
3.250000e+04 2.059566e-18 1.000000e+25 
3.275000e+04 2.421090e-18 1.000000e+25 
3.300000e+04 3.260840e-18 9.509807e+24 
3.325000e+04 8.882208e-18 3.811972e+24 
3.350000e+04 1.551944e-17 2.272131e+24 
3.375000e+04 3.966867e-17 9.130554e+23 
3.400000e+04 6.851887e-17 5.168280e+23 
3.425000e+04 1.673876e-16 2.151711e+23 
3.450000e+04 2.850793e-16 1.234644e+23 
3.475000e+04 6.441728e-16 5.505802e+22 
3.500000e+04 1.074681e-15 3.227863e+22 
3.525000e+04 2.171283e-15 1.596105e+22 
3.550000e+04 3.473073e-15 9.780913e+21 
3.575000e+04 6.040541e-15 5.564918e+21 
3.600000e+04 8.981348e-15 3.671793e+21 
3.625000e+04 1.287616e-14 2.507795e+21 
3.650000e+04 1.692116e-14 1.869010e+21 
3.675000e+04 1.901693e-14 1.611125e+21 
3.700000e+04 2.032514e-14 1.468865e+21 
3.725000e+04 1.697262e-14 1.692585e+21 
3.750000e+04 1.274329e-14 2.179587e+21 
3.775000e+04 7.557706e-15 3.547164e+21 
3.800000e+04 2.908820e-15 8.786281e+21 
3.825000e+04 1.340065e-15 1.928468e+22 
3.850000e+04 1.707511e-16 1.439471e+23 
3.875000e+04 1.337658e-16 2.056662e+23 
3.900000e+04 6.621580e-17 4.446080e+23 
3.925000e+04 5.087571e-17 5.633291e+23 
3.950000e+04 3.253829e-17 8.361140e+23 
3.975000e+04 2.965071e-17 9.352179e+23 
4.000000e+04 2.660204e-17 1.046131e+24 
4.025000e+04 2.965071e-17 9.352179e+23 
4.050000e+04 3.253829e-17 8.361140e+23 
4.075000e+04 5.087571e-17 5.633291e+23 
4.100000e+04 6.621580e-17 4.446080e+23 
4.125000e+04 1.337658e-16 2.056662e+23 
4.150000e+04 1.707511e-16 1.439471e+23 
4.175000e+04 1.340065e-15 1.928468e+22 
4.200000e+04 2.908820e-15 8.786281e+21 
4.225000e+04 7.557706e-15 3.547164e+21 
4.250000e+04 1.274329e-14 2.179587e+21 
4.275000e+04 1.697262e-14 1.692585e+21 
4.300000e+04 2.032514e-14 1.468865e+21 
4.325000e+04 1.901693e-14 1.611125e+21 
4.350000e+04 1.692116e-14 1.869010e+21 
4.375000e+04 1.287616e-14 2.507795e+21 
4.400000e+04 8.981348e-15 3.671793e+21 
4.425000e+04 6.040541e-15 5.564918e+21 
4.450000e+04 3.473073e-15 9.780913e+21 
4.475000e+04 2.171283e-15 1.596105e+22 
4.500000e+04 1.074681e-15 3.227863e+22 
4.525000e+04 6.441728e-16 5.505802e+22 
4.550000e+04 2.850793e-16 1.234644e+23 
4.575000e+04 1.673876e-16 2.151711e+23 
4.600000e+04 6.851887e-17 5.168280e+23 
4.625000e+04 3.966867e-17 9.130554e+23 
4.650000e+04 1.551944e-17 2.272131e+24 
4.675000e+04 8.882208e-18 3.811972e+24 
4.700000e+04 3.260840e-18 9.509807e+24 
4.725000e+04 2.421090e-18 1.000000e+25 
4.750000e+04 2.059566e-18 1.000000e+25 
4.775000e+04 2.063104e-18 1.000000e+25 
4.800000e+04 1.958777e-18 1.000000e+25 
4.825000e+04 1.920651e-18 1.000000e+25 
4.850000e+04 1.891587e-18 1.000000e+25 
4.875000e+04 1.850386e-18 1.000000e+25 
4.900000e+04 1.809719e-18 1.000000e+25 
4.925000e+04 1.771754e-18 1.000000e+25 
4.950000e+04 1.737926e-18 1.000000e+25 
4.975000e+04 1.704484e-18 1.000000e+25 
5.000000e+04 1.672407e-18 1.000000e+25 
5.025000e+04 1.638944e-18 1.000000e+25 
5.050000e+04 1.606627e-18 1.000000e+25 
5.075000e+04 1.573118e-18 1.000000e+25 
5.100000e+04 1.540216e-18 1.000000e+25 
5.125000e+04 1.505823e-18 1.000000e+25 
5.150000e+04 1.471819e-18 1.000000e+25 
5.175000e+04 1.436686e-18 1.000000e+25 
5.200000e+04 1.401849e-18 1.000000e+25 
5.225000e+04 1.366371e-18 1.000000e+25 
5.250000e+04 1.331196e-18 1.000000e+25 
5.275000e+04 1.296009e-18 1.000000e+25 
5.300000e+04 1.261195e-18 1.000000e+25 
5.325000e+04 1.227011e-18 1.000000e+25 
5.350000e+04 1.193299e-18 1.000000e+25 
5.375000e+04 1.160791e-18 1.000000e+25 
5.400000e+04 1.128853e-18 1.000000e+25 
5.425000e+04 1.098545e-18 1.000000e+25 
5.450000e+04 1.068879e-18 1.000000e+25 
5.475000e+04 1.041072e-18 1.000000e+25 
5.500000e+04 1.013933e-18 1.000000e+25 
5.525000e+04 9.886746e-19 1.000000e+25 
5.550000e+04 9.640627e-19 1.000000e+25 
5.575000e+04 9.411835e-19 1.000000e+25 
5.600000e+04 9.188904e-19 1.000000e+25 
5.625000e+04 8.980851e-19 1.000000e+25 
5.650000e+04 8.777886e-19 1.000000e+25 
5.675000e+04 8.587107e-19 1.000000e+25 
5.700000e+04 8.400663e-19 1.000000e+25 
5.725000e+04 8.223963e-19 1.000000e+25 
5.750000e+04 8.050957e-19 1.000000e+25 
5.775000e+04 7.885683e-19 1.000000e+25 
5.800000e+04 7.723587e-19 1.000000e+25 
5.825000e+04 7.567636e-19 1.000000e+25 
5.850000e+04 7.414447e-19 1.000000e+25 
5.875000e+04 7.266186e-19 1.000000e+25 
5.900000e+04 7.120356e-19 1.000000e+25 
5.925000e+04 6.978583e-19 1.000000e+25 
5.950000e+04 6.839001e-19 1.000000e+25 
5.975000e+04 6.702951e-19 1.000000e+25 
6.000000e+04 6.568949e-19 1.000000e+25 
6.025000e+04 6.438275e-19 1.000000e+25 
6.050000e+04 6.309588e-19 1.000000e+25 
6.075000e+04 6.184247e-19 1.000000e+25 
6.100000e+04 6.060879e-19 1.000000e+25 
6.125000e+04 5.940962e-19 1.000000e+25 
6.150000e+04 5.823013e-19 1.000000e+25 
6.175000e+04 5.708592e-19 1.000000e+25 
6.200000e+04 5.596117e-19 1.000000e+25 
6.225000e+04 5.487147e-19 1.000000e+25 
6.250000e+04 5.380069e-19 1.000000e+25 
6.275000e+04 5.276366e-19 1.000000e+25 
6.300000e+04 5.174472e-19 1.000000e+25 
6.325000e+04 5.075733e-19 1.000000e+25 
6.350000e+04 4.978700e-19 1.000000e+25 
6.375000e+04 4.884552e-19 1.000000e+25 
6.400000e+04 4.791996e-19 1.000000e+25 
6.425000e+04 4.702048e-19 1.000000e+25 
6.450000e+04 4.613580e-19 1.000000e+25 
6.475000e+04 4.527471e-19 1.000000e+25 
6.500000e+04 4.442743e-19 1.000000e+25 
6.525000e+04 4.360178e-19 1.000000e+25 
6.550000e+04 4.278910e-19 1.000000e+25 
6.575000e+04 4.199671e-19 1.000000e+25 
6.600000e+04 4.121660e-19 1.000000e+25 
6.625000e+04 4.045590e-19 1.000000e+25 
6.650000e+04 3.970694e-19 1.000000e+25 
6.675000e+04 3.897684e-19 1.000000e+25 
6.700000e+04 3.825799e-19 1.000000e+25 
6.725000e+04 3.755766e-19 1.000000e+25 
6.750000e+04 3.686818e-19 1.000000e+25 
6.775000e+04 3.619706e-19 1.000000e+25 
6.800000e+04 3.553647e-19 1.000000e+25 
6.825000e+04 3.489427e-19 1.000000e+25 
6.850000e+04 3.426236e-19 1.000000e+25 
6.875000e+04 3.364900e-19 1.000000e+25 
6.900000e+04 3.304576e-19 1.000000e+25 
6.925000e+04 3.246126e-19 1.000000e+25 
6.950000e+04 3.188675e-19 1.000000e+25 
6.975000e+04 3.133110e-19 1.000000e+25 
7.000000e+04 3.078530e-19 1.000000e+25 
7.025000e+04 3.025831e-19 1.000000e+25 
7.050000e+04 2.974101e-19 1.000000e+25 
7.075000e+04 2.924234e-19 1.000000e+25 
7.100000e+04 2.875320e-19 1.000000e+25 
7.125000e+04 2.828235e-19 1.000000e+25 
7.150000e+04 2.782089e-19 1.000000e+25 
7.175000e+04 2.737735e-19 1.000000e+25 
7.200000e+04 2.694305e-19 1.000000e+25 
7.225000e+04 2.652628e-19 1.000000e+25 
7.250000e+04 2.611867e-19 1.000000e+25 
7.275000e+04 2.572823e-19 1.000000e+25 
7.300000e+04 2.534688e-19 1.000000e+25 
7.325000e+04 2.498242e-19 1.000000e+25 
7.350000e+04 2.462703e-19 1.000000e+25 
7.375000e+04 2.428833e-19 1.000000e+25 
7.400000e+04 2.395873e-19 1.000000e+25 
7.425000e+04 2.364568e-19 1.000000e+25 
7.450000e+04 2.334179e-19 1.000000e+25 
7.475000e+04 2.305439e-19 1.000000e+25 
7.500000e+04 2.277624e-19 1.000000e+25 
7.525000e+04 2.251459e-19 1.000000e+25 
7.550000e+04 2.226231e-19 1.000000e+25 
7.575000e+04 2.202659e-19 1.000000e+25 
7.600000e+04 2.180037e-19 1.000000e+25 
7.625000e+04 2.159080e-19 1.000000e+25 
7.650000e+04 2.139090e-19 1.000000e+25 
7.675000e+04 2.120775e-19 1.000000e+25 
7.700000e+04 2.103443e-19 1.000000e+25 
7.725000e+04 2.087800e-19 1.000000e+25 
7.750000e+04 2.073155e-19 1.000000e+25 
7.775000e+04 2.060212e-19 1.000000e+25 
7.800000e+04 2.048282e-19 1.000000e+25 
7.825000e+04 2.038066e-19 1.000000e+25 
7.850000e+04 2.028875e-19 1.000000e+25 
7.875000e+04 2.021410e-19 1.000000e+25 
7.900000e+04 2.014979e-19 1.000000e+25 
7.925000e+04 2.010283e-19 1.000000e+25 
7.950000e+04 2.006628e-19 1.000000e+25 
7.975000e+04 2.004712e-19 1.000000e+25 
8.000000e+04 2.003842e-19 1.000000e+25 
