0.000000e+00 1.859930e-19 1.000000e+25 
2.500000e+02 1.860731e-19 1.000000e+25 
5.000000e+02 1.862501e-19 1.000000e+25 
7.500000e+02 1.865872e-19 1.000000e+25 
1.000000e+03 1.870208e-19 1.000000e+25 
1.250000e+03 1.876141e-19 1.000000e+25 
1.500000e+03 1.883032e-19 1.000000e+25 
1.750000e+03 1.891512e-19 1.000000e+25 
2.000000e+03 1.900942e-19 1.000000e+25 
2.250000e+03 1.911950e-19 1.000000e+25 
2.500000e+03 1.923897e-19 1.000000e+25 
2.750000e+03 1.937411e-19 1.000000e+25 
3.000000e+03 1.951850e-19 1.000000e+25 
3.250000e+03 1.967843e-19 1.000000e+25 
3.500000e+03 1.984747e-19 1.000000e+25 
3.750000e+03 2.003192e-19 1.000000e+25 
4.000000e+03 2.022533e-19 1.000000e+25 
4.250000e+03 2.043402e-19 1.000000e+25 
4.500000e+03 2.065153e-19 1.000000e+25 
4.750000e+03 2.088420e-19 1.000000e+25 
5.000000e+03 2.112557e-19 1.000000e+25 
5.250000e+03 2.138201e-19 1.000000e+25 
5.500000e+03 2.164703e-19 1.000000e+25 
5.750000e+03 2.192705e-19 1.000000e+25 
6.000000e+03 2.221556e-19 1.000000e+25 
6.250000e+03 2.251906e-19 1.000000e+25 
6.500000e+03 2.283098e-19 1.000000e+25 
6.750000e+03 2.315794e-19 1.000000e+25 
7.000000e+03 2.349326e-19 1.000000e+25 
7.250000e+03 2.384374e-19 1.000000e+25 
7.500000e+03 2.420257e-19 1.000000e+25 
7.750000e+03 2.457673e-19 1.000000e+25 
8.000000e+03 2.495928e-19 1.000000e+25 
8.250000e+03 2.535742e-19 1.000000e+25 
8.500000e+03 2.576402e-19 1.000000e+25 
8.750000e+03 2.618654e-19 1.000000e+25 
9.000000e+03 2.661764e-19 1.000000e+25 
9.250000e+03 2.706507e-19 1.000000e+25 
9.500000e+03 2.752123e-19 1.000000e+25 
9.750000e+03 2.799418e-19 1.000000e+25 
1.000000e+04 2.847605e-19 1.000000e+25 
1.025000e+04 2.897519e-19 1.000000e+25 
1.050000e+04 2.948346e-19 1.000000e+25 
1.075000e+04 3.000945e-19 1.000000e+25 
1.100000e+04 3.054478e-19 1.000000e+25 
1.125000e+04 3.109818e-19 1.000000e+25 
1.150000e+04 3.166112e-19 1.000000e+25 
1.175000e+04 3.224235e-19 1.000000e+25 
1.200000e+04 3.283328e-19 1.000000e+25 
1.225000e+04 3.344252e-19 1.000000e+25 
1.250000e+04 3.406163e-19 1.000000e+25 
1.275000e+04 3.469894e-19 1.000000e+25 
1.300000e+04 3.534627e-19 1.000000e+25 
1.325000e+04 3.601164e-19 1.000000e+25 
1.350000e+04 3.668724e-19 1.000000e+25 
1.375000e+04 3.738083e-19 1.000000e+25 
1.400000e+04 3.808491e-19 1.000000e+25 
1.425000e+04 3.880715e-19 1.000000e+25 
1.450000e+04 3.954025e-19 1.000000e+25 
1.475000e+04 4.029194e-19 1.000000e+25 
1.500000e+04 4.105496e-19 1.000000e+25 
1.525000e+04 4.183728e-19 1.000000e+25 
1.550000e+04 4.263148e-19 1.000000e+25 
1.575000e+04 4.344604e-19 1.000000e+25 
1.600000e+04 4.427311e-19 1.000000e+25 
1.625000e+04 4.512199e-19 1.000000e+25 
1.650000e+04 4.598414e-19 1.000000e+25 
1.675000e+04 4.686998e-19 1.000000e+25 
1.700000e+04 4.776995e-19 1.000000e+25 
1.725000e+04 4.869597e-19 1.000000e+25 
1.750000e+04 4.963709e-19 1.000000e+25 
1.775000e+04 5.060711e-19 1.000000e+25 
1.800000e+04 5.159330e-19 1.000000e+25 
1.825000e+04 5.261180e-19 1.000000e+25 
1.850000e+04 5.364771e-19 1.000000e+25 
1.875000e+04 5.472011e-19 1.000000e+25 
1.900000e+04 5.581138e-19 1.000000e+25 
1.925000e+04 5.694443e-19 1.000000e+25 
1.950000e+04 5.809821e-19 1.000000e+25 
1.975000e+04 5.930068e-19 1.000000e+25 
2.000000e+04 6.052627e-19 1.000000e+25 
2.025000e+04 6.180958e-19 1.000000e+25 
2.050000e+04 6.311915e-19 1.000000e+25 
2.075000e+04 6.449786e-19 1.000000e+25 
2.100000e+04 6.590673e-19 1.000000e+25 
2.125000e+04 6.739812e-19 1.000000e+25 
2.150000e+04 6.892411e-19 1.000000e+25 
2.175000e+04 7.054634e-19 1.000000e+25 
2.200000e+04 7.220754e-19 1.000000e+25 
2.225000e+04 7.397634e-19 1.000000e+25 
2.250000e+04 7.578761e-19 1.000000e+25 
2.275000e+04 7.771215e-19 1.000000e+25 
2.300000e+04 7.968106e-19 1.000000e+25 
2.325000e+04 8.176051e-19 1.000000e+25 
2.350000e+04 8.388438e-19 1.000000e+25 
2.375000e+04 8.610670e-19 1.000000e+25 
2.400000e+04 8.837208e-19 1.000000e+25 
2.425000e+04 9.071581e-19 1.000000e+25 
2.450000e+04 9.310100e-19 1.000000e+25 
2.475000e+04 9.553975e-19 1.000000e+25 
2.500000e+04 9.801961e-19 1.000000e+25 
2.525000e+04 1.005280e-18 1.000000e+25 
2.550000e+04 1.030799e-18 1.000000e+25 
2.575000e+04 1.056394e-18 1.000000e+25 
2.600000e+04 1.082490e-18 1.000000e+25 
2.625000e+04 1.108533e-18 1.000000e+25 
2.650000e+04 1.135190e-18 1.000000e+25 
2.675000e+04 1.161776e-18 1.000000e+25 
2.700000e+04 1.189149e-18 1.000000e+25 
2.725000e+04 1.216540e-18 1.000000e+25 
2.750000e+04 1.244947e-18 1.000000e+25 
2.775000e+04 1.273542e-18 1.000000e+25 
2.800000e+04 1.303436e-18 1.000000e+25 
2.825000e+04 1.333858e-18 1.000000e+25 
2.850000e+04 1.365992e-18 1.000000e+25 
2.875000e+04 1.398811e-18 1.000000e+25 
2.900000e+04 1.433647e-18 1.000000e+25 
2.925000e+04 1.469086e-18 1.000000e+25 
2.950000e+04 1.506878e-18 1.000000e+25 
2.975000e+04 1.546088e-18 1.000000e+25 
3.000000e+04 1.589201e-18 1.000000e+25 
3.025000e+04 1.633690e-18 1.000000e+25 
3.050000e+04 1.682752e-18 1.000000e+25 
3.075000e+04 1.713217e-18 1.000000e+25 
3.100000e+04 1.734916e-18 1.000000e+25 
3.125000e+04 1.810846e-18 1.000000e+25 
3.150000e+04 1.895148e-18 1.000000e+25 
3.175000e+04 1.910969e-18 1.000000e+25 
3.200000e+04 2.016588e-18 1.000000e+25 
3.225000e+04 5.299611e-18 6.069563e+24 
3.250000e+04 9.913969e-18 3.206172e+24 
3.275000e+04 2.277760e-17 1.398052e+24 
3.300000e+04 3.959539e-17 7.987939e+23 
3.325000e+04 8.641038e-17 3.660725e+23 
3.350000e+04 1.472284e-16 2.136690e+23 
3.375000e+04 3.036459e-16 1.034007e+23 
3.400000e+04 5.041971e-16 6.194629e+22 
3.425000e+04 9.703358e-16 3.204420e+22 
3.450000e+04 1.555489e-15 1.986736e+22 
3.475000e+04 2.745953e-15 1.117239e+22 
3.500000e+04 4.192172e-15 7.260297e+21 
3.525000e+04 6.646704e-15 4.528760e+21 
3.550000e+04 9.474217e-15 3.141595e+21 
3.575000e+04 1.313882e-14 2.228589e+21 
3.600000e+04 1.697308e-14 1.696706e+21 
3.625000e+04 1.994596e-14 1.409467e+21 
3.650000e+04 2.238022e-14 1.225395e+21 
3.675000e+04 2.153552e-14 1.230139e+21 
3.700000e+04 1.974721e-14 1.294103e+21 
3.725000e+04 1.481596e-14 1.659056e+21 
3.750000e+04 9.396060e-15 2.512351e+21 
3.775000e+04 4.981264e-15 4.598422e+21 
3.800000e+04 1.364710e-15 1.627857e+22 
3.825000e+04 5.594078e-16 3.758431e+22 
3.850000e+04 4.521913e-17 5.251219e+23 
3.875000e+04 1.529816e-17 1.582415e+24 
3.900000e+04 2.624448e-18 1.000000e+25 
3.925000e+04 2.176005e-18 1.000000e+25 
3.950000e+04 1.818480e-18 1.000000e+25 
3.975000e+04 1.909838e-18 1.000000e+25 
4.000000e+04 1.884803e-18 1.000000e+25 
4.025000e+04 1.909838e-18 1.000000e+25 
4.050000e+04 1.818480e-18 1.000000e+25 
4.075000e+04 2.176005e-18 1.000000e+25 
4.100000e+04 2.624448e-18 1.000000e+25 
4.125000e+04 1.529816e-17 1.582415e+24 
4.150000e+04 4.521913e-17 5.251219e+23 
4.175000e+04 5.594078e-16 3.758431e+22 
4.200000e+04 1.364710e-15 1.627857e+22 
4.225000e+04 4.981264e-15 4.598422e+21 
4.250000e+04 9.396060e-15 2.512351e+21 
4.275000e+04 1.481596e-14 1.659056e+21 
4.300000e+04 1.974721e-14 1.294103e+21 
4.325000e+04 2.153552e-14 1.230139e+21 
4.350000e+04 2.238022e-14 1.225395e+21 
4.375000e+04 1.994596e-14 1.409467e+21 
4.400000e+04 1.697308e-14 1.696706e+21 
4.425000e+04 1.313882e-14 2.228589e+21 
4.450000e+04 9.474217e-15 3.141595e+21 
4.475000e+04 6.646704e-15 4.528760e+21 
4.500000e+04 4.192172e-15 7.260297e+21 
4.525000e+04 2.745953e-15 1.117239e+22 
4.550000e+04 1.555489e-15 1.986736e+22 
4.575000e+04 9.703358e-16 3.204420e+22 
4.600000e+04 5.041971e-16 6.194629e+22 
4.625000e+04 3.036459e-16 1.034007e+23 
4.650000e+04 1.472284e-16 2.136690e+23 
4.675000e+04 8.641038e-17 3.660725e+23 
4.700000e+04 3.959539e-17 7.987939e+23 
4.725000e+04 2.277760e-17 1.398052e+24 
4.750000e+04 9.913969e-18 3.206172e+24 
4.775000e+04 5.299611e-18 6.069563e+24 
4.800000e+04 2.016588e-18 1.000000e+25 
4.825000e+04 1.910969e-18 1.000000e+25 
4.850000e+04 1.895148e-18 1.000000e+25 
4.875000e+04 1.810846e-18 1.000000e+25 
4.900000e+04 1.734916e-18 1.000000e+25 
4.925000e+04 1.713217e-18 1.000000e+25 
4.950000e+04 1.682752e-18 1.000000e+25 
4.975000e+04 1.633690e-18 1.000000e+25 
5.000000e+04 1.589201e-18 1.000000e+25 
5.025000e+04 1.546088e-18 1.000000e+25 
5.050000e+04 1.506878e-18 1.000000e+25 
5.075000e+04 1.469086e-18 1.000000e+25 
5.100000e+04 1.433647e-18 1.000000e+25 
5.125000e+04 1.398811e-18 1.000000e+25 
5.150000e+04 1.365992e-18 1.000000e+25 
5.175000e+04 1.333858e-18 1.000000e+25 
5.200000e+04 1.303436e-18 1.000000e+25 
5.225000e+04 1.273542e-18 1.000000e+25 
5.250000e+04 1.244947e-18 1.000000e+25 
5.275000e+04 1.216540e-18 1.000000e+25 
5.300000e+04 1.189149e-18 1.000000e+25 
5.325000e+04 1.161776e-18 1.000000e+25 
5.350000e+04 1.135190e-18 1.000000e+25 
5.375000e+04 1.108533e-18 1.000000e+25 
5.400000e+04 1.082490e-18 1.000000e+25 
5.425000e+04 1.056394e-18 1.000000e+25 
5.450000e+04 1.030799e-18 1.000000e+25 
5.475000e+04 1.005280e-18 1.000000e+25 
5.500000e+04 9.801961e-19 1.000000e+25 
5.525000e+04 9.553975e-19 1.000000e+25 
5.550000e+04 9.310100e-19 1.000000e+25 
5.575000e+04 9.071581e-19 1.000000e+25 
5.600000e+04 8.837208e-19 1.000000e+25 
5.625000e+04 8.610670e-19 1.000000e+25 
5.650000e+04 8.388438e-19 1.000000e+25 
5.675000e+04 8.176051e-19 1.000000e+25 
5.700000e+04 7.968106e-19 1.000000e+25 
5.725000e+04 7.771215e-19 1.000000e+25 
5.750000e+04 7.578761e-19 1.000000e+25 
5.775000e+04 7.397634e-19 1.000000e+25 
5.800000e+04 7.220754e-19 1.000000e+25 
5.825000e+04 7.054634e-19 1.000000e+25 
5.850000e+04 6.892411e-19 1.000000e+25 
5.875000e+04 6.739812e-19 1.000000e+25 
5.900000e+04 6.590673e-19 1.000000e+25 
5.925000e+04 6.449786e-19 1.000000e+25 
5.950000e+04 6.311915e-19 1.000000e+25 
5.975000e+04 6.180958e-19 1.000000e+25 
6.000000e+04 6.052627e-19 1.000000e+25 
6.025000e+04 5.930068e-19 1.000000e+25 
6.050000e+04 5.809821e-19 1.000000e+25 
6.075000e+04 5.694443e-19 1.000000e+25 
6.100000e+04 5.581138e-19 1.000000e+25 
6.125000e+04 5.472011e-19 1.000000e+25 
6.150000e+04 5.364771e-19 1.000000e+25 
6.175000e+04 5.261180e-19 1.000000e+25 
6.200000e+04 5.159330e-19 1.000000e+25 
6.225000e+04 5.060711e-19 1.000000e+25 
6.250000e+04 4.963709e-19 1.000000e+25 
6.275000e+04 4.869597e-19 1.000000e+25 
6.300000e+04 4.776995e-19 1.000000e+25 
6.325000e+04 4.686998e-19 1.000000e+25 
6.350000e+04 4.598414e-19 1.000000e+25 
6.375000e+04 4.512199e-19 1.000000e+25 
6.400000e+04 4.427311e-19 1.000000e+25 
6.425000e+04 4.344604e-19 1.000000e+25 
6.450000e+04 4.263148e-19 1.000000e+25 
6.475000e+04 4.183728e-19 1.000000e+25 
6.500000e+04 4.105496e-19 1.000000e+25 
6.525000e+04 4.029194e-19 1.000000e+25 
6.550000e+04 3.954025e-19 1.000000e+25 
6.575000e+04 3.880715e-19 1.000000e+25 
6.600000e+04 3.808491e-19 1.000000e+25 
6.625000e+04 3.738083e-19 1.000000e+25 
6.650000e+04 3.668724e-19 1.000000e+25 
6.675000e+04 3.601164e-19 1.000000e+25 
6.700000e+04 3.534627e-19 1.000000e+25 
6.725000e+04 3.469894e-19 1.000000e+25 
6.750000e+04 3.406163e-19 1.000000e+25 
6.775000e+04 3.344252e-19 1.000000e+25 
6.800000e+04 3.283328e-19 1.000000e+25 
6.825000e+04 3.224235e-19 1.000000e+25 
6.850000e+04 3.166112e-19 1.000000e+25 
6.875000e+04 3.109818e-19 1.000000e+25 
6.900000e+04 3.054478e-19 1.000000e+25 
6.925000e+04 3.000945e-19 1.000000e+25 
6.950000e+04 2.948346e-19 1.000000e+25 
6.975000e+04 2.897519e-19 1.000000e+25 
7.000000e+04 2.847605e-19 1.000000e+25 
7.025000e+04 2.799418e-19 1.000000e+25 
7.050000e+04 2.752123e-19 1.000000e+25 
7.075000e+04 2.706507e-19 1.000000e+25 
7.100000e+04 2.661764e-19 1.000000e+25 
7.125000e+04 2.618654e-19 1.000000e+25 
7.150000e+04 2.576402e-19 1.000000e+25 
7.175000e+04 2.535742e-19 1.000000e+25 
7.200000e+04 2.495928e-19 1.000000e+25 
7.225000e+04 2.457673e-19 1.000000e+25 
7.250000e+04 2.420257e-19 1.000000e+25 
7.275000e+04 2.384374e-19 1.000000e+25 
7.300000e+04 2.349326e-19 1.000000e+25 
7.325000e+04 2.315794e-19 1.000000e+25 
7.350000e+04 2.283098e-19 1.000000e+25 
7.375000e+04 2.251906e-19 1.000000e+25 
7.400000e+04 2.221556e-19 1.000000e+25 
7.425000e+04 2.192705e-19 1.000000e+25 
7.450000e+04 2.164703e-19 1.000000e+25 
7.475000e+04 2.138201e-19 1.000000e+25 
7.500000e+04 2.112557e-19 1.000000e+25 
7.525000e+04 2.088420e-19 1.000000e+25 
7.550000e+04 2.065153e-19 1.000000e+25 
7.575000e+04 2.043402e-19 1.000000e+25 
7.600000e+04 2.022533e-19 1.000000e+25 
7.625000e+04 2.003192e-19 1.000000e+25 
7.650000e+04 1.984747e-19 1.000000e+25 
7.675000e+04 1.967843e-19 1.000000e+25 
7.700000e+04 1.951850e-19 1.000000e+25 
7.725000e+04 1.937411e-19 1.000000e+25 
7.750000e+04 1.923897e-19 1.000000e+25 
7.775000e+04 1.911950e-19 1.000000e+25 
7.800000e+04 1.900942e-19 1.000000e+25 
7.825000e+04 1.891512e-19 1.000000e+25 
7.850000e+04 1.883032e-19 1.000000e+25 
7.875000e+04 1.876141e-19 1.000000e+25 
7.900000e+04 1.870208e-19 1.000000e+25 
7.925000e+04 1.865872e-19 1.000000e+25 
7.950000e+04 1.862501e-19 1.000000e+25 
7.975000e+04 1.860731e-19 1.000000e+25 
8.000000e+04 1.859930e-19 1.000000e+25 
