0.000000e+00 1.619170e-17 3.088002e+23 
1.562500e+02 1.620813e-17 3.084872e+23 
3.125000e+02 1.623968e-17 3.078878e+23 
4.687500e+02 1.630413e-17 3.066708e+23 
6.250000e+02 1.638363e-17 3.051827e+23 
7.812500e+02 1.649616e-17 3.031008e+23 
9.375000e+02 1.662364e-17 3.007765e+23 
1.093750e+03 1.678444e-17 2.978950e+23 
1.250000e+03 1.696006e-17 2.948102e+23 
1.406250e+03 1.716951e-17 2.912138e+23 
1.562500e+03 1.739367e-17 2.874610e+23 
1.718750e+03 1.765234e-17 2.832486e+23 
1.875000e+03 1.792559e-17 2.789309e+23 
2.031250e+03 1.823413e-17 2.742110e+23 
2.187500e+03 1.855711e-17 2.694385e+23 
2.343750e+03 1.891609e-17 2.643252e+23 
2.500000e+03 1.928932e-17 2.592108e+23 
2.656250e+03 1.969902e-17 2.538197e+23 
2.812500e+03 2.012272e-17 2.484753e+23 
2.968750e+03 2.058302e-17 2.429187e+23 
3.125000e+03 2.105702e-17 2.374505e+23 
3.281250e+03 2.156736e-17 2.318318e+23 
3.437500e+03 2.209106e-17 2.263359e+23 
3.593750e+03 2.265050e-17 2.207457e+23 
3.750000e+03 2.322297e-17 2.153041e+23 
3.906250e+03 2.383030e-17 2.098169e+23 
4.062500e+03 2.445038e-17 2.044958e+23 
4.218750e+03 2.510430e-17 1.991691e+23 
4.375000e+03 2.577074e-17 1.940185e+23 
4.531250e+03 2.646997e-17 1.888933e+23 
4.687500e+03 2.718160e-17 1.839480e+23 
4.843750e+03 2.792505e-17 1.790507e+23 
5.000000e+03 2.868086e-17 1.743323e+23 
5.156250e+03 2.946767e-17 1.696775e+23 
5.312500e+03 3.026692e-17 1.651969e+23 
5.468750e+03 3.109655e-17 1.607895e+23 
5.625000e+03 3.193879e-17 1.565495e+23 
5.781250e+03 3.281102e-17 1.523878e+23 
5.937500e+03 3.369614e-17 1.483849e+23 
6.093750e+03 3.461111e-17 1.444623e+23 
6.250000e+03 3.553932e-17 1.406892e+23 
6.406250e+03 3.649746e-17 1.369958e+23 
6.562500e+03 3.746931e-17 1.334425e+23 
6.718750e+03 3.847140e-17 1.299667e+23 
6.875000e+03 3.948771e-17 1.266217e+23 
7.031250e+03 4.053481e-17 1.233508e+23 
7.187500e+03 4.159672e-17 1.202018e+23 
7.343750e+03 4.269014e-17 1.171231e+23 
7.500000e+03 4.379905e-17 1.141577e+23 
7.656250e+03 4.494038e-17 1.112585e+23 
7.812500e+03 4.609793e-17 1.084647e+23 
7.968750e+03 4.728901e-17 1.057328e+23 
8.125000e+03 4.849709e-17 1.030990e+23 
8.281250e+03 4.973998e-17 1.005228e+23 
8.437500e+03 5.100071e-17 9.803786e+22 
8.593750e+03 5.229768e-17 9.560654e+22 
8.750000e+03 5.361341e-17 9.326025e+22 
8.906250e+03 5.496698e-17 9.096371e+22 
9.062500e+03 5.634028e-17 8.874644e+22 
9.218750e+03 5.775318e-17 8.657532e+22 
9.375000e+03 5.918687e-17 8.447820e+22 
9.531250e+03 6.066205e-17 8.242386e+22 
9.687500e+03 6.215914e-17 8.043869e+22 
9.843750e+03 6.369981e-17 7.849318e+22 
1.000000e+04 6.526358e-17 7.661241e+22 
1.015625e+04 6.687316e-17 7.476842e+22 
1.031250e+04 6.850712e-17 7.298511e+22 
1.046875e+04 7.018931e-17 7.123592e+22 
1.062500e+04 7.189725e-17 6.954369e+22 
1.078125e+04 7.365601e-17 6.788313e+22 
1.093750e+04 7.544197e-17 6.627611e+22 
1.109375e+04 7.728153e-17 6.469852e+22 
1.125000e+04 7.914986e-17 6.317131e+22 
1.140625e+04 8.107475e-17 6.167148e+22 
1.156250e+04 8.303010e-17 6.021913e+22 
1.171875e+04 8.504520e-17 5.879227e+22 
1.187500e+04 8.709253e-17 5.741021e+22 
1.203125e+04 8.920303e-17 5.605191e+22 
1.218750e+04 9.134768e-17 5.473593e+22 
1.234375e+04 9.355915e-17 5.344212e+22 
1.250000e+04 9.580681e-17 5.218836e+22 
1.265625e+04 9.812522e-17 5.095530e+22 
1.281250e+04 1.004820e-16 4.976016e+22 
1.296875e+04 1.029137e-16 4.858440e+22 
1.312500e+04 1.053861e-16 4.744457e+22 
1.328125e+04 1.079380e-16 4.632290e+22 
1.343750e+04 1.105331e-16 4.523533e+22 
1.359375e+04 1.132123e-16 4.416480e+22 
1.375000e+04 1.159376e-16 4.312666e+22 
1.390625e+04 1.187521e-16 4.210451e+22 
1.406250e+04 1.216155e-16 4.111316e+22 
1.421875e+04 1.245738e-16 4.013686e+22 
1.437500e+04 1.275840e-16 3.918988e+22 
1.453125e+04 1.306948e-16 3.825706e+22 
1.468750e+04 1.338610e-16 3.735217e+22 
1.484375e+04 1.371341e-16 3.646065e+22 
1.500000e+04 1.404662e-16 3.559574e+22 
1.515625e+04 1.439119e-16 3.474347e+22 
1.531250e+04 1.474205e-16 3.391659e+22 
1.546875e+04 1.510498e-16 3.310166e+22 
1.562500e+04 1.547462e-16 3.231098e+22 
1.578125e+04 1.585709e-16 3.153163e+22 
1.593750e+04 1.624672e-16 3.077544e+22 
1.609375e+04 1.665001e-16 3.003001e+22 
1.625000e+04 1.706093e-16 2.930672e+22 
1.640625e+04 1.748638e-16 2.859368e+22 
1.656250e+04 1.791999e-16 2.790181e+22 
1.671875e+04 1.836904e-16 2.721971e+22 
1.687500e+04 1.882682e-16 2.655786e+22 
1.703125e+04 1.930103e-16 2.590535e+22 
1.718750e+04 1.978456e-16 2.527223e+22 
1.734375e+04 2.028557e-16 2.464806e+22 
1.750000e+04 2.079655e-16 2.404245e+22 
1.765625e+04 2.132611e-16 2.344544e+22 
1.781250e+04 2.186634e-16 2.286620e+22 
1.796875e+04 2.242632e-16 2.229523e+22 
1.812500e+04 2.299771e-16 2.174129e+22 
1.828125e+04 2.359009e-16 2.119534e+22 
1.843750e+04 2.419469e-16 2.066569e+22 
1.859375e+04 2.482157e-16 2.014377e+22 
1.875000e+04 2.546152e-16 1.963748e+22 
1.890625e+04 2.612511e-16 1.913867e+22 
1.906250e+04 2.680270e-16 1.865484e+22 
1.921875e+04 2.750535e-16 1.817828e+22 
1.937500e+04 2.822298e-16 1.771606e+22 
1.953125e+04 2.896715e-16 1.726093e+22 
1.968750e+04 2.972735e-16 1.681953e+22 
1.984375e+04 3.051562e-16 1.638505e+22 
2.000000e+04 3.132103e-16 1.596371e+22 
2.015625e+04 3.215609e-16 1.554915e+22 
2.031250e+04 3.300950e-16 1.514715e+22 
2.046875e+04 3.389417e-16 1.475180e+22 
2.062500e+04 3.479845e-16 1.436846e+22 
2.078125e+04 3.573563e-16 1.399164e+22 
2.093750e+04 3.669378e-16 1.362629e+22 
2.109375e+04 3.768649e-16 1.326735e+22 
2.125000e+04 3.870160e-16 1.291936e+22 
2.140625e+04 3.975293e-16 1.257769e+22 
2.156250e+04 4.082818e-16 1.224644e+22 
2.171875e+04 4.194132e-16 1.192142e+22 
2.187500e+04 4.307997e-16 1.160632e+22 
2.203125e+04 4.425815e-16 1.129736e+22 
2.218750e+04 4.546353e-16 1.099782e+22 
2.234375e+04 4.671005e-16 1.070434e+22 
2.250000e+04 4.798556e-16 1.041980e+22 
2.265625e+04 4.930376e-16 1.014122e+22 
2.281250e+04 5.065283e-16 9.871116e+21 
2.296875e+04 5.204611e-16 9.606866e+21 
2.312500e+04 5.347225e-16 9.350644e+21 
2.328125e+04 5.494407e-16 9.100164e+21 
2.343750e+04 5.645083e-16 8.857265e+21 
2.359375e+04 5.800472e-16 8.619989e+21 
2.375000e+04 5.959576e-16 8.389859e+21 
2.390625e+04 6.123538e-16 8.165215e+21 
2.406250e+04 6.291448e-16 7.947296e+21 
2.421875e+04 6.464369e-16 7.734707e+21 
2.437500e+04 6.641486e-16 7.528436e+21 
2.453125e+04 6.823781e-16 7.327316e+21 
2.468750e+04 7.010538e-16 7.132121e+21 
2.484375e+04 7.202670e-16 6.941871e+21 
2.500000e+04 7.399547e-16 6.757170e+21 
2.515625e+04 7.602044e-16 6.577178e+21 
2.531250e+04 7.809596e-16 6.402380e+21 
2.546875e+04 8.023082e-16 6.232019e+21 
2.562500e+04 8.241960e-16 6.066518e+21 
2.578125e+04 8.467187e-16 5.905149e+21 
2.593750e+04 8.698183e-16 5.748327e+21 
2.609375e+04 8.936077e-16 5.595297e+21 
2.625000e+04 9.180160e-16 5.446528e+21 
2.640625e+04 9.431871e-16 5.301175e+21 
2.656250e+04 9.690246e-16 5.159828e+21 
2.671875e+04 9.957202e-16 5.021491e+21 
2.687500e+04 1.023136e-15 4.886934e+21 
2.703125e+04 1.051533e-15 4.754961e+21 
2.718750e+04 1.080713e-15 4.626577e+21 
2.734375e+04 1.111028e-15 4.500337e+21 
2.750000e+04 1.142195e-15 4.377536e+21 
2.765625e+04 1.174689e-15 4.256444e+21 
2.781250e+04 1.208115e-15 4.138679e+21 
2.796875e+04 1.243097e-15 4.022212e+21 
2.812500e+04 1.279098e-15 3.909004e+21 
2.828125e+04 1.316924e-15 3.796727e+21 
2.843750e+04 1.355865e-15 3.687684e+21 
2.859375e+04 1.396932e-15 3.579272e+21 
2.875000e+04 1.439217e-15 3.474111e+21 
2.890625e+04 1.483958e-15 3.369368e+21 
2.906250e+04 1.530021e-15 3.267930e+21 
2.921875e+04 1.578882e-15 3.166798e+21 
2.937500e+04 1.629168e-15 3.069051e+21 
2.953125e+04 1.682591e-15 2.971608e+21 
2.968750e+04 1.737532e-15 2.877644e+21 
2.984375e+04 1.795921e-15 2.784086e+21 
3.000000e+04 1.855907e-15 2.694101e+21 
3.015625e+04 1.919596e-15 2.604714e+21 
3.031250e+04 1.984935e-15 2.518974e+21 
3.046875e+04 2.054152e-15 2.434094e+21 
3.062500e+04 2.125036e-15 2.352901e+21 
3.078125e+04 2.199861e-15 2.272871e+21 
3.093750e+04 2.276327e-15 2.196521e+21 
3.109375e+04 2.356654e-15 2.121652e+21 
3.125000e+04 2.438547e-15 2.050401e+21 
3.140625e+04 2.524053e-15 1.980941e+21 
3.156250e+04 2.610989e-15 1.914983e+21 
3.171875e+04 2.701100e-15 1.851098e+21 
3.187500e+04 2.792443e-15 1.790547e+21 
3.203125e+04 2.886310e-15 1.732315e+21 
3.218750e+04 2.981145e-15 1.677208e+21 
3.234375e+04 3.077629e-15 1.624627e+21 
3.250000e+04 3.174745e-15 1.574930e+21 
3.265625e+04 3.272400e-15 1.527931e+21 
3.281250e+04 3.370281e-15 1.483556e+21 
3.296875e+04 3.467347e-15 1.442025e+21 
3.312500e+04 3.564170e-15 1.402851e+21 
3.328125e+04 3.658576e-15 1.366652e+21 
3.343750e+04 3.752208e-15 1.332549e+21 
3.359375e+04 3.841572e-15 1.301551e+21 
3.375000e+04 3.929580e-15 1.272401e+21 
3.390625e+04 4.011223e-15 1.246503e+21 
3.406250e+04 4.090888e-15 1.222228e+21 
3.421875e+04 4.161849e-15 1.201389e+21 
3.437500e+04 4.230190e-15 1.181980e+21 
3.453125e+04 4.287258e-15 1.166247e+21 
3.468750e+04 4.341061e-15 1.151792e+21 
3.484375e+04 4.380829e-15 1.141337e+21 
3.500000e+04 4.416708e-15 1.132065e+21 
3.515625e+04 4.435656e-15 1.127229e+21 
3.531250e+04 4.450144e-15 1.123559e+21 
3.546875e+04 4.444790e-15 1.124913e+21 
3.562500e+04 4.434489e-15 1.127526e+21 
3.578125e+04 4.401618e-15 1.135946e+21 
3.593750e+04 4.363443e-15 1.145884e+21 
3.609375e+04 4.300460e-15 1.162666e+21 
3.625000e+04 4.231998e-15 1.181475e+21 
3.640625e+04 4.137433e-15 1.208479e+21 
3.656250e+04 4.037464e-15 1.238401e+21 
3.671875e+04 3.911654e-15 1.278232e+21 
3.687500e+04 3.780867e-15 1.322448e+21 
3.703125e+04 3.626839e-15 1.378611e+21 
3.718750e+04 3.468770e-15 1.441433e+21 
3.734375e+04 3.293334e-15 1.518218e+21 
3.750000e+04 3.115577e-15 1.604840e+21 
3.765625e+04 2.930573e-15 1.706151e+21 
3.781250e+04 2.746185e-15 1.820708e+21 
3.796875e+04 2.569492e-15 1.945911e+21 
3.812500e+04 2.397975e-15 2.085093e+21 
3.828125e+04 2.252596e-15 2.219663e+21 
3.843750e+04 2.117938e-15 2.360789e+21 
3.859375e+04 2.024955e-15 2.469193e+21 
3.875000e+04 1.946045e-15 2.569316e+21 
3.890625e+04 1.909216e-15 2.618876e+21 
3.906250e+04 1.884205e-15 2.653640e+21 
3.921875e+04 1.882751e-15 2.655688e+21 
3.937500e+04 1.885871e-15 2.651296e+21 
3.953125e+04 1.896109e-15 2.636980e+21 
3.968750e+04 1.902879e-15 2.627597e+21 
3.984375e+04 1.905939e-15 2.623380e+21 
4.000000e+04 1.911460e-15 2.615803e+21 
4.015625e+04 1.905939e-15 2.623380e+21 
4.031250e+04 1.902879e-15 2.627597e+21 
4.046875e+04 1.896109e-15 2.636980e+21 
4.062500e+04 1.885871e-15 2.651296e+21 
4.078125e+04 1.882751e-15 2.655688e+21 
4.093750e+04 1.884205e-15 2.653640e+21 
4.109375e+04 1.909216e-15 2.618876e+21 
4.125000e+04 1.946045e-15 2.569316e+21 
4.140625e+04 2.024955e-15 2.469193e+21 
4.156250e+04 2.117938e-15 2.360789e+21 
4.171875e+04 2.252596e-15 2.219663e+21 
4.187500e+04 2.397975e-15 2.085093e+21 
4.203125e+04 2.569492e-15 1.945911e+21 
4.218750e+04 2.746185e-15 1.820708e+21 
4.234375e+04 2.930573e-15 1.706151e+21 
4.250000e+04 3.115577e-15 1.604840e+21 
4.265625e+04 3.293334e-15 1.518218e+21 
4.281250e+04 3.468770e-15 1.441433e+21 
4.296875e+04 3.626839e-15 1.378611e+21 
4.312500e+04 3.780867e-15 1.322448e+21 
4.328125e+04 3.911654e-15 1.278232e+21 
4.343750e+04 4.037464e-15 1.238401e+21 
4.359375e+04 4.137433e-15 1.208479e+21 
4.375000e+04 4.231998e-15 1.181475e+21 
4.390625e+04 4.300460e-15 1.162666e+21 
4.406250e+04 4.363443e-15 1.145884e+21 
4.421875e+04 4.401618e-15 1.135946e+21 
4.437500e+04 4.434489e-15 1.127526e+21 
4.453125e+04 4.444790e-15 1.124913e+21 
4.468750e+04 4.450144e-15 1.123559e+21 
4.484375e+04 4.435656e-15 1.127229e+21 
4.500000e+04 4.416708e-15 1.132065e+21 
4.515625e+04 4.380829e-15 1.141337e+21 
4.531250e+04 4.341061e-15 1.151792e+21 
4.546875e+04 4.287258e-15 1.166247e+21 
4.562500e+04 4.230190e-15 1.181980e+21 
4.578125e+04 4.161849e-15 1.201389e+21 
4.593750e+04 4.090888e-15 1.222228e+21 
4.609375e+04 4.011223e-15 1.246503e+21 
4.625000e+04 3.929580e-15 1.272401e+21 
4.640625e+04 3.841572e-15 1.301551e+21 
4.656250e+04 3.752208e-15 1.332549e+21 
4.671875e+04 3.658576e-15 1.366652e+21 
4.687500e+04 3.564170e-15 1.402851e+21 
4.703125e+04 3.467347e-15 1.442025e+21 
4.718750e+04 3.370281e-15 1.483556e+21 
4.734375e+04 3.272400e-15 1.527931e+21 
4.750000e+04 3.174745e-15 1.574930e+21 
4.765625e+04 3.077629e-15 1.624627e+21 
4.781250e+04 2.981145e-15 1.677208e+21 
4.796875e+04 2.886310e-15 1.732315e+21 
4.812500e+04 2.792443e-15 1.790547e+21 
4.828125e+04 2.701100e-15 1.851098e+21 
4.843750e+04 2.610989e-15 1.914983e+21 
4.859375e+04 2.524053e-15 1.980941e+21 
4.875000e+04 2.438547e-15 2.050401e+21 
4.890625e+04 2.356654e-15 2.121652e+21 
4.906250e+04 2.276327e-15 2.196521e+21 
4.921875e+04 2.199861e-15 2.272871e+21 
4.937500e+04 2.125036e-15 2.352901e+21 
4.953125e+04 2.054152e-15 2.434094e+21 
4.968750e+04 1.984935e-15 2.518974e+21 
4.984375e+04 1.919596e-15 2.604714e+21 
5.000000e+04 1.855907e-15 2.694101e+21 
5.015625e+04 1.795921e-15 2.784086e+21 
5.031250e+04 1.737532e-15 2.877644e+21 
5.046875e+04 1.682591e-15 2.971608e+21 
5.062500e+04 1.629168e-15 3.069051e+21 
5.078125e+04 1.578882e-15 3.166798e+21 
5.093750e+04 1.530021e-15 3.267930e+21 
5.109375e+04 1.483958e-15 3.369368e+21 
5.125000e+04 1.439217e-15 3.474111e+21 
5.140625e+04 1.396932e-15 3.579272e+21 
5.156250e+04 1.355865e-15 3.687684e+21 
5.171875e+04 1.316924e-15 3.796727e+21 
5.187500e+04 1.279098e-15 3.909004e+21 
5.203125e+04 1.243097e-15 4.022212e+21 
5.218750e+04 1.208115e-15 4.138679e+21 
5.234375e+04 1.174689e-15 4.256444e+21 
5.250000e+04 1.142195e-15 4.377536e+21 
5.265625e+04 1.111028e-15 4.500337e+21 
5.281250e+04 1.080713e-15 4.626577e+21 
5.296875e+04 1.051533e-15 4.754961e+21 
5.312500e+04 1.023136e-15 4.886934e+21 
5.328125e+04 9.957202e-16 5.021491e+21 
5.343750e+04 9.690246e-16 5.159828e+21 
5.359375e+04 9.431871e-16 5.301175e+21 
5.375000e+04 9.180160e-16 5.446528e+21 
5.390625e+04 8.936077e-16 5.595297e+21 
5.406250e+04 8.698183e-16 5.748327e+21 
5.421875e+04 8.467187e-16 5.905149e+21 
5.437500e+04 8.241960e-16 6.066518e+21 
5.453125e+04 8.023082e-16 6.232019e+21 
5.468750e+04 7.809596e-16 6.402380e+21 
5.484375e+04 7.602044e-16 6.577178e+21 
5.500000e+04 7.399547e-16 6.757170e+21 
5.515625e+04 7.202670e-16 6.941871e+21 
5.531250e+04 7.010538e-16 7.132121e+21 
5.546875e+04 6.823781e-16 7.327316e+21 
5.562500e+04 6.641486e-16 7.528436e+21 
5.578125e+04 6.464369e-16 7.734707e+21 
5.593750e+04 6.291448e-16 7.947296e+21 
5.609375e+04 6.123538e-16 8.165215e+21 
5.625000e+04 5.959576e-16 8.389859e+21 
5.640625e+04 5.800472e-16 8.619989e+21 
5.656250e+04 5.645083e-16 8.857265e+21 
5.671875e+04 5.494407e-16 9.100164e+21 
5.687500e+04 5.347225e-16 9.350644e+21 
5.703125e+04 5.204611e-16 9.606866e+21 
5.718750e+04 5.065283e-16 9.871116e+21 
5.734375e+04 4.930376e-16 1.014122e+22 
5.750000e+04 4.798556e-16 1.041980e+22 
5.765625e+04 4.671005e-16 1.070434e+22 
5.781250e+04 4.546353e-16 1.099782e+22 
5.796875e+04 4.425815e-16 1.129736e+22 
5.812500e+04 4.307997e-16 1.160632e+22 
5.828125e+04 4.194132e-16 1.192142e+22 
5.843750e+04 4.082818e-16 1.224644e+22 
5.859375e+04 3.975293e-16 1.257769e+22 
5.875000e+04 3.870160e-16 1.291936e+22 
5.890625e+04 3.768649e-16 1.326735e+22 
5.906250e+04 3.669378e-16 1.362629e+22 
5.921875e+04 3.573563e-16 1.399164e+22 
5.937500e+04 3.479845e-16 1.436846e+22 
5.953125e+04 3.389417e-16 1.475180e+22 
5.968750e+04 3.300950e-16 1.514715e+22 
5.984375e+04 3.215609e-16 1.554915e+22 
6.000000e+04 3.132103e-16 1.596371e+22 
6.015625e+04 3.051562e-16 1.638505e+22 
6.031250e+04 2.972735e-16 1.681953e+22 
6.046875e+04 2.896715e-16 1.726093e+22 
6.062500e+04 2.822298e-16 1.771606e+22 
6.078125e+04 2.750535e-16 1.817828e+22 
6.093750e+04 2.680270e-16 1.865484e+22 
6.109375e+04 2.612511e-16 1.913867e+22 
6.125000e+04 2.546152e-16 1.963748e+22 
6.140625e+04 2.482157e-16 2.014377e+22 
6.156250e+04 2.419469e-16 2.066569e+22 
6.171875e+04 2.359009e-16 2.119534e+22 
6.187500e+04 2.299771e-16 2.174129e+22 
6.203125e+04 2.242632e-16 2.229523e+22 
6.218750e+04 2.186634e-16 2.286620e+22 
6.234375e+04 2.132611e-16 2.344544e+22 
6.250000e+04 2.079655e-16 2.404245e+22 
6.265625e+04 2.028557e-16 2.464806e+22 
6.281250e+04 1.978456e-16 2.527223e+22 
6.296875e+04 1.930103e-16 2.590535e+22 
6.312500e+04 1.882682e-16 2.655786e+22 
6.328125e+04 1.836904e-16 2.721971e+22 
6.343750e+04 1.791999e-16 2.790181e+22 
6.359375e+04 1.748638e-16 2.859368e+22 
6.375000e+04 1.706093e-16 2.930672e+22 
6.390625e+04 1.665001e-16 3.003001e+22 
6.406250e+04 1.624672e-16 3.077544e+22 
6.421875e+04 1.585709e-16 3.153163e+22 
6.437500e+04 1.547462e-16 3.231098e+22 
6.453125e+04 1.510498e-16 3.310166e+22 
6.468750e+04 1.474205e-16 3.391659e+22 
6.484375e+04 1.439119e-16 3.474347e+22 
6.500000e+04 1.404662e-16 3.559574e+22 
6.515625e+04 1.371341e-16 3.646065e+22 
6.531250e+04 1.338610e-16 3.735217e+22 
6.546875e+04 1.306948e-16 3.825706e+22 
6.562500e+04 1.275840e-16 3.918988e+22 
6.578125e+04 1.245738e-16 4.013686e+22 
6.593750e+04 1.216155e-16 4.111316e+22 
6.609375e+04 1.187521e-16 4.210451e+22 
6.625000e+04 1.159376e-16 4.312666e+22 
6.640625e+04 1.132123e-16 4.416480e+22 
6.656250e+04 1.105331e-16 4.523533e+22 
6.671875e+04 1.079380e-16 4.632290e+22 
6.687500e+04 1.053861e-16 4.744457e+22 
6.703125e+04 1.029137e-16 4.858440e+22 
6.718750e+04 1.004820e-16 4.976016e+22 
6.734375e+04 9.812522e-17 5.095530e+22 
6.750000e+04 9.580681e-17 5.218836e+22 
6.765625e+04 9.355915e-17 5.344212e+22 
6.781250e+04 9.134768e-17 5.473593e+22 
6.796875e+04 8.920303e-17 5.605191e+22 
6.812500e+04 8.709253e-17 5.741021e+22 
6.828125e+04 8.504520e-17 5.879227e+22 
6.843750e+04 8.303010e-17 6.021913e+22 
6.859375e+04 8.107475e-17 6.167148e+22 
6.875000e+04 7.914986e-17 6.317131e+22 
6.890625e+04 7.728153e-17 6.469852e+22 
6.906250e+04 7.544197e-17 6.627611e+22 
6.921875e+04 7.365601e-17 6.788313e+22 
6.937500e+04 7.189725e-17 6.954369e+22 
6.953125e+04 7.018931e-17 7.123592e+22 
6.968750e+04 6.850712e-17 7.298511e+22 
6.984375e+04 6.687316e-17 7.476842e+22 
7.000000e+04 6.526358e-17 7.661241e+22 
7.015625e+04 6.369981e-17 7.849318e+22 
7.031250e+04 6.215914e-17 8.043869e+22 
7.046875e+04 6.066205e-17 8.242386e+22 
7.062500e+04 5.918687e-17 8.447820e+22 
7.078125e+04 5.775318e-17 8.657532e+22 
7.093750e+04 5.634028e-17 8.874644e+22 
7.109375e+04 5.496698e-17 9.096371e+22 
7.125000e+04 5.361341e-17 9.326025e+22 
7.140625e+04 5.229768e-17 9.560654e+22 
7.156250e+04 5.100071e-17 9.803786e+22 
7.171875e+04 4.973998e-17 1.005228e+23 
7.187500e+04 4.849709e-17 1.030990e+23 
7.203125e+04 4.728901e-17 1.057328e+23 
7.218750e+04 4.609793e-17 1.084647e+23 
7.234375e+04 4.494038e-17 1.112585e+23 
7.250000e+04 4.379905e-17 1.141577e+23 
7.265625e+04 4.269014e-17 1.171231e+23 
7.281250e+04 4.159672e-17 1.202018e+23 
7.296875e+04 4.053481e-17 1.233508e+23 
7.312500e+04 3.948771e-17 1.266217e+23 
7.328125e+04 3.847140e-17 1.299667e+23 
7.343750e+04 3.746931e-17 1.334425e+23 
7.359375e+04 3.649746e-17 1.369958e+23 
7.375000e+04 3.553932e-17 1.406892e+23 
7.390625e+04 3.461111e-17 1.444623e+23 
7.406250e+04 3.369614e-17 1.483849e+23 
7.421875e+04 3.281102e-17 1.523878e+23 
7.437500e+04 3.193879e-17 1.565495e+23 
7.453125e+04 3.109655e-17 1.607895e+23 
7.468750e+04 3.026692e-17 1.651969e+23 
7.484375e+04 2.946767e-17 1.696775e+23 
7.500000e+04 2.868086e-17 1.743323e+23 
7.515625e+04 2.792505e-17 1.790507e+23 
7.531250e+04 2.718160e-17 1.839480e+23 
7.546875e+04 2.646997e-17 1.888933e+23 
7.562500e+04 2.577074e-17 1.940185e+23 
7.578125e+04 2.510430e-17 1.991691e+23 
7.593750e+04 2.445038e-17 2.044958e+23 
7.609375e+04 2.383030e-17 2.098169e+23 
7.625000e+04 2.322297e-17 2.153041e+23 
7.640625e+04 2.265050e-17 2.207457e+23 
7.656250e+04 2.209106e-17 2.263359e+23 
7.671875e+04 2.156736e-17 2.318318e+23 
7.687500e+04 2.105702e-17 2.374505e+23 
7.703125e+04 2.058302e-17 2.429187e+23 
7.718750e+04 2.012272e-17 2.484753e+23 
7.734375e+04 1.969902e-17 2.538197e+23 
7.750000e+04 1.928932e-17 2.592108e+23 
7.765625e+04 1.891609e-17 2.643252e+23 
7.781250e+04 1.855711e-17 2.694385e+23 
7.796875e+04 1.823413e-17 2.742110e+23 
7.812500e+04 1.792559e-17 2.789309e+23 
7.828125e+04 1.765234e-17 2.832486e+23 
7.843750e+04 1.739367e-17 2.874610e+23 
7.859375e+04 1.716951e-17 2.912138e+23 
7.875000e+04 1.696006e-17 2.948102e+23 
7.890625e+04 1.678444e-17 2.978950e+23 
7.906250e+04 1.662364e-17 3.007765e+23 
7.921875e+04 1.649616e-17 3.031008e+23 
7.937500e+04 1.638363e-17 3.051827e+23 
7.953125e+04 1.630413e-17 3.066708e+23 
7.968750e+04 1.623968e-17 3.078878e+23 
7.984375e+04 1.620813e-17 3.084872e+23 
8.000000e+04 1.619170e-17 3.088002e+23 
