0.000000e+00 2.074640e-19 1.000000e+25 
2.083333e+02 2.075269e-19 1.000000e+25 
4.166667e+02 2.076651e-19 1.000000e+25 
6.250000e+02 2.079289e-19 1.000000e+25 
8.333333e+02 2.082678e-19 1.000000e+25 
1.041667e+03 2.087322e-19 1.000000e+25 
1.250000e+03 2.092712e-19 1.000000e+25 
1.458333e+03 2.099353e-19 1.000000e+25 
1.666667e+03 2.106736e-19 1.000000e+25 
1.875000e+03 2.115364e-19 1.000000e+25 
2.083333e+03 2.124727e-19 1.000000e+25 
2.291667e+03 2.135329e-19 1.000000e+25 
2.500000e+03 2.146658e-19 1.000000e+25 
2.708333e+03 2.159218e-19 1.000000e+25 
2.916667e+03 2.172498e-19 1.000000e+25 
3.125000e+03 2.187001e-19 1.000000e+25 
3.333333e+03 2.202215e-19 1.000000e+25 
3.541667e+03 2.218644e-19 1.000000e+25 
3.750000e+03 2.235775e-19 1.000000e+25 
3.958333e+03 2.254115e-19 1.000000e+25 
4.166667e+03 2.273147e-19 1.000000e+25 
4.375000e+03 2.293382e-19 1.000000e+25 
4.583333e+03 2.314301e-19 1.000000e+25 
4.791667e+03 2.336420e-19 1.000000e+25 
5.000000e+03 2.359214e-19 1.000000e+25 
5.208333e+03 2.383207e-19 1.000000e+25 
5.416667e+03 2.407868e-19 1.000000e+25 
5.625000e+03 2.433729e-19 1.000000e+25 
5.833333e+03 2.460253e-19 1.000000e+25 
6.041667e+03 2.487981e-19 1.000000e+25 
6.250000e+03 2.516369e-19 1.000000e+25 
6.458333e+03 2.545968e-19 1.000000e+25 
6.666667e+03 2.576224e-19 1.000000e+25 
6.875000e+03 2.607703e-19 1.000000e+25 
7.083333e+03 2.639839e-19 1.000000e+25 
7.291667e+03 2.673212e-19 1.000000e+25 
7.500000e+03 2.707244e-19 1.000000e+25 
7.708333e+03 2.742530e-19 1.000000e+25 
7.916667e+03 2.778478e-19 1.000000e+25 
8.125000e+03 2.815698e-19 1.000000e+25 
8.333333e+03 2.853585e-19 1.000000e+25 
8.541667e+03 2.892761e-19 1.000000e+25 
8.750000e+03 2.932610e-19 1.000000e+25 
8.958333e+03 2.973764e-19 1.000000e+25 
9.166667e+03 3.015597e-19 1.000000e+25 
9.375000e+03 3.058743e-19 1.000000e+25 
9.583333e+03 3.102575e-19 1.000000e+25 
9.791667e+03 3.147723e-19 1.000000e+25 
1.000000e+04 3.193561e-19 1.000000e+25 
1.020833e+04 3.240710e-19 1.000000e+25 
1.041667e+04 3.288553e-19 1.000000e+25 
1.062500e+04 3.337695e-19 1.000000e+25 
1.083333e+04 3.387536e-19 1.000000e+25 
1.104167e+04 3.438659e-19 1.000000e+25 
1.125000e+04 3.490488e-19 1.000000e+25 
1.145833e+04 3.543584e-19 1.000000e+25 
1.166667e+04 3.597395e-19 1.000000e+25 
1.187500e+04 3.652467e-19 1.000000e+25 
1.208333e+04 3.708269e-19 1.000000e+25 
1.229167e+04 3.765343e-19 1.000000e+25 
1.250000e+04 3.823169e-19 1.000000e+25 
1.270833e+04 3.882297e-19 1.000000e+25 
1.291667e+04 3.942206e-19 1.000000e+25 
1.312500e+04 4.003473e-19 1.000000e+25 
1.333333e+04 4.065557e-19 1.000000e+25 
1.354167e+04 4.129074e-19 1.000000e+25 
1.375000e+04 4.193452e-19 1.000000e+25 
1.395833e+04 4.259355e-19 1.000000e+25 
1.416667e+04 4.326164e-19 1.000000e+25 
1.437500e+04 4.394600e-19 1.000000e+25 
1.458333e+04 4.463988e-19 1.000000e+25 
1.479167e+04 4.535102e-19 1.000000e+25 
1.500000e+04 4.607215e-19 1.000000e+25 
1.520833e+04 4.681147e-19 1.000000e+25 
1.541667e+04 4.756120e-19 1.000000e+25 
1.562500e+04 4.832991e-19 1.000000e+25 
1.583333e+04 4.910941e-19 1.000000e+25 
1.604167e+04 4.990852e-19 1.000000e+25 
1.625000e+04 5.071875e-19 1.000000e+25 
1.645833e+04 5.154904e-19 1.000000e+25 
1.666667e+04 5.239075e-19 1.000000e+25 
1.687500e+04 5.325285e-19 1.000000e+25 
1.708333e+04 5.412663e-19 1.000000e+25 
1.729167e+04 5.502110e-19 1.000000e+25 
1.750000e+04 5.592754e-19 1.000000e+25 
1.770833e+04 5.685503e-19 1.000000e+25 
1.791667e+04 5.779484e-19 1.000000e+25 
1.812500e+04 5.875627e-19 1.000000e+25 
1.833333e+04 5.973045e-19 1.000000e+25 
1.854167e+04 6.072715e-19 1.000000e+25 
1.875000e+04 6.173711e-19 1.000000e+25 
1.895833e+04 6.277082e-19 1.000000e+25 
1.916667e+04 6.381839e-19 1.000000e+25 
1.937500e+04 6.489123e-19 1.000000e+25 
1.958333e+04 6.597859e-19 1.000000e+25 
1.979167e+04 6.709291e-19 1.000000e+25 
2.000000e+04 6.822242e-19 1.000000e+25 
2.020833e+04 6.938070e-19 1.000000e+25 
2.041667e+04 7.055484e-19 1.000000e+25 
2.062500e+04 7.175975e-19 1.000000e+25 
2.083333e+04 7.298123e-19 1.000000e+25 
2.104167e+04 7.423595e-19 1.000000e+25 
2.125000e+04 7.550813e-19 1.000000e+25 
2.145833e+04 7.681705e-19 1.000000e+25 
2.166667e+04 7.814470e-19 1.000000e+25 
2.187500e+04 7.951438e-19 1.000000e+25 
2.208333e+04 8.090468e-19 1.000000e+25 
2.229167e+04 8.234488e-19 1.000000e+25 
2.250000e+04 8.380845e-19 1.000000e+25 
2.270833e+04 8.533293e-19 1.000000e+25 
2.291667e+04 8.688445e-19 1.000000e+25 
2.312500e+04 8.851099e-19 1.000000e+25 
2.333333e+04 9.016902e-19 1.000000e+25 
2.354167e+04 9.191836e-19 1.000000e+25 
2.375000e+04 9.370401e-19 1.000000e+25 
2.395833e+04 9.559750e-19 1.000000e+25 
2.416667e+04 9.753177e-19 1.000000e+25 
2.437500e+04 9.958790e-19 1.000000e+25 
2.458333e+04 1.016881e-18 1.000000e+25 
2.479167e+04 1.039186e-18 1.000000e+25 
2.500000e+04 1.061945e-18 1.000000e+25 
2.520833e+04 1.086010e-18 1.000000e+25 
2.541667e+04 1.110519e-18 1.000000e+25 
2.562500e+04 1.136240e-18 1.000000e+25 
2.583333e+04 1.162373e-18 1.000000e+25 
2.604167e+04 1.189526e-18 1.000000e+25 
2.625000e+04 1.217042e-18 1.000000e+25 
2.645833e+04 1.245304e-18 1.000000e+25 
2.666667e+04 1.273873e-18 1.000000e+25 
2.687500e+04 1.302852e-18 1.000000e+25 
2.708333e+04 1.332087e-18 1.000000e+25 
2.729167e+04 1.361366e-18 1.000000e+25 
2.750000e+04 1.390863e-18 1.000000e+25 
2.770833e+04 1.420040e-18 1.000000e+25 
2.791667e+04 1.449425e-18 1.000000e+25 
2.812500e+04 1.478168e-18 1.000000e+25 
2.833333e+04 1.507146e-18 1.000000e+25 
2.854167e+04 1.535238e-18 1.000000e+25 
2.875000e+04 1.563649e-18 1.000000e+25 
2.895833e+04 1.591061e-18 1.000000e+25 
2.916667e+04 1.618952e-18 1.000000e+25 
2.937500e+04 1.645874e-18 1.000000e+25 
2.958333e+04 1.673501e-18 1.000000e+25 
2.979167e+04 1.700431e-18 1.000000e+25 
3.000000e+04 1.728511e-18 1.000000e+25 
3.020833e+04 1.756509e-18 1.000000e+25 
3.041667e+04 1.785968e-18 1.000000e+25 
3.062500e+04 1.815368e-18 1.000000e+25 
3.083333e+04 1.847380e-18 1.000000e+25 
3.104167e+04 1.883577e-18 1.000000e+25 
3.125000e+04 1.922583e-18 1.000000e+25 
3.145833e+04 1.959434e-18 1.000000e+25 
3.166667e+04 1.996045e-18 1.000000e+25 
3.187500e+04 2.049764e-18 1.000000e+25 
3.208333e+04 2.126439e-18 1.000000e+25 
3.229167e+04 2.119844e-18 1.000000e+25 
3.250000e+04 2.134184e-18 1.000000e+25 
3.270833e+04 3.894489e-18 7.772065e+24 
3.291667e+04 6.088810e-18 5.391576e+24 
3.312500e+04 1.303424e-17 2.650176e+24 
3.333333e+04 2.130521e-17 1.645247e+24 
3.354167e+04 4.505743e-17 7.955014e+23 
3.375000e+04 7.264059e-17 4.878573e+23 
3.395833e+04 1.481820e-16 2.422527e+23 
3.416667e+04 2.360668e-16 1.498110e+23 
3.437500e+04 4.535169e-16 7.850790e+22 
3.458333e+04 7.055922e-16 4.974122e+22 
3.479167e+04 1.249766e-15 2.814739e+22 
3.500000e+04 1.871258e-15 1.857840e+22 
3.520833e+04 2.994028e-15 1.159304e+22 
3.541667e+04 4.237396e-15 8.116107e+21 
3.562500e+04 6.042090e-15 5.663656e+21 
3.583333e+04 7.949964e-15 4.271659e+21 
3.604167e+04 1.008079e-14 3.338546e+21 
3.625000e+04 1.221309e-14 2.731843e+21 
3.645833e+04 1.387538e-14 2.368448e+21 
3.666667e+04 1.542859e-14 2.101590e+21 
3.687500e+04 1.580470e-14 2.003142e+21 
3.708333e+04 1.601182e-14 1.934552e+21 
3.729167e+04 1.463662e-14 2.043596e+21 
3.750000e+04 1.307186e-14 2.212999e+21 
3.770833e+04 1.013338e-14 2.725687e+21 
3.791667e+04 6.971172e-15 3.776283e+21 
3.812500e+04 4.088989e-15 6.215396e+21 
3.833333e+04 1.465802e-15 1.648041e+22 
3.854167e+04 7.410713e-16 3.421210e+22 
3.875000e+04 1.898738e-16 1.329465e+23 
3.895833e+04 1.560478e-16 1.748655e+23 
3.916667e+04 9.930773e-17 2.874056e+23 
3.937500e+04 7.995350e-17 3.525988e+23 
3.958333e+04 5.974732e-17 4.591024e+23 
3.979167e+04 5.574681e-17 4.928448e+23 
4.000000e+04 5.211229e-17 5.234384e+23 
4.020833e+04 5.574681e-17 4.928448e+23 
4.041667e+04 5.974732e-17 4.591024e+23 
4.062500e+04 7.995350e-17 3.525988e+23 
4.083333e+04 9.930773e-17 2.874056e+23 
4.104167e+04 1.560478e-16 1.748655e+23 
4.125000e+04 1.898738e-16 1.329465e+23 
4.145833e+04 7.410713e-16 3.421210e+22 
4.166667e+04 1.465802e-15 1.648041e+22 
4.187500e+04 4.088989e-15 6.215396e+21 
4.208333e+04 6.971172e-15 3.776283e+21 
4.229167e+04 1.013338e-14 2.725687e+21 
4.250000e+04 1.307186e-14 2.212999e+21 
4.270833e+04 1.463662e-14 2.043596e+21 
4.291667e+04 1.601182e-14 1.934552e+21 
4.312500e+04 1.580470e-14 2.003142e+21 
4.333333e+04 1.542859e-14 2.101590e+21 
4.354167e+04 1.387538e-14 2.368448e+21 
4.375000e+04 1.221309e-14 2.731843e+21 
4.395833e+04 1.008079e-14 3.338546e+21 
4.416667e+04 7.949964e-15 4.271659e+21 
4.437500e+04 6.042090e-15 5.663656e+21 
4.458333e+04 4.237396e-15 8.116107e+21 
4.479167e+04 2.994028e-15 1.159304e+22 
4.500000e+04 1.871258e-15 1.857840e+22 
4.520833e+04 1.249766e-15 2.814739e+22 
4.541667e+04 7.055922e-16 4.974122e+22 
4.562500e+04 4.535169e-16 7.850790e+22 
4.583333e+04 2.360668e-16 1.498110e+23 
4.604167e+04 1.481820e-16 2.422527e+23 
4.625000e+04 7.264059e-17 4.878573e+23 
4.645833e+04 4.505743e-17 7.955014e+23 
4.666667e+04 2.130521e-17 1.645247e+24 
4.687500e+04 1.303424e-17 2.650176e+24 
4.708333e+04 6.088810e-18 5.391576e+24 
4.729167e+04 3.894489e-18 7.772065e+24 
4.750000e+04 2.134184e-18 1.000000e+25 
4.770833e+04 2.119844e-18 1.000000e+25 
4.791667e+04 2.126439e-18 1.000000e+25 
4.812500e+04 2.049764e-18 1.000000e+25 
4.833333e+04 1.996045e-18 1.000000e+25 
4.854167e+04 1.959434e-18 1.000000e+25 
4.875000e+04 1.922583e-18 1.000000e+25 
4.895833e+04 1.883577e-18 1.000000e+25 
4.916667e+04 1.847380e-18 1.000000e+25 
4.937500e+04 1.815368e-18 1.000000e+25 
4.958333e+04 1.785968e-18 1.000000e+25 
4.979167e+04 1.756509e-18 1.000000e+25 
5.000000e+04 1.728511e-18 1.000000e+25 
5.020833e+04 1.700431e-18 1.000000e+25 
5.041667e+04 1.673501e-18 1.000000e+25 
5.062500e+04 1.645874e-18 1.000000e+25 
5.083333e+04 1.618952e-18 1.000000e+25 
5.104167e+04 1.591061e-18 1.000000e+25 
5.125000e+04 1.563649e-18 1.000000e+25 
5.145833e+04 1.535238e-18 1.000000e+25 
5.166667e+04 1.507146e-18 1.000000e+25 
5.187500e+04 1.478168e-18 1.000000e+25 
5.208333e+04 1.449425e-18 1.000000e+25 
5.229167e+04 1.420040e-18 1.000000e+25 
5.250000e+04 1.390863e-18 1.000000e+25 
5.270833e+04 1.361366e-18 1.000000e+25 
5.291667e+04 1.332087e-18 1.000000e+25 
5.312500e+04 1.302852e-18 1.000000e+25 
5.333333e+04 1.273873e-18 1.000000e+25 
5.354167e+04 1.245304e-18 1.000000e+25 
5.375000e+04 1.217042e-18 1.000000e+25 
5.395833e+04 1.189526e-18 1.000000e+25 
5.416667e+04 1.162373e-18 1.000000e+25 
5.437500e+04 1.136240e-18 1.000000e+25 
5.458333e+04 1.110519e-18 1.000000e+25 
5.479167e+04 1.086010e-18 1.000000e+25 
5.500000e+04 1.061945e-18 1.000000e+25 
5.520833e+04 1.039186e-18 1.000000e+25 
5.541667e+04 1.016881e-18 1.000000e+25 
5.562500e+04 9.958790e-19 1.000000e+25 
5.583333e+04 9.753177e-19 1.000000e+25 
5.604167e+04 9.559750e-19 1.000000e+25 
5.625000e+04 9.370401e-19 1.000000e+25 
5.645833e+04 9.191836e-19 1.000000e+25 
5.666667e+04 9.016902e-19 1.000000e+25 
5.687500e+04 8.851099e-19 1.000000e+25 
5.708333e+04 8.688445e-19 1.000000e+25 
5.729167e+04 8.533293e-19 1.000000e+25 
5.750000e+04 8.380845e-19 1.000000e+25 
5.770833e+04 8.234488e-19 1.000000e+25 
5.791667e+04 8.090468e-19 1.000000e+25 
5.812500e+04 7.951438e-19 1.000000e+25 
5.833333e+04 7.814470e-19 1.000000e+25 
5.854167e+04 7.681705e-19 1.000000e+25 
5.875000e+04 7.550813e-19 1.000000e+25 
5.895833e+04 7.423595e-19 1.000000e+25 
5.916667e+04 7.298123e-19 1.000000e+25 
5.937500e+04 7.175975e-19 1.000000e+25 
5.958333e+04 7.055484e-19 1.000000e+25 
5.979167e+04 6.938070e-19 1.000000e+25 
6.000000e+04 6.822242e-19 1.000000e+25 
6.020833e+04 6.709291e-19 1.000000e+25 
6.041667e+04 6.597859e-19 1.000000e+25 
6.062500e+04 6.489123e-19 1.000000e+25 
6.083333e+04 6.381839e-19 1.000000e+25 
6.104167e+04 6.277082e-19 1.000000e+25 
6.125000e+04 6.173711e-19 1.000000e+25 
6.145833e+04 6.072715e-19 1.000000e+25 
6.166667e+04 5.973045e-19 1.000000e+25 
6.187500e+04 5.875627e-19 1.000000e+25 
6.208333e+04 5.779484e-19 1.000000e+25 
6.229167e+04 5.685503e-19 1.000000e+25 
6.250000e+04 5.592754e-19 1.000000e+25 
6.270833e+04 5.502110e-19 1.000000e+25 
6.291667e+04 5.412663e-19 1.000000e+25 
6.312500e+04 5.325285e-19 1.000000e+25 
6.333333e+04 5.239075e-19 1.000000e+25 
6.354167e+04 5.154904e-19 1.000000e+25 
6.375000e+04 5.071875e-19 1.000000e+25 
6.395833e+04 4.990852e-19 1.000000e+25 
6.416667e+04 4.910941e-19 1.000000e+25 
6.437500e+04 4.832991e-19 1.000000e+25 
6.458333e+04 4.756120e-19 1.000000e+25 
6.479167e+04 4.681147e-19 1.000000e+25 
6.500000e+04 4.607215e-19 1.000000e+25 
6.520833e+04 4.535102e-19 1.000000e+25 
6.541667e+04 4.463988e-19 1.000000e+25 
6.562500e+04 4.394600e-19 1.000000e+25 
6.583333e+04 4.326164e-19 1.000000e+25 
6.604167e+04 4.259355e-19 1.000000e+25 
6.625000e+04 4.193452e-19 1.000000e+25 
6.645833e+04 4.129074e-19 1.000000e+25 
6.666667e+04 4.065557e-19 1.000000e+25 
6.687500e+04 4.003473e-19 1.000000e+25 
6.708333e+04 3.942206e-19 1.000000e+25 
6.729167e+04 3.882297e-19 1.000000e+25 
6.750000e+04 3.823169e-19 1.000000e+25 
6.770833e+04 3.765343e-19 1.000000e+25 
6.791667e+04 3.708269e-19 1.000000e+25 
6.812500e+04 3.652467e-19 1.000000e+25 
6.833333e+04 3.597395e-19 1.000000e+25 
6.854167e+04 3.543584e-19 1.000000e+25 
6.875000e+04 3.490488e-19 1.000000e+25 
6.895833e+04 3.438659e-19 1.000000e+25 
6.916667e+04 3.387536e-19 1.000000e+25 
6.937500e+04 3.337695e-19 1.000000e+25 
6.958333e+04 3.288553e-19 1.000000e+25 
6.979167e+04 3.240710e-19 1.000000e+25 
7.000000e+04 3.193561e-19 1.000000e+25 
7.020833e+04 3.147723e-19 1.000000e+25 
7.041667e+04 3.102575e-19 1.000000e+25 
7.062500e+04 3.058743e-19 1.000000e+25 
7.083333e+04 3.015597e-19 1.000000e+25 
7.104167e+04 2.973764e-19 1.000000e+25 
7.125000e+04 2.932610e-19 1.000000e+25 
7.145833e+04 2.892761e-19 1.000000e+25 
7.166667e+04 2.853585e-19 1.000000e+25 
7.187500e+04 2.815698e-19 1.000000e+25 
7.208333e+04 2.778478e-19 1.000000e+25 
7.229167e+04 2.742530e-19 1.000000e+25 
7.250000e+04 2.707244e-19 1.000000e+25 
7.270833e+04 2.673212e-19 1.000000e+25 
7.291667e+04 2.639839e-19 1.000000e+25 
7.312500e+04 2.607703e-19 1.000000e+25 
7.333333e+04 2.576224e-19 1.000000e+25 
7.354167e+04 2.545968e-19 1.000000e+25 
7.375000e+04 2.516369e-19 1.000000e+25 
7.395833e+04 2.487981e-19 1.000000e+25 
7.416667e+04 2.460253e-19 1.000000e+25 
7.437500e+04 2.433729e-19 1.000000e+25 
7.458333e+04 2.407868e-19 1.000000e+25 
7.479167e+04 2.383207e-19 1.000000e+25 
7.500000e+04 2.359214e-19 1.000000e+25 
7.520833e+04 2.336420e-19 1.000000e+25 
7.541667e+04 2.314301e-19 1.000000e+25 
7.562500e+04 2.293382e-19 1.000000e+25 
7.583333e+04 2.273147e-19 1.000000e+25 
7.604167e+04 2.254115e-19 1.000000e+25 
7.625000e+04 2.235775e-19 1.000000e+25 
7.645833e+04 2.218644e-19 1.000000e+25 
7.666667e+04 2.202215e-19 1.000000e+25 
7.687500e+04 2.187001e-19 1.000000e+25 
7.708333e+04 2.172498e-19 1.000000e+25 
7.729167e+04 2.159218e-19 1.000000e+25 
7.750000e+04 2.146658e-19 1.000000e+25 
7.770833e+04 2.135329e-19 1.000000e+25 
7.791667e+04 2.124727e-19 1.000000e+25 
7.812500e+04 2.115364e-19 1.000000e+25 
7.833333e+04 2.106736e-19 1.000000e+25 
7.854167e+04 2.099353e-19 1.000000e+25 
7.875000e+04 2.092712e-19 1.000000e+25 
7.895833e+04 2.087321e-19 1.000000e+25 
7.916667e+04 2.082678e-19 1.000000e+25 
7.937500e+04 2.079289e-19 1.000000e+25 
7.958333e+04 2.076651e-19 1.000000e+25 
7.979167e+04 2.075269e-19 1.000000e+25 
8.000000e+04 2.074640e-19 1.000000e+25 
