0.000000e+00 2.025359e-19 1.000000e+25 
6.250000e+02 2.030851e-19 1.000000e+25 
1.250000e+03 2.042940e-19 1.000000e+25 
1.875000e+03 2.065949e-19 1.000000e+25 
2.500000e+03 2.095424e-19 1.000000e+25 
3.125000e+03 2.135653e-19 1.000000e+25 
3.750000e+03 2.182131e-19 1.000000e+25 
4.375000e+03 2.239172e-19 1.000000e+25 
5.000000e+03 2.302226e-19 1.000000e+25 
5.625000e+03 2.375730e-19 1.000000e+25 
6.250000e+03 2.455067e-19 1.000000e+25 
6.875000e+03 2.544921e-19 1.000000e+25 
7.500000e+03 2.640551e-19 1.000000e+25 
8.125000e+03 2.746992e-19 1.000000e+25 
8.750000e+03 2.859295e-19 1.000000e+25 
9.375000e+03 2.982747e-19 1.000000e+25 
1.000000e+04 3.112211e-19 1.000000e+25 
1.062500e+04 3.252933e-19 1.000000e+25 
1.125000e+04 3.399811e-19 1.000000e+25 
1.187500e+04 3.557663e-19 1.000000e+25 
1.250000e+04 3.721812e-19 1.000000e+25 
1.312500e+04 3.897690e-19 1.000000e+25 
1.375000e+04 4.080682e-19 1.000000e+25 
1.437500e+04 4.278218e-19 1.000000e+25 
1.500000e+04 4.484369e-19 1.000000e+25 
1.562500e+04 4.707879e-19 1.000000e+25 
1.625000e+04 4.940943e-19 1.000000e+25 
1.687500e+04 5.192004e-19 1.000000e+25 
1.750000e+04 5.452742e-19 1.000000e+25 
1.812500e+04 5.730329e-19 1.000000e+25 
1.875000e+04 6.017834e-19 1.000000e+25 
1.937500e+04 6.328530e-19 1.000000e+25 
2.000000e+04 6.653561e-19 1.000000e+25 
2.062500e+04 7.021888e-19 1.000000e+25 
2.125000e+04 7.412801e-19 1.000000e+25 
2.187500e+04 7.869009e-19 1.000000e+25 
2.250000e+04 8.353816e-19 1.000000e+25 
2.312500e+04 8.910120e-19 1.000000e+25 
2.375000e+04 9.495696e-19 1.000000e+25 
2.437500e+04 1.012393e-18 1.000000e+25 
2.500000e+04 1.077484e-18 1.000000e+25 
2.562500e+04 1.145775e-18 1.000000e+25 
2.625000e+04 1.218743e-18 1.000000e+25 
2.687500e+04 1.293590e-18 1.000000e+25 
2.750000e+04 1.376758e-18 1.000000e+25 
2.812500e+04 1.453671e-18 1.000000e+25 
2.875000e+04 1.535214e-18 1.000000e+25 
2.937500e+04 1.622619e-18 1.000000e+25 
3.000000e+04 1.700818e-18 1.000000e+25 
3.062500e+04 1.709501e-18 1.000000e+25 
3.125000e+04 1.231560e-18 1.000000e+25 
3.187500e+04 7.479791e-18 4.922602e+24 
3.250000e+04 5.324003e-18 6.010469e+24 
3.312500e+04 1.632165e-16 1.959990e+23 
3.375000e+04 3.425765e-16 8.723774e+22 
3.437500e+04 2.366843e-15 1.252947e+22 
3.500000e+04 6.155634e-15 4.751602e+21 
3.562500e+04 1.522018e-14 1.803059e+21 
3.625000e+04 2.358787e-14 1.086536e+21 
3.687500e+04 1.455934e-14 1.718960e+21 
3.750000e+04 3.587438e-15 6.836183e+21 
3.812500e+04 1.013424e-15 2.256789e+22 
3.875000e+04 1.208487e-16 1.822697e+23 
3.937500e+04 1.855378e-17 1.721994e+24 
4.000000e+04 4.933449e-19 1.000000e+25 
4.062500e+04 1.855378e-17 1.721994e+24 
4.125000e+04 1.208487e-16 1.822697e+23 
4.187500e+04 1.013424e-15 2.256789e+22 
4.250000e+04 3.587438e-15 6.836183e+21 
4.312500e+04 1.455934e-14 1.718960e+21 
4.375000e+04 2.358787e-14 1.086536e+21 
4.437500e+04 1.522018e-14 1.803059e+21 
4.500000e+04 6.155634e-15 4.751602e+21 
4.562500e+04 2.366843e-15 1.252947e+22 
4.625000e+04 3.425765e-16 8.723774e+22 
4.687500e+04 1.632165e-16 1.959990e+23 
4.750000e+04 5.324003e-18 6.010469e+24 
4.812500e+04 7.479791e-18 4.922602e+24 
4.875000e+04 1.231560e-18 1.000000e+25 
4.937500e+04 1.709501e-18 1.000000e+25 
5.000000e+04 1.700818e-18 1.000000e+25 
5.062500e+04 1.622619e-18 1.000000e+25 
5.125000e+04 1.535214e-18 1.000000e+25 
5.187500e+04 1.453671e-18 1.000000e+25 
5.250000e+04 1.376758e-18 1.000000e+25 
5.312500e+04 1.293590e-18 1.000000e+25 
5.375000e+04 1.218743e-18 1.000000e+25 
5.437500e+04 1.145775e-18 1.000000e+25 
5.500000e+04 1.077484e-18 1.000000e+25 
5.562500e+04 1.012393e-18 1.000000e+25 
5.625000e+04 9.495696e-19 1.000000e+25 
5.687500e+04 8.910120e-19 1.000000e+25 
5.750000e+04 8.353816e-19 1.000000e+25 
5.812500e+04 7.869009e-19 1.000000e+25 
5.875000e+04 7.412801e-19 1.000000e+25 
5.937500e+04 7.021888e-19 1.000000e+25 
6.000000e+04 6.653561e-19 1.000000e+25 
6.062500e+04 6.328530e-19 1.000000e+25 
6.125000e+04 6.017834e-19 1.000000e+25 
6.187500e+04 5.730329e-19 1.000000e+25 
6.250000e+04 5.452742e-19 1.000000e+25 
6.312500e+04 5.192004e-19 1.000000e+25 
6.375000e+04 4.940943e-19 1.000000e+25 
6.437500e+04 4.707879e-19 1.000000e+25 
6.500000e+04 4.484369e-19 1.000000e+25 
6.562500e+04 4.278218e-19 1.000000e+25 
6.625000e+04 4.080682e-19 1.000000e+25 
6.687500e+04 3.897690e-19 1.000000e+25 
6.750000e+04 3.721812e-19 1.000000e+25 
6.812500e+04 3.557663e-19 1.000000e+25 
6.875000e+04 3.399811e-19 1.000000e+25 
6.937500e+04 3.252933e-19 1.000000e+25 
7.000000e+04 3.112211e-19 1.000000e+25 
7.062500e+04 2.982747e-19 1.000000e+25 
7.125000e+04 2.859295e-19 1.000000e+25 
7.187500e+04 2.746992e-19 1.000000e+25 
7.250000e+04 2.640551e-19 1.000000e+25 
7.312500e+04 2.544921e-19 1.000000e+25 
7.375000e+04 2.455067e-19 1.000000e+25 
7.437500e+04 2.375730e-19 1.000000e+25 
7.500000e+04 2.302226e-19 1.000000e+25 
7.562500e+04 2.239172e-19 1.000000e+25 
7.625000e+04 2.182131e-19 1.000000e+25 
7.687500e+04 2.135653e-19 1.000000e+25 
7.750000e+04 2.095424e-19 1.000000e+25 
7.812500e+04 2.065949e-19 1.000000e+25 
7.875000e+04 2.042940e-19 1.000000e+25 
7.937500e+04 2.030851e-19 1.000000e+25 
8.000000e+04 2.025359e-19 1.000000e+25 
