0.000000e+00 1.992491e-19 1.000000e+25 
2.083333e+02 1.993091e-19 1.000000e+25 
4.166667e+02 1.994413e-19 1.000000e+25 
6.250000e+02 1.996934e-19 1.000000e+25 
8.333333e+02 2.000174e-19 1.000000e+25 
1.041667e+03 2.004611e-19 1.000000e+25 
1.250000e+03 2.009765e-19 1.000000e+25 
1.458333e+03 2.016112e-19 1.000000e+25 
1.666667e+03 2.023169e-19 1.000000e+25 
1.875000e+03 2.031415e-19 1.000000e+25 
2.083333e+03 2.040365e-19 1.000000e+25 
2.291667e+03 2.050497e-19 1.000000e+25 
2.500000e+03 2.061326e-19 1.000000e+25 
2.708333e+03 2.073328e-19 1.000000e+25 
2.916667e+03 2.086021e-19 1.000000e+25 
3.125000e+03 2.099879e-19 1.000000e+25 
3.333333e+03 2.114418e-19 1.000000e+25 
3.541667e+03 2.130115e-19 1.000000e+25 
3.750000e+03 2.146484e-19 1.000000e+25 
3.958333e+03 2.164003e-19 1.000000e+25 
4.166667e+03 2.182186e-19 1.000000e+25 
4.375000e+03 2.201512e-19 1.000000e+25 
4.583333e+03 2.221493e-19 1.000000e+25 
4.791667e+03 2.242613e-19 1.000000e+25 
5.000000e+03 2.264379e-19 1.000000e+25 
5.208333e+03 2.287280e-19 1.000000e+25 
5.416667e+03 2.310821e-19 1.000000e+25 
5.625000e+03 2.335497e-19 1.000000e+25 
5.833333e+03 2.360806e-19 1.000000e+25 
6.041667e+03 2.387252e-19 1.000000e+25 
6.250000e+03 2.414327e-19 1.000000e+25 
6.458333e+03 2.442543e-19 1.000000e+25 
6.666667e+03 2.471386e-19 1.000000e+25 
6.875000e+03 2.501379e-19 1.000000e+25 
7.083333e+03 2.531998e-19 1.000000e+25 
7.291667e+03 2.563779e-19 1.000000e+25 
7.500000e+03 2.596187e-19 1.000000e+25 
7.708333e+03 2.629773e-19 1.000000e+25 
7.916667e+03 2.663990e-19 1.000000e+25 
8.125000e+03 2.699404e-19 1.000000e+25 
8.333333e+03 2.735453e-19 1.000000e+25 
8.541667e+03 2.772722e-19 1.000000e+25 
8.750000e+03 2.810634e-19 1.000000e+25 
8.958333e+03 2.849787e-19 1.000000e+25 
9.166667e+03 2.889591e-19 1.000000e+25 
9.375000e+03 2.930659e-19 1.000000e+25 
9.583333e+03 2.972388e-19 1.000000e+25 
9.791667e+03 3.015399e-19 1.000000e+25 
1.000000e+04 3.059079e-19 1.000000e+25 
1.020833e+04 3.104054e-19 1.000000e+25 
1.041667e+04 3.149708e-19 1.000000e+25 
1.062500e+04 3.196662e-19 1.000000e+25 
1.083333e+04 3.244301e-19 1.000000e+25 
1.104167e+04 3.293237e-19 1.000000e+25 
1.125000e+04 3.342865e-19 1.000000e+25 
1.145833e+04 3.393777e-19 1.000000e+25 
1.166667e+04 3.445389e-19 1.000000e+25 
1.187500e+04 3.498269e-19 1.000000e+25 
1.208333e+04 3.551858e-19 1.000000e+25 
1.229167e+04 3.606702e-19 1.000000e+25 
1.250000e+04 3.662267e-19 1.000000e+25 
1.270833e+04 3.719083e-19 1.000000e+25 
1.291667e+04 3.776640e-19 1.000000e+25 
1.312500e+04 3.835462e-19 1.000000e+25 
1.333333e+04 3.895050e-19 1.000000e+25 
1.354167e+04 3.955942e-19 1.000000e+25 
1.375000e+04 4.017633e-19 1.000000e+25 
1.395833e+04 4.080689e-19 1.000000e+25 
1.416667e+04 4.144586e-19 1.000000e+25 
1.437500e+04 4.209932e-19 1.000000e+25 
1.458333e+04 4.276164e-19 1.000000e+25 
1.479167e+04 4.343944e-19 1.000000e+25 
1.500000e+04 4.412659e-19 1.000000e+25 
1.520833e+04 4.483027e-19 1.000000e+25 
1.541667e+04 4.554380e-19 1.000000e+25 
1.562500e+04 4.627487e-19 1.000000e+25 
1.583333e+04 4.701626e-19 1.000000e+25 
1.604167e+04 4.777610e-19 1.000000e+25 
1.625000e+04 4.854669e-19 1.000000e+25 
1.645833e+04 4.933647e-19 1.000000e+25 
1.666667e+04 5.013739e-19 1.000000e+25 
1.687500e+04 5.095807e-19 1.000000e+25 
1.708333e+04 5.179022e-19 1.000000e+25 
1.729167e+04 5.264251e-19 1.000000e+25 
1.750000e+04 5.350659e-19 1.000000e+25 
1.770833e+04 5.439110e-19 1.000000e+25 
1.791667e+04 5.528769e-19 1.000000e+25 
1.812500e+04 5.620501e-19 1.000000e+25 
1.833333e+04 5.713475e-19 1.000000e+25 
1.854167e+04 5.808567e-19 1.000000e+25 
1.875000e+04 5.904940e-19 1.000000e+25 
1.895833e+04 6.003503e-19 1.000000e+25 
1.916667e+04 6.103397e-19 1.000000e+25 
1.937500e+04 6.205585e-19 1.000000e+25 
1.958333e+04 6.309163e-19 1.000000e+25 
1.979167e+04 6.415170e-19 1.000000e+25 
2.000000e+04 6.522635e-19 1.000000e+25 
2.020833e+04 6.632691e-19 1.000000e+25 
2.041667e+04 6.744274e-19 1.000000e+25 
2.062500e+04 6.858629e-19 1.000000e+25 
2.083333e+04 6.974586e-19 1.000000e+25 
2.104167e+04 7.093522e-19 1.000000e+25 
2.125000e+04 7.214139e-19 1.000000e+25 
2.145833e+04 7.337996e-19 1.000000e+25 
2.166667e+04 7.463634e-19 1.000000e+25 
2.187500e+04 7.592880e-19 1.000000e+25 
2.208333e+04 7.724046e-19 1.000000e+25 
2.229167e+04 7.859375e-19 1.000000e+25 
2.250000e+04 7.996828e-19 1.000000e+25 
2.270833e+04 8.139271e-19 1.000000e+25 
2.291667e+04 8.284130e-19 1.000000e+25 
2.312500e+04 8.435135e-19 1.000000e+25 
2.333333e+04 8.588947e-19 1.000000e+25 
2.354167e+04 8.750386e-19 1.000000e+25 
2.375000e+04 8.915109e-19 1.000000e+25 
2.395833e+04 9.089165e-19 1.000000e+25 
2.416667e+04 9.267014e-19 1.000000e+25 
2.437500e+04 9.455919e-19 1.000000e+25 
2.458333e+04 9.649085e-19 1.000000e+25 
2.479167e+04 9.854740e-19 1.000000e+25 
2.500000e+04 1.006499e-18 1.000000e+25 
2.520833e+04 1.028855e-18 1.000000e+25 
2.541667e+04 1.051682e-18 1.000000e+25 
2.562500e+04 1.075834e-18 1.000000e+25 
2.583333e+04 1.100444e-18 1.000000e+25 
2.604167e+04 1.126269e-18 1.000000e+25 
2.625000e+04 1.152515e-18 1.000000e+25 
2.645833e+04 1.179767e-18 1.000000e+25 
2.666667e+04 1.207385e-18 1.000000e+25 
2.687500e+04 1.235715e-18 1.000000e+25 
2.708333e+04 1.264350e-18 1.000000e+25 
2.729167e+04 1.293344e-18 1.000000e+25 
2.750000e+04 1.322586e-18 1.000000e+25 
2.770833e+04 1.351811e-18 1.000000e+25 
2.791667e+04 1.381244e-18 1.000000e+25 
2.812500e+04 1.410296e-18 1.000000e+25 
2.833333e+04 1.439546e-18 1.000000e+25 
2.854167e+04 1.468105e-18 1.000000e+25 
2.875000e+04 1.496896e-18 1.000000e+25 
2.895833e+04 1.524773e-18 1.000000e+25 
2.916667e+04 1.552975e-18 1.000000e+25 
2.937500e+04 1.580184e-18 1.000000e+25 
2.958333e+04 1.607896e-18 1.000000e+25 
2.979167e+04 1.634659e-18 1.000000e+25 
3.000000e+04 1.662167e-18 1.000000e+25 
3.020833e+04 1.689054e-18 1.000000e+25 
3.041667e+04 1.717168e-18 1.000000e+25 
3.062500e+04 1.745067e-18 1.000000e+25 
3.083333e+04 1.774396e-18 1.000000e+25 
3.104167e+04 1.803689e-18 1.000000e+25 
3.125000e+04 1.836142e-18 1.000000e+25 
3.145833e+04 1.871527e-18 1.000000e+25 
3.166667e+04 1.908350e-18 1.000000e+25 
3.187500e+04 1.939939e-18 1.000000e+25 
3.208333e+04 1.972278e-18 1.000000e+25 
3.229167e+04 2.043443e-18 1.000000e+25 
3.250000e+04 2.088589e-18 1.000000e+25 
3.270833e+04 2.190601e-18 1.000000e+25 
3.291667e+04 2.590967e-18 1.000000e+25 
3.312500e+04 5.754025e-18 5.622838e+24 
3.333333e+04 9.304021e-18 3.712091e+24 
3.354167e+04 1.999011e-17 1.782577e+24 
3.375000e+04 3.246085e-17 1.091054e+24 
3.395833e+04 6.845618e-17 5.267462e+23 
3.416667e+04 1.096650e-16 3.240756e+23 
3.437500e+04 2.227943e-16 1.610885e+23 
3.458333e+04 3.527444e-16 9.999338e+22 
3.479167e+04 6.783359e-16 5.222576e+22 
3.500000e+04 1.050910e-15 3.315010e+22 
3.520833e+04 1.877506e-15 1.853825e+22 
3.541667e+04 2.815286e-15 1.216938e+22 
3.562500e+04 4.578272e-15 7.432828e+21 
3.583333e+04 6.540638e-15 5.123376e+21 
3.604167e+04 9.458436e-15 3.495816e+21 
3.625000e+04 1.258264e-14 2.585742e+21 
3.645833e+04 1.573744e-14 2.025047e+21 
3.666667e+04 1.882121e-14 1.662046e+21 
3.687500e+04 1.968963e-14 1.544846e+21 
3.708333e+04 1.999712e-14 1.486360e+21 
3.729167e+04 1.684374e-14 1.707148e+21 
3.750000e+04 1.317537e-14 2.119030e+21 
3.770833e+04 8.645833e-15 3.129756e+21 
3.791667e+04 4.351202e-15 5.986641e+21 
3.812500e+04 2.254237e-15 1.137559e+22 
3.833333e+04 5.254608e-16 4.620488e+22 
3.854167e+04 3.029013e-16 8.689153e+22 
3.875000e+04 8.193203e-17 3.251881e+23 
3.895833e+04 7.049345e-17 3.975672e+23 
3.916667e+04 4.659255e-17 6.132174e+23 
3.937500e+04 3.702772e-17 7.634550e+23 
3.958333e+04 2.717912e-17 1.015331e+24 
3.979167e+04 2.466828e-17 1.112518e+24 
4.000000e+04 2.250208e-17 1.200716e+24 
4.020833e+04 2.466828e-17 1.112518e+24 
4.041667e+04 2.717912e-17 1.015331e+24 
4.062500e+04 3.702772e-17 7.634550e+23 
4.083333e+04 4.659255e-17 6.132174e+23 
4.104167e+04 7.049345e-17 3.975672e+23 
4.125000e+04 8.193203e-17 3.251881e+23 
4.145833e+04 3.029013e-16 8.689153e+22 
4.166667e+04 5.254608e-16 4.620488e+22 
4.187500e+04 2.254237e-15 1.137559e+22 
4.208333e+04 4.351202e-15 5.986641e+21 
4.229167e+04 8.645833e-15 3.129756e+21 
4.250000e+04 1.317537e-14 2.119030e+21 
4.270833e+04 1.684374e-14 1.707148e+21 
4.291667e+04 1.999712e-14 1.486360e+21 
4.312500e+04 1.968963e-14 1.544846e+21 
4.333333e+04 1.882121e-14 1.662046e+21 
4.354167e+04 1.573744e-14 2.025047e+21 
4.375000e+04 1.258264e-14 2.585742e+21 
4.395833e+04 9.458436e-15 3.495816e+21 
4.416667e+04 6.540638e-15 5.123376e+21 
4.437500e+04 4.578272e-15 7.432828e+21 
4.458333e+04 2.815286e-15 1.216938e+22 
4.479167e+04 1.877506e-15 1.853825e+22 
4.500000e+04 1.050910e-15 3.315010e+22 
4.520833e+04 6.783359e-16 5.222576e+22 
4.541667e+04 3.527444e-16 9.999338e+22 
4.562500e+04 2.227943e-16 1.610885e+23 
4.583333e+04 1.096650e-16 3.240756e+23 
4.604167e+04 6.845618e-17 5.267462e+23 
4.625000e+04 3.246085e-17 1.091054e+24 
4.645833e+04 1.999011e-17 1.782577e+24 
4.666667e+04 9.304021e-18 3.712091e+24 
4.687500e+04 5.754025e-18 5.622838e+24 
4.708333e+04 2.590967e-18 1.000000e+25 
4.729167e+04 2.190601e-18 1.000000e+25 
4.750000e+04 2.088589e-18 1.000000e+25 
4.770833e+04 2.043443e-18 1.000000e+25 
4.791667e+04 1.972278e-18 1.000000e+25 
4.812500e+04 1.939939e-18 1.000000e+25 
4.833333e+04 1.908350e-18 1.000000e+25 
4.854167e+04 1.871527e-18 1.000000e+25 
4.875000e+04 1.836142e-18 1.000000e+25 
4.895833e+04 1.803689e-18 1.000000e+25 
4.916667e+04 1.774396e-18 1.000000e+25 
4.937500e+04 1.745067e-18 1.000000e+25 
4.958333e+04 1.717168e-18 1.000000e+25 
4.979167e+04 1.689054e-18 1.000000e+25 
5.000000e+04 1.662167e-18 1.000000e+25 
5.020833e+04 1.634659e-18 1.000000e+25 
5.041667e+04 1.607896e-18 1.000000e+25 
5.062500e+04 1.580184e-18 1.000000e+25 
5.083333e+04 1.552975e-18 1.000000e+25 
5.104167e+04 1.524773e-18 1.000000e+25 
5.125000e+04 1.496896e-18 1.000000e+25 
5.145833e+04 1.468105e-18 1.000000e+25 
5.166667e+04 1.439546e-18 1.000000e+25 
5.187500e+04 1.410296e-18 1.000000e+25 
5.208333e+04 1.381244e-18 1.000000e+25 
5.229167e+04 1.351811e-18 1.000000e+25 
5.250000e+04 1.322586e-18 1.000000e+25 
5.270833e+04 1.293344e-18 1.000000e+25 
5.291667e+04 1.264350e-18 1.000000e+25 
5.312500e+04 1.235715e-18 1.000000e+25 
5.333333e+04 1.207385e-18 1.000000e+25 
5.354167e+04 1.179767e-18 1.000000e+25 
5.375000e+04 1.152515e-18 1.000000e+25 
5.395833e+04 1.126269e-18 1.000000e+25 
5.416667e+04 1.100444e-18 1.000000e+25 
5.437500e+04 1.075834e-18 1.000000e+25 
5.458333e+04 1.051682e-18 1.000000e+25 
5.479167e+04 1.028855e-18 1.000000e+25 
5.500000e+04 1.006499e-18 1.000000e+25 
5.520833e+04 9.854740e-19 1.000000e+25 
5.541667e+04 9.649085e-19 1.000000e+25 
5.562500e+04 9.455919e-19 1.000000e+25 
5.583333e+04 9.267014e-19 1.000000e+25 
5.604167e+04 9.089165e-19 1.000000e+25 
5.625000e+04 8.915109e-19 1.000000e+25 
5.645833e+04 8.750386e-19 1.000000e+25 
5.666667e+04 8.588947e-19 1.000000e+25 
5.687500e+04 8.435135e-19 1.000000e+25 
5.708333e+04 8.284130e-19 1.000000e+25 
5.729167e+04 8.139271e-19 1.000000e+25 
5.750000e+04 7.996828e-19 1.000000e+25 
5.770833e+04 7.859375e-19 1.000000e+25 
5.791667e+04 7.724046e-19 1.000000e+25 
5.812500e+04 7.592880e-19 1.000000e+25 
5.833333e+04 7.463634e-19 1.000000e+25 
5.854167e+04 7.337996e-19 1.000000e+25 
5.875000e+04 7.214139e-19 1.000000e+25 
5.895833e+04 7.093522e-19 1.000000e+25 
5.916667e+04 6.974586e-19 1.000000e+25 
5.937500e+04 6.858629e-19 1.000000e+25 
5.958333e+04 6.744274e-19 1.000000e+25 
5.979167e+04 6.632691e-19 1.000000e+25 
6.000000e+04 6.522635e-19 1.000000e+25 
6.020833e+04 6.415170e-19 1.000000e+25 
6.041667e+04 6.309163e-19 1.000000e+25 
6.062500e+04 6.205585e-19 1.000000e+25 
6.083333e+04 6.103397e-19 1.000000e+25 
6.104167e+04 6.003503e-19 1.000000e+25 
6.125000e+04 5.904940e-19 1.000000e+25 
6.145833e+04 5.808567e-19 1.000000e+25 
6.166667e+04 5.713475e-19 1.000000e+25 
6.187500e+04 5.620501e-19 1.000000e+25 
6.208333e+04 5.528769e-19 1.000000e+25 
6.229167e+04 5.439110e-19 1.000000e+25 
6.250000e+04 5.350659e-19 1.000000e+25 
6.270833e+04 5.264251e-19 1.000000e+25 
6.291667e+04 5.179022e-19 1.000000e+25 
6.312500e+04 5.095807e-19 1.000000e+25 
6.333333e+04 5.013739e-19 1.000000e+25 
6.354167e+04 4.933647e-19 1.000000e+25 
6.375000e+04 4.854669e-19 1.000000e+25 
6.395833e+04 4.777610e-19 1.000000e+25 
6.416667e+04 4.701626e-19 1.000000e+25 
6.437500e+04 4.627487e-19 1.000000e+25 
6.458333e+04 4.554380e-19 1.000000e+25 
6.479167e+04 4.483027e-19 1.000000e+25 
6.500000e+04 4.412659e-19 1.000000e+25 
6.520833e+04 4.343944e-19 1.000000e+25 
6.541667e+04 4.276164e-19 1.000000e+25 
6.562500e+04 4.209932e-19 1.000000e+25 
6.583333e+04 4.144586e-19 1.000000e+25 
6.604167e+04 4.080689e-19 1.000000e+25 
6.625000e+04 4.017633e-19 1.000000e+25 
6.645833e+04 3.955942e-19 1.000000e+25 
6.666667e+04 3.895050e-19 1.000000e+25 
6.687500e+04 3.835462e-19 1.000000e+25 
6.708333e+04 3.776640e-19 1.000000e+25 
6.729167e+04 3.719083e-19 1.000000e+25 
6.750000e+04 3.662267e-19 1.000000e+25 
6.770833e+04 3.606702e-19 1.000000e+25 
6.791667e+04 3.551858e-19 1.000000e+25 
6.812500e+04 3.498269e-19 1.000000e+25 
6.833333e+04 3.445389e-19 1.000000e+25 
6.854167e+04 3.393777e-19 1.000000e+25 
6.875000e+04 3.342865e-19 1.000000e+25 
6.895833e+04 3.293237e-19 1.000000e+25 
6.916667e+04 3.244301e-19 1.000000e+25 
6.937500e+04 3.196662e-19 1.000000e+25 
6.958333e+04 3.149708e-19 1.000000e+25 
6.979167e+04 3.104054e-19 1.000000e+25 
7.000000e+04 3.059079e-19 1.000000e+25 
7.020833e+04 3.015399e-19 1.000000e+25 
7.041667e+04 2.972388e-19 1.000000e+25 
7.062500e+04 2.930659e-19 1.000000e+25 
7.083333e+04 2.889591e-19 1.000000e+25 
7.104167e+04 2.849787e-19 1.000000e+25 
7.125000e+04 2.810634e-19 1.000000e+25 
7.145833e+04 2.772722e-19 1.000000e+25 
7.166667e+04 2.735453e-19 1.000000e+25 
7.187500e+04 2.699404e-19 1.000000e+25 
7.208333e+04 2.663990e-19 1.000000e+25 
7.229167e+04 2.629773e-19 1.000000e+25 
7.250000e+04 2.596187e-19 1.000000e+25 
7.270833e+04 2.563779e-19 1.000000e+25 
7.291667e+04 2.531998e-19 1.000000e+25 
7.312500e+04 2.501379e-19 1.000000e+25 
7.333333e+04 2.471386e-19 1.000000e+25 
7.354167e+04 2.442543e-19 1.000000e+25 
7.375000e+04 2.414327e-19 1.000000e+25 
7.395833e+04 2.387252e-19 1.000000e+25 
7.416667e+04 2.360806e-19 1.000000e+25 
7.437500e+04 2.335497e-19 1.000000e+25 
7.458333e+04 2.310821e-19 1.000000e+25 
7.479167e+04 2.287280e-19 1.000000e+25 
7.500000e+04 2.264379e-19 1.000000e+25 
7.520833e+04 2.242613e-19 1.000000e+25 
7.541667e+04 2.221493e-19 1.000000e+25 
7.562500e+04 2.201512e-19 1.000000e+25 
7.583333e+04 2.182186e-19 1.000000e+25 
7.604167e+04 2.164003e-19 1.000000e+25 
7.625000e+04 2.146484e-19 1.000000e+25 
7.645833e+04 2.130115e-19 1.000000e+25 
7.666667e+04 2.114418e-19 1.000000e+25 
7.687500e+04 2.099879e-19 1.000000e+25 
7.708333e+04 2.086021e-19 1.000000e+25 
7.729167e+04 2.073328e-19 1.000000e+25 
7.750000e+04 2.061326e-19 1.000000e+25 
7.770833e+04 2.050497e-19 1.000000e+25 
7.791667e+04 2.040365e-19 1.000000e+25 
7.812500e+04 2.031415e-19 1.000000e+25 
7.833333e+04 2.023169e-19 1.000000e+25 
7.854167e+04 2.016112e-19 1.000000e+25 
7.875000e+04 2.009765e-19 1.000000e+25 
7.895833e+04 2.004611e-19 1.000000e+25 
7.916667e+04 2.000174e-19 1.000000e+25 
7.937500e+04 1.996934e-19 1.000000e+25 
7.958333e+04 1.994413e-19 1.000000e+25 
7.979167e+04 1.993091e-19 1.000000e+25 
8.000000e+04 1.992491e-19 1.000000e+25 
