0.000000e+00 7.935743e-20 1.000000e+25 
3.125000e+02 7.940762e-20 1.000000e+25 
6.250000e+02 7.951818e-20 1.000000e+25 
9.375000e+02 7.972891e-20 1.000000e+25 
1.250000e+03 7.999971e-20 1.000000e+25 
1.562500e+03 8.037007e-20 1.000000e+25 
1.875000e+03 8.079991e-20 1.000000e+25 
2.187500e+03 8.132835e-20 1.000000e+25 
2.500000e+03 8.191547e-20 1.000000e+25 
2.812500e+03 8.259994e-20 1.000000e+25 
3.125000e+03 8.334214e-20 1.000000e+25 
3.437500e+03 8.418025e-20 1.000000e+25 
3.750000e+03 8.507508e-20 1.000000e+25 
4.062500e+03 8.606428e-20 1.000000e+25 
4.375000e+03 8.710920e-20 1.000000e+25 
4.687500e+03 8.824698e-20 1.000000e+25 
5.000000e+03 8.943961e-20 1.000000e+25 
5.312500e+03 9.072368e-20 1.000000e+25 
5.625000e+03 9.206195e-20 1.000000e+25 
5.937500e+03 9.349041e-20 1.000000e+25 
6.250000e+03 9.497273e-20 1.000000e+25 
6.562500e+03 9.654423e-20 1.000000e+25 
6.875000e+03 9.816963e-20 1.000000e+25 
7.187500e+03 9.988347e-20 1.000000e+25 
7.500000e+03 1.016517e-19 1.000000e+25 
7.812500e+03 1.035079e-19 1.000000e+25 
8.125000e+03 1.054195e-19 1.000000e+25 
8.437500e+03 1.074189e-19 1.000000e+25 
8.750000e+03 1.094753e-19 1.000000e+25 
9.062500e+03 1.116194e-19 1.000000e+25 
9.375000e+03 1.138226e-19 1.000000e+25 
9.687500e+03 1.161136e-19 1.000000e+25 
1.000000e+04 1.184665e-19 1.000000e+25 
1.031250e+04 1.209069e-19 1.000000e+25 
1.062500e+04 1.234129e-19 1.000000e+25 
1.093750e+04 1.260056e-19 1.000000e+25 
1.125000e+04 1.286680e-19 1.000000e+25 
1.156250e+04 1.314157e-19 1.000000e+25 
1.187500e+04 1.342379e-19 1.000000e+25 
1.218750e+04 1.371427e-19 1.000000e+25 
1.250000e+04 1.401272e-19 1.000000e+25 
1.281250e+04 1.431903e-19 1.000000e+25 
1.312500e+04 1.463386e-19 1.000000e+25 
1.343750e+04 1.495597e-19 1.000000e+25 
1.375000e+04 1.528720e-19 1.000000e+25 
1.406250e+04 1.562496e-19 1.000000e+25 
1.437500e+04 1.597246e-19 1.000000e+25 
1.468750e+04 1.632566e-19 1.000000e+25 
1.500000e+04 1.668925e-19 1.000000e+25 
1.531250e+04 1.705784e-19 1.000000e+25 
1.562500e+04 1.743753e-19 1.000000e+25 
1.593750e+04 1.782198e-19 1.000000e+25 
1.625000e+04 1.821840e-19 1.000000e+25 
1.656250e+04 1.862034e-19 1.000000e+25 
1.687500e+04 1.903542e-19 1.000000e+25 
1.718750e+04 1.945844e-19 1.000000e+25 
1.750000e+04 1.989622e-19 1.000000e+25 
1.781250e+04 2.034671e-19 1.000000e+25 
1.812500e+04 2.081415e-19 1.000000e+25 
1.843750e+04 2.130163e-19 1.000000e+25 
1.875000e+04 2.180879e-19 1.000000e+25 
1.906250e+04 2.234556e-19 1.000000e+25 
1.937500e+04 2.290511e-19 1.000000e+25 
1.968750e+04 2.350416e-19 1.000000e+25 
2.000000e+04 2.412838e-19 1.000000e+25 
2.031250e+04 2.480261e-19 1.000000e+25 
2.062500e+04 2.550536e-19 1.000000e+25 
2.093750e+04 2.625905e-19 1.000000e+25 
2.125000e+04 2.703668e-19 1.000000e+25 
2.156250e+04 2.788314e-19 1.000000e+25 
2.187500e+04 2.877155e-19 1.000000e+25 
2.218750e+04 2.967864e-19 1.000000e+25 
2.250000e+04 3.057467e-19 1.000000e+25 
2.281250e+04 3.154942e-19 1.000000e+25 
2.312500e+04 3.261416e-19 1.000000e+25 
2.343750e+04 3.373175e-19 1.000000e+25 
2.375000e+04 3.485240e-19 1.000000e+25 
2.406250e+04 3.568038e-19 1.000000e+25 
2.437500e+04 3.563022e-19 1.000000e+25 
2.468750e+04 3.494284e-19 1.000000e+25 
2.500000e+04 3.843015e-19 1.000000e+25 
2.531250e+04 5.333877e-19 9.392712e+24 
2.562500e+04 7.530851e-19 6.641874e+24 
2.593750e+04 1.093068e-18 4.580214e+24 
2.625000e+04 1.545943e-18 3.235011e+24 
2.656250e+04 2.311379e-18 2.166167e+24 
2.687500e+04 3.306841e-18 1.512361e+24 
2.718750e+04 5.015433e-18 9.982447e+23 
2.750000e+04 7.214063e-18 6.932061e+23 
2.781250e+04 1.103868e-17 4.534982e+23 
2.812500e+04 1.593383e-17 3.138339e+23 
2.843750e+04 2.451925e-17 2.041377e+23 
2.875000e+04 3.544186e-17 1.410880e+23 
2.906250e+04 5.450343e-17 9.182111e+22 
2.937500e+04 7.856151e-17 6.364853e+22 
2.968750e+04 1.199980e-16 4.169925e+22 
3.000000e+04 1.718475e-16 2.909735e+22 
3.031250e+04 2.596274e-16 1.927040e+22 
3.062500e+04 3.684448e-16 1.357170e+22 
3.093750e+04 5.481861e-16 9.125646e+21 
3.125000e+04 7.682216e-16 6.509552e+21 
3.156250e+04 1.118257e-15 4.473326e+21 
3.187500e+04 1.538987e-15 3.249891e+21 
3.218750e+04 2.171905e-15 2.303385e+21 
3.250000e+04 2.912745e-15 1.717597e+21 
3.281250e+04 3.938756e-15 1.270473e+21 
3.312500e+04 5.093524e-15 9.826420e+20 
3.343750e+04 6.500738e-15 7.701435e+20 
3.375000e+04 7.988527e-15 6.268992e+20 
3.406250e+04 9.435411e-15 5.309288e+20 
3.437500e+04 1.078944e-14 4.644162e+20 
3.468750e+04 1.149678e-14 4.359284e+20 
3.500000e+04 1.185881e-14 4.226280e+20 
3.531250e+04 1.106209e-14 4.530153e+20 
3.562500e+04 9.861322e-15 5.080352e+20 
3.593750e+04 7.837494e-15 6.389590e+20 
3.625000e+04 5.722193e-15 8.747925e+20 
3.656250e+04 3.958099e-15 1.264594e+21 
3.687500e+04 2.476147e-15 2.020305e+21 
3.718750e+04 1.866645e-15 2.680526e+21 
3.750000e+04 1.456908e-15 3.432973e+21 
3.781250e+04 1.301901e-15 3.841610e+21 
3.812500e+04 1.148734e-15 4.353650e+21 
3.843750e+04 1.035231e-15 4.830868e+21 
3.875000e+04 9.265773e-16 5.397208e+21 
3.906250e+04 8.520671e-16 5.869144e+21 
3.937500e+04 7.906722e-16 6.324734e+21 
3.968750e+04 7.661144e-16 6.527526e+21 
4.000000e+04 7.517603e-16 6.652058e+21 
4.031250e+04 7.661144e-16 6.527526e+21 
4.062500e+04 7.906722e-16 6.324734e+21 
4.093750e+04 8.520671e-16 5.869144e+21 
4.125000e+04 9.265773e-16 5.397208e+21 
4.156250e+04 1.035231e-15 4.830868e+21 
4.187500e+04 1.148734e-15 4.353650e+21 
4.218750e+04 1.301901e-15 3.841610e+21 
4.250000e+04 1.456908e-15 3.432973e+21 
4.281250e+04 1.866645e-15 2.680526e+21 
4.312500e+04 2.476147e-15 2.020305e+21 
4.343750e+04 3.958099e-15 1.264594e+21 
4.375000e+04 5.722193e-15 8.747925e+20 
4.406250e+04 7.837494e-15 6.389590e+20 
4.437500e+04 9.861322e-15 5.080352e+20 
4.468750e+04 1.106209e-14 4.530153e+20 
4.500000e+04 1.185881e-14 4.226280e+20 
4.531250e+04 1.149678e-14 4.359284e+20 
4.562500e+04 1.078944e-14 4.644162e+20 
4.593750e+04 9.435411e-15 5.309288e+20 
4.625000e+04 7.988527e-15 6.268992e+20 
4.656250e+04 6.500738e-15 7.701435e+20 
4.687500e+04 5.093524e-15 9.826420e+20 
4.718750e+04 3.938756e-15 1.270473e+21 
4.750000e+04 2.912745e-15 1.717597e+21 
4.781250e+04 2.171905e-15 2.303385e+21 
4.812500e+04 1.538987e-15 3.249891e+21 
4.843750e+04 1.118257e-15 4.473326e+21 
4.875000e+04 7.682216e-16 6.509552e+21 
4.906250e+04 5.481861e-16 9.125646e+21 
4.937500e+04 3.684448e-16 1.357170e+22 
4.968750e+04 2.596274e-16 1.927040e+22 
5.000000e+04 1.718475e-16 2.909735e+22 
5.031250e+04 1.199980e-16 4.169925e+22 
5.062500e+04 7.856151e-17 6.364853e+22 
5.093750e+04 5.450343e-17 9.182111e+22 
5.125000e+04 3.544186e-17 1.410880e+23 
5.156250e+04 2.451925e-17 2.041377e+23 
5.187500e+04 1.593383e-17 3.138339e+23 
5.218750e+04 1.103868e-17 4.534982e+23 
5.250000e+04 7.214063e-18 6.932061e+23 
5.281250e+04 5.015433e-18 9.982447e+23 
5.312500e+04 3.306841e-18 1.512361e+24 
5.343750e+04 2.311379e-18 2.166167e+24 
5.375000e+04 1.545943e-18 3.235011e+24 
5.406250e+04 1.093068e-18 4.580214e+24 
5.437500e+04 7.530851e-19 6.641874e+24 
5.468750e+04 5.333877e-19 9.392712e+24 
5.500000e+04 3.843015e-19 1.000000e+25 
5.531250e+04 3.494284e-19 1.000000e+25 
5.562500e+04 3.563022e-19 1.000000e+25 
5.593750e+04 3.568038e-19 1.000000e+25 
5.625000e+04 3.485240e-19 1.000000e+25 
5.656250e+04 3.373175e-19 1.000000e+25 
5.687500e+04 3.261416e-19 1.000000e+25 
5.718750e+04 3.154942e-19 1.000000e+25 
5.750000e+04 3.057467e-19 1.000000e+25 
5.781250e+04 2.967864e-19 1.000000e+25 
5.812500e+04 2.877155e-19 1.000000e+25 
5.843750e+04 2.788314e-19 1.000000e+25 
5.875000e+04 2.703668e-19 1.000000e+25 
5.906250e+04 2.625905e-19 1.000000e+25 
5.937500e+04 2.550536e-19 1.000000e+25 
5.968750e+04 2.480261e-19 1.000000e+25 
6.000000e+04 2.412838e-19 1.000000e+25 
6.031250e+04 2.350416e-19 1.000000e+25 
6.062500e+04 2.290511e-19 1.000000e+25 
6.093750e+04 2.234556e-19 1.000000e+25 
6.125000e+04 2.180879e-19 1.000000e+25 
6.156250e+04 2.130163e-19 1.000000e+25 
6.187500e+04 2.081415e-19 1.000000e+25 
6.218750e+04 2.034671e-19 1.000000e+25 
6.250000e+04 1.989622e-19 1.000000e+25 
6.281250e+04 1.945844e-19 1.000000e+25 
6.312500e+04 1.903542e-19 1.000000e+25 
6.343750e+04 1.862034e-19 1.000000e+25 
6.375000e+04 1.821840e-19 1.000000e+25 
6.406250e+04 1.782198e-19 1.000000e+25 
6.437500e+04 1.743753e-19 1.000000e+25 
6.468750e+04 1.705784e-19 1.000000e+25 
6.500000e+04 1.668925e-19 1.000000e+25 
6.531250e+04 1.632566e-19 1.000000e+25 
6.562500e+04 1.597246e-19 1.000000e+25 
6.593750e+04 1.562496e-19 1.000000e+25 
6.625000e+04 1.528720e-19 1.000000e+25 
6.656250e+04 1.495597e-19 1.000000e+25 
6.687500e+04 1.463386e-19 1.000000e+25 
6.718750e+04 1.431903e-19 1.000000e+25 
6.750000e+04 1.401272e-19 1.000000e+25 
6.781250e+04 1.371427e-19 1.000000e+25 
6.812500e+04 1.342379e-19 1.000000e+25 
6.843750e+04 1.314157e-19 1.000000e+25 
6.875000e+04 1.286680e-19 1.000000e+25 
6.906250e+04 1.260056e-19 1.000000e+25 
6.937500e+04 1.234129e-19 1.000000e+25 
6.968750e+04 1.209069e-19 1.000000e+25 
7.000000e+04 1.184665e-19 1.000000e+25 
7.031250e+04 1.161136e-19 1.000000e+25 
7.062500e+04 1.138226e-19 1.000000e+25 
7.093750e+04 1.116194e-19 1.000000e+25 
7.125000e+04 1.094753e-19 1.000000e+25 
7.156250e+04 1.074189e-19 1.000000e+25 
7.187500e+04 1.054195e-19 1.000000e+25 
7.218750e+04 1.035079e-19 1.000000e+25 
7.250000e+04 1.016517e-19 1.000000e+25 
7.281250e+04 9.988347e-20 1.000000e+25 
7.312500e+04 9.816963e-20 1.000000e+25 
7.343750e+04 9.654423e-20 1.000000e+25 
7.375000e+04 9.497273e-20 1.000000e+25 
7.406250e+04 9.349041e-20 1.000000e+25 
7.437500e+04 9.206195e-20 1.000000e+25 
7.468750e+04 9.072368e-20 1.000000e+25 
7.500000e+04 8.943962e-20 1.000000e+25 
7.531250e+04 8.824698e-20 1.000000e+25 
7.562500e+04 8.710920e-20 1.000000e+25 
7.593750e+04 8.606428e-20 1.000000e+25 
7.625000e+04 8.507508e-20 1.000000e+25 
7.656250e+04 8.418025e-20 1.000000e+25 
7.687500e+04 8.334214e-20 1.000000e+25 
7.718750e+04 8.259994e-20 1.000000e+25 
7.750000e+04 8.191547e-20 1.000000e+25 
7.781250e+04 8.132835e-20 1.000000e+25 
7.812500e+04 8.079991e-20 1.000000e+25 
7.843750e+04 8.037007e-20 1.000000e+25 
7.875000e+04 7.999971e-20 1.000000e+25 
7.906250e+04 7.972891e-20 1.000000e+25 
7.937500e+04 7.951818e-20 1.000000e+25 
7.968750e+04 7.940762e-20 1.000000e+25 
8.000000e+04 7.935743e-20 1.000000e+25 
