0.000000e+00 1.889935e-19 1.000000e+25 
3.125000e+02 1.891211e-19 1.000000e+25 
6.250000e+02 1.894027e-19 1.000000e+25 
9.375000e+02 1.899391e-19 1.000000e+25 
1.250000e+03 1.906287e-19 1.000000e+25 
1.562500e+03 1.915720e-19 1.000000e+25 
1.875000e+03 1.926668e-19 1.000000e+25 
2.187500e+03 1.940135e-19 1.000000e+25 
2.500000e+03 1.955096e-19 1.000000e+25 
2.812500e+03 1.972553e-19 1.000000e+25 
3.125000e+03 1.991478e-19 1.000000e+25 
3.437500e+03 2.012873e-19 1.000000e+25 
3.750000e+03 2.035707e-19 1.000000e+25 
4.062500e+03 2.060986e-19 1.000000e+25 
4.375000e+03 2.087675e-19 1.000000e+25 
4.687500e+03 2.116786e-19 1.000000e+25 
5.000000e+03 2.147281e-19 1.000000e+25 
5.312500e+03 2.180182e-19 1.000000e+25 
5.625000e+03 2.214443e-19 1.000000e+25 
5.937500e+03 2.251103e-19 1.000000e+25 
6.250000e+03 2.289106e-19 1.000000e+25 
6.562500e+03 2.329514e-19 1.000000e+25 
6.875000e+03 2.371255e-19 1.000000e+25 
7.187500e+03 2.415424e-19 1.000000e+25 
7.500000e+03 2.460923e-19 1.000000e+25 
7.812500e+03 2.508891e-19 1.000000e+25 
8.125000e+03 2.558198e-19 1.000000e+25 
8.437500e+03 2.610035e-19 1.000000e+25 
8.750000e+03 2.663230e-19 1.000000e+25 
9.062500e+03 2.719033e-19 1.000000e+25 
9.375000e+03 2.776222e-19 1.000000e+25 
9.687500e+03 2.836110e-19 1.000000e+25 
1.000000e+04 2.897419e-19 1.000000e+25 
1.031250e+04 2.961512e-19 1.000000e+25 
1.062500e+04 3.027065e-19 1.000000e+25 
1.093750e+04 3.095464e-19 1.000000e+25 
1.125000e+04 3.165357e-19 1.000000e+25 
1.156250e+04 3.238110e-19 1.000000e+25 
1.187500e+04 3.312381e-19 1.000000e+25 
1.218750e+04 3.389471e-19 1.000000e+25 
1.250000e+04 3.468098e-19 1.000000e+25 
1.281250e+04 3.549475e-19 1.000000e+25 
1.312500e+04 3.632415e-19 1.000000e+25 
1.343750e+04 3.718071e-19 1.000000e+25 
1.375000e+04 3.805345e-19 1.000000e+25 
1.406250e+04 3.895409e-19 1.000000e+25 
1.437500e+04 3.987190e-19 1.000000e+25 
1.468750e+04 4.081960e-19 1.000000e+25 
1.500000e+04 4.178580e-19 1.000000e+25 
1.531250e+04 4.278462e-19 1.000000e+25 
1.562500e+04 4.380330e-19 1.000000e+25 
1.593750e+04 4.485725e-19 1.000000e+25 
1.625000e+04 4.593226e-19 1.000000e+25 
1.656250e+04 4.704470e-19 1.000000e+25 
1.687500e+04 4.817921e-19 1.000000e+25 
1.718750e+04 4.935342e-19 1.000000e+25 
1.750000e+04 5.055089e-19 1.000000e+25 
1.781250e+04 5.179175e-19 1.000000e+25 
1.812500e+04 5.305766e-19 1.000000e+25 
1.843750e+04 5.437348e-19 1.000000e+25 
1.875000e+04 5.571707e-19 1.000000e+25 
1.906250e+04 5.712101e-19 1.000000e+25 
1.937500e+04 5.855665e-19 1.000000e+25 
1.968750e+04 6.006781e-19 1.000000e+25 
2.000000e+04 6.161604e-19 1.000000e+25 
2.031250e+04 6.326034e-19 1.000000e+25 
2.062500e+04 6.494871e-19 1.000000e+25 
2.093750e+04 6.675840e-19 1.000000e+25 
2.125000e+04 6.862041e-19 1.000000e+25 
2.156250e+04 7.063060e-19 1.000000e+25 
2.187500e+04 7.270147e-19 1.000000e+25 
2.218750e+04 7.494253e-19 1.000000e+25 
2.250000e+04 7.725075e-19 1.000000e+25 
2.281250e+04 7.973823e-19 1.000000e+25 
2.312500e+04 8.229577e-19 1.000000e+25 
2.343750e+04 8.502194e-19 1.000000e+25 
2.375000e+04 8.781709e-19 1.000000e+25 
2.406250e+04 9.074887e-19 1.000000e+25 
2.437500e+04 9.374626e-19 1.000000e+25 
2.468750e+04 9.683281e-19 1.000000e+25 
2.500000e+04 9.998327e-19 1.000000e+25 
2.531250e+04 1.031723e-18 1.000000e+25 
2.562500e+04 1.064301e-18 1.000000e+25 
2.593750e+04 1.096875e-18 1.000000e+25 
2.625000e+04 1.130290e-18 1.000000e+25 
2.656250e+04 1.163515e-18 1.000000e+25 
2.687500e+04 1.197858e-18 1.000000e+25 
2.718750e+04 1.232183e-18 1.000000e+25 
2.750000e+04 1.268120e-18 1.000000e+25 
2.781250e+04 1.304377e-18 1.000000e+25 
2.812500e+04 1.342778e-18 1.000000e+25 
2.843750e+04 1.381828e-18 1.000000e+25 
2.875000e+04 1.423654e-18 1.000000e+25 
2.906250e+04 1.467436e-18 1.000000e+25 
2.937500e+04 1.515372e-18 1.000000e+25 
2.968750e+04 1.565330e-18 1.000000e+25 
3.000000e+04 1.622469e-18 1.000000e+25 
3.031250e+04 1.670358e-18 1.000000e+25 
3.062500e+04 1.709899e-18 1.000000e+25 
3.093750e+04 1.772981e-18 1.000000e+25 
3.125000e+04 1.847763e-18 1.000000e+25 
3.156250e+04 1.823208e-18 1.000000e+25 
3.187500e+04 1.692064e-18 1.000000e+25 
3.218750e+04 5.444494e-18 5.940661e+24 
3.250000e+04 1.079264e-17 2.926457e+24 
3.281250e+04 3.322192e-17 9.573198e+23 
3.312500e+04 6.228267e-17 5.044219e+23 
3.343750e+04 1.687325e-16 1.863627e+23 
3.375000e+04 3.110804e-16 1.001509e+23 
3.406250e+04 7.490732e-16 4.143261e+22 
3.437500e+04 1.330762e-15 2.313113e+22 
3.468750e+04 2.768289e-15 1.102060e+22 
3.500000e+04 4.615265e-15 6.543565e+21 
3.531250e+04 7.977752e-15 3.729891e+21 
3.562500e+04 1.193276e-14 2.456791e+21 
3.593750e+04 1.641327e-14 1.745374e+21 
3.625000e+04 2.070208e-14 1.351276e+21 
3.656250e+04 2.144316e-14 1.253507e+21 
3.687500e+04 2.064298e-14 1.247870e+21 
3.718750e+04 1.486842e-14 1.656668e+21 
3.750000e+04 8.245523e-15 2.849611e+21 
3.781250e+04 3.669260e-15 6.131775e+21 
3.812500e+04 4.580171e-16 4.785068e+22 
3.843750e+04 2.030733e-16 1.058970e+23 
3.875000e+04 2.672209e-17 8.703677e+23 
3.906250e+04 5.269232e-18 4.946011e+24 
3.937500e+04 2.658215e-18 1.000000e+25 
3.968750e+04 1.903840e-18 1.000000e+25 
4.000000e+04 1.485552e-18 1.000000e+25 
4.031250e+04 1.903840e-18 1.000000e+25 
4.062500e+04 2.658215e-18 1.000000e+25 
4.093750e+04 5.269232e-18 4.946011e+24 
4.125000e+04 2.672209e-17 8.703677e+23 
4.156250e+04 2.030733e-16 1.058970e+23 
4.187500e+04 4.580171e-16 4.785068e+22 
4.218750e+04 3.669260e-15 6.131775e+21 
4.250000e+04 8.245523e-15 2.849611e+21 
4.281250e+04 1.486842e-14 1.656668e+21 
4.312500e+04 2.064298e-14 1.247870e+21 
4.343750e+04 2.144316e-14 1.253507e+21 
4.375000e+04 2.070208e-14 1.351276e+21 
4.406250e+04 1.641327e-14 1.745374e+21 
4.437500e+04 1.193276e-14 2.456791e+21 
4.468750e+04 7.977752e-15 3.729891e+21 
4.500000e+04 4.615265e-15 6.543565e+21 
4.531250e+04 2.768289e-15 1.102060e+22 
4.562500e+04 1.330762e-15 2.313113e+22 
4.593750e+04 7.490732e-16 4.143261e+22 
4.625000e+04 3.110804e-16 1.001509e+23 
4.656250e+04 1.687325e-16 1.863627e+23 
4.687500e+04 6.228267e-17 5.044219e+23 
4.718750e+04 3.322192e-17 9.573198e+23 
4.750000e+04 1.079264e-17 2.926457e+24 
4.781250e+04 5.444494e-18 5.940661e+24 
4.812500e+04 1.692064e-18 1.000000e+25 
4.843750e+04 1.823208e-18 1.000000e+25 
4.875000e+04 1.847763e-18 1.000000e+25 
4.906250e+04 1.772981e-18 1.000000e+25 
4.937500e+04 1.709899e-18 1.000000e+25 
4.968750e+04 1.670358e-18 1.000000e+25 
5.000000e+04 1.622469e-18 1.000000e+25 
5.031250e+04 1.565330e-18 1.000000e+25 
5.062500e+04 1.515372e-18 1.000000e+25 
5.093750e+04 1.467436e-18 1.000000e+25 
5.125000e+04 1.423654e-18 1.000000e+25 
5.156250e+04 1.381828e-18 1.000000e+25 
5.187500e+04 1.342778e-18 1.000000e+25 
5.218750e+04 1.304377e-18 1.000000e+25 
5.250000e+04 1.268120e-18 1.000000e+25 
5.281250e+04 1.232183e-18 1.000000e+25 
5.312500e+04 1.197858e-18 1.000000e+25 
5.343750e+04 1.163515e-18 1.000000e+25 
5.375000e+04 1.130290e-18 1.000000e+25 
5.406250e+04 1.096875e-18 1.000000e+25 
5.437500e+04 1.064301e-18 1.000000e+25 
5.468750e+04 1.031723e-18 1.000000e+25 
5.500000e+04 9.998327e-19 1.000000e+25 
5.531250e+04 9.683281e-19 1.000000e+25 
5.562500e+04 9.374626e-19 1.000000e+25 
5.593750e+04 9.074887e-19 1.000000e+25 
5.625000e+04 8.781709e-19 1.000000e+25 
5.656250e+04 8.502194e-19 1.000000e+25 
5.687500e+04 8.229577e-19 1.000000e+25 
5.718750e+04 7.973823e-19 1.000000e+25 
5.750000e+04 7.725075e-19 1.000000e+25 
5.781250e+04 7.494253e-19 1.000000e+25 
5.812500e+04 7.270147e-19 1.000000e+25 
5.843750e+04 7.063060e-19 1.000000e+25 
5.875000e+04 6.862041e-19 1.000000e+25 
5.906250e+04 6.675840e-19 1.000000e+25 
5.937500e+04 6.494871e-19 1.000000e+25 
5.968750e+04 6.326034e-19 1.000000e+25 
6.000000e+04 6.161604e-19 1.000000e+25 
6.031250e+04 6.006781e-19 1.000000e+25 
6.062500e+04 5.855665e-19 1.000000e+25 
6.093750e+04 5.712101e-19 1.000000e+25 
6.125000e+04 5.571707e-19 1.000000e+25 
6.156250e+04 5.437348e-19 1.000000e+25 
6.187500e+04 5.305766e-19 1.000000e+25 
6.218750e+04 5.179175e-19 1.000000e+25 
6.250000e+04 5.055089e-19 1.000000e+25 
6.281250e+04 4.935342e-19 1.000000e+25 
6.312500e+04 4.817921e-19 1.000000e+25 
6.343750e+04 4.704470e-19 1.000000e+25 
6.375000e+04 4.593226e-19 1.000000e+25 
6.406250e+04 4.485725e-19 1.000000e+25 
6.437500e+04 4.380330e-19 1.000000e+25 
6.468750e+04 4.278462e-19 1.000000e+25 
6.500000e+04 4.178580e-19 1.000000e+25 
6.531250e+04 4.081960e-19 1.000000e+25 
6.562500e+04 3.987190e-19 1.000000e+25 
6.593750e+04 3.895409e-19 1.000000e+25 
6.625000e+04 3.805345e-19 1.000000e+25 
6.656250e+04 3.718071e-19 1.000000e+25 
6.687500e+04 3.632415e-19 1.000000e+25 
6.718750e+04 3.549475e-19 1.000000e+25 
6.750000e+04 3.468098e-19 1.000000e+25 
6.781250e+04 3.389471e-19 1.000000e+25 
6.812500e+04 3.312381e-19 1.000000e+25 
6.843750e+04 3.238110e-19 1.000000e+25 
6.875000e+04 3.165357e-19 1.000000e+25 
6.906250e+04 3.095464e-19 1.000000e+25 
6.937500e+04 3.027065e-19 1.000000e+25 
6.968750e+04 2.961512e-19 1.000000e+25 
7.000000e+04 2.897419e-19 1.000000e+25 
7.031250e+04 2.836110e-19 1.000000e+25 
7.062500e+04 2.776222e-19 1.000000e+25 
7.093750e+04 2.719033e-19 1.000000e+25 
7.125000e+04 2.663230e-19 1.000000e+25 
7.156250e+04 2.610035e-19 1.000000e+25 
7.187500e+04 2.558198e-19 1.000000e+25 
7.218750e+04 2.508891e-19 1.000000e+25 
7.250000e+04 2.460923e-19 1.000000e+25 
7.281250e+04 2.415424e-19 1.000000e+25 
7.312500e+04 2.371255e-19 1.000000e+25 
7.343750e+04 2.329514e-19 1.000000e+25 
7.375000e+04 2.289106e-19 1.000000e+25 
7.406250e+04 2.251103e-19 1.000000e+25 
7.437500e+04 2.214443e-19 1.000000e+25 
7.468750e+04 2.180182e-19 1.000000e+25 
7.500000e+04 2.147281e-19 1.000000e+25 
7.531250e+04 2.116786e-19 1.000000e+25 
7.562500e+04 2.087675e-19 1.000000e+25 
7.593750e+04 2.060986e-19 1.000000e+25 
7.625000e+04 2.035707e-19 1.000000e+25 
7.656250e+04 2.012873e-19 1.000000e+25 
7.687500e+04 1.991478e-19 1.000000e+25 
7.718750e+04 1.972553e-19 1.000000e+25 
7.750000e+04 1.955096e-19 1.000000e+25 
7.781250e+04 1.940135e-19 1.000000e+25 
7.812500e+04 1.926668e-19 1.000000e+25 
7.843750e+04 1.915720e-19 1.000000e+25 
7.875000e+04 1.906287e-19 1.000000e+25 
7.906250e+04 1.899391e-19 1.000000e+25 
7.937500e+04 1.894027e-19 1.000000e+25 
7.968750e+04 1.891211e-19 1.000000e+25 
8.000000e+04 1.889935e-19 1.000000e+25 
