0.000000e+00 8.112138e-20 1.000000e+25 
3.125000e+02 8.117247e-20 1.000000e+25 
6.250000e+02 8.128520e-20 1.000000e+25 
9.375000e+02 8.149989e-20 1.000000e+25 
1.250000e+03 8.177592e-20 1.000000e+25 
1.562500e+03 8.215330e-20 1.000000e+25 
1.875000e+03 8.259143e-20 1.000000e+25 
2.187500e+03 8.312995e-20 1.000000e+25 
2.500000e+03 8.372842e-20 1.000000e+25 
2.812500e+03 8.442601e-20 1.000000e+25 
3.125000e+03 8.518261e-20 1.000000e+25 
3.437500e+03 8.603689e-20 1.000000e+25 
3.750000e+03 8.694917e-20 1.000000e+25 
4.062500e+03 8.795758e-20 1.000000e+25 
4.375000e+03 8.902302e-20 1.000000e+25 
4.687500e+03 9.018307e-20 1.000000e+25 
5.000000e+03 9.139932e-20 1.000000e+25 
5.312500e+03 9.270873e-20 1.000000e+25 
5.625000e+03 9.407374e-20 1.000000e+25 
5.937500e+03 9.553067e-20 1.000000e+25 
6.250000e+03 9.704290e-20 1.000000e+25 
6.562500e+03 9.864606e-20 1.000000e+25 
6.875000e+03 1.003046e-19 1.000000e+25 
7.187500e+03 1.020534e-19 1.000000e+25 
7.500000e+03 1.038581e-19 1.000000e+25 
7.812500e+03 1.057525e-19 1.000000e+25 
8.125000e+03 1.077040e-19 1.000000e+25 
8.437500e+03 1.097450e-19 1.000000e+25 
8.750000e+03 1.118448e-19 1.000000e+25 
9.062500e+03 1.140339e-19 1.000000e+25 
9.375000e+03 1.162842e-19 1.000000e+25 
9.687500e+03 1.186236e-19 1.000000e+25 
1.000000e+04 1.210272e-19 1.000000e+25 
1.031250e+04 1.235195e-19 1.000000e+25 
1.062500e+04 1.260796e-19 1.000000e+25 
1.093750e+04 1.287275e-19 1.000000e+25 
1.125000e+04 1.314475e-19 1.000000e+25 
1.156250e+04 1.342534e-19 1.000000e+25 
1.187500e+04 1.371362e-19 1.000000e+25 
1.218750e+04 1.401018e-19 1.000000e+25 
1.250000e+04 1.431496e-19 1.000000e+25 
1.281250e+04 1.462754e-19 1.000000e+25 
1.312500e+04 1.494892e-19 1.000000e+25 
1.343750e+04 1.527746e-19 1.000000e+25 
1.375000e+04 1.561537e-19 1.000000e+25 
1.406250e+04 1.595966e-19 1.000000e+25 
1.437500e+04 1.631395e-19 1.000000e+25 
1.468750e+04 1.667378e-19 1.000000e+25 
1.500000e+04 1.704427e-19 1.000000e+25 
1.531250e+04 1.741970e-19 1.000000e+25 
1.562500e+04 1.780655e-19 1.000000e+25 
1.593750e+04 1.819834e-19 1.000000e+25 
1.625000e+04 1.860249e-19 1.000000e+25 
1.656250e+04 1.901283e-19 1.000000e+25 
1.687500e+04 1.943682e-19 1.000000e+25 
1.718750e+04 1.987019e-19 1.000000e+25 
1.750000e+04 2.031901e-19 1.000000e+25 
1.781250e+04 2.078292e-19 1.000000e+25 
1.812500e+04 2.126469e-19 1.000000e+25 
1.843750e+04 2.176988e-19 1.000000e+25 
1.875000e+04 2.229590e-19 1.000000e+25 
1.906250e+04 2.285534e-19 1.000000e+25 
1.937500e+04 2.343852e-19 1.000000e+25 
1.968750e+04 2.406535e-19 1.000000e+25 
2.000000e+04 2.471867e-19 1.000000e+25 
2.031250e+04 2.542333e-19 1.000000e+25 
2.062500e+04 2.615526e-19 1.000000e+25 
2.093750e+04 2.693983e-19 1.000000e+25 
2.125000e+04 2.774981e-19 1.000000e+25 
2.156250e+04 2.862541e-19 1.000000e+25 
2.187500e+04 2.953726e-19 1.000000e+25 
2.218750e+04 3.046175e-19 1.000000e+25 
2.250000e+04 3.137080e-19 1.000000e+25 
2.281250e+04 3.241545e-19 1.000000e+25 
2.312500e+04 3.358959e-19 1.000000e+25 
2.343750e+04 3.468752e-19 1.000000e+25 
2.375000e+04 3.567701e-19 1.000000e+25 
2.406250e+04 3.582575e-19 1.000000e+25 
2.437500e+04 3.521271e-19 1.000000e+25 
2.468750e+04 3.736759e-19 1.000000e+25 
2.500000e+04 4.701372e-19 1.000000e+25 
2.531250e+04 6.791865e-19 7.376067e+24 
2.562500e+04 9.577847e-19 5.221432e+24 
2.593750e+04 1.396009e-18 3.586113e+24 
2.625000e+04 1.980762e-18 2.524913e+24 
2.656250e+04 2.967423e-18 1.687222e+24 
2.687500e+04 4.243313e-18 1.178586e+24 
2.718750e+04 6.424088e-18 7.793170e+23 
2.750000e+04 9.222244e-18 5.422586e+23 
2.781250e+04 1.406653e-17 3.558676e+23 
2.812500e+04 2.025212e-17 2.469227e+23 
2.843750e+04 3.103617e-17 1.612717e+23 
2.875000e+04 4.472620e-17 1.118087e+23 
2.906250e+04 6.844394e-17 7.312283e+22 
2.937500e+04 9.830137e-17 5.087595e+22 
2.968750e+04 1.492104e-16 3.354170e+22 
3.000000e+04 2.126677e-16 2.352129e+22 
3.031250e+04 3.184915e-16 1.571658e+22 
3.062500e+04 4.488811e-16 1.114887e+22 
3.093750e+04 6.594907e-16 7.593987e+21 
3.125000e+04 9.149078e-16 5.475030e+21 
3.156250e+04 1.308362e-15 3.832217e+21 
3.187500e+04 1.774664e-15 2.827433e+21 
3.218750e+04 2.445669e-15 2.054562e+21 
3.250000e+04 3.215348e-15 1.565043e+21 
3.281250e+04 4.222099e-15 1.194257e+21 
3.312500e+04 5.325495e-15 9.488817e+20 
3.343750e+04 6.584818e-15 7.693223e+20 
3.375000e+04 7.877547e-15 6.447159e+20 
3.406250e+04 9.059385e-15 5.619233e+20 
3.437500e+04 1.014079e-14 5.030579e+20 
3.468750e+04 1.068625e-14 4.779085e+20 
3.500000e+04 1.097480e-14 4.655891e+20 
3.531250e+04 1.037401e-14 4.919901e+20 
3.562500e+04 9.461636e-15 5.384529e+20 
3.593750e+04 7.785728e-15 6.522014e+20 
3.625000e+04 5.964887e-15 8.482401e+20 
3.656250e+04 4.261613e-15 1.183456e+21 
3.687500e+04 2.767529e-15 1.816681e+21 
3.718750e+04 2.074779e-15 2.420653e+21 
3.750000e+04 1.598848e-15 3.137293e+21 
3.781250e+04 1.419590e-15 3.532215e+21 
3.812500e+04 1.250197e-15 4.009395e+21 
3.843750e+04 1.127666e-15 4.443961e+21 
3.875000e+04 1.010524e-15 4.957930e+21 
3.906250e+04 9.319340e-16 5.375231e+21 
3.937500e+04 8.670927e-16 5.776392e+21 
3.968750e+04 8.407487e-16 5.957143e+21 
4.000000e+04 8.252611e-16 6.068685e+21 
4.031250e+04 8.407487e-16 5.957143e+21 
4.062500e+04 8.670927e-16 5.776392e+21 
4.093750e+04 9.319340e-16 5.375231e+21 
4.125000e+04 1.010524e-15 4.957930e+21 
4.156250e+04 1.127666e-15 4.443961e+21 
4.187500e+04 1.250197e-15 4.009395e+21 
4.218750e+04 1.419590e-15 3.532215e+21 
4.250000e+04 1.598848e-15 3.137293e+21 
4.281250e+04 2.074779e-15 2.420653e+21 
4.312500e+04 2.767529e-15 1.816681e+21 
4.343750e+04 4.261613e-15 1.183456e+21 
4.375000e+04 5.964887e-15 8.482401e+20 
4.406250e+04 7.785728e-15 6.522014e+20 
4.437500e+04 9.461636e-15 5.384529e+20 
4.468750e+04 1.037401e-14 4.919901e+20 
4.500000e+04 1.097480e-14 4.655891e+20 
4.531250e+04 1.068625e-14 4.779085e+20 
4.562500e+04 1.014079e-14 5.030579e+20 
4.593750e+04 9.059385e-15 5.619233e+20 
4.625000e+04 7.877547e-15 6.447159e+20 
4.656250e+04 6.584818e-15 7.693223e+20 
4.687500e+04 5.325495e-15 9.488817e+20 
4.718750e+04 4.222099e-15 1.194257e+21 
4.750000e+04 3.215348e-15 1.565043e+21 
4.781250e+04 2.445669e-15 2.054562e+21 
4.812500e+04 1.774664e-15 2.827433e+21 
4.843750e+04 1.308362e-15 3.832217e+21 
4.875000e+04 9.149078e-16 5.475030e+21 
4.906250e+04 6.594907e-16 7.593987e+21 
4.937500e+04 4.488811e-16 1.114887e+22 
4.968750e+04 3.184915e-16 1.571658e+22 
5.000000e+04 2.126677e-16 2.352129e+22 
5.031250e+04 1.492104e-16 3.354170e+22 
5.062500e+04 9.830137e-17 5.087595e+22 
5.093750e+04 6.844394e-17 7.312283e+22 
5.125000e+04 4.472620e-17 1.118087e+23 
5.156250e+04 3.103617e-17 1.612717e+23 
5.187500e+04 2.025212e-17 2.469227e+23 
5.218750e+04 1.406653e-17 3.558676e+23 
5.250000e+04 9.222244e-18 5.422586e+23 
5.281250e+04 6.424088e-18 7.793170e+23 
5.312500e+04 4.243313e-18 1.178586e+24 
5.343750e+04 2.967423e-18 1.687222e+24 
5.375000e+04 1.980762e-18 2.524913e+24 
5.406250e+04 1.396009e-18 3.586113e+24 
5.437500e+04 9.577847e-19 5.221432e+24 
5.468750e+04 6.791865e-19 7.376067e+24 
5.500000e+04 4.701372e-19 1.000000e+25 
5.531250e+04 3.736759e-19 1.000000e+25 
5.562500e+04 3.521271e-19 1.000000e+25 
5.593750e+04 3.582575e-19 1.000000e+25 
5.625000e+04 3.567701e-19 1.000000e+25 
5.656250e+04 3.468752e-19 1.000000e+25 
5.687500e+04 3.358959e-19 1.000000e+25 
5.718750e+04 3.241545e-19 1.000000e+25 
5.750000e+04 3.137080e-19 1.000000e+25 
5.781250e+04 3.046175e-19 1.000000e+25 
5.812500e+04 2.953726e-19 1.000000e+25 
5.843750e+04 2.862541e-19 1.000000e+25 
5.875000e+04 2.774981e-19 1.000000e+25 
5.906250e+04 2.693983e-19 1.000000e+25 
5.937500e+04 2.615526e-19 1.000000e+25 
5.968750e+04 2.542333e-19 1.000000e+25 
6.000000e+04 2.471867e-19 1.000000e+25 
6.031250e+04 2.406535e-19 1.000000e+25 
6.062500e+04 2.343852e-19 1.000000e+25 
6.093750e+04 2.285534e-19 1.000000e+25 
6.125000e+04 2.229590e-19 1.000000e+25 
6.156250e+04 2.176988e-19 1.000000e+25 
6.187500e+04 2.126469e-19 1.000000e+25 
6.218750e+04 2.078292e-19 1.000000e+25 
6.250000e+04 2.031901e-19 1.000000e+25 
6.281250e+04 1.987019e-19 1.000000e+25 
6.312500e+04 1.943682e-19 1.000000e+25 
6.343750e+04 1.901283e-19 1.000000e+25 
6.375000e+04 1.860249e-19 1.000000e+25 
6.406250e+04 1.819834e-19 1.000000e+25 
6.437500e+04 1.780655e-19 1.000000e+25 
6.468750e+04 1.741970e-19 1.000000e+25 
6.500000e+04 1.704427e-19 1.000000e+25 
6.531250e+04 1.667378e-19 1.000000e+25 
6.562500e+04 1.631395e-19 1.000000e+25 
6.593750e+04 1.595966e-19 1.000000e+25 
6.625000e+04 1.561537e-19 1.000000e+25 
6.656250e+04 1.527746e-19 1.000000e+25 
6.687500e+04 1.494892e-19 1.000000e+25 
6.718750e+04 1.462755e-19 1.000000e+25 
6.750000e+04 1.431496e-19 1.000000e+25 
6.781250e+04 1.401018e-19 1.000000e+25 
6.812500e+04 1.371362e-19 1.000000e+25 
6.843750e+04 1.342534e-19 1.000000e+25 
6.875000e+04 1.314475e-19 1.000000e+25 
6.906250e+04 1.287275e-19 1.000000e+25 
6.937500e+04 1.260796e-19 1.000000e+25 
6.968750e+04 1.235195e-19 1.000000e+25 
7.000000e+04 1.210272e-19 1.000000e+25 
7.031250e+04 1.186236e-19 1.000000e+25 
7.062500e+04 1.162842e-19 1.000000e+25 
7.093750e+04 1.140339e-19 1.000000e+25 
7.125000e+04 1.118448e-19 1.000000e+25 
7.156250e+04 1.097450e-19 1.000000e+25 
7.187500e+04 1.077040e-19 1.000000e+25 
7.218750e+04 1.057525e-19 1.000000e+25 
7.250000e+04 1.038581e-19 1.000000e+25 
7.281250e+04 1.020534e-19 1.000000e+25 
7.312500e+04 1.003046e-19 1.000000e+25 
7.343750e+04 9.864606e-20 1.000000e+25 
7.375000e+04 9.704290e-20 1.000000e+25 
7.406250e+04 9.553067e-20 1.000000e+25 
7.437500e+04 9.407374e-20 1.000000e+25 
7.468750e+04 9.270873e-20 1.000000e+25 
7.500000e+04 9.139932e-20 1.000000e+25 
7.531250e+04 9.018307e-20 1.000000e+25 
7.562500e+04 8.902302e-20 1.000000e+25 
7.593750e+04 8.795758e-20 1.000000e+25 
7.625000e+04 8.694917e-20 1.000000e+25 
7.656250e+04 8.603689e-20 1.000000e+25 
7.687500e+04 8.518261e-20 1.000000e+25 
7.718750e+04 8.442601e-20 1.000000e+25 
7.750000e+04 8.372842e-20 1.000000e+25 
7.781250e+04 8.312995e-20 1.000000e+25 
7.812500e+04 8.259143e-20 1.000000e+25 
7.843750e+04 8.215330e-20 1.000000e+25 
7.875000e+04 8.177592e-20 1.000000e+25 
7.906250e+04 8.149989e-20 1.000000e+25 
7.937500e+04 8.128520e-20 1.000000e+25 
7.968750e+04 8.117247e-20 1.000000e+25 
8.000000e+04 8.112138e-20 1.000000e+25 
