0.000000e+00 2.428253e-17 2.538353e+24 
1.562500e+02 2.428168e-17 2.538342e+24 
3.125000e+02 2.427907e-17 2.538467e+24 
4.687500e+02 2.427473e-17 2.538592e+24 
6.250000e+02 2.426851e-17 2.538865e+24 
7.812500e+02 2.426047e-17 2.539200e+24 
9.375000e+02 2.425034e-17 2.539702e+24 
1.093750e+03 2.423830e-17 2.540357e+24 
1.250000e+03 2.422396e-17 2.541197e+24 
1.406250e+03 2.420765e-17 2.542289e+24 
1.562500e+03 2.418891e-17 2.543578e+24 
1.718750e+03 2.416822e-17 2.545212e+24 
1.875000e+03 2.414510e-17 2.547040e+24 
2.031250e+03 2.412020e-17 2.549283e+24 
2.187500e+03 2.409303e-17 2.551699e+24 
2.343750e+03 2.406438e-17 2.554573e+24 
2.500000e+03 2.403383e-17 2.557582e+24 
2.656250e+03 2.400218e-17 2.561058e+24 
2.812500e+03 2.396916e-17 2.564614e+24 
2.968750e+03 2.393554e-17 2.568619e+24 
3.125000e+03 2.390119e-17 2.572635e+24 
3.281250e+03 2.386678e-17 2.577057e+24 
3.437500e+03 2.383236e-17 2.581415e+24 
3.593750e+03 2.379843e-17 2.586117e+24 
3.750000e+03 2.376523e-17 2.590675e+24 
3.906250e+03 2.373307e-17 2.595505e+24 
4.062500e+03 2.370236e-17 2.600109e+24 
4.218750e+03 2.367319e-17 2.604909e+24 
4.375000e+03 2.364614e-17 2.609407e+24 
4.531250e+03 2.362109e-17 2.614022e+24 
4.687500e+03 2.359875e-17 2.618262e+24 
4.843750e+03 2.357882e-17 2.622545e+24 
5.000000e+03 2.356210e-17 2.626388e+24 
5.156250e+03 2.354813e-17 2.630205e+24 
5.312500e+03 2.353781e-17 2.633526e+24 
5.468750e+03 2.353053e-17 2.636758e+24 
5.625000e+03 2.352723e-17 2.639446e+24 
5.781250e+03 2.352721e-17 2.641990e+24 
5.937500e+03 2.353144e-17 2.643950e+24 
6.093750e+03 2.353916e-17 2.645719e+24 
6.250000e+03 2.355132e-17 2.646873e+24 
6.406250e+03 2.356715e-17 2.647797e+24 
6.562500e+03 2.358754e-17 2.648081e+24 
6.718750e+03 2.361176e-17 2.648102e+24 
6.875000e+03 2.364063e-17 2.647468e+24 
7.031250e+03 2.367348e-17 2.646543e+24 
7.187500e+03 2.371102e-17 2.644952e+24 
7.343750e+03 2.375268e-17 2.643048e+24 
7.500000e+03 2.379905e-17 2.640474e+24 
7.656250e+03 2.384969e-17 2.637569e+24 
7.812500e+03 2.390504e-17 2.633993e+24 
7.968750e+03 2.396482e-17 2.630070e+24 
8.125000e+03 2.402928e-17 2.625481e+24 
8.281250e+03 2.409837e-17 2.620532e+24 
8.437500e+03 2.417212e-17 2.614922e+24 
8.593750e+03 2.425070e-17 2.608941e+24 
8.750000e+03 2.433392e-17 2.602308e+24 
8.906250e+03 2.442223e-17 2.595292e+24 
9.062500e+03 2.451516e-17 2.587635e+24 
9.218750e+03 2.461347e-17 2.579582e+24 
9.375000e+03 2.471639e-17 2.570901e+24 
9.531250e+03 2.482505e-17 2.561808e+24 
9.687500e+03 2.493833e-17 2.552100e+24 
9.843750e+03 2.505775e-17 2.541963e+24 
1.000000e+04 2.518183e-17 2.531225e+24 
1.015625e+04 2.531253e-17 2.520038e+24 
1.031250e+04 2.544793e-17 2.508262e+24 
1.046875e+04 2.559054e-17 2.496012e+24 
1.062500e+04 2.573792e-17 2.483188e+24 
1.078125e+04 2.589316e-17 2.469860e+24 
1.093750e+04 2.605330e-17 2.455969e+24 
1.109375e+04 2.622206e-17 2.441541e+24 
1.125000e+04 2.639586e-17 2.426562e+24 
1.140625e+04 2.657917e-17 2.411006e+24 
1.156250e+04 2.676772e-17 2.394912e+24 
1.171875e+04 2.696678e-17 2.378197e+24 
1.187500e+04 2.717131e-17 2.360955e+24 
1.203125e+04 2.738750e-17 2.343044e+24 
1.218750e+04 2.760946e-17 2.324619e+24 
1.234375e+04 2.784437e-17 2.305473e+24 
1.250000e+04 2.808538e-17 2.285829e+24 
1.265625e+04 2.834079e-17 2.265410e+24 
1.281250e+04 2.860271e-17 2.244510e+24 
1.296875e+04 2.888064e-17 2.222782e+24 
1.312500e+04 2.916555e-17 2.200594e+24 
1.328125e+04 2.946825e-17 2.177529e+24 
1.343750e+04 2.977845e-17 2.154030e+24 
1.359375e+04 3.010843e-17 2.129609e+24 
1.375000e+04 3.044648e-17 2.104784e+24 
1.390625e+04 3.080649e-17 2.079001e+24 
1.406250e+04 3.117522e-17 2.052854e+24 
1.421875e+04 3.156827e-17 2.025720e+24 
1.437500e+04 3.197077e-17 1.998270e+24 
1.453125e+04 3.240020e-17 1.969817e+24 
1.468750e+04 3.283983e-17 1.941103e+24 
1.484375e+04 3.330925e-17 1.911383e+24 
1.500000e+04 3.378970e-17 1.881467e+24 
1.515625e+04 3.430306e-17 1.850554e+24 
1.531250e+04 3.482835e-17 1.819520e+24 
1.546875e+04 3.538994e-17 1.787511e+24 
1.562500e+04 3.596442e-17 1.755464e+24 
1.578125e+04 3.657893e-17 1.722478e+24 
1.593750e+04 3.720735e-17 1.689544e+24 
1.609375e+04 3.787990e-17 1.655717e+24 
1.625000e+04 3.856744e-17 1.622039e+24 
1.640625e+04 3.930359e-17 1.587526e+24 
1.656250e+04 4.005591e-17 1.553261e+24 
1.671875e+04 4.086175e-17 1.518229e+24 
1.687500e+04 4.168503e-17 1.483548e+24 
1.703125e+04 4.256722e-17 1.448173e+24 
1.718750e+04 4.346823e-17 1.413253e+24 
1.734375e+04 4.443408e-17 1.377718e+24 
1.750000e+04 4.542023e-17 1.342740e+24 
1.765625e+04 4.647772e-17 1.307229e+24 
1.781250e+04 4.755714e-17 1.272374e+24 
1.796875e+04 4.871508e-17 1.237071e+24 
1.812500e+04 4.989671e-17 1.202517e+24 
1.828125e+04 5.116474e-17 1.167600e+24 
1.843750e+04 5.245839e-17 1.133519e+24 
1.859375e+04 5.384711e-17 1.099158e+24 
1.875000e+04 5.526358e-17 1.065711e+24 
1.890625e+04 5.678464e-17 1.032065e+24 
1.906250e+04 5.833582e-17 9.994013e+23 
1.921875e+04 6.000204e-17 9.666164e+23 
1.937500e+04 6.170099e-17 9.348717e+23 
1.953125e+04 6.352649e-17 9.030779e+23 
1.968750e+04 6.538762e-17 8.723705e+23 
1.984375e+04 6.738795e-17 8.416809e+23 
2.000000e+04 6.942713e-17 8.121120e+23 
2.015625e+04 7.161941e-17 7.826210e+23 
2.031250e+04 7.385415e-17 7.542736e+23 
2.046875e+04 7.625730e-17 7.260571e+23 
2.062500e+04 7.870694e-17 6.989956e+23 
2.078125e+04 8.134182e-17 6.721108e+23 
2.093750e+04 8.402771e-17 6.463815e+23 
2.109375e+04 8.691737e-17 6.208675e+23 
2.125000e+04 8.986311e-17 5.964995e+23 
2.140625e+04 9.303299e-17 5.723785e+23 
2.156250e+04 9.626468e-17 5.493848e+23 
2.171875e+04 9.974292e-17 5.266629e+23 
2.187500e+04 1.032894e-16 5.050420e+23 
2.203125e+04 1.071071e-16 4.837115e+23 
2.218750e+04 1.110003e-16 4.634486e+23 
2.234375e+04 1.151919e-16 4.434890e+23 
2.250000e+04 1.194672e-16 4.245580e+23 
2.265625e+04 1.240706e-16 4.059381e+23 
2.281250e+04 1.287671e-16 3.883034e+23 
2.296875e+04 1.338247e-16 3.709829e+23 
2.312500e+04 1.389859e-16 3.546009e+23 
2.328125e+04 1.445443e-16 3.385322e+23 
2.343750e+04 1.502182e-16 3.233530e+23 
2.359375e+04 1.563294e-16 3.084829e+23 
2.375000e+04 1.625695e-16 2.944519e+23 
2.390625e+04 1.692909e-16 2.807234e+23 
2.406250e+04 1.761566e-16 2.677829e+23 
2.421875e+04 1.835518e-16 2.551362e+23 
2.437500e+04 1.911089e-16 2.432266e+23 
2.453125e+04 1.992487e-16 2.316006e+23 
2.468750e+04 2.075700e-16 2.206618e+23 
2.484375e+04 2.165323e-16 2.099953e+23 
2.500000e+04 2.256984e-16 1.999671e+23 
2.515625e+04 2.355693e-16 1.901994e+23 
2.531250e+04 2.456693e-16 1.810228e+23 
2.546875e+04 2.565435e-16 1.720947e+23 
2.562500e+04 2.676751e-16 1.637121e+23 
2.578125e+04 2.796565e-16 1.555660e+23 
2.593750e+04 2.919273e-16 1.479218e+23 
2.609375e+04 3.051297e-16 1.405020e+23 
2.625000e+04 3.186570e-16 1.335429e+23 
2.640625e+04 3.332047e-16 1.267961e+23 
2.656250e+04 3.481170e-16 1.204709e+23 
2.671875e+04 3.641457e-16 1.143462e+23 
2.687500e+04 3.805828e-16 1.086062e+23 
2.703125e+04 3.982403e-16 1.030550e+23 
2.718750e+04 4.163546e-16 9.785399e+22 
2.734375e+04 4.358018e-16 9.283027e+22 
2.750000e+04 4.557591e-16 8.812445e+22 
2.765625e+04 4.771722e-16 8.358460e+22 
2.781250e+04 4.991535e-16 7.933265e+22 
2.796875e+04 5.227252e-16 7.523549e+22 
2.812500e+04 5.469289e-16 7.139846e+22 
2.828125e+04 5.728721e-16 6.770519e+22 
2.843750e+04 5.995169e-16 6.424648e+22 
2.859375e+04 6.280687e-16 6.092062e+22 
2.875000e+04 6.573982e-16 5.780590e+22 
2.890625e+04 6.888253e-16 5.481327e+22 
2.906250e+04 7.211139e-16 5.201042e+22 
2.921875e+04 7.557208e-16 4.931903e+22 
2.937500e+04 7.912818e-16 4.679810e+22 
2.953125e+04 8.294200e-16 4.437814e+22 
2.968750e+04 8.686159e-16 4.211125e+22 
2.984375e+04 9.106962e-16 3.993506e+22 
3.000000e+04 9.539515e-16 3.789639e+22 
3.015625e+04 1.000458e-15 3.593844e+22 
3.031250e+04 1.048273e-15 3.410422e+22 
3.046875e+04 1.099776e-15 3.234112e+22 
3.062500e+04 1.152743e-15 3.068963e+22 
3.078125e+04 1.209916e-15 2.910020e+22 
3.093750e+04 1.268729e-15 2.761180e+22 
3.109375e+04 1.332353e-15 2.617710e+22 
3.125000e+04 1.397818e-15 2.483427e+22 
3.140625e+04 1.468785e-15 2.353764e+22 
3.156250e+04 1.541818e-15 2.232500e+22 
3.171875e+04 1.621114e-15 2.115210e+22 
3.187500e+04 1.702722e-15 2.005638e+22 
3.203125e+04 1.791395e-15 1.899508e+22 
3.218750e+04 1.882635e-15 1.800505e+22 
3.234375e+04 1.981734e-15 1.704528e+22 
3.250000e+04 2.083648e-15 1.615152e+22 
3.265625e+04 2.194129e-15 1.528502e+22 
3.281250e+04 2.307644e-15 1.447967e+22 
3.296875e+04 2.430242e-15 1.369963e+22 
3.312500e+04 2.556033e-15 1.297607e+22 
3.328125e+04 2.691095e-15 1.227671e+22 
3.343750e+04 2.829412e-15 1.162922e+22 
3.359375e+04 2.976688e-15 1.100550e+22 
3.375000e+04 3.127150e-15 1.042894e+22 
3.390625e+04 3.285553e-15 9.876226e+21 
3.406250e+04 3.446897e-15 9.365846e+21 
3.421875e+04 3.614230e-15 8.879761e+21 
3.437500e+04 3.784044e-15 8.431091e+21 
3.453125e+04 3.956707e-15 8.007452e+21 
3.468750e+04 4.131140e-15 7.616288e+21 
3.484375e+04 4.303832e-15 7.251186e+21 
3.500000e+04 4.477308e-15 6.913686e+21 
3.515625e+04 4.642763e-15 6.603643e+21 
3.531250e+04 4.807732e-15 6.316506e+21 
3.546875e+04 4.956540e-15 6.058722e+21 
3.562500e+04 5.103329e-15 5.819449e+21 
3.578125e+04 5.223940e-15 5.612144e+21 
3.593750e+04 5.340795e-15 5.419413e+21 
3.609375e+04 5.419850e-15 5.262307e+21 
3.625000e+04 5.493325e-15 5.116525e+21 
3.640625e+04 5.516517e-15 5.011557e+21 
3.656250e+04 5.532400e-15 4.915757e+21 
3.671875e+04 5.486116e-15 4.868241e+21 
3.687500e+04 5.431145e-15 4.829601e+21 
3.703125e+04 5.305140e-15 4.850183e+21 
3.718750e+04 5.169738e-15 4.882724e+21 
3.734375e+04 4.960959e-15 4.990772e+21 
3.750000e+04 4.743120e-15 5.120186e+21 
3.765625e+04 4.460451e-15 5.349446e+21 
3.781250e+04 4.170582e-15 5.621251e+21 
3.796875e+04 3.839502e-15 6.027684e+21 
3.812500e+04 3.505316e-15 6.517365e+21 
3.828125e+04 3.169998e-15 7.181284e+21 
3.843750e+04 2.838898e-15 7.987962e+21 
3.859375e+04 2.556519e-15 8.972308e+21 
3.875000e+04 2.288587e-15 1.012643e+22 
3.890625e+04 2.107573e-15 1.133084e+22 
3.906250e+04 1.947361e-15 1.260434e+22 
3.921875e+04 1.872203e-15 1.371819e+22 
3.937500e+04 1.811289e-15 1.478666e+22 
3.953125e+04 1.802509e-15 1.561273e+22 
3.968750e+04 1.794629e-15 1.642761e+22 
3.984375e+04 1.797382e-15 1.680518e+22 
4.000000e+04 1.803805e-15 1.715373e+22 
4.015625e+04 1.797382e-15 1.680518e+22 
4.031250e+04 1.794629e-15 1.642761e+22 
4.046875e+04 1.802509e-15 1.561273e+22 
4.062500e+04 1.811289e-15 1.478666e+22 
4.078125e+04 1.872203e-15 1.371819e+22 
4.093750e+04 1.947361e-15 1.260434e+22 
4.109375e+04 2.107573e-15 1.133084e+22 
4.125000e+04 2.288587e-15 1.012643e+22 
4.140625e+04 2.556519e-15 8.972308e+21 
4.156250e+04 2.838898e-15 7.987962e+21 
4.171875e+04 3.169998e-15 7.181284e+21 
4.187500e+04 3.505316e-15 6.517365e+21 
4.203125e+04 3.839502e-15 6.027684e+21 
4.218750e+04 4.170582e-15 5.621251e+21 
4.234375e+04 4.460451e-15 5.349446e+21 
4.250000e+04 4.743120e-15 5.120186e+21 
4.265625e+04 4.960959e-15 4.990772e+21 
4.281250e+04 5.169738e-15 4.882724e+21 
4.296875e+04 5.305140e-15 4.850183e+21 
4.312500e+04 5.431145e-15 4.829601e+21 
4.328125e+04 5.486116e-15 4.868241e+21 
4.343750e+04 5.532400e-15 4.915757e+21 
4.359375e+04 5.516517e-15 5.011557e+21 
4.375000e+04 5.493325e-15 5.116525e+21 
4.390625e+04 5.419850e-15 5.262307e+21 
4.406250e+04 5.340795e-15 5.419413e+21 
4.421875e+04 5.223940e-15 5.612144e+21 
4.437500e+04 5.103329e-15 5.819449e+21 
4.453125e+04 4.956540e-15 6.058722e+21 
4.468750e+04 4.807732e-15 6.316506e+21 
4.484375e+04 4.642763e-15 6.603643e+21 
4.500000e+04 4.477308e-15 6.913686e+21 
4.515625e+04 4.303832e-15 7.251186e+21 
4.531250e+04 4.131140e-15 7.616288e+21 
4.546875e+04 3.956707e-15 8.007452e+21 
4.562500e+04 3.784044e-15 8.431091e+21 
4.578125e+04 3.614230e-15 8.879761e+21 
4.593750e+04 3.446897e-15 9.365846e+21 
4.609375e+04 3.285553e-15 9.876226e+21 
4.625000e+04 3.127150e-15 1.042894e+22 
4.640625e+04 2.976688e-15 1.100550e+22 
4.656250e+04 2.829412e-15 1.162922e+22 
4.671875e+04 2.691095e-15 1.227671e+22 
4.687500e+04 2.556033e-15 1.297607e+22 
4.703125e+04 2.430242e-15 1.369963e+22 
4.718750e+04 2.307644e-15 1.447967e+22 
4.734375e+04 2.194129e-15 1.528502e+22 
4.750000e+04 2.083648e-15 1.615152e+22 
4.765625e+04 1.981734e-15 1.704528e+22 
4.781250e+04 1.882635e-15 1.800505e+22 
4.796875e+04 1.791395e-15 1.899508e+22 
4.812500e+04 1.702722e-15 2.005638e+22 
4.828125e+04 1.621114e-15 2.115210e+22 
4.843750e+04 1.541818e-15 2.232500e+22 
4.859375e+04 1.468785e-15 2.353764e+22 
4.875000e+04 1.397818e-15 2.483427e+22 
4.890625e+04 1.332353e-15 2.617710e+22 
4.906250e+04 1.268729e-15 2.761180e+22 
4.921875e+04 1.209916e-15 2.910020e+22 
4.937500e+04 1.152743e-15 3.068963e+22 
4.953125e+04 1.099776e-15 3.234112e+22 
4.968750e+04 1.048273e-15 3.410422e+22 
4.984375e+04 1.000458e-15 3.593844e+22 
5.000000e+04 9.539515e-16 3.789639e+22 
5.015625e+04 9.106962e-16 3.993506e+22 
5.031250e+04 8.686159e-16 4.211125e+22 
5.046875e+04 8.294200e-16 4.437814e+22 
5.062500e+04 7.912818e-16 4.679810e+22 
5.078125e+04 7.557208e-16 4.931903e+22 
5.093750e+04 7.211139e-16 5.201042e+22 
5.109375e+04 6.888253e-16 5.481327e+22 
5.125000e+04 6.573982e-16 5.780590e+22 
5.140625e+04 6.280687e-16 6.092062e+22 
5.156250e+04 5.995169e-16 6.424648e+22 
5.171875e+04 5.728721e-16 6.770519e+22 
5.187500e+04 5.469289e-16 7.139846e+22 
5.203125e+04 5.227252e-16 7.523549e+22 
5.218750e+04 4.991535e-16 7.933265e+22 
5.234375e+04 4.771722e-16 8.358460e+22 
5.250000e+04 4.557591e-16 8.812445e+22 
5.265625e+04 4.358018e-16 9.283027e+22 
5.281250e+04 4.163546e-16 9.785399e+22 
5.296875e+04 3.982403e-16 1.030550e+23 
5.312500e+04 3.805828e-16 1.086062e+23 
5.328125e+04 3.641457e-16 1.143462e+23 
5.343750e+04 3.481170e-16 1.204709e+23 
5.359375e+04 3.332047e-16 1.267961e+23 
5.375000e+04 3.186570e-16 1.335429e+23 
5.390625e+04 3.051297e-16 1.405020e+23 
5.406250e+04 2.919273e-16 1.479218e+23 
5.421875e+04 2.796565e-16 1.555660e+23 
5.437500e+04 2.676751e-16 1.637121e+23 
5.453125e+04 2.565435e-16 1.720947e+23 
5.468750e+04 2.456693e-16 1.810228e+23 
5.484375e+04 2.355693e-16 1.901994e+23 
5.500000e+04 2.256984e-16 1.999671e+23 
5.515625e+04 2.165323e-16 2.099953e+23 
5.531250e+04 2.075700e-16 2.206618e+23 
5.546875e+04 1.992487e-16 2.316006e+23 
5.562500e+04 1.911089e-16 2.432266e+23 
5.578125e+04 1.835518e-16 2.551362e+23 
5.593750e+04 1.761566e-16 2.677829e+23 
5.609375e+04 1.692909e-16 2.807234e+23 
5.625000e+04 1.625695e-16 2.944519e+23 
5.640625e+04 1.563294e-16 3.084829e+23 
5.656250e+04 1.502182e-16 3.233530e+23 
5.671875e+04 1.445443e-16 3.385322e+23 
5.687500e+04 1.389859e-16 3.546009e+23 
5.703125e+04 1.338247e-16 3.709829e+23 
5.718750e+04 1.287671e-16 3.883034e+23 
5.734375e+04 1.240706e-16 4.059381e+23 
5.750000e+04 1.194672e-16 4.245580e+23 
5.765625e+04 1.151919e-16 4.434890e+23 
5.781250e+04 1.110003e-16 4.634486e+23 
5.796875e+04 1.071071e-16 4.837115e+23 
5.812500e+04 1.032894e-16 5.050420e+23 
5.828125e+04 9.974292e-17 5.266629e+23 
5.843750e+04 9.626468e-17 5.493848e+23 
5.859375e+04 9.303299e-17 5.723785e+23 
5.875000e+04 8.986311e-17 5.964995e+23 
5.890625e+04 8.691737e-17 6.208675e+23 
5.906250e+04 8.402771e-17 6.463815e+23 
5.921875e+04 8.134182e-17 6.721108e+23 
5.937500e+04 7.870694e-17 6.989956e+23 
5.953125e+04 7.625730e-17 7.260571e+23 
5.968750e+04 7.385415e-17 7.542736e+23 
5.984375e+04 7.161941e-17 7.826210e+23 
6.000000e+04 6.942713e-17 8.121120e+23 
6.015625e+04 6.738795e-17 8.416809e+23 
6.031250e+04 6.538762e-17 8.723705e+23 
6.046875e+04 6.352649e-17 9.030779e+23 
6.062500e+04 6.170099e-17 9.348717e+23 
6.078125e+04 6.000204e-17 9.666164e+23 
6.093750e+04 5.833582e-17 9.994013e+23 
6.109375e+04 5.678464e-17 1.032065e+24 
6.125000e+04 5.526358e-17 1.065711e+24 
6.140625e+04 5.384711e-17 1.099158e+24 
6.156250e+04 5.245839e-17 1.133519e+24 
6.171875e+04 5.116474e-17 1.167600e+24 
6.187500e+04 4.989671e-17 1.202517e+24 
6.203125e+04 4.871508e-17 1.237071e+24 
6.218750e+04 4.755714e-17 1.272374e+24 
6.234375e+04 4.647772e-17 1.307229e+24 
6.250000e+04 4.542023e-17 1.342740e+24 
6.265625e+04 4.443408e-17 1.377718e+24 
6.281250e+04 4.346823e-17 1.413253e+24 
6.296875e+04 4.256722e-17 1.448173e+24 
6.312500e+04 4.168503e-17 1.483548e+24 
6.328125e+04 4.086175e-17 1.518229e+24 
6.343750e+04 4.005591e-17 1.553261e+24 
6.359375e+04 3.930359e-17 1.587526e+24 
6.375000e+04 3.856744e-17 1.622039e+24 
6.390625e+04 3.787990e-17 1.655717e+24 
6.406250e+04 3.720735e-17 1.689544e+24 
6.421875e+04 3.657893e-17 1.722478e+24 
6.437500e+04 3.596442e-17 1.755464e+24 
6.453125e+04 3.538994e-17 1.787511e+24 
6.468750e+04 3.482835e-17 1.819520e+24 
6.484375e+04 3.430306e-17 1.850554e+24 
6.500000e+04 3.378970e-17 1.881467e+24 
6.515625e+04 3.330925e-17 1.911383e+24 
6.531250e+04 3.283983e-17 1.941103e+24 
6.546875e+04 3.240020e-17 1.969817e+24 
6.562500e+04 3.197077e-17 1.998270e+24 
6.578125e+04 3.156827e-17 2.025720e+24 
6.593750e+04 3.117522e-17 2.052854e+24 
6.609375e+04 3.080649e-17 2.079001e+24 
6.625000e+04 3.044648e-17 2.104784e+24 
6.640625e+04 3.010843e-17 2.129609e+24 
6.656250e+04 2.977845e-17 2.154030e+24 
6.671875e+04 2.946825e-17 2.177529e+24 
6.687500e+04 2.916555e-17 2.200594e+24 
6.703125e+04 2.888064e-17 2.222782e+24 
6.718750e+04 2.860271e-17 2.244510e+24 
6.734375e+04 2.834079e-17 2.265410e+24 
6.750000e+04 2.808538e-17 2.285829e+24 
6.765625e+04 2.784437e-17 2.305473e+24 
6.781250e+04 2.760946e-17 2.324619e+24 
6.796875e+04 2.738750e-17 2.343044e+24 
6.812500e+04 2.717131e-17 2.360955e+24 
6.828125e+04 2.696678e-17 2.378197e+24 
6.843750e+04 2.676772e-17 2.394912e+24 
6.859375e+04 2.657917e-17 2.411006e+24 
6.875000e+04 2.639586e-17 2.426562e+24 
6.890625e+04 2.622206e-17 2.441541e+24 
6.906250e+04 2.605330e-17 2.455969e+24 
6.921875e+04 2.589316e-17 2.469860e+24 
6.937500e+04 2.573792e-17 2.483188e+24 
6.953125e+04 2.559054e-17 2.496012e+24 
6.968750e+04 2.544793e-17 2.508262e+24 
6.984375e+04 2.531253e-17 2.520038e+24 
7.000000e+04 2.518183e-17 2.531225e+24 
7.015625e+04 2.505775e-17 2.541963e+24 
7.031250e+04 2.493833e-17 2.552100e+24 
7.046875e+04 2.482505e-17 2.561808e+24 
7.062500e+04 2.471639e-17 2.570901e+24 
7.078125e+04 2.461347e-17 2.579582e+24 
7.093750e+04 2.451516e-17 2.587635e+24 
7.109375e+04 2.442223e-17 2.595292e+24 
7.125000e+04 2.433392e-17 2.602308e+24 
7.140625e+04 2.425070e-17 2.608941e+24 
7.156250e+04 2.417212e-17 2.614922e+24 
7.171875e+04 2.409837e-17 2.620532e+24 
7.187500e+04 2.402928e-17 2.625481e+24 
7.203125e+04 2.396482e-17 2.630070e+24 
7.218750e+04 2.390504e-17 2.633993e+24 
7.234375e+04 2.384969e-17 2.637569e+24 
7.250000e+04 2.379905e-17 2.640474e+24 
7.265625e+04 2.375268e-17 2.643048e+24 
7.281250e+04 2.371102e-17 2.644952e+24 
7.296875e+04 2.367348e-17 2.646543e+24 
7.312500e+04 2.364063e-17 2.647468e+24 
7.328125e+04 2.361176e-17 2.648102e+24 
7.343750e+04 2.358754e-17 2.648081e+24 
7.359375e+04 2.356715e-17 2.647797e+24 
7.375000e+04 2.355132e-17 2.646873e+24 
7.390625e+04 2.353916e-17 2.645719e+24 
7.406250e+04 2.353144e-17 2.643950e+24 
7.421875e+04 2.352721e-17 2.641990e+24 
7.437500e+04 2.352723e-17 2.639446e+24 
7.453125e+04 2.353053e-17 2.636758e+24 
7.468750e+04 2.353781e-17 2.633526e+24 
7.484375e+04 2.354813e-17 2.630205e+24 
7.500000e+04 2.356210e-17 2.626388e+24 
7.515625e+04 2.357882e-17 2.622545e+24 
7.531250e+04 2.359875e-17 2.618262e+24 
7.546875e+04 2.362109e-17 2.614022e+24 
7.562500e+04 2.364614e-17 2.609407e+24 
7.578125e+04 2.367319e-17 2.604909e+24 
7.593750e+04 2.370236e-17 2.600109e+24 
7.609375e+04 2.373307e-17 2.595505e+24 
7.625000e+04 2.376523e-17 2.590675e+24 
7.640625e+04 2.379843e-17 2.586117e+24 
7.656250e+04 2.383236e-17 2.581415e+24 
7.671875e+04 2.386678e-17 2.577057e+24 
7.687500e+04 2.390119e-17 2.572635e+24 
7.703125e+04 2.393554e-17 2.568619e+24 
7.718750e+04 2.396916e-17 2.564614e+24 
7.734375e+04 2.400218e-17 2.561058e+24 
7.750000e+04 2.403383e-17 2.557582e+24 
7.765625e+04 2.406438e-17 2.554573e+24 
7.781250e+04 2.409303e-17 2.551699e+24 
7.796875e+04 2.412020e-17 2.549283e+24 
7.812500e+04 2.414510e-17 2.547040e+24 
7.828125e+04 2.416822e-17 2.545212e+24 
7.843750e+04 2.418891e-17 2.543578e+24 
7.859375e+04 2.420765e-17 2.542289e+24 
7.875000e+04 2.422396e-17 2.541197e+24 
7.890625e+04 2.423830e-17 2.540357e+24 
7.906250e+04 2.425034e-17 2.539702e+24 
7.921875e+04 2.426047e-17 2.539200e+24 
7.937500e+04 2.426851e-17 2.538865e+24 
7.953125e+04 2.427473e-17 2.538592e+24 
7.968750e+04 2.427907e-17 2.538467e+24 
7.984375e+04 2.428168e-17 2.538342e+24 
8.000000e+04 2.428253e-17 2.538353e+24 
