0.000000e+00 1.620267e-17 3.085921e+23 
1.562500e+02 1.621911e-17 3.082793e+23 
3.125000e+02 1.625068e-17 3.076804e+23 
4.687500e+02 1.631517e-17 3.064643e+23 
6.250000e+02 1.639472e-17 3.049773e+23 
7.812500e+02 1.650732e-17 3.028969e+23 
9.375000e+02 1.663487e-17 3.005744e+23 
1.093750e+03 1.679578e-17 2.976949e+23 
1.250000e+03 1.697150e-17 2.946124e+23 
1.406250e+03 1.718109e-17 2.910186e+23 
1.562500e+03 1.740538e-17 2.872685e+23 
1.718750e+03 1.766421e-17 2.830592e+23 
1.875000e+03 1.793763e-17 2.787447e+23 
2.031250e+03 1.824636e-17 2.740282e+23 
2.187500e+03 1.856954e-17 2.692591e+23 
2.343750e+03 1.892875e-17 2.641494e+23 
2.500000e+03 1.930221e-17 2.590387e+23 
2.656250e+03 1.971216e-17 2.536515e+23 
2.812500e+03 2.013613e-17 2.483109e+23 
2.968750e+03 2.059671e-17 2.427582e+23 
3.125000e+03 2.107101e-17 2.372938e+23 
3.281250e+03 2.158166e-17 2.316791e+23 
3.437500e+03 2.210570e-17 2.261870e+23 
3.593750e+03 2.266548e-17 2.206008e+23 
3.750000e+03 2.323832e-17 2.151629e+23 
3.906250e+03 2.384602e-17 2.096796e+23 
4.062500e+03 2.446649e-17 2.043621e+23 
4.218750e+03 2.512081e-17 1.990391e+23 
4.375000e+03 2.578767e-17 1.938921e+23 
4.531250e+03 2.648734e-17 1.887704e+23 
4.687500e+03 2.719942e-17 1.838285e+23 
4.843750e+03 2.794333e-17 1.789346e+23 
5.000000e+03 2.869961e-17 1.742194e+23 
5.156250e+03 2.948691e-17 1.695677e+23 
5.312500e+03 3.028666e-17 1.650902e+23 
5.468750e+03 3.111680e-17 1.606859e+23 
5.625000e+03 3.195957e-17 1.564487e+23 
5.781250e+03 3.283234e-17 1.522898e+23 
5.937500e+03 3.371801e-17 1.482897e+23 
6.093750e+03 3.463354e-17 1.443697e+23 
6.250000e+03 3.556233e-17 1.405992e+23 
6.406250e+03 3.652106e-17 1.369083e+23 
6.562500e+03 3.749351e-17 1.333574e+23 
6.718750e+03 3.849621e-17 1.298839e+23 
6.875000e+03 3.951315e-17 1.265411e+23 
7.031250e+03 4.056089e-17 1.232725e+23 
7.187500e+03 4.162345e-17 1.201256e+23 
7.343750e+03 4.271754e-17 1.170489e+23 
7.500000e+03 4.382712e-17 1.140856e+23 
7.656250e+03 4.496916e-17 1.111883e+23 
7.812500e+03 4.612741e-17 1.083964e+23 
7.968750e+03 4.731921e-17 1.056663e+23 
8.125000e+03 4.852802e-17 1.030342e+23 
8.281250e+03 4.977166e-17 1.004598e+23 
8.437500e+03 5.103315e-17 9.797652e+22 
8.593750e+03 5.233091e-17 9.554682e+22 
8.750000e+03 5.364743e-17 9.320210e+22 
8.906250e+03 5.500181e-17 9.090709e+22 
9.062500e+03 5.637594e-17 8.869131e+22 
9.218750e+03 5.778968e-17 8.652163e+22 
9.375000e+03 5.922421e-17 8.442592e+22 
9.531250e+03 6.070028e-17 8.237294e+22 
9.687500e+03 6.219826e-17 8.038910e+22 
9.843750e+03 6.373983e-17 7.844488e+22 
1.000000e+04 6.530452e-17 7.656537e+22 
1.015625e+04 6.691505e-17 7.472260e+22 
1.031250e+04 6.854998e-17 7.294047e+22 
1.046875e+04 7.023315e-17 7.119244e+22 
1.062500e+04 7.194209e-17 6.950134e+22 
1.078125e+04 7.370187e-17 6.784188e+22 
1.093750e+04 7.548887e-17 6.623592e+22 
1.109375e+04 7.732949e-17 6.465938e+22 
1.125000e+04 7.919890e-17 6.313318e+22 
1.140625e+04 8.112491e-17 6.163435e+22 
1.156250e+04 8.308137e-17 6.018296e+22 
1.171875e+04 8.509762e-17 5.875704e+22 
1.187500e+04 8.714612e-17 5.737589e+22 
1.203125e+04 8.925783e-17 5.601849e+22 
1.218750e+04 9.140369e-17 5.470338e+22 
1.234375e+04 9.361641e-17 5.341043e+22 
1.250000e+04 9.586534e-17 5.215749e+22 
1.265625e+04 9.818504e-17 5.092525e+22 
1.281250e+04 1.005431e-16 4.973089e+22 
1.296875e+04 1.029762e-16 4.855591e+22 
1.312500e+04 1.054500e-16 4.741683e+22 
1.328125e+04 1.080032e-16 4.629590e+22 
1.343750e+04 1.105998e-16 4.520905e+22 
1.359375e+04 1.132805e-16 4.413922e+22 
1.375000e+04 1.160072e-16 4.310176e+22 
1.390625e+04 1.188233e-16 4.208028e+22 
1.406250e+04 1.216883e-16 4.108959e+22 
1.421875e+04 1.246481e-16 4.011393e+22 
1.437500e+04 1.276599e-16 3.916757e+22 
1.453125e+04 1.307724e-16 3.823536e+22 
1.468750e+04 1.339403e-16 3.733107e+22 
1.484375e+04 1.372151e-16 3.644013e+22 
1.500000e+04 1.405490e-16 3.557579e+22 
1.515625e+04 1.439965e-16 3.472407e+22 
1.531250e+04 1.475068e-16 3.389773e+22 
1.546875e+04 1.511380e-16 3.308334e+22 
1.562500e+04 1.548363e-16 3.229318e+22 
1.578125e+04 1.586630e-16 3.151434e+22 
1.593750e+04 1.625612e-16 3.075864e+22 
1.609375e+04 1.665961e-16 3.001370e+22 
1.625000e+04 1.707074e-16 2.929088e+22 
1.640625e+04 1.749640e-16 2.857831e+22 
1.656250e+04 1.793022e-16 2.788688e+22 
1.671875e+04 1.837949e-16 2.720523e+22 
1.687500e+04 1.883749e-16 2.654381e+22 
1.703125e+04 1.931193e-16 2.589173e+22 
1.718750e+04 1.979569e-16 2.525902e+22 
1.734375e+04 2.029693e-16 2.463526e+22 
1.750000e+04 2.080815e-16 2.403005e+22 
1.765625e+04 2.133796e-16 2.343342e+22 
1.781250e+04 2.187843e-16 2.285456e+22 
1.796875e+04 2.243867e-16 2.228396e+22 
1.812500e+04 2.301032e-16 2.173038e+22 
1.828125e+04 2.360296e-16 2.118478e+22 
1.843750e+04 2.420782e-16 2.065548e+22 
1.859375e+04 2.483497e-16 2.013390e+22 
1.875000e+04 2.547520e-16 1.962793e+22 
1.890625e+04 2.613907e-16 1.912945e+22 
1.906250e+04 2.681695e-16 1.864593e+22 
1.921875e+04 2.751989e-16 1.816968e+22 
1.937500e+04 2.823781e-16 1.770775e+22 
1.953125e+04 2.898228e-16 1.725292e+22 
1.968750e+04 2.974278e-16 1.681180e+22 
1.984375e+04 3.053135e-16 1.637761e+22 
2.000000e+04 3.133708e-16 1.595654e+22 
2.015625e+04 3.217246e-16 1.554224e+22 
2.031250e+04 3.302618e-16 1.514050e+22 
2.046875e+04 3.391117e-16 1.474540e+22 
2.062500e+04 3.481578e-16 1.436230e+22 
2.078125e+04 3.575329e-16 1.398572e+22 
2.093750e+04 3.671178e-16 1.362061e+22 
2.109375e+04 3.770483e-16 1.326190e+22 
2.125000e+04 3.872027e-16 1.291413e+22 
2.140625e+04 3.977196e-16 1.257267e+22 
2.156250e+04 4.084755e-16 1.224163e+22 
2.171875e+04 4.196104e-16 1.191681e+22 
2.187500e+04 4.310005e-16 1.160191e+22 
2.203125e+04 4.427858e-16 1.129314e+22 
2.218750e+04 4.548432e-16 1.099380e+22 
2.234375e+04 4.673120e-16 1.070049e+22 
2.250000e+04 4.800707e-16 1.041613e+22 
2.265625e+04 4.932564e-16 1.013772e+22 
2.281250e+04 5.067507e-16 9.867783e+21 
2.296875e+04 5.206872e-16 9.603693e+21 
2.312500e+04 5.349523e-16 9.347627e+21 
2.328125e+04 5.496741e-16 9.097298e+21 
2.343750e+04 5.647454e-16 8.854546e+21 
2.359375e+04 5.802880e-16 8.617411e+21 
2.375000e+04 5.962020e-16 8.387418e+21 
2.390625e+04 6.126019e-16 8.162907e+21 
2.406250e+04 6.293966e-16 7.945116e+21 
2.421875e+04 6.466923e-16 7.732651e+21 
2.437500e+04 6.644076e-16 7.526500e+21 
2.453125e+04 6.826408e-16 7.325495e+21 
2.468750e+04 7.013200e-16 7.130412e+21 
2.484375e+04 7.205368e-16 6.940270e+21 
2.500000e+04 7.402281e-16 6.755674e+21 
2.515625e+04 7.604814e-16 6.575782e+21 
2.531250e+04 7.812400e-16 6.401081e+21 
2.546875e+04 8.025920e-16 6.230815e+21 
2.562500e+04 8.244833e-16 6.065404e+21 
2.578125e+04 8.470093e-16 5.904122e+21 
2.593750e+04 8.701122e-16 5.747385e+21 
2.609375e+04 8.939048e-16 5.594436e+21 
2.625000e+04 9.183163e-16 5.445747e+21 
2.640625e+04 9.434903e-16 5.300471e+21 
2.656250e+04 9.693308e-16 5.159197e+21 
2.671875e+04 9.960292e-16 5.020933e+21 
2.687500e+04 1.023448e-15 4.886445e+21 
2.703125e+04 1.051847e-15 4.754541e+21 
2.718750e+04 1.081029e-15 4.626222e+21 
2.734375e+04 1.111346e-15 4.500049e+21 
2.750000e+04 1.142515e-15 4.377309e+21 
2.765625e+04 1.175010e-15 4.256281e+21 
2.781250e+04 1.208437e-15 4.138575e+21 
2.796875e+04 1.243419e-15 4.022170e+21 
2.812500e+04 1.279421e-15 3.909018e+21 
2.828125e+04 1.317245e-15 3.796801e+21 
2.843750e+04 1.356185e-15 3.687812e+21 
2.859375e+04 1.397249e-15 3.579459e+21 
2.875000e+04 1.439532e-15 3.474351e+21 
2.890625e+04 1.484267e-15 3.369666e+21 
2.906250e+04 1.530325e-15 3.268279e+21 
2.921875e+04 1.579179e-15 3.167203e+21 
2.937500e+04 1.629458e-15 3.069505e+21 
2.953125e+04 1.682869e-15 2.972116e+21 
2.968750e+04 1.737800e-15 2.878200e+21 
2.984375e+04 1.796175e-15 2.784693e+21 
3.000000e+04 1.856146e-15 2.694754e+21 
3.015625e+04 1.919817e-15 2.605415e+21 
3.031250e+04 1.985137e-15 2.519718e+21 
3.046875e+04 2.054331e-15 2.434882e+21 
3.062500e+04 2.125192e-15 2.353729e+21 
3.078125e+04 2.199989e-15 2.273739e+21 
3.093750e+04 2.276426e-15 2.197425e+21 
3.109375e+04 2.356721e-15 2.122592e+21 
3.125000e+04 2.438579e-15 2.051374e+21 
3.140625e+04 2.524047e-15 1.981945e+21 
3.156250e+04 2.610944e-15 1.916016e+21 
3.171875e+04 2.701013e-15 1.852157e+21 
3.187500e+04 2.792311e-15 1.791631e+21 
3.203125e+04 2.886133e-15 1.733422e+21 
3.218750e+04 2.980918e-15 1.678335e+21 
3.234375e+04 3.077353e-15 1.625773e+21 
3.250000e+04 3.174416e-15 1.576093e+21 
3.265625e+04 3.272019e-15 1.529108e+21 
3.281250e+04 3.369846e-15 1.484747e+21 
3.296875e+04 3.466860e-15 1.443227e+21 
3.312500e+04 3.563627e-15 1.404065e+21 
3.328125e+04 3.657982e-15 1.367874e+21 
3.343750e+04 3.751559e-15 1.333779e+21 
3.359375e+04 3.840876e-15 1.302786e+21 
3.375000e+04 3.928835e-15 1.273642e+21 
3.390625e+04 4.010437e-15 1.247747e+21 
3.406250e+04 4.090060e-15 1.223476e+21 
3.421875e+04 4.160990e-15 1.202637e+21 
3.437500e+04 4.229298e-15 1.183229e+21 
3.453125e+04 4.286349e-15 1.167494e+21 
3.468750e+04 4.340132e-15 1.153039e+21 
3.484375e+04 4.379901e-15 1.142578e+21 
3.500000e+04 4.415775e-15 1.133304e+21 
3.515625e+04 4.434746e-15 1.128460e+21 
3.531250e+04 4.449246e-15 1.124786e+21 
3.546875e+04 4.443938e-15 1.126128e+21 
3.562500e+04 4.433667e-15 1.128735e+21 
3.578125e+04 4.400867e-15 1.137140e+21 
3.593750e+04 4.362738e-15 1.147069e+21 
3.609375e+04 4.299849e-15 1.163831e+21 
3.625000e+04 4.231444e-15 1.182630e+21 
3.640625e+04 4.136991e-15 1.209608e+21 
3.656250e+04 4.037084e-15 1.239518e+21 
3.671875e+04 3.911395e-15 1.279316e+21 
3.687500e+04 3.780665e-15 1.323519e+21 
3.703125e+04 3.626756e-15 1.379642e+21 
3.718750e+04 3.468728e-15 1.442451e+21 
3.734375e+04 3.293395e-15 1.519190e+21 
3.750000e+04 3.115658e-15 1.605797e+21 
3.765625e+04 2.930724e-15 1.707063e+21 
3.781250e+04 2.746346e-15 1.821601e+21 
3.796875e+04 2.569662e-15 1.946781e+21 
3.812500e+04 2.398187e-15 2.085909e+21 
3.828125e+04 2.252709e-15 2.220551e+21 
3.843750e+04 2.118193e-15 2.361503e+21 
3.859375e+04 2.024963e-15 2.470182e+21 
3.875000e+04 1.946251e-15 2.570045e+21 
3.890625e+04 1.909167e-15 2.619944e+21 
3.906250e+04 1.884170e-15 2.654690e+21 
3.921875e+04 1.882750e-15 2.656689e+21 
3.937500e+04 1.886363e-15 2.651603e+21 
3.953125e+04 1.895349e-15 2.639036e+21 
3.968750e+04 1.902683e-15 2.628867e+21 
3.984375e+04 1.906444e-15 2.623684e+21 
4.000000e+04 1.909886e-15 2.618958e+21 
4.015625e+04 1.906444e-15 2.623684e+21 
4.031250e+04 1.902683e-15 2.628867e+21 
4.046875e+04 1.895349e-15 2.639036e+21 
4.062500e+04 1.886363e-15 2.651603e+21 
4.078125e+04 1.882750e-15 2.656689e+21 
4.093750e+04 1.884170e-15 2.654690e+21 
4.109375e+04 1.909167e-15 2.619944e+21 
4.125000e+04 1.946251e-15 2.570045e+21 
4.140625e+04 2.024963e-15 2.470182e+21 
4.156250e+04 2.118193e-15 2.361503e+21 
4.171875e+04 2.252709e-15 2.220551e+21 
4.187500e+04 2.398187e-15 2.085909e+21 
4.203125e+04 2.569662e-15 1.946781e+21 
4.218750e+04 2.746346e-15 1.821601e+21 
4.234375e+04 2.930724e-15 1.707063e+21 
4.250000e+04 3.115658e-15 1.605797e+21 
4.265625e+04 3.293395e-15 1.519190e+21 
4.281250e+04 3.468728e-15 1.442451e+21 
4.296875e+04 3.626756e-15 1.379642e+21 
4.312500e+04 3.780665e-15 1.323519e+21 
4.328125e+04 3.911395e-15 1.279316e+21 
4.343750e+04 4.037084e-15 1.239518e+21 
4.359375e+04 4.136991e-15 1.209608e+21 
4.375000e+04 4.231444e-15 1.182630e+21 
4.390625e+04 4.299849e-15 1.163831e+21 
4.406250e+04 4.362738e-15 1.147069e+21 
4.421875e+04 4.400867e-15 1.137140e+21 
4.437500e+04 4.433667e-15 1.128735e+21 
4.453125e+04 4.443938e-15 1.126128e+21 
4.468750e+04 4.449246e-15 1.124786e+21 
4.484375e+04 4.434746e-15 1.128460e+21 
4.500000e+04 4.415775e-15 1.133304e+21 
4.515625e+04 4.379901e-15 1.142578e+21 
4.531250e+04 4.340132e-15 1.153039e+21 
4.546875e+04 4.286349e-15 1.167494e+21 
4.562500e+04 4.229298e-15 1.183229e+21 
4.578125e+04 4.160990e-15 1.202637e+21 
4.593750e+04 4.090060e-15 1.223476e+21 
4.609375e+04 4.010437e-15 1.247747e+21 
4.625000e+04 3.928835e-15 1.273642e+21 
4.640625e+04 3.840876e-15 1.302786e+21 
4.656250e+04 3.751559e-15 1.333779e+21 
4.671875e+04 3.657982e-15 1.367874e+21 
4.687500e+04 3.563627e-15 1.404065e+21 
4.703125e+04 3.466860e-15 1.443227e+21 
4.718750e+04 3.369846e-15 1.484747e+21 
4.734375e+04 3.272019e-15 1.529108e+21 
4.750000e+04 3.174416e-15 1.576093e+21 
4.765625e+04 3.077353e-15 1.625773e+21 
4.781250e+04 2.980918e-15 1.678335e+21 
4.796875e+04 2.886133e-15 1.733422e+21 
4.812500e+04 2.792311e-15 1.791631e+21 
4.828125e+04 2.701013e-15 1.852157e+21 
4.843750e+04 2.610944e-15 1.916016e+21 
4.859375e+04 2.524047e-15 1.981945e+21 
4.875000e+04 2.438579e-15 2.051374e+21 
4.890625e+04 2.356721e-15 2.122592e+21 
4.906250e+04 2.276426e-15 2.197425e+21 
4.921875e+04 2.199989e-15 2.273739e+21 
4.937500e+04 2.125192e-15 2.353729e+21 
4.953125e+04 2.054331e-15 2.434882e+21 
4.968750e+04 1.985137e-15 2.519718e+21 
4.984375e+04 1.919817e-15 2.605415e+21 
5.000000e+04 1.856146e-15 2.694754e+21 
5.015625e+04 1.796175e-15 2.784693e+21 
5.031250e+04 1.737800e-15 2.878200e+21 
5.046875e+04 1.682869e-15 2.972116e+21 
5.062500e+04 1.629458e-15 3.069505e+21 
5.078125e+04 1.579179e-15 3.167203e+21 
5.093750e+04 1.530325e-15 3.268279e+21 
5.109375e+04 1.484267e-15 3.369666e+21 
5.125000e+04 1.439532e-15 3.474351e+21 
5.140625e+04 1.397249e-15 3.579459e+21 
5.156250e+04 1.356185e-15 3.687812e+21 
5.171875e+04 1.317245e-15 3.796801e+21 
5.187500e+04 1.279421e-15 3.909018e+21 
5.203125e+04 1.243419e-15 4.022170e+21 
5.218750e+04 1.208437e-15 4.138575e+21 
5.234375e+04 1.175010e-15 4.256281e+21 
5.250000e+04 1.142515e-15 4.377309e+21 
5.265625e+04 1.111346e-15 4.500049e+21 
5.281250e+04 1.081029e-15 4.626222e+21 
5.296875e+04 1.051847e-15 4.754541e+21 
5.312500e+04 1.023448e-15 4.886445e+21 
5.328125e+04 9.960292e-16 5.020933e+21 
5.343750e+04 9.693308e-16 5.159197e+21 
5.359375e+04 9.434903e-16 5.300471e+21 
5.375000e+04 9.183163e-16 5.445747e+21 
5.390625e+04 8.939048e-16 5.594436e+21 
5.406250e+04 8.701122e-16 5.747385e+21 
5.421875e+04 8.470093e-16 5.904122e+21 
5.437500e+04 8.244833e-16 6.065404e+21 
5.453125e+04 8.025920e-16 6.230815e+21 
5.468750e+04 7.812400e-16 6.401081e+21 
5.484375e+04 7.604814e-16 6.575782e+21 
5.500000e+04 7.402281e-16 6.755674e+21 
5.515625e+04 7.205368e-16 6.940270e+21 
5.531250e+04 7.013200e-16 7.130412e+21 
5.546875e+04 6.826408e-16 7.325495e+21 
5.562500e+04 6.644076e-16 7.526500e+21 
5.578125e+04 6.466923e-16 7.732651e+21 
5.593750e+04 6.293966e-16 7.945116e+21 
5.609375e+04 6.126019e-16 8.162907e+21 
5.625000e+04 5.962020e-16 8.387418e+21 
5.640625e+04 5.802880e-16 8.617411e+21 
5.656250e+04 5.647454e-16 8.854546e+21 
5.671875e+04 5.496741e-16 9.097298e+21 
5.687500e+04 5.349523e-16 9.347627e+21 
5.703125e+04 5.206872e-16 9.603693e+21 
5.718750e+04 5.067507e-16 9.867783e+21 
5.734375e+04 4.932564e-16 1.013772e+22 
5.750000e+04 4.800707e-16 1.041613e+22 
5.765625e+04 4.673120e-16 1.070049e+22 
5.781250e+04 4.548432e-16 1.099380e+22 
5.796875e+04 4.427858e-16 1.129314e+22 
5.812500e+04 4.310005e-16 1.160191e+22 
5.828125e+04 4.196104e-16 1.191681e+22 
5.843750e+04 4.084755e-16 1.224163e+22 
5.859375e+04 3.977196e-16 1.257267e+22 
5.875000e+04 3.872027e-16 1.291413e+22 
5.890625e+04 3.770483e-16 1.326190e+22 
5.906250e+04 3.671178e-16 1.362061e+22 
5.921875e+04 3.575329e-16 1.398572e+22 
5.937500e+04 3.481578e-16 1.436230e+22 
5.953125e+04 3.391117e-16 1.474540e+22 
5.968750e+04 3.302618e-16 1.514050e+22 
5.984375e+04 3.217246e-16 1.554224e+22 
6.000000e+04 3.133708e-16 1.595654e+22 
6.015625e+04 3.053135e-16 1.637761e+22 
6.031250e+04 2.974278e-16 1.681180e+22 
6.046875e+04 2.898228e-16 1.725292e+22 
6.062500e+04 2.823781e-16 1.770775e+22 
6.078125e+04 2.751989e-16 1.816968e+22 
6.093750e+04 2.681695e-16 1.864593e+22 
6.109375e+04 2.613907e-16 1.912945e+22 
6.125000e+04 2.547520e-16 1.962793e+22 
6.140625e+04 2.483497e-16 2.013390e+22 
6.156250e+04 2.420782e-16 2.065548e+22 
6.171875e+04 2.360296e-16 2.118478e+22 
6.187500e+04 2.301032e-16 2.173038e+22 
6.203125e+04 2.243867e-16 2.228396e+22 
6.218750e+04 2.187843e-16 2.285456e+22 
6.234375e+04 2.133796e-16 2.343342e+22 
6.250000e+04 2.080815e-16 2.403005e+22 
6.265625e+04 2.029693e-16 2.463526e+22 
6.281250e+04 1.979569e-16 2.525902e+22 
6.296875e+04 1.931193e-16 2.589173e+22 
6.312500e+04 1.883749e-16 2.654381e+22 
6.328125e+04 1.837949e-16 2.720523e+22 
6.343750e+04 1.793022e-16 2.788688e+22 
6.359375e+04 1.749640e-16 2.857831e+22 
6.375000e+04 1.707074e-16 2.929088e+22 
6.390625e+04 1.665961e-16 3.001370e+22 
6.406250e+04 1.625612e-16 3.075864e+22 
6.421875e+04 1.586630e-16 3.151434e+22 
6.437500e+04 1.548363e-16 3.229318e+22 
6.453125e+04 1.511380e-16 3.308334e+22 
6.468750e+04 1.475068e-16 3.389773e+22 
6.484375e+04 1.439965e-16 3.472407e+22 
6.500000e+04 1.405490e-16 3.557579e+22 
6.515625e+04 1.372151e-16 3.644013e+22 
6.531250e+04 1.339403e-16 3.733107e+22 
6.546875e+04 1.307724e-16 3.823536e+22 
6.562500e+04 1.276599e-16 3.916757e+22 
6.578125e+04 1.246481e-16 4.011393e+22 
6.593750e+04 1.216883e-16 4.108959e+22 
6.609375e+04 1.188233e-16 4.208028e+22 
6.625000e+04 1.160072e-16 4.310176e+22 
6.640625e+04 1.132805e-16 4.413922e+22 
6.656250e+04 1.105998e-16 4.520905e+22 
6.671875e+04 1.080032e-16 4.629590e+22 
6.687500e+04 1.054500e-16 4.741683e+22 
6.703125e+04 1.029762e-16 4.855591e+22 
6.718750e+04 1.005431e-16 4.973089e+22 
6.734375e+04 9.818504e-17 5.092525e+22 
6.750000e+04 9.586534e-17 5.215749e+22 
6.765625e+04 9.361641e-17 5.341043e+22 
6.781250e+04 9.140369e-17 5.470338e+22 
6.796875e+04 8.925783e-17 5.601849e+22 
6.812500e+04 8.714612e-17 5.737589e+22 
6.828125e+04 8.509762e-17 5.875704e+22 
6.843750e+04 8.308137e-17 6.018296e+22 
6.859375e+04 8.112491e-17 6.163435e+22 
6.875000e+04 7.919890e-17 6.313318e+22 
6.890625e+04 7.732949e-17 6.465938e+22 
6.906250e+04 7.548887e-17 6.623592e+22 
6.921875e+04 7.370187e-17 6.784188e+22 
6.937500e+04 7.194209e-17 6.950134e+22 
6.953125e+04 7.023315e-17 7.119244e+22 
6.968750e+04 6.854998e-17 7.294047e+22 
6.984375e+04 6.691505e-17 7.472260e+22 
7.000000e+04 6.530452e-17 7.656537e+22 
7.015625e+04 6.373983e-17 7.844488e+22 
7.031250e+04 6.219826e-17 8.038910e+22 
7.046875e+04 6.070028e-17 8.237294e+22 
7.062500e+04 5.922421e-17 8.442592e+22 
7.078125e+04 5.778968e-17 8.652163e+22 
7.093750e+04 5.637594e-17 8.869131e+22 
7.109375e+04 5.500181e-17 9.090709e+22 
7.125000e+04 5.364743e-17 9.320210e+22 
7.140625e+04 5.233091e-17 9.554682e+22 
7.156250e+04 5.103315e-17 9.797652e+22 
7.171875e+04 4.977166e-17 1.004598e+23 
7.187500e+04 4.852802e-17 1.030342e+23 
7.203125e+04 4.731921e-17 1.056663e+23 
7.218750e+04 4.612741e-17 1.083964e+23 
7.234375e+04 4.496916e-17 1.111883e+23 
7.250000e+04 4.382712e-17 1.140856e+23 
7.265625e+04 4.271754e-17 1.170489e+23 
7.281250e+04 4.162345e-17 1.201256e+23 
7.296875e+04 4.056089e-17 1.232725e+23 
7.312500e+04 3.951315e-17 1.265411e+23 
7.328125e+04 3.849621e-17 1.298839e+23 
7.343750e+04 3.749351e-17 1.333574e+23 
7.359375e+04 3.652106e-17 1.369083e+23 
7.375000e+04 3.556233e-17 1.405992e+23 
7.390625e+04 3.463354e-17 1.443697e+23 
7.406250e+04 3.371801e-17 1.482897e+23 
7.421875e+04 3.283234e-17 1.522898e+23 
7.437500e+04 3.195957e-17 1.564487e+23 
7.453125e+04 3.111680e-17 1.606859e+23 
7.468750e+04 3.028666e-17 1.650902e+23 
7.484375e+04 2.948691e-17 1.695677e+23 
7.500000e+04 2.869961e-17 1.742194e+23 
7.515625e+04 2.794333e-17 1.789346e+23 
7.531250e+04 2.719942e-17 1.838285e+23 
7.546875e+04 2.648734e-17 1.887704e+23 
7.562500e+04 2.578767e-17 1.938921e+23 
7.578125e+04 2.512081e-17 1.990391e+23 
7.593750e+04 2.446649e-17 2.043621e+23 
7.609375e+04 2.384602e-17 2.096796e+23 
7.625000e+04 2.323832e-17 2.151629e+23 
7.640625e+04 2.266548e-17 2.206008e+23 
7.656250e+04 2.210570e-17 2.261870e+23 
7.671875e+04 2.158166e-17 2.316791e+23 
7.687500e+04 2.107101e-17 2.372938e+23 
7.703125e+04 2.059671e-17 2.427582e+23 
7.718750e+04 2.013613e-17 2.483109e+23 
7.734375e+04 1.971216e-17 2.536515e+23 
7.750000e+04 1.930221e-17 2.590387e+23 
7.765625e+04 1.892875e-17 2.641494e+23 
7.781250e+04 1.856954e-17 2.692591e+23 
7.796875e+04 1.824636e-17 2.740282e+23 
7.812500e+04 1.793763e-17 2.787447e+23 
7.828125e+04 1.766421e-17 2.830592e+23 
7.843750e+04 1.740538e-17 2.872685e+23 
7.859375e+04 1.718109e-17 2.910186e+23 
7.875000e+04 1.697150e-17 2.946124e+23 
7.890625e+04 1.679578e-17 2.976949e+23 
7.906250e+04 1.663487e-17 3.005744e+23 
7.921875e+04 1.650732e-17 3.028969e+23 
7.937500e+04 1.639472e-17 3.049773e+23 
7.953125e+04 1.631517e-17 3.064643e+23 
7.968750e+04 1.625068e-17 3.076804e+23 
7.984375e+04 1.621911e-17 3.082793e+23 
8.000000e+04 1.620267e-17 3.085921e+23 
