0.000000e+00 2.119851e-19 1.000000e+25 
6.250000e+02 2.125639e-19 1.000000e+25 
1.250000e+03 2.138336e-19 1.000000e+25 
1.875000e+03 2.162546e-19 1.000000e+25 
2.500000e+03 2.193526e-19 1.000000e+25 
3.125000e+03 2.235858e-19 1.000000e+25 
3.750000e+03 2.284734e-19 1.000000e+25 
4.375000e+03 2.344796e-19 1.000000e+25 
5.000000e+03 2.411161e-19 1.000000e+25 
5.625000e+03 2.488654e-19 1.000000e+25 
6.250000e+03 2.572284e-19 1.000000e+25 
6.875000e+03 2.667179e-19 1.000000e+25 
7.500000e+03 2.768171e-19 1.000000e+25 
8.125000e+03 2.880670e-19 1.000000e+25 
8.750000e+03 2.999332e-19 1.000000e+25 
9.375000e+03 3.129541e-19 1.000000e+25 
1.000000e+04 3.265992e-19 1.000000e+25 
1.062500e+04 3.413575e-19 1.000000e+25 
1.125000e+04 3.567427e-19 1.000000e+25 
1.187500e+04 3.732106e-19 1.000000e+25 
1.250000e+04 3.903315e-19 1.000000e+25 
1.312500e+04 4.087590e-19 1.000000e+25 
1.375000e+04 4.279943e-19 1.000000e+25 
1.437500e+04 4.488782e-19 1.000000e+25 
1.500000e+04 4.707073e-19 1.000000e+25 
1.562500e+04 4.944411e-19 1.000000e+25 
1.625000e+04 5.192133e-19 1.000000e+25 
1.687500e+04 5.459120e-19 1.000000e+25 
1.750000e+04 5.736894e-19 1.000000e+25 
1.812500e+04 6.032440e-19 1.000000e+25 
1.875000e+04 6.339256e-19 1.000000e+25 
1.937500e+04 6.667403e-19 1.000000e+25 
2.000000e+04 7.009591e-19 1.000000e+25 
2.062500e+04 7.375562e-19 1.000000e+25 
2.125000e+04 7.755337e-19 1.000000e+25 
2.187500e+04 8.166496e-19 1.000000e+25 
2.250000e+04 8.597452e-19 1.000000e+25 
2.312500e+04 9.086885e-19 1.000000e+25 
2.375000e+04 9.606610e-19 1.000000e+25 
2.437500e+04 1.022326e-18 1.000000e+25 
2.500000e+04 1.088053e-18 1.000000e+25 
2.562500e+04 1.166082e-18 1.000000e+25 
2.625000e+04 1.247319e-18 1.000000e+25 
2.687500e+04 1.333614e-18 1.000000e+25 
2.750000e+04 1.424440e-18 1.000000e+25 
2.812500e+04 1.520607e-18 1.000000e+25 
2.875000e+04 1.614023e-18 1.000000e+25 
2.937500e+04 1.671436e-18 1.000000e+25 
3.000000e+04 1.752594e-18 1.000000e+25 
3.062500e+04 1.851475e-18 1.000000e+25 
3.125000e+04 1.993912e-18 1.000000e+25 
3.187500e+04 2.044518e-18 1.000000e+25 
3.250000e+04 7.895970e-19 1.000000e+25 
3.312500e+04 1.824759e-17 2.080402e+24 
3.375000e+04 2.629511e-17 1.356175e+24 
3.437500e+04 5.076141e-16 7.094697e+22 
3.500000e+04 1.501984e-15 2.197041e+22 
3.562500e+04 7.056029e-15 4.535835e+21 
3.625000e+04 1.599945e-14 1.898899e+21 
3.687500e+04 1.634849e-14 1.768325e+21 
3.750000e+04 9.069269e-15 3.102851e+21 
3.812500e+04 2.686529e-15 1.031122e+22 
3.875000e+04 2.095612e-16 1.460254e+23 
3.937500e+04 1.060629e-16 2.925465e+23 
4.000000e+04 4.749346e-17 6.996841e+23 
4.062500e+04 1.060629e-16 2.925465e+23 
4.125000e+04 2.095612e-16 1.460254e+23 
4.187500e+04 2.686529e-15 1.031122e+22 
4.250000e+04 9.069269e-15 3.102851e+21 
4.312500e+04 1.634849e-14 1.768325e+21 
4.375000e+04 1.599945e-14 1.898899e+21 
4.437500e+04 7.056029e-15 4.535835e+21 
4.500000e+04 1.501984e-15 2.197041e+22 
4.562500e+04 5.076141e-16 7.094697e+22 
4.625000e+04 2.629511e-17 1.356175e+24 
4.687500e+04 1.824759e-17 2.080402e+24 
4.750000e+04 7.895970e-19 1.000000e+25 
4.812500e+04 2.044518e-18 1.000000e+25 
4.875000e+04 1.993912e-18 1.000000e+25 
4.937500e+04 1.851475e-18 1.000000e+25 
5.000000e+04 1.752594e-18 1.000000e+25 
5.062500e+04 1.671436e-18 1.000000e+25 
5.125000e+04 1.614023e-18 1.000000e+25 
5.187500e+04 1.520607e-18 1.000000e+25 
5.250000e+04 1.424440e-18 1.000000e+25 
5.312500e+04 1.333614e-18 1.000000e+25 
5.375000e+04 1.247319e-18 1.000000e+25 
5.437500e+04 1.166082e-18 1.000000e+25 
5.500000e+04 1.088053e-18 1.000000e+25 
5.562500e+04 1.022326e-18 1.000000e+25 
5.625000e+04 9.606610e-19 1.000000e+25 
5.687500e+04 9.086885e-19 1.000000e+25 
5.750000e+04 8.597452e-19 1.000000e+25 
5.812500e+04 8.166496e-19 1.000000e+25 
5.875000e+04 7.755337e-19 1.000000e+25 
5.937500e+04 7.375562e-19 1.000000e+25 
6.000000e+04 7.009591e-19 1.000000e+25 
6.062500e+04 6.667403e-19 1.000000e+25 
6.125000e+04 6.339256e-19 1.000000e+25 
6.187500e+04 6.032440e-19 1.000000e+25 
6.250000e+04 5.736894e-19 1.000000e+25 
6.312500e+04 5.459120e-19 1.000000e+25 
6.375000e+04 5.192133e-19 1.000000e+25 
6.437500e+04 4.944411e-19 1.000000e+25 
6.500000e+04 4.707073e-19 1.000000e+25 
6.562500e+04 4.488782e-19 1.000000e+25 
6.625000e+04 4.279943e-19 1.000000e+25 
6.687500e+04 4.087590e-19 1.000000e+25 
6.750000e+04 3.903315e-19 1.000000e+25 
6.812500e+04 3.732106e-19 1.000000e+25 
6.875000e+04 3.567427e-19 1.000000e+25 
6.937500e+04 3.413575e-19 1.000000e+25 
7.000000e+04 3.265992e-19 1.000000e+25 
7.062500e+04 3.129541e-19 1.000000e+25 
7.125000e+04 2.999332e-19 1.000000e+25 
7.187500e+04 2.880670e-19 1.000000e+25 
7.250000e+04 2.768171e-19 1.000000e+25 
7.312500e+04 2.667179e-19 1.000000e+25 
7.375000e+04 2.572284e-19 1.000000e+25 
7.437500e+04 2.488654e-19 1.000000e+25 
7.500000e+04 2.411161e-19 1.000000e+25 
7.562500e+04 2.344796e-19 1.000000e+25 
7.625000e+04 2.284734e-19 1.000000e+25 
7.687500e+04 2.235858e-19 1.000000e+25 
7.750000e+04 2.193526e-19 1.000000e+25 
7.812500e+04 2.162546e-19 1.000000e+25 
7.875000e+04 2.138336e-19 1.000000e+25 
7.937500e+04 2.125639e-19 1.000000e+25 
8.000000e+04 2.119851e-19 1.000000e+25 
