0.000000e+00 2.446124e-17 2.308126e+24 
1.562500e+02 2.446038e-17 2.308120e+24 
3.125000e+02 2.445773e-17 2.308241e+24 
4.687500e+02 2.445332e-17 2.308371e+24 
6.250000e+02 2.444701e-17 2.308637e+24 
7.812500e+02 2.443884e-17 2.308970e+24 
9.375000e+02 2.442857e-17 2.309455e+24 
1.093750e+03 2.441635e-17 2.310087e+24 
1.250000e+03 2.440181e-17 2.310889e+24 
1.406250e+03 2.438527e-17 2.311927e+24 
1.562500e+03 2.436628e-17 2.313145e+24 
1.718750e+03 2.434531e-17 2.314681e+24 
1.875000e+03 2.432190e-17 2.316394e+24 
2.031250e+03 2.429668e-17 2.318488e+24 
2.187500e+03 2.426920e-17 2.320741e+24 
2.343750e+03 2.424018e-17 2.323411e+24 
2.500000e+03 2.420929e-17 2.326205e+24 
2.656250e+03 2.417726e-17 2.329424e+24 
2.812500e+03 2.414389e-17 2.332717e+24 
2.968750e+03 2.410988e-17 2.336416e+24 
3.125000e+03 2.407516e-17 2.340128e+24 
3.281250e+03 2.404036e-17 2.344205e+24 
3.437500e+03 2.400557e-17 2.348227e+24 
3.593750e+03 2.397125e-17 2.352558e+24 
3.750000e+03 2.393769e-17 2.356761e+24 
3.906250e+03 2.390515e-17 2.361207e+24 
4.062500e+03 2.387408e-17 2.365453e+24 
4.218750e+03 2.384454e-17 2.369872e+24 
4.375000e+03 2.381713e-17 2.374021e+24 
4.531250e+03 2.379172e-17 2.378272e+24 
4.687500e+03 2.376903e-17 2.382189e+24 
4.843750e+03 2.374875e-17 2.386140e+24 
5.000000e+03 2.373169e-17 2.389699e+24 
5.156250e+03 2.371737e-17 2.393229e+24 
5.312500e+03 2.370671e-17 2.396316e+24 
5.468750e+03 2.369908e-17 2.399319e+24 
5.625000e+03 2.369544e-17 2.401835e+24 
5.781250e+03 2.369508e-17 2.404217e+24 
5.937500e+03 2.369896e-17 2.406079e+24 
6.093750e+03 2.370633e-17 2.407763e+24 
6.250000e+03 2.371813e-17 2.408899e+24 
6.406250e+03 2.373360e-17 2.409822e+24 
6.562500e+03 2.375362e-17 2.410176e+24 
6.718750e+03 2.377747e-17 2.410287e+24 
6.875000e+03 2.380595e-17 2.409814e+24 
7.031250e+03 2.383841e-17 2.409075e+24 
7.187500e+03 2.387555e-17 2.407742e+24 
7.343750e+03 2.391679e-17 2.406123e+24 
7.500000e+03 2.396274e-17 2.403907e+24 
7.656250e+03 2.401294e-17 2.401388e+24 
7.812500e+03 2.406784e-17 2.398271e+24 
7.968750e+03 2.412716e-17 2.394839e+24 
8.125000e+03 2.419115e-17 2.390811e+24 
8.281250e+03 2.425974e-17 2.386457e+24 
8.437500e+03 2.433299e-17 2.381513e+24 
8.593750e+03 2.441104e-17 2.376232e+24 
8.750000e+03 2.449374e-17 2.370370e+24 
8.906250e+03 2.458147e-17 2.364159e+24 
9.062500e+03 2.467384e-17 2.357378e+24 
9.218750e+03 2.477154e-17 2.350237e+24 
9.375000e+03 2.487385e-17 2.342535e+24 
9.531250e+03 2.498185e-17 2.334462e+24 
9.687500e+03 2.509447e-17 2.325840e+24 
9.843750e+03 2.521318e-17 2.316831e+24 
1.000000e+04 2.533654e-17 2.307285e+24 
1.015625e+04 2.546645e-17 2.297336e+24 
1.031250e+04 2.560107e-17 2.286860e+24 
1.046875e+04 2.574280e-17 2.275961e+24 
1.062500e+04 2.588932e-17 2.264546e+24 
1.078125e+04 2.604359e-17 2.252683e+24 
1.093750e+04 2.620276e-17 2.240316e+24 
1.109375e+04 2.637042e-17 2.227471e+24 
1.125000e+04 2.654315e-17 2.214132e+24 
1.140625e+04 2.672522e-17 2.200283e+24 
1.156250e+04 2.691254e-17 2.185949e+24 
1.171875e+04 2.711019e-17 2.171066e+24 
1.187500e+04 2.731333e-17 2.155709e+24 
1.203125e+04 2.752791e-17 2.139762e+24 
1.218750e+04 2.774828e-17 2.123350e+24 
1.234375e+04 2.798133e-17 2.106304e+24 
1.250000e+04 2.822053e-17 2.088804e+24 
1.265625e+04 2.847383e-17 2.070624e+24 
1.281250e+04 2.873366e-17 2.052004e+24 
1.296875e+04 2.900917e-17 2.032657e+24 
1.312500e+04 2.929169e-17 2.012886e+24 
1.328125e+04 2.959163e-17 1.992344e+24 
1.343750e+04 2.989910e-17 1.971398e+24 
1.359375e+04 3.022592e-17 1.949640e+24 
1.375000e+04 3.056087e-17 1.927504e+24 
1.390625e+04 3.091728e-17 1.904522e+24 
1.406250e+04 3.128247e-17 1.881194e+24 
1.421875e+04 3.167145e-17 1.856992e+24 
1.437500e+04 3.206993e-17 1.832483e+24 
1.453125e+04 3.249475e-17 1.807085e+24 
1.468750e+04 3.292984e-17 1.781425e+24 
1.484375e+04 3.339405e-17 1.754871e+24 
1.500000e+04 3.386937e-17 1.728110e+24 
1.515625e+04 3.437685e-17 1.700460e+24 
1.531250e+04 3.489634e-17 1.672667e+24 
1.546875e+04 3.545132e-17 1.644002e+24 
1.562500e+04 3.601926e-17 1.615266e+24 
1.578125e+04 3.662632e-17 1.585687e+24 
1.593750e+04 3.724738e-17 1.556114e+24 
1.609375e+04 3.791153e-17 1.525739e+24 
1.625000e+04 3.859077e-17 1.495455e+24 
1.640625e+04 3.931745e-17 1.464417e+24 
1.656250e+04 4.006041e-17 1.433560e+24 
1.671875e+04 4.085557e-17 1.402007e+24 
1.687500e+04 4.166827e-17 1.370725e+24 
1.703125e+04 4.253840e-17 1.338812e+24 
1.718750e+04 4.342743e-17 1.307264e+24 
1.734375e+04 4.437964e-17 1.275155e+24 
1.750000e+04 4.535222e-17 1.243502e+24 
1.765625e+04 4.639428e-17 1.211361e+24 
1.781250e+04 4.745831e-17 1.179766e+24 
1.796875e+04 4.859876e-17 1.147758e+24 
1.812500e+04 4.976293e-17 1.116383e+24 
1.828125e+04 5.101112e-17 1.084670e+24 
1.843750e+04 5.228494e-17 1.053669e+24 
1.859375e+04 5.365116e-17 1.022407e+24 
1.875000e+04 5.504509e-17 9.919287e+23 
1.890625e+04 5.654062e-17 9.612621e+23 
1.906250e+04 5.806618e-17 9.314446e+23 
1.921875e+04 5.970344e-17 9.015085e+23 
1.937500e+04 6.137327e-17 8.724769e+23 
1.953125e+04 6.316591e-17 8.433924e+23 
1.968750e+04 6.499395e-17 8.152579e+23 
1.984375e+04 6.695702e-17 7.871313e+23 
2.000000e+04 6.895862e-17 7.599898e+23 
2.015625e+04 7.110869e-17 7.329111e+23 
2.031250e+04 7.330079e-17 7.068422e+23 
2.046875e+04 7.565615e-17 6.808849e+23 
2.062500e+04 7.805745e-17 6.559520e+23 
2.078125e+04 8.063829e-17 6.311728e+23 
2.093750e+04 8.326946e-17 6.074227e+23 
2.109375e+04 8.609811e-17 5.838621e+23 
2.125000e+04 8.898199e-17 5.613262e+23 
2.140625e+04 9.208312e-17 5.390091e+23 
2.156250e+04 9.524501e-17 5.177040e+23 
2.171875e+04 9.864593e-17 4.966410e+23 
2.187500e+04 1.021138e-16 4.765698e+23 
2.203125e+04 1.058448e-16 4.567583e+23 
2.218750e+04 1.096498e-16 4.379120e+23 
2.234375e+04 1.137443e-16 4.193378e+23 
2.250000e+04 1.179207e-16 4.016969e+23 
2.265625e+04 1.224160e-16 3.843355e+23 
2.281250e+04 1.270022e-16 3.678713e+23 
2.296875e+04 1.319394e-16 3.516900e+23 
2.312500e+04 1.369778e-16 3.363663e+23 
2.328125e+04 1.424030e-16 3.213253e+23 
2.343750e+04 1.479409e-16 3.070997e+23 
2.359375e+04 1.539049e-16 2.931538e+23 
2.375000e+04 1.599949e-16 2.799798e+23 
2.390625e+04 1.665546e-16 2.670797e+23 
2.406250e+04 1.732552e-16 2.549071e+23 
2.421875e+04 1.804734e-16 2.430011e+23 
2.437500e+04 1.878498e-16 2.317780e+23 
2.453125e+04 1.957966e-16 2.208127e+23 
2.468750e+04 2.039209e-16 2.104860e+23 
2.484375e+04 2.126738e-16 2.004076e+23 
2.500000e+04 2.216262e-16 1.909244e+23 
2.515625e+04 2.312709e-16 1.816792e+23 
2.531250e+04 2.411400e-16 1.729869e+23 
2.546875e+04 2.517711e-16 1.645222e+23 
2.562500e+04 2.626547e-16 1.565694e+23 
2.578125e+04 2.743762e-16 1.488336e+23 
2.593750e+04 2.863818e-16 1.415704e+23 
2.609375e+04 2.993082e-16 1.345135e+23 
2.625000e+04 3.125539e-16 1.278915e+23 
2.640625e+04 3.268101e-16 1.214654e+23 
2.656250e+04 3.414252e-16 1.154383e+23 
2.671875e+04 3.571481e-16 1.095966e+23 
2.687500e+04 3.732739e-16 1.041201e+23 
2.703125e+04 3.906129e-16 9.881851e+22 
2.718750e+04 4.084033e-16 9.385020e+22 
2.734375e+04 4.275214e-16 8.904662e+22 
2.750000e+04 4.471445e-16 8.454631e+22 
2.765625e+04 4.682197e-16 8.020062e+22 
2.781250e+04 4.898586e-16 7.613021e+22 
2.796875e+04 5.130859e-16 7.220442e+22 
2.812500e+04 5.369410e-16 6.852788e+22 
2.828125e+04 5.625350e-16 6.498606e+22 
2.843750e+04 5.888270e-16 6.166941e+22 
2.859375e+04 6.170259e-16 5.847766e+22 
2.875000e+04 6.459995e-16 5.548893e+22 
2.890625e+04 6.770703e-16 5.261535e+22 
2.906250e+04 7.090002e-16 4.992451e+22 
2.921875e+04 7.432463e-16 4.733915e+22 
2.937500e+04 7.784448e-16 4.491807e+22 
2.953125e+04 8.162156e-16 4.259290e+22 
2.968750e+04 8.550429e-16 4.041534e+22 
2.984375e+04 8.967455e-16 3.832423e+22 
3.000000e+04 9.396224e-16 3.636576e+22 
3.015625e+04 9.857365e-16 3.448452e+22 
3.031250e+04 1.033159e-15 3.272258e+22 
3.046875e+04 1.084251e-15 3.102893e+22 
3.062500e+04 1.136807e-15 2.944283e+22 
3.078125e+04 1.193547e-15 2.791652e+22 
3.093750e+04 1.251928e-15 2.648747e+22 
3.109375e+04 1.315098e-15 2.511033e+22 
3.125000e+04 1.380113e-15 2.382151e+22 
3.140625e+04 1.450611e-15 2.257748e+22 
3.156250e+04 1.523184e-15 2.141408e+22 
3.171875e+04 1.602013e-15 2.028928e+22 
3.187500e+04 1.683171e-15 1.923848e+22 
3.203125e+04 1.771410e-15 1.822116e+22 
3.218750e+04 1.862243e-15 1.727207e+22 
3.234375e+04 1.960986e-15 1.635244e+22 
3.250000e+04 2.062586e-15 1.549596e+22 
3.265625e+04 2.172854e-15 1.466600e+22 
3.281250e+04 2.286217e-15 1.389452e+22 
3.296875e+04 2.408829e-15 1.314763e+22 
3.312500e+04 2.534718e-15 1.245475e+22 
3.328125e+04 2.670122e-15 1.178538e+22 
3.343750e+04 2.808892e-15 1.116562e+22 
3.359375e+04 2.956955e-15 1.056893e+22 
3.375000e+04 3.108341e-15 1.001737e+22 
3.390625e+04 3.268104e-15 9.488922e+21 
3.406250e+04 3.430971e-15 9.001031e+21 
3.421875e+04 3.600363e-15 8.536656e+21 
3.437500e+04 3.772425e-15 8.108158e+21 
3.453125e+04 3.947967e-15 7.703874e+21 
3.468750e+04 4.125487e-15 7.330753e+21 
3.484375e+04 4.301976e-15 6.982834e+21 
3.500000e+04 4.479469e-15 6.661425e+21 
3.515625e+04 4.649693e-15 6.366562e+21 
3.531250e+04 4.819650e-15 6.093724e+21 
3.546875e+04 4.974182e-15 5.849275e+21 
3.562500e+04 5.126895e-15 5.622656e+21 
3.578125e+04 5.254049e-15 5.426986e+21 
3.593750e+04 5.377607e-15 5.245397e+21 
3.609375e+04 5.463718e-15 5.098361e+21 
3.625000e+04 5.544336e-15 4.962330e+21 
3.640625e+04 5.574547e-15 4.865992e+21 
3.656250e+04 5.597430e-15 4.778664e+21 
3.671875e+04 5.557283e-15 4.738457e+21 
3.687500e+04 5.508288e-15 4.707114e+21 
3.703125e+04 5.386378e-15 4.733810e+21 
3.718750e+04 5.254752e-15 4.772595e+21 
3.734375e+04 5.046683e-15 4.885704e+21 
3.750000e+04 4.829079e-15 5.020530e+21 
3.765625e+04 4.542554e-15 5.254014e+21 
3.781250e+04 4.248242e-15 5.530943e+21 
3.796875e+04 3.908366e-15 5.941191e+21 
3.812500e+04 3.564806e-15 6.437168e+21 
3.828125e+04 3.217005e-15 7.105221e+21 
3.843750e+04 2.873144e-15 7.922246e+21 
3.859375e+04 2.577978e-15 8.910023e+21 
3.875000e+04 2.297830e-15 1.007682e+22 
3.890625e+04 2.108269e-15 1.126907e+22 
3.906250e+04 1.941047e-15 1.252914e+22 
3.921875e+04 1.863538e-15 1.358489e+22 
3.937500e+04 1.801435e-15 1.458396e+22 
3.953125e+04 1.793493e-15 1.532053e+22 
3.968750e+04 1.786548e-15 1.604347e+22 
3.984375e+04 1.789861e-15 1.637371e+22 
4.000000e+04 1.796780e-15 1.667651e+22 
4.015625e+04 1.789861e-15 1.637371e+22 
4.031250e+04 1.786548e-15 1.604347e+22 
4.046875e+04 1.793493e-15 1.532053e+22 
4.062500e+04 1.801435e-15 1.458396e+22 
4.078125e+04 1.863538e-15 1.358489e+22 
4.093750e+04 1.941047e-15 1.252914e+22 
4.109375e+04 2.108269e-15 1.126907e+22 
4.125000e+04 2.297830e-15 1.007682e+22 
4.140625e+04 2.577978e-15 8.910023e+21 
4.156250e+04 2.873144e-15 7.922246e+21 
4.171875e+04 3.217005e-15 7.105221e+21 
4.187500e+04 3.564806e-15 6.437168e+21 
4.203125e+04 3.908366e-15 5.941191e+21 
4.218750e+04 4.248242e-15 5.530943e+21 
4.234375e+04 4.542554e-15 5.254014e+21 
4.250000e+04 4.829079e-15 5.020530e+21 
4.265625e+04 5.046683e-15 4.885704e+21 
4.281250e+04 5.254752e-15 4.772595e+21 
4.296875e+04 5.386378e-15 4.733810e+21 
4.312500e+04 5.508288e-15 4.707114e+21 
4.328125e+04 5.557283e-15 4.738457e+21 
4.343750e+04 5.597430e-15 4.778664e+21 
4.359375e+04 5.574547e-15 4.865992e+21 
4.375000e+04 5.544336e-15 4.962330e+21 
4.390625e+04 5.463718e-15 5.098361e+21 
4.406250e+04 5.377607e-15 5.245397e+21 
4.421875e+04 5.254049e-15 5.426986e+21 
4.437500e+04 5.126895e-15 5.622656e+21 
4.453125e+04 4.974182e-15 5.849275e+21 
4.468750e+04 4.819650e-15 6.093724e+21 
4.484375e+04 4.649693e-15 6.366562e+21 
4.500000e+04 4.479469e-15 6.661425e+21 
4.515625e+04 4.301976e-15 6.982834e+21 
4.531250e+04 4.125487e-15 7.330753e+21 
4.546875e+04 3.947967e-15 7.703874e+21 
4.562500e+04 3.772425e-15 8.108158e+21 
4.578125e+04 3.600363e-15 8.536656e+21 
4.593750e+04 3.430971e-15 9.001031e+21 
4.609375e+04 3.268104e-15 9.488922e+21 
4.625000e+04 3.108341e-15 1.001737e+22 
4.640625e+04 2.956955e-15 1.056893e+22 
4.656250e+04 2.808892e-15 1.116562e+22 
4.671875e+04 2.670122e-15 1.178538e+22 
4.687500e+04 2.534718e-15 1.245475e+22 
4.703125e+04 2.408829e-15 1.314763e+22 
4.718750e+04 2.286217e-15 1.389452e+22 
4.734375e+04 2.172854e-15 1.466600e+22 
4.750000e+04 2.062586e-15 1.549596e+22 
4.765625e+04 1.960986e-15 1.635244e+22 
4.781250e+04 1.862243e-15 1.727207e+22 
4.796875e+04 1.771410e-15 1.822116e+22 
4.812500e+04 1.683171e-15 1.923848e+22 
4.828125e+04 1.602013e-15 2.028928e+22 
4.843750e+04 1.523184e-15 2.141408e+22 
4.859375e+04 1.450611e-15 2.257748e+22 
4.875000e+04 1.380113e-15 2.382151e+22 
4.890625e+04 1.315098e-15 2.511033e+22 
4.906250e+04 1.251928e-15 2.648747e+22 
4.921875e+04 1.193547e-15 2.791652e+22 
4.937500e+04 1.136807e-15 2.944283e+22 
4.953125e+04 1.084251e-15 3.102893e+22 
4.968750e+04 1.033159e-15 3.272258e+22 
4.984375e+04 9.857365e-16 3.448452e+22 
5.000000e+04 9.396224e-16 3.636576e+22 
5.015625e+04 8.967455e-16 3.832423e+22 
5.031250e+04 8.550429e-16 4.041534e+22 
5.046875e+04 8.162156e-16 4.259290e+22 
5.062500e+04 7.784448e-16 4.491807e+22 
5.078125e+04 7.432463e-16 4.733915e+22 
5.093750e+04 7.090002e-16 4.992451e+22 
5.109375e+04 6.770703e-16 5.261535e+22 
5.125000e+04 6.459995e-16 5.548893e+22 
5.140625e+04 6.170259e-16 5.847766e+22 
5.156250e+04 5.888270e-16 6.166941e+22 
5.171875e+04 5.625350e-16 6.498606e+22 
5.187500e+04 5.369410e-16 6.852788e+22 
5.203125e+04 5.130859e-16 7.220442e+22 
5.218750e+04 4.898586e-16 7.613021e+22 
5.234375e+04 4.682197e-16 8.020062e+22 
5.250000e+04 4.471445e-16 8.454631e+22 
5.265625e+04 4.275214e-16 8.904662e+22 
5.281250e+04 4.084033e-16 9.385020e+22 
5.296875e+04 3.906129e-16 9.881851e+22 
5.312500e+04 3.732739e-16 1.041201e+23 
5.328125e+04 3.571481e-16 1.095966e+23 
5.343750e+04 3.414252e-16 1.154383e+23 
5.359375e+04 3.268101e-16 1.214654e+23 
5.375000e+04 3.125539e-16 1.278915e+23 
5.390625e+04 2.993082e-16 1.345135e+23 
5.406250e+04 2.863818e-16 1.415704e+23 
5.421875e+04 2.743762e-16 1.488336e+23 
5.437500e+04 2.626547e-16 1.565694e+23 
5.453125e+04 2.517711e-16 1.645222e+23 
5.468750e+04 2.411400e-16 1.729869e+23 
5.484375e+04 2.312709e-16 1.816792e+23 
5.500000e+04 2.216262e-16 1.909244e+23 
5.515625e+04 2.126738e-16 2.004076e+23 
5.531250e+04 2.039209e-16 2.104860e+23 
5.546875e+04 1.957966e-16 2.208127e+23 
5.562500e+04 1.878498e-16 2.317780e+23 
5.578125e+04 1.804734e-16 2.430011e+23 
5.593750e+04 1.732552e-16 2.549071e+23 
5.609375e+04 1.665546e-16 2.670797e+23 
5.625000e+04 1.599949e-16 2.799798e+23 
5.640625e+04 1.539049e-16 2.931538e+23 
5.656250e+04 1.479409e-16 3.070997e+23 
5.671875e+04 1.424030e-16 3.213253e+23 
5.687500e+04 1.369778e-16 3.363663e+23 
5.703125e+04 1.319394e-16 3.516900e+23 
5.718750e+04 1.270022e-16 3.678713e+23 
5.734375e+04 1.224160e-16 3.843355e+23 
5.750000e+04 1.179207e-16 4.016969e+23 
5.765625e+04 1.137443e-16 4.193378e+23 
5.781250e+04 1.096498e-16 4.379120e+23 
5.796875e+04 1.058448e-16 4.567583e+23 
5.812500e+04 1.021138e-16 4.765698e+23 
5.828125e+04 9.864593e-17 4.966410e+23 
5.843750e+04 9.524501e-17 5.177040e+23 
5.859375e+04 9.208312e-17 5.390091e+23 
5.875000e+04 8.898199e-17 5.613262e+23 
5.890625e+04 8.609811e-17 5.838621e+23 
5.906250e+04 8.326946e-17 6.074227e+23 
5.921875e+04 8.063829e-17 6.311728e+23 
5.937500e+04 7.805745e-17 6.559520e+23 
5.953125e+04 7.565615e-17 6.808849e+23 
5.968750e+04 7.330079e-17 7.068422e+23 
5.984375e+04 7.110869e-17 7.329111e+23 
6.000000e+04 6.895862e-17 7.599898e+23 
6.015625e+04 6.695702e-17 7.871313e+23 
6.031250e+04 6.499395e-17 8.152579e+23 
6.046875e+04 6.316591e-17 8.433924e+23 
6.062500e+04 6.137327e-17 8.724769e+23 
6.078125e+04 5.970344e-17 9.015085e+23 
6.093750e+04 5.806618e-17 9.314446e+23 
6.109375e+04 5.654062e-17 9.612621e+23 
6.125000e+04 5.504509e-17 9.919287e+23 
6.140625e+04 5.365116e-17 1.022407e+24 
6.156250e+04 5.228494e-17 1.053669e+24 
6.171875e+04 5.101112e-17 1.084670e+24 
6.187500e+04 4.976293e-17 1.116383e+24 
6.203125e+04 4.859876e-17 1.147758e+24 
6.218750e+04 4.745831e-17 1.179766e+24 
6.234375e+04 4.639428e-17 1.211361e+24 
6.250000e+04 4.535222e-17 1.243502e+24 
6.265625e+04 4.437964e-17 1.275155e+24 
6.281250e+04 4.342743e-17 1.307264e+24 
6.296875e+04 4.253840e-17 1.338812e+24 
6.312500e+04 4.166827e-17 1.370725e+24 
6.328125e+04 4.085557e-17 1.402007e+24 
6.343750e+04 4.006041e-17 1.433560e+24 
6.359375e+04 3.931745e-17 1.464417e+24 
6.375000e+04 3.859077e-17 1.495455e+24 
6.390625e+04 3.791153e-17 1.525739e+24 
6.406250e+04 3.724738e-17 1.556114e+24 
6.421875e+04 3.662632e-17 1.585687e+24 
6.437500e+04 3.601926e-17 1.615266e+24 
6.453125e+04 3.545132e-17 1.644002e+24 
6.468750e+04 3.489634e-17 1.672667e+24 
6.484375e+04 3.437685e-17 1.700460e+24 
6.500000e+04 3.386937e-17 1.728110e+24 
6.515625e+04 3.339405e-17 1.754871e+24 
6.531250e+04 3.292984e-17 1.781425e+24 
6.546875e+04 3.249475e-17 1.807085e+24 
6.562500e+04 3.206993e-17 1.832483e+24 
6.578125e+04 3.167145e-17 1.856992e+24 
6.593750e+04 3.128247e-17 1.881194e+24 
6.609375e+04 3.091728e-17 1.904522e+24 
6.625000e+04 3.056087e-17 1.927504e+24 
6.640625e+04 3.022592e-17 1.949640e+24 
6.656250e+04 2.989910e-17 1.971398e+24 
6.671875e+04 2.959163e-17 1.992344e+24 
6.687500e+04 2.929169e-17 2.012886e+24 
6.703125e+04 2.900917e-17 2.032657e+24 
6.718750e+04 2.873366e-17 2.052004e+24 
6.734375e+04 2.847383e-17 2.070624e+24 
6.750000e+04 2.822053e-17 2.088804e+24 
6.765625e+04 2.798133e-17 2.106304e+24 
6.781250e+04 2.774828e-17 2.123350e+24 
6.796875e+04 2.752791e-17 2.139762e+24 
6.812500e+04 2.731333e-17 2.155709e+24 
6.828125e+04 2.711019e-17 2.171066e+24 
6.843750e+04 2.691254e-17 2.185949e+24 
6.859375e+04 2.672522e-17 2.200283e+24 
6.875000e+04 2.654315e-17 2.214132e+24 
6.890625e+04 2.637042e-17 2.227471e+24 
6.906250e+04 2.620276e-17 2.240316e+24 
6.921875e+04 2.604359e-17 2.252683e+24 
6.937500e+04 2.588932e-17 2.264546e+24 
6.953125e+04 2.574280e-17 2.275961e+24 
6.968750e+04 2.560107e-17 2.286860e+24 
6.984375e+04 2.546645e-17 2.297336e+24 
7.000000e+04 2.533654e-17 2.307285e+24 
7.015625e+04 2.521318e-17 2.316831e+24 
7.031250e+04 2.509447e-17 2.325840e+24 
7.046875e+04 2.498185e-17 2.334462e+24 
7.062500e+04 2.487385e-17 2.342535e+24 
7.078125e+04 2.477154e-17 2.350237e+24 
7.093750e+04 2.467384e-17 2.357378e+24 
7.109375e+04 2.458147e-17 2.364159e+24 
7.125000e+04 2.449374e-17 2.370370e+24 
7.140625e+04 2.441104e-17 2.376232e+24 
7.156250e+04 2.433299e-17 2.381513e+24 
7.171875e+04 2.425974e-17 2.386457e+24 
7.187500e+04 2.419115e-17 2.390811e+24 
7.203125e+04 2.412716e-17 2.394839e+24 
7.218750e+04 2.406784e-17 2.398271e+24 
7.234375e+04 2.401294e-17 2.401388e+24 
7.250000e+04 2.396274e-17 2.403907e+24 
7.265625e+04 2.391679e-17 2.406123e+24 
7.281250e+04 2.387555e-17 2.407742e+24 
7.296875e+04 2.383841e-17 2.409075e+24 
7.312500e+04 2.380595e-17 2.409814e+24 
7.328125e+04 2.377747e-17 2.410287e+24 
7.343750e+04 2.375362e-17 2.410176e+24 
7.359375e+04 2.373360e-17 2.409822e+24 
7.375000e+04 2.371813e-17 2.408899e+24 
7.390625e+04 2.370633e-17 2.407763e+24 
7.406250e+04 2.369896e-17 2.406079e+24 
7.421875e+04 2.369508e-17 2.404217e+24 
7.437500e+04 2.369544e-17 2.401835e+24 
7.453125e+04 2.369908e-17 2.399319e+24 
7.468750e+04 2.370671e-17 2.396316e+24 
7.484375e+04 2.371737e-17 2.393229e+24 
7.500000e+04 2.373169e-17 2.389699e+24 
7.515625e+04 2.374875e-17 2.386140e+24 
7.531250e+04 2.376903e-17 2.382189e+24 
7.546875e+04 2.379172e-17 2.378272e+24 
7.562500e+04 2.381713e-17 2.374021e+24 
7.578125e+04 2.384454e-17 2.369872e+24 
7.593750e+04 2.387408e-17 2.365453e+24 
7.609375e+04 2.390515e-17 2.361207e+24 
7.625000e+04 2.393769e-17 2.356761e+24 
7.640625e+04 2.397125e-17 2.352558e+24 
7.656250e+04 2.400557e-17 2.348227e+24 
7.671875e+04 2.404036e-17 2.344205e+24 
7.687500e+04 2.407516e-17 2.340128e+24 
7.703125e+04 2.410988e-17 2.336416e+24 
7.718750e+04 2.414389e-17 2.332717e+24 
7.734375e+04 2.417726e-17 2.329424e+24 
7.750000e+04 2.420929e-17 2.326205e+24 
7.765625e+04 2.424018e-17 2.323411e+24 
7.781250e+04 2.426920e-17 2.320741e+24 
7.796875e+04 2.429668e-17 2.318488e+24 
7.812500e+04 2.432190e-17 2.316394e+24 
7.828125e+04 2.434531e-17 2.314681e+24 
7.843750e+04 2.436628e-17 2.313145e+24 
7.859375e+04 2.438527e-17 2.311927e+24 
7.875000e+04 2.440181e-17 2.310889e+24 
7.890625e+04 2.441635e-17 2.310087e+24 
7.906250e+04 2.442857e-17 2.309455e+24 
7.921875e+04 2.443884e-17 2.308970e+24 
7.937500e+04 2.444701e-17 2.308637e+24 
7.953125e+04 2.445332e-17 2.308371e+24 
7.968750e+04 2.445773e-17 2.308241e+24 
7.984375e+04 2.446038e-17 2.308120e+24 
8.000000e+04 2.446124e-17 2.308126e+24 
