0.000000e+00 2.427812e-17 2.538893e+24 
1.562500e+02 2.427728e-17 2.538883e+24 
3.125000e+02 2.427467e-17 2.539007e+24 
4.687500e+02 2.427033e-17 2.539132e+24 
6.250000e+02 2.426411e-17 2.539404e+24 
7.812500e+02 2.425608e-17 2.539740e+24 
9.375000e+02 2.424596e-17 2.540241e+24 
1.093750e+03 2.423392e-17 2.540895e+24 
1.250000e+03 2.421959e-17 2.541734e+24 
1.406250e+03 2.420329e-17 2.542826e+24 
1.562500e+03 2.418455e-17 2.544115e+24 
1.718750e+03 2.416387e-17 2.545748e+24 
1.875000e+03 2.414076e-17 2.547575e+24 
2.031250e+03 2.411587e-17 2.549817e+24 
2.187500e+03 2.408872e-17 2.552233e+24 
2.343750e+03 2.406008e-17 2.555106e+24 
2.500000e+03 2.402954e-17 2.558114e+24 
2.656250e+03 2.399791e-17 2.561589e+24 
2.812500e+03 2.396491e-17 2.565144e+24 
2.968750e+03 2.393131e-17 2.569148e+24 
3.125000e+03 2.389698e-17 2.573163e+24 
3.281250e+03 2.386259e-17 2.577584e+24 
3.437500e+03 2.382819e-17 2.581940e+24 
3.593750e+03 2.379429e-17 2.586641e+24 
3.750000e+03 2.376112e-17 2.591197e+24 
3.906250e+03 2.372898e-17 2.596024e+24 
4.062500e+03 2.369830e-17 2.600627e+24 
4.218750e+03 2.366916e-17 2.605425e+24 
4.375000e+03 2.364213e-17 2.609919e+24 
4.531250e+03 2.361711e-17 2.614531e+24 
4.687500e+03 2.359480e-17 2.618768e+24 
4.843750e+03 2.357490e-17 2.623048e+24 
5.000000e+03 2.355822e-17 2.626887e+24 
5.156250e+03 2.354429e-17 2.630700e+24 
5.312500e+03 2.353400e-17 2.634017e+24 
5.468750e+03 2.352676e-17 2.637244e+24 
5.625000e+03 2.352349e-17 2.639926e+24 
5.781250e+03 2.352352e-17 2.642465e+24 
5.937500e+03 2.352778e-17 2.644419e+24 
6.093750e+03 2.353555e-17 2.646182e+24 
6.250000e+03 2.354774e-17 2.647329e+24 
6.406250e+03 2.356362e-17 2.648246e+24 
6.562500e+03 2.358405e-17 2.648523e+24 
6.718750e+03 2.360832e-17 2.648537e+24 
6.875000e+03 2.363724e-17 2.647894e+24 
7.031250e+03 2.367014e-17 2.646961e+24 
7.187500e+03 2.370773e-17 2.645361e+24 
7.343750e+03 2.374944e-17 2.643448e+24 
7.500000e+03 2.379587e-17 2.640864e+24 
7.656250e+03 2.384656e-17 2.637948e+24 
7.812500e+03 2.390197e-17 2.634361e+24 
7.968750e+03 2.396180e-17 2.630428e+24 
8.125000e+03 2.402633e-17 2.625827e+24 
8.281250e+03 2.409548e-17 2.620866e+24 
8.437500e+03 2.416930e-17 2.615244e+24 
8.593750e+03 2.424795e-17 2.609250e+24 
8.750000e+03 2.433124e-17 2.602605e+24 
8.906250e+03 2.441962e-17 2.595575e+24 
9.062500e+03 2.451263e-17 2.587904e+24 
9.218750e+03 2.461102e-17 2.579837e+24 
9.375000e+03 2.471402e-17 2.571141e+24 
9.531250e+03 2.482277e-17 2.562033e+24 
9.687500e+03 2.493614e-17 2.552309e+24 
9.843750e+03 2.505566e-17 2.542157e+24 
1.000000e+04 2.517983e-17 2.531402e+24 
1.015625e+04 2.531063e-17 2.520198e+24 
1.031250e+04 2.544614e-17 2.508405e+24 
1.046875e+04 2.558886e-17 2.496138e+24 
1.062500e+04 2.573636e-17 2.483295e+24 
1.078125e+04 2.589173e-17 2.469948e+24 
1.093750e+04 2.605199e-17 2.456038e+24 
1.109375e+04 2.622089e-17 2.441590e+24 
1.125000e+04 2.639483e-17 2.426591e+24 
1.140625e+04 2.657829e-17 2.411014e+24 
1.156250e+04 2.676699e-17 2.394899e+24 
1.171875e+04 2.696622e-17 2.378162e+24 
1.187500e+04 2.717092e-17 2.360898e+24 
1.203125e+04 2.738730e-17 2.342963e+24 
1.218750e+04 2.760945e-17 2.324516e+24 
1.234375e+04 2.784456e-17 2.305345e+24 
1.250000e+04 2.808579e-17 2.285676e+24 
1.265625e+04 2.834143e-17 2.265232e+24 
1.281250e+04 2.860359e-17 2.244306e+24 
1.296875e+04 2.888178e-17 2.222552e+24 
1.312500e+04 2.916694e-17 2.200337e+24 
1.328125e+04 2.946993e-17 2.177245e+24 
1.343750e+04 2.978042e-17 2.153718e+24 
1.359375e+04 3.011071e-17 2.129269e+24 
1.375000e+04 3.044908e-17 2.104417e+24 
1.390625e+04 3.080943e-17 2.078605e+24 
1.406250e+04 3.117852e-17 2.052430e+24 
1.421875e+04 3.157196e-17 2.025268e+24 
1.437500e+04 3.197484e-17 1.997790e+24 
1.453125e+04 3.240469e-17 1.969309e+24 
1.468750e+04 3.284475e-17 1.940568e+24 
1.484375e+04 3.331463e-17 1.910821e+24 
1.500000e+04 3.379555e-17 1.880879e+24 
1.515625e+04 3.430941e-17 1.849940e+24 
1.531250e+04 3.483521e-17 1.818882e+24 
1.546875e+04 3.539735e-17 1.786849e+24 
1.562500e+04 3.597238e-17 1.754779e+24 
1.578125e+04 3.658750e-17 1.721771e+24 
1.593750e+04 3.721653e-17 1.688816e+24 
1.609375e+04 3.788972e-17 1.654970e+24 
1.625000e+04 3.857793e-17 1.621274e+24 
1.640625e+04 3.931478e-17 1.586744e+24 
1.656250e+04 4.006783e-17 1.552465e+24 
1.671875e+04 4.087443e-17 1.517419e+24 
1.687500e+04 4.169850e-17 1.482727e+24 
1.703125e+04 4.258152e-17 1.447341e+24 
1.718750e+04 4.348339e-17 1.412412e+24 
1.734375e+04 4.445014e-17 1.376870e+24 
1.750000e+04 4.543721e-17 1.341886e+24 
1.765625e+04 4.649569e-17 1.306372e+24 
1.781250e+04 4.757612e-17 1.271515e+24 
1.796875e+04 4.873513e-17 1.236211e+24 
1.812500e+04 4.991786e-17 1.201658e+24 
1.828125e+04 5.118705e-17 1.166743e+24 
1.843750e+04 5.248190e-17 1.132666e+24 
1.859375e+04 5.387188e-17 1.098310e+24 
1.875000e+04 5.528966e-17 1.064870e+24 
1.890625e+04 5.681210e-17 1.031232e+24 
1.906250e+04 5.836469e-17 9.985780e+23 
1.921875e+04 6.003241e-17 9.658040e+23 
1.937500e+04 6.173291e-17 9.340708e+23 
1.953125e+04 6.356004e-17 9.022902e+23 
1.968750e+04 6.542284e-17 8.715964e+23 
1.984375e+04 6.742494e-17 8.409218e+23 
2.000000e+04 6.946595e-17 8.113683e+23 
2.015625e+04 7.166016e-17 7.818939e+23 
2.031250e+04 7.389688e-17 7.535633e+23 
2.046875e+04 7.630213e-17 7.253648e+23 
2.062500e+04 7.875392e-17 6.983211e+23 
2.078125e+04 8.139108e-17 6.714552e+23 
2.093750e+04 8.407930e-17 6.457446e+23 
2.109375e+04 8.697142e-17 6.202502e+23 
2.125000e+04 8.991970e-17 5.959014e+23 
2.140625e+04 9.309225e-17 5.718003e+23 
2.156250e+04 9.632668e-17 5.488261e+23 
2.171875e+04 9.980780e-17 5.261243e+23 
2.187500e+04 1.033573e-16 5.045228e+23 
2.203125e+04 1.071780e-16 4.832122e+23 
2.218750e+04 1.110745e-16 4.629686e+23 
2.234375e+04 1.152693e-16 4.430286e+23 
2.250000e+04 1.195481e-16 4.241165e+23 
2.265625e+04 1.241551e-16 4.055157e+23 
2.281250e+04 1.288553e-16 3.878993e+23 
2.296875e+04 1.339167e-16 3.705972e+23 
2.312500e+04 1.390818e-16 3.542327e+23 
2.328125e+04 1.446443e-16 3.381816e+23 
2.343750e+04 1.503225e-16 3.230190e+23 
2.359375e+04 1.564380e-16 3.081657e+23 
2.375000e+04 1.626826e-16 2.941504e+23 
2.390625e+04 1.694086e-16 2.804376e+23 
2.406250e+04 1.762791e-16 2.675119e+23 
2.421875e+04 1.836793e-16 2.548798e+23 
2.437500e+04 1.912415e-16 2.429841e+23 
2.453125e+04 1.993865e-16 2.313717e+23 
2.468750e+04 2.077132e-16 2.204456e+23 
2.484375e+04 2.166811e-16 2.097917e+23 
2.500000e+04 2.258530e-16 1.997752e+23 
2.515625e+04 2.357297e-16 1.900192e+23 
2.531250e+04 2.458357e-16 1.808534e+23 
2.546875e+04 2.567159e-16 1.719359e+23 
2.562500e+04 2.678538e-16 1.635632e+23 
2.578125e+04 2.798416e-16 1.554267e+23 
2.593750e+04 2.921187e-16 1.477916e+23 
2.609375e+04 3.053277e-16 1.403805e+23 
2.625000e+04 3.188616e-16 1.334296e+23 
2.640625e+04 3.334161e-16 1.266907e+23 
2.656250e+04 3.483351e-16 1.203729e+23 
2.671875e+04 3.643705e-16 1.142553e+23 
2.687500e+04 3.808145e-16 1.085219e+23 
2.703125e+04 3.984787e-16 1.029771e+23 
2.718750e+04 4.165998e-16 9.778205e+22 
2.734375e+04 4.360538e-16 9.276404e+22 
2.750000e+04 4.560178e-16 8.806350e+22 
2.765625e+04 4.774376e-16 8.352871e+22 
2.781250e+04 4.994254e-16 7.928144e+22 
2.796875e+04 5.230037e-16 7.518876e+22 
2.812500e+04 5.472137e-16 7.135586e+22 
2.828125e+04 5.731632e-16 6.766654e+22 
2.843750e+04 5.998140e-16 6.421147e+22 
2.859375e+04 6.283716e-16 6.088908e+22 
2.875000e+04 6.577067e-16 5.777755e+22 
2.890625e+04 6.891392e-16 5.478796e+22 
2.906250e+04 7.214328e-16 5.198791e+22 
2.921875e+04 7.560443e-16 4.929919e+22 
2.937500e+04 7.916095e-16 4.678070e+22 
2.953125e+04 8.297513e-16 4.436309e+22 
2.968750e+04 8.689506e-16 4.209833e+22 
2.984375e+04 9.110332e-16 3.992420e+22 
3.000000e+04 9.542907e-16 3.788740e+22 
3.015625e+04 1.000798e-15 3.593126e+22 
3.031250e+04 1.048613e-15 3.409867e+22 
3.046875e+04 1.100115e-15 3.233718e+22 
3.062500e+04 1.153081e-15 3.068710e+22 
3.078125e+04 1.210250e-15 2.909909e+22 
3.093750e+04 1.269060e-15 2.761192e+22 
3.109375e+04 1.332677e-15 2.617846e+22 
3.125000e+04 1.398137e-15 2.483670e+22 
3.140625e+04 1.469094e-15 2.354115e+22 
3.156250e+04 1.542119e-15 2.232944e+22 
3.171875e+04 1.621402e-15 2.115747e+22 
3.187500e+04 1.703000e-15 2.006254e+22 
3.203125e+04 1.791659e-15 1.900203e+22 
3.218750e+04 1.882887e-15 1.801266e+22 
3.234375e+04 1.981970e-15 1.705356e+22 
3.250000e+04 2.083872e-15 1.616033e+22 
3.265625e+04 2.194339e-15 1.529437e+22 
3.281250e+04 2.307843e-15 1.448945e+22 
3.296875e+04 2.430431e-15 1.370982e+22 
3.312500e+04 2.556216e-15 1.298658e+22 
3.328125e+04 2.691275e-15 1.228753e+22 
3.343750e+04 2.829598e-15 1.164026e+22 
3.359375e+04 2.976885e-15 1.101675e+22 
3.375000e+04 3.127367e-15 1.044033e+22 
3.390625e+04 3.285803e-15 9.887730e+21 
3.406250e+04 3.447191e-15 9.377422e+21 
3.421875e+04 3.614587e-15 8.891368e+21 
3.437500e+04 3.784478e-15 8.442705e+21 
3.453125e+04 3.957245e-15 8.019029e+21 
3.468750e+04 4.131798e-15 7.627812e+21 
3.484375e+04 4.304646e-15 7.262612e+21 
3.500000e+04 4.478298e-15 6.925008e+21 
3.515625e+04 4.643974e-15 6.614809e+21 
3.531250e+04 4.809185e-15 6.327518e+21 
3.546875e+04 4.958290e-15 6.069521e+21 
3.562500e+04 5.105397e-15 5.830042e+21 
3.578125e+04 5.226388e-15 5.622461e+21 
3.593750e+04 5.343640e-15 5.429467e+21 
3.609375e+04 5.423156e-15 5.272009e+21 
3.625000e+04 5.497099e-15 5.125893e+21 
3.640625e+04 5.520816e-15 5.020475e+21 
3.656250e+04 5.537210e-15 4.924248e+21 
3.671875e+04 5.491474e-15 4.876147e+21 
3.687500e+04 5.437002e-15 4.836949e+21 
3.703125e+04 5.311486e-15 4.856762e+21 
3.718750e+04 5.176476e-15 4.888553e+21 
3.734375e+04 4.967998e-15 4.995577e+21 
3.750000e+04 4.750307e-15 5.123976e+21 
3.765625e+04 4.467573e-15 5.351897e+21 
3.781250e+04 4.177434e-15 5.622371e+21 
3.796875e+04 3.845718e-15 6.027237e+21 
3.812500e+04 3.510675e-15 6.515478e+21 
3.828125e+04 3.173976e-15 7.178376e+21 
3.843750e+04 2.841373e-15 7.984745e+21 
3.859375e+04 2.556887e-15 8.971295e+21 
3.875000e+04 2.287045e-15 1.012954e+22 
3.890625e+04 2.103634e-15 1.134325e+22 
3.906250e+04 1.941724e-15 1.262669e+22 
3.921875e+04 1.864827e-15 1.375278e+22 
3.937500e+04 1.803501e-15 1.482582e+22 
3.953125e+04 1.792764e-15 1.566723e+22 
3.968750e+04 1.784891e-15 1.648246e+22 
3.984375e+04 1.788444e-15 1.685308e+22 
4.000000e+04 1.792445e-15 1.722226e+22 
4.015625e+04 1.788444e-15 1.685308e+22 
4.031250e+04 1.784891e-15 1.648246e+22 
4.046875e+04 1.792764e-15 1.566723e+22 
4.062500e+04 1.803501e-15 1.482582e+22 
4.078125e+04 1.864827e-15 1.375278e+22 
4.093750e+04 1.941724e-15 1.262669e+22 
4.109375e+04 2.103634e-15 1.134325e+22 
4.125000e+04 2.287045e-15 1.012954e+22 
4.140625e+04 2.556887e-15 8.971295e+21 
4.156250e+04 2.841373e-15 7.984745e+21 
4.171875e+04 3.173976e-15 7.178376e+21 
4.187500e+04 3.510675e-15 6.515478e+21 
4.203125e+04 3.845718e-15 6.027237e+21 
4.218750e+04 4.177434e-15 5.622371e+21 
4.234375e+04 4.467573e-15 5.351897e+21 
4.250000e+04 4.750307e-15 5.123976e+21 
4.265625e+04 4.967998e-15 4.995577e+21 
4.281250e+04 5.176476e-15 4.888553e+21 
4.296875e+04 5.311486e-15 4.856762e+21 
4.312500e+04 5.437002e-15 4.836949e+21 
4.328125e+04 5.491474e-15 4.876147e+21 
4.343750e+04 5.537210e-15 4.924248e+21 
4.359375e+04 5.520816e-15 5.020475e+21 
4.375000e+04 5.497099e-15 5.125893e+21 
4.390625e+04 5.423156e-15 5.272009e+21 
4.406250e+04 5.343640e-15 5.429467e+21 
4.421875e+04 5.226388e-15 5.622461e+21 
4.437500e+04 5.105397e-15 5.830042e+21 
4.453125e+04 4.958290e-15 6.069521e+21 
4.468750e+04 4.809185e-15 6.327518e+21 
4.484375e+04 4.643974e-15 6.614809e+21 
4.500000e+04 4.478298e-15 6.925008e+21 
4.515625e+04 4.304646e-15 7.262612e+21 
4.531250e+04 4.131798e-15 7.627812e+21 
4.546875e+04 3.957245e-15 8.019029e+21 
4.562500e+04 3.784478e-15 8.442705e+21 
4.578125e+04 3.614587e-15 8.891368e+21 
4.593750e+04 3.447191e-15 9.377422e+21 
4.609375e+04 3.285803e-15 9.887730e+21 
4.625000e+04 3.127367e-15 1.044033e+22 
4.640625e+04 2.976885e-15 1.101675e+22 
4.656250e+04 2.829598e-15 1.164026e+22 
4.671875e+04 2.691275e-15 1.228753e+22 
4.687500e+04 2.556216e-15 1.298658e+22 
4.703125e+04 2.430431e-15 1.370982e+22 
4.718750e+04 2.307843e-15 1.448945e+22 
4.734375e+04 2.194339e-15 1.529437e+22 
4.750000e+04 2.083872e-15 1.616033e+22 
4.765625e+04 1.981970e-15 1.705356e+22 
4.781250e+04 1.882887e-15 1.801266e+22 
4.796875e+04 1.791659e-15 1.900203e+22 
4.812500e+04 1.703000e-15 2.006254e+22 
4.828125e+04 1.621402e-15 2.115747e+22 
4.843750e+04 1.542119e-15 2.232944e+22 
4.859375e+04 1.469094e-15 2.354115e+22 
4.875000e+04 1.398137e-15 2.483670e+22 
4.890625e+04 1.332677e-15 2.617846e+22 
4.906250e+04 1.269060e-15 2.761192e+22 
4.921875e+04 1.210250e-15 2.909909e+22 
4.937500e+04 1.153081e-15 3.068710e+22 
4.953125e+04 1.100115e-15 3.233718e+22 
4.968750e+04 1.048613e-15 3.409867e+22 
4.984375e+04 1.000798e-15 3.593126e+22 
5.000000e+04 9.542907e-16 3.788740e+22 
5.015625e+04 9.110332e-16 3.992420e+22 
5.031250e+04 8.689506e-16 4.209833e+22 
5.046875e+04 8.297513e-16 4.436309e+22 
5.062500e+04 7.916095e-16 4.678070e+22 
5.078125e+04 7.560443e-16 4.929919e+22 
5.093750e+04 7.214328e-16 5.198791e+22 
5.109375e+04 6.891392e-16 5.478796e+22 
5.125000e+04 6.577067e-16 5.777755e+22 
5.140625e+04 6.283716e-16 6.088908e+22 
5.156250e+04 5.998140e-16 6.421147e+22 
5.171875e+04 5.731632e-16 6.766654e+22 
5.187500e+04 5.472137e-16 7.135586e+22 
5.203125e+04 5.230037e-16 7.518876e+22 
5.218750e+04 4.994254e-16 7.928144e+22 
5.234375e+04 4.774376e-16 8.352871e+22 
5.250000e+04 4.560178e-16 8.806350e+22 
5.265625e+04 4.360538e-16 9.276404e+22 
5.281250e+04 4.165998e-16 9.778205e+22 
5.296875e+04 3.984787e-16 1.029771e+23 
5.312500e+04 3.808145e-16 1.085219e+23 
5.328125e+04 3.643705e-16 1.142553e+23 
5.343750e+04 3.483351e-16 1.203729e+23 
5.359375e+04 3.334161e-16 1.266907e+23 
5.375000e+04 3.188616e-16 1.334296e+23 
5.390625e+04 3.053277e-16 1.403805e+23 
5.406250e+04 2.921187e-16 1.477916e+23 
5.421875e+04 2.798416e-16 1.554267e+23 
5.437500e+04 2.678538e-16 1.635632e+23 
5.453125e+04 2.567159e-16 1.719359e+23 
5.468750e+04 2.458357e-16 1.808534e+23 
5.484375e+04 2.357297e-16 1.900192e+23 
5.500000e+04 2.258530e-16 1.997752e+23 
5.515625e+04 2.166811e-16 2.097917e+23 
5.531250e+04 2.077132e-16 2.204456e+23 
5.546875e+04 1.993865e-16 2.313717e+23 
5.562500e+04 1.912415e-16 2.429841e+23 
5.578125e+04 1.836793e-16 2.548798e+23 
5.593750e+04 1.762791e-16 2.675119e+23 
5.609375e+04 1.694086e-16 2.804376e+23 
5.625000e+04 1.626826e-16 2.941504e+23 
5.640625e+04 1.564380e-16 3.081657e+23 
5.656250e+04 1.503225e-16 3.230190e+23 
5.671875e+04 1.446443e-16 3.381816e+23 
5.687500e+04 1.390818e-16 3.542327e+23 
5.703125e+04 1.339167e-16 3.705972e+23 
5.718750e+04 1.288553e-16 3.878993e+23 
5.734375e+04 1.241551e-16 4.055157e+23 
5.750000e+04 1.195481e-16 4.241165e+23 
5.765625e+04 1.152693e-16 4.430286e+23 
5.781250e+04 1.110745e-16 4.629686e+23 
5.796875e+04 1.071780e-16 4.832122e+23 
5.812500e+04 1.033573e-16 5.045228e+23 
5.828125e+04 9.980780e-17 5.261243e+23 
5.843750e+04 9.632668e-17 5.488261e+23 
5.859375e+04 9.309225e-17 5.718003e+23 
5.875000e+04 8.991970e-17 5.959014e+23 
5.890625e+04 8.697142e-17 6.202502e+23 
5.906250e+04 8.407930e-17 6.457446e+23 
5.921875e+04 8.139108e-17 6.714552e+23 
5.937500e+04 7.875392e-17 6.983211e+23 
5.953125e+04 7.630213e-17 7.253648e+23 
5.968750e+04 7.389688e-17 7.535633e+23 
5.984375e+04 7.166016e-17 7.818939e+23 
6.000000e+04 6.946595e-17 8.113683e+23 
6.015625e+04 6.742494e-17 8.409218e+23 
6.031250e+04 6.542284e-17 8.715964e+23 
6.046875e+04 6.356004e-17 9.022902e+23 
6.062500e+04 6.173291e-17 9.340708e+23 
6.078125e+04 6.003241e-17 9.658040e+23 
6.093750e+04 5.836469e-17 9.985780e+23 
6.109375e+04 5.681210e-17 1.031232e+24 
6.125000e+04 5.528966e-17 1.064870e+24 
6.140625e+04 5.387188e-17 1.098310e+24 
6.156250e+04 5.248190e-17 1.132666e+24 
6.171875e+04 5.118705e-17 1.166743e+24 
6.187500e+04 4.991786e-17 1.201658e+24 
6.203125e+04 4.873513e-17 1.236211e+24 
6.218750e+04 4.757612e-17 1.271515e+24 
6.234375e+04 4.649569e-17 1.306372e+24 
6.250000e+04 4.543721e-17 1.341886e+24 
6.265625e+04 4.445014e-17 1.376870e+24 
6.281250e+04 4.348339e-17 1.412412e+24 
6.296875e+04 4.258152e-17 1.447341e+24 
6.312500e+04 4.169850e-17 1.482727e+24 
6.328125e+04 4.087443e-17 1.517419e+24 
6.343750e+04 4.006783e-17 1.552465e+24 
6.359375e+04 3.931478e-17 1.586744e+24 
6.375000e+04 3.857793e-17 1.621274e+24 
6.390625e+04 3.788972e-17 1.654970e+24 
6.406250e+04 3.721653e-17 1.688816e+24 
6.421875e+04 3.658750e-17 1.721771e+24 
6.437500e+04 3.597238e-17 1.754779e+24 
6.453125e+04 3.539735e-17 1.786849e+24 
6.468750e+04 3.483521e-17 1.818882e+24 
6.484375e+04 3.430941e-17 1.849940e+24 
6.500000e+04 3.379555e-17 1.880879e+24 
6.515625e+04 3.331463e-17 1.910821e+24 
6.531250e+04 3.284475e-17 1.940568e+24 
6.546875e+04 3.240469e-17 1.969309e+24 
6.562500e+04 3.197484e-17 1.997790e+24 
6.578125e+04 3.157196e-17 2.025268e+24 
6.593750e+04 3.117852e-17 2.052430e+24 
6.609375e+04 3.080943e-17 2.078605e+24 
6.625000e+04 3.044908e-17 2.104417e+24 
6.640625e+04 3.011071e-17 2.129269e+24 
6.656250e+04 2.978042e-17 2.153718e+24 
6.671875e+04 2.946993e-17 2.177245e+24 
6.687500e+04 2.916694e-17 2.200337e+24 
6.703125e+04 2.888178e-17 2.222552e+24 
6.718750e+04 2.860359e-17 2.244306e+24 
6.734375e+04 2.834143e-17 2.265232e+24 
6.750000e+04 2.808579e-17 2.285676e+24 
6.765625e+04 2.784456e-17 2.305345e+24 
6.781250e+04 2.760945e-17 2.324516e+24 
6.796875e+04 2.738730e-17 2.342963e+24 
6.812500e+04 2.717092e-17 2.360898e+24 
6.828125e+04 2.696622e-17 2.378162e+24 
6.843750e+04 2.676699e-17 2.394899e+24 
6.859375e+04 2.657829e-17 2.411014e+24 
6.875000e+04 2.639483e-17 2.426591e+24 
6.890625e+04 2.622089e-17 2.441590e+24 
6.906250e+04 2.605199e-17 2.456038e+24 
6.921875e+04 2.589173e-17 2.469948e+24 
6.937500e+04 2.573636e-17 2.483295e+24 
6.953125e+04 2.558886e-17 2.496138e+24 
6.968750e+04 2.544614e-17 2.508405e+24 
6.984375e+04 2.531063e-17 2.520198e+24 
7.000000e+04 2.517983e-17 2.531402e+24 
7.015625e+04 2.505566e-17 2.542157e+24 
7.031250e+04 2.493614e-17 2.552309e+24 
7.046875e+04 2.482277e-17 2.562033e+24 
7.062500e+04 2.471402e-17 2.571141e+24 
7.078125e+04 2.461102e-17 2.579837e+24 
7.093750e+04 2.451263e-17 2.587904e+24 
7.109375e+04 2.441962e-17 2.595575e+24 
7.125000e+04 2.433124e-17 2.602605e+24 
7.140625e+04 2.424795e-17 2.609250e+24 
7.156250e+04 2.416930e-17 2.615244e+24 
7.171875e+04 2.409548e-17 2.620866e+24 
7.187500e+04 2.402633e-17 2.625827e+24 
7.203125e+04 2.396180e-17 2.630428e+24 
7.218750e+04 2.390197e-17 2.634361e+24 
7.234375e+04 2.384656e-17 2.637948e+24 
7.250000e+04 2.379587e-17 2.640864e+24 
7.265625e+04 2.374944e-17 2.643448e+24 
7.281250e+04 2.370773e-17 2.645361e+24 
7.296875e+04 2.367014e-17 2.646961e+24 
7.312500e+04 2.363724e-17 2.647894e+24 
7.328125e+04 2.360832e-17 2.648537e+24 
7.343750e+04 2.358405e-17 2.648523e+24 
7.359375e+04 2.356362e-17 2.648246e+24 
7.375000e+04 2.354774e-17 2.647329e+24 
7.390625e+04 2.353555e-17 2.646182e+24 
7.406250e+04 2.352778e-17 2.644419e+24 
7.421875e+04 2.352352e-17 2.642465e+24 
7.437500e+04 2.352349e-17 2.639926e+24 
7.453125e+04 2.352676e-17 2.637244e+24 
7.468750e+04 2.353400e-17 2.634017e+24 
7.484375e+04 2.354429e-17 2.630700e+24 
7.500000e+04 2.355822e-17 2.626887e+24 
7.515625e+04 2.357490e-17 2.623048e+24 
7.531250e+04 2.359480e-17 2.618768e+24 
7.546875e+04 2.361711e-17 2.614531e+24 
7.562500e+04 2.364213e-17 2.609919e+24 
7.578125e+04 2.366916e-17 2.605425e+24 
7.593750e+04 2.369830e-17 2.600627e+24 
7.609375e+04 2.372898e-17 2.596024e+24 
7.625000e+04 2.376112e-17 2.591197e+24 
7.640625e+04 2.379429e-17 2.586641e+24 
7.656250e+04 2.382819e-17 2.581940e+24 
7.671875e+04 2.386259e-17 2.577584e+24 
7.687500e+04 2.389698e-17 2.573163e+24 
7.703125e+04 2.393131e-17 2.569148e+24 
7.718750e+04 2.396491e-17 2.565144e+24 
7.734375e+04 2.399791e-17 2.561589e+24 
7.750000e+04 2.402954e-17 2.558114e+24 
7.765625e+04 2.406008e-17 2.555106e+24 
7.781250e+04 2.408872e-17 2.552233e+24 
7.796875e+04 2.411587e-17 2.549817e+24 
7.812500e+04 2.414076e-17 2.547575e+24 
7.828125e+04 2.416387e-17 2.545748e+24 
7.843750e+04 2.418455e-17 2.544115e+24 
7.859375e+04 2.420329e-17 2.542826e+24 
7.875000e+04 2.421959e-17 2.541734e+24 
7.890625e+04 2.423392e-17 2.540895e+24 
7.906250e+04 2.424596e-17 2.540241e+24 
7.921875e+04 2.425608e-17 2.539740e+24 
7.937500e+04 2.426411e-17 2.539404e+24 
7.953125e+04 2.427033e-17 2.539132e+24 
7.968750e+04 2.427467e-17 2.539007e+24 
7.984375e+04 2.427728e-17 2.538883e+24 
8.000000e+04 2.427812e-17 2.538893e+24 
