0.000000e+00 2.075469e-19 1.000000e+25 
2.083333e+02 2.076098e-19 1.000000e+25 
4.166667e+02 2.077481e-19 1.000000e+25 
6.250000e+02 2.080121e-19 1.000000e+25 
8.333333e+02 2.083512e-19 1.000000e+25 
1.041667e+03 2.088159e-19 1.000000e+25 
1.250000e+03 2.093553e-19 1.000000e+25 
1.458333e+03 2.100199e-19 1.000000e+25 
1.666667e+03 2.107587e-19 1.000000e+25 
1.875000e+03 2.116221e-19 1.000000e+25 
2.083333e+03 2.125591e-19 1.000000e+25 
2.291667e+03 2.136200e-19 1.000000e+25 
2.500000e+03 2.147537e-19 1.000000e+25 
2.708333e+03 2.160106e-19 1.000000e+25 
2.916667e+03 2.173395e-19 1.000000e+25 
3.125000e+03 2.187909e-19 1.000000e+25 
3.333333e+03 2.203133e-19 1.000000e+25 
3.541667e+03 2.219574e-19 1.000000e+25 
3.750000e+03 2.236716e-19 1.000000e+25 
3.958333e+03 2.255070e-19 1.000000e+25 
4.166667e+03 2.274115e-19 1.000000e+25 
4.375000e+03 2.294365e-19 1.000000e+25 
4.583333e+03 2.315299e-19 1.000000e+25 
4.791667e+03 2.337435e-19 1.000000e+25 
5.000000e+03 2.360246e-19 1.000000e+25 
5.208333e+03 2.384258e-19 1.000000e+25 
5.416667e+03 2.408938e-19 1.000000e+25 
5.625000e+03 2.434820e-19 1.000000e+25 
5.833333e+03 2.461365e-19 1.000000e+25 
6.041667e+03 2.489117e-19 1.000000e+25 
6.250000e+03 2.517529e-19 1.000000e+25 
6.458333e+03 2.547155e-19 1.000000e+25 
6.666667e+03 2.577439e-19 1.000000e+25 
6.875000e+03 2.608950e-19 1.000000e+25 
7.083333e+03 2.641117e-19 1.000000e+25 
7.291667e+03 2.674527e-19 1.000000e+25 
7.500000e+03 2.708596e-19 1.000000e+25 
7.708333e+03 2.743923e-19 1.000000e+25 
7.916667e+03 2.779914e-19 1.000000e+25 
8.125000e+03 2.817183e-19 1.000000e+25 
8.333333e+03 2.855119e-19 1.000000e+25 
8.541667e+03 2.894351e-19 1.000000e+25 
8.750000e+03 2.934258e-19 1.000000e+25 
8.958333e+03 2.975475e-19 1.000000e+25 
9.166667e+03 3.017373e-19 1.000000e+25 
9.375000e+03 3.060592e-19 1.000000e+25 
9.583333e+03 3.104497e-19 1.000000e+25 
9.791667e+03 3.149724e-19 1.000000e+25 
1.000000e+04 3.195642e-19 1.000000e+25 
1.020833e+04 3.242874e-19 1.000000e+25 
1.041667e+04 3.290802e-19 1.000000e+25 
1.062500e+04 3.340026e-19 1.000000e+25 
1.083333e+04 3.389951e-19 1.000000e+25 
1.104167e+04 3.441148e-19 1.000000e+25 
1.125000e+04 3.493050e-19 1.000000e+25 
1.145833e+04 3.546202e-19 1.000000e+25 
1.166667e+04 3.600066e-19 1.000000e+25 
1.187500e+04 3.655164e-19 1.000000e+25 
1.208333e+04 3.710986e-19 1.000000e+25 
1.229167e+04 3.768043e-19 1.000000e+25 
1.250000e+04 3.825842e-19 1.000000e+25 
1.270833e+04 3.884900e-19 1.000000e+25 
1.291667e+04 3.944729e-19 1.000000e+25 
1.312500e+04 4.005868e-19 1.000000e+25 
1.333333e+04 4.067816e-19 1.000000e+25 
1.354167e+04 4.131155e-19 1.000000e+25 
1.375000e+04 4.195348e-19 1.000000e+25 
1.395833e+04 4.261039e-19 1.000000e+25 
1.416667e+04 4.327636e-19 1.000000e+25 
1.437500e+04 4.395856e-19 1.000000e+25 
1.458333e+04 4.465036e-19 1.000000e+25 
1.479167e+04 4.535969e-19 1.000000e+25 
1.500000e+04 4.607915e-19 1.000000e+25 
1.520833e+04 4.681738e-19 1.000000e+25 
1.541667e+04 4.756623e-19 1.000000e+25 
1.562500e+04 4.833491e-19 1.000000e+25 
1.583333e+04 4.911463e-19 1.000000e+25 
1.604167e+04 4.991494e-19 1.000000e+25 
1.625000e+04 5.072664e-19 1.000000e+25 
1.645833e+04 5.155934e-19 1.000000e+25 
1.666667e+04 5.240367e-19 1.000000e+25 
1.687500e+04 5.326911e-19 1.000000e+25 
1.708333e+04 5.414634e-19 1.000000e+25 
1.729167e+04 5.504457e-19 1.000000e+25 
1.750000e+04 5.595473e-19 1.000000e+25 
1.770833e+04 5.688580e-19 1.000000e+25 
1.791667e+04 5.782900e-19 1.000000e+25 
1.812500e+04 5.879328e-19 1.000000e+25 
1.833333e+04 5.977003e-19 1.000000e+25 
1.854167e+04 6.076852e-19 1.000000e+25 
1.875000e+04 6.178001e-19 1.000000e+25 
1.895833e+04 6.281451e-19 1.000000e+25 
1.916667e+04 6.386269e-19 1.000000e+25 
1.937500e+04 6.493565e-19 1.000000e+25 
1.958333e+04 6.602305e-19 1.000000e+25 
1.979167e+04 6.713727e-19 1.000000e+25 
2.000000e+04 6.826671e-19 1.000000e+25 
2.020833e+04 6.942505e-19 1.000000e+25 
2.041667e+04 7.059934e-19 1.000000e+25 
2.062500e+04 7.180462e-19 1.000000e+25 
2.083333e+04 7.302657e-19 1.000000e+25 
2.104167e+04 7.428186e-19 1.000000e+25 
2.125000e+04 7.555463e-19 1.000000e+25 
2.145833e+04 7.686402e-19 1.000000e+25 
2.166667e+04 7.819208e-19 1.000000e+25 
2.187500e+04 7.956182e-19 1.000000e+25 
2.208333e+04 8.095207e-19 1.000000e+25 
2.229167e+04 8.239183e-19 1.000000e+25 
2.250000e+04 8.385483e-19 1.000000e+25 
2.270833e+04 8.537854e-19 1.000000e+25 
2.291667e+04 8.692924e-19 1.000000e+25 
2.312500e+04 8.855509e-19 1.000000e+25 
2.333333e+04 9.021247e-19 1.000000e+25 
2.354167e+04 9.196166e-19 1.000000e+25 
2.375000e+04 9.374727e-19 1.000000e+25 
2.395833e+04 9.564149e-19 1.000000e+25 
2.416667e+04 9.757661e-19 1.000000e+25 
2.437500e+04 9.963441e-19 1.000000e+25 
2.458333e+04 1.017364e-18 1.000000e+25 
2.479167e+04 1.039693e-18 1.000000e+25 
2.500000e+04 1.062477e-18 1.000000e+25 
2.520833e+04 1.086570e-18 1.000000e+25 
2.541667e+04 1.111106e-18 1.000000e+25 
2.562500e+04 1.136854e-18 1.000000e+25 
2.583333e+04 1.163012e-18 1.000000e+25 
2.604167e+04 1.190187e-18 1.000000e+25 
2.625000e+04 1.217723e-18 1.000000e+25 
2.645833e+04 1.245999e-18 1.000000e+25 
2.666667e+04 1.274580e-18 1.000000e+25 
2.687500e+04 1.303564e-18 1.000000e+25 
2.708333e+04 1.332801e-18 1.000000e+25 
2.729167e+04 1.362075e-18 1.000000e+25 
2.750000e+04 1.391566e-18 1.000000e+25 
2.770833e+04 1.420729e-18 1.000000e+25 
2.791667e+04 1.450097e-18 1.000000e+25 
2.812500e+04 1.478814e-18 1.000000e+25 
2.833333e+04 1.507765e-18 1.000000e+25 
2.854167e+04 1.535820e-18 1.000000e+25 
2.875000e+04 1.564192e-18 1.000000e+25 
2.895833e+04 1.591560e-18 1.000000e+25 
2.916667e+04 1.619405e-18 1.000000e+25 
2.937500e+04 1.646270e-18 1.000000e+25 
2.958333e+04 1.673835e-18 1.000000e+25 
2.979167e+04 1.700745e-18 1.000000e+25 
3.000000e+04 1.728841e-18 1.000000e+25 
3.020833e+04 1.756882e-18 1.000000e+25 
3.041667e+04 1.786298e-18 1.000000e+25 
3.062500e+04 1.815500e-18 1.000000e+25 
3.083333e+04 1.847526e-18 1.000000e+25 
3.104167e+04 1.884504e-18 1.000000e+25 
3.125000e+04 1.922962e-18 1.000000e+25 
3.145833e+04 1.957754e-18 1.000000e+25 
3.166667e+04 1.995620e-18 1.000000e+25 
3.187500e+04 2.049104e-18 1.000000e+25 
3.208333e+04 2.132494e-18 1.000000e+25 
3.229167e+04 2.138734e-18 1.000000e+25 
3.250000e+04 2.168979e-18 1.000000e+25 
3.270833e+04 3.880912e-18 7.804196e+24 
3.291667e+04 6.068189e-18 5.408194e+24 
3.312500e+04 1.293566e-17 2.670211e+24 
3.333333e+04 2.139253e-17 1.640082e+24 
3.354167e+04 4.489384e-17 7.984364e+23 
3.375000e+04 7.274440e-17 4.873285e+23 
3.395833e+04 1.476050e-16 2.432297e+23 
3.416667e+04 2.361130e-16 1.498693e+23 
3.437500e+04 4.521420e-16 7.877261e+22 
3.458333e+04 7.056910e-16 4.976156e+22 
3.479167e+04 1.248000e-15 2.819698e+22 
3.500000e+04 1.872445e-15 1.857421e+22 
3.520833e+04 2.995216e-15 1.159159e+22 
3.541667e+04 4.243520e-15 8.106425e+21 
3.562500e+04 6.052866e-15 5.654448e+21 
3.583333e+04 7.965734e-15 4.263559e+21 
3.604167e+04 1.010252e-14 3.331359e+21 
3.625000e+04 1.223461e-14 2.726734e+21 
3.645833e+04 1.389486e-14 2.364647e+21 
3.666667e+04 1.543735e-14 2.099686e+21 
3.687500e+04 1.580032e-14 2.002877e+21 
3.708333e+04 1.598719e-14 1.936488e+21 
3.729167e+04 1.460519e-14 2.047263e+21 
3.750000e+04 1.303503e-14 2.218826e+21 
3.770833e+04 1.010675e-14 2.731452e+21 
3.791667e+04 6.984557e-15 3.766745e+21 
3.812500e+04 4.107618e-15 6.178295e+21 
3.833333e+04 1.461844e-15 1.647892e+22 
3.854167e+04 7.402476e-16 3.441030e+22 
3.875000e+04 1.836658e-16 1.386402e+23 
3.895833e+04 1.504718e-16 1.813098e+23 
3.916667e+04 1.054793e-16 2.712512e+23 
3.937500e+04 8.295681e-17 3.402807e+23 
3.958333e+04 5.973533e-17 4.589861e+23 
3.979167e+04 5.631358e-17 4.880427e+23 
4.000000e+04 5.285461e-17 5.161751e+23 
4.020833e+04 5.631358e-17 4.880427e+23 
4.041667e+04 5.973533e-17 4.589861e+23 
4.062500e+04 8.295681e-17 3.402807e+23 
4.083333e+04 1.054793e-16 2.712512e+23 
4.104167e+04 1.504718e-16 1.813098e+23 
4.125000e+04 1.836658e-16 1.386402e+23 
4.145833e+04 7.402476e-16 3.441030e+22 
4.166667e+04 1.461844e-15 1.647892e+22 
4.187500e+04 4.107618e-15 6.178295e+21 
4.208333e+04 6.984557e-15 3.766745e+21 
4.229167e+04 1.010675e-14 2.731452e+21 
4.250000e+04 1.303503e-14 2.218826e+21 
4.270833e+04 1.460519e-14 2.047263e+21 
4.291667e+04 1.598719e-14 1.936488e+21 
4.312500e+04 1.580032e-14 2.002877e+21 
4.333333e+04 1.543735e-14 2.099686e+21 
4.354167e+04 1.389486e-14 2.364647e+21 
4.375000e+04 1.223461e-14 2.726734e+21 
4.395833e+04 1.010252e-14 3.331359e+21 
4.416667e+04 7.965734e-15 4.263559e+21 
4.437500e+04 6.052866e-15 5.654448e+21 
4.458333e+04 4.243520e-15 8.106425e+21 
4.479167e+04 2.995216e-15 1.159159e+22 
4.500000e+04 1.872445e-15 1.857421e+22 
4.520833e+04 1.248000e-15 2.819698e+22 
4.541667e+04 7.056910e-16 4.976156e+22 
4.562500e+04 4.521420e-16 7.877261e+22 
4.583333e+04 2.361130e-16 1.498693e+23 
4.604167e+04 1.476050e-16 2.432297e+23 
4.625000e+04 7.274440e-17 4.873285e+23 
4.645833e+04 4.489384e-17 7.984364e+23 
4.666667e+04 2.139253e-17 1.640082e+24 
4.687500e+04 1.293566e-17 2.670211e+24 
4.708333e+04 6.068189e-18 5.408194e+24 
4.729167e+04 3.880912e-18 7.804196e+24 
4.750000e+04 2.168979e-18 1.000000e+25 
4.770833e+04 2.138734e-18 1.000000e+25 
4.791667e+04 2.132494e-18 1.000000e+25 
4.812500e+04 2.049104e-18 1.000000e+25 
4.833333e+04 1.995620e-18 1.000000e+25 
4.854167e+04 1.957754e-18 1.000000e+25 
4.875000e+04 1.922962e-18 1.000000e+25 
4.895833e+04 1.884504e-18 1.000000e+25 
4.916667e+04 1.847526e-18 1.000000e+25 
4.937500e+04 1.815500e-18 1.000000e+25 
4.958333e+04 1.786298e-18 1.000000e+25 
4.979167e+04 1.756882e-18 1.000000e+25 
5.000000e+04 1.728841e-18 1.000000e+25 
5.020833e+04 1.700745e-18 1.000000e+25 
5.041667e+04 1.673835e-18 1.000000e+25 
5.062500e+04 1.646270e-18 1.000000e+25 
5.083333e+04 1.619405e-18 1.000000e+25 
5.104167e+04 1.591560e-18 1.000000e+25 
5.125000e+04 1.564192e-18 1.000000e+25 
5.145833e+04 1.535820e-18 1.000000e+25 
5.166667e+04 1.507765e-18 1.000000e+25 
5.187500e+04 1.478814e-18 1.000000e+25 
5.208333e+04 1.450097e-18 1.000000e+25 
5.229167e+04 1.420729e-18 1.000000e+25 
5.250000e+04 1.391566e-18 1.000000e+25 
5.270833e+04 1.362075e-18 1.000000e+25 
5.291667e+04 1.332801e-18 1.000000e+25 
5.312500e+04 1.303564e-18 1.000000e+25 
5.333333e+04 1.274580e-18 1.000000e+25 
5.354167e+04 1.245999e-18 1.000000e+25 
5.375000e+04 1.217723e-18 1.000000e+25 
5.395833e+04 1.190187e-18 1.000000e+25 
5.416667e+04 1.163012e-18 1.000000e+25 
5.437500e+04 1.136854e-18 1.000000e+25 
5.458333e+04 1.111106e-18 1.000000e+25 
5.479167e+04 1.086570e-18 1.000000e+25 
5.500000e+04 1.062477e-18 1.000000e+25 
5.520833e+04 1.039693e-18 1.000000e+25 
5.541667e+04 1.017364e-18 1.000000e+25 
5.562500e+04 9.963441e-19 1.000000e+25 
5.583333e+04 9.757661e-19 1.000000e+25 
5.604167e+04 9.564149e-19 1.000000e+25 
5.625000e+04 9.374727e-19 1.000000e+25 
5.645833e+04 9.196166e-19 1.000000e+25 
5.666667e+04 9.021247e-19 1.000000e+25 
5.687500e+04 8.855509e-19 1.000000e+25 
5.708333e+04 8.692924e-19 1.000000e+25 
5.729167e+04 8.537854e-19 1.000000e+25 
5.750000e+04 8.385483e-19 1.000000e+25 
5.770833e+04 8.239183e-19 1.000000e+25 
5.791667e+04 8.095207e-19 1.000000e+25 
5.812500e+04 7.956182e-19 1.000000e+25 
5.833333e+04 7.819208e-19 1.000000e+25 
5.854167e+04 7.686402e-19 1.000000e+25 
5.875000e+04 7.555463e-19 1.000000e+25 
5.895833e+04 7.428186e-19 1.000000e+25 
5.916667e+04 7.302657e-19 1.000000e+25 
5.937500e+04 7.180462e-19 1.000000e+25 
5.958333e+04 7.059934e-19 1.000000e+25 
5.979167e+04 6.942505e-19 1.000000e+25 
6.000000e+04 6.826671e-19 1.000000e+25 
6.020833e+04 6.713727e-19 1.000000e+25 
6.041667e+04 6.602305e-19 1.000000e+25 
6.062500e+04 6.493565e-19 1.000000e+25 
6.083333e+04 6.386269e-19 1.000000e+25 
6.104167e+04 6.281451e-19 1.000000e+25 
6.125000e+04 6.178001e-19 1.000000e+25 
6.145833e+04 6.076852e-19 1.000000e+25 
6.166667e+04 5.977003e-19 1.000000e+25 
6.187500e+04 5.879328e-19 1.000000e+25 
6.208333e+04 5.782900e-19 1.000000e+25 
6.229167e+04 5.688580e-19 1.000000e+25 
6.250000e+04 5.595473e-19 1.000000e+25 
6.270833e+04 5.504457e-19 1.000000e+25 
6.291667e+04 5.414634e-19 1.000000e+25 
6.312500e+04 5.326911e-19 1.000000e+25 
6.333333e+04 5.240367e-19 1.000000e+25 
6.354167e+04 5.155934e-19 1.000000e+25 
6.375000e+04 5.072664e-19 1.000000e+25 
6.395833e+04 4.991494e-19 1.000000e+25 
6.416667e+04 4.911463e-19 1.000000e+25 
6.437500e+04 4.833491e-19 1.000000e+25 
6.458333e+04 4.756623e-19 1.000000e+25 
6.479167e+04 4.681738e-19 1.000000e+25 
6.500000e+04 4.607915e-19 1.000000e+25 
6.520833e+04 4.535969e-19 1.000000e+25 
6.541667e+04 4.465036e-19 1.000000e+25 
6.562500e+04 4.395856e-19 1.000000e+25 
6.583333e+04 4.327636e-19 1.000000e+25 
6.604167e+04 4.261039e-19 1.000000e+25 
6.625000e+04 4.195348e-19 1.000000e+25 
6.645833e+04 4.131155e-19 1.000000e+25 
6.666667e+04 4.067816e-19 1.000000e+25 
6.687500e+04 4.005868e-19 1.000000e+25 
6.708333e+04 3.944729e-19 1.000000e+25 
6.729167e+04 3.884900e-19 1.000000e+25 
6.750000e+04 3.825842e-19 1.000000e+25 
6.770833e+04 3.768043e-19 1.000000e+25 
6.791667e+04 3.710986e-19 1.000000e+25 
6.812500e+04 3.655164e-19 1.000000e+25 
6.833333e+04 3.600066e-19 1.000000e+25 
6.854167e+04 3.546202e-19 1.000000e+25 
6.875000e+04 3.493050e-19 1.000000e+25 
6.895833e+04 3.441148e-19 1.000000e+25 
6.916667e+04 3.389951e-19 1.000000e+25 
6.937500e+04 3.340026e-19 1.000000e+25 
6.958333e+04 3.290802e-19 1.000000e+25 
6.979167e+04 3.242874e-19 1.000000e+25 
7.000000e+04 3.195642e-19 1.000000e+25 
7.020833e+04 3.149723e-19 1.000000e+25 
7.041667e+04 3.104497e-19 1.000000e+25 
7.062500e+04 3.060592e-19 1.000000e+25 
7.083333e+04 3.017373e-19 1.000000e+25 
7.104167e+04 2.975475e-19 1.000000e+25 
7.125000e+04 2.934258e-19 1.000000e+25 
7.145833e+04 2.894351e-19 1.000000e+25 
7.166667e+04 2.855119e-19 1.000000e+25 
7.187500e+04 2.817183e-19 1.000000e+25 
7.208333e+04 2.779914e-19 1.000000e+25 
7.229167e+04 2.743923e-19 1.000000e+25 
7.250000e+04 2.708596e-19 1.000000e+25 
7.270833e+04 2.674527e-19 1.000000e+25 
7.291667e+04 2.641117e-19 1.000000e+25 
7.312500e+04 2.608950e-19 1.000000e+25 
7.333333e+04 2.577439e-19 1.000000e+25 
7.354167e+04 2.547155e-19 1.000000e+25 
7.375000e+04 2.517529e-19 1.000000e+25 
7.395833e+04 2.489117e-19 1.000000e+25 
7.416667e+04 2.461365e-19 1.000000e+25 
7.437500e+04 2.434820e-19 1.000000e+25 
7.458333e+04 2.408938e-19 1.000000e+25 
7.479167e+04 2.384258e-19 1.000000e+25 
7.500000e+04 2.360246e-19 1.000000e+25 
7.520833e+04 2.337435e-19 1.000000e+25 
7.541667e+04 2.315299e-19 1.000000e+25 
7.562500e+04 2.294365e-19 1.000000e+25 
7.583333e+04 2.274115e-19 1.000000e+25 
7.604167e+04 2.255070e-19 1.000000e+25 
7.625000e+04 2.236716e-19 1.000000e+25 
7.645833e+04 2.219574e-19 1.000000e+25 
7.666667e+04 2.203133e-19 1.000000e+25 
7.687500e+04 2.187909e-19 1.000000e+25 
7.708333e+04 2.173395e-19 1.000000e+25 
7.729167e+04 2.160106e-19 1.000000e+25 
7.750000e+04 2.147537e-19 1.000000e+25 
7.770833e+04 2.136200e-19 1.000000e+25 
7.791667e+04 2.125591e-19 1.000000e+25 
7.812500e+04 2.116221e-19 1.000000e+25 
7.833333e+04 2.107587e-19 1.000000e+25 
7.854167e+04 2.100199e-19 1.000000e+25 
7.875000e+04 2.093553e-19 1.000000e+25 
7.895833e+04 2.088159e-19 1.000000e+25 
7.916667e+04 2.083512e-19 1.000000e+25 
7.937500e+04 2.080121e-19 1.000000e+25 
7.958333e+04 2.077481e-19 1.000000e+25 
7.979167e+04 2.076098e-19 1.000000e+25 
8.000000e+04 2.075469e-19 1.000000e+25 
