0.000000e+00 1.993502e-19 1.000000e+25 
2.083333e+02 1.994102e-19 1.000000e+25 
4.166667e+02 1.995424e-19 1.000000e+25 
6.250000e+02 1.997947e-19 1.000000e+25 
8.333333e+02 2.001189e-19 1.000000e+25 
1.041667e+03 2.005629e-19 1.000000e+25 
1.250000e+03 2.010786e-19 1.000000e+25 
1.458333e+03 2.017136e-19 1.000000e+25 
1.666667e+03 2.024198e-19 1.000000e+25 
1.875000e+03 2.032448e-19 1.000000e+25 
2.083333e+03 2.041403e-19 1.000000e+25 
2.291667e+03 2.051540e-19 1.000000e+25 
2.500000e+03 2.062375e-19 1.000000e+25 
2.708333e+03 2.074385e-19 1.000000e+25 
2.916667e+03 2.087084e-19 1.000000e+25 
3.125000e+03 2.100950e-19 1.000000e+25 
3.333333e+03 2.115497e-19 1.000000e+25 
3.541667e+03 2.131203e-19 1.000000e+25 
3.750000e+03 2.147581e-19 1.000000e+25 
3.958333e+03 2.165111e-19 1.000000e+25 
4.166667e+03 2.183304e-19 1.000000e+25 
4.375000e+03 2.202641e-19 1.000000e+25 
4.583333e+03 2.222633e-19 1.000000e+25 
4.791667e+03 2.243765e-19 1.000000e+25 
5.000000e+03 2.265544e-19 1.000000e+25 
5.208333e+03 2.288459e-19 1.000000e+25 
5.416667e+03 2.312013e-19 1.000000e+25 
5.625000e+03 2.336703e-19 1.000000e+25 
5.833333e+03 2.362027e-19 1.000000e+25 
6.041667e+03 2.388488e-19 1.000000e+25 
6.250000e+03 2.415579e-19 1.000000e+25 
6.458333e+03 2.443812e-19 1.000000e+25 
6.666667e+03 2.472672e-19 1.000000e+25 
6.875000e+03 2.502683e-19 1.000000e+25 
7.083333e+03 2.533320e-19 1.000000e+25 
7.291667e+03 2.565120e-19 1.000000e+25 
7.500000e+03 2.597548e-19 1.000000e+25 
7.708333e+03 2.631154e-19 1.000000e+25 
7.916667e+03 2.665392e-19 1.000000e+25 
8.125000e+03 2.700828e-19 1.000000e+25 
8.333333e+03 2.736900e-19 1.000000e+25 
8.541667e+03 2.774192e-19 1.000000e+25 
8.750000e+03 2.812127e-19 1.000000e+25 
8.958333e+03 2.851305e-19 1.000000e+25 
9.166667e+03 2.891134e-19 1.000000e+25 
9.375000e+03 2.932228e-19 1.000000e+25 
9.583333e+03 2.973982e-19 1.000000e+25 
9.791667e+03 3.017019e-19 1.000000e+25 
1.000000e+04 3.060727e-19 1.000000e+25 
1.020833e+04 3.105730e-19 1.000000e+25 
1.041667e+04 3.151411e-19 1.000000e+25 
1.062500e+04 3.198392e-19 1.000000e+25 
1.083333e+04 3.246060e-19 1.000000e+25 
1.104167e+04 3.295023e-19 1.000000e+25 
1.125000e+04 3.344680e-19 1.000000e+25 
1.145833e+04 3.395620e-19 1.000000e+25 
1.166667e+04 3.447260e-19 1.000000e+25 
1.187500e+04 3.500168e-19 1.000000e+25 
1.208333e+04 3.553785e-19 1.000000e+25 
1.229167e+04 3.608657e-19 1.000000e+25 
1.250000e+04 3.664250e-19 1.000000e+25 
1.270833e+04 3.721095e-19 1.000000e+25 
1.291667e+04 3.778680e-19 1.000000e+25 
1.312500e+04 3.837532e-19 1.000000e+25 
1.333333e+04 3.897150e-19 1.000000e+25 
1.354167e+04 3.958073e-19 1.000000e+25 
1.375000e+04 4.019795e-19 1.000000e+25 
1.395833e+04 4.082886e-19 1.000000e+25 
1.416667e+04 4.146816e-19 1.000000e+25 
1.437500e+04 4.212198e-19 1.000000e+25 
1.458333e+04 4.278467e-19 1.000000e+25 
1.479167e+04 4.346287e-19 1.000000e+25 
1.500000e+04 4.415043e-19 1.000000e+25 
1.520833e+04 4.485453e-19 1.000000e+25 
1.541667e+04 4.556849e-19 1.000000e+25 
1.562500e+04 4.630002e-19 1.000000e+25 
1.583333e+04 4.704187e-19 1.000000e+25 
1.604167e+04 4.780219e-19 1.000000e+25 
1.625000e+04 4.857326e-19 1.000000e+25 
1.645833e+04 4.936354e-19 1.000000e+25 
1.666667e+04 5.016497e-19 1.000000e+25 
1.687500e+04 5.098616e-19 1.000000e+25 
1.708333e+04 5.181882e-19 1.000000e+25 
1.729167e+04 5.267165e-19 1.000000e+25 
1.750000e+04 5.353625e-19 1.000000e+25 
1.770833e+04 5.442130e-19 1.000000e+25 
1.791667e+04 5.531843e-19 1.000000e+25 
1.812500e+04 5.623630e-19 1.000000e+25 
1.833333e+04 5.716659e-19 1.000000e+25 
1.854167e+04 5.811807e-19 1.000000e+25 
1.875000e+04 5.908237e-19 1.000000e+25 
1.895833e+04 6.006859e-19 1.000000e+25 
1.916667e+04 6.106812e-19 1.000000e+25 
1.937500e+04 6.209061e-19 1.000000e+25 
1.958333e+04 6.312702e-19 1.000000e+25 
1.979167e+04 6.418775e-19 1.000000e+25 
2.000000e+04 6.526306e-19 1.000000e+25 
2.020833e+04 6.636431e-19 1.000000e+25 
2.041667e+04 6.748085e-19 1.000000e+25 
2.062500e+04 6.862515e-19 1.000000e+25 
2.083333e+04 6.978547e-19 1.000000e+25 
2.104167e+04 7.097562e-19 1.000000e+25 
2.125000e+04 7.218259e-19 1.000000e+25 
2.145833e+04 7.342201e-19 1.000000e+25 
2.166667e+04 7.467924e-19 1.000000e+25 
2.187500e+04 7.597262e-19 1.000000e+25 
2.208333e+04 7.728520e-19 1.000000e+25 
2.229167e+04 7.863952e-19 1.000000e+25 
2.250000e+04 8.001508e-19 1.000000e+25 
2.270833e+04 8.144066e-19 1.000000e+25 
2.291667e+04 8.289043e-19 1.000000e+25 
2.312500e+04 8.440180e-19 1.000000e+25 
2.333333e+04 8.594130e-19 1.000000e+25 
2.354167e+04 8.755722e-19 1.000000e+25 
2.375000e+04 8.920603e-19 1.000000e+25 
2.395833e+04 9.094835e-19 1.000000e+25 
2.416667e+04 9.272864e-19 1.000000e+25 
2.437500e+04 9.461964e-19 1.000000e+25 
2.458333e+04 9.655328e-19 1.000000e+25 
2.479167e+04 9.861192e-19 1.000000e+25 
2.500000e+04 1.007165e-18 1.000000e+25 
2.520833e+04 1.029542e-18 1.000000e+25 
2.541667e+04 1.052390e-18 1.000000e+25 
2.562500e+04 1.076562e-18 1.000000e+25 
2.583333e+04 1.101191e-18 1.000000e+25 
2.604167e+04 1.127035e-18 1.000000e+25 
2.625000e+04 1.153298e-18 1.000000e+25 
2.645833e+04 1.180565e-18 1.000000e+25 
2.666667e+04 1.208197e-18 1.000000e+25 
2.687500e+04 1.236538e-18 1.000000e+25 
2.708333e+04 1.265182e-18 1.000000e+25 
2.729167e+04 1.294184e-18 1.000000e+25 
2.750000e+04 1.323432e-18 1.000000e+25 
2.770833e+04 1.352660e-18 1.000000e+25 
2.791667e+04 1.382096e-18 1.000000e+25 
2.812500e+04 1.411149e-18 1.000000e+25 
2.833333e+04 1.440400e-18 1.000000e+25 
2.854167e+04 1.468957e-18 1.000000e+25 
2.875000e+04 1.497748e-18 1.000000e+25 
2.895833e+04 1.525622e-18 1.000000e+25 
2.916667e+04 1.553824e-18 1.000000e+25 
2.937500e+04 1.581031e-18 1.000000e+25 
2.958333e+04 1.608742e-18 1.000000e+25 
2.979167e+04 1.635504e-18 1.000000e+25 
3.000000e+04 1.663013e-18 1.000000e+25 
3.020833e+04 1.689910e-18 1.000000e+25 
3.041667e+04 1.718040e-18 1.000000e+25 
3.062500e+04 1.745958e-18 1.000000e+25 
3.083333e+04 1.775309e-18 1.000000e+25 
3.104167e+04 1.804646e-18 1.000000e+25 
3.125000e+04 1.837150e-18 1.000000e+25 
3.145833e+04 1.872638e-18 1.000000e+25 
3.166667e+04 1.909606e-18 1.000000e+25 
3.187500e+04 1.941406e-18 1.000000e+25 
3.208333e+04 1.974243e-18 1.000000e+25 
3.229167e+04 2.045441e-18 1.000000e+25 
3.250000e+04 2.088071e-18 1.000000e+25 
3.270833e+04 2.194227e-18 1.000000e+25 
3.291667e+04 2.610421e-18 1.000000e+25 
3.312500e+04 5.810339e-18 5.573388e+24 
3.333333e+04 9.394359e-18 3.677925e+24 
3.354167e+04 2.018240e-17 1.765941e+24 
3.375000e+04 3.276919e-17 1.080791e+24 
3.395833e+04 6.908565e-17 5.219140e+23 
3.416667e+04 1.106700e-16 3.211078e+23 
3.437500e+04 2.247106e-16 1.596951e+23 
3.458333e+04 3.557290e-16 9.914421e+22 
3.479167e+04 6.834968e-16 5.182429e+22 
3.500000e+04 1.058598e-15 3.290633e+22 
3.520833e+04 1.888973e-15 1.842349e+22 
3.541667e+04 2.830952e-15 1.210133e+22 
3.562500e+04 4.596575e-15 7.402758e+21 
3.583333e+04 6.560967e-15 5.107607e+21 
3.604167e+04 9.471161e-15 3.491356e+21 
3.625000e+04 1.258436e-14 2.585848e+21 
3.645833e+04 1.571657e-14 2.028303e+21 
3.666667e+04 1.877552e-14 1.666734e+21 
3.687500e+04 1.963542e-14 1.549834e+21 
3.708333e+04 1.994310e-14 1.491121e+21 
3.729167e+04 1.682099e-14 1.710124e+21 
3.750000e+04 1.318712e-14 2.117684e+21 
3.770833e+04 8.671791e-15 3.120498e+21 
3.791667e+04 4.382339e-15 5.943796e+21 
3.812500e+04 2.272039e-15 1.128389e+22 
3.833333e+04 5.320272e-16 4.562982e+22 
3.854167e+04 3.060938e-16 8.595164e+22 
3.875000e+04 8.271202e-17 3.219481e+23 
3.895833e+04 7.115174e-17 3.938105e+23 
3.916667e+04 4.702040e-17 6.077149e+23 
3.937500e+04 3.737132e-17 7.565107e+23 
3.958333e+04 2.743680e-17 1.005853e+24 
3.979167e+04 2.491211e-17 1.101758e+24 
4.000000e+04 2.273284e-17 1.188756e+24 
4.020833e+04 2.491211e-17 1.101758e+24 
4.041667e+04 2.743680e-17 1.005853e+24 
4.062500e+04 3.737132e-17 7.565107e+23 
4.083333e+04 4.702040e-17 6.077149e+23 
4.104167e+04 7.115174e-17 3.938105e+23 
4.125000e+04 8.271202e-17 3.219481e+23 
4.145833e+04 3.060938e-16 8.595164e+22 
4.166667e+04 5.320272e-16 4.562982e+22 
4.187500e+04 2.272039e-15 1.128389e+22 
4.208333e+04 4.382339e-15 5.943796e+21 
4.229167e+04 8.671791e-15 3.120498e+21 
4.250000e+04 1.318712e-14 2.117684e+21 
4.270833e+04 1.682099e-14 1.710124e+21 
4.291667e+04 1.994310e-14 1.491121e+21 
4.312500e+04 1.963542e-14 1.549834e+21 
4.333333e+04 1.877552e-14 1.666734e+21 
4.354167e+04 1.571657e-14 2.028303e+21 
4.375000e+04 1.258436e-14 2.585848e+21 
4.395833e+04 9.471161e-15 3.491356e+21 
4.416667e+04 6.560967e-15 5.107607e+21 
4.437500e+04 4.596575e-15 7.402758e+21 
4.458333e+04 2.830952e-15 1.210133e+22 
4.479167e+04 1.888973e-15 1.842349e+22 
4.500000e+04 1.058598e-15 3.290633e+22 
4.520833e+04 6.834968e-16 5.182429e+22 
4.541667e+04 3.557290e-16 9.914421e+22 
4.562500e+04 2.247106e-16 1.596951e+23 
4.583333e+04 1.106700e-16 3.211078e+23 
4.604167e+04 6.908565e-17 5.219140e+23 
4.625000e+04 3.276919e-17 1.080791e+24 
4.645833e+04 2.018240e-17 1.765941e+24 
4.666667e+04 9.394359e-18 3.677925e+24 
4.687500e+04 5.810339e-18 5.573388e+24 
4.708333e+04 2.610421e-18 1.000000e+25 
4.729167e+04 2.194227e-18 1.000000e+25 
4.750000e+04 2.088071e-18 1.000000e+25 
4.770833e+04 2.045441e-18 1.000000e+25 
4.791667e+04 1.974243e-18 1.000000e+25 
4.812500e+04 1.941406e-18 1.000000e+25 
4.833333e+04 1.909606e-18 1.000000e+25 
4.854167e+04 1.872638e-18 1.000000e+25 
4.875000e+04 1.837150e-18 1.000000e+25 
4.895833e+04 1.804646e-18 1.000000e+25 
4.916667e+04 1.775309e-18 1.000000e+25 
4.937500e+04 1.745958e-18 1.000000e+25 
4.958333e+04 1.718040e-18 1.000000e+25 
4.979167e+04 1.689910e-18 1.000000e+25 
5.000000e+04 1.663013e-18 1.000000e+25 
5.020833e+04 1.635504e-18 1.000000e+25 
5.041667e+04 1.608742e-18 1.000000e+25 
5.062500e+04 1.581031e-18 1.000000e+25 
5.083333e+04 1.553824e-18 1.000000e+25 
5.104167e+04 1.525622e-18 1.000000e+25 
5.125000e+04 1.497748e-18 1.000000e+25 
5.145833e+04 1.468957e-18 1.000000e+25 
5.166667e+04 1.440400e-18 1.000000e+25 
5.187500e+04 1.411149e-18 1.000000e+25 
5.208333e+04 1.382096e-18 1.000000e+25 
5.229167e+04 1.352660e-18 1.000000e+25 
5.250000e+04 1.323432e-18 1.000000e+25 
5.270833e+04 1.294184e-18 1.000000e+25 
5.291667e+04 1.265182e-18 1.000000e+25 
5.312500e+04 1.236538e-18 1.000000e+25 
5.333333e+04 1.208197e-18 1.000000e+25 
5.354167e+04 1.180565e-18 1.000000e+25 
5.375000e+04 1.153298e-18 1.000000e+25 
5.395833e+04 1.127035e-18 1.000000e+25 
5.416667e+04 1.101191e-18 1.000000e+25 
5.437500e+04 1.076562e-18 1.000000e+25 
5.458333e+04 1.052390e-18 1.000000e+25 
5.479167e+04 1.029542e-18 1.000000e+25 
5.500000e+04 1.007165e-18 1.000000e+25 
5.520833e+04 9.861192e-19 1.000000e+25 
5.541667e+04 9.655328e-19 1.000000e+25 
5.562500e+04 9.461964e-19 1.000000e+25 
5.583333e+04 9.272864e-19 1.000000e+25 
5.604167e+04 9.094835e-19 1.000000e+25 
5.625000e+04 8.920603e-19 1.000000e+25 
5.645833e+04 8.755722e-19 1.000000e+25 
5.666667e+04 8.594130e-19 1.000000e+25 
5.687500e+04 8.440180e-19 1.000000e+25 
5.708333e+04 8.289043e-19 1.000000e+25 
5.729167e+04 8.144066e-19 1.000000e+25 
5.750000e+04 8.001508e-19 1.000000e+25 
5.770833e+04 7.863952e-19 1.000000e+25 
5.791667e+04 7.728520e-19 1.000000e+25 
5.812500e+04 7.597262e-19 1.000000e+25 
5.833333e+04 7.467924e-19 1.000000e+25 
5.854167e+04 7.342201e-19 1.000000e+25 
5.875000e+04 7.218259e-19 1.000000e+25 
5.895833e+04 7.097562e-19 1.000000e+25 
5.916667e+04 6.978547e-19 1.000000e+25 
5.937500e+04 6.862515e-19 1.000000e+25 
5.958333e+04 6.748085e-19 1.000000e+25 
5.979167e+04 6.636431e-19 1.000000e+25 
6.000000e+04 6.526306e-19 1.000000e+25 
6.020833e+04 6.418775e-19 1.000000e+25 
6.041667e+04 6.312702e-19 1.000000e+25 
6.062500e+04 6.209061e-19 1.000000e+25 
6.083333e+04 6.106812e-19 1.000000e+25 
6.104167e+04 6.006859e-19 1.000000e+25 
6.125000e+04 5.908237e-19 1.000000e+25 
6.145833e+04 5.811807e-19 1.000000e+25 
6.166667e+04 5.716659e-19 1.000000e+25 
6.187500e+04 5.623630e-19 1.000000e+25 
6.208333e+04 5.531843e-19 1.000000e+25 
6.229167e+04 5.442130e-19 1.000000e+25 
6.250000e+04 5.353625e-19 1.000000e+25 
6.270833e+04 5.267165e-19 1.000000e+25 
6.291667e+04 5.181882e-19 1.000000e+25 
6.312500e+04 5.098616e-19 1.000000e+25 
6.333333e+04 5.016497e-19 1.000000e+25 
6.354167e+04 4.936354e-19 1.000000e+25 
6.375000e+04 4.857326e-19 1.000000e+25 
6.395833e+04 4.780219e-19 1.000000e+25 
6.416667e+04 4.704187e-19 1.000000e+25 
6.437500e+04 4.630002e-19 1.000000e+25 
6.458333e+04 4.556849e-19 1.000000e+25 
6.479167e+04 4.485453e-19 1.000000e+25 
6.500000e+04 4.415043e-19 1.000000e+25 
6.520833e+04 4.346287e-19 1.000000e+25 
6.541667e+04 4.278467e-19 1.000000e+25 
6.562500e+04 4.212198e-19 1.000000e+25 
6.583333e+04 4.146816e-19 1.000000e+25 
6.604167e+04 4.082886e-19 1.000000e+25 
6.625000e+04 4.019795e-19 1.000000e+25 
6.645833e+04 3.958073e-19 1.000000e+25 
6.666667e+04 3.897150e-19 1.000000e+25 
6.687500e+04 3.837532e-19 1.000000e+25 
6.708333e+04 3.778680e-19 1.000000e+25 
6.729167e+04 3.721095e-19 1.000000e+25 
6.750000e+04 3.664250e-19 1.000000e+25 
6.770833e+04 3.608657e-19 1.000000e+25 
6.791667e+04 3.553785e-19 1.000000e+25 
6.812500e+04 3.500168e-19 1.000000e+25 
6.833333e+04 3.447260e-19 1.000000e+25 
6.854167e+04 3.395620e-19 1.000000e+25 
6.875000e+04 3.344680e-19 1.000000e+25 
6.895833e+04 3.295023e-19 1.000000e+25 
6.916667e+04 3.246060e-19 1.000000e+25 
6.937500e+04 3.198392e-19 1.000000e+25 
6.958333e+04 3.151411e-19 1.000000e+25 
6.979167e+04 3.105730e-19 1.000000e+25 
7.000000e+04 3.060727e-19 1.000000e+25 
7.020833e+04 3.017019e-19 1.000000e+25 
7.041667e+04 2.973982e-19 1.000000e+25 
7.062500e+04 2.932228e-19 1.000000e+25 
7.083333e+04 2.891134e-19 1.000000e+25 
7.104167e+04 2.851305e-19 1.000000e+25 
7.125000e+04 2.812127e-19 1.000000e+25 
7.145833e+04 2.774192e-19 1.000000e+25 
7.166667e+04 2.736900e-19 1.000000e+25 
7.187500e+04 2.700828e-19 1.000000e+25 
7.208333e+04 2.665392e-19 1.000000e+25 
7.229167e+04 2.631154e-19 1.000000e+25 
7.250000e+04 2.597548e-19 1.000000e+25 
7.270833e+04 2.565120e-19 1.000000e+25 
7.291667e+04 2.533320e-19 1.000000e+25 
7.312500e+04 2.502683e-19 1.000000e+25 
7.333333e+04 2.472672e-19 1.000000e+25 
7.354167e+04 2.443812e-19 1.000000e+25 
7.375000e+04 2.415579e-19 1.000000e+25 
7.395833e+04 2.388488e-19 1.000000e+25 
7.416667e+04 2.362027e-19 1.000000e+25 
7.437500e+04 2.336703e-19 1.000000e+25 
7.458333e+04 2.312013e-19 1.000000e+25 
7.479167e+04 2.288459e-19 1.000000e+25 
7.500000e+04 2.265544e-19 1.000000e+25 
7.520833e+04 2.243765e-19 1.000000e+25 
7.541667e+04 2.222633e-19 1.000000e+25 
7.562500e+04 2.202641e-19 1.000000e+25 
7.583333e+04 2.183304e-19 1.000000e+25 
7.604167e+04 2.165111e-19 1.000000e+25 
7.625000e+04 2.147581e-19 1.000000e+25 
7.645833e+04 2.131203e-19 1.000000e+25 
7.666667e+04 2.115497e-19 1.000000e+25 
7.687500e+04 2.100950e-19 1.000000e+25 
7.708333e+04 2.087084e-19 1.000000e+25 
7.729167e+04 2.074385e-19 1.000000e+25 
7.750000e+04 2.062375e-19 1.000000e+25 
7.770833e+04 2.051540e-19 1.000000e+25 
7.791667e+04 2.041403e-19 1.000000e+25 
7.812500e+04 2.032448e-19 1.000000e+25 
7.833333e+04 2.024198e-19 1.000000e+25 
7.854167e+04 2.017136e-19 1.000000e+25 
7.875000e+04 2.010786e-19 1.000000e+25 
7.895833e+04 2.005629e-19 1.000000e+25 
7.916667e+04 2.001189e-19 1.000000e+25 
7.937500e+04 1.997947e-19 1.000000e+25 
7.958333e+04 1.995424e-19 1.000000e+25 
7.979167e+04 1.994102e-19 1.000000e+25 
8.000000e+04 1.993502e-19 1.000000e+25 
