0.000000e+00 1.966919e-19 1.000000e+25 
4.166667e+02 1.969282e-19 1.000000e+25 
8.333333e+02 1.974492e-19 1.000000e+25 
1.250000e+03 1.984414e-19 1.000000e+25 
1.666667e+03 1.997158e-19 1.000000e+25 
2.083333e+03 2.014577e-19 1.000000e+25 
2.500000e+03 2.034770e-19 1.000000e+25 
2.916667e+03 2.059583e-19 1.000000e+25 
3.333333e+03 2.087105e-19 1.000000e+25 
3.750000e+03 2.119185e-19 1.000000e+25 
4.166667e+03 2.153905e-19 1.000000e+25 
4.583333e+03 2.193125e-19 1.000000e+25 
5.000000e+03 2.234917e-19 1.000000e+25 
5.416667e+03 2.281171e-19 1.000000e+25 
5.833333e+03 2.329940e-19 1.000000e+25 
6.250000e+03 2.383166e-19 1.000000e+25 
6.666667e+03 2.438871e-19 1.000000e+25 
7.083333e+03 2.499075e-19 1.000000e+25 
7.500000e+03 2.561750e-19 1.000000e+25 
7.916667e+03 2.629025e-19 1.000000e+25 
8.333333e+03 2.698794e-19 1.000000e+25 
8.750000e+03 2.773325e-19 1.000000e+25 
9.166667e+03 2.850406e-19 1.000000e+25 
9.583333e+03 2.932455e-19 1.000000e+25 
1.000000e+04 3.017138e-19 1.000000e+25 
1.041667e+04 3.107001e-19 1.000000e+25 
1.083333e+04 3.199599e-19 1.000000e+25 
1.125000e+04 3.297551e-19 1.000000e+25 
1.166667e+04 3.398350e-19 1.000000e+25 
1.208333e+04 3.504628e-19 1.000000e+25 
1.250000e+04 3.613879e-19 1.000000e+25 
1.291667e+04 3.728677e-19 1.000000e+25 
1.333333e+04 3.846583e-19 1.000000e+25 
1.375000e+04 3.970079e-19 1.000000e+25 
1.416667e+04 4.096849e-19 1.000000e+25 
1.458333e+04 4.229206e-19 1.000000e+25 
1.500000e+04 4.365017e-19 1.000000e+25 
1.541667e+04 4.506541e-19 1.000000e+25 
1.583333e+04 4.651790e-19 1.000000e+25 
1.625000e+04 4.803332e-19 1.000000e+25 
1.666667e+04 4.959051e-19 1.000000e+25 
1.708333e+04 5.121950e-19 1.000000e+25 
1.750000e+04 5.289482e-19 1.000000e+25 
1.791667e+04 5.464809e-19 1.000000e+25 
1.833333e+04 5.645027e-19 1.000000e+25 
1.875000e+04 5.833114e-19 1.000000e+25 
1.916667e+04 6.026204e-19 1.000000e+25 
1.958333e+04 6.227491e-19 1.000000e+25 
2.000000e+04 6.434160e-19 1.000000e+25 
2.041667e+04 6.650377e-19 1.000000e+25 
2.083333e+04 6.872598e-19 1.000000e+25 
2.125000e+04 7.107596e-19 1.000000e+25 
2.166667e+04 7.349789e-19 1.000000e+25 
2.208333e+04 7.610204e-19 1.000000e+25 
2.250000e+04 7.879621e-19 1.000000e+25 
2.291667e+04 8.175642e-19 1.000000e+25 
2.333333e+04 8.483437e-19 1.000000e+25 
2.375000e+04 8.829105e-19 1.000000e+25 
2.416667e+04 9.189939e-19 1.000000e+25 
2.458333e+04 9.598576e-19 1.000000e+25 
2.500000e+04 1.002427e-18 1.000000e+25 
2.541667e+04 1.049815e-18 1.000000e+25 
2.583333e+04 1.098761e-18 1.000000e+25 
2.625000e+04 1.151133e-18 1.000000e+25 
2.666667e+04 1.204556e-18 1.000000e+25 
2.708333e+04 1.258475e-18 1.000000e+25 
2.750000e+04 1.312993e-18 1.000000e+25 
2.791667e+04 1.365758e-18 1.000000e+25 
2.833333e+04 1.418647e-18 1.000000e+25 
2.875000e+04 1.465897e-18 1.000000e+25 
2.916667e+04 1.514995e-18 1.000000e+25 
2.958333e+04 1.568123e-18 1.000000e+25 
3.000000e+04 1.624552e-18 1.000000e+25 
3.041667e+04 1.666066e-18 1.000000e+25 
3.083333e+04 1.722676e-18 1.000000e+25 
3.125000e+04 1.787895e-18 1.000000e+25 
3.166667e+04 1.894388e-18 1.000000e+25 
3.208333e+04 1.907611e-18 1.000000e+25 
3.250000e+04 1.390362e-18 1.000000e+25 
3.291667e+04 8.487139e-18 3.901903e+24 
3.333333e+04 1.591548e-17 2.032116e+24 
3.375000e+04 9.682916e-17 3.514682e+23 
3.416667e+04 1.951202e-16 1.629925e+23 
3.458333e+04 8.527943e-16 3.807152e+22 
3.500000e+04 1.789783e-15 1.734729e+22 
3.541667e+04 5.015301e-15 6.155698e+21 
3.583333e+04 9.544777e-15 3.151134e+21 
3.625000e+04 1.502415e-14 1.923605e+21 
3.666667e+04 1.946797e-14 1.435954e+21 
3.708333e+04 1.518648e-14 1.771173e+21 
3.750000e+04 8.484232e-15 3.078162e+21 
3.791667e+04 3.422491e-15 7.601965e+21 
3.833333e+04 3.743917e-16 6.558068e+22 
3.875000e+04 2.569582e-16 1.063129e+23 
3.916667e+04 1.018630e-16 2.793053e+23 
3.958333e+04 8.993648e-17 3.093812e+23 
4.000000e+04 6.295014e-17 4.129891e+23 
4.041667e+04 8.993648e-17 3.093812e+23 
4.083333e+04 1.018630e-16 2.793053e+23 
4.125000e+04 2.569582e-16 1.063129e+23 
4.166667e+04 3.743917e-16 6.558068e+22 
4.208333e+04 3.422491e-15 7.601965e+21 
4.250000e+04 8.484232e-15 3.078162e+21 
4.291667e+04 1.518648e-14 1.771173e+21 
4.333333e+04 1.946797e-14 1.435954e+21 
4.375000e+04 1.502415e-14 1.923605e+21 
4.416667e+04 9.544777e-15 3.151134e+21 
4.458333e+04 5.015301e-15 6.155698e+21 
4.500000e+04 1.789783e-15 1.734729e+22 
4.541667e+04 8.527943e-16 3.807152e+22 
4.583333e+04 1.951202e-16 1.629925e+23 
4.625000e+04 9.682916e-17 3.514682e+23 
4.666667e+04 1.591548e-17 2.032116e+24 
4.708333e+04 8.487139e-18 3.901903e+24 
4.750000e+04 1.390362e-18 1.000000e+25 
4.791667e+04 1.907611e-18 1.000000e+25 
4.833333e+04 1.894388e-18 1.000000e+25 
4.875000e+04 1.787895e-18 1.000000e+25 
4.916667e+04 1.722676e-18 1.000000e+25 
4.958333e+04 1.666066e-18 1.000000e+25 
5.000000e+04 1.624552e-18 1.000000e+25 
5.041667e+04 1.568123e-18 1.000000e+25 
5.083333e+04 1.514995e-18 1.000000e+25 
5.125000e+04 1.465897e-18 1.000000e+25 
5.166667e+04 1.418647e-18 1.000000e+25 
5.208333e+04 1.365758e-18 1.000000e+25 
5.250000e+04 1.312993e-18 1.000000e+25 
5.291667e+04 1.258475e-18 1.000000e+25 
5.333333e+04 1.204556e-18 1.000000e+25 
5.375000e+04 1.151133e-18 1.000000e+25 
5.416667e+04 1.098761e-18 1.000000e+25 
5.458333e+04 1.049815e-18 1.000000e+25 
5.500000e+04 1.002427e-18 1.000000e+25 
5.541667e+04 9.598576e-19 1.000000e+25 
5.583333e+04 9.189939e-19 1.000000e+25 
5.625000e+04 8.829105e-19 1.000000e+25 
5.666667e+04 8.483437e-19 1.000000e+25 
5.708333e+04 8.175642e-19 1.000000e+25 
5.750000e+04 7.879621e-19 1.000000e+25 
5.791667e+04 7.610204e-19 1.000000e+25 
5.833333e+04 7.349789e-19 1.000000e+25 
5.875000e+04 7.107596e-19 1.000000e+25 
5.916667e+04 6.872598e-19 1.000000e+25 
5.958333e+04 6.650377e-19 1.000000e+25 
6.000000e+04 6.434160e-19 1.000000e+25 
6.041667e+04 6.227491e-19 1.000000e+25 
6.083333e+04 6.026204e-19 1.000000e+25 
6.125000e+04 5.833114e-19 1.000000e+25 
6.166667e+04 5.645027e-19 1.000000e+25 
6.208333e+04 5.464809e-19 1.000000e+25 
6.250000e+04 5.289482e-19 1.000000e+25 
6.291667e+04 5.121950e-19 1.000000e+25 
6.333333e+04 4.959051e-19 1.000000e+25 
6.375000e+04 4.803332e-19 1.000000e+25 
6.416667e+04 4.651790e-19 1.000000e+25 
6.458333e+04 4.506541e-19 1.000000e+25 
6.500000e+04 4.365017e-19 1.000000e+25 
6.541667e+04 4.229206e-19 1.000000e+25 
6.583333e+04 4.096849e-19 1.000000e+25 
6.625000e+04 3.970079e-19 1.000000e+25 
6.666667e+04 3.846583e-19 1.000000e+25 
6.708333e+04 3.728677e-19 1.000000e+25 
6.750000e+04 3.613879e-19 1.000000e+25 
6.791667e+04 3.504628e-19 1.000000e+25 
6.833333e+04 3.398350e-19 1.000000e+25 
6.875000e+04 3.297551e-19 1.000000e+25 
6.916667e+04 3.199599e-19 1.000000e+25 
6.958333e+04 3.107001e-19 1.000000e+25 
7.000000e+04 3.017138e-19 1.000000e+25 
7.041667e+04 2.932455e-19 1.000000e+25 
7.083333e+04 2.850406e-19 1.000000e+25 
7.125000e+04 2.773325e-19 1.000000e+25 
7.166667e+04 2.698794e-19 1.000000e+25 
7.208333e+04 2.629025e-19 1.000000e+25 
7.250000e+04 2.561750e-19 1.000000e+25 
7.291667e+04 2.499075e-19 1.000000e+25 
7.333333e+04 2.438871e-19 1.000000e+25 
7.375000e+04 2.383166e-19 1.000000e+25 
7.416667e+04 2.329940e-19 1.000000e+25 
7.458333e+04 2.281171e-19 1.000000e+25 
7.500000e+04 2.234917e-19 1.000000e+25 
7.541667e+04 2.193125e-19 1.000000e+25 
7.583333e+04 2.153905e-19 1.000000e+25 
7.625000e+04 2.119185e-19 1.000000e+25 
7.666667e+04 2.087105e-19 1.000000e+25 
7.708333e+04 2.059583e-19 1.000000e+25 
7.750000e+04 2.034770e-19 1.000000e+25 
7.791667e+04 2.014577e-19 1.000000e+25 
7.833333e+04 1.997158e-19 1.000000e+25 
7.875000e+04 1.984414e-19 1.000000e+25 
7.916667e+04 1.974492e-19 1.000000e+25 
7.958333e+04 1.969282e-19 1.000000e+25 
8.000000e+04 1.966919e-19 1.000000e+25 
