0.000000e+00 2.051249e-19 1.000000e+25 
4.166667e+02 2.053731e-19 1.000000e+25 
8.333333e+02 2.059185e-19 1.000000e+25 
1.250000e+03 2.069589e-19 1.000000e+25 
1.666667e+03 2.082937e-19 1.000000e+25 
2.083333e+03 2.101196e-19 1.000000e+25 
2.500000e+03 2.122348e-19 1.000000e+25 
2.916667e+03 2.148355e-19 1.000000e+25 
3.333333e+03 2.177187e-19 1.000000e+25 
3.750000e+03 2.210810e-19 1.000000e+25 
4.166667e+03 2.247185e-19 1.000000e+25 
4.583333e+03 2.288297e-19 1.000000e+25 
5.000000e+03 2.332089e-19 1.000000e+25 
5.416667e+03 2.380588e-19 1.000000e+25 
5.833333e+03 2.431710e-19 1.000000e+25 
6.250000e+03 2.487548e-19 1.000000e+25 
6.666667e+03 2.545974e-19 1.000000e+25 
7.083333e+03 2.609178e-19 1.000000e+25 
7.500000e+03 2.674964e-19 1.000000e+25 
7.916667e+03 2.745646e-19 1.000000e+25 
8.333333e+03 2.818936e-19 1.000000e+25 
8.750000e+03 2.897282e-19 1.000000e+25 
9.166667e+03 2.978290e-19 1.000000e+25 
9.583333e+03 3.064526e-19 1.000000e+25 
1.000000e+04 3.153496e-19 1.000000e+25 
1.041667e+04 3.247841e-19 1.000000e+25 
1.083333e+04 3.345006e-19 1.000000e+25 
1.125000e+04 3.447657e-19 1.000000e+25 
1.166667e+04 3.553236e-19 1.000000e+25 
1.208333e+04 3.664382e-19 1.000000e+25 
1.250000e+04 3.778583e-19 1.000000e+25 
1.291667e+04 3.898422e-19 1.000000e+25 
1.333333e+04 4.021471e-19 1.000000e+25 
1.375000e+04 4.150172e-19 1.000000e+25 
1.416667e+04 4.282244e-19 1.000000e+25 
1.458333e+04 4.420054e-19 1.000000e+25 
1.500000e+04 4.561485e-19 1.000000e+25 
1.541667e+04 4.709110e-19 1.000000e+25 
1.583333e+04 4.860766e-19 1.000000e+25 
1.625000e+04 5.019458e-19 1.000000e+25 
1.666667e+04 5.182654e-19 1.000000e+25 
1.708333e+04 5.353675e-19 1.000000e+25 
1.750000e+04 5.529558e-19 1.000000e+25 
1.791667e+04 5.713655e-19 1.000000e+25 
1.833333e+04 5.902844e-19 1.000000e+25 
1.875000e+04 6.100624e-19 1.000000e+25 
1.916667e+04 6.303862e-19 1.000000e+25 
1.958333e+04 6.516531e-19 1.000000e+25 
2.000000e+04 6.735151e-19 1.000000e+25 
2.041667e+04 6.964820e-19 1.000000e+25 
2.083333e+04 7.201110e-19 1.000000e+25 
2.125000e+04 7.450976e-19 1.000000e+25 
2.166667e+04 7.708401e-19 1.000000e+25 
2.208333e+04 7.983097e-19 1.000000e+25 
2.250000e+04 8.266646e-19 1.000000e+25 
2.291667e+04 8.573363e-19 1.000000e+25 
2.333333e+04 8.891043e-19 1.000000e+25 
2.375000e+04 9.241126e-19 1.000000e+25 
2.416667e+04 9.605454e-19 1.000000e+25 
2.458333e+04 1.001370e-18 1.000000e+25 
2.500000e+04 1.043963e-18 1.000000e+25 
2.541667e+04 1.091615e-18 1.000000e+25 
2.583333e+04 1.141111e-18 1.000000e+25 
2.625000e+04 1.195080e-18 1.000000e+25 
2.666667e+04 1.250579e-18 1.000000e+25 
2.708333e+04 1.308421e-18 1.000000e+25 
2.750000e+04 1.367370e-18 1.000000e+25 
2.791667e+04 1.426247e-18 1.000000e+25 
2.833333e+04 1.485814e-18 1.000000e+25 
2.875000e+04 1.541819e-18 1.000000e+25 
2.916667e+04 1.599253e-18 1.000000e+25 
2.958333e+04 1.656231e-18 1.000000e+25 
3.000000e+04 1.716584e-18 1.000000e+25 
3.041667e+04 1.767805e-18 1.000000e+25 
3.083333e+04 1.826713e-18 1.000000e+25 
3.125000e+04 1.886001e-18 1.000000e+25 
3.166667e+04 1.946933e-18 1.000000e+25 
3.208333e+04 1.972977e-18 1.000000e+25 
3.250000e+04 1.722630e-18 1.000000e+25 
3.291667e+04 5.409595e-18 6.073332e+24 
3.333333e+04 7.869840e-18 4.342243e+24 
3.375000e+04 6.015714e-17 6.110563e+23 
3.416667e+04 1.105667e-16 3.102499e+23 
3.458333e+04 5.808790e-16 6.085249e+22 
3.500000e+04 1.175718e-15 2.846764e+22 
3.541667e+04 3.816178e-15 8.829344e+21 
3.583333e+04 7.473110e-15 4.392727e+21 
3.625000e+04 1.373081e-14 2.282783e+21 
3.666667e+04 2.032393e-14 1.475973e+21 
3.708333e+04 1.735534e-14 1.652050e+21 
3.750000e+04 1.054842e-14 2.635191e+21 
3.791667e+04 4.234532e-15 6.356941e+21 
3.833333e+04 4.390113e-16 5.635817e+22 
3.875000e+04 2.827968e-16 9.877551e+22 
3.916667e+04 4.878155e-17 5.829495e+23 
3.958333e+04 5.604033e-17 5.213696e+23 
4.000000e+04 4.584468e-17 6.172324e+23 
4.041667e+04 5.604033e-17 5.213696e+23 
4.083333e+04 4.878155e-17 5.829495e+23 
4.125000e+04 2.827968e-16 9.877551e+22 
4.166667e+04 4.390113e-16 5.635817e+22 
4.208333e+04 4.234532e-15 6.356941e+21 
4.250000e+04 1.054842e-14 2.635191e+21 
4.291667e+04 1.735534e-14 1.652050e+21 
4.333333e+04 2.032393e-14 1.475973e+21 
4.375000e+04 1.373081e-14 2.282783e+21 
4.416667e+04 7.473110e-15 4.392727e+21 
4.458333e+04 3.816178e-15 8.829344e+21 
4.500000e+04 1.175718e-15 2.846764e+22 
4.541667e+04 5.808790e-16 6.085249e+22 
4.583333e+04 1.105667e-16 3.102499e+23 
4.625000e+04 6.015714e-17 6.110563e+23 
4.666667e+04 7.869840e-18 4.342243e+24 
4.708333e+04 5.409595e-18 6.073332e+24 
4.750000e+04 1.722630e-18 1.000000e+25 
4.791667e+04 1.972977e-18 1.000000e+25 
4.833333e+04 1.946933e-18 1.000000e+25 
4.875000e+04 1.886001e-18 1.000000e+25 
4.916667e+04 1.826713e-18 1.000000e+25 
4.958333e+04 1.767805e-18 1.000000e+25 
5.000000e+04 1.716584e-18 1.000000e+25 
5.041667e+04 1.656231e-18 1.000000e+25 
5.083333e+04 1.599253e-18 1.000000e+25 
5.125000e+04 1.541819e-18 1.000000e+25 
5.166667e+04 1.485814e-18 1.000000e+25 
5.208333e+04 1.426247e-18 1.000000e+25 
5.250000e+04 1.367370e-18 1.000000e+25 
5.291667e+04 1.308421e-18 1.000000e+25 
5.333333e+04 1.250579e-18 1.000000e+25 
5.375000e+04 1.195080e-18 1.000000e+25 
5.416667e+04 1.141111e-18 1.000000e+25 
5.458333e+04 1.091615e-18 1.000000e+25 
5.500000e+04 1.043963e-18 1.000000e+25 
5.541667e+04 1.001370e-18 1.000000e+25 
5.583333e+04 9.605454e-19 1.000000e+25 
5.625000e+04 9.241126e-19 1.000000e+25 
5.666667e+04 8.891043e-19 1.000000e+25 
5.708333e+04 8.573363e-19 1.000000e+25 
5.750000e+04 8.266646e-19 1.000000e+25 
5.791667e+04 7.983097e-19 1.000000e+25 
5.833333e+04 7.708401e-19 1.000000e+25 
5.875000e+04 7.450976e-19 1.000000e+25 
5.916667e+04 7.201110e-19 1.000000e+25 
5.958333e+04 6.964820e-19 1.000000e+25 
6.000000e+04 6.735151e-19 1.000000e+25 
6.041667e+04 6.516531e-19 1.000000e+25 
6.083333e+04 6.303862e-19 1.000000e+25 
6.125000e+04 6.100624e-19 1.000000e+25 
6.166667e+04 5.902844e-19 1.000000e+25 
6.208333e+04 5.713655e-19 1.000000e+25 
6.250000e+04 5.529558e-19 1.000000e+25 
6.291667e+04 5.353675e-19 1.000000e+25 
6.333333e+04 5.182654e-19 1.000000e+25 
6.375000e+04 5.019458e-19 1.000000e+25 
6.416667e+04 4.860766e-19 1.000000e+25 
6.458333e+04 4.709110e-19 1.000000e+25 
6.500000e+04 4.561485e-19 1.000000e+25 
6.541667e+04 4.420054e-19 1.000000e+25 
6.583333e+04 4.282244e-19 1.000000e+25 
6.625000e+04 4.150172e-19 1.000000e+25 
6.666667e+04 4.021471e-19 1.000000e+25 
6.708333e+04 3.898422e-19 1.000000e+25 
6.750000e+04 3.778583e-19 1.000000e+25 
6.791667e+04 3.664382e-19 1.000000e+25 
6.833333e+04 3.553236e-19 1.000000e+25 
6.875000e+04 3.447657e-19 1.000000e+25 
6.916667e+04 3.345006e-19 1.000000e+25 
6.958333e+04 3.247841e-19 1.000000e+25 
7.000000e+04 3.153496e-19 1.000000e+25 
7.041667e+04 3.064526e-19 1.000000e+25 
7.083333e+04 2.978290e-19 1.000000e+25 
7.125000e+04 2.897282e-19 1.000000e+25 
7.166667e+04 2.818936e-19 1.000000e+25 
7.208333e+04 2.745646e-19 1.000000e+25 
7.250000e+04 2.674964e-19 1.000000e+25 
7.291667e+04 2.609178e-19 1.000000e+25 
7.333333e+04 2.545974e-19 1.000000e+25 
7.375000e+04 2.487548e-19 1.000000e+25 
7.416667e+04 2.431710e-19 1.000000e+25 
7.458333e+04 2.380588e-19 1.000000e+25 
7.500000e+04 2.332089e-19 1.000000e+25 
7.541667e+04 2.288297e-19 1.000000e+25 
7.583333e+04 2.247185e-19 1.000000e+25 
7.625000e+04 2.210810e-19 1.000000e+25 
7.666667e+04 2.177187e-19 1.000000e+25 
7.708333e+04 2.148355e-19 1.000000e+25 
7.750000e+04 2.122348e-19 1.000000e+25 
7.791667e+04 2.101196e-19 1.000000e+25 
7.833333e+04 2.082937e-19 1.000000e+25 
7.875000e+04 2.069589e-19 1.000000e+25 
7.916667e+04 2.059185e-19 1.000000e+25 
7.958333e+04 2.053731e-19 1.000000e+25 
8.000000e+04 2.051249e-19 1.000000e+25 
