0.000000e+00 7.923003e-20 1.000000e+25 
2.083333e+02 7.925230e-20 1.000000e+25 
4.166667e+02 7.930135e-20 1.000000e+25 
6.250000e+02 7.939490e-20 1.000000e+25 
8.333333e+02 7.951518e-20 1.000000e+25 
1.041667e+03 7.967982e-20 1.000000e+25 
1.250000e+03 7.987107e-20 1.000000e+25 
1.458333e+03 8.010650e-20 1.000000e+25 
1.666667e+03 8.036836e-20 1.000000e+25 
1.875000e+03 8.067412e-20 1.000000e+25 
2.083333e+03 8.100610e-20 1.000000e+25 
2.291667e+03 8.138164e-20 1.000000e+25 
2.500000e+03 8.178316e-20 1.000000e+25 
2.708333e+03 8.222785e-20 1.000000e+25 
2.916667e+03 8.269824e-20 1.000000e+25 
3.125000e+03 8.321138e-20 1.000000e+25 
3.333333e+03 8.374992e-20 1.000000e+25 
3.541667e+03 8.433077e-20 1.000000e+25 
3.750000e+03 8.493671e-20 1.000000e+25 
3.958333e+03 8.558451e-20 1.000000e+25 
4.166667e+03 8.625711e-20 1.000000e+25 
4.375000e+03 8.697111e-20 1.000000e+25 
4.583333e+03 8.770963e-20 1.000000e+25 
4.791667e+03 8.848913e-20 1.000000e+25 
5.000000e+03 8.929290e-20 1.000000e+25 
5.208333e+03 9.013724e-20 1.000000e+25 
5.416667e+03 9.100565e-20 1.000000e+25 
5.625000e+03 9.191425e-20 1.000000e+25 
5.833333e+03 9.284680e-20 1.000000e+25 
6.041667e+03 9.381919e-20 1.000000e+25 
6.250000e+03 9.481546e-20 1.000000e+25 
6.458333e+03 9.585130e-20 1.000000e+25 
6.666667e+03 9.691102e-20 1.000000e+25 
6.875000e+03 9.801008e-20 1.000000e+25 
7.083333e+03 9.913311e-20 1.000000e+25 
7.291667e+03 1.002953e-19 1.000000e+25 
7.500000e+03 1.014817e-19 1.000000e+25 
7.708333e+03 1.027071e-19 1.000000e+25 
7.916667e+03 1.039570e-19 1.000000e+25 
8.125000e+03 1.052458e-19 1.000000e+25 
8.333333e+03 1.065596e-19 1.000000e+25 
8.541667e+03 1.079122e-19 1.000000e+25 
8.750000e+03 1.092903e-19 1.000000e+25 
8.958333e+03 1.107073e-19 1.000000e+25 
9.166667e+03 1.121503e-19 1.000000e+25 
9.375000e+03 1.136322e-19 1.000000e+25 
9.583333e+03 1.151410e-19 1.000000e+25 
9.791667e+03 1.166887e-19 1.000000e+25 
1.000000e+04 1.182640e-19 1.000000e+25 
1.020833e+04 1.198782e-19 1.000000e+25 
1.041667e+04 1.215212e-19 1.000000e+25 
1.062500e+04 1.232028e-19 1.000000e+25 
1.083333e+04 1.249143e-19 1.000000e+25 
1.104167e+04 1.266642e-19 1.000000e+25 
1.125000e+04 1.284452e-19 1.000000e+25 
1.145833e+04 1.302642e-19 1.000000e+25 
1.166667e+04 1.321157e-19 1.000000e+25 
1.187500e+04 1.340044e-19 1.000000e+25 
1.208333e+04 1.359272e-19 1.000000e+25 
1.229167e+04 1.378861e-19 1.000000e+25 
1.250000e+04 1.398807e-19 1.000000e+25 
1.270833e+04 1.419102e-19 1.000000e+25 
1.291667e+04 1.439771e-19 1.000000e+25 
1.312500e+04 1.460772e-19 1.000000e+25 
1.333333e+04 1.482163e-19 1.000000e+25 
1.354167e+04 1.503867e-19 1.000000e+25 
1.375000e+04 1.525980e-19 1.000000e+25 
1.395833e+04 1.548381e-19 1.000000e+25 
1.416667e+04 1.571210e-19 1.000000e+25 
1.437500e+04 1.594304e-19 1.000000e+25 
1.458333e+04 1.617844e-19 1.000000e+25 
1.479167e+04 1.641625e-19 1.000000e+25 
1.500000e+04 1.665872e-19 1.000000e+25 
1.520833e+04 1.690340e-19 1.000000e+25 
1.541667e+04 1.715296e-19 1.000000e+25 
1.562500e+04 1.740462e-19 1.000000e+25 
1.583333e+04 1.766141e-19 1.000000e+25 
1.604167e+04 1.792035e-19 1.000000e+25 
1.625000e+04 1.818470e-19 1.000000e+25 
1.645833e+04 1.845150e-19 1.000000e+25 
1.666667e+04 1.872406e-19 1.000000e+25 
1.687500e+04 1.899970e-19 1.000000e+25 
1.708333e+04 1.928154e-19 1.000000e+25 
1.729167e+04 1.956751e-19 1.000000e+25 
1.750000e+04 1.986022e-19 1.000000e+25 
1.770833e+04 2.015862e-19 1.000000e+25 
1.791667e+04 2.046442e-19 1.000000e+25 
1.812500e+04 2.077798e-19 1.000000e+25 
1.833333e+04 2.109971e-19 1.000000e+25 
1.854167e+04 2.143176e-19 1.000000e+25 
1.875000e+04 2.177282e-19 1.000000e+25 
1.895833e+04 2.212710e-19 1.000000e+25 
1.916667e+04 2.249128e-19 1.000000e+25 
1.937500e+04 2.287171e-19 1.000000e+25 
1.958333e+04 2.326288e-19 1.000000e+25 
1.979167e+04 2.367320e-19 1.000000e+25 
2.000000e+04 2.409499e-19 1.000000e+25 
2.020833e+04 2.453838e-19 1.000000e+25 
2.041667e+04 2.499372e-19 1.000000e+25 
2.062500e+04 2.547260e-19 1.000000e+25 
2.083333e+04 2.596380e-19 1.000000e+25 
2.104167e+04 2.647939e-19 1.000000e+25 
2.125000e+04 2.700702e-19 1.000000e+25 
2.145833e+04 2.756007e-19 1.000000e+25 
2.166667e+04 2.812581e-19 1.000000e+25 
2.187500e+04 2.871582e-19 1.000000e+25 
2.208333e+04 2.931688e-19 1.000000e+25 
2.229167e+04 2.993705e-19 1.000000e+25 
2.250000e+04 3.056553e-19 1.000000e+25 
2.270833e+04 3.122588e-19 1.000000e+25 
2.291667e+04 3.190922e-19 1.000000e+25 
2.312500e+04 3.257110e-19 1.000000e+25 
2.333333e+04 3.319593e-19 1.000000e+25 
2.354167e+04 3.388430e-19 1.000000e+25 
2.375000e+04 3.465935e-19 1.000000e+25 
2.395833e+04 3.546835e-19 1.000000e+25 
2.416667e+04 3.626701e-19 1.000000e+25 
2.437500e+04 3.663490e-19 1.000000e+25 
2.458333e+04 3.628409e-19 1.000000e+25 
2.479167e+04 3.642539e-19 1.000000e+25 
2.500000e+04 4.093061e-19 1.000000e+25 
2.520833e+04 5.118610e-19 9.773418e+24 
2.541667e+04 6.393758e-19 7.820444e+24 
2.562500e+04 8.040337e-19 6.219810e+24 
2.583333e+04 1.009482e-18 4.953194e+24 
2.604167e+04 1.296303e-18 3.858033e+24 
2.625000e+04 1.646631e-18 3.036661e+24 
2.645833e+04 2.138630e-18 2.338545e+24 
2.666667e+04 2.731923e-18 1.830288e+24 
2.687500e+04 3.564892e-18 1.402904e+24 
2.708333e+04 4.564109e-18 1.095540e+24 
2.729167e+04 5.978784e-18 8.364843e+23 
2.750000e+04 7.670748e-18 6.518453e+23 
2.770833e+04 1.008612e-17 4.958413e+23 
2.791667e+04 1.296632e-17 3.856233e+23 
2.812500e+04 1.709726e-17 2.925055e+23 
2.833333e+04 2.200798e-17 2.271944e+23 
2.854167e+04 2.905843e-17 1.721001e+23 
2.875000e+04 3.740964e-17 1.336573e+23 
2.895833e+04 4.936942e-17 1.012949e+23 
2.916667e+04 6.347544e-17 7.877150e+22 
2.937500e+04 8.358024e-17 5.983210e+22 
2.958333e+04 1.071824e-16 4.664983e+22 
2.979167e+04 1.406241e-16 3.556067e+22 
3.000000e+04 1.796903e-16 2.782581e+22 
3.020833e+04 2.346578e-16 2.131012e+22 
3.041667e+04 2.985253e-16 1.674906e+22 
3.062500e+04 3.875846e-16 1.290164e+22 
3.083333e+04 4.904130e-16 1.019550e+22 
3.104167e+04 6.320634e-16 7.911188e+21 
3.125000e+04 7.943545e-16 6.294423e+21 
3.145833e+04 1.014271e-15 4.929914e+21 
3.166667e+04 1.263832e-15 3.956221e+21 
3.187500e+04 1.594728e-15 3.135442e+21 
3.208333e+04 1.965802e-15 2.543492e+21 
3.229167e+04 2.443941e-15 2.045916e+21 
3.250000e+04 2.972276e-15 1.682213e+21 
3.270833e+04 3.627737e-15 1.378281e+21 
3.291667e+04 4.338558e-15 1.152457e+21 
3.312500e+04 5.176281e-15 9.659460e+20 
3.333333e+04 6.062702e-15 8.247155e+20 
3.354167e+04 7.034222e-15 7.108107e+20 
3.375000e+04 8.027761e-15 6.228391e+20 
3.395833e+04 9.001656e-15 5.554551e+20 
3.416667e+04 9.946171e-15 5.027061e+20 
3.437500e+04 1.069892e-14 4.673410e+20 
3.458333e+04 1.135306e-14 4.404099e+20 
3.479167e+04 1.161383e-14 4.305265e+20 
3.500000e+04 1.171459e-14 4.268184e+20 
3.520833e+04 1.128690e-14 4.429963e+20 
3.541667e+04 1.068609e-14 4.678989e+20 
3.562500e+04 9.605848e-15 5.205181e+20 
3.583333e+04 8.414692e-15 5.942004e+20 
3.604167e+04 7.013165e-15 7.129460e+20 
3.625000e+04 5.610237e-15 8.912281e+20 
3.645833e+04 4.395519e-15 1.137579e+21 
3.666667e+04 3.273419e-15 1.527466e+21 
3.687500e+04 2.590656e-15 1.930232e+21 
3.708333e+04 2.032212e-15 2.460385e+21 
3.729167e+04 1.762081e-15 2.837616e+21 
3.750000e+04 1.554564e-15 3.216337e+21 
3.770833e+04 1.418301e-15 3.525357e+21 
3.791667e+04 1.287122e-15 3.884643e+21 
3.812500e+04 1.185693e-15 4.216952e+21 
3.833333e+04 1.087638e-15 4.597121e+21 
3.854167e+04 1.011284e-15 4.944215e+21 
3.875000e+04 9.413074e-16 5.311761e+21 
3.895833e+04 8.883788e-16 5.628243e+21 
3.916667e+04 8.406576e-16 5.947725e+21 
3.937500e+04 8.088381e-16 6.181722e+21 
3.958333e+04 7.819653e-16 6.394146e+21 
3.979167e+04 7.697493e-16 6.495639e+21 
4.000000e+04 7.623421e-16 6.558735e+21 
4.020833e+04 7.697493e-16 6.495639e+21 
4.041667e+04 7.819653e-16 6.394146e+21 
4.062500e+04 8.088381e-16 6.181722e+21 
4.083333e+04 8.406576e-16 5.947725e+21 
4.104167e+04 8.883788e-16 5.628243e+21 
4.125000e+04 9.413074e-16 5.311761e+21 
4.145833e+04 1.011284e-15 4.944215e+21 
4.166667e+04 1.087638e-15 4.597121e+21 
4.187500e+04 1.185693e-15 4.216952e+21 
4.208333e+04 1.287122e-15 3.884643e+21 
4.229167e+04 1.418301e-15 3.525357e+21 
4.250000e+04 1.554564e-15 3.216337e+21 
4.270833e+04 1.762081e-15 2.837616e+21 
4.291667e+04 2.032212e-15 2.460385e+21 
4.312500e+04 2.590656e-15 1.930232e+21 
4.333333e+04 3.273419e-15 1.527466e+21 
4.354167e+04 4.395519e-15 1.137579e+21 
4.375000e+04 5.610237e-15 8.912281e+20 
4.395833e+04 7.013165e-15 7.129460e+20 
4.416667e+04 8.414692e-15 5.942004e+20 
4.437500e+04 9.605848e-15 5.205181e+20 
4.458333e+04 1.068609e-14 4.678989e+20 
4.479167e+04 1.128690e-14 4.429963e+20 
4.500000e+04 1.171459e-14 4.268184e+20 
4.520833e+04 1.161383e-14 4.305265e+20 
4.541667e+04 1.135306e-14 4.404099e+20 
4.562500e+04 1.069892e-14 4.673410e+20 
4.583333e+04 9.946171e-15 5.027061e+20 
4.604167e+04 9.001656e-15 5.554551e+20 
4.625000e+04 8.027761e-15 6.228391e+20 
4.645833e+04 7.034222e-15 7.108107e+20 
4.666667e+04 6.062702e-15 8.247155e+20 
4.687500e+04 5.176281e-15 9.659460e+20 
4.708333e+04 4.338558e-15 1.152457e+21 
4.729167e+04 3.627737e-15 1.378281e+21 
4.750000e+04 2.972276e-15 1.682213e+21 
4.770833e+04 2.443941e-15 2.045916e+21 
4.791667e+04 1.965802e-15 2.543492e+21 
4.812500e+04 1.594728e-15 3.135442e+21 
4.833333e+04 1.263832e-15 3.956221e+21 
4.854167e+04 1.014271e-15 4.929914e+21 
4.875000e+04 7.943545e-16 6.294423e+21 
4.895833e+04 6.320634e-16 7.911188e+21 
4.916667e+04 4.904130e-16 1.019550e+22 
4.937500e+04 3.875846e-16 1.290164e+22 
4.958333e+04 2.985253e-16 1.674906e+22 
4.979167e+04 2.346578e-16 2.131012e+22 
5.000000e+04 1.796903e-16 2.782581e+22 
5.020833e+04 1.406241e-16 3.556067e+22 
5.041667e+04 1.071824e-16 4.664983e+22 
5.062500e+04 8.358024e-17 5.983210e+22 
5.083333e+04 6.347544e-17 7.877150e+22 
5.104167e+04 4.936942e-17 1.012949e+23 
5.125000e+04 3.740964e-17 1.336573e+23 
5.145833e+04 2.905843e-17 1.721001e+23 
5.166667e+04 2.200798e-17 2.271944e+23 
5.187500e+04 1.709726e-17 2.925055e+23 
5.208333e+04 1.296632e-17 3.856233e+23 
5.229167e+04 1.008612e-17 4.958413e+23 
5.250000e+04 7.670748e-18 6.518453e+23 
5.270833e+04 5.978784e-18 8.364843e+23 
5.291667e+04 4.564109e-18 1.095540e+24 
5.312500e+04 3.564892e-18 1.402904e+24 
5.333333e+04 2.731923e-18 1.830288e+24 
5.354167e+04 2.138630e-18 2.338545e+24 
5.375000e+04 1.646631e-18 3.036661e+24 
5.395833e+04 1.296303e-18 3.858033e+24 
5.416667e+04 1.009482e-18 4.953194e+24 
5.437500e+04 8.040337e-19 6.219810e+24 
5.458333e+04 6.393758e-19 7.820444e+24 
5.479167e+04 5.118610e-19 9.773418e+24 
5.500000e+04 4.093061e-19 1.000000e+25 
5.520833e+04 3.642539e-19 1.000000e+25 
5.541667e+04 3.628409e-19 1.000000e+25 
5.562500e+04 3.663490e-19 1.000000e+25 
5.583333e+04 3.626701e-19 1.000000e+25 
5.604167e+04 3.546835e-19 1.000000e+25 
5.625000e+04 3.465935e-19 1.000000e+25 
5.645833e+04 3.388430e-19 1.000000e+25 
5.666667e+04 3.319593e-19 1.000000e+25 
5.687500e+04 3.257110e-19 1.000000e+25 
5.708333e+04 3.190922e-19 1.000000e+25 
5.729167e+04 3.122588e-19 1.000000e+25 
5.750000e+04 3.056553e-19 1.000000e+25 
5.770833e+04 2.993705e-19 1.000000e+25 
5.791667e+04 2.931688e-19 1.000000e+25 
5.812500e+04 2.871582e-19 1.000000e+25 
5.833333e+04 2.812581e-19 1.000000e+25 
5.854167e+04 2.756007e-19 1.000000e+25 
5.875000e+04 2.700702e-19 1.000000e+25 
5.895833e+04 2.647939e-19 1.000000e+25 
5.916667e+04 2.596380e-19 1.000000e+25 
5.937500e+04 2.547260e-19 1.000000e+25 
5.958333e+04 2.499372e-19 1.000000e+25 
5.979167e+04 2.453838e-19 1.000000e+25 
6.000000e+04 2.409499e-19 1.000000e+25 
6.020833e+04 2.367320e-19 1.000000e+25 
6.041667e+04 2.326288e-19 1.000000e+25 
6.062500e+04 2.287171e-19 1.000000e+25 
6.083333e+04 2.249128e-19 1.000000e+25 
6.104167e+04 2.212710e-19 1.000000e+25 
6.125000e+04 2.177282e-19 1.000000e+25 
6.145833e+04 2.143176e-19 1.000000e+25 
6.166667e+04 2.109971e-19 1.000000e+25 
6.187500e+04 2.077798e-19 1.000000e+25 
6.208333e+04 2.046442e-19 1.000000e+25 
6.229167e+04 2.015862e-19 1.000000e+25 
6.250000e+04 1.986022e-19 1.000000e+25 
6.270833e+04 1.956751e-19 1.000000e+25 
6.291667e+04 1.928154e-19 1.000000e+25 
6.312500e+04 1.899970e-19 1.000000e+25 
6.333333e+04 1.872406e-19 1.000000e+25 
6.354167e+04 1.845150e-19 1.000000e+25 
6.375000e+04 1.818470e-19 1.000000e+25 
6.395833e+04 1.792035e-19 1.000000e+25 
6.416667e+04 1.766141e-19 1.000000e+25 
6.437500e+04 1.740462e-19 1.000000e+25 
6.458333e+04 1.715296e-19 1.000000e+25 
6.479167e+04 1.690340e-19 1.000000e+25 
6.500000e+04 1.665872e-19 1.000000e+25 
6.520833e+04 1.641625e-19 1.000000e+25 
6.541667e+04 1.617844e-19 1.000000e+25 
6.562500e+04 1.594304e-19 1.000000e+25 
6.583333e+04 1.571210e-19 1.000000e+25 
6.604167e+04 1.548381e-19 1.000000e+25 
6.625000e+04 1.525980e-19 1.000000e+25 
6.645833e+04 1.503867e-19 1.000000e+25 
6.666667e+04 1.482163e-19 1.000000e+25 
6.687500e+04 1.460772e-19 1.000000e+25 
6.708333e+04 1.439771e-19 1.000000e+25 
6.729167e+04 1.419102e-19 1.000000e+25 
6.750000e+04 1.398807e-19 1.000000e+25 
6.770833e+04 1.378861e-19 1.000000e+25 
6.791667e+04 1.359272e-19 1.000000e+25 
6.812500e+04 1.340044e-19 1.000000e+25 
6.833333e+04 1.321157e-19 1.000000e+25 
6.854167e+04 1.302642e-19 1.000000e+25 
6.875000e+04 1.284452e-19 1.000000e+25 
6.895833e+04 1.266642e-19 1.000000e+25 
6.916667e+04 1.249143e-19 1.000000e+25 
6.937500e+04 1.232028e-19 1.000000e+25 
6.958333e+04 1.215212e-19 1.000000e+25 
6.979167e+04 1.198782e-19 1.000000e+25 
7.000000e+04 1.182641e-19 1.000000e+25 
7.020833e+04 1.166887e-19 1.000000e+25 
7.041667e+04 1.151410e-19 1.000000e+25 
7.062500e+04 1.136322e-19 1.000000e+25 
7.083333e+04 1.121503e-19 1.000000e+25 
7.104167e+04 1.107073e-19 1.000000e+25 
7.125000e+04 1.092903e-19 1.000000e+25 
7.145833e+04 1.079122e-19 1.000000e+25 
7.166667e+04 1.065596e-19 1.000000e+25 
7.187500e+04 1.052458e-19 1.000000e+25 
7.208333e+04 1.039570e-19 1.000000e+25 
7.229167e+04 1.027071e-19 1.000000e+25 
7.250000e+04 1.014817e-19 1.000000e+25 
7.270833e+04 1.002953e-19 1.000000e+25 
7.291667e+04 9.913311e-20 1.000000e+25 
7.312500e+04 9.801008e-20 1.000000e+25 
7.333333e+04 9.691102e-20 1.000000e+25 
7.354167e+04 9.585130e-20 1.000000e+25 
7.375000e+04 9.481546e-20 1.000000e+25 
7.395833e+04 9.381919e-20 1.000000e+25 
7.416667e+04 9.284680e-20 1.000000e+25 
7.437500e+04 9.191425e-20 1.000000e+25 
7.458333e+04 9.100565e-20 1.000000e+25 
7.479167e+04 9.013724e-20 1.000000e+25 
7.500000e+04 8.929290e-20 1.000000e+25 
7.520833e+04 8.848913e-20 1.000000e+25 
7.541667e+04 8.770963e-20 1.000000e+25 
7.562500e+04 8.697111e-20 1.000000e+25 
7.583333e+04 8.625711e-20 1.000000e+25 
7.604167e+04 8.558451e-20 1.000000e+25 
7.625000e+04 8.493671e-20 1.000000e+25 
7.645833e+04 8.433077e-20 1.000000e+25 
7.666667e+04 8.374992e-20 1.000000e+25 
7.687500e+04 8.321138e-20 1.000000e+25 
7.708333e+04 8.269824e-20 1.000000e+25 
7.729167e+04 8.222786e-20 1.000000e+25 
7.750000e+04 8.178316e-20 1.000000e+25 
7.770833e+04 8.138164e-20 1.000000e+25 
7.791667e+04 8.100610e-20 1.000000e+25 
7.812500e+04 8.067412e-20 1.000000e+25 
7.833333e+04 8.036836e-20 1.000000e+25 
7.854167e+04 8.010650e-20 1.000000e+25 
7.875000e+04 7.987107e-20 1.000000e+25 
7.895833e+04 7.967982e-20 1.000000e+25 
7.916667e+04 7.951518e-20 1.000000e+25 
7.937500e+04 7.939490e-20 1.000000e+25 
7.958333e+04 7.930135e-20 1.000000e+25 
7.979167e+04 7.925230e-20 1.000000e+25 
8.000000e+04 7.923003e-20 1.000000e+25 
