0.000000e+00 1.858691e-19 1.000000e+25 
2.500000e+02 1.859492e-19 1.000000e+25 
5.000000e+02 1.861261e-19 1.000000e+25 
7.500000e+02 1.864629e-19 1.000000e+25 
1.000000e+03 1.868962e-19 1.000000e+25 
1.250000e+03 1.874890e-19 1.000000e+25 
1.500000e+03 1.881777e-19 1.000000e+25 
1.750000e+03 1.890250e-19 1.000000e+25 
2.000000e+03 1.899673e-19 1.000000e+25 
2.250000e+03 1.910674e-19 1.000000e+25 
2.500000e+03 1.922612e-19 1.000000e+25 
2.750000e+03 1.936116e-19 1.000000e+25 
3.000000e+03 1.950545e-19 1.000000e+25 
3.250000e+03 1.966526e-19 1.000000e+25 
3.500000e+03 1.983418e-19 1.000000e+25 
3.750000e+03 2.001848e-19 1.000000e+25 
4.000000e+03 2.021176e-19 1.000000e+25 
4.250000e+03 2.042029e-19 1.000000e+25 
4.500000e+03 2.063765e-19 1.000000e+25 
4.750000e+03 2.087015e-19 1.000000e+25 
5.000000e+03 2.111134e-19 1.000000e+25 
5.250000e+03 2.136759e-19 1.000000e+25 
5.500000e+03 2.163241e-19 1.000000e+25 
5.750000e+03 2.191222e-19 1.000000e+25 
6.000000e+03 2.220052e-19 1.000000e+25 
6.250000e+03 2.250380e-19 1.000000e+25 
6.500000e+03 2.281548e-19 1.000000e+25 
6.750000e+03 2.314219e-19 1.000000e+25 
7.000000e+03 2.347726e-19 1.000000e+25 
7.250000e+03 2.382747e-19 1.000000e+25 
7.500000e+03 2.418603e-19 1.000000e+25 
7.750000e+03 2.455990e-19 1.000000e+25 
8.000000e+03 2.494216e-19 1.000000e+25 
8.250000e+03 2.533999e-19 1.000000e+25 
8.500000e+03 2.574627e-19 1.000000e+25 
8.750000e+03 2.616846e-19 1.000000e+25 
9.000000e+03 2.659922e-19 1.000000e+25 
9.250000e+03 2.704629e-19 1.000000e+25 
9.500000e+03 2.750208e-19 1.000000e+25 
9.750000e+03 2.797465e-19 1.000000e+25 
1.000000e+04 2.845613e-19 1.000000e+25 
1.025000e+04 2.895487e-19 1.000000e+25 
1.050000e+04 2.946272e-19 1.000000e+25 
1.075000e+04 2.998828e-19 1.000000e+25 
1.100000e+04 3.052317e-19 1.000000e+25 
1.125000e+04 3.107614e-19 1.000000e+25 
1.150000e+04 3.163863e-19 1.000000e+25 
1.175000e+04 3.221940e-19 1.000000e+25 
1.200000e+04 3.280987e-19 1.000000e+25 
1.225000e+04 3.341865e-19 1.000000e+25 
1.250000e+04 3.403730e-19 1.000000e+25 
1.275000e+04 3.467414e-19 1.000000e+25 
1.300000e+04 3.532100e-19 1.000000e+25 
1.325000e+04 3.598591e-19 1.000000e+25 
1.350000e+04 3.666104e-19 1.000000e+25 
1.375000e+04 3.735416e-19 1.000000e+25 
1.400000e+04 3.805777e-19 1.000000e+25 
1.425000e+04 3.877952e-19 1.000000e+25 
1.450000e+04 3.951213e-19 1.000000e+25 
1.475000e+04 4.026331e-19 1.000000e+25 
1.500000e+04 4.102581e-19 1.000000e+25 
1.525000e+04 4.180760e-19 1.000000e+25 
1.550000e+04 4.260125e-19 1.000000e+25 
1.575000e+04 4.341524e-19 1.000000e+25 
1.600000e+04 4.424172e-19 1.000000e+25 
1.625000e+04 4.508998e-19 1.000000e+25 
1.650000e+04 4.595149e-19 1.000000e+25 
1.675000e+04 4.683665e-19 1.000000e+25 
1.700000e+04 4.773592e-19 1.000000e+25 
1.725000e+04 4.866120e-19 1.000000e+25 
1.750000e+04 4.960155e-19 1.000000e+25 
1.775000e+04 5.057076e-19 1.000000e+25 
1.800000e+04 5.155612e-19 1.000000e+25 
1.825000e+04 5.257374e-19 1.000000e+25 
1.850000e+04 5.360873e-19 1.000000e+25 
1.875000e+04 5.468016e-19 1.000000e+25 
1.900000e+04 5.577044e-19 1.000000e+25 
1.925000e+04 5.690243e-19 1.000000e+25 
1.950000e+04 5.805512e-19 1.000000e+25 
1.975000e+04 5.925641e-19 1.000000e+25 
2.000000e+04 6.048080e-19 1.000000e+25 
2.025000e+04 6.176278e-19 1.000000e+25 
2.050000e+04 6.307100e-19 1.000000e+25 
2.075000e+04 6.444820e-19 1.000000e+25 
2.100000e+04 6.585554e-19 1.000000e+25 
2.125000e+04 6.734522e-19 1.000000e+25 
2.150000e+04 6.886947e-19 1.000000e+25 
2.175000e+04 7.048980e-19 1.000000e+25 
2.200000e+04 7.214908e-19 1.000000e+25 
2.225000e+04 7.391583e-19 1.000000e+25 
2.250000e+04 7.572504e-19 1.000000e+25 
2.275000e+04 7.764748e-19 1.000000e+25 
2.300000e+04 7.961431e-19 1.000000e+25 
2.325000e+04 8.169175e-19 1.000000e+25 
2.350000e+04 8.381363e-19 1.000000e+25 
2.375000e+04 8.603412e-19 1.000000e+25 
2.400000e+04 8.829773e-19 1.000000e+25 
2.425000e+04 9.063991e-19 1.000000e+25 
2.450000e+04 9.302359e-19 1.000000e+25 
2.475000e+04 9.546108e-19 1.000000e+25 
2.500000e+04 9.793969e-19 1.000000e+25 
2.525000e+04 1.004470e-18 1.000000e+25 
2.550000e+04 1.029978e-18 1.000000e+25 
2.575000e+04 1.055565e-18 1.000000e+25 
2.600000e+04 1.081649e-18 1.000000e+25 
2.625000e+04 1.107683e-18 1.000000e+25 
2.650000e+04 1.134329e-18 1.000000e+25 
2.675000e+04 1.160902e-18 1.000000e+25 
2.700000e+04 1.188262e-18 1.000000e+25 
2.725000e+04 1.215637e-18 1.000000e+25 
2.750000e+04 1.244026e-18 1.000000e+25 
2.775000e+04 1.272599e-18 1.000000e+25 
2.800000e+04 1.302467e-18 1.000000e+25 
2.825000e+04 1.332858e-18 1.000000e+25 
2.850000e+04 1.364957e-18 1.000000e+25 
2.875000e+04 1.397754e-18 1.000000e+25 
2.900000e+04 1.432570e-18 1.000000e+25 
2.925000e+04 1.467997e-18 1.000000e+25 
2.950000e+04 1.505764e-18 1.000000e+25 
2.975000e+04 1.544918e-18 1.000000e+25 
3.000000e+04 1.587947e-18 1.000000e+25 
3.025000e+04 1.632252e-18 1.000000e+25 
3.050000e+04 1.681038e-18 1.000000e+25 
3.075000e+04 1.711421e-18 1.000000e+25 
3.100000e+04 1.732852e-18 1.000000e+25 
3.125000e+04 1.809108e-18 1.000000e+25 
3.150000e+04 1.896792e-18 1.000000e+25 
3.175000e+04 1.907369e-18 1.000000e+25 
3.200000e+04 2.001034e-18 1.000000e+25 
3.225000e+04 5.229168e-18 6.152319e+24 
3.250000e+04 9.782794e-18 3.249722e+24 
3.275000e+04 2.250610e-17 1.415141e+24 
3.300000e+04 3.912776e-17 8.084446e+23 
3.325000e+04 8.543840e-17 3.702872e+23 
3.350000e+04 1.455948e-16 2.160942e+23 
3.375000e+04 3.004978e-16 1.044973e+23 
3.400000e+04 4.991072e-16 6.258506e+22 
3.425000e+04 9.615247e-16 3.234162e+22 
3.450000e+04 1.542093e-15 2.004204e+22 
3.475000e+04 2.726117e-15 1.125483e+22 
3.500000e+04 4.165213e-15 7.307891e+21 
3.525000e+04 6.615677e-15 4.550227e+21 
3.550000e+04 9.441364e-15 3.152531e+21 
3.575000e+04 1.311863e-14 2.231852e+21 
3.600000e+04 1.697215e-14 1.696530e+21 
3.625000e+04 1.997541e-14 1.407015e+21 
3.650000e+04 2.243965e-14 1.221708e+21 
3.675000e+04 2.159854e-14 1.226018e+21 
3.700000e+04 1.980098e-14 1.289975e+21 
3.725000e+04 1.483623e-14 1.656226e+21 
3.750000e+04 9.384797e-15 2.514934e+21 
3.775000e+04 4.966453e-15 4.612048e+21 
3.800000e+04 1.353496e-15 1.641573e+22 
3.825000e+04 5.552463e-16 3.786918e+22 
3.850000e+04 4.502495e-17 5.267425e+23 
3.875000e+04 1.511611e-17 1.601734e+24 
3.900000e+04 2.582405e-18 1.000000e+25 
3.925000e+04 2.156825e-18 1.000000e+25 
3.950000e+04 1.820617e-18 1.000000e+25 
3.975000e+04 1.907376e-18 1.000000e+25 
4.000000e+04 1.882980e-18 1.000000e+25 
4.025000e+04 1.907376e-18 1.000000e+25 
4.050000e+04 1.820617e-18 1.000000e+25 
4.075000e+04 2.156825e-18 1.000000e+25 
4.100000e+04 2.582405e-18 1.000000e+25 
4.125000e+04 1.511611e-17 1.601734e+24 
4.150000e+04 4.502495e-17 5.267425e+23 
4.175000e+04 5.552463e-16 3.786918e+22 
4.200000e+04 1.353496e-15 1.641573e+22 
4.225000e+04 4.966453e-15 4.612048e+21 
4.250000e+04 9.384797e-15 2.514934e+21 
4.275000e+04 1.483623e-14 1.656226e+21 
4.300000e+04 1.980098e-14 1.289975e+21 
4.325000e+04 2.159854e-14 1.226018e+21 
4.350000e+04 2.243965e-14 1.221708e+21 
4.375000e+04 1.997541e-14 1.407015e+21 
4.400000e+04 1.697215e-14 1.696530e+21 
4.425000e+04 1.311863e-14 2.231852e+21 
4.450000e+04 9.441364e-15 3.152531e+21 
4.475000e+04 6.615677e-15 4.550227e+21 
4.500000e+04 4.165213e-15 7.307891e+21 
4.525000e+04 2.726117e-15 1.125483e+22 
4.550000e+04 1.542093e-15 2.004204e+22 
4.575000e+04 9.615247e-16 3.234162e+22 
4.600000e+04 4.991072e-16 6.258506e+22 
4.625000e+04 3.004978e-16 1.044973e+23 
4.650000e+04 1.455948e-16 2.160942e+23 
4.675000e+04 8.543840e-17 3.702872e+23 
4.700000e+04 3.912776e-17 8.084446e+23 
4.725000e+04 2.250610e-17 1.415141e+24 
4.750000e+04 9.782794e-18 3.249722e+24 
4.775000e+04 5.229168e-18 6.152319e+24 
4.800000e+04 2.001034e-18 1.000000e+25 
4.825000e+04 1.907369e-18 1.000000e+25 
4.850000e+04 1.896792e-18 1.000000e+25 
4.875000e+04 1.809108e-18 1.000000e+25 
4.900000e+04 1.732852e-18 1.000000e+25 
4.925000e+04 1.711421e-18 1.000000e+25 
4.950000e+04 1.681038e-18 1.000000e+25 
4.975000e+04 1.632252e-18 1.000000e+25 
5.000000e+04 1.587947e-18 1.000000e+25 
5.025000e+04 1.544918e-18 1.000000e+25 
5.050000e+04 1.505764e-18 1.000000e+25 
5.075000e+04 1.467997e-18 1.000000e+25 
5.100000e+04 1.432570e-18 1.000000e+25 
5.125000e+04 1.397754e-18 1.000000e+25 
5.150000e+04 1.364957e-18 1.000000e+25 
5.175000e+04 1.332858e-18 1.000000e+25 
5.200000e+04 1.302467e-18 1.000000e+25 
5.225000e+04 1.272599e-18 1.000000e+25 
5.250000e+04 1.244026e-18 1.000000e+25 
5.275000e+04 1.215637e-18 1.000000e+25 
5.300000e+04 1.188262e-18 1.000000e+25 
5.325000e+04 1.160902e-18 1.000000e+25 
5.350000e+04 1.134329e-18 1.000000e+25 
5.375000e+04 1.107683e-18 1.000000e+25 
5.400000e+04 1.081649e-18 1.000000e+25 
5.425000e+04 1.055565e-18 1.000000e+25 
5.450000e+04 1.029978e-18 1.000000e+25 
5.475000e+04 1.004470e-18 1.000000e+25 
5.500000e+04 9.793969e-19 1.000000e+25 
5.525000e+04 9.546108e-19 1.000000e+25 
5.550000e+04 9.302359e-19 1.000000e+25 
5.575000e+04 9.063991e-19 1.000000e+25 
5.600000e+04 8.829773e-19 1.000000e+25 
5.625000e+04 8.603412e-19 1.000000e+25 
5.650000e+04 8.381363e-19 1.000000e+25 
5.675000e+04 8.169175e-19 1.000000e+25 
5.700000e+04 7.961431e-19 1.000000e+25 
5.725000e+04 7.764748e-19 1.000000e+25 
5.750000e+04 7.572504e-19 1.000000e+25 
5.775000e+04 7.391583e-19 1.000000e+25 
5.800000e+04 7.214908e-19 1.000000e+25 
5.825000e+04 7.048980e-19 1.000000e+25 
5.850000e+04 6.886947e-19 1.000000e+25 
5.875000e+04 6.734522e-19 1.000000e+25 
5.900000e+04 6.585554e-19 1.000000e+25 
5.925000e+04 6.444820e-19 1.000000e+25 
5.950000e+04 6.307100e-19 1.000000e+25 
5.975000e+04 6.176278e-19 1.000000e+25 
6.000000e+04 6.048080e-19 1.000000e+25 
6.025000e+04 5.925641e-19 1.000000e+25 
6.050000e+04 5.805512e-19 1.000000e+25 
6.075000e+04 5.690243e-19 1.000000e+25 
6.100000e+04 5.577044e-19 1.000000e+25 
6.125000e+04 5.468016e-19 1.000000e+25 
6.150000e+04 5.360873e-19 1.000000e+25 
6.175000e+04 5.257374e-19 1.000000e+25 
6.200000e+04 5.155612e-19 1.000000e+25 
6.225000e+04 5.057076e-19 1.000000e+25 
6.250000e+04 4.960155e-19 1.000000e+25 
6.275000e+04 4.866120e-19 1.000000e+25 
6.300000e+04 4.773592e-19 1.000000e+25 
6.325000e+04 4.683665e-19 1.000000e+25 
6.350000e+04 4.595149e-19 1.000000e+25 
6.375000e+04 4.508998e-19 1.000000e+25 
6.400000e+04 4.424172e-19 1.000000e+25 
6.425000e+04 4.341524e-19 1.000000e+25 
6.450000e+04 4.260125e-19 1.000000e+25 
6.475000e+04 4.180760e-19 1.000000e+25 
6.500000e+04 4.102581e-19 1.000000e+25 
6.525000e+04 4.026331e-19 1.000000e+25 
6.550000e+04 3.951213e-19 1.000000e+25 
6.575000e+04 3.877952e-19 1.000000e+25 
6.600000e+04 3.805777e-19 1.000000e+25 
6.625000e+04 3.735416e-19 1.000000e+25 
6.650000e+04 3.666104e-19 1.000000e+25 
6.675000e+04 3.598591e-19 1.000000e+25 
6.700000e+04 3.532100e-19 1.000000e+25 
6.725000e+04 3.467414e-19 1.000000e+25 
6.750000e+04 3.403730e-19 1.000000e+25 
6.775000e+04 3.341865e-19 1.000000e+25 
6.800000e+04 3.280987e-19 1.000000e+25 
6.825000e+04 3.221940e-19 1.000000e+25 
6.850000e+04 3.163863e-19 1.000000e+25 
6.875000e+04 3.107614e-19 1.000000e+25 
6.900000e+04 3.052317e-19 1.000000e+25 
6.925000e+04 2.998828e-19 1.000000e+25 
6.950000e+04 2.946272e-19 1.000000e+25 
6.975000e+04 2.895487e-19 1.000000e+25 
7.000000e+04 2.845613e-19 1.000000e+25 
7.025000e+04 2.797465e-19 1.000000e+25 
7.050000e+04 2.750208e-19 1.000000e+25 
7.075000e+04 2.704629e-19 1.000000e+25 
7.100000e+04 2.659922e-19 1.000000e+25 
7.125000e+04 2.616846e-19 1.000000e+25 
7.150000e+04 2.574627e-19 1.000000e+25 
7.175000e+04 2.533999e-19 1.000000e+25 
7.200000e+04 2.494216e-19 1.000000e+25 
7.225000e+04 2.455990e-19 1.000000e+25 
7.250000e+04 2.418603e-19 1.000000e+25 
7.275000e+04 2.382747e-19 1.000000e+25 
7.300000e+04 2.347726e-19 1.000000e+25 
7.325000e+04 2.314219e-19 1.000000e+25 
7.350000e+04 2.281548e-19 1.000000e+25 
7.375000e+04 2.250380e-19 1.000000e+25 
7.400000e+04 2.220052e-19 1.000000e+25 
7.425000e+04 2.191222e-19 1.000000e+25 
7.450000e+04 2.163241e-19 1.000000e+25 
7.475000e+04 2.136759e-19 1.000000e+25 
7.500000e+04 2.111134e-19 1.000000e+25 
7.525000e+04 2.087015e-19 1.000000e+25 
7.550000e+04 2.063765e-19 1.000000e+25 
7.575000e+04 2.042029e-19 1.000000e+25 
7.600000e+04 2.021176e-19 1.000000e+25 
7.625000e+04 2.001848e-19 1.000000e+25 
7.650000e+04 1.983418e-19 1.000000e+25 
7.675000e+04 1.966526e-19 1.000000e+25 
7.700000e+04 1.950545e-19 1.000000e+25 
7.725000e+04 1.936116e-19 1.000000e+25 
7.750000e+04 1.922612e-19 1.000000e+25 
7.775000e+04 1.910674e-19 1.000000e+25 
7.800000e+04 1.899673e-19 1.000000e+25 
7.825000e+04 1.890250e-19 1.000000e+25 
7.850000e+04 1.881777e-19 1.000000e+25 
7.875000e+04 1.874890e-19 1.000000e+25 
7.900000e+04 1.868962e-19 1.000000e+25 
7.925000e+04 1.864629e-19 1.000000e+25 
7.950000e+04 1.861261e-19 1.000000e+25 
7.975000e+04 1.859492e-19 1.000000e+25 
8.000000e+04 1.858691e-19 1.000000e+25 
