0.000000e+00 2.012445e-19 1.000000e+25 
2.500000e+02 2.013320e-19 1.000000e+25 
5.000000e+02 2.015244e-19 1.000000e+25 
7.500000e+02 2.018917e-19 1.000000e+25 
1.000000e+03 2.023636e-19 1.000000e+25 
1.250000e+03 2.030098e-19 1.000000e+25 
1.500000e+03 2.037598e-19 1.000000e+25 
1.750000e+03 2.046833e-19 1.000000e+25 
2.000000e+03 2.057097e-19 1.000000e+25 
2.250000e+03 2.069086e-19 1.000000e+25 
2.500000e+03 2.082090e-19 1.000000e+25 
2.750000e+03 2.096806e-19 1.000000e+25 
3.000000e+03 2.112523e-19 1.000000e+25 
3.250000e+03 2.129939e-19 1.000000e+25 
3.500000e+03 2.148341e-19 1.000000e+25 
3.750000e+03 2.168429e-19 1.000000e+25 
4.000000e+03 2.189486e-19 1.000000e+25 
4.250000e+03 2.212218e-19 1.000000e+25 
4.500000e+03 2.235904e-19 1.000000e+25 
4.750000e+03 2.261255e-19 1.000000e+25 
5.000000e+03 2.287547e-19 1.000000e+25 
5.250000e+03 2.315499e-19 1.000000e+25 
5.500000e+03 2.344380e-19 1.000000e+25 
5.750000e+03 2.374920e-19 1.000000e+25 
6.000000e+03 2.406380e-19 1.000000e+25 
6.250000e+03 2.439506e-19 1.000000e+25 
6.500000e+03 2.473545e-19 1.000000e+25 
6.750000e+03 2.509264e-19 1.000000e+25 
7.000000e+03 2.545895e-19 1.000000e+25 
7.250000e+03 2.584226e-19 1.000000e+25 
7.500000e+03 2.623471e-19 1.000000e+25 
7.750000e+03 2.664446e-19 1.000000e+25 
8.000000e+03 2.706340e-19 1.000000e+25 
8.250000e+03 2.749999e-19 1.000000e+25 
8.500000e+03 2.794587e-19 1.000000e+25 
8.750000e+03 2.840978e-19 1.000000e+25 
9.000000e+03 2.888313e-19 1.000000e+25 
9.250000e+03 2.937486e-19 1.000000e+25 
9.500000e+03 2.987618e-19 1.000000e+25 
9.750000e+03 3.039619e-19 1.000000e+25 
1.000000e+04 3.092593e-19 1.000000e+25 
1.025000e+04 3.147454e-19 1.000000e+25 
1.050000e+04 3.203302e-19 1.000000e+25 
1.075000e+04 3.261037e-19 1.000000e+25 
1.100000e+04 3.319773e-19 1.000000e+25 
1.125000e+04 3.380383e-19 1.000000e+25 
1.150000e+04 3.442006e-19 1.000000e+25 
1.175000e+04 3.505483e-19 1.000000e+25 
1.200000e+04 3.569992e-19 1.000000e+25 
1.225000e+04 3.636340e-19 1.000000e+25 
1.250000e+04 3.703744e-19 1.000000e+25 
1.275000e+04 3.772986e-19 1.000000e+25 
1.300000e+04 3.843318e-19 1.000000e+25 
1.325000e+04 3.915508e-19 1.000000e+25 
1.350000e+04 3.988830e-19 1.000000e+25 
1.375000e+04 4.064046e-19 1.000000e+25 
1.400000e+04 4.140442e-19 1.000000e+25 
1.425000e+04 4.218792e-19 1.000000e+25 
1.450000e+04 4.298378e-19 1.000000e+25 
1.475000e+04 4.380011e-19 1.000000e+25 
1.500000e+04 4.462949e-19 1.000000e+25 
1.525000e+04 4.548076e-19 1.000000e+25 
1.550000e+04 4.634594e-19 1.000000e+25 
1.575000e+04 4.723504e-19 1.000000e+25 
1.600000e+04 4.813906e-19 1.000000e+25 
1.625000e+04 4.906954e-19 1.000000e+25 
1.650000e+04 5.001606e-19 1.000000e+25 
1.675000e+04 5.099183e-19 1.000000e+25 
1.700000e+04 5.198476e-19 1.000000e+25 
1.725000e+04 5.300959e-19 1.000000e+25 
1.750000e+04 5.405260e-19 1.000000e+25 
1.775000e+04 5.512961e-19 1.000000e+25 
1.800000e+04 5.622559e-19 1.000000e+25 
1.825000e+04 5.735676e-19 1.000000e+25 
1.850000e+04 5.850740e-19 1.000000e+25 
1.875000e+04 5.969332e-19 1.000000e+25 
1.900000e+04 6.089890e-19 1.000000e+25 
1.925000e+04 6.213893e-19 1.000000e+25 
1.950000e+04 6.339865e-19 1.000000e+25 
1.975000e+04 6.469181e-19 1.000000e+25 
2.000000e+04 6.600483e-19 1.000000e+25 
2.025000e+04 6.735131e-19 1.000000e+25 
2.050000e+04 6.871833e-19 1.000000e+25 
2.075000e+04 7.012117e-19 1.000000e+25 
2.100000e+04 7.154607e-19 1.000000e+25 
2.125000e+04 7.301237e-19 1.000000e+25 
2.150000e+04 7.450323e-19 1.000000e+25 
2.175000e+04 7.604448e-19 1.000000e+25 
2.200000e+04 7.761361e-19 1.000000e+25 
2.225000e+04 7.924551e-19 1.000000e+25 
2.250000e+04 8.090949e-19 1.000000e+25 
2.275000e+04 8.265226e-19 1.000000e+25 
2.300000e+04 8.443231e-19 1.000000e+25 
2.325000e+04 8.631142e-19 1.000000e+25 
2.350000e+04 8.823426e-19 1.000000e+25 
2.375000e+04 9.028071e-19 1.000000e+25 
2.400000e+04 9.237844e-19 1.000000e+25 
2.425000e+04 9.462663e-19 1.000000e+25 
2.450000e+04 9.693375e-19 1.000000e+25 
2.475000e+04 9.941537e-19 1.000000e+25 
2.500000e+04 1.019618e-18 1.000000e+25 
2.525000e+04 1.046964e-18 1.000000e+25 
2.550000e+04 1.074978e-18 1.000000e+25 
2.575000e+04 1.104838e-18 1.000000e+25 
2.600000e+04 1.135337e-18 1.000000e+25 
2.625000e+04 1.167441e-18 1.000000e+25 
2.650000e+04 1.200108e-18 1.000000e+25 
2.675000e+04 1.233945e-18 1.000000e+25 
2.700000e+04 1.268246e-18 1.000000e+25 
2.725000e+04 1.303136e-18 1.000000e+25 
2.750000e+04 1.338393e-18 1.000000e+25 
2.775000e+04 1.373598e-18 1.000000e+25 
2.800000e+04 1.409105e-18 1.000000e+25 
2.825000e+04 1.443933e-18 1.000000e+25 
2.850000e+04 1.479064e-18 1.000000e+25 
2.875000e+04 1.513040e-18 1.000000e+25 
2.900000e+04 1.547416e-18 1.000000e+25 
2.925000e+04 1.580267e-18 1.000000e+25 
2.950000e+04 1.613753e-18 1.000000e+25 
2.975000e+04 1.646055e-18 1.000000e+25 
3.000000e+04 1.679494e-18 1.000000e+25 
3.025000e+04 1.711386e-18 1.000000e+25 
3.050000e+04 1.744788e-18 1.000000e+25 
3.075000e+04 1.779408e-18 1.000000e+25 
3.100000e+04 1.818333e-18 1.000000e+25 
3.125000e+04 1.858911e-18 1.000000e+25 
3.150000e+04 1.900376e-18 1.000000e+25 
3.175000e+04 1.930381e-18 1.000000e+25 
3.200000e+04 1.968928e-18 1.000000e+25 
3.225000e+04 2.073257e-18 1.000000e+25 
3.250000e+04 2.049420e-18 1.000000e+25 
3.275000e+04 2.534442e-18 1.000000e+25 
3.300000e+04 3.547553e-18 8.834382e+24 
3.325000e+04 9.628223e-18 3.538450e+24 
3.350000e+04 1.686237e-17 2.092905e+24 
3.375000e+04 4.298685e-17 8.425108e+23 
3.400000e+04 7.420307e-17 4.770359e+23 
3.425000e+04 1.803472e-16 1.995281e+23 
3.450000e+04 3.070330e-16 1.145619e+23 
3.475000e+04 6.874651e-16 5.153667e+22 
3.500000e+04 1.144131e-15 3.030509e+22 
3.525000e+04 2.280036e-15 1.518827e+22 
3.550000e+04 3.625544e-15 9.370079e+21 
3.575000e+04 6.194889e-15 5.427250e+21 
3.600000e+04 9.112883e-15 3.623322e+21 
3.625000e+04 1.283854e-14 2.520468e+21 
3.650000e+04 1.665915e-14 1.904702e+21 
3.675000e+04 1.858954e-14 1.655401e+21 
3.700000e+04 1.982423e-14 1.513465e+21 
3.725000e+04 1.675583e-14 1.721288e+21 
3.750000e+04 1.287035e-14 2.163526e+21 
3.775000e+04 7.797853e-15 3.438623e+21 
3.800000e+04 3.145199e-15 8.122931e+21 
3.825000e+04 1.447909e-15 1.779512e+22 
3.850000e+04 1.900692e-16 1.287441e+23 
3.875000e+04 1.458373e-16 1.881240e+23 
3.900000e+04 7.085173e-17 4.141749e+23 
3.925000e+04 5.477539e-17 5.225128e+23 
3.950000e+04 3.532152e-17 7.709722e+23 
3.975000e+04 3.204946e-17 8.660934e+23 
4.000000e+04 2.863339e-17 9.728881e+23 
4.025000e+04 3.204946e-17 8.660934e+23 
4.050000e+04 3.532152e-17 7.709722e+23 
4.075000e+04 5.477539e-17 5.225128e+23 
4.100000e+04 7.085173e-17 4.141749e+23 
4.125000e+04 1.458373e-16 1.881240e+23 
4.150000e+04 1.900692e-16 1.287441e+23 
4.175000e+04 1.447909e-15 1.779512e+22 
4.200000e+04 3.145199e-15 8.122931e+21 
4.225000e+04 7.797853e-15 3.438623e+21 
4.250000e+04 1.287035e-14 2.163526e+21 
4.275000e+04 1.675583e-14 1.721288e+21 
4.300000e+04 1.982423e-14 1.513465e+21 
4.325000e+04 1.858954e-14 1.655401e+21 
4.350000e+04 1.665915e-14 1.904702e+21 
4.375000e+04 1.283854e-14 2.520468e+21 
4.400000e+04 9.112883e-15 3.623322e+21 
4.425000e+04 6.194889e-15 5.427250e+21 
4.450000e+04 3.625544e-15 9.370079e+21 
4.475000e+04 2.280036e-15 1.518827e+22 
4.500000e+04 1.144131e-15 3.030509e+22 
4.525000e+04 6.874651e-16 5.153667e+22 
4.550000e+04 3.070330e-16 1.145619e+23 
4.575000e+04 1.803472e-16 1.995281e+23 
4.600000e+04 7.420307e-17 4.770359e+23 
4.625000e+04 4.298685e-17 8.425108e+23 
4.650000e+04 1.686237e-17 2.092905e+24 
4.675000e+04 9.628223e-18 3.538450e+24 
4.700000e+04 3.547553e-18 8.834382e+24 
4.725000e+04 2.534442e-18 1.000000e+25 
4.750000e+04 2.049420e-18 1.000000e+25 
4.775000e+04 2.073257e-18 1.000000e+25 
4.800000e+04 1.968928e-18 1.000000e+25 
4.825000e+04 1.930381e-18 1.000000e+25 
4.850000e+04 1.900376e-18 1.000000e+25 
4.875000e+04 1.858911e-18 1.000000e+25 
4.900000e+04 1.818333e-18 1.000000e+25 
4.925000e+04 1.779408e-18 1.000000e+25 
4.950000e+04 1.744788e-18 1.000000e+25 
4.975000e+04 1.711386e-18 1.000000e+25 
5.000000e+04 1.679494e-18 1.000000e+25 
5.025000e+04 1.646055e-18 1.000000e+25 
5.050000e+04 1.613753e-18 1.000000e+25 
5.075000e+04 1.580267e-18 1.000000e+25 
5.100000e+04 1.547416e-18 1.000000e+25 
5.125000e+04 1.513040e-18 1.000000e+25 
5.150000e+04 1.479064e-18 1.000000e+25 
5.175000e+04 1.443933e-18 1.000000e+25 
5.200000e+04 1.409105e-18 1.000000e+25 
5.225000e+04 1.373598e-18 1.000000e+25 
5.250000e+04 1.338393e-18 1.000000e+25 
5.275000e+04 1.303136e-18 1.000000e+25 
5.300000e+04 1.268246e-18 1.000000e+25 
5.325000e+04 1.233945e-18 1.000000e+25 
5.350000e+04 1.200108e-18 1.000000e+25 
5.375000e+04 1.167441e-18 1.000000e+25 
5.400000e+04 1.135337e-18 1.000000e+25 
5.425000e+04 1.104838e-18 1.000000e+25 
5.450000e+04 1.074978e-18 1.000000e+25 
5.475000e+04 1.046964e-18 1.000000e+25 
5.500000e+04 1.019618e-18 1.000000e+25 
5.525000e+04 9.941537e-19 1.000000e+25 
5.550000e+04 9.693375e-19 1.000000e+25 
5.575000e+04 9.462663e-19 1.000000e+25 
5.600000e+04 9.237844e-19 1.000000e+25 
5.625000e+04 9.028071e-19 1.000000e+25 
5.650000e+04 8.823426e-19 1.000000e+25 
5.675000e+04 8.631142e-19 1.000000e+25 
5.700000e+04 8.443231e-19 1.000000e+25 
5.725000e+04 8.265226e-19 1.000000e+25 
5.750000e+04 8.090949e-19 1.000000e+25 
5.775000e+04 7.924551e-19 1.000000e+25 
5.800000e+04 7.761361e-19 1.000000e+25 
5.825000e+04 7.604448e-19 1.000000e+25 
5.850000e+04 7.450323e-19 1.000000e+25 
5.875000e+04 7.301237e-19 1.000000e+25 
5.900000e+04 7.154607e-19 1.000000e+25 
5.925000e+04 7.012117e-19 1.000000e+25 
5.950000e+04 6.871833e-19 1.000000e+25 
5.975000e+04 6.735131e-19 1.000000e+25 
6.000000e+04 6.600483e-19 1.000000e+25 
6.025000e+04 6.469181e-19 1.000000e+25 
6.050000e+04 6.339865e-19 1.000000e+25 
6.075000e+04 6.213893e-19 1.000000e+25 
6.100000e+04 6.089890e-19 1.000000e+25 
6.125000e+04 5.969332e-19 1.000000e+25 
6.150000e+04 5.850740e-19 1.000000e+25 
6.175000e+04 5.735676e-19 1.000000e+25 
6.200000e+04 5.622559e-19 1.000000e+25 
6.225000e+04 5.512961e-19 1.000000e+25 
6.250000e+04 5.405260e-19 1.000000e+25 
6.275000e+04 5.300959e-19 1.000000e+25 
6.300000e+04 5.198476e-19 1.000000e+25 
6.325000e+04 5.099183e-19 1.000000e+25 
6.350000e+04 5.001606e-19 1.000000e+25 
6.375000e+04 4.906954e-19 1.000000e+25 
6.400000e+04 4.813906e-19 1.000000e+25 
6.425000e+04 4.723504e-19 1.000000e+25 
6.450000e+04 4.634594e-19 1.000000e+25 
6.475000e+04 4.548076e-19 1.000000e+25 
6.500000e+04 4.462949e-19 1.000000e+25 
6.525000e+04 4.380011e-19 1.000000e+25 
6.550000e+04 4.298378e-19 1.000000e+25 
6.575000e+04 4.218792e-19 1.000000e+25 
6.600000e+04 4.140442e-19 1.000000e+25 
6.625000e+04 4.064046e-19 1.000000e+25 
6.650000e+04 3.988830e-19 1.000000e+25 
6.675000e+04 3.915508e-19 1.000000e+25 
6.700000e+04 3.843318e-19 1.000000e+25 
6.725000e+04 3.772986e-19 1.000000e+25 
6.750000e+04 3.703744e-19 1.000000e+25 
6.775000e+04 3.636340e-19 1.000000e+25 
6.800000e+04 3.569992e-19 1.000000e+25 
6.825000e+04 3.505483e-19 1.000000e+25 
6.850000e+04 3.442006e-19 1.000000e+25 
6.875000e+04 3.380383e-19 1.000000e+25 
6.900000e+04 3.319773e-19 1.000000e+25 
6.925000e+04 3.261037e-19 1.000000e+25 
6.950000e+04 3.203302e-19 1.000000e+25 
6.975000e+04 3.147454e-19 1.000000e+25 
7.000000e+04 3.092593e-19 1.000000e+25 
7.025000e+04 3.039619e-19 1.000000e+25 
7.050000e+04 2.987618e-19 1.000000e+25 
7.075000e+04 2.937486e-19 1.000000e+25 
7.100000e+04 2.888313e-19 1.000000e+25 
7.125000e+04 2.840978e-19 1.000000e+25 
7.150000e+04 2.794587e-19 1.000000e+25 
7.175000e+04 2.749999e-19 1.000000e+25 
7.200000e+04 2.706340e-19 1.000000e+25 
7.225000e+04 2.664446e-19 1.000000e+25 
7.250000e+04 2.623471e-19 1.000000e+25 
7.275000e+04 2.584226e-19 1.000000e+25 
7.300000e+04 2.545895e-19 1.000000e+25 
7.325000e+04 2.509264e-19 1.000000e+25 
7.350000e+04 2.473545e-19 1.000000e+25 
7.375000e+04 2.439506e-19 1.000000e+25 
7.400000e+04 2.406380e-19 1.000000e+25 
7.425000e+04 2.374920e-19 1.000000e+25 
7.450000e+04 2.344380e-19 1.000000e+25 
7.475000e+04 2.315499e-19 1.000000e+25 
7.500000e+04 2.287547e-19 1.000000e+25 
7.525000e+04 2.261255e-19 1.000000e+25 
7.550000e+04 2.235904e-19 1.000000e+25 
7.575000e+04 2.212218e-19 1.000000e+25 
7.600000e+04 2.189486e-19 1.000000e+25 
7.625000e+04 2.168429e-19 1.000000e+25 
7.650000e+04 2.148341e-19 1.000000e+25 
7.675000e+04 2.129939e-19 1.000000e+25 
7.700000e+04 2.112523e-19 1.000000e+25 
7.725000e+04 2.096806e-19 1.000000e+25 
7.750000e+04 2.082090e-19 1.000000e+25 
7.775000e+04 2.069086e-19 1.000000e+25 
7.800000e+04 2.057097e-19 1.000000e+25 
7.825000e+04 2.046833e-19 1.000000e+25 
7.850000e+04 2.037598e-19 1.000000e+25 
7.875000e+04 2.030098e-19 1.000000e+25 
7.900000e+04 2.023636e-19 1.000000e+25 
7.925000e+04 2.018917e-19 1.000000e+25 
7.950000e+04 2.015244e-19 1.000000e+25 
7.975000e+04 2.013320e-19 1.000000e+25 
8.000000e+04 2.012445e-19 1.000000e+25 
