0.000000e+00 2.428300e-17 2.538301e+24 
1.562500e+02 2.428216e-17 2.538291e+24 
3.125000e+02 2.427955e-17 2.538415e+24 
4.687500e+02 2.427521e-17 2.538540e+24 
6.250000e+02 2.426899e-17 2.538812e+24 
7.812500e+02 2.426096e-17 2.539148e+24 
9.375000e+02 2.425083e-17 2.539649e+24 
1.093750e+03 2.423879e-17 2.540303e+24 
1.250000e+03 2.422445e-17 2.541143e+24 
1.406250e+03 2.420815e-17 2.542235e+24 
1.562500e+03 2.418940e-17 2.543523e+24 
1.718750e+03 2.416872e-17 2.545157e+24 
1.875000e+03 2.414559e-17 2.546984e+24 
2.031250e+03 2.412069e-17 2.549226e+24 
2.187500e+03 2.409353e-17 2.551643e+24 
2.343750e+03 2.406487e-17 2.554516e+24 
2.500000e+03 2.403432e-17 2.557525e+24 
2.656250e+03 2.400267e-17 2.561001e+24 
2.812500e+03 2.396966e-17 2.564557e+24 
2.968750e+03 2.393603e-17 2.568562e+24 
3.125000e+03 2.390168e-17 2.572579e+24 
3.281250e+03 2.386727e-17 2.577000e+24 
3.437500e+03 2.383285e-17 2.581358e+24 
3.593750e+03 2.379892e-17 2.586060e+24 
3.750000e+03 2.376572e-17 2.590618e+24 
3.906250e+03 2.373355e-17 2.595448e+24 
4.062500e+03 2.370284e-17 2.600053e+24 
4.218750e+03 2.367367e-17 2.604853e+24 
4.375000e+03 2.364661e-17 2.609351e+24 
4.531250e+03 2.362156e-17 2.613966e+24 
4.687500e+03 2.359922e-17 2.618206e+24 
4.843750e+03 2.357928e-17 2.622490e+24 
5.000000e+03 2.356256e-17 2.626334e+24 
5.156250e+03 2.354859e-17 2.630151e+24 
5.312500e+03 2.353826e-17 2.633472e+24 
5.468750e+03 2.353098e-17 2.636704e+24 
5.625000e+03 2.352767e-17 2.639392e+24 
5.781250e+03 2.352766e-17 2.641937e+24 
5.937500e+03 2.353188e-17 2.643897e+24 
6.093750e+03 2.353961e-17 2.645667e+24 
6.250000e+03 2.355176e-17 2.646821e+24 
6.406250e+03 2.356758e-17 2.647745e+24 
6.562500e+03 2.358797e-17 2.648030e+24 
6.718750e+03 2.361219e-17 2.648052e+24 
6.875000e+03 2.364106e-17 2.647418e+24 
7.031250e+03 2.367390e-17 2.646494e+24 
7.187500e+03 2.371144e-17 2.644904e+24 
7.343750e+03 2.375310e-17 2.643001e+24 
7.500000e+03 2.379947e-17 2.640427e+24 
7.656250e+03 2.385010e-17 2.637522e+24 
7.812500e+03 2.390545e-17 2.633947e+24 
7.968750e+03 2.396522e-17 2.630025e+24 
8.125000e+03 2.402968e-17 2.625436e+24 
8.281250e+03 2.409876e-17 2.620488e+24 
8.437500e+03 2.417251e-17 2.614879e+24 
8.593750e+03 2.425108e-17 2.608899e+24 
8.750000e+03 2.433430e-17 2.602267e+24 
8.906250e+03 2.442260e-17 2.595252e+24 
9.062500e+03 2.451553e-17 2.587596e+24 
9.218750e+03 2.461383e-17 2.579544e+24 
9.375000e+03 2.471675e-17 2.570864e+24 
9.531250e+03 2.482540e-17 2.561772e+24 
9.687500e+03 2.493868e-17 2.552065e+24 
9.843750e+03 2.505809e-17 2.541930e+24 
1.000000e+04 2.518216e-17 2.531193e+24 
1.015625e+04 2.531286e-17 2.520006e+24 
1.031250e+04 2.544825e-17 2.508232e+24 
1.046875e+04 2.559085e-17 2.495984e+24 
1.062500e+04 2.573822e-17 2.483160e+24 
1.078125e+04 2.589345e-17 2.469833e+24 
1.093750e+04 2.605358e-17 2.455944e+24 
1.109375e+04 2.622233e-17 2.441517e+24 
1.125000e+04 2.639612e-17 2.426540e+24 
1.140625e+04 2.657942e-17 2.410985e+24 
1.156250e+04 2.676795e-17 2.394893e+24 
1.171875e+04 2.696700e-17 2.378179e+24 
1.187500e+04 2.717152e-17 2.360939e+24 
1.203125e+04 2.738770e-17 2.343029e+24 
1.218750e+04 2.760964e-17 2.324606e+24 
1.234375e+04 2.784453e-17 2.305461e+24 
1.250000e+04 2.808552e-17 2.285819e+24 
1.265625e+04 2.834092e-17 2.265401e+24 
1.281250e+04 2.860282e-17 2.244503e+24 
1.296875e+04 2.888073e-17 2.222777e+24 
1.312500e+04 2.916562e-17 2.200591e+24 
1.328125e+04 2.946830e-17 2.177528e+24 
1.343750e+04 2.977848e-17 2.154030e+24 
1.359375e+04 3.010843e-17 2.129611e+24 
1.375000e+04 3.044646e-17 2.104788e+24 
1.390625e+04 3.080643e-17 2.079007e+24 
1.406250e+04 3.117513e-17 2.052862e+24 
1.421875e+04 3.156816e-17 2.025730e+24 
1.437500e+04 3.197062e-17 1.998282e+24 
1.453125e+04 3.240001e-17 1.969830e+24 
1.468750e+04 3.283961e-17 1.941119e+24 
1.484375e+04 3.330899e-17 1.911400e+24 
1.500000e+04 3.378941e-17 1.881486e+24 
1.515625e+04 3.430273e-17 1.850575e+24 
1.531250e+04 3.482797e-17 1.819543e+24 
1.546875e+04 3.538952e-17 1.787536e+24 
1.562500e+04 3.596395e-17 1.755491e+24 
1.578125e+04 3.657841e-17 1.722506e+24 
1.593750e+04 3.720678e-17 1.689574e+24 
1.609375e+04 3.787927e-17 1.655749e+24 
1.625000e+04 3.856676e-17 1.622072e+24 
1.640625e+04 3.930285e-17 1.587560e+24 
1.656250e+04 4.005512e-17 1.553297e+24 
1.671875e+04 4.086089e-17 1.518266e+24 
1.687500e+04 4.168411e-17 1.483587e+24 
1.703125e+04 4.256623e-17 1.448213e+24 
1.718750e+04 4.346717e-17 1.413294e+24 
1.734375e+04 4.443293e-17 1.377759e+24 
1.750000e+04 4.541901e-17 1.342782e+24 
1.765625e+04 4.647642e-17 1.307272e+24 
1.781250e+04 4.755576e-17 1.272418e+24 
1.796875e+04 4.871361e-17 1.237115e+24 
1.812500e+04 4.989515e-17 1.202562e+24 
1.828125e+04 5.116308e-17 1.167645e+24 
1.843750e+04 5.245664e-17 1.133564e+24 
1.859375e+04 5.384524e-17 1.099202e+24 
1.875000e+04 5.526162e-17 1.065755e+24 
1.890625e+04 5.678256e-17 1.032110e+24 
1.906250e+04 5.833362e-17 9.994460e+23 
1.921875e+04 5.999971e-17 9.666610e+23 
1.937500e+04 6.169854e-17 9.349159e+23 
1.953125e+04 6.352390e-17 9.031220e+23 
1.968750e+04 6.538489e-17 8.724142e+23 
1.984375e+04 6.738506e-17 8.417242e+23 
2.000000e+04 6.942409e-17 8.121548e+23 
2.015625e+04 7.161620e-17 7.826634e+23 
2.031250e+04 7.385078e-17 7.543154e+23 
2.046875e+04 7.625374e-17 7.260983e+23 
2.062500e+04 7.870319e-17 6.990361e+23 
2.078125e+04 8.133787e-17 6.721507e+23 
2.093750e+04 8.402356e-17 6.464206e+23 
2.109375e+04 8.691298e-17 6.209059e+23 
2.125000e+04 8.985851e-17 5.965372e+23 
2.140625e+04 9.302814e-17 5.724153e+23 
2.156250e+04 9.625959e-17 5.494208e+23 
2.171875e+04 9.973755e-17 5.266981e+23 
2.187500e+04 1.032838e-16 5.050763e+23 
2.203125e+04 1.071012e-16 4.837449e+23 
2.218750e+04 1.109941e-16 4.634811e+23 
2.234375e+04 1.151853e-16 4.435205e+23 
2.250000e+04 1.194603e-16 4.245887e+23 
2.265625e+04 1.240634e-16 4.059678e+23 
2.281250e+04 1.287596e-16 3.883322e+23 
2.296875e+04 1.338168e-16 3.710107e+23 
2.312500e+04 1.389776e-16 3.546278e+23 
2.328125e+04 1.445356e-16 3.385581e+23 
2.343750e+04 1.502091e-16 3.233779e+23 
2.359375e+04 1.563199e-16 3.085070e+23 
2.375000e+04 1.625596e-16 2.944751e+23 
2.390625e+04 1.692805e-16 2.807456e+23 
2.406250e+04 1.761457e-16 2.678042e+23 
2.421875e+04 1.835405e-16 2.551566e+23 
2.437500e+04 1.910970e-16 2.432462e+23 
2.453125e+04 1.992363e-16 2.316193e+23 
2.468750e+04 2.075570e-16 2.206797e+23 
2.484375e+04 2.165188e-16 2.100124e+23 
2.500000e+04 2.256844e-16 1.999834e+23 
2.515625e+04 2.355547e-16 1.902150e+23 
2.531250e+04 2.456540e-16 1.810376e+23 
2.546875e+04 2.565275e-16 1.721088e+23 
2.562500e+04 2.676585e-16 1.637256e+23 
2.578125e+04 2.796392e-16 1.555788e+23 
2.593750e+04 2.919092e-16 1.479341e+23 
2.609375e+04 3.051108e-16 1.405136e+23 
2.625000e+04 3.186373e-16 1.335540e+23 
2.640625e+04 3.331843e-16 1.268066e+23 
2.656250e+04 3.480957e-16 1.204809e+23 
2.671875e+04 3.641235e-16 1.143557e+23 
2.687500e+04 3.805596e-16 1.086152e+23 
2.703125e+04 3.982162e-16 1.030636e+23 
2.718750e+04 4.163293e-16 9.786217e+22 
2.734375e+04 4.357756e-16 9.283803e+22 
2.750000e+04 4.557316e-16 8.813186e+22 
2.765625e+04 4.771435e-16 8.359164e+22 
2.781250e+04 4.991234e-16 7.933939e+22 
2.796875e+04 5.226939e-16 7.524190e+22 
2.812500e+04 5.468959e-16 7.140461e+22 
2.828125e+04 5.728377e-16 6.771106e+22 
2.843750e+04 5.994806e-16 6.425212e+22 
2.859375e+04 6.280307e-16 6.092603e+22 
2.875000e+04 6.573580e-16 5.781112e+22 
2.890625e+04 6.887832e-16 5.481829e+22 
2.906250e+04 7.210693e-16 5.201529e+22 
2.921875e+04 7.556739e-16 4.932374e+22 
2.937500e+04 7.912321e-16 4.680267e+22 
2.953125e+04 8.293675e-16 4.438258e+22 
2.968750e+04 8.685604e-16 4.211557e+22 
2.984375e+04 9.106375e-16 3.993929e+22 
3.000000e+04 9.538896e-16 3.790051e+22 
3.015625e+04 1.000392e-15 3.594249e+22 
3.031250e+04 1.048204e-15 3.410817e+22 
3.046875e+04 1.099704e-15 3.234502e+22 
3.062500e+04 1.152668e-15 3.069344e+22 
3.078125e+04 1.209837e-15 2.910395e+22 
3.093750e+04 1.268648e-15 2.761546e+22 
3.109375e+04 1.332270e-15 2.618070e+22 
3.125000e+04 1.397735e-15 2.483776e+22 
3.140625e+04 1.468701e-15 2.354107e+22 
3.156250e+04 1.541738e-15 2.232832e+22 
3.171875e+04 1.621038e-15 2.115533e+22 
3.187500e+04 1.702654e-15 2.005949e+22 
3.203125e+04 1.791337e-15 1.899808e+22 
3.218750e+04 1.882593e-15 1.800790e+22 
3.234375e+04 1.981712e-15 1.704801e+22 
3.250000e+04 2.083653e-15 1.615409e+22 
3.265625e+04 2.194169e-15 1.528744e+22 
3.281250e+04 2.307726e-15 1.448192e+22 
3.296875e+04 2.430378e-15 1.370171e+22 
3.312500e+04 2.556232e-15 1.297797e+22 
3.328125e+04 2.691372e-15 1.227844e+22 
3.343750e+04 2.829779e-15 1.163076e+22 
3.359375e+04 2.977164e-15 1.100686e+22 
3.375000e+04 3.127748e-15 1.043011e+22 
3.390625e+04 3.286297e-15 9.877221e+21 
3.406250e+04 3.447802e-15 9.366668e+21 
3.421875e+04 3.615324e-15 8.880405e+21 
3.437500e+04 3.785343e-15 8.431572e+21 
3.453125e+04 3.958241e-15 8.007765e+21 
3.468750e+04 4.132926e-15 7.616448e+21 
3.484375e+04 4.305900e-15 7.251189e+21 
3.500000e+04 4.479675e-15 6.913547e+21 
3.515625e+04 4.645456e-15 6.603357e+21 
3.531250e+04 4.810767e-15 6.316089e+21 
3.546875e+04 4.959936e-15 6.058165e+21 
3.562500e+04 5.107097e-15 5.818769e+21 
3.578125e+04 5.228086e-15 5.611327e+21 
3.593750e+04 5.345321e-15 5.418478e+21 
3.609375e+04 5.424744e-15 5.261231e+21 
3.625000e+04 5.498571e-15 5.115332e+21 
3.640625e+04 5.522081e-15 5.010210e+21 
3.656250e+04 5.538242e-15 4.914290e+21 
3.671875e+04 5.492176e-15 4.866595e+21 
3.687500e+04 5.437348e-15 4.827826e+21 
3.703125e+04 5.311400e-15 4.848193e+21 
3.718750e+04 5.175937e-15 4.880594e+21 
3.734375e+04 4.966986e-15 4.988385e+21 
3.750000e+04 4.748813e-15 5.117663e+21 
3.765625e+04 4.465674e-15 5.346659e+21 
3.781250e+04 4.175140e-15 5.618416e+21 
3.796875e+04 3.843227e-15 6.024778e+21 
3.812500e+04 3.508025e-15 6.514834e+21 
3.828125e+04 3.171455e-15 7.179632e+21 
3.843750e+04 2.839047e-15 7.988182e+21 
3.859375e+04 2.555019e-15 8.976448e+21 
3.875000e+04 2.285704e-15 1.013609e+22 
3.890625e+04 2.102883e-15 1.134995e+22 
3.906250e+04 1.941569e-15 1.263260e+22 
3.921875e+04 1.865096e-15 1.375741e+22 
3.937500e+04 1.804142e-15 1.482890e+22 
3.953125e+04 1.793575e-15 1.566958e+22 
3.968750e+04 1.785834e-15 1.648431e+22 
3.984375e+04 1.789413e-15 1.685493e+22 
4.000000e+04 1.793443e-15 1.722411e+22 
4.015625e+04 1.789413e-15 1.685493e+22 
4.031250e+04 1.785834e-15 1.648431e+22 
4.046875e+04 1.793575e-15 1.566958e+22 
4.062500e+04 1.804142e-15 1.482890e+22 
4.078125e+04 1.865096e-15 1.375741e+22 
4.093750e+04 1.941569e-15 1.263260e+22 
4.109375e+04 2.102883e-15 1.134995e+22 
4.125000e+04 2.285704e-15 1.013609e+22 
4.140625e+04 2.555019e-15 8.976448e+21 
4.156250e+04 2.839047e-15 7.988182e+21 
4.171875e+04 3.171455e-15 7.179632e+21 
4.187500e+04 3.508025e-15 6.514834e+21 
4.203125e+04 3.843227e-15 6.024778e+21 
4.218750e+04 4.175140e-15 5.618416e+21 
4.234375e+04 4.465674e-15 5.346659e+21 
4.250000e+04 4.748813e-15 5.117663e+21 
4.265625e+04 4.966986e-15 4.988385e+21 
4.281250e+04 5.175937e-15 4.880594e+21 
4.296875e+04 5.311400e-15 4.848193e+21 
4.312500e+04 5.437348e-15 4.827826e+21 
4.328125e+04 5.492176e-15 4.866595e+21 
4.343750e+04 5.538242e-15 4.914290e+21 
4.359375e+04 5.522081e-15 5.010210e+21 
4.375000e+04 5.498571e-15 5.115332e+21 
4.390625e+04 5.424744e-15 5.261231e+21 
4.406250e+04 5.345321e-15 5.418478e+21 
4.421875e+04 5.228086e-15 5.611327e+21 
4.437500e+04 5.107097e-15 5.818769e+21 
4.453125e+04 4.959936e-15 6.058165e+21 
4.468750e+04 4.810767e-15 6.316089e+21 
4.484375e+04 4.645456e-15 6.603357e+21 
4.500000e+04 4.479675e-15 6.913547e+21 
4.515625e+04 4.305900e-15 7.251189e+21 
4.531250e+04 4.132926e-15 7.616448e+21 
4.546875e+04 3.958241e-15 8.007765e+21 
4.562500e+04 3.785343e-15 8.431572e+21 
4.578125e+04 3.615324e-15 8.880405e+21 
4.593750e+04 3.447802e-15 9.366668e+21 
4.609375e+04 3.286297e-15 9.877221e+21 
4.625000e+04 3.127748e-15 1.043011e+22 
4.640625e+04 2.977164e-15 1.100686e+22 
4.656250e+04 2.829779e-15 1.163076e+22 
4.671875e+04 2.691372e-15 1.227844e+22 
4.687500e+04 2.556232e-15 1.297797e+22 
4.703125e+04 2.430378e-15 1.370171e+22 
4.718750e+04 2.307726e-15 1.448192e+22 
4.734375e+04 2.194169e-15 1.528744e+22 
4.750000e+04 2.083653e-15 1.615409e+22 
4.765625e+04 1.981712e-15 1.704801e+22 
4.781250e+04 1.882593e-15 1.800790e+22 
4.796875e+04 1.791337e-15 1.899808e+22 
4.812500e+04 1.702654e-15 2.005949e+22 
4.828125e+04 1.621038e-15 2.115533e+22 
4.843750e+04 1.541738e-15 2.232832e+22 
4.859375e+04 1.468701e-15 2.354107e+22 
4.875000e+04 1.397735e-15 2.483776e+22 
4.890625e+04 1.332270e-15 2.618070e+22 
4.906250e+04 1.268648e-15 2.761546e+22 
4.921875e+04 1.209837e-15 2.910395e+22 
4.937500e+04 1.152668e-15 3.069344e+22 
4.953125e+04 1.099704e-15 3.234502e+22 
4.968750e+04 1.048204e-15 3.410817e+22 
4.984375e+04 1.000392e-15 3.594249e+22 
5.000000e+04 9.538896e-16 3.790051e+22 
5.015625e+04 9.106375e-16 3.993929e+22 
5.031250e+04 8.685604e-16 4.211557e+22 
5.046875e+04 8.293675e-16 4.438258e+22 
5.062500e+04 7.912321e-16 4.680267e+22 
5.078125e+04 7.556739e-16 4.932374e+22 
5.093750e+04 7.210693e-16 5.201529e+22 
5.109375e+04 6.887832e-16 5.481829e+22 
5.125000e+04 6.573580e-16 5.781112e+22 
5.140625e+04 6.280307e-16 6.092603e+22 
5.156250e+04 5.994806e-16 6.425212e+22 
5.171875e+04 5.728377e-16 6.771106e+22 
5.187500e+04 5.468959e-16 7.140461e+22 
5.203125e+04 5.226939e-16 7.524190e+22 
5.218750e+04 4.991234e-16 7.933939e+22 
5.234375e+04 4.771435e-16 8.359164e+22 
5.250000e+04 4.557316e-16 8.813186e+22 
5.265625e+04 4.357756e-16 9.283803e+22 
5.281250e+04 4.163293e-16 9.786217e+22 
5.296875e+04 3.982162e-16 1.030636e+23 
5.312500e+04 3.805596e-16 1.086152e+23 
5.328125e+04 3.641235e-16 1.143557e+23 
5.343750e+04 3.480957e-16 1.204809e+23 
5.359375e+04 3.331843e-16 1.268066e+23 
5.375000e+04 3.186373e-16 1.335540e+23 
5.390625e+04 3.051108e-16 1.405136e+23 
5.406250e+04 2.919092e-16 1.479341e+23 
5.421875e+04 2.796392e-16 1.555788e+23 
5.437500e+04 2.676585e-16 1.637256e+23 
5.453125e+04 2.565275e-16 1.721088e+23 
5.468750e+04 2.456540e-16 1.810376e+23 
5.484375e+04 2.355547e-16 1.902150e+23 
5.500000e+04 2.256844e-16 1.999834e+23 
5.515625e+04 2.165188e-16 2.100124e+23 
5.531250e+04 2.075570e-16 2.206797e+23 
5.546875e+04 1.992363e-16 2.316193e+23 
5.562500e+04 1.910970e-16 2.432462e+23 
5.578125e+04 1.835405e-16 2.551566e+23 
5.593750e+04 1.761457e-16 2.678042e+23 
5.609375e+04 1.692805e-16 2.807456e+23 
5.625000e+04 1.625596e-16 2.944751e+23 
5.640625e+04 1.563199e-16 3.085070e+23 
5.656250e+04 1.502091e-16 3.233779e+23 
5.671875e+04 1.445356e-16 3.385581e+23 
5.687500e+04 1.389776e-16 3.546278e+23 
5.703125e+04 1.338168e-16 3.710107e+23 
5.718750e+04 1.287596e-16 3.883322e+23 
5.734375e+04 1.240634e-16 4.059678e+23 
5.750000e+04 1.194603e-16 4.245887e+23 
5.765625e+04 1.151853e-16 4.435205e+23 
5.781250e+04 1.109941e-16 4.634811e+23 
5.796875e+04 1.071012e-16 4.837449e+23 
5.812500e+04 1.032838e-16 5.050763e+23 
5.828125e+04 9.973755e-17 5.266981e+23 
5.843750e+04 9.625959e-17 5.494208e+23 
5.859375e+04 9.302814e-17 5.724153e+23 
5.875000e+04 8.985851e-17 5.965372e+23 
5.890625e+04 8.691298e-17 6.209059e+23 
5.906250e+04 8.402356e-17 6.464206e+23 
5.921875e+04 8.133787e-17 6.721507e+23 
5.937500e+04 7.870319e-17 6.990361e+23 
5.953125e+04 7.625374e-17 7.260983e+23 
5.968750e+04 7.385078e-17 7.543154e+23 
5.984375e+04 7.161620e-17 7.826634e+23 
6.000000e+04 6.942409e-17 8.121548e+23 
6.015625e+04 6.738506e-17 8.417242e+23 
6.031250e+04 6.538489e-17 8.724142e+23 
6.046875e+04 6.352390e-17 9.031220e+23 
6.062500e+04 6.169854e-17 9.349159e+23 
6.078125e+04 5.999971e-17 9.666610e+23 
6.093750e+04 5.833362e-17 9.994460e+23 
6.109375e+04 5.678256e-17 1.032110e+24 
6.125000e+04 5.526162e-17 1.065755e+24 
6.140625e+04 5.384524e-17 1.099202e+24 
6.156250e+04 5.245664e-17 1.133564e+24 
6.171875e+04 5.116308e-17 1.167645e+24 
6.187500e+04 4.989515e-17 1.202562e+24 
6.203125e+04 4.871361e-17 1.237115e+24 
6.218750e+04 4.755576e-17 1.272418e+24 
6.234375e+04 4.647642e-17 1.307272e+24 
6.250000e+04 4.541901e-17 1.342782e+24 
6.265625e+04 4.443293e-17 1.377759e+24 
6.281250e+04 4.346717e-17 1.413294e+24 
6.296875e+04 4.256623e-17 1.448213e+24 
6.312500e+04 4.168411e-17 1.483587e+24 
6.328125e+04 4.086089e-17 1.518266e+24 
6.343750e+04 4.005512e-17 1.553297e+24 
6.359375e+04 3.930285e-17 1.587560e+24 
6.375000e+04 3.856676e-17 1.622072e+24 
6.390625e+04 3.787927e-17 1.655749e+24 
6.406250e+04 3.720678e-17 1.689574e+24 
6.421875e+04 3.657841e-17 1.722506e+24 
6.437500e+04 3.596395e-17 1.755491e+24 
6.453125e+04 3.538952e-17 1.787536e+24 
6.468750e+04 3.482797e-17 1.819543e+24 
6.484375e+04 3.430273e-17 1.850575e+24 
6.500000e+04 3.378941e-17 1.881486e+24 
6.515625e+04 3.330899e-17 1.911400e+24 
6.531250e+04 3.283961e-17 1.941119e+24 
6.546875e+04 3.240001e-17 1.969830e+24 
6.562500e+04 3.197062e-17 1.998282e+24 
6.578125e+04 3.156816e-17 2.025730e+24 
6.593750e+04 3.117513e-17 2.052862e+24 
6.609375e+04 3.080643e-17 2.079007e+24 
6.625000e+04 3.044646e-17 2.104788e+24 
6.640625e+04 3.010843e-17 2.129611e+24 
6.656250e+04 2.977848e-17 2.154030e+24 
6.671875e+04 2.946830e-17 2.177528e+24 
6.687500e+04 2.916562e-17 2.200591e+24 
6.703125e+04 2.888073e-17 2.222777e+24 
6.718750e+04 2.860282e-17 2.244503e+24 
6.734375e+04 2.834092e-17 2.265401e+24 
6.750000e+04 2.808552e-17 2.285819e+24 
6.765625e+04 2.784453e-17 2.305461e+24 
6.781250e+04 2.760964e-17 2.324606e+24 
6.796875e+04 2.738770e-17 2.343029e+24 
6.812500e+04 2.717152e-17 2.360939e+24 
6.828125e+04 2.696700e-17 2.378179e+24 
6.843750e+04 2.676795e-17 2.394893e+24 
6.859375e+04 2.657942e-17 2.410985e+24 
6.875000e+04 2.639612e-17 2.426540e+24 
6.890625e+04 2.622233e-17 2.441517e+24 
6.906250e+04 2.605358e-17 2.455944e+24 
6.921875e+04 2.589345e-17 2.469833e+24 
6.937500e+04 2.573822e-17 2.483160e+24 
6.953125e+04 2.559085e-17 2.495984e+24 
6.968750e+04 2.544825e-17 2.508232e+24 
6.984375e+04 2.531286e-17 2.520006e+24 
7.000000e+04 2.518216e-17 2.531193e+24 
7.015625e+04 2.505809e-17 2.541930e+24 
7.031250e+04 2.493868e-17 2.552065e+24 
7.046875e+04 2.482540e-17 2.561772e+24 
7.062500e+04 2.471675e-17 2.570864e+24 
7.078125e+04 2.461383e-17 2.579544e+24 
7.093750e+04 2.451553e-17 2.587596e+24 
7.109375e+04 2.442260e-17 2.595252e+24 
7.125000e+04 2.433430e-17 2.602267e+24 
7.140625e+04 2.425108e-17 2.608899e+24 
7.156250e+04 2.417251e-17 2.614879e+24 
7.171875e+04 2.409876e-17 2.620488e+24 
7.187500e+04 2.402968e-17 2.625436e+24 
7.203125e+04 2.396522e-17 2.630025e+24 
7.218750e+04 2.390545e-17 2.633947e+24 
7.234375e+04 2.385010e-17 2.637522e+24 
7.250000e+04 2.379947e-17 2.640427e+24 
7.265625e+04 2.375310e-17 2.643001e+24 
7.281250e+04 2.371144e-17 2.644904e+24 
7.296875e+04 2.367390e-17 2.646494e+24 
7.312500e+04 2.364106e-17 2.647418e+24 
7.328125e+04 2.361219e-17 2.648052e+24 
7.343750e+04 2.358797e-17 2.648030e+24 
7.359375e+04 2.356758e-17 2.647745e+24 
7.375000e+04 2.355176e-17 2.646821e+24 
7.390625e+04 2.353961e-17 2.645667e+24 
7.406250e+04 2.353188e-17 2.643897e+24 
7.421875e+04 2.352766e-17 2.641937e+24 
7.437500e+04 2.352767e-17 2.639392e+24 
7.453125e+04 2.353098e-17 2.636704e+24 
7.468750e+04 2.353826e-17 2.633472e+24 
7.484375e+04 2.354859e-17 2.630151e+24 
7.500000e+04 2.356256e-17 2.626334e+24 
7.515625e+04 2.357928e-17 2.622490e+24 
7.531250e+04 2.359922e-17 2.618206e+24 
7.546875e+04 2.362156e-17 2.613966e+24 
7.562500e+04 2.364661e-17 2.609351e+24 
7.578125e+04 2.367367e-17 2.604853e+24 
7.593750e+04 2.370284e-17 2.600053e+24 
7.609375e+04 2.373355e-17 2.595448e+24 
7.625000e+04 2.376572e-17 2.590618e+24 
7.640625e+04 2.379892e-17 2.586060e+24 
7.656250e+04 2.383285e-17 2.581358e+24 
7.671875e+04 2.386727e-17 2.577000e+24 
7.687500e+04 2.390168e-17 2.572579e+24 
7.703125e+04 2.393603e-17 2.568562e+24 
7.718750e+04 2.396966e-17 2.564557e+24 
7.734375e+04 2.400267e-17 2.561001e+24 
7.750000e+04 2.403432e-17 2.557525e+24 
7.765625e+04 2.406487e-17 2.554516e+24 
7.781250e+04 2.409353e-17 2.551643e+24 
7.796875e+04 2.412069e-17 2.549226e+24 
7.812500e+04 2.414559e-17 2.546984e+24 
7.828125e+04 2.416872e-17 2.545157e+24 
7.843750e+04 2.418940e-17 2.543523e+24 
7.859375e+04 2.420815e-17 2.542235e+24 
7.875000e+04 2.422445e-17 2.541143e+24 
7.890625e+04 2.423879e-17 2.540303e+24 
7.906250e+04 2.425083e-17 2.539649e+24 
7.921875e+04 2.426096e-17 2.539148e+24 
7.937500e+04 2.426899e-17 2.538812e+24 
7.953125e+04 2.427521e-17 2.538540e+24 
7.968750e+04 2.427955e-17 2.538415e+24 
7.984375e+04 2.428216e-17 2.538291e+24 
8.000000e+04 2.428300e-17 2.538301e+24 
