0.000000e+00 2.182703e-19 1.000000e+25 
6.250000e+02 2.188697e-19 1.000000e+25 
1.250000e+03 2.201816e-19 1.000000e+25 
1.875000e+03 2.226861e-19 1.000000e+25 
2.500000e+03 2.258888e-19 1.000000e+25 
3.125000e+03 2.302686e-19 1.000000e+25 
3.750000e+03 2.353235e-19 1.000000e+25 
4.375000e+03 2.415406e-19 1.000000e+25 
5.000000e+03 2.484088e-19 1.000000e+25 
5.625000e+03 2.564356e-19 1.000000e+25 
6.250000e+03 2.650973e-19 1.000000e+25 
6.875000e+03 2.749298e-19 1.000000e+25 
7.500000e+03 2.853920e-19 1.000000e+25 
8.125000e+03 2.970333e-19 1.000000e+25 
8.750000e+03 3.093041e-19 1.000000e+25 
9.375000e+03 3.227337e-19 1.000000e+25 
1.000000e+04 3.367924e-19 1.000000e+25 
1.062500e+04 3.519546e-19 1.000000e+25 
1.125000e+04 3.677495e-19 1.000000e+25 
1.187500e+04 3.847262e-19 1.000000e+25 
1.250000e+04 4.024188e-19 1.000000e+25 
1.312500e+04 4.215678e-19 1.000000e+25 
1.375000e+04 4.415736e-19 1.000000e+25 
1.437500e+04 4.633472e-19 1.000000e+25 
1.500000e+04 4.860946e-19 1.000000e+25 
1.562500e+04 5.107589e-19 1.000000e+25 
1.625000e+04 5.364457e-19 1.000000e+25 
1.687500e+04 5.639375e-19 1.000000e+25 
1.750000e+04 5.924611e-19 1.000000e+25 
1.812500e+04 6.227842e-19 1.000000e+25 
1.875000e+04 6.542885e-19 1.000000e+25 
1.937500e+04 6.880959e-19 1.000000e+25 
2.000000e+04 7.233302e-19 1.000000e+25 
2.062500e+04 7.612764e-19 1.000000e+25 
2.125000e+04 8.006983e-19 1.000000e+25 
2.187500e+04 8.439361e-19 1.000000e+25 
2.250000e+04 8.893247e-19 1.000000e+25 
2.312500e+04 9.414081e-19 1.000000e+25 
2.375000e+04 9.967262e-19 1.000000e+25 
2.437500e+04 1.062521e-18 1.000000e+25 
2.500000e+04 1.132518e-18 1.000000e+25 
2.562500e+04 1.213401e-18 1.000000e+25 
2.625000e+04 1.297604e-18 1.000000e+25 
2.687500e+04 1.386876e-18 1.000000e+25 
2.750000e+04 1.479856e-18 1.000000e+25 
2.812500e+04 1.569095e-18 1.000000e+25 
2.875000e+04 1.658826e-18 1.000000e+25 
2.937500e+04 1.726700e-18 1.000000e+25 
3.000000e+04 1.788450e-18 1.000000e+25 
3.062500e+04 1.922332e-18 1.000000e+25 
3.125000e+04 2.068160e-18 1.000000e+25 
3.187500e+04 2.153476e-18 1.000000e+25 
3.250000e+04 2.429066e-18 1.000000e+25 
3.312500e+04 4.008223e-17 9.357294e+23 
3.375000e+04 5.814446e-17 5.879091e+23 
3.437500e+04 8.915044e-16 3.930827e+22 
3.500000e+04 2.314912e-15 1.457349e+22 
3.562500e+04 7.349167e-15 4.502100e+21 
3.625000e+04 1.394250e-14 2.313713e+21 
3.687500e+04 1.437850e-14 2.106923e+21 
3.750000e+04 1.016308e-14 2.797620e+21 
3.812500e+04 3.842658e-15 7.082264e+21 
3.875000e+04 3.107107e-16 8.193196e+22 
3.937500e+04 2.328554e-16 1.248160e+23 
4.000000e+04 4.925435e-17 6.036627e+23 
4.062500e+04 2.328554e-16 1.248160e+23 
4.125000e+04 3.107107e-16 8.193196e+22 
4.187500e+04 3.842658e-15 7.082264e+21 
4.250000e+04 1.016308e-14 2.797620e+21 
4.312500e+04 1.437850e-14 2.106923e+21 
4.375000e+04 1.394250e-14 2.313713e+21 
4.437500e+04 7.349167e-15 4.502100e+21 
4.500000e+04 2.314912e-15 1.457349e+22 
4.562500e+04 8.915044e-16 3.930827e+22 
4.625000e+04 5.814446e-17 5.879091e+23 
4.687500e+04 4.008223e-17 9.357294e+23 
4.750000e+04 2.429066e-18 1.000000e+25 
4.812500e+04 2.153476e-18 1.000000e+25 
4.875000e+04 2.068160e-18 1.000000e+25 
4.937500e+04 1.922332e-18 1.000000e+25 
5.000000e+04 1.788450e-18 1.000000e+25 
5.062500e+04 1.726700e-18 1.000000e+25 
5.125000e+04 1.658826e-18 1.000000e+25 
5.187500e+04 1.569095e-18 1.000000e+25 
5.250000e+04 1.479856e-18 1.000000e+25 
5.312500e+04 1.386876e-18 1.000000e+25 
5.375000e+04 1.297604e-18 1.000000e+25 
5.437500e+04 1.213401e-18 1.000000e+25 
5.500000e+04 1.132518e-18 1.000000e+25 
5.562500e+04 1.062521e-18 1.000000e+25 
5.625000e+04 9.967262e-19 1.000000e+25 
5.687500e+04 9.414081e-19 1.000000e+25 
5.750000e+04 8.893247e-19 1.000000e+25 
5.812500e+04 8.439361e-19 1.000000e+25 
5.875000e+04 8.006983e-19 1.000000e+25 
5.937500e+04 7.612764e-19 1.000000e+25 
6.000000e+04 7.233302e-19 1.000000e+25 
6.062500e+04 6.880959e-19 1.000000e+25 
6.125000e+04 6.542885e-19 1.000000e+25 
6.187500e+04 6.227842e-19 1.000000e+25 
6.250000e+04 5.924611e-19 1.000000e+25 
6.312500e+04 5.639375e-19 1.000000e+25 
6.375000e+04 5.364457e-19 1.000000e+25 
6.437500e+04 5.107589e-19 1.000000e+25 
6.500000e+04 4.860946e-19 1.000000e+25 
6.562500e+04 4.633472e-19 1.000000e+25 
6.625000e+04 4.415736e-19 1.000000e+25 
6.687500e+04 4.215678e-19 1.000000e+25 
6.750000e+04 4.024188e-19 1.000000e+25 
6.812500e+04 3.847262e-19 1.000000e+25 
6.875000e+04 3.677495e-19 1.000000e+25 
6.937500e+04 3.519546e-19 1.000000e+25 
7.000000e+04 3.367924e-19 1.000000e+25 
7.062500e+04 3.227337e-19 1.000000e+25 
7.125000e+04 3.093041e-19 1.000000e+25 
7.187500e+04 2.970333e-19 1.000000e+25 
7.250000e+04 2.853920e-19 1.000000e+25 
7.312500e+04 2.749298e-19 1.000000e+25 
7.375000e+04 2.650973e-19 1.000000e+25 
7.437500e+04 2.564356e-19 1.000000e+25 
7.500000e+04 2.484088e-19 1.000000e+25 
7.562500e+04 2.415406e-19 1.000000e+25 
7.625000e+04 2.353235e-19 1.000000e+25 
7.687500e+04 2.302686e-19 1.000000e+25 
7.750000e+04 2.258888e-19 1.000000e+25 
7.812500e+04 2.226861e-19 1.000000e+25 
7.875000e+04 2.201816e-19 1.000000e+25 
7.937500e+04 2.188697e-19 1.000000e+25 
8.000000e+04 2.182703e-19 1.000000e+25 
