0.000000e+00 8.122210e-20 1.000000e+25 
2.083333e+02 8.124482e-20 1.000000e+25 
4.166667e+02 8.129497e-20 1.000000e+25 
6.250000e+02 8.139052e-20 1.000000e+25 
8.333333e+02 8.151343e-20 1.000000e+25 
1.041667e+03 8.168162e-20 1.000000e+25 
1.250000e+03 8.187705e-20 1.000000e+25 
1.458333e+03 8.211757e-20 1.000000e+25 
1.666667e+03 8.238515e-20 1.000000e+25 
1.875000e+03 8.269754e-20 1.000000e+25 
2.083333e+03 8.303679e-20 1.000000e+25 
2.291667e+03 8.342051e-20 1.000000e+25 
2.500000e+03 8.383082e-20 1.000000e+25 
2.708333e+03 8.428523e-20 1.000000e+25 
2.916667e+03 8.476595e-20 1.000000e+25 
3.125000e+03 8.529034e-20 1.000000e+25 
3.333333e+03 8.584076e-20 1.000000e+25 
3.541667e+03 8.643439e-20 1.000000e+25 
3.750000e+03 8.705374e-20 1.000000e+25 
3.958333e+03 8.771586e-20 1.000000e+25 
4.166667e+03 8.840342e-20 1.000000e+25 
4.375000e+03 8.913327e-20 1.000000e+25 
4.583333e+03 8.988831e-20 1.000000e+25 
4.791667e+03 9.068520e-20 1.000000e+25 
5.000000e+03 9.150704e-20 1.000000e+25 
5.208333e+03 9.237033e-20 1.000000e+25 
5.416667e+03 9.325838e-20 1.000000e+25 
5.625000e+03 9.418750e-20 1.000000e+25 
5.833333e+03 9.514126e-20 1.000000e+25 
6.041667e+03 9.613576e-20 1.000000e+25 
6.250000e+03 9.715485e-20 1.000000e+25 
6.458333e+03 9.821439e-20 1.000000e+25 
6.666667e+03 9.929856e-20 1.000000e+25 
6.875000e+03 1.004230e-19 1.000000e+25 
7.083333e+03 1.015721e-19 1.000000e+25 
7.291667e+03 1.027613e-19 1.000000e+25 
7.500000e+03 1.039754e-19 1.000000e+25 
7.708333e+03 1.052295e-19 1.000000e+25 
7.916667e+03 1.065089e-19 1.000000e+25 
8.125000e+03 1.078281e-19 1.000000e+25 
8.333333e+03 1.091730e-19 1.000000e+25 
8.541667e+03 1.105578e-19 1.000000e+25 
8.750000e+03 1.119689e-19 1.000000e+25 
8.958333e+03 1.134197e-19 1.000000e+25 
9.166667e+03 1.148975e-19 1.000000e+25 
9.375000e+03 1.164150e-19 1.000000e+25 
9.583333e+03 1.179604e-19 1.000000e+25 
9.791667e+03 1.195454e-19 1.000000e+25 
1.000000e+04 1.211592e-19 1.000000e+25 
1.020833e+04 1.228124e-19 1.000000e+25 
1.041667e+04 1.244956e-19 1.000000e+25 
1.062500e+04 1.262180e-19 1.000000e+25 
1.083333e+04 1.279714e-19 1.000000e+25 
1.104167e+04 1.297637e-19 1.000000e+25 
1.125000e+04 1.315884e-19 1.000000e+25 
1.145833e+04 1.334513e-19 1.000000e+25 
1.166667e+04 1.353480e-19 1.000000e+25 
1.187500e+04 1.372821e-19 1.000000e+25 
1.208333e+04 1.392515e-19 1.000000e+25 
1.229167e+04 1.412571e-19 1.000000e+25 
1.250000e+04 1.432998e-19 1.000000e+25 
1.270833e+04 1.453770e-19 1.000000e+25 
1.291667e+04 1.474930e-19 1.000000e+25 
1.312500e+04 1.496418e-19 1.000000e+25 
1.333333e+04 1.518310e-19 1.000000e+25 
1.354167e+04 1.540509e-19 1.000000e+25 
1.375000e+04 1.563130e-19 1.000000e+25 
1.395833e+04 1.586033e-19 1.000000e+25 
1.416667e+04 1.609378e-19 1.000000e+25 
1.437500e+04 1.632979e-19 1.000000e+25 
1.458333e+04 1.657041e-19 1.000000e+25 
1.479167e+04 1.681338e-19 1.000000e+25 
1.500000e+04 1.706116e-19 1.000000e+25 
1.520833e+04 1.731113e-19 1.000000e+25 
1.541667e+04 1.756614e-19 1.000000e+25 
1.562500e+04 1.782330e-19 1.000000e+25 
1.583333e+04 1.808576e-19 1.000000e+25 
1.604167e+04 1.835054e-19 1.000000e+25 
1.625000e+04 1.862095e-19 1.000000e+25 
1.645833e+04 1.889412e-19 1.000000e+25 
1.666667e+04 1.917331e-19 1.000000e+25 
1.687500e+04 1.945611e-19 1.000000e+25 
1.708333e+04 1.974541e-19 1.000000e+25 
1.729167e+04 2.003965e-19 1.000000e+25 
1.750000e+04 2.034098e-19 1.000000e+25 
1.770833e+04 2.064908e-19 1.000000e+25 
1.791667e+04 2.096501e-19 1.000000e+25 
1.812500e+04 2.129006e-19 1.000000e+25 
1.833333e+04 2.162376e-19 1.000000e+25 
1.854167e+04 2.196939e-19 1.000000e+25 
1.875000e+04 2.232455e-19 1.000000e+25 
1.895833e+04 2.269473e-19 1.000000e+25 
1.916667e+04 2.307531e-19 1.000000e+25 
1.937500e+04 2.347401e-19 1.000000e+25 
1.958333e+04 2.388392e-19 1.000000e+25 
1.979167e+04 2.431472e-19 1.000000e+25 
2.000000e+04 2.475735e-19 1.000000e+25 
2.020833e+04 2.522307e-19 1.000000e+25 
2.041667e+04 2.570101e-19 1.000000e+25 
2.062500e+04 2.620347e-19 1.000000e+25 
2.083333e+04 2.671827e-19 1.000000e+25 
2.104167e+04 2.725788e-19 1.000000e+25 
2.125000e+04 2.780942e-19 1.000000e+25 
2.145833e+04 2.838710e-19 1.000000e+25 
2.166667e+04 2.897790e-19 1.000000e+25 
2.187500e+04 2.958836e-19 1.000000e+25 
2.208333e+04 3.020541e-19 1.000000e+25 
2.229167e+04 3.085117e-19 1.000000e+25 
2.250000e+04 3.151773e-19 1.000000e+25 
2.270833e+04 3.219602e-19 1.000000e+25 
2.291667e+04 3.287072e-19 1.000000e+25 
2.312500e+04 3.353588e-19 1.000000e+25 
2.333333e+04 3.419613e-19 1.000000e+25 
2.354167e+04 3.497806e-19 1.000000e+25 
2.375000e+04 3.583566e-19 1.000000e+25 
2.395833e+04 3.663034e-19 1.000000e+25 
2.416667e+04 3.711282e-19 1.000000e+25 
2.437500e+04 3.636667e-19 1.000000e+25 
2.458333e+04 3.673213e-19 1.000000e+25 
2.479167e+04 4.274156e-19 1.000000e+25 
2.500000e+04 5.266182e-19 9.496151e+24 
2.520833e+04 6.615650e-19 7.559757e+24 
2.541667e+04 8.232515e-19 6.073580e+24 
2.562500e+04 1.046543e-18 4.778623e+24 
2.583333e+04 1.321713e-18 3.783154e+24 
2.604167e+04 1.706341e-18 2.930982e+24 
2.625000e+04 2.172129e-18 2.302007e+24 
2.645833e+04 2.822175e-18 1.772120e+24 
2.666667e+04 3.602524e-18 1.387975e+24 
2.687500e+04 4.697009e-18 1.064760e+24 
2.708333e+04 6.006289e-18 8.324962e+23 
2.729167e+04 7.857389e-18 6.364947e+23 
2.750000e+04 1.006568e-17 4.967602e+23 
2.770833e+04 1.320814e-17 3.786440e+23 
2.791667e+04 1.694645e-17 2.950629e+23 
2.812500e+04 2.228729e-17 2.243969e+23 
2.833333e+04 2.862165e-17 1.747056e+23 
2.854167e+04 3.767682e-17 1.327412e+23 
2.875000e+04 4.837639e-17 1.033674e+23 
2.895833e+04 6.362420e-17 7.860895e+22 
2.916667e+04 8.155809e-17 6.131649e+22 
2.937500e+04 1.069660e-16 4.676034e+22 
2.958333e+04 1.366919e-16 3.658880e+22 
2.979167e+04 1.784841e-16 2.802702e+22 
3.000000e+04 2.270933e-16 2.202744e+22 
3.020833e+04 2.947855e-16 1.697314e+22 
3.041667e+04 3.729998e-16 1.341485e+22 
3.062500e+04 4.805871e-16 1.041473e+22 
3.083333e+04 6.039264e-16 8.289153e+21 
3.104167e+04 7.708381e-16 6.496804e+21 
3.125000e+04 9.603590e-16 5.216382e+21 
3.145833e+04 1.211381e-15 4.137670e+21 
3.166667e+04 1.493055e-15 3.358834e+21 
3.187500e+04 1.855941e-15 2.704107e+21 
3.208333e+04 2.257297e-15 2.225037e+21 
3.229167e+04 2.756507e-15 1.823906e+21 
3.250000e+04 3.299046e-15 1.525589e+21 
3.270833e+04 3.944577e-15 1.277565e+21 
3.291667e+04 4.631387e-15 1.089590e+21 
3.312500e+04 5.403672e-15 9.352960e+20 
3.333333e+04 6.204153e-15 8.159116e+20 
3.354167e+04 7.039439e-15 7.202836e+20 
3.375000e+04 7.876543e-15 6.447959e+20 
3.395833e+04 8.660213e-15 5.873543e+20 
3.416667e+04 9.407799e-15 5.414735e+20 
3.437500e+04 9.983282e-15 5.108399e+20 
3.458333e+04 1.048011e-14 4.870936e+20 
3.479167e+04 1.067846e-14 4.782357e+20 
3.500000e+04 1.076246e-14 4.745776e+20 
3.520833e+04 1.045546e-14 4.882221e+20 
3.541667e+04 1.002103e-14 5.089510e+20 
3.562500e+04 9.195067e-15 5.537713e+20 
3.583333e+04 8.267842e-15 6.147536e+20 
3.604167e+04 7.092097e-15 7.150094e+20 
3.625000e+04 5.882916e-15 8.599182e+20 
3.645833e+04 4.732318e-15 1.066589e+21 
3.666667e+04 3.636703e-15 1.384875e+21 
3.687500e+04 2.900471e-15 1.734006e+21 
3.708333e+04 2.278946e-15 2.204004e+21 
3.729167e+04 1.960638e-15 2.560252e+21 
3.750000e+04 1.713996e-15 2.927158e+21 
3.770833e+04 1.558318e-15 3.218598e+21 
3.791667e+04 1.412406e-15 3.550061e+21 
3.812500e+04 1.300919e-15 3.853443e+21 
3.833333e+04 1.193150e-15 4.200586e+21 
3.854167e+04 1.110564e-15 4.512218e+21 
3.875000e+04 1.035110e-15 4.840399e+21 
3.895833e+04 9.784949e-16 5.119894e+21 
3.916667e+04 9.274450e-16 5.401151e+21 
3.937500e+04 8.934712e-16 5.606158e+21 
3.958333e+04 8.648263e-16 5.791502e+21 
3.979167e+04 8.519006e-16 5.879237e+21 
4.000000e+04 8.440795e-16 5.933607e+21 
4.020833e+04 8.519006e-16 5.879237e+21 
4.041667e+04 8.648263e-16 5.791502e+21 
4.062500e+04 8.934712e-16 5.606158e+21 
4.083333e+04 9.274450e-16 5.401151e+21 
4.104167e+04 9.784949e-16 5.119894e+21 
4.125000e+04 1.035110e-15 4.840399e+21 
4.145833e+04 1.110564e-15 4.512218e+21 
4.166667e+04 1.193150e-15 4.200586e+21 
4.187500e+04 1.300919e-15 3.853443e+21 
4.208333e+04 1.412406e-15 3.550061e+21 
4.229167e+04 1.558318e-15 3.218598e+21 
4.250000e+04 1.713996e-15 2.927158e+21 
4.270833e+04 1.960638e-15 2.560252e+21 
4.291667e+04 2.278946e-15 2.204004e+21 
4.312500e+04 2.900471e-15 1.734006e+21 
4.333333e+04 3.636703e-15 1.384875e+21 
4.354167e+04 4.732318e-15 1.066589e+21 
4.375000e+04 5.882916e-15 8.599182e+20 
4.395833e+04 7.092097e-15 7.150094e+20 
4.416667e+04 8.267842e-15 6.147536e+20 
4.437500e+04 9.195067e-15 5.537713e+20 
4.458333e+04 1.002103e-14 5.089510e+20 
4.479167e+04 1.045546e-14 4.882221e+20 
4.500000e+04 1.076246e-14 4.745776e+20 
4.520833e+04 1.067846e-14 4.782357e+20 
4.541667e+04 1.048011e-14 4.870936e+20 
4.562500e+04 9.983282e-15 5.108399e+20 
4.583333e+04 9.407799e-15 5.414735e+20 
4.604167e+04 8.660213e-15 5.873543e+20 
4.625000e+04 7.876543e-15 6.447959e+20 
4.645833e+04 7.039439e-15 7.202836e+20 
4.666667e+04 6.204153e-15 8.159116e+20 
4.687500e+04 5.403672e-15 9.352960e+20 
4.708333e+04 4.631387e-15 1.089590e+21 
4.729167e+04 3.944577e-15 1.277565e+21 
4.750000e+04 3.299046e-15 1.525589e+21 
4.770833e+04 2.756507e-15 1.823906e+21 
4.791667e+04 2.257297e-15 2.225037e+21 
4.812500e+04 1.855941e-15 2.704107e+21 
4.833333e+04 1.493055e-15 3.358834e+21 
4.854167e+04 1.211381e-15 4.137670e+21 
4.875000e+04 9.603590e-16 5.216382e+21 
4.895833e+04 7.708381e-16 6.496804e+21 
4.916667e+04 6.039264e-16 8.289153e+21 
4.937500e+04 4.805871e-16 1.041473e+22 
4.958333e+04 3.729998e-16 1.341485e+22 
4.979167e+04 2.947855e-16 1.697314e+22 
5.000000e+04 2.270933e-16 2.202744e+22 
5.020833e+04 1.784841e-16 2.802702e+22 
5.041667e+04 1.366919e-16 3.658880e+22 
5.062500e+04 1.069660e-16 4.676034e+22 
5.083333e+04 8.155809e-17 6.131649e+22 
5.104167e+04 6.362420e-17 7.860895e+22 
5.125000e+04 4.837639e-17 1.033674e+23 
5.145833e+04 3.767682e-17 1.327412e+23 
5.166667e+04 2.862165e-17 1.747056e+23 
5.187500e+04 2.228729e-17 2.243969e+23 
5.208333e+04 1.694645e-17 2.950629e+23 
5.229167e+04 1.320814e-17 3.786440e+23 
5.250000e+04 1.006568e-17 4.967602e+23 
5.270833e+04 7.857389e-18 6.364947e+23 
5.291667e+04 6.006289e-18 8.324962e+23 
5.312500e+04 4.697009e-18 1.064760e+24 
5.333333e+04 3.602524e-18 1.387975e+24 
5.354167e+04 2.822175e-18 1.772120e+24 
5.375000e+04 2.172129e-18 2.302007e+24 
5.395833e+04 1.706341e-18 2.930982e+24 
5.416667e+04 1.321713e-18 3.783154e+24 
5.437500e+04 1.046543e-18 4.778623e+24 
5.458333e+04 8.232515e-19 6.073580e+24 
5.479167e+04 6.615650e-19 7.559757e+24 
5.500000e+04 5.266182e-19 9.496151e+24 
5.520833e+04 4.274156e-19 1.000000e+25 
5.541667e+04 3.673213e-19 1.000000e+25 
5.562500e+04 3.636667e-19 1.000000e+25 
5.583333e+04 3.711282e-19 1.000000e+25 
5.604167e+04 3.663034e-19 1.000000e+25 
5.625000e+04 3.583566e-19 1.000000e+25 
5.645833e+04 3.497806e-19 1.000000e+25 
5.666667e+04 3.419613e-19 1.000000e+25 
5.687500e+04 3.353588e-19 1.000000e+25 
5.708333e+04 3.287072e-19 1.000000e+25 
5.729167e+04 3.219602e-19 1.000000e+25 
5.750000e+04 3.151773e-19 1.000000e+25 
5.770833e+04 3.085117e-19 1.000000e+25 
5.791667e+04 3.020541e-19 1.000000e+25 
5.812500e+04 2.958836e-19 1.000000e+25 
5.833333e+04 2.897790e-19 1.000000e+25 
5.854167e+04 2.838710e-19 1.000000e+25 
5.875000e+04 2.780942e-19 1.000000e+25 
5.895833e+04 2.725788e-19 1.000000e+25 
5.916667e+04 2.671827e-19 1.000000e+25 
5.937500e+04 2.620347e-19 1.000000e+25 
5.958333e+04 2.570101e-19 1.000000e+25 
5.979167e+04 2.522307e-19 1.000000e+25 
6.000000e+04 2.475735e-19 1.000000e+25 
6.020833e+04 2.431472e-19 1.000000e+25 
6.041667e+04 2.388392e-19 1.000000e+25 
6.062500e+04 2.347401e-19 1.000000e+25 
6.083333e+04 2.307531e-19 1.000000e+25 
6.104167e+04 2.269473e-19 1.000000e+25 
6.125000e+04 2.232455e-19 1.000000e+25 
6.145833e+04 2.196939e-19 1.000000e+25 
6.166667e+04 2.162376e-19 1.000000e+25 
6.187500e+04 2.129006e-19 1.000000e+25 
6.208333e+04 2.096501e-19 1.000000e+25 
6.229167e+04 2.064908e-19 1.000000e+25 
6.250000e+04 2.034098e-19 1.000000e+25 
6.270833e+04 2.003965e-19 1.000000e+25 
6.291667e+04 1.974541e-19 1.000000e+25 
6.312500e+04 1.945611e-19 1.000000e+25 
6.333333e+04 1.917331e-19 1.000000e+25 
6.354167e+04 1.889412e-19 1.000000e+25 
6.375000e+04 1.862095e-19 1.000000e+25 
6.395833e+04 1.835054e-19 1.000000e+25 
6.416667e+04 1.808576e-19 1.000000e+25 
6.437500e+04 1.782330e-19 1.000000e+25 
6.458333e+04 1.756614e-19 1.000000e+25 
6.479167e+04 1.731113e-19 1.000000e+25 
6.500000e+04 1.706116e-19 1.000000e+25 
6.520833e+04 1.681338e-19 1.000000e+25 
6.541667e+04 1.657041e-19 1.000000e+25 
6.562500e+04 1.632979e-19 1.000000e+25 
6.583333e+04 1.609378e-19 1.000000e+25 
6.604167e+04 1.586033e-19 1.000000e+25 
6.625000e+04 1.563130e-19 1.000000e+25 
6.645833e+04 1.540509e-19 1.000000e+25 
6.666667e+04 1.518310e-19 1.000000e+25 
6.687500e+04 1.496418e-19 1.000000e+25 
6.708333e+04 1.474930e-19 1.000000e+25 
6.729167e+04 1.453770e-19 1.000000e+25 
6.750000e+04 1.432998e-19 1.000000e+25 
6.770833e+04 1.412571e-19 1.000000e+25 
6.791667e+04 1.392515e-19 1.000000e+25 
6.812500e+04 1.372821e-19 1.000000e+25 
6.833333e+04 1.353480e-19 1.000000e+25 
6.854167e+04 1.334513e-19 1.000000e+25 
6.875000e+04 1.315884e-19 1.000000e+25 
6.895833e+04 1.297637e-19 1.000000e+25 
6.916667e+04 1.279714e-19 1.000000e+25 
6.937500e+04 1.262180e-19 1.000000e+25 
6.958333e+04 1.244956e-19 1.000000e+25 
6.979167e+04 1.228124e-19 1.000000e+25 
7.000000e+04 1.211592e-19 1.000000e+25 
7.020833e+04 1.195454e-19 1.000000e+25 
7.041667e+04 1.179604e-19 1.000000e+25 
7.062500e+04 1.164150e-19 1.000000e+25 
7.083333e+04 1.148975e-19 1.000000e+25 
7.104167e+04 1.134197e-19 1.000000e+25 
7.125000e+04 1.119689e-19 1.000000e+25 
7.145833e+04 1.105578e-19 1.000000e+25 
7.166667e+04 1.091730e-19 1.000000e+25 
7.187500e+04 1.078281e-19 1.000000e+25 
7.208333e+04 1.065089e-19 1.000000e+25 
7.229167e+04 1.052295e-19 1.000000e+25 
7.250000e+04 1.039754e-19 1.000000e+25 
7.270833e+04 1.027613e-19 1.000000e+25 
7.291667e+04 1.015721e-19 1.000000e+25 
7.312500e+04 1.004230e-19 1.000000e+25 
7.333333e+04 9.929856e-20 1.000000e+25 
7.354167e+04 9.821439e-20 1.000000e+25 
7.375000e+04 9.715485e-20 1.000000e+25 
7.395833e+04 9.613576e-20 1.000000e+25 
7.416667e+04 9.514126e-20 1.000000e+25 
7.437500e+04 9.418750e-20 1.000000e+25 
7.458333e+04 9.325838e-20 1.000000e+25 
7.479167e+04 9.237033e-20 1.000000e+25 
7.500000e+04 9.150704e-20 1.000000e+25 
7.520833e+04 9.068520e-20 1.000000e+25 
7.541667e+04 8.988831e-20 1.000000e+25 
7.562500e+04 8.913327e-20 1.000000e+25 
7.583333e+04 8.840342e-20 1.000000e+25 
7.604167e+04 8.771586e-20 1.000000e+25 
7.625000e+04 8.705374e-20 1.000000e+25 
7.645833e+04 8.643439e-20 1.000000e+25 
7.666667e+04 8.584076e-20 1.000000e+25 
7.687500e+04 8.529034e-20 1.000000e+25 
7.708333e+04 8.476595e-20 1.000000e+25 
7.729167e+04 8.428523e-20 1.000000e+25 
7.750000e+04 8.383082e-20 1.000000e+25 
7.770833e+04 8.342051e-20 1.000000e+25 
7.791667e+04 8.303679e-20 1.000000e+25 
7.812500e+04 8.269754e-20 1.000000e+25 
7.833333e+04 8.238515e-20 1.000000e+25 
7.854167e+04 8.211757e-20 1.000000e+25 
7.875000e+04 8.187705e-20 1.000000e+25 
7.895833e+04 8.168162e-20 1.000000e+25 
7.916667e+04 8.151343e-20 1.000000e+25 
7.937500e+04 8.139052e-20 1.000000e+25 
7.958333e+04 8.129497e-20 1.000000e+25 
7.979167e+04 8.124482e-20 1.000000e+25 
8.000000e+04 8.122210e-20 1.000000e+25 
