0.000000e+00 2.124376e-19 1.000000e+25 
6.250000e+02 2.130180e-19 1.000000e+25 
1.250000e+03 2.142905e-19 1.000000e+25 
1.875000e+03 2.167172e-19 1.000000e+25 
2.500000e+03 2.198222e-19 1.000000e+25 
3.125000e+03 2.240653e-19 1.000000e+25 
3.750000e+03 2.289638e-19 1.000000e+25 
4.375000e+03 2.349833e-19 1.000000e+25 
5.000000e+03 2.416342e-19 1.000000e+25 
5.625000e+03 2.493998e-19 1.000000e+25 
6.250000e+03 2.577799e-19 1.000000e+25 
6.875000e+03 2.672876e-19 1.000000e+25 
7.500000e+03 2.774058e-19 1.000000e+25 
8.125000e+03 2.886749e-19 1.000000e+25 
8.750000e+03 3.005602e-19 1.000000e+25 
9.375000e+03 3.136003e-19 1.000000e+25 
1.000000e+04 3.272626e-19 1.000000e+25 
1.062500e+04 3.420410e-19 1.000000e+25 
1.125000e+04 3.574463e-19 1.000000e+25 
1.187500e+04 3.739592e-19 1.000000e+25 
1.250000e+04 3.911390e-19 1.000000e+25 
1.312500e+04 4.096437e-19 1.000000e+25 
1.375000e+04 4.289591e-19 1.000000e+25 
1.437500e+04 4.499319e-19 1.000000e+25 
1.500000e+04 4.718540e-19 1.000000e+25 
1.562500e+04 4.956732e-19 1.000000e+25 
1.625000e+04 5.205247e-19 1.000000e+25 
1.687500e+04 5.472505e-19 1.000000e+25 
1.750000e+04 5.750264e-19 1.000000e+25 
1.812500e+04 6.045270e-19 1.000000e+25 
1.875000e+04 6.351482e-19 1.000000e+25 
1.937500e+04 6.678382e-19 1.000000e+25 
2.000000e+04 7.019197e-19 1.000000e+25 
2.062500e+04 7.384995e-19 1.000000e+25 
2.125000e+04 7.765386e-19 1.000000e+25 
2.187500e+04 8.178535e-19 1.000000e+25 
2.250000e+04 8.611037e-19 1.000000e+25 
2.312500e+04 9.100912e-19 1.000000e+25 
2.375000e+04 9.620915e-19 1.000000e+25 
2.437500e+04 1.023711e-18 1.000000e+25 
2.500000e+04 1.089539e-18 1.000000e+25 
2.562500e+04 1.166927e-18 1.000000e+25 
2.625000e+04 1.247703e-18 1.000000e+25 
2.687500e+04 1.335270e-18 1.000000e+25 
2.750000e+04 1.427432e-18 1.000000e+25 
2.812500e+04 1.520492e-18 1.000000e+25 
2.875000e+04 1.612006e-18 1.000000e+25 
2.937500e+04 1.683599e-18 1.000000e+25 
3.000000e+04 1.764710e-18 1.000000e+25 
3.062500e+04 1.868398e-18 1.000000e+25 
3.125000e+04 2.005487e-18 1.000000e+25 
3.187500e+04 1.981341e-18 1.000000e+25 
3.250000e+04 9.911901e-19 1.000000e+25 
3.312500e+04 2.250258e-17 1.657582e+24 
3.375000e+04 3.678940e-17 1.001691e+24 
3.437500e+04 5.887732e-16 5.985377e+22 
3.500000e+04 1.420157e-15 2.326523e+22 
3.562500e+04 6.962175e-15 4.618248e+21 
3.625000e+04 1.596742e-14 1.906000e+21 
3.687500e+04 1.626894e-14 1.782481e+21 
3.750000e+04 9.135144e-15 3.107425e+21 
3.812500e+04 2.798553e-15 9.868879e+21 
3.875000e+04 2.027392e-16 1.472944e+23 
3.937500e+04 1.341081e-16 2.251891e+23 
4.000000e+04 2.379027e-17 1.316868e+24 
4.062500e+04 1.341081e-16 2.251891e+23 
4.125000e+04 2.027392e-16 1.472944e+23 
4.187500e+04 2.798553e-15 9.868879e+21 
4.250000e+04 9.135144e-15 3.107425e+21 
4.312500e+04 1.626894e-14 1.782481e+21 
4.375000e+04 1.596742e-14 1.906000e+21 
4.437500e+04 6.962175e-15 4.618248e+21 
4.500000e+04 1.420157e-15 2.326523e+22 
4.562500e+04 5.887732e-16 5.985377e+22 
4.625000e+04 3.678940e-17 1.001691e+24 
4.687500e+04 2.250258e-17 1.657582e+24 
4.750000e+04 9.911901e-19 1.000000e+25 
4.812500e+04 1.981341e-18 1.000000e+25 
4.875000e+04 2.005487e-18 1.000000e+25 
4.937500e+04 1.868398e-18 1.000000e+25 
5.000000e+04 1.764710e-18 1.000000e+25 
5.062500e+04 1.683599e-18 1.000000e+25 
5.125000e+04 1.612006e-18 1.000000e+25 
5.187500e+04 1.520492e-18 1.000000e+25 
5.250000e+04 1.427432e-18 1.000000e+25 
5.312500e+04 1.335270e-18 1.000000e+25 
5.375000e+04 1.247703e-18 1.000000e+25 
5.437500e+04 1.166927e-18 1.000000e+25 
5.500000e+04 1.089539e-18 1.000000e+25 
5.562500e+04 1.023711e-18 1.000000e+25 
5.625000e+04 9.620915e-19 1.000000e+25 
5.687500e+04 9.100912e-19 1.000000e+25 
5.750000e+04 8.611037e-19 1.000000e+25 
5.812500e+04 8.178535e-19 1.000000e+25 
5.875000e+04 7.765386e-19 1.000000e+25 
5.937500e+04 7.384995e-19 1.000000e+25 
6.000000e+04 7.019197e-19 1.000000e+25 
6.062500e+04 6.678382e-19 1.000000e+25 
6.125000e+04 6.351482e-19 1.000000e+25 
6.187500e+04 6.045270e-19 1.000000e+25 
6.250000e+04 5.750264e-19 1.000000e+25 
6.312500e+04 5.472505e-19 1.000000e+25 
6.375000e+04 5.205247e-19 1.000000e+25 
6.437500e+04 4.956732e-19 1.000000e+25 
6.500000e+04 4.718540e-19 1.000000e+25 
6.562500e+04 4.499319e-19 1.000000e+25 
6.625000e+04 4.289591e-19 1.000000e+25 
6.687500e+04 4.096437e-19 1.000000e+25 
6.750000e+04 3.911390e-19 1.000000e+25 
6.812500e+04 3.739592e-19 1.000000e+25 
6.875000e+04 3.574463e-19 1.000000e+25 
6.937500e+04 3.420410e-19 1.000000e+25 
7.000000e+04 3.272626e-19 1.000000e+25 
7.062500e+04 3.136003e-19 1.000000e+25 
7.125000e+04 3.005602e-19 1.000000e+25 
7.187500e+04 2.886749e-19 1.000000e+25 
7.250000e+04 2.774058e-19 1.000000e+25 
7.312500e+04 2.672876e-19 1.000000e+25 
7.375000e+04 2.577799e-19 1.000000e+25 
7.437500e+04 2.493998e-19 1.000000e+25 
7.500000e+04 2.416342e-19 1.000000e+25 
7.562500e+04 2.349833e-19 1.000000e+25 
7.625000e+04 2.289638e-19 1.000000e+25 
7.687500e+04 2.240653e-19 1.000000e+25 
7.750000e+04 2.198222e-19 1.000000e+25 
7.812500e+04 2.167172e-19 1.000000e+25 
7.875000e+04 2.142905e-19 1.000000e+25 
7.937500e+04 2.130180e-19 1.000000e+25 
8.000000e+04 2.124376e-19 1.000000e+25 
