0.000000e+00 1.937378e-19 1.000000e+25 
3.125000e+02 1.938688e-19 1.000000e+25 
6.250000e+02 1.941575e-19 1.000000e+25 
9.375000e+02 1.947078e-19 1.000000e+25 
1.250000e+03 1.954149e-19 1.000000e+25 
1.562500e+03 1.963824e-19 1.000000e+25 
1.875000e+03 1.975051e-19 1.000000e+25 
2.187500e+03 1.988864e-19 1.000000e+25 
2.500000e+03 2.004207e-19 1.000000e+25 
2.812500e+03 2.022112e-19 1.000000e+25 
3.125000e+03 2.041520e-19 1.000000e+25 
3.437500e+03 2.063465e-19 1.000000e+25 
3.750000e+03 2.086884e-19 1.000000e+25 
4.062500e+03 2.112813e-19 1.000000e+25 
4.375000e+03 2.140189e-19 1.000000e+25 
4.687500e+03 2.170054e-19 1.000000e+25 
5.000000e+03 2.201337e-19 1.000000e+25 
5.312500e+03 2.235096e-19 1.000000e+25 
5.625000e+03 2.270251e-19 1.000000e+25 
5.937500e+03 2.307880e-19 1.000000e+25 
6.250000e+03 2.346887e-19 1.000000e+25 
6.562500e+03 2.388380e-19 1.000000e+25 
6.875000e+03 2.431243e-19 1.000000e+25 
7.187500e+03 2.476623e-19 1.000000e+25 
7.500000e+03 2.523374e-19 1.000000e+25 
7.812500e+03 2.572691e-19 1.000000e+25 
8.125000e+03 2.623391e-19 1.000000e+25 
8.437500e+03 2.676728e-19 1.000000e+25 
8.750000e+03 2.731470e-19 1.000000e+25 
9.062500e+03 2.788934e-19 1.000000e+25 
9.375000e+03 2.847835e-19 1.000000e+25 
9.687500e+03 2.909546e-19 1.000000e+25 
1.000000e+04 2.972732e-19 1.000000e+25 
1.031250e+04 3.038800e-19 1.000000e+25 
1.062500e+04 3.106380e-19 1.000000e+25 
1.093750e+04 3.176874e-19 1.000000e+25 
1.125000e+04 3.248911e-19 1.000000e+25 
1.156250e+04 3.323837e-19 1.000000e+25 
1.187500e+04 3.400329e-19 1.000000e+25 
1.218750e+04 3.479640e-19 1.000000e+25 
1.250000e+04 3.560542e-19 1.000000e+25 
1.281250e+04 3.644202e-19 1.000000e+25 
1.312500e+04 3.729502e-19 1.000000e+25 
1.343750e+04 3.817582e-19 1.000000e+25 
1.375000e+04 3.907390e-19 1.000000e+25 
1.406250e+04 4.000130e-19 1.000000e+25 
1.437500e+04 4.094733e-19 1.000000e+25 
1.468750e+04 4.192509e-19 1.000000e+25 
1.500000e+04 4.292294e-19 1.000000e+25 
1.531250e+04 4.395491e-19 1.000000e+25 
1.562500e+04 4.500828e-19 1.000000e+25 
1.593750e+04 4.609727e-19 1.000000e+25 
1.625000e+04 4.720863e-19 1.000000e+25 
1.656250e+04 4.835630e-19 1.000000e+25 
1.687500e+04 4.952716e-19 1.000000e+25 
1.718750e+04 5.073542e-19 1.000000e+25 
1.750000e+04 5.196807e-19 1.000000e+25 
1.781250e+04 5.324090e-19 1.000000e+25 
1.812500e+04 5.453991e-19 1.000000e+25 
1.843750e+04 5.588419e-19 1.000000e+25 
1.875000e+04 5.725700e-19 1.000000e+25 
1.906250e+04 5.868193e-19 1.000000e+25 
1.937500e+04 6.013793e-19 1.000000e+25 
1.968750e+04 6.165320e-19 1.000000e+25 
2.000000e+04 6.320182e-19 1.000000e+25 
2.031250e+04 6.481611e-19 1.000000e+25 
2.062500e+04 6.646559e-19 1.000000e+25 
2.093750e+04 6.818671e-19 1.000000e+25 
2.125000e+04 6.994479e-19 1.000000e+25 
2.156250e+04 7.178221e-19 1.000000e+25 
2.187500e+04 7.365928e-19 1.000000e+25 
2.218750e+04 7.563053e-19 1.000000e+25 
2.250000e+04 7.764723e-19 1.000000e+25 
2.281250e+04 7.978740e-19 1.000000e+25 
2.312500e+04 8.198403e-19 1.000000e+25 
2.343750e+04 8.435215e-19 1.000000e+25 
2.375000e+04 8.679316e-19 1.000000e+25 
2.406250e+04 8.946523e-19 1.000000e+25 
2.437500e+04 9.222752e-19 1.000000e+25 
2.468750e+04 9.526852e-19 1.000000e+25 
2.500000e+04 9.840895e-19 1.000000e+25 
2.531250e+04 1.018362e-18 1.000000e+25 
2.562500e+04 1.053580e-18 1.000000e+25 
2.593750e+04 1.091187e-18 1.000000e+25 
2.625000e+04 1.129552e-18 1.000000e+25 
2.656250e+04 1.169325e-18 1.000000e+25 
2.687500e+04 1.209609e-18 1.000000e+25 
2.718750e+04 1.250022e-18 1.000000e+25 
2.750000e+04 1.290744e-18 1.000000e+25 
2.781250e+04 1.330433e-18 1.000000e+25 
2.812500e+04 1.370367e-18 1.000000e+25 
2.843750e+04 1.408242e-18 1.000000e+25 
2.875000e+04 1.446609e-18 1.000000e+25 
2.906250e+04 1.483368e-18 1.000000e+25 
2.937500e+04 1.521057e-18 1.000000e+25 
2.968750e+04 1.555441e-18 1.000000e+25 
3.000000e+04 1.591899e-18 1.000000e+25 
3.031250e+04 1.632309e-18 1.000000e+25 
3.062500e+04 1.676773e-18 1.000000e+25 
3.093750e+04 1.714791e-18 1.000000e+25 
3.125000e+04 1.765817e-18 1.000000e+25 
3.156250e+04 1.812363e-18 1.000000e+25 
3.187500e+04 1.876370e-18 1.000000e+25 
3.218750e+04 1.928536e-18 1.000000e+25 
3.250000e+04 1.689166e-18 1.000000e+25 
3.281250e+04 4.772330e-18 6.605266e+24 
3.312500e+04 9.010683e-18 3.602119e+24 
3.343750e+04 3.239834e-17 1.043307e+24 
3.375000e+04 6.049643e-17 5.382510e+23 
3.406250e+04 1.898608e-16 1.752905e+23 
3.437500e+04 3.495533e-16 9.177485e+22 
3.468750e+04 9.459652e-16 3.422637e+22 
3.500000e+04 1.704548e-15 1.845567e+22 
3.531250e+04 3.744551e-15 8.364688e+21 
3.562500e+04 6.286466e-15 4.871651e+21 
3.593750e+04 1.047839e-14 2.869484e+21 
3.625000e+04 1.510151e-14 1.951338e+21 
3.656250e+04 1.776652e-14 1.605326e+21 
3.687500e+04 1.921465e-14 1.447171e+21 
3.718750e+04 1.484545e-14 1.805117e+21 
3.750000e+04 9.393636e-15 2.762847e+21 
3.781250e+04 4.609143e-15 5.545724e+21 
3.812500e+04 9.981816e-16 2.435382e+22 
3.843750e+04 5.289097e-16 5.019086e+22 
3.875000e+04 1.363378e-16 1.962898e+23 
3.906250e+04 1.178279e-16 2.328027e+23 
3.937500e+04 8.178568e-17 3.360884e+23 
3.968750e+04 6.368753e-17 4.292239e+23 
4.000000e+04 4.570661e-17 5.779098e+23 
4.031250e+04 6.368753e-17 4.292239e+23 
4.062500e+04 8.178568e-17 3.360884e+23 
4.093750e+04 1.178279e-16 2.328027e+23 
4.125000e+04 1.363378e-16 1.962898e+23 
4.156250e+04 5.289097e-16 5.019086e+22 
4.187500e+04 9.981816e-16 2.435382e+22 
4.218750e+04 4.609143e-15 5.545724e+21 
4.250000e+04 9.393636e-15 2.762847e+21 
4.281250e+04 1.484545e-14 1.805117e+21 
4.312500e+04 1.921465e-14 1.447171e+21 
4.343750e+04 1.776652e-14 1.605326e+21 
4.375000e+04 1.510151e-14 1.951338e+21 
4.406250e+04 1.047839e-14 2.869484e+21 
4.437500e+04 6.286466e-15 4.871651e+21 
4.468750e+04 3.744551e-15 8.364688e+21 
4.500000e+04 1.704548e-15 1.845567e+22 
4.531250e+04 9.459652e-16 3.422637e+22 
4.562500e+04 3.495533e-16 9.177485e+22 
4.593750e+04 1.898608e-16 1.752905e+23 
4.625000e+04 6.049643e-17 5.382510e+23 
4.656250e+04 3.239834e-17 1.043307e+24 
4.687500e+04 9.010683e-18 3.602119e+24 
4.718750e+04 4.772330e-18 6.605266e+24 
4.750000e+04 1.689166e-18 1.000000e+25 
4.781250e+04 1.928536e-18 1.000000e+25 
4.812500e+04 1.876370e-18 1.000000e+25 
4.843750e+04 1.812363e-18 1.000000e+25 
4.875000e+04 1.765817e-18 1.000000e+25 
4.906250e+04 1.714791e-18 1.000000e+25 
4.937500e+04 1.676773e-18 1.000000e+25 
4.968750e+04 1.632309e-18 1.000000e+25 
5.000000e+04 1.591899e-18 1.000000e+25 
5.031250e+04 1.555441e-18 1.000000e+25 
5.062500e+04 1.521057e-18 1.000000e+25 
5.093750e+04 1.483368e-18 1.000000e+25 
5.125000e+04 1.446609e-18 1.000000e+25 
5.156250e+04 1.408242e-18 1.000000e+25 
5.187500e+04 1.370367e-18 1.000000e+25 
5.218750e+04 1.330433e-18 1.000000e+25 
5.250000e+04 1.290744e-18 1.000000e+25 
5.281250e+04 1.250022e-18 1.000000e+25 
5.312500e+04 1.209609e-18 1.000000e+25 
5.343750e+04 1.169325e-18 1.000000e+25 
5.375000e+04 1.129552e-18 1.000000e+25 
5.406250e+04 1.091187e-18 1.000000e+25 
5.437500e+04 1.053580e-18 1.000000e+25 
5.468750e+04 1.018362e-18 1.000000e+25 
5.500000e+04 9.840895e-19 1.000000e+25 
5.531250e+04 9.526852e-19 1.000000e+25 
5.562500e+04 9.222752e-19 1.000000e+25 
5.593750e+04 8.946523e-19 1.000000e+25 
5.625000e+04 8.679316e-19 1.000000e+25 
5.656250e+04 8.435215e-19 1.000000e+25 
5.687500e+04 8.198403e-19 1.000000e+25 
5.718750e+04 7.978740e-19 1.000000e+25 
5.750000e+04 7.764723e-19 1.000000e+25 
5.781250e+04 7.563053e-19 1.000000e+25 
5.812500e+04 7.365928e-19 1.000000e+25 
5.843750e+04 7.178221e-19 1.000000e+25 
5.875000e+04 6.994479e-19 1.000000e+25 
5.906250e+04 6.818671e-19 1.000000e+25 
5.937500e+04 6.646559e-19 1.000000e+25 
5.968750e+04 6.481611e-19 1.000000e+25 
6.000000e+04 6.320182e-19 1.000000e+25 
6.031250e+04 6.165320e-19 1.000000e+25 
6.062500e+04 6.013793e-19 1.000000e+25 
6.093750e+04 5.868193e-19 1.000000e+25 
6.125000e+04 5.725700e-19 1.000000e+25 
6.156250e+04 5.588419e-19 1.000000e+25 
6.187500e+04 5.453991e-19 1.000000e+25 
6.218750e+04 5.324090e-19 1.000000e+25 
6.250000e+04 5.196807e-19 1.000000e+25 
6.281250e+04 5.073542e-19 1.000000e+25 
6.312500e+04 4.952716e-19 1.000000e+25 
6.343750e+04 4.835630e-19 1.000000e+25 
6.375000e+04 4.720863e-19 1.000000e+25 
6.406250e+04 4.609727e-19 1.000000e+25 
6.437500e+04 4.500828e-19 1.000000e+25 
6.468750e+04 4.395491e-19 1.000000e+25 
6.500000e+04 4.292294e-19 1.000000e+25 
6.531250e+04 4.192509e-19 1.000000e+25 
6.562500e+04 4.094733e-19 1.000000e+25 
6.593750e+04 4.000130e-19 1.000000e+25 
6.625000e+04 3.907390e-19 1.000000e+25 
6.656250e+04 3.817582e-19 1.000000e+25 
6.687500e+04 3.729502e-19 1.000000e+25 
6.718750e+04 3.644202e-19 1.000000e+25 
6.750000e+04 3.560542e-19 1.000000e+25 
6.781250e+04 3.479640e-19 1.000000e+25 
6.812500e+04 3.400329e-19 1.000000e+25 
6.843750e+04 3.323837e-19 1.000000e+25 
6.875000e+04 3.248911e-19 1.000000e+25 
6.906250e+04 3.176874e-19 1.000000e+25 
6.937500e+04 3.106380e-19 1.000000e+25 
6.968750e+04 3.038800e-19 1.000000e+25 
7.000000e+04 2.972732e-19 1.000000e+25 
7.031250e+04 2.909546e-19 1.000000e+25 
7.062500e+04 2.847835e-19 1.000000e+25 
7.093750e+04 2.788934e-19 1.000000e+25 
7.125000e+04 2.731470e-19 1.000000e+25 
7.156250e+04 2.676728e-19 1.000000e+25 
7.187500e+04 2.623391e-19 1.000000e+25 
7.218750e+04 2.572691e-19 1.000000e+25 
7.250000e+04 2.523374e-19 1.000000e+25 
7.281250e+04 2.476623e-19 1.000000e+25 
7.312500e+04 2.431243e-19 1.000000e+25 
7.343750e+04 2.388380e-19 1.000000e+25 
7.375000e+04 2.346887e-19 1.000000e+25 
7.406250e+04 2.307880e-19 1.000000e+25 
7.437500e+04 2.270251e-19 1.000000e+25 
7.468750e+04 2.235096e-19 1.000000e+25 
7.500000e+04 2.201337e-19 1.000000e+25 
7.531250e+04 2.170054e-19 1.000000e+25 
7.562500e+04 2.140189e-19 1.000000e+25 
7.593750e+04 2.112813e-19 1.000000e+25 
7.625000e+04 2.086884e-19 1.000000e+25 
7.656250e+04 2.063465e-19 1.000000e+25 
7.687500e+04 2.041520e-19 1.000000e+25 
7.718750e+04 2.022112e-19 1.000000e+25 
7.750000e+04 2.004207e-19 1.000000e+25 
7.781250e+04 1.988864e-19 1.000000e+25 
7.812500e+04 1.975051e-19 1.000000e+25 
7.843750e+04 1.963824e-19 1.000000e+25 
7.875000e+04 1.954149e-19 1.000000e+25 
7.906250e+04 1.947078e-19 1.000000e+25 
7.937500e+04 1.941575e-19 1.000000e+25 
7.968750e+04 1.938688e-19 1.000000e+25 
8.000000e+04 1.937378e-19 1.000000e+25 
