0.000000e+00 1.879586e-19 1.000000e+25 
3.125000e+02 1.880855e-19 1.000000e+25 
6.250000e+02 1.883653e-19 1.000000e+25 
9.375000e+02 1.888985e-19 1.000000e+25 
1.250000e+03 1.895839e-19 1.000000e+25 
1.562500e+03 1.905215e-19 1.000000e+25 
1.875000e+03 1.916097e-19 1.000000e+25 
2.187500e+03 1.929482e-19 1.000000e+25 
2.500000e+03 1.944353e-19 1.000000e+25 
2.812500e+03 1.961704e-19 1.000000e+25 
3.125000e+03 1.980514e-19 1.000000e+25 
3.437500e+03 2.001779e-19 1.000000e+25 
3.750000e+03 2.024475e-19 1.000000e+25 
4.062500e+03 2.049599e-19 1.000000e+25 
4.375000e+03 2.076127e-19 1.000000e+25 
4.687500e+03 2.105060e-19 1.000000e+25 
5.000000e+03 2.135369e-19 1.000000e+25 
5.312500e+03 2.168067e-19 1.000000e+25 
5.625000e+03 2.202118e-19 1.000000e+25 
5.937500e+03 2.238551e-19 1.000000e+25 
6.250000e+03 2.276318e-19 1.000000e+25 
6.562500e+03 2.316473e-19 1.000000e+25 
6.875000e+03 2.357953e-19 1.000000e+25 
7.187500e+03 2.401840e-19 1.000000e+25 
7.500000e+03 2.447050e-19 1.000000e+25 
7.812500e+03 2.494708e-19 1.000000e+25 
8.125000e+03 2.543696e-19 1.000000e+25 
8.437500e+03 2.595192e-19 1.000000e+25 
8.750000e+03 2.648036e-19 1.000000e+25 
9.062500e+03 2.703465e-19 1.000000e+25 
9.375000e+03 2.760271e-19 1.000000e+25 
9.687500e+03 2.819753e-19 1.000000e+25 
1.000000e+04 2.880647e-19 1.000000e+25 
1.031250e+04 2.944306e-19 1.000000e+25 
1.062500e+04 3.009418e-19 1.000000e+25 
1.093750e+04 3.077363e-19 1.000000e+25 
1.125000e+04 3.146796e-19 1.000000e+25 
1.156250e+04 3.219086e-19 1.000000e+25 
1.187500e+04 3.292892e-19 1.000000e+25 
1.218750e+04 3.369523e-19 1.000000e+25 
1.250000e+04 3.447690e-19 1.000000e+25 
1.281250e+04 3.528614e-19 1.000000e+25 
1.312500e+04 3.611097e-19 1.000000e+25 
1.343750e+04 3.696295e-19 1.000000e+25 
1.375000e+04 3.783102e-19 1.000000e+25 
1.406250e+04 3.872678e-19 1.000000e+25 
1.437500e+04 3.963956e-19 1.000000e+25 
1.468750e+04 4.058185e-19 1.000000e+25 
1.500000e+04 4.154246e-19 1.000000e+25 
1.531250e+04 4.253525e-19 1.000000e+25 
1.562500e+04 4.354776e-19 1.000000e+25 
1.593750e+04 4.459514e-19 1.000000e+25 
1.625000e+04 4.566347e-19 1.000000e+25 
1.656250e+04 4.676893e-19 1.000000e+25 
1.687500e+04 4.789639e-19 1.000000e+25 
1.718750e+04 4.906320e-19 1.000000e+25 
1.750000e+04 5.025316e-19 1.000000e+25 
1.781250e+04 5.148598e-19 1.000000e+25 
1.812500e+04 5.274370e-19 1.000000e+25 
1.843750e+04 5.405047e-19 1.000000e+25 
1.875000e+04 5.538477e-19 1.000000e+25 
1.906250e+04 5.677820e-19 1.000000e+25 
1.937500e+04 5.820300e-19 1.000000e+25 
1.968750e+04 5.970172e-19 1.000000e+25 
2.000000e+04 6.123708e-19 1.000000e+25 
2.031250e+04 6.286650e-19 1.000000e+25 
2.062500e+04 6.453950e-19 1.000000e+25 
2.093750e+04 6.633158e-19 1.000000e+25 
2.125000e+04 6.817547e-19 1.000000e+25 
2.156250e+04 7.016545e-19 1.000000e+25 
2.187500e+04 7.221571e-19 1.000000e+25 
2.218750e+04 7.443482e-19 1.000000e+25 
2.250000e+04 7.672096e-19 1.000000e+25 
2.281250e+04 7.918631e-19 1.000000e+25 
2.312500e+04 8.172192e-19 1.000000e+25 
2.343750e+04 8.442767e-19 1.000000e+25 
2.375000e+04 8.720286e-19 1.000000e+25 
2.406250e+04 9.011751e-19 1.000000e+25 
2.437500e+04 9.309823e-19 1.000000e+25 
2.468750e+04 9.617144e-19 1.000000e+25 
2.500000e+04 9.930862e-19 1.000000e+25 
2.531250e+04 1.024871e-18 1.000000e+25 
2.562500e+04 1.057336e-18 1.000000e+25 
2.593750e+04 1.089811e-18 1.000000e+25 
2.625000e+04 1.123110e-18 1.000000e+25 
2.656250e+04 1.156221e-18 1.000000e+25 
2.687500e+04 1.190427e-18 1.000000e+25 
2.718750e+04 1.224613e-18 1.000000e+25 
2.750000e+04 1.260384e-18 1.000000e+25 
2.781250e+04 1.296532e-18 1.000000e+25 
2.812500e+04 1.334816e-18 1.000000e+25 
2.843750e+04 1.373681e-18 1.000000e+25 
2.875000e+04 1.415199e-18 1.000000e+25 
2.906250e+04 1.458415e-18 1.000000e+25 
2.937500e+04 1.505590e-18 1.000000e+25 
2.968750e+04 1.554473e-18 1.000000e+25 
3.000000e+04 1.610025e-18 1.000000e+25 
3.031250e+04 1.657476e-18 1.000000e+25 
3.062500e+04 1.695891e-18 1.000000e+25 
3.093750e+04 1.757216e-18 1.000000e+25 
3.125000e+04 1.835641e-18 1.000000e+25 
3.156250e+04 1.825533e-18 1.000000e+25 
3.187500e+04 1.668188e-18 1.000000e+25 
3.218750e+04 4.871774e-18 6.647268e+24 
3.250000e+04 9.609360e-18 3.291098e+24 
3.281250e+04 3.010850e-17 1.057705e+24 
3.312500e+04 5.651725e-17 5.563782e+23 
3.343750e+04 1.541904e-16 2.041341e+23 
3.375000e+04 2.844912e-16 1.095890e+23 
3.406250e+04 6.927306e-16 4.483730e+22 
3.437500e+04 1.234561e-15 2.494688e+22 
3.468750e+04 2.609601e-15 1.169548e+22 
3.500000e+04 4.384501e-15 6.887836e+21 
3.531250e+04 7.732448e-15 3.846320e+21 
3.562500e+04 1.172026e-14 2.498330e+21 
3.593750e+04 1.644274e-14 1.738239e+21 
3.625000e+04 2.105745e-14 1.323990e+21 
3.656250e+04 2.196887e-14 1.217878e+21 
3.687500e+04 2.114568e-14 1.211551e+21 
3.718750e+04 1.499212e-14 1.637002e+21 
3.750000e+04 8.053930e-15 2.913490e+21 
3.781250e+04 3.530011e-15 6.368249e+21 
3.812500e+04 4.080631e-16 5.402218e+22 
3.843750e+04 1.872881e-16 1.153280e+23 
3.875000e+04 2.485779e-17 9.424550e+23 
3.906250e+04 4.778471e-18 5.452511e+24 
3.937500e+04 2.455027e-18 1.000000e+25 
3.968750e+04 1.864557e-18 1.000000e+25 
4.000000e+04 1.498357e-18 1.000000e+25 
4.031250e+04 1.864557e-18 1.000000e+25 
4.062500e+04 2.455027e-18 1.000000e+25 
4.093750e+04 4.778471e-18 5.452511e+24 
4.125000e+04 2.485779e-17 9.424550e+23 
4.156250e+04 1.872881e-16 1.153280e+23 
4.187500e+04 4.080631e-16 5.402218e+22 
4.218750e+04 3.530011e-15 6.368249e+21 
4.250000e+04 8.053930e-15 2.913490e+21 
4.281250e+04 1.499212e-14 1.637002e+21 
4.312500e+04 2.114568e-14 1.211551e+21 
4.343750e+04 2.196887e-14 1.217878e+21 
4.375000e+04 2.105745e-14 1.323990e+21 
4.406250e+04 1.644274e-14 1.738239e+21 
4.437500e+04 1.172026e-14 2.498330e+21 
4.468750e+04 7.732448e-15 3.846320e+21 
4.500000e+04 4.384501e-15 6.887836e+21 
4.531250e+04 2.609601e-15 1.169548e+22 
4.562500e+04 1.234561e-15 2.494688e+22 
4.593750e+04 6.927306e-16 4.483730e+22 
4.625000e+04 2.844912e-16 1.095890e+23 
4.656250e+04 1.541904e-16 2.041341e+23 
4.687500e+04 5.651725e-17 5.563782e+23 
4.718750e+04 3.010850e-17 1.057705e+24 
4.750000e+04 9.609360e-18 3.291098e+24 
4.781250e+04 4.871774e-18 6.647268e+24 
4.812500e+04 1.668188e-18 1.000000e+25 
4.843750e+04 1.825533e-18 1.000000e+25 
4.875000e+04 1.835641e-18 1.000000e+25 
4.906250e+04 1.757216e-18 1.000000e+25 
4.937500e+04 1.695891e-18 1.000000e+25 
4.968750e+04 1.657476e-18 1.000000e+25 
5.000000e+04 1.610025e-18 1.000000e+25 
5.031250e+04 1.554473e-18 1.000000e+25 
5.062500e+04 1.505590e-18 1.000000e+25 
5.093750e+04 1.458415e-18 1.000000e+25 
5.125000e+04 1.415199e-18 1.000000e+25 
5.156250e+04 1.373681e-18 1.000000e+25 
5.187500e+04 1.334816e-18 1.000000e+25 
5.218750e+04 1.296532e-18 1.000000e+25 
5.250000e+04 1.260384e-18 1.000000e+25 
5.281250e+04 1.224613e-18 1.000000e+25 
5.312500e+04 1.190427e-18 1.000000e+25 
5.343750e+04 1.156221e-18 1.000000e+25 
5.375000e+04 1.123110e-18 1.000000e+25 
5.406250e+04 1.089811e-18 1.000000e+25 
5.437500e+04 1.057336e-18 1.000000e+25 
5.468750e+04 1.024871e-18 1.000000e+25 
5.500000e+04 9.930862e-19 1.000000e+25 
5.531250e+04 9.617144e-19 1.000000e+25 
5.562500e+04 9.309823e-19 1.000000e+25 
5.593750e+04 9.011751e-19 1.000000e+25 
5.625000e+04 8.720286e-19 1.000000e+25 
5.656250e+04 8.442767e-19 1.000000e+25 
5.687500e+04 8.172192e-19 1.000000e+25 
5.718750e+04 7.918631e-19 1.000000e+25 
5.750000e+04 7.672096e-19 1.000000e+25 
5.781250e+04 7.443482e-19 1.000000e+25 
5.812500e+04 7.221571e-19 1.000000e+25 
5.843750e+04 7.016545e-19 1.000000e+25 
5.875000e+04 6.817547e-19 1.000000e+25 
5.906250e+04 6.633158e-19 1.000000e+25 
5.937500e+04 6.453950e-19 1.000000e+25 
5.968750e+04 6.286650e-19 1.000000e+25 
6.000000e+04 6.123708e-19 1.000000e+25 
6.031250e+04 5.970172e-19 1.000000e+25 
6.062500e+04 5.820300e-19 1.000000e+25 
6.093750e+04 5.677820e-19 1.000000e+25 
6.125000e+04 5.538477e-19 1.000000e+25 
6.156250e+04 5.405047e-19 1.000000e+25 
6.187500e+04 5.274370e-19 1.000000e+25 
6.218750e+04 5.148598e-19 1.000000e+25 
6.250000e+04 5.025316e-19 1.000000e+25 
6.281250e+04 4.906320e-19 1.000000e+25 
6.312500e+04 4.789639e-19 1.000000e+25 
6.343750e+04 4.676893e-19 1.000000e+25 
6.375000e+04 4.566347e-19 1.000000e+25 
6.406250e+04 4.459514e-19 1.000000e+25 
6.437500e+04 4.354776e-19 1.000000e+25 
6.468750e+04 4.253525e-19 1.000000e+25 
6.500000e+04 4.154246e-19 1.000000e+25 
6.531250e+04 4.058185e-19 1.000000e+25 
6.562500e+04 3.963956e-19 1.000000e+25 
6.593750e+04 3.872678e-19 1.000000e+25 
6.625000e+04 3.783102e-19 1.000000e+25 
6.656250e+04 3.696295e-19 1.000000e+25 
6.687500e+04 3.611097e-19 1.000000e+25 
6.718750e+04 3.528614e-19 1.000000e+25 
6.750000e+04 3.447690e-19 1.000000e+25 
6.781250e+04 3.369523e-19 1.000000e+25 
6.812500e+04 3.292892e-19 1.000000e+25 
6.843750e+04 3.219086e-19 1.000000e+25 
6.875000e+04 3.146796e-19 1.000000e+25 
6.906250e+04 3.077363e-19 1.000000e+25 
6.937500e+04 3.009418e-19 1.000000e+25 
6.968750e+04 2.944306e-19 1.000000e+25 
7.000000e+04 2.880647e-19 1.000000e+25 
7.031250e+04 2.819753e-19 1.000000e+25 
7.062500e+04 2.760271e-19 1.000000e+25 
7.093750e+04 2.703465e-19 1.000000e+25 
7.125000e+04 2.648036e-19 1.000000e+25 
7.156250e+04 2.595192e-19 1.000000e+25 
7.187500e+04 2.543696e-19 1.000000e+25 
7.218750e+04 2.494708e-19 1.000000e+25 
7.250000e+04 2.447050e-19 1.000000e+25 
7.281250e+04 2.401840e-19 1.000000e+25 
7.312500e+04 2.357953e-19 1.000000e+25 
7.343750e+04 2.316473e-19 1.000000e+25 
7.375000e+04 2.276318e-19 1.000000e+25 
7.406250e+04 2.238551e-19 1.000000e+25 
7.437500e+04 2.202118e-19 1.000000e+25 
7.468750e+04 2.168067e-19 1.000000e+25 
7.500000e+04 2.135369e-19 1.000000e+25 
7.531250e+04 2.105060e-19 1.000000e+25 
7.562500e+04 2.076127e-19 1.000000e+25 
7.593750e+04 2.049599e-19 1.000000e+25 
7.625000e+04 2.024475e-19 1.000000e+25 
7.656250e+04 2.001779e-19 1.000000e+25 
7.687500e+04 1.980514e-19 1.000000e+25 
7.718750e+04 1.961704e-19 1.000000e+25 
7.750000e+04 1.944353e-19 1.000000e+25 
7.781250e+04 1.929482e-19 1.000000e+25 
7.812500e+04 1.916097e-19 1.000000e+25 
7.843750e+04 1.905215e-19 1.000000e+25 
7.875000e+04 1.895839e-19 1.000000e+25 
7.906250e+04 1.888985e-19 1.000000e+25 
7.937500e+04 1.883653e-19 1.000000e+25 
7.968750e+04 1.880855e-19 1.000000e+25 
8.000000e+04 1.879586e-19 1.000000e+25 
