0.000000e+00 8.120139e-20 1.000000e+25 
2.083333e+02 8.122410e-20 1.000000e+25 
4.166667e+02 8.127424e-20 1.000000e+25 
6.250000e+02 8.136977e-20 1.000000e+25 
8.333333e+02 8.149266e-20 1.000000e+25 
1.041667e+03 8.166082e-20 1.000000e+25 
1.250000e+03 8.185621e-20 1.000000e+25 
1.458333e+03 8.209668e-20 1.000000e+25 
1.666667e+03 8.236421e-20 1.000000e+25 
1.875000e+03 8.267654e-20 1.000000e+25 
2.083333e+03 8.301572e-20 1.000000e+25 
2.291667e+03 8.339936e-20 1.000000e+25 
2.500000e+03 8.380960e-20 1.000000e+25 
2.708333e+03 8.426391e-20 1.000000e+25 
2.916667e+03 8.474455e-20 1.000000e+25 
3.125000e+03 8.526883e-20 1.000000e+25 
3.333333e+03 8.581913e-20 1.000000e+25 
3.541667e+03 8.641265e-20 1.000000e+25 
3.750000e+03 8.703188e-20 1.000000e+25 
3.958333e+03 8.769386e-20 1.000000e+25 
4.166667e+03 8.838128e-20 1.000000e+25 
4.375000e+03 8.911099e-20 1.000000e+25 
4.583333e+03 8.986587e-20 1.000000e+25 
4.791667e+03 9.066260e-20 1.000000e+25 
5.000000e+03 9.148428e-20 1.000000e+25 
5.208333e+03 9.234739e-20 1.000000e+25 
5.416667e+03 9.323525e-20 1.000000e+25 
5.625000e+03 9.416418e-20 1.000000e+25 
5.833333e+03 9.511775e-20 1.000000e+25 
6.041667e+03 9.611204e-20 1.000000e+25 
6.250000e+03 9.713092e-20 1.000000e+25 
6.458333e+03 9.819024e-20 1.000000e+25 
6.666667e+03 9.927418e-20 1.000000e+25 
6.875000e+03 1.003983e-19 1.000000e+25 
7.083333e+03 1.015472e-19 1.000000e+25 
7.291667e+03 1.027362e-19 1.000000e+25 
7.500000e+03 1.039500e-19 1.000000e+25 
7.708333e+03 1.052038e-19 1.000000e+25 
7.916667e+03 1.064829e-19 1.000000e+25 
8.125000e+03 1.078019e-19 1.000000e+25 
8.333333e+03 1.091465e-19 1.000000e+25 
8.541667e+03 1.105310e-19 1.000000e+25 
8.750000e+03 1.119417e-19 1.000000e+25 
8.958333e+03 1.133922e-19 1.000000e+25 
9.166667e+03 1.148697e-19 1.000000e+25 
9.375000e+03 1.163869e-19 1.000000e+25 
9.583333e+03 1.179319e-19 1.000000e+25 
9.791667e+03 1.195165e-19 1.000000e+25 
1.000000e+04 1.211299e-19 1.000000e+25 
1.020833e+04 1.227828e-19 1.000000e+25 
1.041667e+04 1.244655e-19 1.000000e+25 
1.062500e+04 1.261875e-19 1.000000e+25 
1.083333e+04 1.279405e-19 1.000000e+25 
1.104167e+04 1.297324e-19 1.000000e+25 
1.125000e+04 1.315566e-19 1.000000e+25 
1.145833e+04 1.334191e-19 1.000000e+25 
1.166667e+04 1.353154e-19 1.000000e+25 
1.187500e+04 1.372490e-19 1.000000e+25 
1.208333e+04 1.392180e-19 1.000000e+25 
1.229167e+04 1.412231e-19 1.000000e+25 
1.250000e+04 1.432652e-19 1.000000e+25 
1.270833e+04 1.453421e-19 1.000000e+25 
1.291667e+04 1.474575e-19 1.000000e+25 
1.312500e+04 1.496058e-19 1.000000e+25 
1.333333e+04 1.517945e-19 1.000000e+25 
1.354167e+04 1.540139e-19 1.000000e+25 
1.375000e+04 1.562754e-19 1.000000e+25 
1.395833e+04 1.585652e-19 1.000000e+25 
1.416667e+04 1.608991e-19 1.000000e+25 
1.437500e+04 1.632587e-19 1.000000e+25 
1.458333e+04 1.656643e-19 1.000000e+25 
1.479167e+04 1.680935e-19 1.000000e+25 
1.500000e+04 1.705707e-19 1.000000e+25 
1.520833e+04 1.730698e-19 1.000000e+25 
1.541667e+04 1.756192e-19 1.000000e+25 
1.562500e+04 1.781902e-19 1.000000e+25 
1.583333e+04 1.808141e-19 1.000000e+25 
1.604167e+04 1.834612e-19 1.000000e+25 
1.625000e+04 1.861645e-19 1.000000e+25 
1.645833e+04 1.888954e-19 1.000000e+25 
1.666667e+04 1.916864e-19 1.000000e+25 
1.687500e+04 1.945135e-19 1.000000e+25 
1.708333e+04 1.974055e-19 1.000000e+25 
1.729167e+04 2.003467e-19 1.000000e+25 
1.750000e+04 2.033589e-19 1.000000e+25 
1.770833e+04 2.064386e-19 1.000000e+25 
1.791667e+04 2.095965e-19 1.000000e+25 
1.812500e+04 2.128455e-19 1.000000e+25 
1.833333e+04 2.161808e-19 1.000000e+25 
1.854167e+04 2.196354e-19 1.000000e+25 
1.875000e+04 2.231852e-19 1.000000e+25 
1.895833e+04 2.268850e-19 1.000000e+25 
1.916667e+04 2.306888e-19 1.000000e+25 
1.937500e+04 2.346736e-19 1.000000e+25 
1.958333e+04 2.387705e-19 1.000000e+25 
1.979167e+04 2.430762e-19 1.000000e+25 
2.000000e+04 2.475003e-19 1.000000e+25 
2.020833e+04 2.521553e-19 1.000000e+25 
2.041667e+04 2.569324e-19 1.000000e+25 
2.062500e+04 2.619547e-19 1.000000e+25 
2.083333e+04 2.671003e-19 1.000000e+25 
2.104167e+04 2.724952e-19 1.000000e+25 
2.125000e+04 2.780106e-19 1.000000e+25 
2.145833e+04 2.837824e-19 1.000000e+25 
2.166667e+04 2.896808e-19 1.000000e+25 
2.187500e+04 2.957900e-19 1.000000e+25 
2.208333e+04 3.019815e-19 1.000000e+25 
2.229167e+04 3.084296e-19 1.000000e+25 
2.250000e+04 3.150454e-19 1.000000e+25 
2.270833e+04 3.218039e-19 1.000000e+25 
2.291667e+04 3.285747e-19 1.000000e+25 
2.312500e+04 3.353380e-19 1.000000e+25 
2.333333e+04 3.420609e-19 1.000000e+25 
2.354167e+04 3.496628e-19 1.000000e+25 
2.375000e+04 3.577206e-19 1.000000e+25 
2.395833e+04 3.651703e-19 1.000000e+25 
2.416667e+04 3.701404e-19 1.000000e+25 
2.437500e+04 3.645643e-19 1.000000e+25 
2.458333e+04 3.694355e-19 1.000000e+25 
2.479167e+04 4.268367e-19 1.000000e+25 
2.500000e+04 5.236356e-19 9.550151e+24 
2.520833e+04 6.579303e-19 7.601632e+24 
2.541667e+04 8.196433e-19 6.100364e+24 
2.562500e+04 1.042957e-18 4.795115e+24 
2.583333e+04 1.317855e-18 3.794231e+24 
2.604167e+04 1.701269e-18 2.939713e+24 
2.625000e+04 2.164911e-18 2.309678e+24 
2.645833e+04 2.812228e-18 1.778388e+24 
2.666667e+04 3.589249e-18 1.393109e+24 
2.687500e+04 4.680061e-18 1.068618e+24 
2.708333e+04 5.984414e-18 8.355395e+23 
2.729167e+04 7.829093e-18 6.387957e+23 
2.750000e+04 1.002883e-17 4.985853e+23 
2.770833e+04 1.315986e-17 3.800335e+23 
2.791667e+04 1.688329e-17 2.961667e+23 
2.812500e+04 2.220531e-17 2.252255e+23 
2.833333e+04 2.851414e-17 1.753642e+23 
2.854167e+04 3.753912e-17 1.332282e+23 
2.875000e+04 4.819479e-17 1.037568e+23 
2.895833e+04 6.339410e-17 7.889433e+22 
2.916667e+04 8.125426e-17 6.154573e+22 
2.937500e+04 1.065838e-16 4.692803e+22 
2.958333e+04 1.361904e-16 3.672349e+22 
2.979167e+04 1.778566e-16 2.812589e+22 
3.000000e+04 2.262784e-16 2.210673e+22 
3.020833e+04 2.937728e-16 1.703163e+22 
3.041667e+04 3.716993e-16 1.346175e+22 
3.062500e+04 4.789890e-16 1.044945e+22 
3.083333e+04 6.018984e-16 8.317048e+21 
3.104167e+04 7.683883e-16 6.517489e+21 
3.125000e+04 9.572965e-16 5.233038e+21 
3.145833e+04 1.207767e-15 4.150024e+21 
3.166667e+04 1.488633e-15 3.368783e+21 
3.187500e+04 1.850878e-15 2.711476e+21 
3.208333e+04 2.251293e-15 2.230944e+21 
3.229167e+04 2.749907e-15 1.828260e+21 
3.250000e+04 3.291568e-15 1.529032e+21 
3.270833e+04 3.936817e-15 1.280064e+21 
3.291667e+04 4.623190e-15 1.091504e+21 
3.312500e+04 5.395912e-15 9.366267e+20 
3.333333e+04 6.196934e-15 8.168504e+20 
3.354167e+04 7.033842e-15 7.208488e+20 
3.375000e+04 7.872998e-15 6.450817e+20 
3.395833e+04 8.659800e-15 5.873818e+20 
3.416667e+04 9.411183e-15 5.412824e+20 
3.437500e+04 9.991198e-15 5.104431e+20 
3.458333e+04 1.049315e-14 4.865008e+20 
3.479167e+04 1.069655e-14 4.774440e+20 
3.500000e+04 1.078567e-14 4.735775e+20 
3.520833e+04 1.048194e-14 4.870141e+20 
3.541667e+04 1.004949e-14 5.075378e+20 
3.562500e+04 9.221539e-15 5.522104e+20 
3.583333e+04 8.288522e-15 6.132446e+20 
3.604167e+04 7.105590e-15 7.136707e+20 
3.625000e+04 5.886433e-15 8.594108e+20 
3.645833e+04 4.723786e-15 1.068497e+21 
3.666667e+04 3.625832e-15 1.388994e+21 
3.687500e+04 2.884557e-15 1.743510e+21 
3.708333e+04 2.267760e-15 2.214830e+21 
3.729167e+04 1.957247e-15 2.564683e+21 
3.750000e+04 1.707285e-15 2.938632e+21 
3.770833e+04 1.554029e-15 3.227454e+21 
3.791667e+04 1.407956e-15 3.561250e+21 
3.812500e+04 1.296031e-15 3.867937e+21 
3.833333e+04 1.190520e-15 4.209844e+21 
3.854167e+04 1.108247e-15 4.521632e+21 
3.875000e+04 1.032602e-15 4.852131e+21 
3.895833e+04 9.760042e-16 5.132934e+21 
3.916667e+04 9.252178e-16 5.414128e+21 
3.937500e+04 8.914314e-16 5.618963e+21 
3.958333e+04 8.629208e-16 5.804269e+21 
3.979167e+04 8.499970e-16 5.892382e+21 
4.000000e+04 8.421960e-16 5.946855e+21 
4.020833e+04 8.499970e-16 5.892382e+21 
4.041667e+04 8.629208e-16 5.804269e+21 
4.062500e+04 8.914314e-16 5.618963e+21 
4.083333e+04 9.252178e-16 5.414128e+21 
4.104167e+04 9.760042e-16 5.132934e+21 
4.125000e+04 1.032602e-15 4.852131e+21 
4.145833e+04 1.108247e-15 4.521632e+21 
4.166667e+04 1.190520e-15 4.209844e+21 
4.187500e+04 1.296031e-15 3.867937e+21 
4.208333e+04 1.407956e-15 3.561250e+21 
4.229167e+04 1.554029e-15 3.227454e+21 
4.250000e+04 1.707285e-15 2.938632e+21 
4.270833e+04 1.957247e-15 2.564683e+21 
4.291667e+04 2.267760e-15 2.214830e+21 
4.312500e+04 2.884557e-15 1.743510e+21 
4.333333e+04 3.625832e-15 1.388994e+21 
4.354167e+04 4.723786e-15 1.068497e+21 
4.375000e+04 5.886433e-15 8.594108e+20 
4.395833e+04 7.105590e-15 7.136707e+20 
4.416667e+04 8.288522e-15 6.132446e+20 
4.437500e+04 9.221539e-15 5.522104e+20 
4.458333e+04 1.004949e-14 5.075378e+20 
4.479167e+04 1.048194e-14 4.870141e+20 
4.500000e+04 1.078567e-14 4.735775e+20 
4.520833e+04 1.069655e-14 4.774440e+20 
4.541667e+04 1.049315e-14 4.865008e+20 
4.562500e+04 9.991198e-15 5.104431e+20 
4.583333e+04 9.411183e-15 5.412824e+20 
4.604167e+04 8.659800e-15 5.873818e+20 
4.625000e+04 7.872998e-15 6.450817e+20 
4.645833e+04 7.033842e-15 7.208488e+20 
4.666667e+04 6.196934e-15 8.168504e+20 
4.687500e+04 5.395912e-15 9.366267e+20 
4.708333e+04 4.623190e-15 1.091504e+21 
4.729167e+04 3.936817e-15 1.280064e+21 
4.750000e+04 3.291568e-15 1.529032e+21 
4.770833e+04 2.749907e-15 1.828260e+21 
4.791667e+04 2.251293e-15 2.230944e+21 
4.812500e+04 1.850878e-15 2.711476e+21 
4.833333e+04 1.488633e-15 3.368783e+21 
4.854167e+04 1.207767e-15 4.150024e+21 
4.875000e+04 9.572965e-16 5.233038e+21 
4.895833e+04 7.683883e-16 6.517489e+21 
4.916667e+04 6.018984e-16 8.317048e+21 
4.937500e+04 4.789890e-16 1.044945e+22 
4.958333e+04 3.716993e-16 1.346175e+22 
4.979167e+04 2.937728e-16 1.703163e+22 
5.000000e+04 2.262784e-16 2.210673e+22 
5.020833e+04 1.778566e-16 2.812589e+22 
5.041667e+04 1.361904e-16 3.672349e+22 
5.062500e+04 1.065838e-16 4.692803e+22 
5.083333e+04 8.125426e-17 6.154573e+22 
5.104167e+04 6.339410e-17 7.889433e+22 
5.125000e+04 4.819479e-17 1.037568e+23 
5.145833e+04 3.753912e-17 1.332282e+23 
5.166667e+04 2.851414e-17 1.753642e+23 
5.187500e+04 2.220531e-17 2.252255e+23 
5.208333e+04 1.688329e-17 2.961667e+23 
5.229167e+04 1.315986e-17 3.800335e+23 
5.250000e+04 1.002883e-17 4.985853e+23 
5.270833e+04 7.829093e-18 6.387957e+23 
5.291667e+04 5.984414e-18 8.355395e+23 
5.312500e+04 4.680061e-18 1.068618e+24 
5.333333e+04 3.589249e-18 1.393109e+24 
5.354167e+04 2.812228e-18 1.778388e+24 
5.375000e+04 2.164911e-18 2.309678e+24 
5.395833e+04 1.701269e-18 2.939713e+24 
5.416667e+04 1.317855e-18 3.794231e+24 
5.437500e+04 1.042957e-18 4.795115e+24 
5.458333e+04 8.196433e-19 6.100364e+24 
5.479167e+04 6.579303e-19 7.601632e+24 
5.500000e+04 5.236356e-19 9.550151e+24 
5.520833e+04 4.268367e-19 1.000000e+25 
5.541667e+04 3.694355e-19 1.000000e+25 
5.562500e+04 3.645643e-19 1.000000e+25 
5.583333e+04 3.701404e-19 1.000000e+25 
5.604167e+04 3.651703e-19 1.000000e+25 
5.625000e+04 3.577206e-19 1.000000e+25 
5.645833e+04 3.496628e-19 1.000000e+25 
5.666667e+04 3.420609e-19 1.000000e+25 
5.687500e+04 3.353380e-19 1.000000e+25 
5.708333e+04 3.285747e-19 1.000000e+25 
5.729167e+04 3.218039e-19 1.000000e+25 
5.750000e+04 3.150454e-19 1.000000e+25 
5.770833e+04 3.084296e-19 1.000000e+25 
5.791667e+04 3.019815e-19 1.000000e+25 
5.812500e+04 2.957900e-19 1.000000e+25 
5.833333e+04 2.896808e-19 1.000000e+25 
5.854167e+04 2.837824e-19 1.000000e+25 
5.875000e+04 2.780106e-19 1.000000e+25 
5.895833e+04 2.724952e-19 1.000000e+25 
5.916667e+04 2.671003e-19 1.000000e+25 
5.937500e+04 2.619547e-19 1.000000e+25 
5.958333e+04 2.569324e-19 1.000000e+25 
5.979167e+04 2.521553e-19 1.000000e+25 
6.000000e+04 2.475003e-19 1.000000e+25 
6.020833e+04 2.430762e-19 1.000000e+25 
6.041667e+04 2.387705e-19 1.000000e+25 
6.062500e+04 2.346736e-19 1.000000e+25 
6.083333e+04 2.306888e-19 1.000000e+25 
6.104167e+04 2.268850e-19 1.000000e+25 
6.125000e+04 2.231852e-19 1.000000e+25 
6.145833e+04 2.196354e-19 1.000000e+25 
6.166667e+04 2.161808e-19 1.000000e+25 
6.187500e+04 2.128455e-19 1.000000e+25 
6.208333e+04 2.095965e-19 1.000000e+25 
6.229167e+04 2.064386e-19 1.000000e+25 
6.250000e+04 2.033589e-19 1.000000e+25 
6.270833e+04 2.003467e-19 1.000000e+25 
6.291667e+04 1.974055e-19 1.000000e+25 
6.312500e+04 1.945135e-19 1.000000e+25 
6.333333e+04 1.916864e-19 1.000000e+25 
6.354167e+04 1.888954e-19 1.000000e+25 
6.375000e+04 1.861645e-19 1.000000e+25 
6.395833e+04 1.834612e-19 1.000000e+25 
6.416667e+04 1.808141e-19 1.000000e+25 
6.437500e+04 1.781902e-19 1.000000e+25 
6.458333e+04 1.756192e-19 1.000000e+25 
6.479167e+04 1.730698e-19 1.000000e+25 
6.500000e+04 1.705707e-19 1.000000e+25 
6.520833e+04 1.680935e-19 1.000000e+25 
6.541667e+04 1.656643e-19 1.000000e+25 
6.562500e+04 1.632587e-19 1.000000e+25 
6.583333e+04 1.608991e-19 1.000000e+25 
6.604167e+04 1.585652e-19 1.000000e+25 
6.625000e+04 1.562754e-19 1.000000e+25 
6.645833e+04 1.540139e-19 1.000000e+25 
6.666667e+04 1.517945e-19 1.000000e+25 
6.687500e+04 1.496058e-19 1.000000e+25 
6.708333e+04 1.474575e-19 1.000000e+25 
6.729167e+04 1.453421e-19 1.000000e+25 
6.750000e+04 1.432652e-19 1.000000e+25 
6.770833e+04 1.412231e-19 1.000000e+25 
6.791667e+04 1.392180e-19 1.000000e+25 
6.812500e+04 1.372490e-19 1.000000e+25 
6.833333e+04 1.353154e-19 1.000000e+25 
6.854167e+04 1.334191e-19 1.000000e+25 
6.875000e+04 1.315566e-19 1.000000e+25 
6.895833e+04 1.297324e-19 1.000000e+25 
6.916667e+04 1.279405e-19 1.000000e+25 
6.937500e+04 1.261875e-19 1.000000e+25 
6.958333e+04 1.244655e-19 1.000000e+25 
6.979167e+04 1.227828e-19 1.000000e+25 
7.000000e+04 1.211299e-19 1.000000e+25 
7.020833e+04 1.195165e-19 1.000000e+25 
7.041667e+04 1.179319e-19 1.000000e+25 
7.062500e+04 1.163869e-19 1.000000e+25 
7.083333e+04 1.148697e-19 1.000000e+25 
7.104167e+04 1.133922e-19 1.000000e+25 
7.125000e+04 1.119417e-19 1.000000e+25 
7.145833e+04 1.105310e-19 1.000000e+25 
7.166667e+04 1.091465e-19 1.000000e+25 
7.187500e+04 1.078019e-19 1.000000e+25 
7.208333e+04 1.064829e-19 1.000000e+25 
7.229167e+04 1.052038e-19 1.000000e+25 
7.250000e+04 1.039500e-19 1.000000e+25 
7.270833e+04 1.027362e-19 1.000000e+25 
7.291667e+04 1.015472e-19 1.000000e+25 
7.312500e+04 1.003983e-19 1.000000e+25 
7.333333e+04 9.927418e-20 1.000000e+25 
7.354167e+04 9.819024e-20 1.000000e+25 
7.375000e+04 9.713092e-20 1.000000e+25 
7.395833e+04 9.611204e-20 1.000000e+25 
7.416667e+04 9.511775e-20 1.000000e+25 
7.437500e+04 9.416418e-20 1.000000e+25 
7.458333e+04 9.323525e-20 1.000000e+25 
7.479167e+04 9.234738e-20 1.000000e+25 
7.500000e+04 9.148428e-20 1.000000e+25 
7.520833e+04 9.066260e-20 1.000000e+25 
7.541667e+04 8.986587e-20 1.000000e+25 
7.562500e+04 8.911099e-20 1.000000e+25 
7.583333e+04 8.838128e-20 1.000000e+25 
7.604167e+04 8.769386e-20 1.000000e+25 
7.625000e+04 8.703188e-20 1.000000e+25 
7.645833e+04 8.641265e-20 1.000000e+25 
7.666667e+04 8.581913e-20 1.000000e+25 
7.687500e+04 8.526883e-20 1.000000e+25 
7.708333e+04 8.474455e-20 1.000000e+25 
7.729167e+04 8.426391e-20 1.000000e+25 
7.750000e+04 8.380960e-20 1.000000e+25 
7.770833e+04 8.339936e-20 1.000000e+25 
7.791667e+04 8.301572e-20 1.000000e+25 
7.812500e+04 8.267654e-20 1.000000e+25 
7.833333e+04 8.236421e-20 1.000000e+25 
7.854167e+04 8.209668e-20 1.000000e+25 
7.875000e+04 8.185621e-20 1.000000e+25 
7.895833e+04 8.166082e-20 1.000000e+25 
7.916667e+04 8.149266e-20 1.000000e+25 
7.937500e+04 8.136977e-20 1.000000e+25 
7.958333e+04 8.127424e-20 1.000000e+25 
7.979167e+04 8.122410e-20 1.000000e+25 
8.000000e+04 8.120139e-20 1.000000e+25 
