0.000000e+00 9.403152e-20 1.000000e+25 
4.166667e+02 9.413318e-20 1.000000e+25 
8.333333e+02 9.436083e-20 1.000000e+25 
1.250000e+03 9.479113e-20 1.000000e+25 
1.666667e+03 9.534658e-20 1.000000e+25 
2.083333e+03 9.610278e-20 1.000000e+25 
2.500000e+03 9.698261e-20 1.000000e+25 
2.916667e+03 9.806036e-20 1.000000e+25 
3.333333e+03 9.925984e-20 1.000000e+25 
3.750000e+03 1.006538e-19 1.000000e+25 
4.166667e+03 1.021677e-19 1.000000e+25 
4.583333e+03 1.038726e-19 1.000000e+25 
5.000000e+03 1.056961e-19 1.000000e+25 
5.416667e+03 1.077072e-19 1.000000e+25 
5.833333e+03 1.098366e-19 1.000000e+25 
6.250000e+03 1.121508e-19 1.000000e+25 
6.666667e+03 1.145844e-19 1.000000e+25 
7.083333e+03 1.172006e-19 1.000000e+25 
7.500000e+03 1.199390e-19 1.000000e+25 
7.916667e+03 1.228580e-19 1.000000e+25 
8.333333e+03 1.259041e-19 1.000000e+25 
8.750000e+03 1.291284e-19 1.000000e+25 
9.166667e+03 1.324867e-19 1.000000e+25 
9.583333e+03 1.360195e-19 1.000000e+25 
1.000000e+04 1.396952e-19 1.000000e+25 
1.041667e+04 1.435390e-19 1.000000e+25 
1.083333e+04 1.475364e-19 1.000000e+25 
1.125000e+04 1.516911e-19 1.000000e+25 
1.166667e+04 1.560113e-19 1.000000e+25 
1.208333e+04 1.604731e-19 1.000000e+25 
1.250000e+04 1.651131e-19 1.000000e+25 
1.291667e+04 1.698755e-19 1.000000e+25 
1.333333e+04 1.748295e-19 1.000000e+25 
1.375000e+04 1.798903e-19 1.000000e+25 
1.416667e+04 1.851583e-19 1.000000e+25 
1.458333e+04 1.905349e-19 1.000000e+25 
1.500000e+04 1.961397e-19 1.000000e+25 
1.541667e+04 2.018999e-19 1.000000e+25 
1.583333e+04 2.079233e-19 1.000000e+25 
1.625000e+04 2.142099e-19 1.000000e+25 
1.666667e+04 2.208054e-19 1.000000e+25 
1.708333e+04 2.278831e-19 1.000000e+25 
1.750000e+04 2.353618e-19 1.000000e+25 
1.791667e+04 2.434647e-19 1.000000e+25 
1.833333e+04 2.519409e-19 1.000000e+25 
1.875000e+04 2.615355e-19 1.000000e+25 
1.916667e+04 2.718655e-19 1.000000e+25 
1.958333e+04 2.826465e-19 1.000000e+25 
2.000000e+04 2.933065e-19 1.000000e+25 
2.041667e+04 3.056116e-19 1.000000e+25 
2.083333e+04 3.196848e-19 1.000000e+25 
2.125000e+04 3.350417e-19 1.000000e+25 
2.166667e+04 3.497444e-19 1.000000e+25 
2.208333e+04 3.635706e-19 1.000000e+25 
2.250000e+04 3.617820e-19 1.000000e+25 
2.291667e+04 3.456052e-19 1.000000e+25 
2.333333e+04 3.999051e-19 1.000000e+25 
2.375000e+04 6.469914e-19 7.767534e+24 
2.416667e+04 1.008570e-18 4.961957e+24 
2.458333e+04 1.658825e-18 3.025702e+24 
2.500000e+04 2.559417e-18 1.955291e+24 
2.541667e+04 4.355767e-18 1.152534e+24 
2.583333e+04 6.786966e-18 7.373501e+23 
2.625000e+04 1.164781e-17 4.308584e+23 
2.666667e+04 1.820532e-17 2.748737e+23 
2.708333e+04 3.126768e-17 1.604505e+23 
2.750000e+04 4.882715e-17 1.025251e+23 
2.791667e+04 8.338855e-17 6.017635e+22 
2.833333e+04 1.295415e-16 3.870057e+22 
2.875000e+04 2.167926e-16 2.318920e+22 
2.916667e+04 3.312259e-16 1.519553e+22 
2.958333e+04 5.301910e-16 9.535054e+21 
3.000000e+04 7.805643e-16 6.505558e+21 
3.041667e+04 1.165065e-15 4.392145e+21 
3.083333e+04 1.618322e-15 3.189594e+21 
3.125000e+04 2.216965e-15 2.355346e+21 
3.166667e+04 2.870904e-15 1.841601e+21 
3.208333e+04 3.610605e-15 1.484795e+21 
3.250000e+04 4.364818e-15 1.245515e+21 
3.291667e+04 5.101727e-15 1.080057e+21 
3.333333e+04 5.811421e-15 9.603664e+20 
3.375000e+04 6.392899e-15 8.821193e+20 
3.416667e+04 6.915169e-15 8.230400e+20 
3.458333e+04 7.180902e-15 7.962950e+20 
3.500000e+04 7.347962e-15 7.804541e+20 
3.541667e+04 7.105634e-15 8.036702e+20 
3.583333e+04 6.740800e-15 8.417534e+20 
3.625000e+04 5.855299e-15 9.539251e+20 
3.666667e+04 4.803954e-15 1.140798e+21 
3.708333e+04 3.652347e-15 1.469154e+21 
3.750000e+04 2.579925e-15 2.038030e+21 
3.791667e+04 2.103192e-15 2.477464e+21 
3.833333e+04 1.814718e-15 2.855222e+21 
3.875000e+04 1.665816e-15 3.101547e+21 
3.916667e+04 1.519990e-15 3.389500e+21 
3.958333e+04 1.469167e-15 3.503266e+21 
4.000000e+04 1.441119e-15 3.569519e+21 
4.041667e+04 1.469167e-15 3.503266e+21 
4.083333e+04 1.519990e-15 3.389500e+21 
4.125000e+04 1.665816e-15 3.101547e+21 
4.166667e+04 1.814718e-15 2.855222e+21 
4.208333e+04 2.103192e-15 2.477464e+21 
4.250000e+04 2.579925e-15 2.038030e+21 
4.291667e+04 3.652347e-15 1.469154e+21 
4.333333e+04 4.803954e-15 1.140798e+21 
4.375000e+04 5.855299e-15 9.539251e+20 
4.416667e+04 6.740800e-15 8.417534e+20 
4.458333e+04 7.105634e-15 8.036702e+20 
4.500000e+04 7.347962e-15 7.804541e+20 
4.541667e+04 7.180902e-15 7.962950e+20 
4.583333e+04 6.915169e-15 8.230400e+20 
4.625000e+04 6.392899e-15 8.821193e+20 
4.666667e+04 5.811421e-15 9.603664e+20 
4.708333e+04 5.101727e-15 1.080057e+21 
4.750000e+04 4.364818e-15 1.245515e+21 
4.791667e+04 3.610605e-15 1.484795e+21 
4.833333e+04 2.870904e-15 1.841601e+21 
4.875000e+04 2.216965e-15 2.355346e+21 
4.916667e+04 1.618322e-15 3.189594e+21 
4.958333e+04 1.165065e-15 4.392145e+21 
5.000000e+04 7.805643e-16 6.505558e+21 
5.041667e+04 5.301910e-16 9.535054e+21 
5.083333e+04 3.312259e-16 1.519553e+22 
5.125000e+04 2.167926e-16 2.318920e+22 
5.166667e+04 1.295415e-16 3.870057e+22 
5.208333e+04 8.338855e-17 6.017635e+22 
5.250000e+04 4.882715e-17 1.025251e+23 
5.291667e+04 3.126768e-17 1.604505e+23 
5.333333e+04 1.820532e-17 2.748737e+23 
5.375000e+04 1.164781e-17 4.308584e+23 
5.416667e+04 6.786966e-18 7.373501e+23 
5.458333e+04 4.355767e-18 1.152534e+24 
5.500000e+04 2.559417e-18 1.955291e+24 
5.541667e+04 1.658825e-18 3.025702e+24 
5.583333e+04 1.008570e-18 4.961957e+24 
5.625000e+04 6.469914e-19 7.767534e+24 
5.666667e+04 3.999051e-19 1.000000e+25 
5.708333e+04 3.456052e-19 1.000000e+25 
5.750000e+04 3.617820e-19 1.000000e+25 
5.791667e+04 3.635706e-19 1.000000e+25 
5.833333e+04 3.497444e-19 1.000000e+25 
5.875000e+04 3.350417e-19 1.000000e+25 
5.916667e+04 3.196848e-19 1.000000e+25 
5.958333e+04 3.056116e-19 1.000000e+25 
6.000000e+04 2.933065e-19 1.000000e+25 
6.041667e+04 2.826465e-19 1.000000e+25 
6.083333e+04 2.718655e-19 1.000000e+25 
6.125000e+04 2.615355e-19 1.000000e+25 
6.166667e+04 2.519409e-19 1.000000e+25 
6.208333e+04 2.434647e-19 1.000000e+25 
6.250000e+04 2.353618e-19 1.000000e+25 
6.291667e+04 2.278831e-19 1.000000e+25 
6.333333e+04 2.208054e-19 1.000000e+25 
6.375000e+04 2.142099e-19 1.000000e+25 
6.416667e+04 2.079233e-19 1.000000e+25 
6.458333e+04 2.018999e-19 1.000000e+25 
6.500000e+04 1.961397e-19 1.000000e+25 
6.541667e+04 1.905349e-19 1.000000e+25 
6.583333e+04 1.851583e-19 1.000000e+25 
6.625000e+04 1.798903e-19 1.000000e+25 
6.666667e+04 1.748295e-19 1.000000e+25 
6.708333e+04 1.698755e-19 1.000000e+25 
6.750000e+04 1.651131e-19 1.000000e+25 
6.791667e+04 1.604731e-19 1.000000e+25 
6.833333e+04 1.560113e-19 1.000000e+25 
6.875000e+04 1.516911e-19 1.000000e+25 
6.916667e+04 1.475364e-19 1.000000e+25 
6.958333e+04 1.435390e-19 1.000000e+25 
7.000000e+04 1.396952e-19 1.000000e+25 
7.041667e+04 1.360195e-19 1.000000e+25 
7.083333e+04 1.324867e-19 1.000000e+25 
7.125000e+04 1.291284e-19 1.000000e+25 
7.166667e+04 1.259041e-19 1.000000e+25 
7.208333e+04 1.228580e-19 1.000000e+25 
7.250000e+04 1.199390e-19 1.000000e+25 
7.291667e+04 1.172006e-19 1.000000e+25 
7.333333e+04 1.145844e-19 1.000000e+25 
7.375000e+04 1.121508e-19 1.000000e+25 
7.416667e+04 1.098366e-19 1.000000e+25 
7.458333e+04 1.077072e-19 1.000000e+25 
7.500000e+04 1.056961e-19 1.000000e+25 
7.541667e+04 1.038726e-19 1.000000e+25 
7.583333e+04 1.021677e-19 1.000000e+25 
7.625000e+04 1.006538e-19 1.000000e+25 
7.666667e+04 9.925984e-20 1.000000e+25 
7.708333e+04 9.806036e-20 1.000000e+25 
7.750000e+04 9.698261e-20 1.000000e+25 
7.791667e+04 9.610278e-20 1.000000e+25 
7.833333e+04 9.534658e-20 1.000000e+25 
7.875000e+04 9.479113e-20 1.000000e+25 
7.916667e+04 9.436083e-20 1.000000e+25 
7.958333e+04 9.413318e-20 1.000000e+25 
8.000000e+04 9.403152e-20 1.000000e+25 
