0.000000e+00 1.975863e-19 1.000000e+25 
3.125000e+02 1.977206e-19 1.000000e+25 
6.250000e+02 1.980163e-19 1.000000e+25 
9.375000e+02 1.985803e-19 1.000000e+25 
1.250000e+03 1.993048e-19 1.000000e+25 
1.562500e+03 2.002963e-19 1.000000e+25 
1.875000e+03 2.014467e-19 1.000000e+25 
2.187500e+03 2.028622e-19 1.000000e+25 
2.500000e+03 2.044344e-19 1.000000e+25 
2.812500e+03 2.062694e-19 1.000000e+25 
3.125000e+03 2.082582e-19 1.000000e+25 
3.437500e+03 2.105072e-19 1.000000e+25 
3.750000e+03 2.129072e-19 1.000000e+25 
4.062500e+03 2.155650e-19 1.000000e+25 
4.375000e+03 2.183706e-19 1.000000e+25 
4.687500e+03 2.214321e-19 1.000000e+25 
5.000000e+03 2.246387e-19 1.000000e+25 
5.312500e+03 2.281000e-19 1.000000e+25 
5.625000e+03 2.317041e-19 1.000000e+25 
5.937500e+03 2.355629e-19 1.000000e+25 
6.250000e+03 2.395628e-19 1.000000e+25 
6.562500e+03 2.438191e-19 1.000000e+25 
6.875000e+03 2.482156e-19 1.000000e+25 
7.187500e+03 2.528718e-19 1.000000e+25 
7.500000e+03 2.576683e-19 1.000000e+25 
7.812500e+03 2.627298e-19 1.000000e+25 
8.125000e+03 2.679326e-19 1.000000e+25 
8.437500e+03 2.734073e-19 1.000000e+25 
8.750000e+03 2.790253e-19 1.000000e+25 
9.062500e+03 2.849226e-19 1.000000e+25 
9.375000e+03 2.909659e-19 1.000000e+25 
9.687500e+03 2.972951e-19 1.000000e+25 
1.000000e+04 3.037730e-19 1.000000e+25 
1.031250e+04 3.105403e-19 1.000000e+25 
1.062500e+04 3.174587e-19 1.000000e+25 
1.093750e+04 3.246650e-19 1.000000e+25 
1.125000e+04 3.320237e-19 1.000000e+25 
1.156250e+04 3.396643e-19 1.000000e+25 
1.187500e+04 3.474585e-19 1.000000e+25 
1.218750e+04 3.555278e-19 1.000000e+25 
1.250000e+04 3.637532e-19 1.000000e+25 
1.281250e+04 3.722529e-19 1.000000e+25 
1.312500e+04 3.809148e-19 1.000000e+25 
1.343750e+04 3.898621e-19 1.000000e+25 
1.375000e+04 3.989820e-19 1.000000e+25 
1.406250e+04 4.084102e-19 1.000000e+25 
1.437500e+04 4.180239e-19 1.000000e+25 
1.468750e+04 4.279733e-19 1.000000e+25 
1.500000e+04 4.381209e-19 1.000000e+25 
1.531250e+04 4.486287e-19 1.000000e+25 
1.562500e+04 4.593450e-19 1.000000e+25 
1.593750e+04 4.704401e-19 1.000000e+25 
1.625000e+04 4.817520e-19 1.000000e+25 
1.656250e+04 4.934625e-19 1.000000e+25 
1.687500e+04 5.054001e-19 1.000000e+25 
1.718750e+04 5.177696e-19 1.000000e+25 
1.750000e+04 5.303820e-19 1.000000e+25 
1.781250e+04 5.434857e-19 1.000000e+25 
1.812500e+04 5.568559e-19 1.000000e+25 
1.843750e+04 5.708113e-19 1.000000e+25 
1.875000e+04 5.850673e-19 1.000000e+25 
1.906250e+04 6.000441e-19 1.000000e+25 
1.937500e+04 6.153681e-19 1.000000e+25 
1.968750e+04 6.315981e-19 1.000000e+25 
2.000000e+04 6.482370e-19 1.000000e+25 
2.031250e+04 6.660162e-19 1.000000e+25 
2.062500e+04 6.842794e-19 1.000000e+25 
2.093750e+04 7.039442e-19 1.000000e+25 
2.125000e+04 7.241734e-19 1.000000e+25 
2.156250e+04 7.460403e-19 1.000000e+25 
2.187500e+04 7.685399e-19 1.000000e+25 
2.218750e+04 7.928130e-19 1.000000e+25 
2.250000e+04 8.177577e-19 1.000000e+25 
2.281250e+04 8.444370e-19 1.000000e+25 
2.312500e+04 8.717875e-19 1.000000e+25 
2.343750e+04 9.006222e-19 1.000000e+25 
2.375000e+04 9.300983e-19 1.000000e+25 
2.406250e+04 9.606292e-19 1.000000e+25 
2.437500e+04 9.917752e-19 1.000000e+25 
2.468750e+04 1.023475e-18 1.000000e+25 
2.500000e+04 1.055814e-18 1.000000e+25 
2.531250e+04 1.088278e-18 1.000000e+25 
2.562500e+04 1.121502e-18 1.000000e+25 
2.593750e+04 1.154600e-18 1.000000e+25 
2.625000e+04 1.188690e-18 1.000000e+25 
2.656250e+04 1.222699e-18 1.000000e+25 
2.687500e+04 1.258117e-18 1.000000e+25 
2.718750e+04 1.293750e-18 1.000000e+25 
2.750000e+04 1.331294e-18 1.000000e+25 
2.781250e+04 1.369288e-18 1.000000e+25 
2.812500e+04 1.409730e-18 1.000000e+25 
2.843750e+04 1.451999e-18 1.000000e+25 
2.875000e+04 1.498182e-18 1.000000e+25 
2.906250e+04 1.547112e-18 1.000000e+25 
2.937500e+04 1.601833e-18 1.000000e+25 
2.968750e+04 1.654648e-18 1.000000e+25 
3.000000e+04 1.709554e-18 1.000000e+25 
3.031250e+04 1.773614e-18 1.000000e+25 
3.062500e+04 1.832468e-18 1.000000e+25 
3.093750e+04 1.839783e-18 1.000000e+25 
3.125000e+04 1.735169e-18 1.000000e+25 
3.156250e+04 2.307724e-18 1.000000e+25 
3.187500e+04 3.711645e-18 8.531420e+24 
3.218750e+04 1.401721e-17 2.282544e+24 
3.250000e+04 2.710584e-17 1.156348e+24 
3.281250e+04 7.628388e-17 4.133966e+23 
3.312500e+04 1.425024e-16 2.192081e+23 
3.343750e+04 3.577733e-16 8.734249e+22 
3.375000e+04 6.502785e-16 4.774212e+22 
3.406250e+04 1.402083e-15 2.207077e+22 
3.437500e+04 2.386600e-15 1.290543e+22 
3.468750e+04 4.284250e-15 7.148111e+21 
3.500000e+04 6.562645e-15 4.644230e+21 
3.531250e+04 9.623683e-15 3.138907e+21 
3.562500e+04 1.283170e-14 2.334261e+21 
3.593750e+04 1.545503e-14 1.905645e+21 
3.625000e+04 1.766874e-14 1.636061e+21 
3.656250e+04 1.765392e-14 1.583369e+21 
3.687500e+04 1.705055e-14 1.579823e+21 
3.718750e+04 1.370798e-14 1.861517e+21 
3.750000e+04 9.555917e-15 2.513356e+21 
3.781250e+04 5.000997e-15 4.555212e+21 
3.812500e+04 1.150824e-15 1.878205e+22 
3.843750e+04 4.119312e-16 5.087425e+22 
3.875000e+04 4.885944e-17 4.645517e+23 
3.906250e+04 1.260666e-17 2.029470e+24 
3.937500e+04 6.033876e-18 5.179040e+24 
3.968750e+04 3.653840e-18 7.095626e+24 
4.000000e+04 1.759416e-18 1.000000e+25 
4.031250e+04 3.653840e-18 7.095626e+24 
4.062500e+04 6.033876e-18 5.179040e+24 
4.093750e+04 1.260666e-17 2.029470e+24 
4.125000e+04 4.885944e-17 4.645517e+23 
4.156250e+04 4.119312e-16 5.087425e+22 
4.187500e+04 1.150824e-15 1.878205e+22 
4.218750e+04 5.000997e-15 4.555212e+21 
4.250000e+04 9.555917e-15 2.513356e+21 
4.281250e+04 1.370798e-14 1.861517e+21 
4.312500e+04 1.705055e-14 1.579823e+21 
4.343750e+04 1.765392e-14 1.583369e+21 
4.375000e+04 1.766874e-14 1.636061e+21 
4.406250e+04 1.545503e-14 1.905645e+21 
4.437500e+04 1.283170e-14 2.334261e+21 
4.468750e+04 9.623683e-15 3.138907e+21 
4.500000e+04 6.562645e-15 4.644230e+21 
4.531250e+04 4.284250e-15 7.148111e+21 
4.562500e+04 2.386600e-15 1.290543e+22 
4.593750e+04 1.402083e-15 2.207077e+22 
4.625000e+04 6.502785e-16 4.774212e+22 
4.656250e+04 3.577733e-16 8.734249e+22 
4.687500e+04 1.425024e-16 2.192081e+23 
4.718750e+04 7.628388e-17 4.133966e+23 
4.750000e+04 2.710584e-17 1.156348e+24 
4.781250e+04 1.401721e-17 2.282544e+24 
4.812500e+04 3.711645e-18 8.531420e+24 
4.843750e+04 2.307724e-18 1.000000e+25 
4.875000e+04 1.735169e-18 1.000000e+25 
4.906250e+04 1.839783e-18 1.000000e+25 
4.937500e+04 1.832468e-18 1.000000e+25 
4.968750e+04 1.773614e-18 1.000000e+25 
5.000000e+04 1.709554e-18 1.000000e+25 
5.031250e+04 1.654648e-18 1.000000e+25 
5.062500e+04 1.601833e-18 1.000000e+25 
5.093750e+04 1.547112e-18 1.000000e+25 
5.125000e+04 1.498182e-18 1.000000e+25 
5.156250e+04 1.451999e-18 1.000000e+25 
5.187500e+04 1.409730e-18 1.000000e+25 
5.218750e+04 1.369288e-18 1.000000e+25 
5.250000e+04 1.331294e-18 1.000000e+25 
5.281250e+04 1.293750e-18 1.000000e+25 
5.312500e+04 1.258117e-18 1.000000e+25 
5.343750e+04 1.222699e-18 1.000000e+25 
5.375000e+04 1.188690e-18 1.000000e+25 
5.406250e+04 1.154600e-18 1.000000e+25 
5.437500e+04 1.121502e-18 1.000000e+25 
5.468750e+04 1.088278e-18 1.000000e+25 
5.500000e+04 1.055814e-18 1.000000e+25 
5.531250e+04 1.023475e-18 1.000000e+25 
5.562500e+04 9.917752e-19 1.000000e+25 
5.593750e+04 9.606292e-19 1.000000e+25 
5.625000e+04 9.300983e-19 1.000000e+25 
5.656250e+04 9.006222e-19 1.000000e+25 
5.687500e+04 8.717875e-19 1.000000e+25 
5.718750e+04 8.444370e-19 1.000000e+25 
5.750000e+04 8.177577e-19 1.000000e+25 
5.781250e+04 7.928130e-19 1.000000e+25 
5.812500e+04 7.685399e-19 1.000000e+25 
5.843750e+04 7.460403e-19 1.000000e+25 
5.875000e+04 7.241734e-19 1.000000e+25 
5.906250e+04 7.039442e-19 1.000000e+25 
5.937500e+04 6.842794e-19 1.000000e+25 
5.968750e+04 6.660162e-19 1.000000e+25 
6.000000e+04 6.482370e-19 1.000000e+25 
6.031250e+04 6.315981e-19 1.000000e+25 
6.062500e+04 6.153681e-19 1.000000e+25 
6.093750e+04 6.000441e-19 1.000000e+25 
6.125000e+04 5.850673e-19 1.000000e+25 
6.156250e+04 5.708113e-19 1.000000e+25 
6.187500e+04 5.568559e-19 1.000000e+25 
6.218750e+04 5.434857e-19 1.000000e+25 
6.250000e+04 5.303820e-19 1.000000e+25 
6.281250e+04 5.177696e-19 1.000000e+25 
6.312500e+04 5.054001e-19 1.000000e+25 
6.343750e+04 4.934625e-19 1.000000e+25 
6.375000e+04 4.817520e-19 1.000000e+25 
6.406250e+04 4.704401e-19 1.000000e+25 
6.437500e+04 4.593450e-19 1.000000e+25 
6.468750e+04 4.486287e-19 1.000000e+25 
6.500000e+04 4.381209e-19 1.000000e+25 
6.531250e+04 4.279733e-19 1.000000e+25 
6.562500e+04 4.180239e-19 1.000000e+25 
6.593750e+04 4.084102e-19 1.000000e+25 
6.625000e+04 3.989820e-19 1.000000e+25 
6.656250e+04 3.898621e-19 1.000000e+25 
6.687500e+04 3.809148e-19 1.000000e+25 
6.718750e+04 3.722529e-19 1.000000e+25 
6.750000e+04 3.637532e-19 1.000000e+25 
6.781250e+04 3.555278e-19 1.000000e+25 
6.812500e+04 3.474585e-19 1.000000e+25 
6.843750e+04 3.396643e-19 1.000000e+25 
6.875000e+04 3.320237e-19 1.000000e+25 
6.906250e+04 3.246650e-19 1.000000e+25 
6.937500e+04 3.174587e-19 1.000000e+25 
6.968750e+04 3.105403e-19 1.000000e+25 
7.000000e+04 3.037730e-19 1.000000e+25 
7.031250e+04 2.972951e-19 1.000000e+25 
7.062500e+04 2.909659e-19 1.000000e+25 
7.093750e+04 2.849226e-19 1.000000e+25 
7.125000e+04 2.790253e-19 1.000000e+25 
7.156250e+04 2.734073e-19 1.000000e+25 
7.187500e+04 2.679326e-19 1.000000e+25 
7.218750e+04 2.627298e-19 1.000000e+25 
7.250000e+04 2.576683e-19 1.000000e+25 
7.281250e+04 2.528718e-19 1.000000e+25 
7.312500e+04 2.482156e-19 1.000000e+25 
7.343750e+04 2.438191e-19 1.000000e+25 
7.375000e+04 2.395628e-19 1.000000e+25 
7.406250e+04 2.355629e-19 1.000000e+25 
7.437500e+04 2.317041e-19 1.000000e+25 
7.468750e+04 2.281000e-19 1.000000e+25 
7.500000e+04 2.246387e-19 1.000000e+25 
7.531250e+04 2.214321e-19 1.000000e+25 
7.562500e+04 2.183706e-19 1.000000e+25 
7.593750e+04 2.155650e-19 1.000000e+25 
7.625000e+04 2.129072e-19 1.000000e+25 
7.656250e+04 2.105072e-19 1.000000e+25 
7.687500e+04 2.082582e-19 1.000000e+25 
7.718750e+04 2.062694e-19 1.000000e+25 
7.750000e+04 2.044344e-19 1.000000e+25 
7.781250e+04 2.028622e-19 1.000000e+25 
7.812500e+04 2.014467e-19 1.000000e+25 
7.843750e+04 2.002963e-19 1.000000e+25 
7.875000e+04 1.993048e-19 1.000000e+25 
7.906250e+04 1.985803e-19 1.000000e+25 
7.937500e+04 1.980163e-19 1.000000e+25 
7.968750e+04 1.977206e-19 1.000000e+25 
8.000000e+04 1.975863e-19 1.000000e+25 
