0.000000e+00 7.939827e-20 1.000000e+25 
3.125000e+02 7.944848e-20 1.000000e+25 
6.250000e+02 7.955908e-20 1.000000e+25 
9.375000e+02 7.976989e-20 1.000000e+25 
1.250000e+03 8.004079e-20 1.000000e+25 
1.562500e+03 8.041129e-20 1.000000e+25 
1.875000e+03 8.084130e-20 1.000000e+25 
2.187500e+03 8.136994e-20 1.000000e+25 
2.500000e+03 8.195729e-20 1.000000e+25 
2.812500e+03 8.264202e-20 1.000000e+25 
3.125000e+03 8.338451e-20 1.000000e+25 
3.437500e+03 8.422295e-20 1.000000e+25 
3.750000e+03 8.511812e-20 1.000000e+25 
4.062500e+03 8.610771e-20 1.000000e+25 
4.375000e+03 8.715305e-20 1.000000e+25 
4.687500e+03 8.829127e-20 1.000000e+25 
5.000000e+03 8.948439e-20 1.000000e+25 
5.312500e+03 9.076896e-20 1.000000e+25 
5.625000e+03 9.210779e-20 1.000000e+25 
5.937500e+03 9.353682e-20 1.000000e+25 
6.250000e+03 9.501976e-20 1.000000e+25 
6.562500e+03 9.659190e-20 1.000000e+25 
6.875000e+03 9.821799e-20 1.000000e+25 
7.187500e+03 9.993255e-20 1.000000e+25 
7.500000e+03 1.017015e-19 1.000000e+25 
7.812500e+03 1.035586e-19 1.000000e+25 
8.125000e+03 1.054710e-19 1.000000e+25 
8.437500e+03 1.074713e-19 1.000000e+25 
8.750000e+03 1.095286e-19 1.000000e+25 
9.062500e+03 1.116736e-19 1.000000e+25 
9.375000e+03 1.138778e-19 1.000000e+25 
9.687500e+03 1.161698e-19 1.000000e+25 
1.000000e+04 1.185239e-19 1.000000e+25 
1.031250e+04 1.209654e-19 1.000000e+25 
1.062500e+04 1.234725e-19 1.000000e+25 
1.093750e+04 1.260664e-19 1.000000e+25 
1.125000e+04 1.287301e-19 1.000000e+25 
1.156250e+04 1.314790e-19 1.000000e+25 
1.187500e+04 1.343025e-19 1.000000e+25 
1.218750e+04 1.372087e-19 1.000000e+25 
1.250000e+04 1.401946e-19 1.000000e+25 
1.281250e+04 1.432590e-19 1.000000e+25 
1.312500e+04 1.464089e-19 1.000000e+25 
1.343750e+04 1.496314e-19 1.000000e+25 
1.375000e+04 1.529452e-19 1.000000e+25 
1.406250e+04 1.563242e-19 1.000000e+25 
1.437500e+04 1.598008e-19 1.000000e+25 
1.468750e+04 1.633343e-19 1.000000e+25 
1.500000e+04 1.669719e-19 1.000000e+25 
1.531250e+04 1.706593e-19 1.000000e+25 
1.562500e+04 1.744581e-19 1.000000e+25 
1.593750e+04 1.783043e-19 1.000000e+25 
1.625000e+04 1.822707e-19 1.000000e+25 
1.656250e+04 1.862923e-19 1.000000e+25 
1.687500e+04 1.904455e-19 1.000000e+25 
1.718750e+04 1.946787e-19 1.000000e+25 
1.750000e+04 1.990597e-19 1.000000e+25 
1.781250e+04 2.035686e-19 1.000000e+25 
1.812500e+04 2.082471e-19 1.000000e+25 
1.843750e+04 2.131272e-19 1.000000e+25 
1.875000e+04 2.182040e-19 1.000000e+25 
1.906250e+04 2.235788e-19 1.000000e+25 
1.937500e+04 2.291819e-19 1.000000e+25 
1.968750e+04 2.351798e-19 1.000000e+25 
2.000000e+04 2.414275e-19 1.000000e+25 
2.031250e+04 2.481842e-19 1.000000e+25 
2.062500e+04 2.552332e-19 1.000000e+25 
2.093750e+04 2.627655e-19 1.000000e+25 
2.125000e+04 2.705089e-19 1.000000e+25 
2.156250e+04 2.790153e-19 1.000000e+25 
2.187500e+04 2.880247e-19 1.000000e+25 
2.218750e+04 2.970559e-19 1.000000e+25 
2.250000e+04 3.057860e-19 1.000000e+25 
2.281250e+04 3.154012e-19 1.000000e+25 
2.312500e+04 3.262819e-19 1.000000e+25 
2.343750e+04 3.379205e-19 1.000000e+25 
2.375000e+04 3.496874e-19 1.000000e+25 
2.406250e+04 3.591292e-19 1.000000e+25 
2.437500e+04 3.565204e-19 1.000000e+25 
2.468750e+04 3.469540e-19 1.000000e+25 
2.500000e+04 3.843752e-19 1.000000e+25 
2.531250e+04 5.396382e-19 9.283820e+24 
2.562500e+04 7.633097e-19 6.552559e+24 
2.593750e+04 1.104649e-18 4.531764e+24 
2.625000e+04 1.560397e-18 3.204993e+24 
2.656250e+04 2.330078e-18 2.148741e+24 
2.687500e+04 3.333369e-18 1.500333e+24 
2.718750e+04 5.057721e-18 9.899009e+23 
2.750000e+04 7.279745e-18 6.869511e+23 
2.781250e+04 1.113980e-17 4.493776e+23 
2.812500e+04 1.608658e-17 3.108534e+23 
2.843750e+04 2.474168e-17 2.022994e+23 
2.875000e+04 3.578265e-17 1.397444e+23 
2.906250e+04 5.498777e-17 9.101097e+22 
2.937500e+04 7.930963e-17 6.304818e+22 
2.968750e+04 1.210568e-16 4.133402e+22 
3.000000e+04 1.734527e-16 2.882808e+22 
3.031250e+04 2.618814e-16 1.910436e+22 
3.062500e+04 3.717931e-16 1.344949e+22 
3.093750e+04 5.527662e-16 9.049975e+21 
3.125000e+04 7.749017e-16 6.453444e+21 
3.156250e+04 1.126990e-15 4.438643e+21 
3.187500e+04 1.551326e-15 3.224050e+21 
3.218750e+04 2.186981e-15 2.287506e+21 
3.250000e+04 2.932753e-15 1.705885e+21 
3.281250e+04 3.960732e-15 1.263428e+21 
3.312500e+04 5.119404e-15 9.776792e+20 
3.343750e+04 6.524132e-15 7.673854e+20 
3.375000e+04 8.008970e-15 6.253014e+20 
3.406250e+04 9.443868e-15 5.304544e+20 
3.437500e+04 1.078251e-14 4.647141e+20 
3.468750e+04 1.146815e-14 4.370140e+20 
3.500000e+04 1.180106e-14 4.246914e+20 
3.531250e+04 1.098624e-14 4.561354e+20 
3.562500e+04 9.779043e-15 5.123016e+20 
3.593750e+04 7.775751e-15 6.440246e+20 
3.625000e+04 5.694628e-15 8.790204e+20 
3.656250e+04 3.984080e-15 1.256358e+21 
3.687500e+04 2.514685e-15 1.989389e+21 
3.718750e+04 1.891259e-15 2.645558e+21 
3.750000e+04 1.474413e-15 3.392179e+21 
3.781250e+04 1.306830e-15 3.827105e+21 
3.812500e+04 1.159676e-15 4.312566e+21 
3.843750e+04 1.047103e-15 4.776132e+21 
3.875000e+04 9.309215e-16 5.372045e+21 
3.906250e+04 8.555104e-16 5.845524e+21 
3.937500e+04 7.951082e-16 6.289452e+21 
3.968750e+04 7.712864e-16 6.483759e+21 
4.000000e+04 7.570807e-16 6.605318e+21 
4.031250e+04 7.712864e-16 6.483759e+21 
4.062500e+04 7.951082e-16 6.289452e+21 
4.093750e+04 8.555104e-16 5.845524e+21 
4.125000e+04 9.309215e-16 5.372045e+21 
4.156250e+04 1.047103e-15 4.776132e+21 
4.187500e+04 1.159676e-15 4.312566e+21 
4.218750e+04 1.306830e-15 3.827105e+21 
4.250000e+04 1.474413e-15 3.392179e+21 
4.281250e+04 1.891259e-15 2.645558e+21 
4.312500e+04 2.514685e-15 1.989389e+21 
4.343750e+04 3.984080e-15 1.256358e+21 
4.375000e+04 5.694628e-15 8.790204e+20 
4.406250e+04 7.775751e-15 6.440246e+20 
4.437500e+04 9.779043e-15 5.123016e+20 
4.468750e+04 1.098624e-14 4.561354e+20 
4.500000e+04 1.180106e-14 4.246914e+20 
4.531250e+04 1.146815e-14 4.370140e+20 
4.562500e+04 1.078251e-14 4.647141e+20 
4.593750e+04 9.443868e-15 5.304544e+20 
4.625000e+04 8.008970e-15 6.253014e+20 
4.656250e+04 6.524132e-15 7.673854e+20 
4.687500e+04 5.119404e-15 9.776792e+20 
4.718750e+04 3.960732e-15 1.263428e+21 
4.750000e+04 2.932753e-15 1.705885e+21 
4.781250e+04 2.186981e-15 2.287506e+21 
4.812500e+04 1.551326e-15 3.224050e+21 
4.843750e+04 1.126990e-15 4.438643e+21 
4.875000e+04 7.749017e-16 6.453444e+21 
4.906250e+04 5.527662e-16 9.049975e+21 
4.937500e+04 3.717931e-16 1.344949e+22 
4.968750e+04 2.618814e-16 1.910436e+22 
5.000000e+04 1.734527e-16 2.882808e+22 
5.031250e+04 1.210568e-16 4.133402e+22 
5.062500e+04 7.930963e-17 6.304818e+22 
5.093750e+04 5.498777e-17 9.101097e+22 
5.125000e+04 3.578265e-17 1.397444e+23 
5.156250e+04 2.474168e-17 2.022994e+23 
5.187500e+04 1.608658e-17 3.108534e+23 
5.218750e+04 1.113980e-17 4.493776e+23 
5.250000e+04 7.279745e-18 6.869511e+23 
5.281250e+04 5.057721e-18 9.899009e+23 
5.312500e+04 3.333369e-18 1.500333e+24 
5.343750e+04 2.330078e-18 2.148741e+24 
5.375000e+04 1.560397e-18 3.204993e+24 
5.406250e+04 1.104649e-18 4.531764e+24 
5.437500e+04 7.633097e-19 6.552559e+24 
5.468750e+04 5.396382e-19 9.283820e+24 
5.500000e+04 3.843752e-19 1.000000e+25 
5.531250e+04 3.469540e-19 1.000000e+25 
5.562500e+04 3.565204e-19 1.000000e+25 
5.593750e+04 3.591292e-19 1.000000e+25 
5.625000e+04 3.496874e-19 1.000000e+25 
5.656250e+04 3.379205e-19 1.000000e+25 
5.687500e+04 3.262819e-19 1.000000e+25 
5.718750e+04 3.154012e-19 1.000000e+25 
5.750000e+04 3.057860e-19 1.000000e+25 
5.781250e+04 2.970559e-19 1.000000e+25 
5.812500e+04 2.880247e-19 1.000000e+25 
5.843750e+04 2.790153e-19 1.000000e+25 
5.875000e+04 2.705089e-19 1.000000e+25 
5.906250e+04 2.627655e-19 1.000000e+25 
5.937500e+04 2.552332e-19 1.000000e+25 
5.968750e+04 2.481842e-19 1.000000e+25 
6.000000e+04 2.414275e-19 1.000000e+25 
6.031250e+04 2.351798e-19 1.000000e+25 
6.062500e+04 2.291819e-19 1.000000e+25 
6.093750e+04 2.235788e-19 1.000000e+25 
6.125000e+04 2.182040e-19 1.000000e+25 
6.156250e+04 2.131272e-19 1.000000e+25 
6.187500e+04 2.082471e-19 1.000000e+25 
6.218750e+04 2.035686e-19 1.000000e+25 
6.250000e+04 1.990597e-19 1.000000e+25 
6.281250e+04 1.946787e-19 1.000000e+25 
6.312500e+04 1.904455e-19 1.000000e+25 
6.343750e+04 1.862923e-19 1.000000e+25 
6.375000e+04 1.822707e-19 1.000000e+25 
6.406250e+04 1.783043e-19 1.000000e+25 
6.437500e+04 1.744581e-19 1.000000e+25 
6.468750e+04 1.706593e-19 1.000000e+25 
6.500000e+04 1.669719e-19 1.000000e+25 
6.531250e+04 1.633343e-19 1.000000e+25 
6.562500e+04 1.598008e-19 1.000000e+25 
6.593750e+04 1.563242e-19 1.000000e+25 
6.625000e+04 1.529452e-19 1.000000e+25 
6.656250e+04 1.496314e-19 1.000000e+25 
6.687500e+04 1.464089e-19 1.000000e+25 
6.718750e+04 1.432590e-19 1.000000e+25 
6.750000e+04 1.401946e-19 1.000000e+25 
6.781250e+04 1.372087e-19 1.000000e+25 
6.812500e+04 1.343025e-19 1.000000e+25 
6.843750e+04 1.314790e-19 1.000000e+25 
6.875000e+04 1.287301e-19 1.000000e+25 
6.906250e+04 1.260664e-19 1.000000e+25 
6.937500e+04 1.234725e-19 1.000000e+25 
6.968750e+04 1.209654e-19 1.000000e+25 
7.000000e+04 1.185239e-19 1.000000e+25 
7.031250e+04 1.161698e-19 1.000000e+25 
7.062500e+04 1.138778e-19 1.000000e+25 
7.093750e+04 1.116736e-19 1.000000e+25 
7.125000e+04 1.095286e-19 1.000000e+25 
7.156250e+04 1.074713e-19 1.000000e+25 
7.187500e+04 1.054710e-19 1.000000e+25 
7.218750e+04 1.035585e-19 1.000000e+25 
7.250000e+04 1.017015e-19 1.000000e+25 
7.281250e+04 9.993255e-20 1.000000e+25 
7.312500e+04 9.821799e-20 1.000000e+25 
7.343750e+04 9.659190e-20 1.000000e+25 
7.375000e+04 9.501976e-20 1.000000e+25 
7.406250e+04 9.353682e-20 1.000000e+25 
7.437500e+04 9.210779e-20 1.000000e+25 
7.468750e+04 9.076896e-20 1.000000e+25 
7.500000e+04 8.948439e-20 1.000000e+25 
7.531250e+04 8.829127e-20 1.000000e+25 
7.562500e+04 8.715305e-20 1.000000e+25 
7.593750e+04 8.610771e-20 1.000000e+25 
7.625000e+04 8.511812e-20 1.000000e+25 
7.656250e+04 8.422295e-20 1.000000e+25 
7.687500e+04 8.338451e-20 1.000000e+25 
7.718750e+04 8.264202e-20 1.000000e+25 
7.750000e+04 8.195729e-20 1.000000e+25 
7.781250e+04 8.136994e-20 1.000000e+25 
7.812500e+04 8.084130e-20 1.000000e+25 
7.843750e+04 8.041129e-20 1.000000e+25 
7.875000e+04 8.004079e-20 1.000000e+25 
7.906250e+04 7.976989e-20 1.000000e+25 
7.937500e+04 7.955908e-20 1.000000e+25 
7.968750e+04 7.944848e-20 1.000000e+25 
8.000000e+04 7.939827e-20 1.000000e+25 
