0.000000e+00 1.929097e-19 1.000000e+25 
3.125000e+02 1.930401e-19 1.000000e+25 
6.250000e+02 1.933274e-19 1.000000e+25 
9.375000e+02 1.938750e-19 1.000000e+25 
1.250000e+03 1.945788e-19 1.000000e+25 
1.562500e+03 1.955417e-19 1.000000e+25 
1.875000e+03 1.966591e-19 1.000000e+25 
2.187500e+03 1.980338e-19 1.000000e+25 
2.500000e+03 1.995609e-19 1.000000e+25 
2.812500e+03 2.013428e-19 1.000000e+25 
3.125000e+03 2.032745e-19 1.000000e+25 
3.437500e+03 2.054584e-19 1.000000e+25 
3.750000e+03 2.077892e-19 1.000000e+25 
4.062500e+03 2.103698e-19 1.000000e+25 
4.375000e+03 2.130943e-19 1.000000e+25 
4.687500e+03 2.160664e-19 1.000000e+25 
5.000000e+03 2.191798e-19 1.000000e+25 
5.312500e+03 2.225394e-19 1.000000e+25 
5.625000e+03 2.260379e-19 1.000000e+25 
5.937500e+03 2.297823e-19 1.000000e+25 
6.250000e+03 2.336640e-19 1.000000e+25 
6.562500e+03 2.377928e-19 1.000000e+25 
6.875000e+03 2.420579e-19 1.000000e+25 
7.187500e+03 2.465730e-19 1.000000e+25 
7.500000e+03 2.512245e-19 1.000000e+25 
7.812500e+03 2.561310e-19 1.000000e+25 
8.125000e+03 2.611750e-19 1.000000e+25 
8.437500e+03 2.664808e-19 1.000000e+25 
8.750000e+03 2.719265e-19 1.000000e+25 
9.062500e+03 2.776424e-19 1.000000e+25 
9.375000e+03 2.835014e-19 1.000000e+25 
9.687500e+03 2.896396e-19 1.000000e+25 
1.000000e+04 2.959247e-19 1.000000e+25 
1.031250e+04 3.024967e-19 1.000000e+25 
1.062500e+04 3.092194e-19 1.000000e+25 
1.093750e+04 3.162329e-19 1.000000e+25 
1.125000e+04 3.234003e-19 1.000000e+25 
1.156250e+04 3.308568e-19 1.000000e+25 
1.187500e+04 3.384698e-19 1.000000e+25 
1.218750e+04 3.463653e-19 1.000000e+25 
1.250000e+04 3.544196e-19 1.000000e+25 
1.281250e+04 3.627502e-19 1.000000e+25 
1.312500e+04 3.712441e-19 1.000000e+25 
1.343750e+04 3.800150e-19 1.000000e+25 
1.375000e+04 3.889578e-19 1.000000e+25 
1.406250e+04 3.981913e-19 1.000000e+25 
1.437500e+04 4.076097e-19 1.000000e+25 
1.468750e+04 4.173421e-19 1.000000e+25 
1.500000e+04 4.272742e-19 1.000000e+25 
1.531250e+04 4.375446e-19 1.000000e+25 
1.562500e+04 4.480279e-19 1.000000e+25 
1.593750e+04 4.588656e-19 1.000000e+25 
1.625000e+04 4.699264e-19 1.000000e+25 
1.656250e+04 4.813488e-19 1.000000e+25 
1.687500e+04 4.930025e-19 1.000000e+25 
1.718750e+04 5.050276e-19 1.000000e+25 
1.750000e+04 5.172955e-19 1.000000e+25 
1.781250e+04 5.299605e-19 1.000000e+25 
1.812500e+04 5.428856e-19 1.000000e+25 
1.843750e+04 5.562565e-19 1.000000e+25 
1.875000e+04 5.699105e-19 1.000000e+25 
1.906250e+04 5.840776e-19 1.000000e+25 
1.937500e+04 5.985537e-19 1.000000e+25 
1.968750e+04 6.136146e-19 1.000000e+25 
2.000000e+04 6.290078e-19 1.000000e+25 
2.031250e+04 6.450512e-19 1.000000e+25 
2.062500e+04 6.614458e-19 1.000000e+25 
2.093750e+04 6.785514e-19 1.000000e+25 
2.125000e+04 6.960262e-19 1.000000e+25 
2.156250e+04 7.142882e-19 1.000000e+25 
2.187500e+04 7.329457e-19 1.000000e+25 
2.218750e+04 7.525335e-19 1.000000e+25 
2.250000e+04 7.725724e-19 1.000000e+25 
2.281250e+04 7.938243e-19 1.000000e+25 
2.312500e+04 8.156343e-19 1.000000e+25 
2.343750e+04 8.391259e-19 1.000000e+25 
2.375000e+04 8.633369e-19 1.000000e+25 
2.406250e+04 8.898232e-19 1.000000e+25 
2.437500e+04 9.172042e-19 1.000000e+25 
2.468750e+04 9.473522e-19 1.000000e+25 
2.500000e+04 9.784941e-19 1.000000e+25 
2.531250e+04 1.012514e-18 1.000000e+25 
2.562500e+04 1.047488e-18 1.000000e+25 
2.593750e+04 1.084894e-18 1.000000e+25 
2.625000e+04 1.123073e-18 1.000000e+25 
2.656250e+04 1.162728e-18 1.000000e+25 
2.687500e+04 1.202908e-18 1.000000e+25 
2.718750e+04 1.243296e-18 1.000000e+25 
2.750000e+04 1.284001e-18 1.000000e+25 
2.781250e+04 1.323746e-18 1.000000e+25 
2.812500e+04 1.363734e-18 1.000000e+25 
2.843750e+04 1.401711e-18 1.000000e+25 
2.875000e+04 1.440153e-18 1.000000e+25 
2.906250e+04 1.476980e-18 1.000000e+25 
2.937500e+04 1.514726e-18 1.000000e+25 
2.968750e+04 1.549279e-18 1.000000e+25 
3.000000e+04 1.585839e-18 1.000000e+25 
3.031250e+04 1.625838e-18 1.000000e+25 
3.062500e+04 1.669868e-18 1.000000e+25 
3.093750e+04 1.709228e-18 1.000000e+25 
3.125000e+04 1.761239e-18 1.000000e+25 
3.156250e+04 1.804368e-18 1.000000e+25 
3.187500e+04 1.853691e-18 1.000000e+25 
3.218750e+04 1.926241e-18 1.000000e+25 
3.250000e+04 1.688765e-18 1.000000e+25 
3.281250e+04 4.381016e-18 7.160540e+24 
3.312500e+04 8.207466e-18 3.946230e+24 
3.343750e+04 2.985142e-17 1.131925e+24 
3.375000e+04 5.571956e-17 5.848091e+23 
3.406250e+04 1.761359e-16 1.891693e+23 
3.437500e+04 3.240623e-16 9.902760e+22 
3.468750e+04 8.890600e-16 3.644702e+22 
3.500000e+04 1.606035e-15 1.958169e+22 
3.531250e+04 3.603652e-15 8.690523e+21 
3.562500e+04 6.111819e-15 5.002799e+21 
3.593750e+04 1.043682e-14 2.873731e+21 
3.625000e+04 1.530248e-14 1.917666e+21 
3.656250e+04 1.819888e-14 1.558253e+21 
3.687500e+04 1.970480e-14 1.402086e+21 
3.718750e+04 1.494211e-14 1.786448e+21 
3.750000e+04 9.114984e-15 2.844775e+21 
3.781250e+04 4.381826e-15 5.845120e+21 
3.812500e+04 8.935694e-16 2.722932e+22 
3.843750e+04 4.861742e-16 5.483201e+22 
3.875000e+04 1.282258e-16 2.099454e+23 
3.906250e+04 1.105596e-16 2.487141e+23 
3.937500e+04 7.637692e-17 3.594099e+23 
3.968750e+04 5.952996e-17 4.594150e+23 
4.000000e+04 4.283167e-17 6.181539e+23 
4.031250e+04 5.952996e-17 4.594150e+23 
4.062500e+04 7.637692e-17 3.594099e+23 
4.093750e+04 1.105596e-16 2.487141e+23 
4.125000e+04 1.282258e-16 2.099454e+23 
4.156250e+04 4.861742e-16 5.483201e+22 
4.187500e+04 8.935694e-16 2.722932e+22 
4.218750e+04 4.381826e-15 5.845120e+21 
4.250000e+04 9.114984e-15 2.844775e+21 
4.281250e+04 1.494211e-14 1.786448e+21 
4.312500e+04 1.970480e-14 1.402086e+21 
4.343750e+04 1.819888e-14 1.558253e+21 
4.375000e+04 1.530248e-14 1.917666e+21 
4.406250e+04 1.043682e-14 2.873731e+21 
4.437500e+04 6.111819e-15 5.002799e+21 
4.468750e+04 3.603652e-15 8.690523e+21 
4.500000e+04 1.606035e-15 1.958169e+22 
4.531250e+04 8.890600e-16 3.644702e+22 
4.562500e+04 3.240623e-16 9.902760e+22 
4.593750e+04 1.761359e-16 1.891693e+23 
4.625000e+04 5.571956e-17 5.848091e+23 
4.656250e+04 2.985142e-17 1.131925e+24 
4.687500e+04 8.207466e-18 3.946230e+24 
4.718750e+04 4.381016e-18 7.160540e+24 
4.750000e+04 1.688765e-18 1.000000e+25 
4.781250e+04 1.926241e-18 1.000000e+25 
4.812500e+04 1.853691e-18 1.000000e+25 
4.843750e+04 1.804368e-18 1.000000e+25 
4.875000e+04 1.761239e-18 1.000000e+25 
4.906250e+04 1.709228e-18 1.000000e+25 
4.937500e+04 1.669868e-18 1.000000e+25 
4.968750e+04 1.625838e-18 1.000000e+25 
5.000000e+04 1.585839e-18 1.000000e+25 
5.031250e+04 1.549279e-18 1.000000e+25 
5.062500e+04 1.514726e-18 1.000000e+25 
5.093750e+04 1.476980e-18 1.000000e+25 
5.125000e+04 1.440153e-18 1.000000e+25 
5.156250e+04 1.401711e-18 1.000000e+25 
5.187500e+04 1.363734e-18 1.000000e+25 
5.218750e+04 1.323746e-18 1.000000e+25 
5.250000e+04 1.284001e-18 1.000000e+25 
5.281250e+04 1.243296e-18 1.000000e+25 
5.312500e+04 1.202908e-18 1.000000e+25 
5.343750e+04 1.162728e-18 1.000000e+25 
5.375000e+04 1.123073e-18 1.000000e+25 
5.406250e+04 1.084894e-18 1.000000e+25 
5.437500e+04 1.047488e-18 1.000000e+25 
5.468750e+04 1.012514e-18 1.000000e+25 
5.500000e+04 9.784941e-19 1.000000e+25 
5.531250e+04 9.473522e-19 1.000000e+25 
5.562500e+04 9.172042e-19 1.000000e+25 
5.593750e+04 8.898232e-19 1.000000e+25 
5.625000e+04 8.633369e-19 1.000000e+25 
5.656250e+04 8.391259e-19 1.000000e+25 
5.687500e+04 8.156343e-19 1.000000e+25 
5.718750e+04 7.938243e-19 1.000000e+25 
5.750000e+04 7.725724e-19 1.000000e+25 
5.781250e+04 7.525335e-19 1.000000e+25 
5.812500e+04 7.329457e-19 1.000000e+25 
5.843750e+04 7.142882e-19 1.000000e+25 
5.875000e+04 6.960262e-19 1.000000e+25 
5.906250e+04 6.785514e-19 1.000000e+25 
5.937500e+04 6.614458e-19 1.000000e+25 
5.968750e+04 6.450512e-19 1.000000e+25 
6.000000e+04 6.290078e-19 1.000000e+25 
6.031250e+04 6.136146e-19 1.000000e+25 
6.062500e+04 5.985537e-19 1.000000e+25 
6.093750e+04 5.840776e-19 1.000000e+25 
6.125000e+04 5.699105e-19 1.000000e+25 
6.156250e+04 5.562565e-19 1.000000e+25 
6.187500e+04 5.428856e-19 1.000000e+25 
6.218750e+04 5.299605e-19 1.000000e+25 
6.250000e+04 5.172955e-19 1.000000e+25 
6.281250e+04 5.050276e-19 1.000000e+25 
6.312500e+04 4.930025e-19 1.000000e+25 
6.343750e+04 4.813488e-19 1.000000e+25 
6.375000e+04 4.699264e-19 1.000000e+25 
6.406250e+04 4.588656e-19 1.000000e+25 
6.437500e+04 4.480279e-19 1.000000e+25 
6.468750e+04 4.375446e-19 1.000000e+25 
6.500000e+04 4.272742e-19 1.000000e+25 
6.531250e+04 4.173421e-19 1.000000e+25 
6.562500e+04 4.076097e-19 1.000000e+25 
6.593750e+04 3.981913e-19 1.000000e+25 
6.625000e+04 3.889578e-19 1.000000e+25 
6.656250e+04 3.800150e-19 1.000000e+25 
6.687500e+04 3.712441e-19 1.000000e+25 
6.718750e+04 3.627502e-19 1.000000e+25 
6.750000e+04 3.544196e-19 1.000000e+25 
6.781250e+04 3.463653e-19 1.000000e+25 
6.812500e+04 3.384698e-19 1.000000e+25 
6.843750e+04 3.308568e-19 1.000000e+25 
6.875000e+04 3.234003e-19 1.000000e+25 
6.906250e+04 3.162329e-19 1.000000e+25 
6.937500e+04 3.092194e-19 1.000000e+25 
6.968750e+04 3.024967e-19 1.000000e+25 
7.000000e+04 2.959247e-19 1.000000e+25 
7.031250e+04 2.896396e-19 1.000000e+25 
7.062500e+04 2.835014e-19 1.000000e+25 
7.093750e+04 2.776424e-19 1.000000e+25 
7.125000e+04 2.719265e-19 1.000000e+25 
7.156250e+04 2.664808e-19 1.000000e+25 
7.187500e+04 2.611750e-19 1.000000e+25 
7.218750e+04 2.561310e-19 1.000000e+25 
7.250000e+04 2.512245e-19 1.000000e+25 
7.281250e+04 2.465730e-19 1.000000e+25 
7.312500e+04 2.420579e-19 1.000000e+25 
7.343750e+04 2.377928e-19 1.000000e+25 
7.375000e+04 2.336640e-19 1.000000e+25 
7.406250e+04 2.297823e-19 1.000000e+25 
7.437500e+04 2.260379e-19 1.000000e+25 
7.468750e+04 2.225394e-19 1.000000e+25 
7.500000e+04 2.191798e-19 1.000000e+25 
7.531250e+04 2.160664e-19 1.000000e+25 
7.562500e+04 2.130943e-19 1.000000e+25 
7.593750e+04 2.103698e-19 1.000000e+25 
7.625000e+04 2.077892e-19 1.000000e+25 
7.656250e+04 2.054584e-19 1.000000e+25 
7.687500e+04 2.032745e-19 1.000000e+25 
7.718750e+04 2.013428e-19 1.000000e+25 
7.750000e+04 1.995609e-19 1.000000e+25 
7.781250e+04 1.980338e-19 1.000000e+25 
7.812500e+04 1.966591e-19 1.000000e+25 
7.843750e+04 1.955417e-19 1.000000e+25 
7.875000e+04 1.945788e-19 1.000000e+25 
7.906250e+04 1.938750e-19 1.000000e+25 
7.937500e+04 1.933274e-19 1.000000e+25 
7.968750e+04 1.930401e-19 1.000000e+25 
8.000000e+04 1.929097e-19 1.000000e+25 
