0.000000e+00 8.115106e-20 1.000000e+25 
2.500000e+02 8.118376e-20 1.000000e+25 
5.000000e+02 8.125592e-20 1.000000e+25 
7.500000e+02 8.139340e-20 1.000000e+25 
1.000000e+03 8.157021e-20 1.000000e+25 
1.250000e+03 8.181207e-20 1.000000e+25 
1.500000e+03 8.209303e-20 1.000000e+25 
1.750000e+03 8.243864e-20 1.000000e+25 
2.000000e+03 8.282299e-20 1.000000e+25 
2.250000e+03 8.327145e-20 1.000000e+25 
2.500000e+03 8.375822e-20 1.000000e+25 
2.750000e+03 8.430844e-20 1.000000e+25 
3.000000e+03 8.489649e-20 1.000000e+25 
3.250000e+03 8.554726e-20 1.000000e+25 
3.500000e+03 8.623534e-20 1.000000e+25 
3.750000e+03 8.698535e-20 1.000000e+25 
4.000000e+03 8.777217e-20 1.000000e+25 
4.250000e+03 8.862013e-20 1.000000e+25 
4.500000e+03 8.950443e-20 1.000000e+25 
4.750000e+03 9.044908e-20 1.000000e+25 
5.000000e+03 9.142966e-20 1.000000e+25 
5.250000e+03 9.246989e-20 1.000000e+25 
5.500000e+03 9.354572e-20 1.000000e+25 
5.750000e+03 9.468055e-20 1.000000e+25 
6.000000e+03 9.585080e-20 1.000000e+25 
6.250000e+03 9.707950e-20 1.000000e+25 
6.500000e+03 9.834359e-20 1.000000e+25 
6.750000e+03 9.966567e-20 1.000000e+25 
7.000000e+03 1.010233e-19 1.000000e+25 
7.250000e+03 1.024386e-19 1.000000e+25 
7.500000e+03 1.038897e-19 1.000000e+25 
7.750000e+03 1.053983e-19 1.000000e+25 
8.000000e+03 1.069434e-19 1.000000e+25 
8.250000e+03 1.085457e-19 1.000000e+25 
8.500000e+03 1.101854e-19 1.000000e+25 
8.750000e+03 1.118822e-19 1.000000e+25 
9.000000e+03 1.136173e-19 1.000000e+25 
9.250000e+03 1.154097e-19 1.000000e+25 
9.500000e+03 1.172416e-19 1.000000e+25 
9.750000e+03 1.191307e-19 1.000000e+25 
1.000000e+04 1.210609e-19 1.000000e+25 
1.025000e+04 1.230480e-19 1.000000e+25 
1.050000e+04 1.250782e-19 1.000000e+25 
1.075000e+04 1.271647e-19 1.000000e+25 
1.100000e+04 1.292965e-19 1.000000e+25 
1.125000e+04 1.314838e-19 1.000000e+25 
1.150000e+04 1.337188e-19 1.000000e+25 
1.175000e+04 1.360080e-19 1.000000e+25 
1.200000e+04 1.383474e-19 1.000000e+25 
1.225000e+04 1.407392e-19 1.000000e+25 
1.250000e+04 1.431839e-19 1.000000e+25 
1.275000e+04 1.456786e-19 1.000000e+25 
1.300000e+04 1.482291e-19 1.000000e+25 
1.325000e+04 1.508263e-19 1.000000e+25 
1.350000e+04 1.534823e-19 1.000000e+25 
1.375000e+04 1.561812e-19 1.000000e+25 
1.400000e+04 1.589420e-19 1.000000e+25 
1.425000e+04 1.617414e-19 1.000000e+25 
1.450000e+04 1.646061e-19 1.000000e+25 
1.475000e+04 1.675053e-19 1.000000e+25 
1.500000e+04 1.704733e-19 1.000000e+25 
1.525000e+04 1.734730e-19 1.000000e+25 
1.550000e+04 1.765455e-19 1.000000e+25 
1.575000e+04 1.796493e-19 1.000000e+25 
1.600000e+04 1.828307e-19 1.000000e+25 
1.625000e+04 1.860477e-19 1.000000e+25 
1.650000e+04 1.893481e-19 1.000000e+25 
1.675000e+04 1.926953e-19 1.000000e+25 
1.700000e+04 1.961336e-19 1.000000e+25 
1.725000e+04 1.996386e-19 1.000000e+25 
1.750000e+04 2.032447e-19 1.000000e+25 
1.775000e+04 2.069479e-19 1.000000e+25 
1.800000e+04 2.107645e-19 1.000000e+25 
1.825000e+04 2.147190e-19 1.000000e+25 
1.850000e+04 2.188011e-19 1.000000e+25 
1.875000e+04 2.230701e-19 1.000000e+25 
1.900000e+04 2.274820e-19 1.000000e+25 
1.925000e+04 2.321329e-19 1.000000e+25 
1.950000e+04 2.369409e-19 1.000000e+25 
1.975000e+04 2.420385e-19 1.000000e+25 
2.000000e+04 2.473055e-19 1.000000e+25 
2.025000e+04 2.528988e-19 1.000000e+25 
2.050000e+04 2.586650e-19 1.000000e+25 
2.075000e+04 2.647904e-19 1.000000e+25 
2.100000e+04 2.711001e-19 1.000000e+25 
2.125000e+04 2.777583e-19 1.000000e+25 
2.150000e+04 2.845710e-19 1.000000e+25 
2.175000e+04 2.917723e-19 1.000000e+25 
2.200000e+04 2.991793e-19 1.000000e+25 
2.225000e+04 3.069561e-19 1.000000e+25 
2.250000e+04 3.148955e-19 1.000000e+25 
2.275000e+04 3.227409e-19 1.000000e+25 
2.300000e+04 3.303822e-19 1.000000e+25 
2.325000e+04 3.391749e-19 1.000000e+25 
2.350000e+04 3.488651e-19 1.000000e+25 
2.375000e+04 3.580211e-19 1.000000e+25 
2.400000e+04 3.649906e-19 1.000000e+25 
2.425000e+04 3.618435e-19 1.000000e+25 
2.450000e+04 3.571740e-19 1.000000e+25 
2.475000e+04 3.994005e-19 1.000000e+25 
2.500000e+04 5.022836e-19 9.957122e+24 
2.525000e+04 6.669286e-19 7.502244e+24 
2.550000e+04 8.726268e-19 5.730175e+24 
2.575000e+04 1.170377e-18 4.274153e+24 
2.600000e+04 1.550047e-18 3.226038e+24 
2.625000e+04 2.120383e-18 2.359308e+24 
2.650000e+04 2.830556e-18 1.766611e+24 
2.675000e+04 3.900779e-18 1.282459e+24 
2.700000e+04 5.223168e-18 9.573516e+23 
2.725000e+04 7.233881e-18 6.915327e+23 
2.750000e+04 9.707724e-18 5.150922e+23 
2.775000e+04 1.350639e-17 3.703708e+23 
2.800000e+04 1.816357e-17 2.752978e+23 
2.825000e+04 2.535684e-17 1.972758e+23 
2.850000e+04 3.413722e-17 1.464821e+23 
2.875000e+04 4.768513e-17 1.049022e+23 
2.900000e+04 6.412724e-17 7.798160e+22 
2.925000e+04 8.932426e-17 5.600315e+22 
2.950000e+04 1.196953e-16 4.178328e+22 
2.975000e+04 1.657456e-16 3.018446e+22 
3.000000e+04 2.208331e-16 2.265169e+22 
3.025000e+04 3.032106e-16 1.650353e+22 
3.050000e+04 4.008997e-16 1.248198e+22 
3.075000e+04 5.442798e-16 9.197808e+21 
3.100000e+04 7.124679e-16 7.027860e+21 
3.125000e+04 9.529911e-16 5.257146e+21 
3.150000e+04 1.231159e-15 4.071211e+21 
3.175000e+04 1.615059e-15 3.106029e+21 
3.200000e+04 2.050965e-15 2.447874e+21 
3.225000e+04 2.624660e-15 1.915052e+21 
3.250000e+04 3.260968e-15 1.543287e+21 
3.275000e+04 4.047579e-15 1.245312e+21 
3.300000e+04 4.894370e-15 1.031582e+21 
3.325000e+04 5.857265e-15 8.636399e+20 
3.350000e+04 6.854358e-15 7.394630e+20 
3.375000e+04 7.861229e-15 6.460344e+20 
3.400000e+04 8.847997e-15 5.750994e+20 
3.425000e+04 9.661753e-15 5.275095e+20 
3.450000e+04 1.038113e-14 4.916427e+20 
3.475000e+04 1.070432e-14 4.771084e+20 
3.500000e+04 1.086306e-14 4.702752e+20 
3.525000e+04 1.045404e-14 4.882910e+20 
3.550000e+04 9.853768e-15 5.174210e+20 
3.575000e+04 8.706299e-15 5.842990e+20 
3.600000e+04 7.424840e-15 6.834171e+20 
3.625000e+04 5.934435e-15 8.525469e+20 
3.650000e+04 4.459890e-15 1.131103e+21 
3.675000e+04 3.352071e-15 1.501830e+21 
3.700000e+04 2.420490e-15 2.075717e+21 
3.725000e+04 1.988213e-15 2.525038e+21 
3.750000e+04 1.665471e-15 3.012168e+21 
3.775000e+04 1.499260e-15 3.345006e+21 
3.800000e+04 1.340918e-15 3.738798e+21 
3.825000e+04 1.222661e-15 4.099451e+21 
3.850000e+04 1.110343e-15 4.513111e+21 
3.875000e+04 1.027368e-15 4.876819e+21 
3.900000e+04 9.538578e-16 5.251867e+21 
3.925000e+04 9.054419e-16 5.532184e+21 
3.950000e+04 8.643132e-16 5.794935e+21 
3.975000e+04 8.456002e-16 5.922983e+21 
4.000000e+04 8.343320e-16 6.002813e+21 
4.025000e+04 8.456002e-16 5.922983e+21 
4.050000e+04 8.643132e-16 5.794935e+21 
4.075000e+04 9.054419e-16 5.532184e+21 
4.100000e+04 9.538578e-16 5.251867e+21 
4.125000e+04 1.027368e-15 4.876819e+21 
4.150000e+04 1.110343e-15 4.513111e+21 
4.175000e+04 1.222661e-15 4.099451e+21 
4.200000e+04 1.340918e-15 3.738798e+21 
4.225000e+04 1.499260e-15 3.345006e+21 
4.250000e+04 1.665471e-15 3.012168e+21 
4.275000e+04 1.988213e-15 2.525038e+21 
4.300000e+04 2.420490e-15 2.075717e+21 
4.325000e+04 3.352071e-15 1.501830e+21 
4.350000e+04 4.459890e-15 1.131103e+21 
4.375000e+04 5.934435e-15 8.525469e+20 
4.400000e+04 7.424840e-15 6.834171e+20 
4.425000e+04 8.706299e-15 5.842990e+20 
4.450000e+04 9.853768e-15 5.174210e+20 
4.475000e+04 1.045404e-14 4.882910e+20 
4.500000e+04 1.086306e-14 4.702752e+20 
4.525000e+04 1.070432e-14 4.771084e+20 
4.550000e+04 1.038113e-14 4.916427e+20 
4.575000e+04 9.661753e-15 5.275095e+20 
4.600000e+04 8.847997e-15 5.750994e+20 
4.625000e+04 7.861229e-15 6.460344e+20 
4.650000e+04 6.854358e-15 7.394630e+20 
4.675000e+04 5.857265e-15 8.636399e+20 
4.700000e+04 4.894370e-15 1.031582e+21 
4.725000e+04 4.047579e-15 1.245312e+21 
4.750000e+04 3.260968e-15 1.543287e+21 
4.775000e+04 2.624660e-15 1.915052e+21 
4.800000e+04 2.050965e-15 2.447874e+21 
4.825000e+04 1.615059e-15 3.106029e+21 
4.850000e+04 1.231159e-15 4.071211e+21 
4.875000e+04 9.529911e-16 5.257146e+21 
4.900000e+04 7.124679e-16 7.027860e+21 
4.925000e+04 5.442798e-16 9.197808e+21 
4.950000e+04 4.008997e-16 1.248198e+22 
4.975000e+04 3.032106e-16 1.650353e+22 
5.000000e+04 2.208331e-16 2.265169e+22 
5.025000e+04 1.657456e-16 3.018446e+22 
5.050000e+04 1.196953e-16 4.178328e+22 
5.075000e+04 8.932426e-17 5.600315e+22 
5.100000e+04 6.412724e-17 7.798160e+22 
5.125000e+04 4.768513e-17 1.049022e+23 
5.150000e+04 3.413722e-17 1.464821e+23 
5.175000e+04 2.535684e-17 1.972758e+23 
5.200000e+04 1.816357e-17 2.752978e+23 
5.225000e+04 1.350639e-17 3.703708e+23 
5.250000e+04 9.707724e-18 5.150922e+23 
5.275000e+04 7.233881e-18 6.915327e+23 
5.300000e+04 5.223168e-18 9.573516e+23 
5.325000e+04 3.900779e-18 1.282459e+24 
5.350000e+04 2.830556e-18 1.766611e+24 
5.375000e+04 2.120383e-18 2.359308e+24 
5.400000e+04 1.550047e-18 3.226038e+24 
5.425000e+04 1.170377e-18 4.274153e+24 
5.450000e+04 8.726268e-19 5.730175e+24 
5.475000e+04 6.669286e-19 7.502244e+24 
5.500000e+04 5.022836e-19 9.957122e+24 
5.525000e+04 3.994005e-19 1.000000e+25 
5.550000e+04 3.571740e-19 1.000000e+25 
5.575000e+04 3.618435e-19 1.000000e+25 
5.600000e+04 3.649906e-19 1.000000e+25 
5.625000e+04 3.580211e-19 1.000000e+25 
5.650000e+04 3.488651e-19 1.000000e+25 
5.675000e+04 3.391749e-19 1.000000e+25 
5.700000e+04 3.303822e-19 1.000000e+25 
5.725000e+04 3.227409e-19 1.000000e+25 
5.750000e+04 3.148955e-19 1.000000e+25 
5.775000e+04 3.069561e-19 1.000000e+25 
5.800000e+04 2.991793e-19 1.000000e+25 
5.825000e+04 2.917723e-19 1.000000e+25 
5.850000e+04 2.845710e-19 1.000000e+25 
5.875000e+04 2.777583e-19 1.000000e+25 
5.900000e+04 2.711001e-19 1.000000e+25 
5.925000e+04 2.647904e-19 1.000000e+25 
5.950000e+04 2.586650e-19 1.000000e+25 
5.975000e+04 2.528988e-19 1.000000e+25 
6.000000e+04 2.473055e-19 1.000000e+25 
6.025000e+04 2.420385e-19 1.000000e+25 
6.050000e+04 2.369409e-19 1.000000e+25 
6.075000e+04 2.321329e-19 1.000000e+25 
6.100000e+04 2.274820e-19 1.000000e+25 
6.125000e+04 2.230701e-19 1.000000e+25 
6.150000e+04 2.188011e-19 1.000000e+25 
6.175000e+04 2.147190e-19 1.000000e+25 
6.200000e+04 2.107645e-19 1.000000e+25 
6.225000e+04 2.069479e-19 1.000000e+25 
6.250000e+04 2.032447e-19 1.000000e+25 
6.275000e+04 1.996386e-19 1.000000e+25 
6.300000e+04 1.961336e-19 1.000000e+25 
6.325000e+04 1.926953e-19 1.000000e+25 
6.350000e+04 1.893481e-19 1.000000e+25 
6.375000e+04 1.860477e-19 1.000000e+25 
6.400000e+04 1.828307e-19 1.000000e+25 
6.425000e+04 1.796493e-19 1.000000e+25 
6.450000e+04 1.765455e-19 1.000000e+25 
6.475000e+04 1.734730e-19 1.000000e+25 
6.500000e+04 1.704733e-19 1.000000e+25 
6.525000e+04 1.675053e-19 1.000000e+25 
6.550000e+04 1.646061e-19 1.000000e+25 
6.575000e+04 1.617414e-19 1.000000e+25 
6.600000e+04 1.589420e-19 1.000000e+25 
6.625000e+04 1.561812e-19 1.000000e+25 
6.650000e+04 1.534823e-19 1.000000e+25 
6.675000e+04 1.508263e-19 1.000000e+25 
6.700000e+04 1.482291e-19 1.000000e+25 
6.725000e+04 1.456786e-19 1.000000e+25 
6.750000e+04 1.431839e-19 1.000000e+25 
6.775000e+04 1.407392e-19 1.000000e+25 
6.800000e+04 1.383474e-19 1.000000e+25 
6.825000e+04 1.360080e-19 1.000000e+25 
6.850000e+04 1.337188e-19 1.000000e+25 
6.875000e+04 1.314838e-19 1.000000e+25 
6.900000e+04 1.292965e-19 1.000000e+25 
6.925000e+04 1.271647e-19 1.000000e+25 
6.950000e+04 1.250782e-19 1.000000e+25 
6.975000e+04 1.230480e-19 1.000000e+25 
7.000000e+04 1.210609e-19 1.000000e+25 
7.025000e+04 1.191307e-19 1.000000e+25 
7.050000e+04 1.172416e-19 1.000000e+25 
7.075000e+04 1.154097e-19 1.000000e+25 
7.100000e+04 1.136173e-19 1.000000e+25 
7.125000e+04 1.118822e-19 1.000000e+25 
7.150000e+04 1.101854e-19 1.000000e+25 
7.175000e+04 1.085457e-19 1.000000e+25 
7.200000e+04 1.069434e-19 1.000000e+25 
7.225000e+04 1.053983e-19 1.000000e+25 
7.250000e+04 1.038897e-19 1.000000e+25 
7.275000e+04 1.024386e-19 1.000000e+25 
7.300000e+04 1.010233e-19 1.000000e+25 
7.325000e+04 9.966567e-20 1.000000e+25 
7.350000e+04 9.834359e-20 1.000000e+25 
7.375000e+04 9.707950e-20 1.000000e+25 
7.400000e+04 9.585080e-20 1.000000e+25 
7.425000e+04 9.468055e-20 1.000000e+25 
7.450000e+04 9.354572e-20 1.000000e+25 
7.475000e+04 9.246989e-20 1.000000e+25 
7.500000e+04 9.142966e-20 1.000000e+25 
7.525000e+04 9.044908e-20 1.000000e+25 
7.550000e+04 8.950443e-20 1.000000e+25 
7.575000e+04 8.862013e-20 1.000000e+25 
7.600000e+04 8.777217e-20 1.000000e+25 
7.625000e+04 8.698535e-20 1.000000e+25 
7.650000e+04 8.623534e-20 1.000000e+25 
7.675000e+04 8.554726e-20 1.000000e+25 
7.700000e+04 8.489649e-20 1.000000e+25 
7.725000e+04 8.430844e-20 1.000000e+25 
7.750000e+04 8.375822e-20 1.000000e+25 
7.775000e+04 8.327145e-20 1.000000e+25 
7.800000e+04 8.282299e-20 1.000000e+25 
7.825000e+04 8.243864e-20 1.000000e+25 
7.850000e+04 8.209303e-20 1.000000e+25 
7.875000e+04 8.181207e-20 1.000000e+25 
7.900000e+04 8.157021e-20 1.000000e+25 
7.925000e+04 8.139340e-20 1.000000e+25 
7.950000e+04 8.125592e-20 1.000000e+25 
7.975000e+04 8.118376e-20 1.000000e+25 
8.000000e+04 8.115106e-20 1.000000e+25 
