0.000000e+00 8.052443e-20 1.000000e+25 
6.250000e+02 8.072810e-20 1.000000e+25 
1.250000e+03 8.117658e-20 1.000000e+25 
1.875000e+03 8.202912e-20 1.000000e+25 
2.500000e+03 8.312192e-20 1.000000e+25 
3.125000e+03 8.460987e-20 1.000000e+25 
3.750000e+03 8.633066e-20 1.000000e+25 
4.375000e+03 8.843462e-20 1.000000e+25 
5.000000e+03 9.076381e-20 1.000000e+25 
5.625000e+03 9.346422e-20 1.000000e+25 
6.250000e+03 9.638515e-20 1.000000e+25 
6.875000e+03 9.966805e-20 1.000000e+25 
7.500000e+03 1.031724e-19 1.000000e+25 
8.125000e+03 1.070336e-19 1.000000e+25 
8.750000e+03 1.111253e-19 1.000000e+25 
9.375000e+03 1.155719e-19 1.000000e+25 
1.000000e+04 1.202678e-19 1.000000e+25 
1.062500e+04 1.253165e-19 1.000000e+25 
1.125000e+04 1.306436e-19 1.000000e+25 
1.187500e+04 1.363133e-19 1.000000e+25 
1.250000e+04 1.423000e-19 1.000000e+25 
1.312500e+04 1.486012e-19 1.000000e+25 
1.375000e+04 1.552644e-19 1.000000e+25 
1.437500e+04 1.621885e-19 1.000000e+25 
1.500000e+04 1.695200e-19 1.000000e+25 
1.562500e+04 1.770686e-19 1.000000e+25 
1.625000e+04 1.850851e-19 1.000000e+25 
1.687500e+04 1.933334e-19 1.000000e+25 
1.750000e+04 2.021066e-19 1.000000e+25 
1.812500e+04 2.114970e-19 1.000000e+25 
1.875000e+04 2.216860e-19 1.000000e+25 
1.937500e+04 2.329092e-19 1.000000e+25 
2.000000e+04 2.447954e-19 1.000000e+25 
2.062500e+04 2.587864e-19 1.000000e+25 
2.125000e+04 2.743854e-19 1.000000e+25 
2.187500e+04 2.933222e-19 1.000000e+25 
2.250000e+04 3.127912e-19 1.000000e+25 
2.312500e+04 3.324182e-19 1.000000e+25 
2.375000e+04 3.458594e-19 1.000000e+25 
2.437500e+04 3.038433e-19 1.000000e+25 
2.500000e+04 2.809489e-19 1.000000e+25 
2.562500e+04 6.166784e-19 8.378670e+24 
2.625000e+04 1.157170e-18 4.354145e+24 
2.687500e+04 3.012468e-18 1.709606e+24 
2.750000e+04 5.364810e-18 9.364275e+23 
2.812500e+04 1.487287e-17 3.440363e+23 
2.875000e+04 2.763119e-17 1.813359e+23 
2.937500e+04 7.484811e-17 6.773632e+22 
3.000000e+04 1.417643e-16 3.528428e+22 
3.062500e+04 3.572473e-16 1.409301e+22 
3.125000e+04 6.750653e-16 7.407747e+21 
3.187500e+04 1.515973e-15 3.305795e+21 
3.250000e+04 2.740215e-15 1.825716e+21 
3.312500e+04 5.064529e-15 9.883453e+20 
3.375000e+04 8.105922e-15 6.178352e+20 
3.437500e+04 1.074520e-14 4.665141e+20 
3.500000e+04 1.213377e-14 4.130741e+20 
3.562500e+04 9.541749e-15 5.251254e+20 
3.625000e+04 5.851597e-15 8.554839e+20 
3.687500e+04 3.116850e-15 1.609154e+21 
3.750000e+04 1.334719e-15 3.747576e+21 
3.812500e+04 9.914587e-16 5.051310e+21 
3.875000e+04 8.289691e-16 6.034564e+21 
3.937500e+04 7.755362e-16 6.448808e+21 
4.000000e+04 7.006973e-16 7.144789e+21 
4.062500e+04 7.755362e-16 6.448808e+21 
4.125000e+04 8.289691e-16 6.034564e+21 
4.187500e+04 9.914587e-16 5.051310e+21 
4.250000e+04 1.334719e-15 3.747576e+21 
4.312500e+04 3.116850e-15 1.609154e+21 
4.375000e+04 5.851597e-15 8.554839e+20 
4.437500e+04 9.541749e-15 5.251254e+20 
4.500000e+04 1.213377e-14 4.130741e+20 
4.562500e+04 1.074520e-14 4.665141e+20 
4.625000e+04 8.105922e-15 6.178352e+20 
4.687500e+04 5.064529e-15 9.883453e+20 
4.750000e+04 2.740215e-15 1.825716e+21 
4.812500e+04 1.515973e-15 3.305795e+21 
4.875000e+04 6.750653e-16 7.407747e+21 
4.937500e+04 3.572473e-16 1.409301e+22 
5.000000e+04 1.417643e-16 3.528428e+22 
5.062500e+04 7.484811e-17 6.773632e+22 
5.125000e+04 2.763119e-17 1.813359e+23 
5.187500e+04 1.487287e-17 3.440363e+23 
5.250000e+04 5.364810e-18 9.364275e+23 
5.312500e+04 3.012468e-18 1.709606e+24 
5.375000e+04 1.157170e-18 4.354145e+24 
5.437500e+04 6.166784e-19 8.378670e+24 
5.500000e+04 2.809489e-19 1.000000e+25 
5.562500e+04 3.038433e-19 1.000000e+25 
5.625000e+04 3.458594e-19 1.000000e+25 
5.687500e+04 3.324182e-19 1.000000e+25 
5.750000e+04 3.127912e-19 1.000000e+25 
5.812500e+04 2.933222e-19 1.000000e+25 
5.875000e+04 2.743854e-19 1.000000e+25 
5.937500e+04 2.587864e-19 1.000000e+25 
6.000000e+04 2.447954e-19 1.000000e+25 
6.062500e+04 2.329092e-19 1.000000e+25 
6.125000e+04 2.216860e-19 1.000000e+25 
6.187500e+04 2.114970e-19 1.000000e+25 
6.250000e+04 2.021066e-19 1.000000e+25 
6.312500e+04 1.933334e-19 1.000000e+25 
6.375000e+04 1.850851e-19 1.000000e+25 
6.437500e+04 1.770686e-19 1.000000e+25 
6.500000e+04 1.695200e-19 1.000000e+25 
6.562500e+04 1.621885e-19 1.000000e+25 
6.625000e+04 1.552644e-19 1.000000e+25 
6.687500e+04 1.486012e-19 1.000000e+25 
6.750000e+04 1.423000e-19 1.000000e+25 
6.812500e+04 1.363133e-19 1.000000e+25 
6.875000e+04 1.306436e-19 1.000000e+25 
6.937500e+04 1.253165e-19 1.000000e+25 
7.000000e+04 1.202678e-19 1.000000e+25 
7.062500e+04 1.155719e-19 1.000000e+25 
7.125000e+04 1.111253e-19 1.000000e+25 
7.187500e+04 1.070336e-19 1.000000e+25 
7.250000e+04 1.031724e-19 1.000000e+25 
7.312500e+04 9.966805e-20 1.000000e+25 
7.375000e+04 9.638515e-20 1.000000e+25 
7.437500e+04 9.346422e-20 1.000000e+25 
7.500000e+04 9.076381e-20 1.000000e+25 
7.562500e+04 8.843462e-20 1.000000e+25 
7.625000e+04 8.633066e-20 1.000000e+25 
7.687500e+04 8.460987e-20 1.000000e+25 
7.750000e+04 8.312192e-20 1.000000e+25 
7.812500e+04 8.202912e-20 1.000000e+25 
7.875000e+04 8.117658e-20 1.000000e+25 
7.937500e+04 8.072810e-20 1.000000e+25 
8.000000e+04 8.052443e-20 1.000000e+25 
