0.000000e+00 1.923280e-19 1.000000e+25 
4.166667e+02 1.925589e-19 1.000000e+25 
8.333333e+02 1.930685e-19 1.000000e+25 
1.250000e+03 1.940386e-19 1.000000e+25 
1.666667e+03 1.952849e-19 1.000000e+25 
2.083333e+03 1.969880e-19 1.000000e+25 
2.500000e+03 1.989625e-19 1.000000e+25 
2.916667e+03 2.013886e-19 1.000000e+25 
3.333333e+03 2.040798e-19 1.000000e+25 
3.750000e+03 2.072163e-19 1.000000e+25 
4.166667e+03 2.106110e-19 1.000000e+25 
4.583333e+03 2.144450e-19 1.000000e+25 
5.000000e+03 2.185305e-19 1.000000e+25 
5.416667e+03 2.230510e-19 1.000000e+25 
5.833333e+03 2.278174e-19 1.000000e+25 
6.250000e+03 2.330173e-19 1.000000e+25 
6.666667e+03 2.384591e-19 1.000000e+25 
7.083333e+03 2.443374e-19 1.000000e+25 
7.500000e+03 2.504563e-19 1.000000e+25 
7.916667e+03 2.570201e-19 1.000000e+25 
8.333333e+03 2.638260e-19 1.000000e+25 
8.750000e+03 2.710916e-19 1.000000e+25 
9.166667e+03 2.786041e-19 1.000000e+25 
9.583333e+03 2.865966e-19 1.000000e+25 
1.000000e+04 2.948439e-19 1.000000e+25 
1.041667e+04 3.035945e-19 1.000000e+25 
1.083333e+04 3.126097e-19 1.000000e+25 
1.125000e+04 3.221500e-19 1.000000e+25 
1.166667e+04 3.319658e-19 1.000000e+25 
1.208333e+04 3.423237e-19 1.000000e+25 
1.250000e+04 3.529689e-19 1.000000e+25 
1.291667e+04 3.641656e-19 1.000000e+25 
1.333333e+04 3.756609e-19 1.000000e+25 
1.375000e+04 3.877106e-19 1.000000e+25 
1.416667e+04 4.000714e-19 1.000000e+25 
1.458333e+04 4.129853e-19 1.000000e+25 
1.500000e+04 4.262247e-19 1.000000e+25 
1.541667e+04 4.400228e-19 1.000000e+25 
1.583333e+04 4.541667e-19 1.000000e+25 
1.625000e+04 4.689174e-19 1.000000e+25 
1.666667e+04 4.840526e-19 1.000000e+25 
1.708333e+04 4.998914e-19 1.000000e+25 
1.750000e+04 5.161628e-19 1.000000e+25 
1.791667e+04 5.332474e-19 1.000000e+25 
1.833333e+04 5.508061e-19 1.000000e+25 
1.875000e+04 5.692904e-19 1.000000e+25 
1.916667e+04 5.882941e-19 1.000000e+25 
1.958333e+04 6.084419e-19 1.000000e+25 
2.000000e+04 6.292114e-19 1.000000e+25 
2.041667e+04 6.515744e-19 1.000000e+25 
2.083333e+04 6.747396e-19 1.000000e+25 
2.125000e+04 7.001880e-19 1.000000e+25 
2.166667e+04 7.266740e-19 1.000000e+25 
2.208333e+04 7.561535e-19 1.000000e+25 
2.250000e+04 7.868771e-19 1.000000e+25 
2.291667e+04 8.209383e-19 1.000000e+25 
2.333333e+04 8.563259e-19 1.000000e+25 
2.375000e+04 8.947402e-19 1.000000e+25 
2.416667e+04 9.344330e-19 1.000000e+25 
2.458333e+04 9.761664e-19 1.000000e+25 
2.500000e+04 1.019080e-18 1.000000e+25 
2.541667e+04 1.062700e-18 1.000000e+25 
2.583333e+04 1.107563e-18 1.000000e+25 
2.625000e+04 1.152101e-18 1.000000e+25 
2.666667e+04 1.198132e-18 1.000000e+25 
2.708333e+04 1.242648e-18 1.000000e+25 
2.750000e+04 1.289318e-18 1.000000e+25 
2.791667e+04 1.339824e-18 1.000000e+25 
2.833333e+04 1.396296e-18 1.000000e+25 
2.875000e+04 1.451044e-18 1.000000e+25 
2.916667e+04 1.508872e-18 1.000000e+25 
2.958333e+04 1.579298e-18 1.000000e+25 
3.000000e+04 1.667179e-18 1.000000e+25 
3.041667e+04 1.721815e-18 1.000000e+25 
3.083333e+04 1.770459e-18 1.000000e+25 
3.125000e+04 1.820115e-18 1.000000e+25 
3.166667e+04 1.514169e-18 1.000000e+25 
3.208333e+04 4.571005e-18 7.200612e+24 
3.250000e+04 9.073188e-18 3.449717e+24 
3.291667e+04 4.883069e-17 6.535136e+23 
3.333333e+04 9.906974e-17 3.138770e+23 
3.375000e+04 3.856937e-16 8.065963e+22 
3.416667e+04 8.037179e-16 3.806802e+22 
3.458333e+04 2.369788e-15 1.277563e+22 
3.500000e+04 4.693719e-15 6.355853e+21 
3.541667e+04 9.860318e-15 2.951572e+21 
3.583333e+04 1.649396e-14 1.720250e+21 
3.625000e+04 2.114006e-14 1.279551e+21 
3.666667e+04 2.269272e-14 1.132552e+21 
3.708333e+04 1.503798e-14 1.625403e+21 
3.750000e+04 6.188232e-15 3.747168e+21 
3.791667e+04 2.035549e-15 1.090720e+22 
3.833333e+04 1.893956e-16 1.244337e+23 
3.875000e+04 3.463850e-17 7.494715e+23 
3.916667e+04 6.344731e-18 4.779508e+24 
3.958333e+04 3.805041e-18 7.084843e+24 
4.000000e+04 1.524281e-18 1.000000e+25 
4.041667e+04 3.805041e-18 7.084843e+24 
4.083333e+04 6.344731e-18 4.779508e+24 
4.125000e+04 3.463850e-17 7.494715e+23 
4.166667e+04 1.893956e-16 1.244337e+23 
4.208333e+04 2.035549e-15 1.090720e+22 
4.250000e+04 6.188232e-15 3.747168e+21 
4.291667e+04 1.503798e-14 1.625403e+21 
4.333333e+04 2.269272e-14 1.132552e+21 
4.375000e+04 2.114006e-14 1.279551e+21 
4.416667e+04 1.649396e-14 1.720250e+21 
4.458333e+04 9.860318e-15 2.951572e+21 
4.500000e+04 4.693719e-15 6.355853e+21 
4.541667e+04 2.369788e-15 1.277563e+22 
4.583333e+04 8.037179e-16 3.806802e+22 
4.625000e+04 3.856937e-16 8.065963e+22 
4.666667e+04 9.906974e-17 3.138770e+23 
4.708333e+04 4.883069e-17 6.535136e+23 
4.750000e+04 9.073188e-18 3.449717e+24 
4.791667e+04 4.571005e-18 7.200612e+24 
4.833333e+04 1.514169e-18 1.000000e+25 
4.875000e+04 1.820115e-18 1.000000e+25 
4.916667e+04 1.770459e-18 1.000000e+25 
4.958333e+04 1.721815e-18 1.000000e+25 
5.000000e+04 1.667179e-18 1.000000e+25 
5.041667e+04 1.579298e-18 1.000000e+25 
5.083333e+04 1.508872e-18 1.000000e+25 
5.125000e+04 1.451044e-18 1.000000e+25 
5.166667e+04 1.396296e-18 1.000000e+25 
5.208333e+04 1.339824e-18 1.000000e+25 
5.250000e+04 1.289318e-18 1.000000e+25 
5.291667e+04 1.242648e-18 1.000000e+25 
5.333333e+04 1.198132e-18 1.000000e+25 
5.375000e+04 1.152101e-18 1.000000e+25 
5.416667e+04 1.107563e-18 1.000000e+25 
5.458333e+04 1.062700e-18 1.000000e+25 
5.500000e+04 1.019080e-18 1.000000e+25 
5.541667e+04 9.761664e-19 1.000000e+25 
5.583333e+04 9.344330e-19 1.000000e+25 
5.625000e+04 8.947402e-19 1.000000e+25 
5.666667e+04 8.563259e-19 1.000000e+25 
5.708333e+04 8.209383e-19 1.000000e+25 
5.750000e+04 7.868771e-19 1.000000e+25 
5.791667e+04 7.561535e-19 1.000000e+25 
5.833333e+04 7.266740e-19 1.000000e+25 
5.875000e+04 7.001880e-19 1.000000e+25 
5.916667e+04 6.747396e-19 1.000000e+25 
5.958333e+04 6.515744e-19 1.000000e+25 
6.000000e+04 6.292114e-19 1.000000e+25 
6.041667e+04 6.084419e-19 1.000000e+25 
6.083333e+04 5.882941e-19 1.000000e+25 
6.125000e+04 5.692904e-19 1.000000e+25 
6.166667e+04 5.508061e-19 1.000000e+25 
6.208333e+04 5.332474e-19 1.000000e+25 
6.250000e+04 5.161628e-19 1.000000e+25 
6.291667e+04 4.998914e-19 1.000000e+25 
6.333333e+04 4.840526e-19 1.000000e+25 
6.375000e+04 4.689174e-19 1.000000e+25 
6.416667e+04 4.541667e-19 1.000000e+25 
6.458333e+04 4.400228e-19 1.000000e+25 
6.500000e+04 4.262247e-19 1.000000e+25 
6.541667e+04 4.129853e-19 1.000000e+25 
6.583333e+04 4.000714e-19 1.000000e+25 
6.625000e+04 3.877106e-19 1.000000e+25 
6.666667e+04 3.756609e-19 1.000000e+25 
6.708333e+04 3.641656e-19 1.000000e+25 
6.750000e+04 3.529689e-19 1.000000e+25 
6.791667e+04 3.423237e-19 1.000000e+25 
6.833333e+04 3.319658e-19 1.000000e+25 
6.875000e+04 3.221500e-19 1.000000e+25 
6.916667e+04 3.126097e-19 1.000000e+25 
6.958333e+04 3.035945e-19 1.000000e+25 
7.000000e+04 2.948439e-19 1.000000e+25 
7.041667e+04 2.865966e-19 1.000000e+25 
7.083333e+04 2.786041e-19 1.000000e+25 
7.125000e+04 2.710916e-19 1.000000e+25 
7.166667e+04 2.638260e-19 1.000000e+25 
7.208333e+04 2.570201e-19 1.000000e+25 
7.250000e+04 2.504563e-19 1.000000e+25 
7.291667e+04 2.443374e-19 1.000000e+25 
7.333333e+04 2.384591e-19 1.000000e+25 
7.375000e+04 2.330173e-19 1.000000e+25 
7.416667e+04 2.278174e-19 1.000000e+25 
7.458333e+04 2.230510e-19 1.000000e+25 
7.500000e+04 2.185305e-19 1.000000e+25 
7.541667e+04 2.144450e-19 1.000000e+25 
7.583333e+04 2.106110e-19 1.000000e+25 
7.625000e+04 2.072163e-19 1.000000e+25 
7.666667e+04 2.040798e-19 1.000000e+25 
7.708333e+04 2.013886e-19 1.000000e+25 
7.750000e+04 1.989625e-19 1.000000e+25 
7.791667e+04 1.969880e-19 1.000000e+25 
7.833333e+04 1.952849e-19 1.000000e+25 
7.875000e+04 1.940386e-19 1.000000e+25 
7.916667e+04 1.930685e-19 1.000000e+25 
7.958333e+04 1.925589e-19 1.000000e+25 
8.000000e+04 1.923280e-19 1.000000e+25 
