0.000000e+00 1.849958e-19 1.000000e+25 
2.083333e+02 1.850511e-19 1.000000e+25 
4.166667e+02 1.851733e-19 1.000000e+25 
6.250000e+02 1.854061e-19 1.000000e+25 
8.333333e+02 1.857057e-19 1.000000e+25 
1.041667e+03 1.861156e-19 1.000000e+25 
1.250000e+03 1.865919e-19 1.000000e+25 
1.458333e+03 1.871782e-19 1.000000e+25 
1.666667e+03 1.878305e-19 1.000000e+25 
1.875000e+03 1.885922e-19 1.000000e+25 
2.083333e+03 1.894194e-19 1.000000e+25 
2.291667e+03 1.903554e-19 1.000000e+25 
2.500000e+03 1.913562e-19 1.000000e+25 
2.708333e+03 1.924651e-19 1.000000e+25 
2.916667e+03 1.936381e-19 1.000000e+25 
3.125000e+03 1.949184e-19 1.000000e+25 
3.333333e+03 1.962620e-19 1.000000e+25 
3.541667e+03 1.977121e-19 1.000000e+25 
3.750000e+03 1.992247e-19 1.000000e+25 
3.958333e+03 2.008431e-19 1.000000e+25 
4.166667e+03 2.025230e-19 1.000000e+25 
4.375000e+03 2.043081e-19 1.000000e+25 
4.583333e+03 2.061539e-19 1.000000e+25 
4.791667e+03 2.081042e-19 1.000000e+25 
5.000000e+03 2.101145e-19 1.000000e+25 
5.208333e+03 2.122288e-19 1.000000e+25 
5.416667e+03 2.144024e-19 1.000000e+25 
5.625000e+03 2.166795e-19 1.000000e+25 
5.833333e+03 2.190154e-19 1.000000e+25 
6.041667e+03 2.214548e-19 1.000000e+25 
6.250000e+03 2.239524e-19 1.000000e+25 
6.458333e+03 2.265535e-19 1.000000e+25 
6.666667e+03 2.292126e-19 1.000000e+25 
6.875000e+03 2.319755e-19 1.000000e+25 
7.083333e+03 2.347962e-19 1.000000e+25 
7.291667e+03 2.377214e-19 1.000000e+25 
7.500000e+03 2.407044e-19 1.000000e+25 
7.708333e+03 2.437930e-19 1.000000e+25 
7.916667e+03 2.469395e-19 1.000000e+25 
8.125000e+03 2.501930e-19 1.000000e+25 
8.333333e+03 2.535048e-19 1.000000e+25 
8.541667e+03 2.569254e-19 1.000000e+25 
8.750000e+03 2.604049e-19 1.000000e+25 
8.958333e+03 2.639955e-19 1.000000e+25 
9.166667e+03 2.676456e-19 1.000000e+25 
9.375000e+03 2.714094e-19 1.000000e+25 
9.583333e+03 2.752338e-19 1.000000e+25 
9.791667e+03 2.791747e-19 1.000000e+25 
1.000000e+04 2.831772e-19 1.000000e+25 
1.020833e+04 2.872991e-19 1.000000e+25 
1.041667e+04 2.914840e-19 1.000000e+25 
1.062500e+04 2.957912e-19 1.000000e+25 
1.083333e+04 3.001625e-19 1.000000e+25 
1.104167e+04 3.046586e-19 1.000000e+25 
1.125000e+04 3.092201e-19 1.000000e+25 
1.145833e+04 3.139083e-19 1.000000e+25 
1.166667e+04 3.186630e-19 1.000000e+25 
1.187500e+04 3.235451e-19 1.000000e+25 
1.208333e+04 3.284947e-19 1.000000e+25 
1.229167e+04 3.335715e-19 1.000000e+25 
1.250000e+04 3.387165e-19 1.000000e+25 
1.270833e+04 3.439873e-19 1.000000e+25 
1.291667e+04 3.493270e-19 1.000000e+25 
1.312500e+04 3.547904e-19 1.000000e+25 
1.333333e+04 3.603234e-19 1.000000e+25 
1.354167e+04 3.659780e-19 1.000000e+25 
1.375000e+04 3.717033e-19 1.000000e+25 
1.395833e+04 3.775490e-19 1.000000e+25 
1.416667e+04 3.834668e-19 1.000000e+25 
1.437500e+04 3.895060e-19 1.000000e+25 
1.458333e+04 3.956196e-19 1.000000e+25 
1.479167e+04 4.018584e-19 1.000000e+25 
1.500000e+04 4.081747e-19 1.000000e+25 
1.520833e+04 4.146231e-19 1.000000e+25 
1.541667e+04 4.211532e-19 1.000000e+25 
1.562500e+04 4.278253e-19 1.000000e+25 
1.583333e+04 4.345840e-19 1.000000e+25 
1.604167e+04 4.414971e-19 1.000000e+25 
1.625000e+04 4.485022e-19 1.000000e+25 
1.645833e+04 4.556753e-19 1.000000e+25 
1.666667e+04 4.629458e-19 1.000000e+25 
1.687500e+04 4.703984e-19 1.000000e+25 
1.708333e+04 4.779536e-19 1.000000e+25 
1.729167e+04 4.857044e-19 1.000000e+25 
1.750000e+04 4.935627e-19 1.000000e+25 
1.770833e+04 5.016295e-19 1.000000e+25 
1.791667e+04 5.098084e-19 1.000000e+25 
1.812500e+04 5.182085e-19 1.000000e+25 
1.833333e+04 5.267254e-19 1.000000e+25 
1.854167e+04 5.354775e-19 1.000000e+25 
1.875000e+04 5.443518e-19 1.000000e+25 
1.895833e+04 5.534796e-19 1.000000e+25 
1.916667e+04 5.627369e-19 1.000000e+25 
1.937500e+04 5.722740e-19 1.000000e+25 
1.958333e+04 5.819506e-19 1.000000e+25 
1.979167e+04 5.919456e-19 1.000000e+25 
2.000000e+04 6.020945e-19 1.000000e+25 
2.020833e+04 6.126155e-19 1.000000e+25 
2.041667e+04 6.233100e-19 1.000000e+25 
2.062500e+04 6.344467e-19 1.000000e+25 
2.083333e+04 6.457811e-19 1.000000e+25 
2.104167e+04 6.576416e-19 1.000000e+25 
2.125000e+04 6.697274e-19 1.000000e+25 
2.145833e+04 6.824298e-19 1.000000e+25 
2.166667e+04 6.953860e-19 1.000000e+25 
2.187500e+04 7.090445e-19 1.000000e+25 
2.208333e+04 7.229831e-19 1.000000e+25 
2.229167e+04 7.376915e-19 1.000000e+25 
2.250000e+04 7.527001e-19 1.000000e+25 
2.270833e+04 7.685142e-19 1.000000e+25 
2.291667e+04 7.846402e-19 1.000000e+25 
2.312500e+04 8.015647e-19 1.000000e+25 
2.333333e+04 8.188031e-19 1.000000e+25 
2.354167e+04 8.367854e-19 1.000000e+25 
2.375000e+04 8.550756e-19 1.000000e+25 
2.395833e+04 8.740103e-19 1.000000e+25 
2.416667e+04 8.932425e-19 1.000000e+25 
2.437500e+04 9.129854e-19 1.000000e+25 
2.458333e+04 9.330164e-19 1.000000e+25 
2.479167e+04 9.534067e-19 1.000000e+25 
2.500000e+04 9.740835e-19 1.000000e+25 
2.520833e+04 9.949702e-19 1.000000e+25 
2.541667e+04 1.016156e-18 1.000000e+25 
2.562500e+04 1.037424e-18 1.000000e+25 
2.583333e+04 1.059022e-18 1.000000e+25 
2.604167e+04 1.080612e-18 1.000000e+25 
2.625000e+04 1.102588e-18 1.000000e+25 
2.645833e+04 1.124512e-18 1.000000e+25 
2.666667e+04 1.146903e-18 1.000000e+25 
2.687500e+04 1.169252e-18 1.000000e+25 
2.708333e+04 1.192176e-18 1.000000e+25 
2.729167e+04 1.215120e-18 1.000000e+25 
2.750000e+04 1.238777e-18 1.000000e+25 
2.770833e+04 1.262572e-18 1.000000e+25 
2.791667e+04 1.287255e-18 1.000000e+25 
2.812500e+04 1.312216e-18 1.000000e+25 
2.833333e+04 1.338250e-18 1.000000e+25 
2.854167e+04 1.364700e-18 1.000000e+25 
2.875000e+04 1.392449e-18 1.000000e+25 
2.895833e+04 1.420862e-18 1.000000e+25 
2.916667e+04 1.450880e-18 1.000000e+25 
2.937500e+04 1.481311e-18 1.000000e+25 
2.958333e+04 1.513405e-18 1.000000e+25 
2.979167e+04 1.545955e-18 1.000000e+25 
3.000000e+04 1.580752e-18 1.000000e+25 
3.020833e+04 1.615764e-18 1.000000e+25 
3.041667e+04 1.653461e-18 1.000000e+25 
3.062500e+04 1.689427e-18 1.000000e+25 
3.083333e+04 1.728421e-18 1.000000e+25 
3.104167e+04 1.751522e-18 1.000000e+25 
3.125000e+04 1.777553e-18 1.000000e+25 
3.145833e+04 1.885024e-18 1.000000e+25 
3.166667e+04 1.936891e-18 1.000000e+25 
3.187500e+04 2.014047e-18 1.000000e+25 
3.208333e+04 2.605066e-18 1.000000e+25 
3.229167e+04 5.787365e-18 5.541705e+24 
3.250000e+04 9.892539e-18 3.221717e+24 
3.270833e+04 1.916206e-17 1.662757e+24 
3.291667e+04 3.125750e-17 1.014660e+24 
3.312500e+04 5.884945e-17 5.387717e+23 
3.333333e+04 9.420015e-17 3.354598e+23 
3.354167e+04 1.717564e-16 1.837450e+23 
3.375000e+04 2.694479e-16 1.167355e+23 
3.395833e+04 4.726766e-16 6.637144e+22 
3.416667e+04 7.240094e-16 4.316331e+22 
3.437500e+04 1.211620e-15 2.568690e+22 
3.458333e+04 1.801353e-15 1.719475e+22 
3.479167e+04 2.844621e-15 1.082288e+22 
3.500000e+04 4.069661e-15 7.517037e+21 
3.520833e+04 5.986293e-15 5.067036e+21 
3.541667e+04 8.148243e-15 3.690640e+21 
3.562500e+04 1.099618e-14 2.702421e+21 
3.583333e+04 1.402273e-14 2.093800e+21 
3.604167e+04 1.704779e-14 1.693744e+21 
3.625000e+04 1.994059e-14 1.423607e+21 
3.645833e+04 2.142117e-14 1.294761e+21 
3.666667e+04 2.239636e-14 1.209161e+21 
3.687500e+04 2.086887e-14 1.259000e+21 
3.708333e+04 1.878567e-14 1.355592e+21 
3.729167e+04 1.465433e-14 1.681870e+21 
3.750000e+04 1.022013e-14 2.331450e+21 
3.770833e+04 6.199945e-15 3.736193e+21 
3.791667e+04 2.566300e-15 8.766495e+21 
3.812500e+04 1.181147e-15 1.841163e+22 
3.833333e+04 1.385817e-16 1.561588e+23 
3.854167e+04 6.777727e-17 3.215616e+23 
3.875000e+04 8.099755e-18 3.069951e+24 
3.895833e+04 2.479693e-18 1.000000e+25 
3.916667e+04 2.069456e-18 1.000000e+25 
3.937500e+04 1.922808e-18 1.000000e+25 
3.958333e+04 1.695336e-18 1.000000e+25 
3.979167e+04 1.733537e-18 1.000000e+25 
4.000000e+04 1.787108e-18 1.000000e+25 
4.020833e+04 1.733537e-18 1.000000e+25 
4.041667e+04 1.695336e-18 1.000000e+25 
4.062500e+04 1.922808e-18 1.000000e+25 
4.083333e+04 2.069456e-18 1.000000e+25 
4.104167e+04 2.479693e-18 1.000000e+25 
4.125000e+04 8.099755e-18 3.069951e+24 
4.145833e+04 6.777727e-17 3.215616e+23 
4.166667e+04 1.385817e-16 1.561588e+23 
4.187500e+04 1.181147e-15 1.841163e+22 
4.208333e+04 2.566300e-15 8.766495e+21 
4.229167e+04 6.199945e-15 3.736193e+21 
4.250000e+04 1.022013e-14 2.331450e+21 
4.270833e+04 1.465433e-14 1.681870e+21 
4.291667e+04 1.878567e-14 1.355592e+21 
4.312500e+04 2.086887e-14 1.259000e+21 
4.333333e+04 2.239636e-14 1.209161e+21 
4.354167e+04 2.142117e-14 1.294761e+21 
4.375000e+04 1.994059e-14 1.423607e+21 
4.395833e+04 1.704779e-14 1.693744e+21 
4.416667e+04 1.402273e-14 2.093800e+21 
4.437500e+04 1.099618e-14 2.702421e+21 
4.458333e+04 8.148243e-15 3.690640e+21 
4.479167e+04 5.986293e-15 5.067036e+21 
4.500000e+04 4.069661e-15 7.517037e+21 
4.520833e+04 2.844621e-15 1.082288e+22 
4.541667e+04 1.801353e-15 1.719475e+22 
4.562500e+04 1.211620e-15 2.568690e+22 
4.583333e+04 7.240094e-16 4.316331e+22 
4.604167e+04 4.726766e-16 6.637144e+22 
4.625000e+04 2.694479e-16 1.167355e+23 
4.645833e+04 1.717564e-16 1.837450e+23 
4.666667e+04 9.420015e-17 3.354598e+23 
4.687500e+04 5.884945e-17 5.387717e+23 
4.708333e+04 3.125750e-17 1.014660e+24 
4.729167e+04 1.916206e-17 1.662757e+24 
4.750000e+04 9.892539e-18 3.221717e+24 
4.770833e+04 5.787365e-18 5.541705e+24 
4.791667e+04 2.605066e-18 1.000000e+25 
4.812500e+04 2.014047e-18 1.000000e+25 
4.833333e+04 1.936891e-18 1.000000e+25 
4.854167e+04 1.885024e-18 1.000000e+25 
4.875000e+04 1.777553e-18 1.000000e+25 
4.895833e+04 1.751522e-18 1.000000e+25 
4.916667e+04 1.728421e-18 1.000000e+25 
4.937500e+04 1.689427e-18 1.000000e+25 
4.958333e+04 1.653461e-18 1.000000e+25 
4.979167e+04 1.615764e-18 1.000000e+25 
5.000000e+04 1.580752e-18 1.000000e+25 
5.020833e+04 1.545955e-18 1.000000e+25 
5.041667e+04 1.513405e-18 1.000000e+25 
5.062500e+04 1.481311e-18 1.000000e+25 
5.083333e+04 1.450880e-18 1.000000e+25 
5.104167e+04 1.420862e-18 1.000000e+25 
5.125000e+04 1.392449e-18 1.000000e+25 
5.145833e+04 1.364700e-18 1.000000e+25 
5.166667e+04 1.338250e-18 1.000000e+25 
5.187500e+04 1.312216e-18 1.000000e+25 
5.208333e+04 1.287255e-18 1.000000e+25 
5.229167e+04 1.262572e-18 1.000000e+25 
5.250000e+04 1.238777e-18 1.000000e+25 
5.270833e+04 1.215120e-18 1.000000e+25 
5.291667e+04 1.192176e-18 1.000000e+25 
5.312500e+04 1.169252e-18 1.000000e+25 
5.333333e+04 1.146903e-18 1.000000e+25 
5.354167e+04 1.124512e-18 1.000000e+25 
5.375000e+04 1.102588e-18 1.000000e+25 
5.395833e+04 1.080612e-18 1.000000e+25 
5.416667e+04 1.059022e-18 1.000000e+25 
5.437500e+04 1.037424e-18 1.000000e+25 
5.458333e+04 1.016156e-18 1.000000e+25 
5.479167e+04 9.949702e-19 1.000000e+25 
5.500000e+04 9.740835e-19 1.000000e+25 
5.520833e+04 9.534067e-19 1.000000e+25 
5.541667e+04 9.330164e-19 1.000000e+25 
5.562500e+04 9.129854e-19 1.000000e+25 
5.583333e+04 8.932425e-19 1.000000e+25 
5.604167e+04 8.740103e-19 1.000000e+25 
5.625000e+04 8.550756e-19 1.000000e+25 
5.645833e+04 8.367854e-19 1.000000e+25 
5.666667e+04 8.188031e-19 1.000000e+25 
5.687500e+04 8.015647e-19 1.000000e+25 
5.708333e+04 7.846402e-19 1.000000e+25 
5.729167e+04 7.685142e-19 1.000000e+25 
5.750000e+04 7.527001e-19 1.000000e+25 
5.770833e+04 7.376915e-19 1.000000e+25 
5.791667e+04 7.229831e-19 1.000000e+25 
5.812500e+04 7.090445e-19 1.000000e+25 
5.833333e+04 6.953860e-19 1.000000e+25 
5.854167e+04 6.824298e-19 1.000000e+25 
5.875000e+04 6.697274e-19 1.000000e+25 
5.895833e+04 6.576416e-19 1.000000e+25 
5.916667e+04 6.457811e-19 1.000000e+25 
5.937500e+04 6.344467e-19 1.000000e+25 
5.958333e+04 6.233100e-19 1.000000e+25 
5.979167e+04 6.126155e-19 1.000000e+25 
6.000000e+04 6.020945e-19 1.000000e+25 
6.020833e+04 5.919456e-19 1.000000e+25 
6.041667e+04 5.819506e-19 1.000000e+25 
6.062500e+04 5.722740e-19 1.000000e+25 
6.083333e+04 5.627369e-19 1.000000e+25 
6.104167e+04 5.534796e-19 1.000000e+25 
6.125000e+04 5.443518e-19 1.000000e+25 
6.145833e+04 5.354775e-19 1.000000e+25 
6.166667e+04 5.267254e-19 1.000000e+25 
6.187500e+04 5.182085e-19 1.000000e+25 
6.208333e+04 5.098084e-19 1.000000e+25 
6.229167e+04 5.016295e-19 1.000000e+25 
6.250000e+04 4.935627e-19 1.000000e+25 
6.270833e+04 4.857044e-19 1.000000e+25 
6.291667e+04 4.779536e-19 1.000000e+25 
6.312500e+04 4.703984e-19 1.000000e+25 
6.333333e+04 4.629458e-19 1.000000e+25 
6.354167e+04 4.556753e-19 1.000000e+25 
6.375000e+04 4.485022e-19 1.000000e+25 
6.395833e+04 4.414971e-19 1.000000e+25 
6.416667e+04 4.345840e-19 1.000000e+25 
6.437500e+04 4.278253e-19 1.000000e+25 
6.458333e+04 4.211532e-19 1.000000e+25 
6.479167e+04 4.146231e-19 1.000000e+25 
6.500000e+04 4.081747e-19 1.000000e+25 
6.520833e+04 4.018584e-19 1.000000e+25 
6.541667e+04 3.956196e-19 1.000000e+25 
6.562500e+04 3.895060e-19 1.000000e+25 
6.583333e+04 3.834668e-19 1.000000e+25 
6.604167e+04 3.775490e-19 1.000000e+25 
6.625000e+04 3.717033e-19 1.000000e+25 
6.645833e+04 3.659780e-19 1.000000e+25 
6.666667e+04 3.603234e-19 1.000000e+25 
6.687500e+04 3.547904e-19 1.000000e+25 
6.708333e+04 3.493270e-19 1.000000e+25 
6.729167e+04 3.439873e-19 1.000000e+25 
6.750000e+04 3.387165e-19 1.000000e+25 
6.770833e+04 3.335715e-19 1.000000e+25 
6.791667e+04 3.284947e-19 1.000000e+25 
6.812500e+04 3.235451e-19 1.000000e+25 
6.833333e+04 3.186630e-19 1.000000e+25 
6.854167e+04 3.139083e-19 1.000000e+25 
6.875000e+04 3.092201e-19 1.000000e+25 
6.895833e+04 3.046586e-19 1.000000e+25 
6.916667e+04 3.001625e-19 1.000000e+25 
6.937500e+04 2.957912e-19 1.000000e+25 
6.958333e+04 2.914840e-19 1.000000e+25 
6.979167e+04 2.872991e-19 1.000000e+25 
7.000000e+04 2.831772e-19 1.000000e+25 
7.020833e+04 2.791747e-19 1.000000e+25 
7.041667e+04 2.752338e-19 1.000000e+25 
7.062500e+04 2.714094e-19 1.000000e+25 
7.083333e+04 2.676456e-19 1.000000e+25 
7.104167e+04 2.639955e-19 1.000000e+25 
7.125000e+04 2.604049e-19 1.000000e+25 
7.145833e+04 2.569254e-19 1.000000e+25 
7.166667e+04 2.535048e-19 1.000000e+25 
7.187500e+04 2.501930e-19 1.000000e+25 
7.208333e+04 2.469395e-19 1.000000e+25 
7.229167e+04 2.437930e-19 1.000000e+25 
7.250000e+04 2.407044e-19 1.000000e+25 
7.270833e+04 2.377214e-19 1.000000e+25 
7.291667e+04 2.347962e-19 1.000000e+25 
7.312500e+04 2.319755e-19 1.000000e+25 
7.333333e+04 2.292126e-19 1.000000e+25 
7.354167e+04 2.265535e-19 1.000000e+25 
7.375000e+04 2.239524e-19 1.000000e+25 
7.395833e+04 2.214548e-19 1.000000e+25 
7.416667e+04 2.190154e-19 1.000000e+25 
7.437500e+04 2.166795e-19 1.000000e+25 
7.458333e+04 2.144024e-19 1.000000e+25 
7.479167e+04 2.122288e-19 1.000000e+25 
7.500000e+04 2.101145e-19 1.000000e+25 
7.520833e+04 2.081042e-19 1.000000e+25 
7.541667e+04 2.061539e-19 1.000000e+25 
7.562500e+04 2.043081e-19 1.000000e+25 
7.583333e+04 2.025230e-19 1.000000e+25 
7.604167e+04 2.008431e-19 1.000000e+25 
7.625000e+04 1.992247e-19 1.000000e+25 
7.645833e+04 1.977121e-19 1.000000e+25 
7.666667e+04 1.962620e-19 1.000000e+25 
7.687500e+04 1.949184e-19 1.000000e+25 
7.708333e+04 1.936381e-19 1.000000e+25 
7.729167e+04 1.924651e-19 1.000000e+25 
7.750000e+04 1.913562e-19 1.000000e+25 
7.770833e+04 1.903554e-19 1.000000e+25 
7.791667e+04 1.894194e-19 1.000000e+25 
7.812500e+04 1.885922e-19 1.000000e+25 
7.833333e+04 1.878305e-19 1.000000e+25 
7.854167e+04 1.871782e-19 1.000000e+25 
7.875000e+04 1.865919e-19 1.000000e+25 
7.895833e+04 1.861156e-19 1.000000e+25 
7.916667e+04 1.857057e-19 1.000000e+25 
7.937500e+04 1.854061e-19 1.000000e+25 
7.958333e+04 1.851733e-19 1.000000e+25 
7.979167e+04 1.850511e-19 1.000000e+25 
8.000000e+04 1.849958e-19 1.000000e+25 
