0.000000e+00 2.011085e-19 1.000000e+25 
4.166667e+02 2.013516e-19 1.000000e+25 
8.333333e+02 2.018869e-19 1.000000e+25 
1.250000e+03 2.029071e-19 1.000000e+25 
1.666667e+03 2.042168e-19 1.000000e+25 
2.083333e+03 2.060076e-19 1.000000e+25 
2.500000e+03 2.080829e-19 1.000000e+25 
2.916667e+03 2.106338e-19 1.000000e+25 
3.333333e+03 2.134625e-19 1.000000e+25 
3.750000e+03 2.167607e-19 1.000000e+25 
4.166667e+03 2.203295e-19 1.000000e+25 
4.583333e+03 2.243621e-19 1.000000e+25 
5.000000e+03 2.286582e-19 1.000000e+25 
5.416667e+03 2.334148e-19 1.000000e+25 
5.833333e+03 2.384291e-19 1.000000e+25 
6.250000e+03 2.439040e-19 1.000000e+25 
6.666667e+03 2.496329e-19 1.000000e+25 
7.083333e+03 2.558277e-19 1.000000e+25 
7.500000e+03 2.622755e-19 1.000000e+25 
7.916667e+03 2.692001e-19 1.000000e+25 
8.333333e+03 2.763799e-19 1.000000e+25 
8.750000e+03 2.840528e-19 1.000000e+25 
9.166667e+03 2.919862e-19 1.000000e+25 
9.583333e+03 3.004318e-19 1.000000e+25 
1.000000e+04 3.091451e-19 1.000000e+25 
1.041667e+04 3.183889e-19 1.000000e+25 
1.083333e+04 3.279089e-19 1.000000e+25 
1.125000e+04 3.379737e-19 1.000000e+25 
1.166667e+04 3.483242e-19 1.000000e+25 
1.208333e+04 3.592277e-19 1.000000e+25 
1.250000e+04 3.704267e-19 1.000000e+25 
1.291667e+04 3.821809e-19 1.000000e+25 
1.333333e+04 3.942409e-19 1.000000e+25 
1.375000e+04 4.068516e-19 1.000000e+25 
1.416667e+04 4.197787e-19 1.000000e+25 
1.458333e+04 4.332568e-19 1.000000e+25 
1.500000e+04 4.470682e-19 1.000000e+25 
1.541667e+04 4.614704e-19 1.000000e+25 
1.583333e+04 4.762403e-19 1.000000e+25 
1.625000e+04 4.916956e-19 1.000000e+25 
1.666667e+04 5.075654e-19 1.000000e+25 
1.708333e+04 5.242365e-19 1.000000e+25 
1.750000e+04 5.413627e-19 1.000000e+25 
1.791667e+04 5.593999e-19 1.000000e+25 
1.833333e+04 5.779281e-19 1.000000e+25 
1.875000e+04 5.975285e-19 1.000000e+25 
1.916667e+04 6.176888e-19 1.000000e+25 
1.958333e+04 6.392549e-19 1.000000e+25 
2.000000e+04 6.615194e-19 1.000000e+25 
2.041667e+04 6.857602e-19 1.000000e+25 
2.083333e+04 7.109048e-19 1.000000e+25 
2.125000e+04 7.387317e-19 1.000000e+25 
2.166667e+04 7.676831e-19 1.000000e+25 
2.208333e+04 7.998488e-19 1.000000e+25 
2.250000e+04 8.332736e-19 1.000000e+25 
2.291667e+04 8.699327e-19 1.000000e+25 
2.333333e+04 9.078546e-19 1.000000e+25 
2.375000e+04 9.483621e-19 1.000000e+25 
2.416667e+04 9.900516e-19 1.000000e+25 
2.458333e+04 1.033133e-18 1.000000e+25 
2.500000e+04 1.077354e-18 1.000000e+25 
2.541667e+04 1.121725e-18 1.000000e+25 
2.583333e+04 1.167429e-18 1.000000e+25 
2.625000e+04 1.212383e-18 1.000000e+25 
2.666667e+04 1.259089e-18 1.000000e+25 
2.708333e+04 1.305746e-18 1.000000e+25 
2.750000e+04 1.355758e-18 1.000000e+25 
2.791667e+04 1.411310e-18 1.000000e+25 
2.833333e+04 1.474213e-18 1.000000e+25 
2.875000e+04 1.535880e-18 1.000000e+25 
2.916667e+04 1.601772e-18 1.000000e+25 
2.958333e+04 1.672396e-18 1.000000e+25 
3.000000e+04 1.736316e-18 1.000000e+25 
3.041667e+04 1.801545e-18 1.000000e+25 
3.083333e+04 1.815052e-18 1.000000e+25 
3.125000e+04 1.809923e-18 1.000000e+25 
3.166667e+04 1.263427e-18 1.000000e+25 
3.208333e+04 1.207726e-17 2.723429e+24 
3.250000e+04 2.386568e-17 1.305377e+24 
3.291667e+04 1.151419e-16 2.746153e+23 
3.333333e+04 2.369464e-16 1.304869e+23 
3.375000e+04 8.125140e-16 3.805183e+22 
3.416667e+04 1.659778e-15 1.845701e+22 
3.458333e+04 3.904798e-15 7.788424e+21 
3.500000e+04 6.868828e-15 4.401441e+21 
3.541667e+04 1.108597e-14 2.693613e+21 
3.583333e+04 1.541334e-14 1.913998e+21 
3.625000e+04 1.743037e-14 1.631484e+21 
3.666667e+04 1.829901e-14 1.488978e+21 
3.708333e+04 1.408165e-14 1.821390e+21 
3.750000e+04 8.132336e-15 2.935893e+21 
3.791667e+04 3.213512e-15 6.941810e+21 
3.833333e+04 1.963202e-16 1.237666e+23 
3.875000e+04 1.148245e-16 2.070696e+23 
3.916667e+04 1.440198e-17 1.929905e+24 
3.958333e+04 6.635274e-18 4.071525e+24 
4.000000e+04 4.307672e-18 6.327002e+24 
4.041667e+04 6.635274e-18 4.071525e+24 
4.083333e+04 1.440198e-17 1.929905e+24 
4.125000e+04 1.148245e-16 2.070696e+23 
4.166667e+04 1.963202e-16 1.237666e+23 
4.208333e+04 3.213512e-15 6.941810e+21 
4.250000e+04 8.132336e-15 2.935893e+21 
4.291667e+04 1.408165e-14 1.821390e+21 
4.333333e+04 1.829901e-14 1.488978e+21 
4.375000e+04 1.743037e-14 1.631484e+21 
4.416667e+04 1.541334e-14 1.913998e+21 
4.458333e+04 1.108597e-14 2.693613e+21 
4.500000e+04 6.868828e-15 4.401441e+21 
4.541667e+04 3.904798e-15 7.788424e+21 
4.583333e+04 1.659778e-15 1.845701e+22 
4.625000e+04 8.125140e-16 3.805183e+22 
4.666667e+04 2.369464e-16 1.304869e+23 
4.708333e+04 1.151419e-16 2.746153e+23 
4.750000e+04 2.386568e-17 1.305377e+24 
4.791667e+04 1.207726e-17 2.723429e+24 
4.833333e+04 1.263427e-18 1.000000e+25 
4.875000e+04 1.809923e-18 1.000000e+25 
4.916667e+04 1.815052e-18 1.000000e+25 
4.958333e+04 1.801545e-18 1.000000e+25 
5.000000e+04 1.736316e-18 1.000000e+25 
5.041667e+04 1.672396e-18 1.000000e+25 
5.083333e+04 1.601772e-18 1.000000e+25 
5.125000e+04 1.535880e-18 1.000000e+25 
5.166667e+04 1.474213e-18 1.000000e+25 
5.208333e+04 1.411310e-18 1.000000e+25 
5.250000e+04 1.355758e-18 1.000000e+25 
5.291667e+04 1.305746e-18 1.000000e+25 
5.333333e+04 1.259089e-18 1.000000e+25 
5.375000e+04 1.212383e-18 1.000000e+25 
5.416667e+04 1.167429e-18 1.000000e+25 
5.458333e+04 1.121725e-18 1.000000e+25 
5.500000e+04 1.077354e-18 1.000000e+25 
5.541667e+04 1.033133e-18 1.000000e+25 
5.583333e+04 9.900516e-19 1.000000e+25 
5.625000e+04 9.483621e-19 1.000000e+25 
5.666667e+04 9.078546e-19 1.000000e+25 
5.708333e+04 8.699327e-19 1.000000e+25 
5.750000e+04 8.332736e-19 1.000000e+25 
5.791667e+04 7.998488e-19 1.000000e+25 
5.833333e+04 7.676831e-19 1.000000e+25 
5.875000e+04 7.387317e-19 1.000000e+25 
5.916667e+04 7.109048e-19 1.000000e+25 
5.958333e+04 6.857602e-19 1.000000e+25 
6.000000e+04 6.615194e-19 1.000000e+25 
6.041667e+04 6.392549e-19 1.000000e+25 
6.083333e+04 6.176888e-19 1.000000e+25 
6.125000e+04 5.975285e-19 1.000000e+25 
6.166667e+04 5.779281e-19 1.000000e+25 
6.208333e+04 5.593999e-19 1.000000e+25 
6.250000e+04 5.413627e-19 1.000000e+25 
6.291667e+04 5.242365e-19 1.000000e+25 
6.333333e+04 5.075654e-19 1.000000e+25 
6.375000e+04 4.916956e-19 1.000000e+25 
6.416667e+04 4.762403e-19 1.000000e+25 
6.458333e+04 4.614704e-19 1.000000e+25 
6.500000e+04 4.470682e-19 1.000000e+25 
6.541667e+04 4.332568e-19 1.000000e+25 
6.583333e+04 4.197787e-19 1.000000e+25 
6.625000e+04 4.068516e-19 1.000000e+25 
6.666667e+04 3.942409e-19 1.000000e+25 
6.708333e+04 3.821809e-19 1.000000e+25 
6.750000e+04 3.704267e-19 1.000000e+25 
6.791667e+04 3.592277e-19 1.000000e+25 
6.833333e+04 3.483242e-19 1.000000e+25 
6.875000e+04 3.379737e-19 1.000000e+25 
6.916667e+04 3.279089e-19 1.000000e+25 
6.958333e+04 3.183889e-19 1.000000e+25 
7.000000e+04 3.091451e-19 1.000000e+25 
7.041667e+04 3.004318e-19 1.000000e+25 
7.083333e+04 2.919862e-19 1.000000e+25 
7.125000e+04 2.840528e-19 1.000000e+25 
7.166667e+04 2.763799e-19 1.000000e+25 
7.208333e+04 2.692001e-19 1.000000e+25 
7.250000e+04 2.622755e-19 1.000000e+25 
7.291667e+04 2.558277e-19 1.000000e+25 
7.333333e+04 2.496329e-19 1.000000e+25 
7.375000e+04 2.439040e-19 1.000000e+25 
7.416667e+04 2.384291e-19 1.000000e+25 
7.458333e+04 2.334148e-19 1.000000e+25 
7.500000e+04 2.286582e-19 1.000000e+25 
7.541667e+04 2.243621e-19 1.000000e+25 
7.583333e+04 2.203295e-19 1.000000e+25 
7.625000e+04 2.167607e-19 1.000000e+25 
7.666667e+04 2.134625e-19 1.000000e+25 
7.708333e+04 2.106338e-19 1.000000e+25 
7.750000e+04 2.080829e-19 1.000000e+25 
7.791667e+04 2.060076e-19 1.000000e+25 
7.833333e+04 2.042168e-19 1.000000e+25 
7.875000e+04 2.029071e-19 1.000000e+25 
7.916667e+04 2.018869e-19 1.000000e+25 
7.958333e+04 2.013516e-19 1.000000e+25 
8.000000e+04 2.011085e-19 1.000000e+25 
