0.000000e+00 2.422911e-17 2.544850e+24 
1.562500e+02 2.422826e-17 2.544839e+24 
3.125000e+02 2.422566e-17 2.544963e+24 
4.687500e+02 2.422134e-17 2.545088e+24 
6.250000e+02 2.421513e-17 2.545361e+24 
7.812500e+02 2.420712e-17 2.545696e+24 
9.375000e+02 2.419702e-17 2.546197e+24 
1.093750e+03 2.418502e-17 2.546851e+24 
1.250000e+03 2.417073e-17 2.547689e+24 
1.406250e+03 2.415449e-17 2.548780e+24 
1.562500e+03 2.413581e-17 2.550066e+24 
1.718750e+03 2.411522e-17 2.551697e+24 
1.875000e+03 2.409220e-17 2.553521e+24 
2.031250e+03 2.406743e-17 2.555759e+24 
2.187500e+03 2.404040e-17 2.558171e+24 
2.343750e+03 2.401190e-17 2.561038e+24 
2.500000e+03 2.398152e-17 2.564039e+24 
2.656250e+03 2.395007e-17 2.567507e+24 
2.812500e+03 2.391726e-17 2.571053e+24 
2.968750e+03 2.388386e-17 2.575046e+24 
3.125000e+03 2.384976e-17 2.579049e+24 
3.281250e+03 2.381561e-17 2.583456e+24 
3.437500e+03 2.378146e-17 2.587796e+24 
3.593750e+03 2.374782e-17 2.592479e+24 
3.750000e+03 2.371492e-17 2.597015e+24 
3.906250e+03 2.368308e-17 2.601821e+24 
4.062500e+03 2.365270e-17 2.606399e+24 
4.218750e+03 2.362387e-17 2.611170e+24 
4.375000e+03 2.359717e-17 2.615634e+24 
4.531250e+03 2.357249e-17 2.620214e+24 
4.687500e+03 2.355053e-17 2.624414e+24 
4.843750e+03 2.353099e-17 2.628656e+24 
5.000000e+03 2.351467e-17 2.632453e+24 
5.156250e+03 2.350112e-17 2.636221e+24 
5.312500e+03 2.349122e-17 2.639487e+24 
5.468750e+03 2.348438e-17 2.642663e+24 
5.625000e+03 2.348152e-17 2.645288e+24 
5.781250e+03 2.348197e-17 2.647767e+24 
5.937500e+03 2.348667e-17 2.649656e+24 
6.093750e+03 2.349488e-17 2.651352e+24 
6.250000e+03 2.350753e-17 2.652426e+24 
6.406250e+03 2.352388e-17 2.653268e+24 
6.562500e+03 2.354480e-17 2.653463e+24 
6.718750e+03 2.356956e-17 2.653393e+24 
6.875000e+03 2.359899e-17 2.652661e+24 
7.031250e+03 2.363242e-17 2.651635e+24 
7.187500e+03 2.367055e-17 2.649937e+24 
7.343750e+03 2.371283e-17 2.647924e+24 
7.500000e+03 2.375983e-17 2.645232e+24 
7.656250e+03 2.381113e-17 2.642207e+24 
7.812500e+03 2.386715e-17 2.638505e+24 
7.968750e+03 2.392763e-17 2.634453e+24 
8.125000e+03 2.399282e-17 2.629727e+24 
8.281250e+03 2.406267e-17 2.624639e+24 
8.437500e+03 2.413719e-17 2.618883e+24 
8.593750e+03 2.421659e-17 2.612753e+24 
8.750000e+03 2.430065e-17 2.605965e+24 
8.906250e+03 2.438983e-17 2.598789e+24 
9.062500e+03 2.448366e-17 2.590968e+24 
9.218750e+03 2.458293e-17 2.582745e+24 
9.375000e+03 2.468683e-17 2.573889e+24 
9.531250e+03 2.479652e-17 2.564618e+24 
9.687500e+03 2.491086e-17 2.554726e+24 
9.843750e+03 2.503141e-17 2.544401e+24 
1.000000e+04 2.515663e-17 2.533469e+24 
1.015625e+04 2.528856e-17 2.522082e+24 
1.031250e+04 2.542522e-17 2.510103e+24 
1.046875e+04 2.556917e-17 2.497644e+24 
1.062500e+04 2.571793e-17 2.484605e+24 
1.078125e+04 2.587465e-17 2.471056e+24 
1.093750e+04 2.603629e-17 2.456940e+24 
1.109375e+04 2.620669e-17 2.442279e+24 
1.125000e+04 2.638216e-17 2.427064e+24 
1.140625e+04 2.656727e-17 2.411262e+24 
1.156250e+04 2.675766e-17 2.394920e+24 
1.171875e+04 2.695872e-17 2.377945e+24 
1.187500e+04 2.716530e-17 2.360442e+24 
1.203125e+04 2.738372e-17 2.342258e+24 
1.218750e+04 2.760794e-17 2.323559e+24 
1.234375e+04 2.784532e-17 2.304127e+24 
1.250000e+04 2.808885e-17 2.284196e+24 
1.265625e+04 2.834701e-17 2.263477e+24 
1.281250e+04 2.861173e-17 2.242278e+24 
1.296875e+04 2.889271e-17 2.220238e+24 
1.312500e+04 2.918072e-17 2.197741e+24 
1.328125e+04 2.948681e-17 2.174355e+24 
1.343750e+04 2.980046e-17 2.150537e+24 
1.359375e+04 3.013417e-17 2.125787e+24 
1.375000e+04 3.047604e-17 2.100639e+24 
1.390625e+04 3.084018e-17 2.074523e+24 
1.406250e+04 3.121312e-17 2.048051e+24 
1.421875e+04 3.161073e-17 2.020585e+24 
1.437500e+04 3.201785e-17 1.992812e+24 
1.453125e+04 3.245229e-17 1.964031e+24 
1.468750e+04 3.289701e-17 1.935002e+24 
1.484375e+04 3.337191e-17 1.904963e+24 
1.500000e+04 3.385794e-17 1.874745e+24 
1.515625e+04 3.437730e-17 1.843529e+24 
1.531250e+04 3.490868e-17 1.812209e+24 
1.546875e+04 3.547682e-17 1.779918e+24 
1.562500e+04 3.605794e-17 1.747607e+24 
1.578125e+04 3.667959e-17 1.714364e+24 
1.593750e+04 3.731526e-17 1.681192e+24 
1.609375e+04 3.799556e-17 1.647138e+24 
1.625000e+04 3.869099e-17 1.613253e+24 
1.640625e+04 3.943557e-17 1.578544e+24 
1.656250e+04 4.019646e-17 1.544107e+24 
1.671875e+04 4.101147e-17 1.508915e+24 
1.687500e+04 4.184406e-17 1.474097e+24 
1.703125e+04 4.273621e-17 1.438599e+24 
1.718750e+04 4.364733e-17 1.403579e+24 
1.734375e+04 4.462400e-17 1.367959e+24 
1.750000e+04 4.562114e-17 1.332918e+24 
1.765625e+04 4.669041e-17 1.297360e+24 
1.781250e+04 4.778179e-17 1.262480e+24 
1.796875e+04 4.895252e-17 1.227167e+24 
1.812500e+04 5.014716e-17 1.192624e+24 
1.828125e+04 5.142910e-17 1.157734e+24 
1.843750e+04 5.273692e-17 1.123698e+24 
1.859375e+04 5.414078e-17 1.089398e+24 
1.875000e+04 5.557267e-17 1.056028e+24 
1.890625e+04 5.711020e-17 1.022475e+24 
1.906250e+04 5.867817e-17 9.899187e+23 
1.921875e+04 6.036232e-17 9.572562e+23 
1.937500e+04 6.207956e-17 9.256446e+23 
1.953125e+04 6.392456e-17 8.939990e+23 
1.968750e+04 6.580560e-17 8.634479e+23 
1.984375e+04 6.782714e-17 8.329285e+23 
2.000000e+04 6.988799e-17 8.035356e+23 
2.015625e+04 7.210334e-17 7.742333e+23 
2.031250e+04 7.436168e-17 7.460778e+23 
2.046875e+04 7.678990e-17 7.180648e+23 
2.062500e+04 7.926519e-17 6.912077e+23 
2.078125e+04 8.192729e-17 6.645376e+23 
2.093750e+04 8.464106e-17 6.390218e+23 
2.109375e+04 8.756022e-17 6.137303e+23 
2.125000e+04 9.053621e-17 5.895816e+23 
2.140625e+04 9.373803e-17 5.656877e+23 
2.156250e+04 9.700248e-17 5.429163e+23 
2.171875e+04 1.005152e-16 5.204233e+23 
2.187500e+04 1.040971e-16 4.990247e+23 
2.203125e+04 1.079520e-16 4.779221e+23 
2.218750e+04 1.118834e-16 4.578792e+23 
2.234375e+04 1.161149e-16 4.381440e+23 
2.250000e+04 1.204312e-16 4.194286e+23 
2.265625e+04 1.250776e-16 4.010274e+23 
2.281250e+04 1.298182e-16 3.836018e+23 
2.296875e+04 1.349218e-16 3.664926e+23 
2.312500e+04 1.401302e-16 3.503115e+23 
2.328125e+04 1.457378e-16 3.344450e+23 
2.343750e+04 1.514623e-16 3.194572e+23 
2.359375e+04 1.576260e-16 3.047791e+23 
2.375000e+04 1.639201e-16 2.909292e+23 
2.390625e+04 1.706975e-16 2.773815e+23 
2.406250e+04 1.776208e-16 2.646110e+23 
2.421875e+04 1.850756e-16 2.521334e+23 
2.437500e+04 1.926940e-16 2.403825e+23 
2.453125e+04 2.008970e-16 2.289139e+23 
2.468750e+04 2.092834e-16 2.181223e+23 
2.484375e+04 2.183125e-16 2.076014e+23 
2.500000e+04 2.275474e-16 1.977091e+23 
2.515625e+04 2.374886e-16 1.880757e+23 
2.531250e+04 2.476609e-16 1.790239e+23 
2.546875e+04 2.586086e-16 1.702189e+23 
2.562500e+04 2.698159e-16 1.619506e+23 
2.578125e+04 2.818738e-16 1.539168e+23 
2.593750e+04 2.942231e-16 1.463768e+23 
2.609375e+04 3.075045e-16 1.390591e+23 
2.625000e+04 3.211130e-16 1.321945e+23 
2.640625e+04 3.357419e-16 1.255401e+23 
2.656250e+04 3.507374e-16 1.193002e+23 
2.671875e+04 3.668489e-16 1.132586e+23 
2.687500e+04 3.833709e-16 1.075953e+23 
2.703125e+04 4.011124e-16 1.021186e+23 
2.718750e+04 4.193126e-16 9.698612e+22 
2.734375e+04 4.388446e-16 9.202884e+22 
2.750000e+04 4.588886e-16 8.738402e+22 
2.765625e+04 4.803866e-16 8.290311e+22 
2.781250e+04 5.024548e-16 7.870520e+22 
2.796875e+04 5.261113e-16 7.466010e+22 
2.812500e+04 5.504015e-16 7.087075e+22 
2.828125e+04 5.764285e-16 6.722328e+22 
2.843750e+04 6.031588e-16 6.380647e+22 
2.859375e+04 6.317927e-16 6.052079e+22 
2.875000e+04 6.612058e-16 5.744280e+22 
2.890625e+04 6.927121e-16 5.448532e+22 
2.906250e+04 7.250811e-16 5.171460e+22 
2.921875e+04 7.597625e-16 4.905394e+22 
2.937500e+04 7.953988e-16 4.656107e+22 
2.953125e+04 8.336045e-16 4.416797e+22 
2.968750e+04 8.728682e-16 4.192558e+22 
2.984375e+04 9.150057e-16 3.977288e+22 
3.000000e+04 9.583175e-16 3.775563e+22 
3.015625e+04 1.004866e-15 3.581825e+22 
3.031250e+04 1.052721e-15 3.400279e+22 
3.046875e+04 1.104245e-15 3.225776e+22 
3.062500e+04 1.157228e-15 3.062273e+22 
3.078125e+04 1.214391e-15 2.904924e+22 
3.093750e+04 1.273188e-15 2.757532e+22 
3.109375e+04 1.336760e-15 2.615470e+22 
3.125000e+04 1.402163e-15 2.482466e+22 
3.140625e+04 1.473021e-15 2.354051e+22 
3.156250e+04 1.545932e-15 2.233916e+22 
3.171875e+04 1.625044e-15 2.117731e+22 
3.187500e+04 1.706449e-15 2.009155e+22 
3.203125e+04 1.794844e-15 1.904000e+22 
3.218750e+04 1.885781e-15 1.805870e+22 
3.234375e+04 1.984484e-15 1.710747e+22 
3.250000e+04 2.085972e-15 1.622129e+22 
3.265625e+04 2.195917e-15 1.536217e+22 
3.281250e+04 2.308860e-15 1.456332e+22 
3.296875e+04 2.430762e-15 1.378952e+22 
3.312500e+04 2.555816e-15 1.307142e+22 
3.328125e+04 2.690007e-15 1.237723e+22 
3.343750e+04 2.827412e-15 1.173420e+22 
3.359375e+04 2.973638e-15 1.111461e+22 
3.375000e+04 3.123011e-15 1.054156e+22 
3.390625e+04 3.280201e-15 9.992004e+21 
3.406250e+04 3.440298e-15 9.484255e+21 
3.421875e+04 3.606294e-15 9.000405e+21 
3.437500e+04 3.774749e-15 8.553549e+21 
3.453125e+04 3.946023e-15 8.131300e+21 
3.468750e+04 4.119067e-15 7.741199e+21 
3.484375e+04 4.290433e-15 7.376706e+21 
3.500000e+04 4.462614e-15 7.039578e+21 
3.515625e+04 4.626973e-15 6.729413e+21 
3.531250e+04 4.790918e-15 6.441995e+21 
3.546875e+04 4.939079e-15 6.183386e+21 
3.562500e+04 5.085345e-15 5.943188e+21 
3.578125e+04 5.206022e-15 5.734342e+21 
3.593750e+04 5.323125e-15 5.540004e+21 
3.609375e+04 5.403239e-15 5.380576e+21 
3.625000e+04 5.478010e-15 5.232406e+21 
3.640625e+04 5.503488e-15 5.124189e+21 
3.656250e+04 5.521934e-15 5.025021e+21 
3.671875e+04 5.479244e-15 4.973070e+21 
3.687500e+04 5.428148e-15 4.929726e+21 
3.703125e+04 5.306829e-15 4.944255e+21 
3.718750e+04 5.176345e-15 4.970151e+21 
3.734375e+04 4.972679e-15 5.069829e+21 
3.750000e+04 4.760061e-15 5.189675e+21 
3.765625e+04 4.481754e-15 5.407213e+21 
3.781250e+04 4.196140e-15 5.665077e+21 
3.796875e+04 3.867144e-15 6.055253e+21 
3.812500e+04 3.534631e-15 6.525231e+21 
3.828125e+04 3.197808e-15 7.168534e+21 
3.843750e+04 2.864469e-15 7.951604e+21 
3.859375e+04 2.576923e-15 8.917477e+21 
3.875000e+04 2.303059e-15 1.005676e+22 
3.890625e+04 2.115385e-15 1.125999e+22 
3.906250e+04 1.948432e-15 1.254308e+22 
3.921875e+04 1.868461e-15 1.367177e+22 
3.937500e+04 1.803319e-15 1.475814e+22 
3.953125e+04 1.792564e-15 1.559296e+22 
3.968750e+04 1.783180e-15 1.641385e+22 
3.984375e+04 1.785621e-15 1.679152e+22 
4.000000e+04 1.791687e-15 1.714041e+22 
4.015625e+04 1.785621e-15 1.679152e+22 
4.031250e+04 1.783180e-15 1.641385e+22 
4.046875e+04 1.792564e-15 1.559296e+22 
4.062500e+04 1.803319e-15 1.475814e+22 
4.078125e+04 1.868461e-15 1.367177e+22 
4.093750e+04 1.948432e-15 1.254308e+22 
4.109375e+04 2.115385e-15 1.125999e+22 
4.125000e+04 2.303059e-15 1.005676e+22 
4.140625e+04 2.576923e-15 8.917477e+21 
4.156250e+04 2.864469e-15 7.951604e+21 
4.171875e+04 3.197808e-15 7.168534e+21 
4.187500e+04 3.534631e-15 6.525231e+21 
4.203125e+04 3.867144e-15 6.055253e+21 
4.218750e+04 4.196140e-15 5.665077e+21 
4.234375e+04 4.481754e-15 5.407213e+21 
4.250000e+04 4.760061e-15 5.189675e+21 
4.265625e+04 4.972679e-15 5.069829e+21 
4.281250e+04 5.176345e-15 4.970151e+21 
4.296875e+04 5.306829e-15 4.944255e+21 
4.312500e+04 5.428148e-15 4.929726e+21 
4.328125e+04 5.479244e-15 4.973070e+21 
4.343750e+04 5.521934e-15 5.025021e+21 
4.359375e+04 5.503488e-15 5.124189e+21 
4.375000e+04 5.478010e-15 5.232406e+21 
4.390625e+04 5.403239e-15 5.380576e+21 
4.406250e+04 5.323125e-15 5.540004e+21 
4.421875e+04 5.206022e-15 5.734342e+21 
4.437500e+04 5.085345e-15 5.943188e+21 
4.453125e+04 4.939079e-15 6.183386e+21 
4.468750e+04 4.790918e-15 6.441995e+21 
4.484375e+04 4.626973e-15 6.729413e+21 
4.500000e+04 4.462614e-15 7.039578e+21 
4.515625e+04 4.290433e-15 7.376706e+21 
4.531250e+04 4.119067e-15 7.741199e+21 
4.546875e+04 3.946023e-15 8.131300e+21 
4.562500e+04 3.774749e-15 8.553549e+21 
4.578125e+04 3.606294e-15 9.000405e+21 
4.593750e+04 3.440298e-15 9.484255e+21 
4.609375e+04 3.280201e-15 9.992004e+21 
4.625000e+04 3.123011e-15 1.054156e+22 
4.640625e+04 2.973638e-15 1.111461e+22 
4.656250e+04 2.827412e-15 1.173420e+22 
4.671875e+04 2.690007e-15 1.237723e+22 
4.687500e+04 2.555816e-15 1.307142e+22 
4.703125e+04 2.430762e-15 1.378952e+22 
4.718750e+04 2.308860e-15 1.456332e+22 
4.734375e+04 2.195917e-15 1.536217e+22 
4.750000e+04 2.085972e-15 1.622129e+22 
4.765625e+04 1.984484e-15 1.710747e+22 
4.781250e+04 1.885781e-15 1.805870e+22 
4.796875e+04 1.794844e-15 1.904000e+22 
4.812500e+04 1.706449e-15 2.009155e+22 
4.828125e+04 1.625044e-15 2.117731e+22 
4.843750e+04 1.545932e-15 2.233916e+22 
4.859375e+04 1.473021e-15 2.354051e+22 
4.875000e+04 1.402163e-15 2.482466e+22 
4.890625e+04 1.336760e-15 2.615470e+22 
4.906250e+04 1.273188e-15 2.757532e+22 
4.921875e+04 1.214391e-15 2.904924e+22 
4.937500e+04 1.157228e-15 3.062273e+22 
4.953125e+04 1.104245e-15 3.225776e+22 
4.968750e+04 1.052721e-15 3.400279e+22 
4.984375e+04 1.004866e-15 3.581825e+22 
5.000000e+04 9.583175e-16 3.775563e+22 
5.015625e+04 9.150057e-16 3.977288e+22 
5.031250e+04 8.728682e-16 4.192558e+22 
5.046875e+04 8.336045e-16 4.416797e+22 
5.062500e+04 7.953988e-16 4.656107e+22 
5.078125e+04 7.597625e-16 4.905394e+22 
5.093750e+04 7.250811e-16 5.171460e+22 
5.109375e+04 6.927121e-16 5.448532e+22 
5.125000e+04 6.612058e-16 5.744280e+22 
5.140625e+04 6.317927e-16 6.052079e+22 
5.156250e+04 6.031588e-16 6.380647e+22 
5.171875e+04 5.764285e-16 6.722328e+22 
5.187500e+04 5.504015e-16 7.087075e+22 
5.203125e+04 5.261113e-16 7.466010e+22 
5.218750e+04 5.024548e-16 7.870520e+22 
5.234375e+04 4.803866e-16 8.290311e+22 
5.250000e+04 4.588886e-16 8.738402e+22 
5.265625e+04 4.388446e-16 9.202884e+22 
5.281250e+04 4.193126e-16 9.698612e+22 
5.296875e+04 4.011124e-16 1.021186e+23 
5.312500e+04 3.833709e-16 1.075953e+23 
5.328125e+04 3.668489e-16 1.132586e+23 
5.343750e+04 3.507374e-16 1.193002e+23 
5.359375e+04 3.357419e-16 1.255401e+23 
5.375000e+04 3.211130e-16 1.321945e+23 
5.390625e+04 3.075045e-16 1.390591e+23 
5.406250e+04 2.942231e-16 1.463768e+23 
5.421875e+04 2.818738e-16 1.539168e+23 
5.437500e+04 2.698159e-16 1.619506e+23 
5.453125e+04 2.586086e-16 1.702189e+23 
5.468750e+04 2.476609e-16 1.790239e+23 
5.484375e+04 2.374886e-16 1.880757e+23 
5.500000e+04 2.275474e-16 1.977091e+23 
5.515625e+04 2.183125e-16 2.076014e+23 
5.531250e+04 2.092834e-16 2.181223e+23 
5.546875e+04 2.008970e-16 2.289139e+23 
5.562500e+04 1.926940e-16 2.403825e+23 
5.578125e+04 1.850756e-16 2.521334e+23 
5.593750e+04 1.776208e-16 2.646110e+23 
5.609375e+04 1.706975e-16 2.773815e+23 
5.625000e+04 1.639201e-16 2.909292e+23 
5.640625e+04 1.576260e-16 3.047791e+23 
5.656250e+04 1.514623e-16 3.194572e+23 
5.671875e+04 1.457378e-16 3.344450e+23 
5.687500e+04 1.401302e-16 3.503115e+23 
5.703125e+04 1.349218e-16 3.664926e+23 
5.718750e+04 1.298182e-16 3.836018e+23 
5.734375e+04 1.250776e-16 4.010274e+23 
5.750000e+04 1.204312e-16 4.194286e+23 
5.765625e+04 1.161149e-16 4.381440e+23 
5.781250e+04 1.118834e-16 4.578792e+23 
5.796875e+04 1.079520e-16 4.779221e+23 
5.812500e+04 1.040971e-16 4.990247e+23 
5.828125e+04 1.005152e-16 5.204233e+23 
5.843750e+04 9.700248e-17 5.429163e+23 
5.859375e+04 9.373803e-17 5.656877e+23 
5.875000e+04 9.053621e-17 5.895816e+23 
5.890625e+04 8.756022e-17 6.137303e+23 
5.906250e+04 8.464106e-17 6.390218e+23 
5.921875e+04 8.192729e-17 6.645376e+23 
5.937500e+04 7.926519e-17 6.912077e+23 
5.953125e+04 7.678990e-17 7.180648e+23 
5.968750e+04 7.436168e-17 7.460778e+23 
5.984375e+04 7.210334e-17 7.742333e+23 
6.000000e+04 6.988799e-17 8.035356e+23 
6.015625e+04 6.782714e-17 8.329285e+23 
6.031250e+04 6.580560e-17 8.634479e+23 
6.046875e+04 6.392456e-17 8.939990e+23 
6.062500e+04 6.207956e-17 9.256446e+23 
6.078125e+04 6.036232e-17 9.572562e+23 
6.093750e+04 5.867817e-17 9.899187e+23 
6.109375e+04 5.711020e-17 1.022475e+24 
6.125000e+04 5.557267e-17 1.056028e+24 
6.140625e+04 5.414078e-17 1.089398e+24 
6.156250e+04 5.273692e-17 1.123698e+24 
6.171875e+04 5.142910e-17 1.157734e+24 
6.187500e+04 5.014716e-17 1.192624e+24 
6.203125e+04 4.895252e-17 1.227167e+24 
6.218750e+04 4.778179e-17 1.262480e+24 
6.234375e+04 4.669041e-17 1.297360e+24 
6.250000e+04 4.562114e-17 1.332918e+24 
6.265625e+04 4.462400e-17 1.367959e+24 
6.281250e+04 4.364733e-17 1.403579e+24 
6.296875e+04 4.273621e-17 1.438599e+24 
6.312500e+04 4.184406e-17 1.474097e+24 
6.328125e+04 4.101147e-17 1.508915e+24 
6.343750e+04 4.019646e-17 1.544107e+24 
6.359375e+04 3.943557e-17 1.578544e+24 
6.375000e+04 3.869099e-17 1.613253e+24 
6.390625e+04 3.799556e-17 1.647138e+24 
6.406250e+04 3.731526e-17 1.681192e+24 
6.421875e+04 3.667959e-17 1.714364e+24 
6.437500e+04 3.605794e-17 1.747607e+24 
6.453125e+04 3.547682e-17 1.779918e+24 
6.468750e+04 3.490868e-17 1.812209e+24 
6.484375e+04 3.437730e-17 1.843529e+24 
6.500000e+04 3.385794e-17 1.874745e+24 
6.515625e+04 3.337191e-17 1.904963e+24 
6.531250e+04 3.289701e-17 1.935002e+24 
6.546875e+04 3.245229e-17 1.964031e+24 
6.562500e+04 3.201785e-17 1.992812e+24 
6.578125e+04 3.161073e-17 2.020585e+24 
6.593750e+04 3.121312e-17 2.048051e+24 
6.609375e+04 3.084018e-17 2.074523e+24 
6.625000e+04 3.047604e-17 2.100639e+24 
6.640625e+04 3.013417e-17 2.125787e+24 
6.656250e+04 2.980046e-17 2.150537e+24 
6.671875e+04 2.948681e-17 2.174355e+24 
6.687500e+04 2.918072e-17 2.197741e+24 
6.703125e+04 2.889271e-17 2.220238e+24 
6.718750e+04 2.861173e-17 2.242278e+24 
6.734375e+04 2.834701e-17 2.263477e+24 
6.750000e+04 2.808885e-17 2.284196e+24 
6.765625e+04 2.784532e-17 2.304127e+24 
6.781250e+04 2.760794e-17 2.323559e+24 
6.796875e+04 2.738372e-17 2.342258e+24 
6.812500e+04 2.716530e-17 2.360442e+24 
6.828125e+04 2.695872e-17 2.377945e+24 
6.843750e+04 2.675766e-17 2.394920e+24 
6.859375e+04 2.656727e-17 2.411262e+24 
6.875000e+04 2.638216e-17 2.427064e+24 
6.890625e+04 2.620669e-17 2.442279e+24 
6.906250e+04 2.603629e-17 2.456940e+24 
6.921875e+04 2.587465e-17 2.471056e+24 
6.937500e+04 2.571793e-17 2.484605e+24 
6.953125e+04 2.556917e-17 2.497644e+24 
6.968750e+04 2.542522e-17 2.510103e+24 
6.984375e+04 2.528856e-17 2.522082e+24 
7.000000e+04 2.515663e-17 2.533469e+24 
7.015625e+04 2.503141e-17 2.544401e+24 
7.031250e+04 2.491086e-17 2.554726e+24 
7.046875e+04 2.479652e-17 2.564618e+24 
7.062500e+04 2.468683e-17 2.573889e+24 
7.078125e+04 2.458293e-17 2.582745e+24 
7.093750e+04 2.448366e-17 2.590968e+24 
7.109375e+04 2.438983e-17 2.598789e+24 
7.125000e+04 2.430065e-17 2.605965e+24 
7.140625e+04 2.421659e-17 2.612753e+24 
7.156250e+04 2.413719e-17 2.618883e+24 
7.171875e+04 2.406267e-17 2.624639e+24 
7.187500e+04 2.399282e-17 2.629727e+24 
7.203125e+04 2.392763e-17 2.634453e+24 
7.218750e+04 2.386715e-17 2.638505e+24 
7.234375e+04 2.381113e-17 2.642207e+24 
7.250000e+04 2.375983e-17 2.645232e+24 
7.265625e+04 2.371283e-17 2.647924e+24 
7.281250e+04 2.367055e-17 2.649937e+24 
7.296875e+04 2.363242e-17 2.651635e+24 
7.312500e+04 2.359899e-17 2.652661e+24 
7.328125e+04 2.356956e-17 2.653393e+24 
7.343750e+04 2.354480e-17 2.653463e+24 
7.359375e+04 2.352388e-17 2.653268e+24 
7.375000e+04 2.350753e-17 2.652426e+24 
7.390625e+04 2.349488e-17 2.651352e+24 
7.406250e+04 2.348667e-17 2.649656e+24 
7.421875e+04 2.348197e-17 2.647767e+24 
7.437500e+04 2.348152e-17 2.645288e+24 
7.453125e+04 2.348438e-17 2.642663e+24 
7.468750e+04 2.349122e-17 2.639487e+24 
7.484375e+04 2.350112e-17 2.636221e+24 
7.500000e+04 2.351467e-17 2.632453e+24 
7.515625e+04 2.353099e-17 2.628656e+24 
7.531250e+04 2.355053e-17 2.624414e+24 
7.546875e+04 2.357249e-17 2.620214e+24 
7.562500e+04 2.359717e-17 2.615634e+24 
7.578125e+04 2.362387e-17 2.611170e+24 
7.593750e+04 2.365270e-17 2.606399e+24 
7.609375e+04 2.368308e-17 2.601821e+24 
7.625000e+04 2.371492e-17 2.597015e+24 
7.640625e+04 2.374782e-17 2.592479e+24 
7.656250e+04 2.378146e-17 2.587796e+24 
7.671875e+04 2.381561e-17 2.583456e+24 
7.687500e+04 2.384976e-17 2.579049e+24 
7.703125e+04 2.388386e-17 2.575046e+24 
7.718750e+04 2.391726e-17 2.571053e+24 
7.734375e+04 2.395007e-17 2.567507e+24 
7.750000e+04 2.398152e-17 2.564039e+24 
7.765625e+04 2.401190e-17 2.561038e+24 
7.781250e+04 2.404040e-17 2.558171e+24 
7.796875e+04 2.406743e-17 2.555759e+24 
7.812500e+04 2.409220e-17 2.553521e+24 
7.828125e+04 2.411522e-17 2.551697e+24 
7.843750e+04 2.413581e-17 2.550066e+24 
7.859375e+04 2.415449e-17 2.548780e+24 
7.875000e+04 2.417073e-17 2.547689e+24 
7.890625e+04 2.418502e-17 2.546851e+24 
7.906250e+04 2.419702e-17 2.546197e+24 
7.921875e+04 2.420712e-17 2.545696e+24 
7.937500e+04 2.421513e-17 2.545361e+24 
7.953125e+04 2.422134e-17 2.545088e+24 
7.968750e+04 2.422566e-17 2.544963e+24 
7.984375e+04 2.422826e-17 2.544839e+24 
8.000000e+04 2.422911e-17 2.544850e+24 
