0.000000e+00 1.629481e-17 3.068559e+23 
1.562500e+02 1.631134e-17 3.065450e+23 
3.125000e+02 1.634307e-17 3.059498e+23 
4.687500e+02 1.640789e-17 3.047412e+23 
6.250000e+02 1.648785e-17 3.032634e+23 
7.812500e+02 1.660102e-17 3.011960e+23 
9.375000e+02 1.672923e-17 2.988877e+23 
1.093750e+03 1.689096e-17 2.960260e+23 
1.250000e+03 1.706760e-17 2.929625e+23 
1.406250e+03 1.727825e-17 2.893908e+23 
1.562500e+03 1.750370e-17 2.856636e+23 
1.718750e+03 1.776386e-17 2.814800e+23 
1.875000e+03 1.803869e-17 2.771917e+23 
2.031250e+03 1.834902e-17 2.725038e+23 
2.187500e+03 1.867387e-17 2.677635e+23 
2.343750e+03 1.903494e-17 2.626846e+23 
2.500000e+03 1.941033e-17 2.576045e+23 
2.656250e+03 1.982241e-17 2.522495e+23 
2.812500e+03 2.024858e-17 2.469407e+23 
2.968750e+03 2.071155e-17 2.414209e+23 
3.125000e+03 2.118831e-17 2.359889e+23 
3.281250e+03 2.170163e-17 2.304072e+23 
3.437500e+03 2.222839e-17 2.249474e+23 
3.593750e+03 2.279109e-17 2.193938e+23 
3.750000e+03 2.336690e-17 2.139877e+23 
3.906250e+03 2.397778e-17 2.085362e+23 
4.062500e+03 2.460147e-17 2.032497e+23 
4.218750e+03 2.525921e-17 1.979574e+23 
4.375000e+03 2.592954e-17 1.928401e+23 
4.531250e+03 2.663285e-17 1.877479e+23 
4.687500e+03 2.734863e-17 1.828343e+23 
4.843750e+03 2.809641e-17 1.779685e+23 
5.000000e+03 2.885662e-17 1.732803e+23 
5.156250e+03 2.964802e-17 1.686552e+23 
5.312500e+03 3.045191e-17 1.642032e+23 
5.468750e+03 3.128635e-17 1.598239e+23 
5.625000e+03 3.213348e-17 1.556108e+23 
5.781250e+03 3.301077e-17 1.514756e+23 
5.937500e+03 3.390101e-17 1.474981e+23 
6.093750e+03 3.482126e-17 1.436003e+23 
6.250000e+03 3.575483e-17 1.398511e+23 
6.406250e+03 3.671849e-17 1.361810e+23 
6.562500e+03 3.769592e-17 1.326502e+23 
6.718750e+03 3.870376e-17 1.291963e+23 
6.875000e+03 3.972590e-17 1.258723e+23 
7.031250e+03 4.077899e-17 1.226221e+23 
7.187500e+03 4.184696e-17 1.194929e+23 
7.343750e+03 4.294662e-17 1.164335e+23 
7.500000e+03 4.406183e-17 1.134868e+23 
7.656250e+03 4.520965e-17 1.106058e+23 
7.812500e+03 4.637375e-17 1.078295e+23 
7.968750e+03 4.757156e-17 1.051147e+23 
8.125000e+03 4.878646e-17 1.024974e+23 
8.281250e+03 5.003634e-17 9.993728e+22 
8.437500e+03 5.130415e-17 9.746791e+22 
8.593750e+03 5.260838e-17 9.505179e+22 
8.750000e+03 5.393147e-17 9.272016e+22 
8.906250e+03 5.529258e-17 9.043795e+22 
9.062500e+03 5.667353e-17 8.823452e+22 
9.218750e+03 5.809426e-17 8.607693e+22 
9.375000e+03 5.953588e-17 8.399288e+22 
9.531250e+03 6.101921e-17 8.195133e+22 
9.687500e+03 6.252454e-17 7.997852e+22 
9.843750e+03 6.407366e-17 7.804511e+22 
1.000000e+04 6.564599e-17 7.617604e+22 
1.015625e+04 6.726436e-17 7.434350e+22 
1.031250e+04 6.890722e-17 7.257126e+22 
1.046875e+04 7.059853e-17 7.083293e+22 
1.062500e+04 7.231572e-17 6.915119e+22 
1.078125e+04 7.408395e-17 6.750093e+22 
1.093750e+04 7.587952e-17 6.590387e+22 
1.109375e+04 7.772893e-17 6.433605e+22 
1.125000e+04 7.960724e-17 6.281829e+22 
1.140625e+04 8.154239e-17 6.132774e+22 
1.156250e+04 8.350810e-17 5.988437e+22 
1.171875e+04 8.553385e-17 5.846633e+22 
1.187500e+04 8.759197e-17 5.709280e+22 
1.203125e+04 8.971355e-17 5.574289e+22 
1.218750e+04 9.186941e-17 5.443503e+22 
1.234375e+04 9.409239e-17 5.314920e+22 
1.250000e+04 9.635172e-17 5.190316e+22 
1.265625e+04 9.868209e-17 5.067770e+22 
1.281250e+04 1.010510e-16 4.948992e+22 
1.296875e+04 1.034952e-16 4.832139e+22 
1.312500e+04 1.059802e-16 4.718858e+22 
1.328125e+04 1.085450e-16 4.607380e+22 
1.343750e+04 1.111532e-16 4.499292e+22 
1.359375e+04 1.138459e-16 4.392895e+22 
1.375000e+04 1.165848e-16 4.289718e+22 
1.390625e+04 1.194134e-16 4.188131e+22 
1.406250e+04 1.222910e-16 4.089604e+22 
1.421875e+04 1.252638e-16 3.992573e+22 
1.437500e+04 1.282887e-16 3.898454e+22 
1.453125e+04 1.314148e-16 3.805744e+22 
1.468750e+04 1.345963e-16 3.715808e+22 
1.484375e+04 1.378852e-16 3.627202e+22 
1.500000e+04 1.412332e-16 3.541240e+22 
1.515625e+04 1.446953e-16 3.456533e+22 
1.531250e+04 1.482205e-16 3.374350e+22 
1.546875e+04 1.518668e-16 3.293355e+22 
1.562500e+04 1.555804e-16 3.214769e+22 
1.578125e+04 1.594229e-16 3.137309e+22 
1.593750e+04 1.633371e-16 3.062151e+22 
1.609375e+04 1.673884e-16 2.988063e+22 
1.625000e+04 1.715162e-16 2.916174e+22 
1.640625e+04 1.757898e-16 2.845304e+22 
1.656250e+04 1.801452e-16 2.776536e+22 
1.671875e+04 1.846556e-16 2.708741e+22 
1.687500e+04 1.892534e-16 2.642958e+22 
1.703125e+04 1.940160e-16 2.578104e+22 
1.718750e+04 1.988721e-16 2.515176e+22 
1.734375e+04 2.039035e-16 2.453138e+22 
1.750000e+04 2.090349e-16 2.392943e+22 
1.765625e+04 2.143525e-16 2.333604e+22 
1.781250e+04 2.197771e-16 2.276030e+22 
1.796875e+04 2.253998e-16 2.219278e+22 
1.812500e+04 2.311368e-16 2.164219e+22 
1.828125e+04 2.370842e-16 2.109953e+22 
1.843750e+04 2.431541e-16 2.057308e+22 
1.859375e+04 2.494472e-16 2.005430e+22 
1.875000e+04 2.558714e-16 1.955105e+22 
1.890625e+04 2.625324e-16 1.905525e+22 
1.906250e+04 2.693337e-16 1.857431e+22 
1.921875e+04 2.763861e-16 1.810061e+22 
1.937500e+04 2.835886e-16 1.764116e+22 
1.953125e+04 2.910569e-16 1.718876e+22 
1.968750e+04 2.986857e-16 1.674999e+22 
1.984375e+04 3.065957e-16 1.631811e+22 
2.000000e+04 3.146774e-16 1.589927e+22 
2.015625e+04 3.230560e-16 1.548718e+22 
2.031250e+04 3.316183e-16 1.508756e+22 
2.046875e+04 3.404936e-16 1.469455e+22 
2.062500e+04 3.495652e-16 1.431347e+22 
2.078125e+04 3.589662e-16 1.393888e+22 
2.093750e+04 3.685771e-16 1.357567e+22 
2.109375e+04 3.785338e-16 1.321885e+22 
2.125000e+04 3.887148e-16 1.287289e+22 
2.140625e+04 3.992582e-16 1.253321e+22 
2.156250e+04 4.100410e-16 1.220389e+22 
2.171875e+04 4.212027e-16 1.188076e+22 
2.187500e+04 4.326198e-16 1.156748e+22 
2.203125e+04 4.444322e-16 1.126030e+22 
2.218750e+04 4.565169e-16 1.096249e+22 
2.234375e+04 4.690128e-16 1.067068e+22 
2.250000e+04 4.817988e-16 1.038777e+22 
2.265625e+04 4.950116e-16 1.011076e+22 
2.281250e+04 5.085332e-16 9.842190e+21 
2.296875e+04 5.224967e-16 9.579429e+21 
2.312500e+04 5.367888e-16 9.324641e+21 
2.328125e+04 5.515374e-16 9.075559e+21 
2.343750e+04 5.666354e-16 8.834007e+21 
2.359375e+04 5.822044e-16 8.598041e+21 
2.375000e+04 5.981447e-16 8.369174e+21 
2.390625e+04 6.145704e-16 8.145757e+21 
2.406250e+04 6.313907e-16 7.929019e+21 
2.421875e+04 6.487116e-16 7.717578e+21 
2.437500e+04 6.664518e-16 7.512411e+21 
2.453125e+04 6.847093e-16 7.312362e+21 
2.468750e+04 7.034124e-16 7.118199e+21 
2.484375e+04 7.226525e-16 6.928948e+21 
2.500000e+04 7.423665e-16 6.745211e+21 
2.515625e+04 7.626418e-16 6.566151e+21 
2.531250e+04 7.834217e-16 6.392252e+21 
2.546875e+04 8.047943e-16 6.222762e+21 
2.562500e+04 8.267052e-16 6.058099e+21 
2.578125e+04 8.492499e-16 5.897543e+21 
2.593750e+04 8.723703e-16 5.741505e+21 
2.609375e+04 8.961794e-16 5.589235e+21 
2.625000e+04 9.206058e-16 5.441201e+21 
2.640625e+04 9.457936e-16 5.296561e+21 
2.656250e+04 9.716459e-16 5.155903e+21 
2.671875e+04 9.983544e-16 5.018237e+21 
2.687500e+04 1.025781e-15 4.884329e+21 
2.703125e+04 1.054186e-15 4.752990e+21 
2.718750e+04 1.083371e-15 4.625221e+21 
2.734375e+04 1.113688e-15 4.499585e+21 
2.750000e+04 1.144853e-15 4.377368e+21 
2.765625e+04 1.177341e-15 4.256853e+21 
2.781250e+04 1.210756e-15 4.139646e+21 
2.796875e+04 1.245722e-15 4.023733e+21 
2.812500e+04 1.281702e-15 3.911060e+21 
2.828125e+04 1.319498e-15 3.799317e+21 
2.843750e+04 1.358403e-15 3.690788e+21 
2.859375e+04 1.399425e-15 3.582892e+21 
2.875000e+04 1.441658e-15 3.478226e+21 
2.890625e+04 1.486333e-15 3.373980e+21 
2.906250e+04 1.532323e-15 3.273016e+21 
2.921875e+04 1.581095e-15 3.172362e+21 
2.937500e+04 1.631284e-15 3.075067e+21 
2.953125e+04 1.684590e-15 2.978078e+21 
2.968750e+04 1.739406e-15 2.884542e+21 
2.984375e+04 1.797647e-15 2.791412e+21 
3.000000e+04 1.857474e-15 2.701825e+21 
3.015625e+04 1.920981e-15 2.612834e+21 
3.031250e+04 1.986126e-15 2.527462e+21 
3.046875e+04 2.055123e-15 2.442943e+21 
3.062500e+04 2.125775e-15 2.362081e+21 
3.078125e+04 2.200340e-15 2.282374e+21 
3.093750e+04 2.276535e-15 2.206318e+21 
3.109375e+04 2.356563e-15 2.131732e+21 
3.125000e+04 2.438146e-15 2.060737e+21 
3.140625e+04 2.523314e-15 1.991519e+21 
3.156250e+04 2.609904e-15 1.925777e+21 
3.171875e+04 2.699643e-15 1.862095e+21 
3.187500e+04 2.790607e-15 1.801723e+21 
3.203125e+04 2.884075e-15 1.743657e+21 
3.218750e+04 2.978503e-15 1.688694e+21 
3.234375e+04 3.074569e-15 1.636243e+21 
3.250000e+04 3.171262e-15 1.586658e+21 
3.265625e+04 3.268491e-15 1.539756e+21 
3.281250e+04 3.365947e-15 1.495465e+21 
3.296875e+04 3.462595e-15 1.454002e+21 
3.312500e+04 3.559005e-15 1.414886e+21 
3.328125e+04 3.653020e-15 1.378729e+21 
3.343750e+04 3.746270e-15 1.344659e+21 
3.359375e+04 3.835293e-15 1.313680e+21 
3.375000e+04 3.922975e-15 1.284542e+21 
3.390625e+04 4.004351e-15 1.258641e+21 
3.406250e+04 4.083772e-15 1.234357e+21 
3.421875e+04 4.154570e-15 1.213493e+21 
3.437500e+04 4.222777e-15 1.194054e+21 
3.453125e+04 4.279816e-15 1.178273e+21 
3.468750e+04 4.333625e-15 1.163767e+21 
3.484375e+04 4.373527e-15 1.153241e+21 
3.500000e+04 4.409581e-15 1.143894e+21 
3.515625e+04 4.428854e-15 1.138959e+21 
3.531250e+04 4.443709e-15 1.135185e+21 
3.546875e+04 4.438888e-15 1.136407e+21 
3.562500e+04 4.429162e-15 1.138881e+21 
3.578125e+04 4.397031e-15 1.147130e+21 
3.593750e+04 4.359634e-15 1.156884e+21 
3.609375e+04 4.297575e-15 1.173446e+21 
3.625000e+04 4.230066e-15 1.192014e+21 
3.640625e+04 4.136547e-15 1.218736e+21 
3.656250e+04 4.037640e-15 1.248346e+21 
3.671875e+04 3.912896e-15 1.287825e+21 
3.687500e+04 3.783168e-15 1.331643e+21 
3.703125e+04 3.630077e-15 1.387380e+21 
3.718750e+04 3.472905e-15 1.449716e+21 
3.734375e+04 3.298086e-15 1.526030e+21 
3.750000e+04 3.120860e-15 1.612121e+21 
3.765625e+04 2.935942e-15 1.713029e+21 
3.781250e+04 2.751503e-15 1.827187e+21 
3.796875e+04 2.574194e-15 1.952354e+21 
3.812500e+04 2.401883e-15 2.091698e+21 
3.828125e+04 2.255190e-15 2.227107e+21 
3.843750e+04 2.119066e-15 2.369529e+21 
3.859375e+04 2.024434e-15 2.479826e+21 
3.875000e+04 1.943862e-15 2.582200e+21 
3.890625e+04 1.905699e-15 2.633707e+21 
3.906250e+04 1.879472e-15 2.670320e+21 
3.921875e+04 1.877302e-15 2.673394e+21 
3.937500e+04 1.879851e-15 2.669783e+21 
3.953125e+04 1.889759e-15 2.655837e+21 
3.968750e+04 1.896317e-15 2.646687e+21 
3.984375e+04 1.899292e-15 2.642557e+21 
4.000000e+04 1.904718e-15 2.635059e+21 
4.015625e+04 1.899292e-15 2.642557e+21 
4.031250e+04 1.896317e-15 2.646687e+21 
4.046875e+04 1.889759e-15 2.655837e+21 
4.062500e+04 1.879851e-15 2.669783e+21 
4.078125e+04 1.877302e-15 2.673394e+21 
4.093750e+04 1.879472e-15 2.670320e+21 
4.109375e+04 1.905699e-15 2.633707e+21 
4.125000e+04 1.943862e-15 2.582200e+21 
4.140625e+04 2.024434e-15 2.479826e+21 
4.156250e+04 2.119066e-15 2.369529e+21 
4.171875e+04 2.255190e-15 2.227107e+21 
4.187500e+04 2.401883e-15 2.091698e+21 
4.203125e+04 2.574194e-15 1.952354e+21 
4.218750e+04 2.751503e-15 1.827187e+21 
4.234375e+04 2.935942e-15 1.713029e+21 
4.250000e+04 3.120860e-15 1.612121e+21 
4.265625e+04 3.298086e-15 1.526030e+21 
4.281250e+04 3.472905e-15 1.449716e+21 
4.296875e+04 3.630077e-15 1.387380e+21 
4.312500e+04 3.783168e-15 1.331643e+21 
4.328125e+04 3.912896e-15 1.287825e+21 
4.343750e+04 4.037640e-15 1.248346e+21 
4.359375e+04 4.136547e-15 1.218736e+21 
4.375000e+04 4.230066e-15 1.192014e+21 
4.390625e+04 4.297575e-15 1.173446e+21 
4.406250e+04 4.359634e-15 1.156884e+21 
4.421875e+04 4.397031e-15 1.147130e+21 
4.437500e+04 4.429162e-15 1.138881e+21 
4.453125e+04 4.438888e-15 1.136407e+21 
4.468750e+04 4.443709e-15 1.135185e+21 
4.484375e+04 4.428854e-15 1.138959e+21 
4.500000e+04 4.409581e-15 1.143894e+21 
4.515625e+04 4.373527e-15 1.153241e+21 
4.531250e+04 4.333625e-15 1.163767e+21 
4.546875e+04 4.279816e-15 1.178273e+21 
4.562500e+04 4.222777e-15 1.194054e+21 
4.578125e+04 4.154570e-15 1.213493e+21 
4.593750e+04 4.083772e-15 1.234357e+21 
4.609375e+04 4.004351e-15 1.258641e+21 
4.625000e+04 3.922975e-15 1.284542e+21 
4.640625e+04 3.835293e-15 1.313680e+21 
4.656250e+04 3.746270e-15 1.344659e+21 
4.671875e+04 3.653020e-15 1.378729e+21 
4.687500e+04 3.559005e-15 1.414886e+21 
4.703125e+04 3.462595e-15 1.454002e+21 
4.718750e+04 3.365947e-15 1.495465e+21 
4.734375e+04 3.268491e-15 1.539756e+21 
4.750000e+04 3.171262e-15 1.586658e+21 
4.765625e+04 3.074569e-15 1.636243e+21 
4.781250e+04 2.978503e-15 1.688694e+21 
4.796875e+04 2.884075e-15 1.743657e+21 
4.812500e+04 2.790607e-15 1.801723e+21 
4.828125e+04 2.699643e-15 1.862095e+21 
4.843750e+04 2.609904e-15 1.925777e+21 
4.859375e+04 2.523314e-15 1.991519e+21 
4.875000e+04 2.438146e-15 2.060737e+21 
4.890625e+04 2.356563e-15 2.131732e+21 
4.906250e+04 2.276535e-15 2.206318e+21 
4.921875e+04 2.200340e-15 2.282374e+21 
4.937500e+04 2.125775e-15 2.362081e+21 
4.953125e+04 2.055123e-15 2.442943e+21 
4.968750e+04 1.986126e-15 2.527462e+21 
4.984375e+04 1.920981e-15 2.612834e+21 
5.000000e+04 1.857474e-15 2.701825e+21 
5.015625e+04 1.797647e-15 2.791412e+21 
5.031250e+04 1.739406e-15 2.884542e+21 
5.046875e+04 1.684590e-15 2.978078e+21 
5.062500e+04 1.631284e-15 3.075067e+21 
5.078125e+04 1.581095e-15 3.172362e+21 
5.093750e+04 1.532323e-15 3.273016e+21 
5.109375e+04 1.486333e-15 3.373980e+21 
5.125000e+04 1.441658e-15 3.478226e+21 
5.140625e+04 1.399425e-15 3.582892e+21 
5.156250e+04 1.358403e-15 3.690788e+21 
5.171875e+04 1.319498e-15 3.799317e+21 
5.187500e+04 1.281702e-15 3.911060e+21 
5.203125e+04 1.245722e-15 4.023733e+21 
5.218750e+04 1.210756e-15 4.139646e+21 
5.234375e+04 1.177341e-15 4.256853e+21 
5.250000e+04 1.144853e-15 4.377368e+21 
5.265625e+04 1.113688e-15 4.499585e+21 
5.281250e+04 1.083371e-15 4.625221e+21 
5.296875e+04 1.054186e-15 4.752990e+21 
5.312500e+04 1.025781e-15 4.884329e+21 
5.328125e+04 9.983544e-16 5.018237e+21 
5.343750e+04 9.716459e-16 5.155903e+21 
5.359375e+04 9.457936e-16 5.296561e+21 
5.375000e+04 9.206058e-16 5.441201e+21 
5.390625e+04 8.961794e-16 5.589235e+21 
5.406250e+04 8.723703e-16 5.741505e+21 
5.421875e+04 8.492499e-16 5.897543e+21 
5.437500e+04 8.267052e-16 6.058099e+21 
5.453125e+04 8.047943e-16 6.222762e+21 
5.468750e+04 7.834217e-16 6.392252e+21 
5.484375e+04 7.626418e-16 6.566151e+21 
5.500000e+04 7.423665e-16 6.745211e+21 
5.515625e+04 7.226525e-16 6.928948e+21 
5.531250e+04 7.034124e-16 7.118199e+21 
5.546875e+04 6.847093e-16 7.312362e+21 
5.562500e+04 6.664518e-16 7.512411e+21 
5.578125e+04 6.487116e-16 7.717578e+21 
5.593750e+04 6.313907e-16 7.929019e+21 
5.609375e+04 6.145704e-16 8.145757e+21 
5.625000e+04 5.981447e-16 8.369174e+21 
5.640625e+04 5.822044e-16 8.598041e+21 
5.656250e+04 5.666354e-16 8.834007e+21 
5.671875e+04 5.515374e-16 9.075559e+21 
5.687500e+04 5.367888e-16 9.324641e+21 
5.703125e+04 5.224967e-16 9.579429e+21 
5.718750e+04 5.085332e-16 9.842190e+21 
5.734375e+04 4.950116e-16 1.011076e+22 
5.750000e+04 4.817988e-16 1.038777e+22 
5.765625e+04 4.690128e-16 1.067068e+22 
5.781250e+04 4.565169e-16 1.096249e+22 
5.796875e+04 4.444322e-16 1.126030e+22 
5.812500e+04 4.326198e-16 1.156748e+22 
5.828125e+04 4.212027e-16 1.188076e+22 
5.843750e+04 4.100410e-16 1.220389e+22 
5.859375e+04 3.992582e-16 1.253321e+22 
5.875000e+04 3.887148e-16 1.287289e+22 
5.890625e+04 3.785338e-16 1.321885e+22 
5.906250e+04 3.685771e-16 1.357567e+22 
5.921875e+04 3.589662e-16 1.393888e+22 
5.937500e+04 3.495652e-16 1.431347e+22 
5.953125e+04 3.404936e-16 1.469455e+22 
5.968750e+04 3.316183e-16 1.508756e+22 
5.984375e+04 3.230560e-16 1.548718e+22 
6.000000e+04 3.146774e-16 1.589927e+22 
6.015625e+04 3.065957e-16 1.631811e+22 
6.031250e+04 2.986857e-16 1.674999e+22 
6.046875e+04 2.910569e-16 1.718876e+22 
6.062500e+04 2.835886e-16 1.764116e+22 
6.078125e+04 2.763861e-16 1.810061e+22 
6.093750e+04 2.693337e-16 1.857431e+22 
6.109375e+04 2.625324e-16 1.905525e+22 
6.125000e+04 2.558714e-16 1.955105e+22 
6.140625e+04 2.494472e-16 2.005430e+22 
6.156250e+04 2.431541e-16 2.057308e+22 
6.171875e+04 2.370842e-16 2.109953e+22 
6.187500e+04 2.311368e-16 2.164219e+22 
6.203125e+04 2.253998e-16 2.219278e+22 
6.218750e+04 2.197771e-16 2.276030e+22 
6.234375e+04 2.143525e-16 2.333604e+22 
6.250000e+04 2.090349e-16 2.392943e+22 
6.265625e+04 2.039035e-16 2.453138e+22 
6.281250e+04 1.988721e-16 2.515176e+22 
6.296875e+04 1.940160e-16 2.578104e+22 
6.312500e+04 1.892534e-16 2.642958e+22 
6.328125e+04 1.846556e-16 2.708741e+22 
6.343750e+04 1.801452e-16 2.776536e+22 
6.359375e+04 1.757898e-16 2.845304e+22 
6.375000e+04 1.715162e-16 2.916174e+22 
6.390625e+04 1.673884e-16 2.988063e+22 
6.406250e+04 1.633371e-16 3.062151e+22 
6.421875e+04 1.594229e-16 3.137309e+22 
6.437500e+04 1.555804e-16 3.214769e+22 
6.453125e+04 1.518668e-16 3.293355e+22 
6.468750e+04 1.482205e-16 3.374350e+22 
6.484375e+04 1.446953e-16 3.456533e+22 
6.500000e+04 1.412332e-16 3.541240e+22 
6.515625e+04 1.378852e-16 3.627202e+22 
6.531250e+04 1.345963e-16 3.715808e+22 
6.546875e+04 1.314148e-16 3.805744e+22 
6.562500e+04 1.282887e-16 3.898454e+22 
6.578125e+04 1.252638e-16 3.992573e+22 
6.593750e+04 1.222910e-16 4.089604e+22 
6.609375e+04 1.194134e-16 4.188131e+22 
6.625000e+04 1.165848e-16 4.289718e+22 
6.640625e+04 1.138459e-16 4.392895e+22 
6.656250e+04 1.111532e-16 4.499292e+22 
6.671875e+04 1.085450e-16 4.607380e+22 
6.687500e+04 1.059802e-16 4.718858e+22 
6.703125e+04 1.034952e-16 4.832139e+22 
6.718750e+04 1.010510e-16 4.948992e+22 
6.734375e+04 9.868209e-17 5.067770e+22 
6.750000e+04 9.635172e-17 5.190316e+22 
6.765625e+04 9.409239e-17 5.314920e+22 
6.781250e+04 9.186941e-17 5.443503e+22 
6.796875e+04 8.971355e-17 5.574289e+22 
6.812500e+04 8.759197e-17 5.709280e+22 
6.828125e+04 8.553385e-17 5.846633e+22 
6.843750e+04 8.350810e-17 5.988437e+22 
6.859375e+04 8.154239e-17 6.132774e+22 
6.875000e+04 7.960724e-17 6.281829e+22 
6.890625e+04 7.772893e-17 6.433605e+22 
6.906250e+04 7.587952e-17 6.590387e+22 
6.921875e+04 7.408395e-17 6.750093e+22 
6.937500e+04 7.231572e-17 6.915119e+22 
6.953125e+04 7.059853e-17 7.083293e+22 
6.968750e+04 6.890722e-17 7.257126e+22 
6.984375e+04 6.726436e-17 7.434350e+22 
7.000000e+04 6.564599e-17 7.617604e+22 
7.015625e+04 6.407366e-17 7.804511e+22 
7.031250e+04 6.252454e-17 7.997852e+22 
7.046875e+04 6.101921e-17 8.195133e+22 
7.062500e+04 5.953588e-17 8.399288e+22 
7.078125e+04 5.809426e-17 8.607693e+22 
7.093750e+04 5.667353e-17 8.823452e+22 
7.109375e+04 5.529258e-17 9.043795e+22 
7.125000e+04 5.393147e-17 9.272016e+22 
7.140625e+04 5.260838e-17 9.505179e+22 
7.156250e+04 5.130415e-17 9.746791e+22 
7.171875e+04 5.003634e-17 9.993728e+22 
7.187500e+04 4.878646e-17 1.024974e+23 
7.203125e+04 4.757156e-17 1.051147e+23 
7.218750e+04 4.637375e-17 1.078295e+23 
7.234375e+04 4.520965e-17 1.106058e+23 
7.250000e+04 4.406183e-17 1.134868e+23 
7.265625e+04 4.294662e-17 1.164335e+23 
7.281250e+04 4.184696e-17 1.194929e+23 
7.296875e+04 4.077899e-17 1.226221e+23 
7.312500e+04 3.972590e-17 1.258723e+23 
7.328125e+04 3.870376e-17 1.291963e+23 
7.343750e+04 3.769592e-17 1.326502e+23 
7.359375e+04 3.671849e-17 1.361810e+23 
7.375000e+04 3.575483e-17 1.398511e+23 
7.390625e+04 3.482126e-17 1.436003e+23 
7.406250e+04 3.390101e-17 1.474981e+23 
7.421875e+04 3.301077e-17 1.514756e+23 
7.437500e+04 3.213348e-17 1.556108e+23 
7.453125e+04 3.128635e-17 1.598239e+23 
7.468750e+04 3.045191e-17 1.642032e+23 
7.484375e+04 2.964802e-17 1.686552e+23 
7.500000e+04 2.885662e-17 1.732803e+23 
7.515625e+04 2.809641e-17 1.779685e+23 
7.531250e+04 2.734863e-17 1.828343e+23 
7.546875e+04 2.663285e-17 1.877479e+23 
7.562500e+04 2.592954e-17 1.928401e+23 
7.578125e+04 2.525921e-17 1.979574e+23 
7.593750e+04 2.460147e-17 2.032497e+23 
7.609375e+04 2.397778e-17 2.085362e+23 
7.625000e+04 2.336690e-17 2.139877e+23 
7.640625e+04 2.279109e-17 2.193938e+23 
7.656250e+04 2.222839e-17 2.249474e+23 
7.671875e+04 2.170163e-17 2.304072e+23 
7.687500e+04 2.118831e-17 2.359889e+23 
7.703125e+04 2.071155e-17 2.414209e+23 
7.718750e+04 2.024858e-17 2.469407e+23 
7.734375e+04 1.982241e-17 2.522495e+23 
7.750000e+04 1.941033e-17 2.576045e+23 
7.765625e+04 1.903494e-17 2.626846e+23 
7.781250e+04 1.867387e-17 2.677635e+23 
7.796875e+04 1.834902e-17 2.725038e+23 
7.812500e+04 1.803869e-17 2.771917e+23 
7.828125e+04 1.776386e-17 2.814800e+23 
7.843750e+04 1.750370e-17 2.856636e+23 
7.859375e+04 1.727825e-17 2.893908e+23 
7.875000e+04 1.706760e-17 2.929625e+23 
7.890625e+04 1.689096e-17 2.960260e+23 
7.906250e+04 1.672923e-17 2.988877e+23 
7.921875e+04 1.660102e-17 3.011960e+23 
7.937500e+04 1.648785e-17 3.032634e+23 
7.953125e+04 1.640789e-17 3.047412e+23 
7.968750e+04 1.634307e-17 3.059498e+23 
7.984375e+04 1.631134e-17 3.065450e+23 
8.000000e+04 1.629481e-17 3.068559e+23 
