0.000000e+00 2.033273e-19 1.000000e+25 
6.250000e+02 2.038791e-19 1.000000e+25 
1.250000e+03 2.050933e-19 1.000000e+25 
1.875000e+03 2.074045e-19 1.000000e+25 
2.500000e+03 2.103651e-19 1.000000e+25 
3.125000e+03 2.144062e-19 1.000000e+25 
3.750000e+03 2.190747e-19 1.000000e+25 
4.375000e+03 2.248048e-19 1.000000e+25 
5.000000e+03 2.311387e-19 1.000000e+25 
5.625000e+03 2.385232e-19 1.000000e+25 
6.250000e+03 2.464935e-19 1.000000e+25 
6.875000e+03 2.555217e-19 1.000000e+25 
7.500000e+03 2.651301e-19 1.000000e+25 
8.125000e+03 2.758255e-19 1.000000e+25 
8.750000e+03 2.871094e-19 1.000000e+25 
9.375000e+03 2.995120e-19 1.000000e+25 
1.000000e+04 3.125173e-19 1.000000e+25 
1.062500e+04 3.266488e-19 1.000000e+25 
1.125000e+04 3.413966e-19 1.000000e+25 
1.187500e+04 3.572427e-19 1.000000e+25 
1.250000e+04 3.737202e-19 1.000000e+25 
1.312500e+04 3.913838e-19 1.000000e+25 
1.375000e+04 4.097660e-19 1.000000e+25 
1.437500e+04 4.296210e-19 1.000000e+25 
1.500000e+04 4.503426e-19 1.000000e+25 
1.562500e+04 4.728098e-19 1.000000e+25 
1.625000e+04 4.962322e-19 1.000000e+25 
1.687500e+04 5.214491e-19 1.000000e+25 
1.750000e+04 5.476297e-19 1.000000e+25 
1.812500e+04 5.754946e-19 1.000000e+25 
1.875000e+04 6.043537e-19 1.000000e+25 
1.937500e+04 6.355872e-19 1.000000e+25 
2.000000e+04 6.682782e-19 1.000000e+25 
2.062500e+04 7.053874e-19 1.000000e+25 
2.125000e+04 7.447763e-19 1.000000e+25 
2.187500e+04 7.907503e-19 1.000000e+25 
2.250000e+04 8.395857e-19 1.000000e+25 
2.312500e+04 8.955466e-19 1.000000e+25 
2.375000e+04 9.544207e-19 1.000000e+25 
2.437500e+04 1.017459e-18 1.000000e+25 
2.500000e+04 1.082751e-18 1.000000e+25 
2.562500e+04 1.151370e-18 1.000000e+25 
2.625000e+04 1.224832e-18 1.000000e+25 
2.687500e+04 1.300550e-18 1.000000e+25 
2.750000e+04 1.384940e-18 1.000000e+25 
2.812500e+04 1.461019e-18 1.000000e+25 
2.875000e+04 1.539262e-18 1.000000e+25 
2.937500e+04 1.628452e-18 1.000000e+25 
3.000000e+04 1.717798e-18 1.000000e+25 
3.062500e+04 1.709411e-18 1.000000e+25 
3.125000e+04 1.146511e-18 1.000000e+25 
3.187500e+04 8.072128e-18 4.551475e+24 
3.250000e+04 5.360059e-18 5.981418e+24 
3.312500e+04 1.741757e-16 1.832250e+23 
3.375000e+04 3.738250e-16 7.987557e+22 
3.437500e+04 2.471260e-15 1.200423e+22 
3.500000e+04 6.357533e-15 4.611963e+21 
3.562500e+04 1.510664e-14 1.825397e+21 
3.625000e+04 2.311147e-14 1.116964e+21 
3.687500e+04 1.453198e-14 1.728555e+21 
3.750000e+04 3.800029e-15 6.445794e+21 
3.812500e+04 1.065549e-15 2.140255e+22 
3.875000e+04 1.258824e-16 1.750836e+23 
3.937500e+04 1.984961e-17 1.594204e+24 
4.000000e+04 6.155613e-19 1.000000e+25 
4.062500e+04 1.984961e-17 1.594204e+24 
4.125000e+04 1.258824e-16 1.750836e+23 
4.187500e+04 1.065549e-15 2.140255e+22 
4.250000e+04 3.800029e-15 6.445794e+21 
4.312500e+04 1.453198e-14 1.728555e+21 
4.375000e+04 2.311147e-14 1.116964e+21 
4.437500e+04 1.510664e-14 1.825397e+21 
4.500000e+04 6.357533e-15 4.611963e+21 
4.562500e+04 2.471260e-15 1.200423e+22 
4.625000e+04 3.738250e-16 7.987557e+22 
4.687500e+04 1.741757e-16 1.832250e+23 
4.750000e+04 5.360059e-18 5.981418e+24 
4.812500e+04 8.072128e-18 4.551475e+24 
4.875000e+04 1.146511e-18 1.000000e+25 
4.937500e+04 1.709411e-18 1.000000e+25 
5.000000e+04 1.717798e-18 1.000000e+25 
5.062500e+04 1.628452e-18 1.000000e+25 
5.125000e+04 1.539262e-18 1.000000e+25 
5.187500e+04 1.461019e-18 1.000000e+25 
5.250000e+04 1.384940e-18 1.000000e+25 
5.312500e+04 1.300550e-18 1.000000e+25 
5.375000e+04 1.224832e-18 1.000000e+25 
5.437500e+04 1.151370e-18 1.000000e+25 
5.500000e+04 1.082751e-18 1.000000e+25 
5.562500e+04 1.017459e-18 1.000000e+25 
5.625000e+04 9.544207e-19 1.000000e+25 
5.687500e+04 8.955466e-19 1.000000e+25 
5.750000e+04 8.395857e-19 1.000000e+25 
5.812500e+04 7.907503e-19 1.000000e+25 
5.875000e+04 7.447763e-19 1.000000e+25 
5.937500e+04 7.053874e-19 1.000000e+25 
6.000000e+04 6.682782e-19 1.000000e+25 
6.062500e+04 6.355872e-19 1.000000e+25 
6.125000e+04 6.043537e-19 1.000000e+25 
6.187500e+04 5.754946e-19 1.000000e+25 
6.250000e+04 5.476297e-19 1.000000e+25 
6.312500e+04 5.214491e-19 1.000000e+25 
6.375000e+04 4.962322e-19 1.000000e+25 
6.437500e+04 4.728098e-19 1.000000e+25 
6.500000e+04 4.503426e-19 1.000000e+25 
6.562500e+04 4.296210e-19 1.000000e+25 
6.625000e+04 4.097660e-19 1.000000e+25 
6.687500e+04 3.913838e-19 1.000000e+25 
6.750000e+04 3.737202e-19 1.000000e+25 
6.812500e+04 3.572427e-19 1.000000e+25 
6.875000e+04 3.413966e-19 1.000000e+25 
6.937500e+04 3.266488e-19 1.000000e+25 
7.000000e+04 3.125173e-19 1.000000e+25 
7.062500e+04 2.995120e-19 1.000000e+25 
7.125000e+04 2.871094e-19 1.000000e+25 
7.187500e+04 2.758255e-19 1.000000e+25 
7.250000e+04 2.651301e-19 1.000000e+25 
7.312500e+04 2.555217e-19 1.000000e+25 
7.375000e+04 2.464935e-19 1.000000e+25 
7.437500e+04 2.385232e-19 1.000000e+25 
7.500000e+04 2.311387e-19 1.000000e+25 
7.562500e+04 2.248048e-19 1.000000e+25 
7.625000e+04 2.190747e-19 1.000000e+25 
7.687500e+04 2.144062e-19 1.000000e+25 
7.750000e+04 2.103651e-19 1.000000e+25 
7.812500e+04 2.074045e-19 1.000000e+25 
7.875000e+04 2.050933e-19 1.000000e+25 
7.937500e+04 2.038791e-19 1.000000e+25 
8.000000e+04 2.033273e-19 1.000000e+25 
