0.000000e+00 1.846313e-19 1.000000e+25 
2.083333e+02 1.846865e-19 1.000000e+25 
4.166667e+02 1.848084e-19 1.000000e+25 
6.250000e+02 1.850407e-19 1.000000e+25 
8.333333e+02 1.853396e-19 1.000000e+25 
1.041667e+03 1.857485e-19 1.000000e+25 
1.250000e+03 1.862238e-19 1.000000e+25 
1.458333e+03 1.868087e-19 1.000000e+25 
1.666667e+03 1.874595e-19 1.000000e+25 
1.875000e+03 1.882196e-19 1.000000e+25 
2.083333e+03 1.890449e-19 1.000000e+25 
2.291667e+03 1.899788e-19 1.000000e+25 
2.500000e+03 1.909773e-19 1.000000e+25 
2.708333e+03 1.920837e-19 1.000000e+25 
2.916667e+03 1.932540e-19 1.000000e+25 
3.125000e+03 1.945315e-19 1.000000e+25 
3.333333e+03 1.958720e-19 1.000000e+25 
3.541667e+03 1.973189e-19 1.000000e+25 
3.750000e+03 1.988280e-19 1.000000e+25 
3.958333e+03 2.004427e-19 1.000000e+25 
4.166667e+03 2.021189e-19 1.000000e+25 
4.375000e+03 2.038999e-19 1.000000e+25 
4.583333e+03 2.057416e-19 1.000000e+25 
4.791667e+03 2.076875e-19 1.000000e+25 
5.000000e+03 2.096932e-19 1.000000e+25 
5.208333e+03 2.118026e-19 1.000000e+25 
5.416667e+03 2.139713e-19 1.000000e+25 
5.625000e+03 2.162432e-19 1.000000e+25 
5.833333e+03 2.185738e-19 1.000000e+25 
6.041667e+03 2.210075e-19 1.000000e+25 
6.250000e+03 2.234993e-19 1.000000e+25 
6.458333e+03 2.260943e-19 1.000000e+25 
6.666667e+03 2.287471e-19 1.000000e+25 
6.875000e+03 2.315035e-19 1.000000e+25 
7.083333e+03 2.343175e-19 1.000000e+25 
7.291667e+03 2.372356e-19 1.000000e+25 
7.500000e+03 2.402114e-19 1.000000e+25 
7.708333e+03 2.432923e-19 1.000000e+25 
7.916667e+03 2.464310e-19 1.000000e+25 
8.125000e+03 2.496762e-19 1.000000e+25 
8.333333e+03 2.529795e-19 1.000000e+25 
8.541667e+03 2.563912e-19 1.000000e+25 
8.750000e+03 2.598615e-19 1.000000e+25 
8.958333e+03 2.634423e-19 1.000000e+25 
9.166667e+03 2.670825e-19 1.000000e+25 
9.375000e+03 2.708357e-19 1.000000e+25 
9.583333e+03 2.746493e-19 1.000000e+25 
9.791667e+03 2.785786e-19 1.000000e+25 
1.000000e+04 2.825694e-19 1.000000e+25 
1.020833e+04 2.866789e-19 1.000000e+25 
1.041667e+04 2.908511e-19 1.000000e+25 
1.062500e+04 2.951448e-19 1.000000e+25 
1.083333e+04 2.995025e-19 1.000000e+25 
1.104167e+04 3.039844e-19 1.000000e+25 
1.125000e+04 3.085314e-19 1.000000e+25 
1.145833e+04 3.132045e-19 1.000000e+25 
1.166667e+04 3.179440e-19 1.000000e+25 
1.187500e+04 3.228107e-19 1.000000e+25 
1.208333e+04 3.277447e-19 1.000000e+25 
1.229167e+04 3.328060e-19 1.000000e+25 
1.250000e+04 3.379356e-19 1.000000e+25 
1.270833e+04 3.431916e-19 1.000000e+25 
1.291667e+04 3.485166e-19 1.000000e+25 
1.312500e+04 3.539666e-19 1.000000e+25 
1.333333e+04 3.594865e-19 1.000000e+25 
1.354167e+04 3.651300e-19 1.000000e+25 
1.375000e+04 3.708445e-19 1.000000e+25 
1.395833e+04 3.766823e-19 1.000000e+25 
1.416667e+04 3.825926e-19 1.000000e+25 
1.437500e+04 3.886274e-19 1.000000e+25 
1.458333e+04 3.947372e-19 1.000000e+25 
1.479167e+04 4.009752e-19 1.000000e+25 
1.500000e+04 4.072912e-19 1.000000e+25 
1.520833e+04 4.137416e-19 1.000000e+25 
1.541667e+04 4.202740e-19 1.000000e+25 
1.562500e+04 4.269494e-19 1.000000e+25 
1.583333e+04 4.337111e-19 1.000000e+25 
1.604167e+04 4.406262e-19 1.000000e+25 
1.625000e+04 4.476323e-19 1.000000e+25 
1.645833e+04 4.548032e-19 1.000000e+25 
1.666667e+04 4.620700e-19 1.000000e+25 
1.687500e+04 4.695134e-19 1.000000e+25 
1.708333e+04 4.770574e-19 1.000000e+25 
1.729167e+04 4.847900e-19 1.000000e+25 
1.750000e+04 4.926279e-19 1.000000e+25 
1.770833e+04 5.006664e-19 1.000000e+25 
1.791667e+04 5.088149e-19 1.000000e+25 
1.812500e+04 5.171774e-19 1.000000e+25 
1.833333e+04 5.256550e-19 1.000000e+25 
1.854167e+04 5.343624e-19 1.000000e+25 
1.875000e+04 5.431910e-19 1.000000e+25 
1.895833e+04 5.522706e-19 1.000000e+25 
1.916667e+04 5.614795e-19 1.000000e+25 
1.937500e+04 5.709686e-19 1.000000e+25 
1.958333e+04 5.805982e-19 1.000000e+25 
1.979167e+04 5.905489e-19 1.000000e+25 
2.000000e+04 6.006551e-19 1.000000e+25 
2.020833e+04 6.111374e-19 1.000000e+25 
2.041667e+04 6.217947e-19 1.000000e+25 
2.062500e+04 6.328980e-19 1.000000e+25 
2.083333e+04 6.442001e-19 1.000000e+25 
2.104167e+04 6.560303e-19 1.000000e+25 
2.125000e+04 6.680864e-19 1.000000e+25 
2.145833e+04 6.807589e-19 1.000000e+25 
2.166667e+04 6.936852e-19 1.000000e+25 
2.187500e+04 7.073120e-19 1.000000e+25 
2.208333e+04 7.212183e-19 1.000000e+25 
2.229167e+04 7.358919e-19 1.000000e+25 
2.250000e+04 7.508651e-19 1.000000e+25 
2.270833e+04 7.666414e-19 1.000000e+25 
2.291667e+04 7.827289e-19 1.000000e+25 
2.312500e+04 7.996134e-19 1.000000e+25 
2.333333e+04 8.168113e-19 1.000000e+25 
2.354167e+04 8.347529e-19 1.000000e+25 
2.375000e+04 8.530019e-19 1.000000e+25 
2.395833e+04 8.718965e-19 1.000000e+25 
2.416667e+04 8.910880e-19 1.000000e+25 
2.437500e+04 9.107924e-19 1.000000e+25 
2.458333e+04 9.307844e-19 1.000000e+25 
2.479167e+04 9.511382e-19 1.000000e+25 
2.500000e+04 9.717779e-19 1.000000e+25 
2.520833e+04 9.926297e-19 1.000000e+25 
2.541667e+04 1.013780e-18 1.000000e+25 
2.562500e+04 1.035013e-18 1.000000e+25 
2.583333e+04 1.056575e-18 1.000000e+25 
2.604167e+04 1.078129e-18 1.000000e+25 
2.625000e+04 1.100068e-18 1.000000e+25 
2.645833e+04 1.121953e-18 1.000000e+25 
2.666667e+04 1.144304e-18 1.000000e+25 
2.687500e+04 1.166611e-18 1.000000e+25 
2.708333e+04 1.189493e-18 1.000000e+25 
2.729167e+04 1.212393e-18 1.000000e+25 
2.750000e+04 1.236006e-18 1.000000e+25 
2.770833e+04 1.259753e-18 1.000000e+25 
2.791667e+04 1.284386e-18 1.000000e+25 
2.812500e+04 1.309299e-18 1.000000e+25 
2.833333e+04 1.335287e-18 1.000000e+25 
2.854167e+04 1.361695e-18 1.000000e+25 
2.875000e+04 1.389396e-18 1.000000e+25 
2.895833e+04 1.417712e-18 1.000000e+25 
2.916667e+04 1.447609e-18 1.000000e+25 
2.937500e+04 1.477970e-18 1.000000e+25 
2.958333e+04 1.510043e-18 1.000000e+25 
2.979167e+04 1.542497e-18 1.000000e+25 
3.000000e+04 1.577095e-18 1.000000e+25 
3.020833e+04 1.611944e-18 1.000000e+25 
3.041667e+04 1.649550e-18 1.000000e+25 
3.062500e+04 1.685443e-18 1.000000e+25 
3.083333e+04 1.723661e-18 1.000000e+25 
3.104167e+04 1.749523e-18 1.000000e+25 
3.125000e+04 1.776196e-18 1.000000e+25 
3.145833e+04 1.866583e-18 1.000000e+25 
3.166667e+04 1.919098e-18 1.000000e+25 
3.187500e+04 2.006387e-18 1.000000e+25 
3.208333e+04 2.496400e-18 1.000000e+25 
3.229167e+04 5.621585e-18 5.712886e+24 
3.250000e+04 9.667209e-18 3.299588e+24 
3.270833e+04 1.878968e-17 1.697346e+24 
3.291667e+04 3.061730e-17 1.036852e+24 
3.312500e+04 5.797824e-17 5.473129e+23 
3.333333e+04 9.276211e-17 3.408519e+23 
3.354167e+04 1.699025e-16 1.858458e+23 
3.375000e+04 2.664884e-16 1.180774e+23 
3.395833e+04 4.694247e-16 6.685245e+22 
3.416667e+04 7.191847e-16 4.346167e+22 
3.437500e+04 1.207576e-15 2.577476e+22 
3.458333e+04 1.795900e-15 1.724552e+22 
3.479167e+04 2.842849e-15 1.082751e+22 
3.500000e+04 4.068609e-15 7.516575e+21 
3.520833e+04 5.992978e-15 5.059181e+21 
3.541667e+04 8.159345e-15 3.683549e+21 
3.562500e+04 1.101387e-14 2.696471e+21 
3.583333e+04 1.404490e-14 2.089165e+21 
3.604167e+04 1.706885e-14 1.690701e+21 
3.625000e+04 1.996528e-14 1.421157e+21 
3.645833e+04 2.143851e-14 1.293283e+21 
3.666667e+04 2.240847e-14 1.208318e+21 
3.687500e+04 2.086734e-14 1.259053e+21 
3.708333e+04 1.877200e-14 1.356746e+21 
3.729167e+04 1.463356e-14 1.683982e+21 
3.750000e+04 1.020112e-14 2.334729e+21 
3.770833e+04 6.160321e-15 3.761013e+21 
3.791667e+04 2.522533e-15 8.926753e+21 
3.812500e+04 1.169463e-15 1.859547e+22 
3.833333e+04 1.430380e-16 1.517456e+23 
3.854167e+04 7.144655e-17 2.974005e+23 
3.875000e+04 8.451117e-18 2.816787e+24 
3.895833e+04 2.795395e-18 8.906988e+24 
3.916667e+04 1.961449e-18 1.000000e+25 
3.937500e+04 1.892606e-18 1.000000e+25 
3.958333e+04 1.704692e-18 1.000000e+25 
3.979167e+04 1.739655e-18 1.000000e+25 
4.000000e+04 1.782280e-18 1.000000e+25 
4.020833e+04 1.739655e-18 1.000000e+25 
4.041667e+04 1.704692e-18 1.000000e+25 
4.062500e+04 1.892606e-18 1.000000e+25 
4.083333e+04 1.961449e-18 1.000000e+25 
4.104167e+04 2.795395e-18 8.906988e+24 
4.125000e+04 8.451117e-18 2.816787e+24 
4.145833e+04 7.144655e-17 2.974005e+23 
4.166667e+04 1.430380e-16 1.517456e+23 
4.187500e+04 1.169463e-15 1.859547e+22 
4.208333e+04 2.522533e-15 8.926753e+21 
4.229167e+04 6.160321e-15 3.761013e+21 
4.250000e+04 1.020112e-14 2.334729e+21 
4.270833e+04 1.463356e-14 1.683982e+21 
4.291667e+04 1.877200e-14 1.356746e+21 
4.312500e+04 2.086734e-14 1.259053e+21 
4.333333e+04 2.240847e-14 1.208318e+21 
4.354167e+04 2.143851e-14 1.293283e+21 
4.375000e+04 1.996528e-14 1.421157e+21 
4.395833e+04 1.706885e-14 1.690701e+21 
4.416667e+04 1.404490e-14 2.089165e+21 
4.437500e+04 1.101387e-14 2.696471e+21 
4.458333e+04 8.159345e-15 3.683549e+21 
4.479167e+04 5.992978e-15 5.059181e+21 
4.500000e+04 4.068609e-15 7.516575e+21 
4.520833e+04 2.842849e-15 1.082751e+22 
4.541667e+04 1.795900e-15 1.724552e+22 
4.562500e+04 1.207576e-15 2.577476e+22 
4.583333e+04 7.191847e-16 4.346167e+22 
4.604167e+04 4.694247e-16 6.685245e+22 
4.625000e+04 2.664884e-16 1.180774e+23 
4.645833e+04 1.699025e-16 1.858458e+23 
4.666667e+04 9.276211e-17 3.408519e+23 
4.687500e+04 5.797824e-17 5.473129e+23 
4.708333e+04 3.061730e-17 1.036852e+24 
4.729167e+04 1.878968e-17 1.697346e+24 
4.750000e+04 9.667209e-18 3.299588e+24 
4.770833e+04 5.621585e-18 5.712886e+24 
4.791667e+04 2.496400e-18 1.000000e+25 
4.812500e+04 2.006387e-18 1.000000e+25 
4.833333e+04 1.919098e-18 1.000000e+25 
4.854167e+04 1.866583e-18 1.000000e+25 
4.875000e+04 1.776196e-18 1.000000e+25 
4.895833e+04 1.749523e-18 1.000000e+25 
4.916667e+04 1.723661e-18 1.000000e+25 
4.937500e+04 1.685443e-18 1.000000e+25 
4.958333e+04 1.649550e-18 1.000000e+25 
4.979167e+04 1.611944e-18 1.000000e+25 
5.000000e+04 1.577095e-18 1.000000e+25 
5.020833e+04 1.542497e-18 1.000000e+25 
5.041667e+04 1.510043e-18 1.000000e+25 
5.062500e+04 1.477970e-18 1.000000e+25 
5.083333e+04 1.447609e-18 1.000000e+25 
5.104167e+04 1.417712e-18 1.000000e+25 
5.125000e+04 1.389396e-18 1.000000e+25 
5.145833e+04 1.361695e-18 1.000000e+25 
5.166667e+04 1.335287e-18 1.000000e+25 
5.187500e+04 1.309299e-18 1.000000e+25 
5.208333e+04 1.284386e-18 1.000000e+25 
5.229167e+04 1.259753e-18 1.000000e+25 
5.250000e+04 1.236006e-18 1.000000e+25 
5.270833e+04 1.212393e-18 1.000000e+25 
5.291667e+04 1.189493e-18 1.000000e+25 
5.312500e+04 1.166611e-18 1.000000e+25 
5.333333e+04 1.144304e-18 1.000000e+25 
5.354167e+04 1.121953e-18 1.000000e+25 
5.375000e+04 1.100068e-18 1.000000e+25 
5.395833e+04 1.078129e-18 1.000000e+25 
5.416667e+04 1.056575e-18 1.000000e+25 
5.437500e+04 1.035013e-18 1.000000e+25 
5.458333e+04 1.013780e-18 1.000000e+25 
5.479167e+04 9.926297e-19 1.000000e+25 
5.500000e+04 9.717779e-19 1.000000e+25 
5.520833e+04 9.511382e-19 1.000000e+25 
5.541667e+04 9.307844e-19 1.000000e+25 
5.562500e+04 9.107924e-19 1.000000e+25 
5.583333e+04 8.910880e-19 1.000000e+25 
5.604167e+04 8.718965e-19 1.000000e+25 
5.625000e+04 8.530019e-19 1.000000e+25 
5.645833e+04 8.347529e-19 1.000000e+25 
5.666667e+04 8.168113e-19 1.000000e+25 
5.687500e+04 7.996134e-19 1.000000e+25 
5.708333e+04 7.827289e-19 1.000000e+25 
5.729167e+04 7.666414e-19 1.000000e+25 
5.750000e+04 7.508651e-19 1.000000e+25 
5.770833e+04 7.358919e-19 1.000000e+25 
5.791667e+04 7.212183e-19 1.000000e+25 
5.812500e+04 7.073120e-19 1.000000e+25 
5.833333e+04 6.936852e-19 1.000000e+25 
5.854167e+04 6.807589e-19 1.000000e+25 
5.875000e+04 6.680864e-19 1.000000e+25 
5.895833e+04 6.560303e-19 1.000000e+25 
5.916667e+04 6.442001e-19 1.000000e+25 
5.937500e+04 6.328980e-19 1.000000e+25 
5.958333e+04 6.217947e-19 1.000000e+25 
5.979167e+04 6.111374e-19 1.000000e+25 
6.000000e+04 6.006551e-19 1.000000e+25 
6.020833e+04 5.905489e-19 1.000000e+25 
6.041667e+04 5.805982e-19 1.000000e+25 
6.062500e+04 5.709686e-19 1.000000e+25 
6.083333e+04 5.614795e-19 1.000000e+25 
6.104167e+04 5.522706e-19 1.000000e+25 
6.125000e+04 5.431910e-19 1.000000e+25 
6.145833e+04 5.343624e-19 1.000000e+25 
6.166667e+04 5.256550e-19 1.000000e+25 
6.187500e+04 5.171774e-19 1.000000e+25 
6.208333e+04 5.088149e-19 1.000000e+25 
6.229167e+04 5.006664e-19 1.000000e+25 
6.250000e+04 4.926279e-19 1.000000e+25 
6.270833e+04 4.847900e-19 1.000000e+25 
6.291667e+04 4.770574e-19 1.000000e+25 
6.312500e+04 4.695134e-19 1.000000e+25 
6.333333e+04 4.620700e-19 1.000000e+25 
6.354167e+04 4.548032e-19 1.000000e+25 
6.375000e+04 4.476323e-19 1.000000e+25 
6.395833e+04 4.406262e-19 1.000000e+25 
6.416667e+04 4.337111e-19 1.000000e+25 
6.437500e+04 4.269494e-19 1.000000e+25 
6.458333e+04 4.202740e-19 1.000000e+25 
6.479167e+04 4.137416e-19 1.000000e+25 
6.500000e+04 4.072912e-19 1.000000e+25 
6.520833e+04 4.009752e-19 1.000000e+25 
6.541667e+04 3.947372e-19 1.000000e+25 
6.562500e+04 3.886274e-19 1.000000e+25 
6.583333e+04 3.825926e-19 1.000000e+25 
6.604167e+04 3.766823e-19 1.000000e+25 
6.625000e+04 3.708445e-19 1.000000e+25 
6.645833e+04 3.651300e-19 1.000000e+25 
6.666667e+04 3.594865e-19 1.000000e+25 
6.687500e+04 3.539666e-19 1.000000e+25 
6.708333e+04 3.485166e-19 1.000000e+25 
6.729167e+04 3.431916e-19 1.000000e+25 
6.750000e+04 3.379356e-19 1.000000e+25 
6.770833e+04 3.328060e-19 1.000000e+25 
6.791667e+04 3.277447e-19 1.000000e+25 
6.812500e+04 3.228107e-19 1.000000e+25 
6.833333e+04 3.179440e-19 1.000000e+25 
6.854167e+04 3.132045e-19 1.000000e+25 
6.875000e+04 3.085314e-19 1.000000e+25 
6.895833e+04 3.039844e-19 1.000000e+25 
6.916667e+04 2.995025e-19 1.000000e+25 
6.937500e+04 2.951448e-19 1.000000e+25 
6.958333e+04 2.908511e-19 1.000000e+25 
6.979167e+04 2.866789e-19 1.000000e+25 
7.000000e+04 2.825694e-19 1.000000e+25 
7.020833e+04 2.785786e-19 1.000000e+25 
7.041667e+04 2.746493e-19 1.000000e+25 
7.062500e+04 2.708357e-19 1.000000e+25 
7.083333e+04 2.670825e-19 1.000000e+25 
7.104167e+04 2.634423e-19 1.000000e+25 
7.125000e+04 2.598615e-19 1.000000e+25 
7.145833e+04 2.563912e-19 1.000000e+25 
7.166667e+04 2.529795e-19 1.000000e+25 
7.187500e+04 2.496762e-19 1.000000e+25 
7.208333e+04 2.464310e-19 1.000000e+25 
7.229167e+04 2.432923e-19 1.000000e+25 
7.250000e+04 2.402114e-19 1.000000e+25 
7.270833e+04 2.372356e-19 1.000000e+25 
7.291667e+04 2.343175e-19 1.000000e+25 
7.312500e+04 2.315035e-19 1.000000e+25 
7.333333e+04 2.287471e-19 1.000000e+25 
7.354167e+04 2.260943e-19 1.000000e+25 
7.375000e+04 2.234993e-19 1.000000e+25 
7.395833e+04 2.210075e-19 1.000000e+25 
7.416667e+04 2.185738e-19 1.000000e+25 
7.437500e+04 2.162432e-19 1.000000e+25 
7.458333e+04 2.139713e-19 1.000000e+25 
7.479167e+04 2.118026e-19 1.000000e+25 
7.500000e+04 2.096932e-19 1.000000e+25 
7.520833e+04 2.076874e-19 1.000000e+25 
7.541667e+04 2.057416e-19 1.000000e+25 
7.562500e+04 2.038999e-19 1.000000e+25 
7.583333e+04 2.021189e-19 1.000000e+25 
7.604167e+04 2.004427e-19 1.000000e+25 
7.625000e+04 1.988280e-19 1.000000e+25 
7.645833e+04 1.973189e-19 1.000000e+25 
7.666667e+04 1.958720e-19 1.000000e+25 
7.687500e+04 1.945315e-19 1.000000e+25 
7.708333e+04 1.932540e-19 1.000000e+25 
7.729167e+04 1.920837e-19 1.000000e+25 
7.750000e+04 1.909773e-19 1.000000e+25 
7.770833e+04 1.899788e-19 1.000000e+25 
7.791667e+04 1.890449e-19 1.000000e+25 
7.812500e+04 1.882196e-19 1.000000e+25 
7.833333e+04 1.874595e-19 1.000000e+25 
7.854167e+04 1.868087e-19 1.000000e+25 
7.875000e+04 1.862238e-19 1.000000e+25 
7.895833e+04 1.857485e-19 1.000000e+25 
7.916667e+04 1.853396e-19 1.000000e+25 
7.937500e+04 1.850407e-19 1.000000e+25 
7.958333e+04 1.848084e-19 1.000000e+25 
7.979167e+04 1.846865e-19 1.000000e+25 
8.000000e+04 1.846313e-19 1.000000e+25 
