0.000000e+00 1.929951e-19 1.000000e+25 
4.166667e+02 1.932269e-19 1.000000e+25 
8.333333e+02 1.937383e-19 1.000000e+25 
1.250000e+03 1.947122e-19 1.000000e+25 
1.666667e+03 1.959630e-19 1.000000e+25 
2.083333e+03 1.976726e-19 1.000000e+25 
2.500000e+03 1.996545e-19 1.000000e+25 
2.916667e+03 2.020897e-19 1.000000e+25 
3.333333e+03 2.047909e-19 1.000000e+25 
3.750000e+03 2.079392e-19 1.000000e+25 
4.166667e+03 2.113465e-19 1.000000e+25 
4.583333e+03 2.151950e-19 1.000000e+25 
5.000000e+03 2.192958e-19 1.000000e+25 
5.416667e+03 2.238334e-19 1.000000e+25 
5.833333e+03 2.286177e-19 1.000000e+25 
6.250000e+03 2.338374e-19 1.000000e+25 
6.666667e+03 2.392999e-19 1.000000e+25 
7.083333e+03 2.452009e-19 1.000000e+25 
7.500000e+03 2.513434e-19 1.000000e+25 
7.916667e+03 2.579329e-19 1.000000e+25 
8.333333e+03 2.647656e-19 1.000000e+25 
8.750000e+03 2.720601e-19 1.000000e+25 
9.166667e+03 2.796028e-19 1.000000e+25 
9.583333e+03 2.876277e-19 1.000000e+25 
1.000000e+04 2.959085e-19 1.000000e+25 
1.041667e+04 3.046946e-19 1.000000e+25 
1.083333e+04 3.137465e-19 1.000000e+25 
1.125000e+04 3.233249e-19 1.000000e+25 
1.166667e+04 3.331798e-19 1.000000e+25 
1.208333e+04 3.435771e-19 1.000000e+25 
1.250000e+04 3.542622e-19 1.000000e+25 
1.291667e+04 3.654976e-19 1.000000e+25 
1.333333e+04 3.770318e-19 1.000000e+25 
1.375000e+04 3.891168e-19 1.000000e+25 
1.416667e+04 4.015119e-19 1.000000e+25 
1.458333e+04 4.144530e-19 1.000000e+25 
1.500000e+04 4.277173e-19 1.000000e+25 
1.541667e+04 4.415331e-19 1.000000e+25 
1.583333e+04 4.556934e-19 1.000000e+25 
1.625000e+04 4.704567e-19 1.000000e+25 
1.666667e+04 4.856045e-19 1.000000e+25 
1.708333e+04 5.014581e-19 1.000000e+25 
1.750000e+04 5.177451e-19 1.000000e+25 
1.791667e+04 5.348589e-19 1.000000e+25 
1.833333e+04 5.524504e-19 1.000000e+25 
1.875000e+04 5.710036e-19 1.000000e+25 
1.916667e+04 5.900862e-19 1.000000e+25 
1.958333e+04 6.103683e-19 1.000000e+25 
2.000000e+04 6.312848e-19 1.000000e+25 
2.041667e+04 6.538523e-19 1.000000e+25 
2.083333e+04 6.772343e-19 1.000000e+25 
2.125000e+04 7.029342e-19 1.000000e+25 
2.166667e+04 7.296794e-19 1.000000e+25 
2.208333e+04 7.594124e-19 1.000000e+25 
2.250000e+04 7.903874e-19 1.000000e+25 
2.291667e+04 8.246542e-19 1.000000e+25 
2.333333e+04 8.602338e-19 1.000000e+25 
2.375000e+04 8.987717e-19 1.000000e+25 
2.416667e+04 9.385702e-19 1.000000e+25 
2.458333e+04 9.803345e-19 1.000000e+25 
2.500000e+04 1.023264e-18 1.000000e+25 
2.541667e+04 1.066878e-18 1.000000e+25 
2.583333e+04 1.111743e-18 1.000000e+25 
2.625000e+04 1.156385e-18 1.000000e+25 
2.666667e+04 1.202679e-18 1.000000e+25 
2.708333e+04 1.248224e-18 1.000000e+25 
2.750000e+04 1.296201e-18 1.000000e+25 
2.791667e+04 1.346450e-18 1.000000e+25 
2.833333e+04 1.401651e-18 1.000000e+25 
2.875000e+04 1.456829e-18 1.000000e+25 
2.916667e+04 1.518659e-18 1.000000e+25 
2.958333e+04 1.582701e-18 1.000000e+25 
3.000000e+04 1.647419e-18 1.000000e+25 
3.041667e+04 1.715339e-18 1.000000e+25 
3.083333e+04 1.778326e-18 1.000000e+25 
3.125000e+04 1.765287e-18 1.000000e+25 
3.166667e+04 1.389627e-18 1.000000e+25 
3.208333e+04 5.152497e-18 6.472990e+24 
3.250000e+04 9.160558e-18 3.429760e+24 
3.291667e+04 5.452622e-17 5.865525e+23 
3.333333e+04 1.089811e-16 2.845732e+23 
3.375000e+04 4.345726e-16 7.142123e+22 
3.416667e+04 8.984758e-16 3.398751e+22 
3.458333e+04 2.599317e-15 1.161582e+22 
3.500000e+04 5.014931e-15 5.932998e+21 
3.541667e+04 1.003923e-14 2.904689e+21 
3.583333e+04 1.625745e-14 1.758052e+21 
3.625000e+04 2.065338e-14 1.317145e+21 
3.666667e+04 2.242664e-14 1.149295e+21 
3.708333e+04 1.488998e-14 1.658199e+21 
3.750000e+04 6.177635e-15 3.819987e+21 
3.791667e+04 2.145587e-15 1.024998e+22 
3.833333e+04 1.605600e-16 1.540051e+23 
3.875000e+04 5.392955e-17 4.737210e+23 
3.916667e+04 6.720209e-18 4.624566e+24 
3.958333e+04 3.618246e-18 7.544314e+24 
4.000000e+04 2.383661e-18 1.000000e+25 
4.041667e+04 3.618246e-18 7.544314e+24 
4.083333e+04 6.720209e-18 4.624566e+24 
4.125000e+04 5.392955e-17 4.737210e+23 
4.166667e+04 1.605600e-16 1.540051e+23 
4.208333e+04 2.145587e-15 1.024998e+22 
4.250000e+04 6.177635e-15 3.819987e+21 
4.291667e+04 1.488998e-14 1.658199e+21 
4.333333e+04 2.242664e-14 1.149295e+21 
4.375000e+04 2.065338e-14 1.317145e+21 
4.416667e+04 1.625745e-14 1.758052e+21 
4.458333e+04 1.003923e-14 2.904689e+21 
4.500000e+04 5.014931e-15 5.932998e+21 
4.541667e+04 2.599317e-15 1.161582e+22 
4.583333e+04 8.984758e-16 3.398751e+22 
4.625000e+04 4.345726e-16 7.142123e+22 
4.666667e+04 1.089811e-16 2.845732e+23 
4.708333e+04 5.452622e-17 5.865525e+23 
4.750000e+04 9.160558e-18 3.429760e+24 
4.791667e+04 5.152497e-18 6.472990e+24 
4.833333e+04 1.389627e-18 1.000000e+25 
4.875000e+04 1.765287e-18 1.000000e+25 
4.916667e+04 1.778326e-18 1.000000e+25 
4.958333e+04 1.715339e-18 1.000000e+25 
5.000000e+04 1.647419e-18 1.000000e+25 
5.041667e+04 1.582701e-18 1.000000e+25 
5.083333e+04 1.518659e-18 1.000000e+25 
5.125000e+04 1.456829e-18 1.000000e+25 
5.166667e+04 1.401651e-18 1.000000e+25 
5.208333e+04 1.346450e-18 1.000000e+25 
5.250000e+04 1.296201e-18 1.000000e+25 
5.291667e+04 1.248224e-18 1.000000e+25 
5.333333e+04 1.202679e-18 1.000000e+25 
5.375000e+04 1.156385e-18 1.000000e+25 
5.416667e+04 1.111743e-18 1.000000e+25 
5.458333e+04 1.066878e-18 1.000000e+25 
5.500000e+04 1.023264e-18 1.000000e+25 
5.541667e+04 9.803345e-19 1.000000e+25 
5.583333e+04 9.385702e-19 1.000000e+25 
5.625000e+04 8.987717e-19 1.000000e+25 
5.666667e+04 8.602338e-19 1.000000e+25 
5.708333e+04 8.246542e-19 1.000000e+25 
5.750000e+04 7.903874e-19 1.000000e+25 
5.791667e+04 7.594124e-19 1.000000e+25 
5.833333e+04 7.296794e-19 1.000000e+25 
5.875000e+04 7.029342e-19 1.000000e+25 
5.916667e+04 6.772343e-19 1.000000e+25 
5.958333e+04 6.538523e-19 1.000000e+25 
6.000000e+04 6.312848e-19 1.000000e+25 
6.041667e+04 6.103683e-19 1.000000e+25 
6.083333e+04 5.900862e-19 1.000000e+25 
6.125000e+04 5.710036e-19 1.000000e+25 
6.166667e+04 5.524504e-19 1.000000e+25 
6.208333e+04 5.348589e-19 1.000000e+25 
6.250000e+04 5.177451e-19 1.000000e+25 
6.291667e+04 5.014581e-19 1.000000e+25 
6.333333e+04 4.856045e-19 1.000000e+25 
6.375000e+04 4.704567e-19 1.000000e+25 
6.416667e+04 4.556934e-19 1.000000e+25 
6.458333e+04 4.415331e-19 1.000000e+25 
6.500000e+04 4.277173e-19 1.000000e+25 
6.541667e+04 4.144530e-19 1.000000e+25 
6.583333e+04 4.015119e-19 1.000000e+25 
6.625000e+04 3.891168e-19 1.000000e+25 
6.666667e+04 3.770318e-19 1.000000e+25 
6.708333e+04 3.654976e-19 1.000000e+25 
6.750000e+04 3.542622e-19 1.000000e+25 
6.791667e+04 3.435771e-19 1.000000e+25 
6.833333e+04 3.331798e-19 1.000000e+25 
6.875000e+04 3.233249e-19 1.000000e+25 
6.916667e+04 3.137465e-19 1.000000e+25 
6.958333e+04 3.046946e-19 1.000000e+25 
7.000000e+04 2.959085e-19 1.000000e+25 
7.041667e+04 2.876277e-19 1.000000e+25 
7.083333e+04 2.796028e-19 1.000000e+25 
7.125000e+04 2.720601e-19 1.000000e+25 
7.166667e+04 2.647656e-19 1.000000e+25 
7.208333e+04 2.579329e-19 1.000000e+25 
7.250000e+04 2.513434e-19 1.000000e+25 
7.291667e+04 2.452009e-19 1.000000e+25 
7.333333e+04 2.392999e-19 1.000000e+25 
7.375000e+04 2.338374e-19 1.000000e+25 
7.416667e+04 2.286177e-19 1.000000e+25 
7.458333e+04 2.238334e-19 1.000000e+25 
7.500000e+04 2.192958e-19 1.000000e+25 
7.541667e+04 2.151950e-19 1.000000e+25 
7.583333e+04 2.113465e-19 1.000000e+25 
7.625000e+04 2.079392e-19 1.000000e+25 
7.666667e+04 2.047909e-19 1.000000e+25 
7.708333e+04 2.020897e-19 1.000000e+25 
7.750000e+04 1.996545e-19 1.000000e+25 
7.791667e+04 1.976726e-19 1.000000e+25 
7.833333e+04 1.959630e-19 1.000000e+25 
7.875000e+04 1.947122e-19 1.000000e+25 
7.916667e+04 1.937383e-19 1.000000e+25 
7.958333e+04 1.932269e-19 1.000000e+25 
8.000000e+04 1.929951e-19 1.000000e+25 
