0.000000e+00 2.002859e-19 1.000000e+25 
2.500000e+02 2.003729e-19 1.000000e+25 
5.000000e+02 2.005644e-19 1.000000e+25 
7.500000e+02 2.009297e-19 1.000000e+25 
1.000000e+03 2.013991e-19 1.000000e+25 
1.250000e+03 2.020418e-19 1.000000e+25 
1.500000e+03 2.027879e-19 1.000000e+25 
1.750000e+03 2.037065e-19 1.000000e+25 
2.000000e+03 2.047275e-19 1.000000e+25 
2.250000e+03 2.059199e-19 1.000000e+25 
2.500000e+03 2.072134e-19 1.000000e+25 
2.750000e+03 2.086772e-19 1.000000e+25 
3.000000e+03 2.102406e-19 1.000000e+25 
3.250000e+03 2.119729e-19 1.000000e+25 
3.500000e+03 2.138033e-19 1.000000e+25 
3.750000e+03 2.158013e-19 1.000000e+25 
4.000000e+03 2.178958e-19 1.000000e+25 
4.250000e+03 2.201567e-19 1.000000e+25 
4.500000e+03 2.225127e-19 1.000000e+25 
4.750000e+03 2.250341e-19 1.000000e+25 
5.000000e+03 2.276491e-19 1.000000e+25 
5.250000e+03 2.304290e-19 1.000000e+25 
5.500000e+03 2.333014e-19 1.000000e+25 
5.750000e+03 2.363386e-19 1.000000e+25 
6.000000e+03 2.394673e-19 1.000000e+25 
6.250000e+03 2.427615e-19 1.000000e+25 
6.500000e+03 2.461466e-19 1.000000e+25 
6.750000e+03 2.496984e-19 1.000000e+25 
7.000000e+03 2.533408e-19 1.000000e+25 
7.250000e+03 2.571521e-19 1.000000e+25 
7.500000e+03 2.610542e-19 1.000000e+25 
7.750000e+03 2.651279e-19 1.000000e+25 
8.000000e+03 2.692932e-19 1.000000e+25 
8.250000e+03 2.736335e-19 1.000000e+25 
8.500000e+03 2.780663e-19 1.000000e+25 
8.750000e+03 2.826781e-19 1.000000e+25 
9.000000e+03 2.873837e-19 1.000000e+25 
9.250000e+03 2.922721e-19 1.000000e+25 
9.500000e+03 2.972558e-19 1.000000e+25 
9.750000e+03 3.024257e-19 1.000000e+25 
1.000000e+04 3.076924e-19 1.000000e+25 
1.025000e+04 3.131473e-19 1.000000e+25 
1.050000e+04 3.187006e-19 1.000000e+25 
1.075000e+04 3.244424e-19 1.000000e+25 
1.100000e+04 3.302841e-19 1.000000e+25 
1.125000e+04 3.363132e-19 1.000000e+25 
1.150000e+04 3.424435e-19 1.000000e+25 
1.175000e+04 3.487594e-19 1.000000e+25 
1.200000e+04 3.551781e-19 1.000000e+25 
1.225000e+04 3.617807e-19 1.000000e+25 
1.250000e+04 3.684886e-19 1.000000e+25 
1.275000e+04 3.753800e-19 1.000000e+25 
1.300000e+04 3.823799e-19 1.000000e+25 
1.325000e+04 3.895649e-19 1.000000e+25 
1.350000e+04 3.968624e-19 1.000000e+25 
1.375000e+04 4.043484e-19 1.000000e+25 
1.400000e+04 4.119517e-19 1.000000e+25 
1.425000e+04 4.197488e-19 1.000000e+25 
1.450000e+04 4.276689e-19 1.000000e+25 
1.475000e+04 4.357915e-19 1.000000e+25 
1.500000e+04 4.440437e-19 1.000000e+25 
1.525000e+04 4.525120e-19 1.000000e+25 
1.550000e+04 4.611182e-19 1.000000e+25 
1.575000e+04 4.699600e-19 1.000000e+25 
1.600000e+04 4.789497e-19 1.000000e+25 
1.625000e+04 4.881997e-19 1.000000e+25 
1.650000e+04 4.976087e-19 1.000000e+25 
1.675000e+04 5.073059e-19 1.000000e+25 
1.700000e+04 5.171735e-19 1.000000e+25 
1.725000e+04 5.273562e-19 1.000000e+25 
1.750000e+04 5.377197e-19 1.000000e+25 
1.775000e+04 5.484203e-19 1.000000e+25 
1.800000e+04 5.593101e-19 1.000000e+25 
1.825000e+04 5.705503e-19 1.000000e+25 
1.850000e+04 5.819851e-19 1.000000e+25 
1.875000e+04 5.937725e-19 1.000000e+25 
1.900000e+04 6.057569e-19 1.000000e+25 
1.925000e+04 6.180864e-19 1.000000e+25 
1.950000e+04 6.306133e-19 1.000000e+25 
1.975000e+04 6.434748e-19 1.000000e+25 
2.000000e+04 6.565350e-19 1.000000e+25 
2.025000e+04 6.699278e-19 1.000000e+25 
2.050000e+04 6.835254e-19 1.000000e+25 
2.075000e+04 6.974756e-19 1.000000e+25 
2.100000e+04 7.116448e-19 1.000000e+25 
2.125000e+04 7.262187e-19 1.000000e+25 
2.150000e+04 7.410354e-19 1.000000e+25 
2.175000e+04 7.563438e-19 1.000000e+25 
2.200000e+04 7.719279e-19 1.000000e+25 
2.225000e+04 7.881251e-19 1.000000e+25 
2.250000e+04 8.046397e-19 1.000000e+25 
2.275000e+04 8.219259e-19 1.000000e+25 
2.300000e+04 8.395811e-19 1.000000e+25 
2.325000e+04 8.582088e-19 1.000000e+25 
2.350000e+04 8.772697e-19 1.000000e+25 
2.375000e+04 8.975471e-19 1.000000e+25 
2.400000e+04 9.183330e-19 1.000000e+25 
2.425000e+04 9.406047e-19 1.000000e+25 
2.450000e+04 9.634621e-19 1.000000e+25 
2.475000e+04 9.880510e-19 1.000000e+25 
2.500000e+04 1.013286e-18 1.000000e+25 
2.525000e+04 1.040401e-18 1.000000e+25 
2.550000e+04 1.068185e-18 1.000000e+25 
2.575000e+04 1.097828e-18 1.000000e+25 
2.600000e+04 1.128115e-18 1.000000e+25 
2.625000e+04 1.160034e-18 1.000000e+25 
2.650000e+04 1.192524e-18 1.000000e+25 
2.675000e+04 1.226221e-18 1.000000e+25 
2.700000e+04 1.260391e-18 1.000000e+25 
2.725000e+04 1.295196e-18 1.000000e+25 
2.750000e+04 1.330374e-18 1.000000e+25 
2.775000e+04 1.365545e-18 1.000000e+25 
2.800000e+04 1.401018e-18 1.000000e+25 
2.825000e+04 1.435855e-18 1.000000e+25 
2.850000e+04 1.470987e-18 1.000000e+25 
2.875000e+04 1.504994e-18 1.000000e+25 
2.900000e+04 1.539387e-18 1.000000e+25 
2.925000e+04 1.572296e-18 1.000000e+25 
2.950000e+04 1.605810e-18 1.000000e+25 
2.975000e+04 1.638133e-18 1.000000e+25 
3.000000e+04 1.671602e-18 1.000000e+25 
3.025000e+04 1.703706e-18 1.000000e+25 
3.050000e+04 1.737167e-18 1.000000e+25 
3.075000e+04 1.770922e-18 1.000000e+25 
3.100000e+04 1.808780e-18 1.000000e+25 
3.125000e+04 1.849397e-18 1.000000e+25 
3.150000e+04 1.890508e-18 1.000000e+25 
3.175000e+04 1.919622e-18 1.000000e+25 
3.200000e+04 1.957777e-18 1.000000e+25 
3.225000e+04 2.061209e-18 1.000000e+25 
3.250000e+04 2.060721e-18 1.000000e+25 
3.275000e+04 2.409010e-18 1.000000e+25 
3.300000e+04 3.230348e-18 9.588051e+24 
3.325000e+04 8.802027e-18 3.843948e+24 
3.350000e+04 1.537477e-17 2.293267e+24 
3.375000e+04 3.931001e-17 9.213907e+23 
3.400000e+04 6.790451e-17 5.215316e+23 
3.425000e+04 1.659800e-16 2.170191e+23 
3.450000e+04 2.826927e-16 1.245164e+23 
3.475000e+04 6.394305e-16 5.547324e+22 
3.500000e+04 1.067046e-15 3.251151e+22 
3.525000e+04 2.159187e-15 1.605198e+22 
3.550000e+04 3.455958e-15 9.829393e+21 
3.575000e+04 6.022891e-15 5.581192e+21 
3.600000e+04 8.965866e-15 3.677668e+21 
3.625000e+04 1.287991e-14 2.506498e+21 
3.650000e+04 1.695094e-14 1.865040e+21 
3.675000e+04 1.906627e-14 1.606157e+21 
3.700000e+04 2.038282e-14 1.463878e+21 
3.725000e+04 1.699652e-14 1.689463e+21 
3.750000e+04 1.272709e-14 2.181796e+21 
3.775000e+04 7.529914e-15 3.560260e+21 
3.800000e+04 2.882673e-15 8.866415e+21 
3.825000e+04 1.328293e-15 1.946226e+22 
3.850000e+04 1.687188e-16 1.457561e+23 
3.875000e+04 1.324715e-16 2.077382e+23 
3.900000e+04 6.571082e-17 4.481774e+23 
3.925000e+04 5.045284e-17 5.681302e+23 
3.950000e+04 3.223806e-17 8.438081e+23 
3.975000e+04 2.939087e-17 9.433682e+23 
4.000000e+04 2.638095e-17 1.054756e+24 
4.025000e+04 2.939087e-17 9.433682e+23 
4.050000e+04 3.223806e-17 8.438081e+23 
4.075000e+04 5.045284e-17 5.681302e+23 
4.100000e+04 6.571082e-17 4.481774e+23 
4.125000e+04 1.324715e-16 2.077382e+23 
4.150000e+04 1.687188e-16 1.457561e+23 
4.175000e+04 1.328293e-15 1.946226e+22 
4.200000e+04 2.882673e-15 8.866415e+21 
4.225000e+04 7.529914e-15 3.560260e+21 
4.250000e+04 1.272709e-14 2.181796e+21 
4.275000e+04 1.699652e-14 1.689463e+21 
4.300000e+04 2.038282e-14 1.463878e+21 
4.325000e+04 1.906627e-14 1.606157e+21 
4.350000e+04 1.695094e-14 1.865040e+21 
4.375000e+04 1.287991e-14 2.506498e+21 
4.400000e+04 8.965866e-15 3.677668e+21 
4.425000e+04 6.022891e-15 5.581192e+21 
4.450000e+04 3.455958e-15 9.829393e+21 
4.475000e+04 2.159187e-15 1.605198e+22 
4.500000e+04 1.067046e-15 3.251151e+22 
4.525000e+04 6.394305e-16 5.547324e+22 
4.550000e+04 2.826927e-16 1.245164e+23 
4.575000e+04 1.659800e-16 2.170191e+23 
4.600000e+04 6.790451e-17 5.215316e+23 
4.625000e+04 3.931001e-17 9.213907e+23 
4.650000e+04 1.537477e-17 2.293267e+24 
4.675000e+04 8.802027e-18 3.843948e+24 
4.700000e+04 3.230348e-18 9.588051e+24 
4.725000e+04 2.409010e-18 1.000000e+25 
4.750000e+04 2.060721e-18 1.000000e+25 
4.775000e+04 2.061209e-18 1.000000e+25 
4.800000e+04 1.957777e-18 1.000000e+25 
4.825000e+04 1.919622e-18 1.000000e+25 
4.850000e+04 1.890508e-18 1.000000e+25 
4.875000e+04 1.849397e-18 1.000000e+25 
4.900000e+04 1.808780e-18 1.000000e+25 
4.925000e+04 1.770922e-18 1.000000e+25 
4.950000e+04 1.737167e-18 1.000000e+25 
4.975000e+04 1.703706e-18 1.000000e+25 
5.000000e+04 1.671602e-18 1.000000e+25 
5.025000e+04 1.638133e-18 1.000000e+25 
5.050000e+04 1.605810e-18 1.000000e+25 
5.075000e+04 1.572296e-18 1.000000e+25 
5.100000e+04 1.539387e-18 1.000000e+25 
5.125000e+04 1.504994e-18 1.000000e+25 
5.150000e+04 1.470987e-18 1.000000e+25 
5.175000e+04 1.435855e-18 1.000000e+25 
5.200000e+04 1.401018e-18 1.000000e+25 
5.225000e+04 1.365545e-18 1.000000e+25 
5.250000e+04 1.330374e-18 1.000000e+25 
5.275000e+04 1.295196e-18 1.000000e+25 
5.300000e+04 1.260391e-18 1.000000e+25 
5.325000e+04 1.226221e-18 1.000000e+25 
5.350000e+04 1.192524e-18 1.000000e+25 
5.375000e+04 1.160034e-18 1.000000e+25 
5.400000e+04 1.128115e-18 1.000000e+25 
5.425000e+04 1.097828e-18 1.000000e+25 
5.450000e+04 1.068185e-18 1.000000e+25 
5.475000e+04 1.040401e-18 1.000000e+25 
5.500000e+04 1.013286e-18 1.000000e+25 
5.525000e+04 9.880510e-19 1.000000e+25 
5.550000e+04 9.634621e-19 1.000000e+25 
5.575000e+04 9.406047e-19 1.000000e+25 
5.600000e+04 9.183330e-19 1.000000e+25 
5.625000e+04 8.975471e-19 1.000000e+25 
5.650000e+04 8.772697e-19 1.000000e+25 
5.675000e+04 8.582088e-19 1.000000e+25 
5.700000e+04 8.395811e-19 1.000000e+25 
5.725000e+04 8.219259e-19 1.000000e+25 
5.750000e+04 8.046397e-19 1.000000e+25 
5.775000e+04 7.881251e-19 1.000000e+25 
5.800000e+04 7.719279e-19 1.000000e+25 
5.825000e+04 7.563438e-19 1.000000e+25 
5.850000e+04 7.410354e-19 1.000000e+25 
5.875000e+04 7.262187e-19 1.000000e+25 
5.900000e+04 7.116448e-19 1.000000e+25 
5.925000e+04 6.974756e-19 1.000000e+25 
5.950000e+04 6.835254e-19 1.000000e+25 
5.975000e+04 6.699278e-19 1.000000e+25 
6.000000e+04 6.565350e-19 1.000000e+25 
6.025000e+04 6.434748e-19 1.000000e+25 
6.050000e+04 6.306133e-19 1.000000e+25 
6.075000e+04 6.180864e-19 1.000000e+25 
6.100000e+04 6.057569e-19 1.000000e+25 
6.125000e+04 5.937725e-19 1.000000e+25 
6.150000e+04 5.819851e-19 1.000000e+25 
6.175000e+04 5.705503e-19 1.000000e+25 
6.200000e+04 5.593101e-19 1.000000e+25 
6.225000e+04 5.484203e-19 1.000000e+25 
6.250000e+04 5.377197e-19 1.000000e+25 
6.275000e+04 5.273562e-19 1.000000e+25 
6.300000e+04 5.171735e-19 1.000000e+25 
6.325000e+04 5.073059e-19 1.000000e+25 
6.350000e+04 4.976087e-19 1.000000e+25 
6.375000e+04 4.881997e-19 1.000000e+25 
6.400000e+04 4.789497e-19 1.000000e+25 
6.425000e+04 4.699600e-19 1.000000e+25 
6.450000e+04 4.611182e-19 1.000000e+25 
6.475000e+04 4.525120e-19 1.000000e+25 
6.500000e+04 4.440437e-19 1.000000e+25 
6.525000e+04 4.357915e-19 1.000000e+25 
6.550000e+04 4.276689e-19 1.000000e+25 
6.575000e+04 4.197488e-19 1.000000e+25 
6.600000e+04 4.119517e-19 1.000000e+25 
6.625000e+04 4.043484e-19 1.000000e+25 
6.650000e+04 3.968624e-19 1.000000e+25 
6.675000e+04 3.895649e-19 1.000000e+25 
6.700000e+04 3.823799e-19 1.000000e+25 
6.725000e+04 3.753800e-19 1.000000e+25 
6.750000e+04 3.684886e-19 1.000000e+25 
6.775000e+04 3.617807e-19 1.000000e+25 
6.800000e+04 3.551781e-19 1.000000e+25 
6.825000e+04 3.487594e-19 1.000000e+25 
6.850000e+04 3.424435e-19 1.000000e+25 
6.875000e+04 3.363132e-19 1.000000e+25 
6.900000e+04 3.302841e-19 1.000000e+25 
6.925000e+04 3.244424e-19 1.000000e+25 
6.950000e+04 3.187006e-19 1.000000e+25 
6.975000e+04 3.131473e-19 1.000000e+25 
7.000000e+04 3.076924e-19 1.000000e+25 
7.025000e+04 3.024257e-19 1.000000e+25 
7.050000e+04 2.972558e-19 1.000000e+25 
7.075000e+04 2.922721e-19 1.000000e+25 
7.100000e+04 2.873837e-19 1.000000e+25 
7.125000e+04 2.826781e-19 1.000000e+25 
7.150000e+04 2.780663e-19 1.000000e+25 
7.175000e+04 2.736335e-19 1.000000e+25 
7.200000e+04 2.692932e-19 1.000000e+25 
7.225000e+04 2.651279e-19 1.000000e+25 
7.250000e+04 2.610542e-19 1.000000e+25 
7.275000e+04 2.571521e-19 1.000000e+25 
7.300000e+04 2.533408e-19 1.000000e+25 
7.325000e+04 2.496984e-19 1.000000e+25 
7.350000e+04 2.461466e-19 1.000000e+25 
7.375000e+04 2.427615e-19 1.000000e+25 
7.400000e+04 2.394673e-19 1.000000e+25 
7.425000e+04 2.363386e-19 1.000000e+25 
7.450000e+04 2.333014e-19 1.000000e+25 
7.475000e+04 2.304290e-19 1.000000e+25 
7.500000e+04 2.276491e-19 1.000000e+25 
7.525000e+04 2.250341e-19 1.000000e+25 
7.550000e+04 2.225127e-19 1.000000e+25 
7.575000e+04 2.201567e-19 1.000000e+25 
7.600000e+04 2.178958e-19 1.000000e+25 
7.625000e+04 2.158013e-19 1.000000e+25 
7.650000e+04 2.138033e-19 1.000000e+25 
7.675000e+04 2.119729e-19 1.000000e+25 
7.700000e+04 2.102406e-19 1.000000e+25 
7.725000e+04 2.086772e-19 1.000000e+25 
7.750000e+04 2.072134e-19 1.000000e+25 
7.775000e+04 2.059199e-19 1.000000e+25 
7.800000e+04 2.047275e-19 1.000000e+25 
7.825000e+04 2.037065e-19 1.000000e+25 
7.850000e+04 2.027879e-19 1.000000e+25 
7.875000e+04 2.020418e-19 1.000000e+25 
7.900000e+04 2.013991e-19 1.000000e+25 
7.925000e+04 2.009297e-19 1.000000e+25 
7.950000e+04 2.005644e-19 1.000000e+25 
7.975000e+04 2.003729e-19 1.000000e+25 
8.000000e+04 2.002859e-19 1.000000e+25 
