0.000000e+00 2.031515e-19 1.000000e+25 
6.250000e+02 2.037025e-19 1.000000e+25 
1.250000e+03 2.049154e-19 1.000000e+25 
1.875000e+03 2.072239e-19 1.000000e+25 
2.500000e+03 2.101811e-19 1.000000e+25 
3.125000e+03 2.142176e-19 1.000000e+25 
3.750000e+03 2.188811e-19 1.000000e+25 
4.375000e+03 2.246050e-19 1.000000e+25 
5.000000e+03 2.309324e-19 1.000000e+25 
5.625000e+03 2.383097e-19 1.000000e+25 
6.250000e+03 2.462726e-19 1.000000e+25 
6.875000e+03 2.552932e-19 1.000000e+25 
7.500000e+03 2.648939e-19 1.000000e+25 
8.125000e+03 2.755826e-19 1.000000e+25 
8.750000e+03 2.868602e-19 1.000000e+25 
9.375000e+03 2.992568e-19 1.000000e+25 
1.000000e+04 3.122573e-19 1.000000e+25 
1.062500e+04 3.263855e-19 1.000000e+25 
1.125000e+04 3.411338e-19 1.000000e+25 
1.187500e+04 3.569689e-19 1.000000e+25 
1.250000e+04 3.734301e-19 1.000000e+25 
1.312500e+04 3.910580e-19 1.000000e+25 
1.375000e+04 4.093973e-19 1.000000e+25 
1.437500e+04 4.292017e-19 1.000000e+25 
1.500000e+04 4.498735e-19 1.000000e+25 
1.562500e+04 4.722860e-19 1.000000e+25 
1.625000e+04 4.956548e-19 1.000000e+25 
1.687500e+04 5.208325e-19 1.000000e+25 
1.750000e+04 5.469947e-19 1.000000e+25 
1.812500e+04 5.748519e-19 1.000000e+25 
1.875000e+04 6.037077e-19 1.000000e+25 
1.937500e+04 6.349586e-19 1.000000e+25 
2.000000e+04 6.676539e-19 1.000000e+25 
2.062500e+04 7.048344e-19 1.000000e+25 
2.125000e+04 7.442839e-19 1.000000e+25 
2.187500e+04 7.903944e-19 1.000000e+25 
2.250000e+04 8.393506e-19 1.000000e+25 
2.312500e+04 8.953824e-19 1.000000e+25 
2.375000e+04 9.543042e-19 1.000000e+25 
2.437500e+04 1.016683e-18 1.000000e+25 
2.500000e+04 1.080937e-18 1.000000e+25 
2.562500e+04 1.148651e-18 1.000000e+25 
2.625000e+04 1.222111e-18 1.000000e+25 
2.687500e+04 1.301071e-18 1.000000e+25 
2.750000e+04 1.385732e-18 1.000000e+25 
2.812500e+04 1.462791e-18 1.000000e+25 
2.875000e+04 1.561725e-18 1.000000e+25 
2.937500e+04 1.653244e-18 1.000000e+25 
3.000000e+04 1.760853e-18 1.000000e+25 
3.062500e+04 1.815112e-18 1.000000e+25 
3.125000e+04 1.427521e-18 1.000000e+25 
3.187500e+04 6.479953e-18 5.319199e+24 
3.250000e+04 6.265065e-18 5.149438e+24 
3.312500e+04 1.499482e-16 2.131223e+23 
3.375000e+04 3.017457e-16 1.010498e+23 
3.437500e+04 2.215587e-15 1.348822e+22 
3.500000e+04 6.352047e-15 4.559286e+21 
3.562500e+04 1.532023e-14 1.789606e+21 
3.625000e+04 2.310818e-14 1.119402e+21 
3.687500e+04 1.460453e-14 1.691370e+21 
3.750000e+04 3.671684e-15 6.454442e+21 
3.812500e+04 9.445784e-16 2.569347e+22 
3.875000e+04 1.134565e-16 2.303773e+23 
3.937500e+04 1.114151e-17 2.758701e+24 
4.000000e+04 5.066971e-18 6.840439e+24 
4.062500e+04 1.114151e-17 2.758701e+24 
4.125000e+04 1.134565e-16 2.303773e+23 
4.187500e+04 9.445784e-16 2.569347e+22 
4.250000e+04 3.671684e-15 6.454442e+21 
4.312500e+04 1.460453e-14 1.691370e+21 
4.375000e+04 2.310818e-14 1.119402e+21 
4.437500e+04 1.532023e-14 1.789606e+21 
4.500000e+04 6.352047e-15 4.559286e+21 
4.562500e+04 2.215587e-15 1.348822e+22 
4.625000e+04 3.017457e-16 1.010498e+23 
4.687500e+04 1.499482e-16 2.131223e+23 
4.750000e+04 6.265065e-18 5.149438e+24 
4.812500e+04 6.479953e-18 5.319199e+24 
4.875000e+04 1.427521e-18 1.000000e+25 
4.937500e+04 1.815112e-18 1.000000e+25 
5.000000e+04 1.760853e-18 1.000000e+25 
5.062500e+04 1.653244e-18 1.000000e+25 
5.125000e+04 1.561725e-18 1.000000e+25 
5.187500e+04 1.462791e-18 1.000000e+25 
5.250000e+04 1.385732e-18 1.000000e+25 
5.312500e+04 1.301071e-18 1.000000e+25 
5.375000e+04 1.222111e-18 1.000000e+25 
5.437500e+04 1.148651e-18 1.000000e+25 
5.500000e+04 1.080937e-18 1.000000e+25 
5.562500e+04 1.016683e-18 1.000000e+25 
5.625000e+04 9.543042e-19 1.000000e+25 
5.687500e+04 8.953824e-19 1.000000e+25 
5.750000e+04 8.393506e-19 1.000000e+25 
5.812500e+04 7.903944e-19 1.000000e+25 
5.875000e+04 7.442839e-19 1.000000e+25 
5.937500e+04 7.048344e-19 1.000000e+25 
6.000000e+04 6.676539e-19 1.000000e+25 
6.062500e+04 6.349586e-19 1.000000e+25 
6.125000e+04 6.037077e-19 1.000000e+25 
6.187500e+04 5.748519e-19 1.000000e+25 
6.250000e+04 5.469947e-19 1.000000e+25 
6.312500e+04 5.208325e-19 1.000000e+25 
6.375000e+04 4.956548e-19 1.000000e+25 
6.437500e+04 4.722860e-19 1.000000e+25 
6.500000e+04 4.498735e-19 1.000000e+25 
6.562500e+04 4.292017e-19 1.000000e+25 
6.625000e+04 4.093973e-19 1.000000e+25 
6.687500e+04 3.910580e-19 1.000000e+25 
6.750000e+04 3.734301e-19 1.000000e+25 
6.812500e+04 3.569689e-19 1.000000e+25 
6.875000e+04 3.411338e-19 1.000000e+25 
6.937500e+04 3.263855e-19 1.000000e+25 
7.000000e+04 3.122573e-19 1.000000e+25 
7.062500e+04 2.992568e-19 1.000000e+25 
7.125000e+04 2.868602e-19 1.000000e+25 
7.187500e+04 2.755826e-19 1.000000e+25 
7.250000e+04 2.648939e-19 1.000000e+25 
7.312500e+04 2.552932e-19 1.000000e+25 
7.375000e+04 2.462726e-19 1.000000e+25 
7.437500e+04 2.383097e-19 1.000000e+25 
7.500000e+04 2.309324e-19 1.000000e+25 
7.562500e+04 2.246050e-19 1.000000e+25 
7.625000e+04 2.188811e-19 1.000000e+25 
7.687500e+04 2.142176e-19 1.000000e+25 
7.750000e+04 2.101811e-19 1.000000e+25 
7.812500e+04 2.072239e-19 1.000000e+25 
7.875000e+04 2.049154e-19 1.000000e+25 
7.937500e+04 2.037025e-19 1.000000e+25 
8.000000e+04 2.031515e-19 1.000000e+25 
