0.000000e+00 2.446687e-17 2.307511e+24 
1.562500e+02 2.446601e-17 2.307505e+24 
3.125000e+02 2.446336e-17 2.307626e+24 
4.687500e+02 2.445895e-17 2.307756e+24 
6.250000e+02 2.445264e-17 2.308022e+24 
7.812500e+02 2.444447e-17 2.308354e+24 
9.375000e+02 2.443419e-17 2.308840e+24 
1.093750e+03 2.442197e-17 2.309472e+24 
1.250000e+03 2.440743e-17 2.310274e+24 
1.406250e+03 2.439088e-17 2.311312e+24 
1.562500e+03 2.437188e-17 2.312530e+24 
1.718750e+03 2.435090e-17 2.314066e+24 
1.875000e+03 2.432748e-17 2.315780e+24 
2.031250e+03 2.430224e-17 2.317874e+24 
2.187500e+03 2.427475e-17 2.320128e+24 
2.343750e+03 2.424572e-17 2.322798e+24 
2.500000e+03 2.421481e-17 2.325593e+24 
2.656250e+03 2.418277e-17 2.328812e+24 
2.812500e+03 2.414937e-17 2.332106e+24 
2.968750e+03 2.411533e-17 2.335806e+24 
3.125000e+03 2.408060e-17 2.339519e+24 
3.281250e+03 2.404577e-17 2.343597e+24 
3.437500e+03 2.401095e-17 2.347620e+24 
3.593750e+03 2.397660e-17 2.351953e+24 
3.750000e+03 2.394301e-17 2.356158e+24 
3.906250e+03 2.391044e-17 2.360606e+24 
4.062500e+03 2.387933e-17 2.364855e+24 
4.218750e+03 2.384976e-17 2.369276e+24 
4.375000e+03 2.382232e-17 2.373428e+24 
4.531250e+03 2.379687e-17 2.377682e+24 
4.687500e+03 2.377415e-17 2.381602e+24 
4.843750e+03 2.375382e-17 2.385556e+24 
5.000000e+03 2.373672e-17 2.389119e+24 
5.156250e+03 2.372237e-17 2.392653e+24 
5.312500e+03 2.371166e-17 2.395745e+24 
5.468750e+03 2.370400e-17 2.398752e+24 
5.625000e+03 2.370031e-17 2.401274e+24 
5.781250e+03 2.369990e-17 2.403662e+24 
5.937500e+03 2.370374e-17 2.405529e+24 
6.093750e+03 2.371106e-17 2.407220e+24 
6.250000e+03 2.372281e-17 2.408363e+24 
6.406250e+03 2.373822e-17 2.409293e+24 
6.562500e+03 2.375819e-17 2.409655e+24 
6.718750e+03 2.378199e-17 2.409774e+24 
6.875000e+03 2.381042e-17 2.409310e+24 
7.031250e+03 2.384282e-17 2.408580e+24 
7.187500e+03 2.387990e-17 2.407256e+24 
7.343750e+03 2.392109e-17 2.405647e+24 
7.500000e+03 2.396697e-17 2.403441e+24 
7.656250e+03 2.401711e-17 2.400933e+24 
7.812500e+03 2.407194e-17 2.397827e+24 
7.968750e+03 2.413119e-17 2.394406e+24 
8.125000e+03 2.419511e-17 2.390391e+24 
8.281250e+03 2.426363e-17 2.386049e+24 
8.437500e+03 2.433680e-17 2.381118e+24 
8.593750e+03 2.441477e-17 2.375850e+24 
8.750000e+03 2.449738e-17 2.370002e+24 
8.906250e+03 2.458503e-17 2.363806e+24 
9.062500e+03 2.467731e-17 2.357039e+24 
9.218750e+03 2.477491e-17 2.349913e+24 
9.375000e+03 2.487713e-17 2.342227e+24 
9.531250e+03 2.498503e-17 2.334170e+24 
9.687500e+03 2.509754e-17 2.325565e+24 
9.843750e+03 2.521614e-17 2.316573e+24 
1.000000e+04 2.533938e-17 2.307045e+24 
1.015625e+04 2.546917e-17 2.297113e+24 
1.031250e+04 2.560367e-17 2.286656e+24 
1.046875e+04 2.574527e-17 2.275776e+24 
1.062500e+04 2.589165e-17 2.264381e+24 
1.078125e+04 2.604577e-17 2.252538e+24 
1.093750e+04 2.620480e-17 2.240191e+24 
1.109375e+04 2.637230e-17 2.227368e+24 
1.125000e+04 2.654485e-17 2.214050e+24 
1.140625e+04 2.672674e-17 2.200223e+24 
1.156250e+04 2.691388e-17 2.185912e+24 
1.171875e+04 2.711133e-17 2.171053e+24 
1.187500e+04 2.731427e-17 2.155720e+24 
1.203125e+04 2.752863e-17 2.139798e+24 
1.218750e+04 2.774877e-17 2.123411e+24 
1.234375e+04 2.798158e-17 2.106392e+24 
1.250000e+04 2.822053e-17 2.088918e+24 
1.265625e+04 2.847355e-17 2.070766e+24 
1.281250e+04 2.873311e-17 2.052174e+24 
1.296875e+04 2.900832e-17 2.032856e+24 
1.312500e+04 2.929053e-17 2.013114e+24 
1.328125e+04 2.959013e-17 1.992602e+24 
1.343750e+04 2.989725e-17 1.971685e+24 
1.359375e+04 3.022370e-17 1.949959e+24 
1.375000e+04 3.055826e-17 1.927854e+24 
1.390625e+04 3.091426e-17 1.904903e+24 
1.406250e+04 3.127903e-17 1.881605e+24 
1.421875e+04 3.166755e-17 1.857436e+24 
1.437500e+04 3.206556e-17 1.832958e+24 
1.453125e+04 3.248988e-17 1.807591e+24 
1.468750e+04 3.292445e-17 1.781962e+24 
1.484375e+04 3.338811e-17 1.755439e+24 
1.500000e+04 3.386287e-17 1.728708e+24 
1.515625e+04 3.436975e-17 1.701087e+24 
1.531250e+04 3.488862e-17 1.673323e+24 
1.546875e+04 3.544293e-17 1.644686e+24 
1.562500e+04 3.601021e-17 1.615977e+24 
1.578125e+04 3.661654e-17 1.586424e+24 
1.593750e+04 3.723687e-17 1.556876e+24 
1.609375e+04 3.790023e-17 1.526524e+24 
1.625000e+04 3.857867e-17 1.496262e+24 
1.640625e+04 3.930450e-17 1.465245e+24 
1.656250e+04 4.004658e-17 1.434407e+24 
1.671875e+04 4.084081e-17 1.402871e+24 
1.687500e+04 4.165256e-17 1.371605e+24 
1.703125e+04 4.252167e-17 1.339707e+24 
1.718750e+04 4.340967e-17 1.308170e+24 
1.734375e+04 4.436077e-17 1.276072e+24 
1.750000e+04 4.533223e-17 1.244427e+24 
1.765625e+04 4.637309e-17 1.212293e+24 
1.781250e+04 4.743591e-17 1.180704e+24 
1.796875e+04 4.857505e-17 1.148700e+24 
1.812500e+04 4.973788e-17 1.117326e+24 
1.828125e+04 5.098465e-17 1.085613e+24 
1.843750e+04 5.225701e-17 1.054611e+24 
1.859375e+04 5.362167e-17 1.023345e+24 
1.875000e+04 5.501403e-17 9.928619e+23 
1.890625e+04 5.650786e-17 9.621888e+23 
1.906250e+04 5.803169e-17 9.323634e+23 
1.921875e+04 5.966710e-17 9.024180e+23 
1.937500e+04 6.133504e-17 8.733757e+23 
1.953125e+04 6.312567e-17 8.442792e+23 
1.968750e+04 6.495165e-17 8.161317e+23 
1.984375e+04 6.691252e-17 7.879907e+23 
2.000000e+04 6.891188e-17 7.608340e+23 
2.015625e+04 7.105955e-17 7.337389e+23 
2.031250e+04 7.324921e-17 7.076531e+23 
2.046875e+04 7.560196e-17 6.816777e+23 
2.062500e+04 7.800059e-17 6.567264e+23 
2.078125e+04 8.057860e-17 6.319278e+23 
2.093750e+04 8.320685e-17 6.081582e+23 
2.109375e+04 8.603242e-17 5.845772e+23 
2.125000e+04 8.891313e-17 5.620210e+23 
2.140625e+04 9.201091e-17 5.396827e+23 
2.156250e+04 9.516936e-17 5.183568e+23 
2.171875e+04 9.856665e-17 4.972722e+23 
2.187500e+04 1.020308e-16 4.771800e+23 
2.203125e+04 1.057578e-16 4.573468e+23 
2.218750e+04 1.095588e-16 4.384795e+23 
2.234375e+04 1.136490e-16 4.198837e+23 
2.250000e+04 1.178212e-16 4.022220e+23 
2.265625e+04 1.223118e-16 3.848395e+23 
2.281250e+04 1.268933e-16 3.683549e+23 
2.296875e+04 1.318256e-16 3.521530e+23 
2.312500e+04 1.368590e-16 3.368095e+23 
2.328125e+04 1.422788e-16 3.217486e+23 
2.343750e+04 1.478113e-16 3.075041e+23 
2.359375e+04 1.537697e-16 2.935392e+23 
2.375000e+04 1.598539e-16 2.803471e+23 
2.390625e+04 1.664074e-16 2.674290e+23 
2.406250e+04 1.731018e-16 2.552393e+23 
2.421875e+04 1.803136e-16 2.433163e+23 
2.437500e+04 1.876832e-16 2.320771e+23 
2.453125e+04 1.956231e-16 2.210959e+23 
2.468750e+04 2.037403e-16 2.107542e+23 
2.484375e+04 2.124859e-16 2.006610e+23 
2.500000e+04 2.214307e-16 1.911638e+23 
2.515625e+04 2.310677e-16 1.819049e+23 
2.531250e+04 2.409288e-16 1.731997e+23 
2.546875e+04 2.515518e-16 1.647223e+23 
2.562500e+04 2.624269e-16 1.567577e+23 
2.578125e+04 2.741400e-16 1.490102e+23 
2.593750e+04 2.861369e-16 1.417362e+23 
2.609375e+04 2.990543e-16 1.346687e+23 
2.625000e+04 3.122910e-16 1.280368e+23 
2.640625e+04 3.265380e-16 1.216010e+23 
2.656250e+04 3.411437e-16 1.155650e+23 
2.671875e+04 3.568572e-16 1.097145e+23 
2.687500e+04 3.729733e-16 1.042300e+23 
2.703125e+04 3.903027e-16 9.892055e+22 
2.718750e+04 4.080833e-16 9.394501e+22 
2.734375e+04 4.271916e-16 8.913440e+22 
2.750000e+04 4.468046e-16 8.462764e+22 
2.765625e+04 4.678699e-16 8.027569e+22 
2.781250e+04 4.894986e-16 7.619955e+22 
2.796875e+04 5.127159e-16 7.226822e+22 
2.812500e+04 5.365608e-16 6.858661e+22 
2.828125e+04 5.621447e-16 6.503991e+22 
2.843750e+04 5.884265e-16 6.171880e+22 
2.859375e+04 6.166153e-16 5.852276e+22 
2.875000e+04 6.455787e-16 5.553010e+22 
2.890625e+04 6.766395e-16 5.265277e+22 
2.906250e+04 7.085593e-16 4.995849e+22 
2.921875e+04 7.427958e-16 4.736984e+22 
2.937500e+04 7.779845e-16 4.494575e+22 
2.953125e+04 8.157462e-16 4.261770e+22 
2.968750e+04 8.545643e-16 4.043751e+22 
2.984375e+04 8.962587e-16 3.834388e+22 
3.000000e+04 9.391273e-16 3.638311e+22 
3.015625e+04 9.852344e-16 3.449965e+22 
3.031250e+04 1.032650e-15 3.273570e+22 
3.046875e+04 1.083738e-15 3.104010e+22 
3.062500e+04 1.136289e-15 2.945223e+22 
3.078125e+04 1.193026e-15 2.792420e+22 
3.093750e+04 1.251406e-15 2.649359e+22 
3.109375e+04 1.314578e-15 2.511492e+22 
3.125000e+04 1.379597e-15 2.382472e+22 
3.140625e+04 1.450102e-15 2.257934e+22 
3.156250e+04 1.522685e-15 2.141471e+22 
3.171875e+04 1.601529e-15 2.028872e+22 
3.187500e+04 1.682704e-15 1.923683e+22 
3.203125e+04 1.770968e-15 1.821844e+22 
3.218750e+04 1.861828e-15 1.726841e+22 
3.234375e+04 1.960609e-15 1.634784e+22 
3.250000e+04 2.062250e-15 1.549053e+22 
3.265625e+04 2.172570e-15 1.465975e+22 
3.281250e+04 2.285989e-15 1.388755e+22 
3.296875e+04 2.408671e-15 1.313996e+22 
3.312500e+04 2.534633e-15 1.244648e+22 
3.328125e+04 2.670127e-15 1.177653e+22 
3.343750e+04 2.808990e-15 1.115626e+22 
3.359375e+04 2.957163e-15 1.055909e+22 
3.375000e+04 3.108663e-15 1.000713e+22 
3.390625e+04 3.268554e-15 9.478307e+21 
3.406250e+04 3.431554e-15 8.990101e+21 
3.421875e+04 3.601091e-15 8.525451e+21 
3.437500e+04 3.773300e-15 8.096724e+21 
3.453125e+04 3.948995e-15 7.692252e+21 
3.468750e+04 4.126670e-15 7.318981e+21 
3.484375e+04 4.303309e-15 6.970956e+21 
3.500000e+04 4.480950e-15 6.649469e+21 
3.515625e+04 4.651304e-15 6.354577e+21 
3.531250e+04 4.821385e-15 6.081730e+21 
3.546875e+04 4.976003e-15 5.837325e+21 
3.562500e+04 5.128790e-15 5.610765e+21 
3.578125e+04 5.255958e-15 5.415214e+21 
3.593750e+04 5.379510e-15 5.233754e+21 
3.609375e+04 5.465528e-15 5.086920e+21 
3.625000e+04 5.546027e-15 4.951101e+21 
3.640625e+04 5.576012e-15 4.855061e+21 
3.656250e+04 5.598637e-15 4.768046e+21 
3.671875e+04 5.558115e-15 4.728262e+21 
3.687500e+04 5.508713e-15 4.697373e+21 
3.703125e+04 5.386300e-15 4.724661e+21 
3.718750e+04 5.254143e-15 4.764103e+21 
3.734375e+04 5.045512e-15 4.878047e+21 
3.750000e+04 4.827332e-15 5.013838e+21 
3.765625e+04 4.540317e-15 5.248509e+21 
3.781250e+04 4.245526e-15 5.526861e+21 
3.796875e+04 3.905408e-15 5.938763e+21 
3.812500e+04 3.561653e-15 6.436760e+21 
3.828125e+04 3.214015e-15 7.106885e+21 
3.843750e+04 2.870403e-15 7.926271e+21 
3.859375e+04 2.575822e-15 8.915740e+21 
3.875000e+04 2.296351e-15 1.008370e+22 
3.890625e+04 2.107550e-15 1.127551e+22 
3.906250e+04 1.941098e-15 1.253383e+22 
3.921875e+04 1.864132e-15 1.358745e+22 
3.937500e+04 1.802504e-15 1.458411e+22 
3.953125e+04 1.794776e-15 1.531959e+22 
3.968750e+04 1.787993e-15 1.604178e+22 
3.984375e+04 1.791335e-15 1.637201e+22 
4.000000e+04 1.798292e-15 1.667476e+22 
4.015625e+04 1.791335e-15 1.637201e+22 
4.031250e+04 1.787993e-15 1.604178e+22 
4.046875e+04 1.794776e-15 1.531959e+22 
4.062500e+04 1.802504e-15 1.458411e+22 
4.078125e+04 1.864132e-15 1.358745e+22 
4.093750e+04 1.941098e-15 1.253383e+22 
4.109375e+04 2.107550e-15 1.127551e+22 
4.125000e+04 2.296351e-15 1.008370e+22 
4.140625e+04 2.575822e-15 8.915740e+21 
4.156250e+04 2.870403e-15 7.926271e+21 
4.171875e+04 3.214015e-15 7.106885e+21 
4.187500e+04 3.561653e-15 6.436760e+21 
4.203125e+04 3.905408e-15 5.938763e+21 
4.218750e+04 4.245526e-15 5.526861e+21 
4.234375e+04 4.540317e-15 5.248509e+21 
4.250000e+04 4.827332e-15 5.013838e+21 
4.265625e+04 5.045512e-15 4.878047e+21 
4.281250e+04 5.254143e-15 4.764103e+21 
4.296875e+04 5.386300e-15 4.724661e+21 
4.312500e+04 5.508713e-15 4.697373e+21 
4.328125e+04 5.558115e-15 4.728262e+21 
4.343750e+04 5.598637e-15 4.768046e+21 
4.359375e+04 5.576012e-15 4.855061e+21 
4.375000e+04 5.546027e-15 4.951101e+21 
4.390625e+04 5.465528e-15 5.086920e+21 
4.406250e+04 5.379510e-15 5.233754e+21 
4.421875e+04 5.255958e-15 5.415214e+21 
4.437500e+04 5.128790e-15 5.610765e+21 
4.453125e+04 4.976003e-15 5.837325e+21 
4.468750e+04 4.821385e-15 6.081730e+21 
4.484375e+04 4.651304e-15 6.354577e+21 
4.500000e+04 4.480950e-15 6.649469e+21 
4.515625e+04 4.303309e-15 6.970956e+21 
4.531250e+04 4.126670e-15 7.318981e+21 
4.546875e+04 3.948995e-15 7.692252e+21 
4.562500e+04 3.773300e-15 8.096724e+21 
4.578125e+04 3.601091e-15 8.525451e+21 
4.593750e+04 3.431554e-15 8.990101e+21 
4.609375e+04 3.268554e-15 9.478307e+21 
4.625000e+04 3.108663e-15 1.000713e+22 
4.640625e+04 2.957163e-15 1.055909e+22 
4.656250e+04 2.808990e-15 1.115626e+22 
4.671875e+04 2.670127e-15 1.177653e+22 
4.687500e+04 2.534633e-15 1.244648e+22 
4.703125e+04 2.408671e-15 1.313996e+22 
4.718750e+04 2.285989e-15 1.388755e+22 
4.734375e+04 2.172570e-15 1.465975e+22 
4.750000e+04 2.062250e-15 1.549053e+22 
4.765625e+04 1.960609e-15 1.634784e+22 
4.781250e+04 1.861828e-15 1.726841e+22 
4.796875e+04 1.770968e-15 1.821844e+22 
4.812500e+04 1.682704e-15 1.923683e+22 
4.828125e+04 1.601529e-15 2.028872e+22 
4.843750e+04 1.522685e-15 2.141471e+22 
4.859375e+04 1.450102e-15 2.257934e+22 
4.875000e+04 1.379597e-15 2.382472e+22 
4.890625e+04 1.314578e-15 2.511492e+22 
4.906250e+04 1.251406e-15 2.649359e+22 
4.921875e+04 1.193026e-15 2.792420e+22 
4.937500e+04 1.136289e-15 2.945223e+22 
4.953125e+04 1.083738e-15 3.104010e+22 
4.968750e+04 1.032650e-15 3.273570e+22 
4.984375e+04 9.852344e-16 3.449965e+22 
5.000000e+04 9.391273e-16 3.638311e+22 
5.015625e+04 8.962587e-16 3.834388e+22 
5.031250e+04 8.545643e-16 4.043751e+22 
5.046875e+04 8.157462e-16 4.261770e+22 
5.062500e+04 7.779845e-16 4.494575e+22 
5.078125e+04 7.427958e-16 4.736984e+22 
5.093750e+04 7.085593e-16 4.995849e+22 
5.109375e+04 6.766395e-16 5.265277e+22 
5.125000e+04 6.455787e-16 5.553010e+22 
5.140625e+04 6.166153e-16 5.852276e+22 
5.156250e+04 5.884265e-16 6.171880e+22 
5.171875e+04 5.621447e-16 6.503991e+22 
5.187500e+04 5.365608e-16 6.858661e+22 
5.203125e+04 5.127159e-16 7.226822e+22 
5.218750e+04 4.894986e-16 7.619955e+22 
5.234375e+04 4.678699e-16 8.027569e+22 
5.250000e+04 4.468046e-16 8.462764e+22 
5.265625e+04 4.271916e-16 8.913440e+22 
5.281250e+04 4.080833e-16 9.394501e+22 
5.296875e+04 3.903027e-16 9.892055e+22 
5.312500e+04 3.729733e-16 1.042300e+23 
5.328125e+04 3.568572e-16 1.097145e+23 
5.343750e+04 3.411437e-16 1.155650e+23 
5.359375e+04 3.265380e-16 1.216010e+23 
5.375000e+04 3.122910e-16 1.280368e+23 
5.390625e+04 2.990543e-16 1.346687e+23 
5.406250e+04 2.861369e-16 1.417362e+23 
5.421875e+04 2.741400e-16 1.490102e+23 
5.437500e+04 2.624269e-16 1.567577e+23 
5.453125e+04 2.515518e-16 1.647223e+23 
5.468750e+04 2.409288e-16 1.731997e+23 
5.484375e+04 2.310677e-16 1.819049e+23 
5.500000e+04 2.214307e-16 1.911638e+23 
5.515625e+04 2.124859e-16 2.006610e+23 
5.531250e+04 2.037403e-16 2.107542e+23 
5.546875e+04 1.956231e-16 2.210959e+23 
5.562500e+04 1.876832e-16 2.320771e+23 
5.578125e+04 1.803136e-16 2.433163e+23 
5.593750e+04 1.731018e-16 2.552393e+23 
5.609375e+04 1.664074e-16 2.674290e+23 
5.625000e+04 1.598539e-16 2.803471e+23 
5.640625e+04 1.537697e-16 2.935392e+23 
5.656250e+04 1.478113e-16 3.075041e+23 
5.671875e+04 1.422788e-16 3.217486e+23 
5.687500e+04 1.368590e-16 3.368095e+23 
5.703125e+04 1.318256e-16 3.521530e+23 
5.718750e+04 1.268933e-16 3.683549e+23 
5.734375e+04 1.223118e-16 3.848395e+23 
5.750000e+04 1.178212e-16 4.022220e+23 
5.765625e+04 1.136490e-16 4.198837e+23 
5.781250e+04 1.095588e-16 4.384795e+23 
5.796875e+04 1.057578e-16 4.573468e+23 
5.812500e+04 1.020308e-16 4.771800e+23 
5.828125e+04 9.856665e-17 4.972722e+23 
5.843750e+04 9.516936e-17 5.183568e+23 
5.859375e+04 9.201091e-17 5.396827e+23 
5.875000e+04 8.891313e-17 5.620210e+23 
5.890625e+04 8.603242e-17 5.845772e+23 
5.906250e+04 8.320685e-17 6.081582e+23 
5.921875e+04 8.057860e-17 6.319278e+23 
5.937500e+04 7.800059e-17 6.567264e+23 
5.953125e+04 7.560196e-17 6.816777e+23 
5.968750e+04 7.324921e-17 7.076531e+23 
5.984375e+04 7.105955e-17 7.337389e+23 
6.000000e+04 6.891188e-17 7.608340e+23 
6.015625e+04 6.691252e-17 7.879907e+23 
6.031250e+04 6.495165e-17 8.161317e+23 
6.046875e+04 6.312567e-17 8.442792e+23 
6.062500e+04 6.133504e-17 8.733757e+23 
6.078125e+04 5.966710e-17 9.024180e+23 
6.093750e+04 5.803169e-17 9.323634e+23 
6.109375e+04 5.650786e-17 9.621888e+23 
6.125000e+04 5.501403e-17 9.928619e+23 
6.140625e+04 5.362167e-17 1.023345e+24 
6.156250e+04 5.225701e-17 1.054611e+24 
6.171875e+04 5.098465e-17 1.085613e+24 
6.187500e+04 4.973788e-17 1.117326e+24 
6.203125e+04 4.857505e-17 1.148700e+24 
6.218750e+04 4.743591e-17 1.180704e+24 
6.234375e+04 4.637309e-17 1.212293e+24 
6.250000e+04 4.533223e-17 1.244427e+24 
6.265625e+04 4.436077e-17 1.276072e+24 
6.281250e+04 4.340967e-17 1.308170e+24 
6.296875e+04 4.252167e-17 1.339707e+24 
6.312500e+04 4.165256e-17 1.371605e+24 
6.328125e+04 4.084081e-17 1.402871e+24 
6.343750e+04 4.004658e-17 1.434407e+24 
6.359375e+04 3.930450e-17 1.465245e+24 
6.375000e+04 3.857867e-17 1.496262e+24 
6.390625e+04 3.790023e-17 1.526524e+24 
6.406250e+04 3.723687e-17 1.556876e+24 
6.421875e+04 3.661654e-17 1.586424e+24 
6.437500e+04 3.601021e-17 1.615977e+24 
6.453125e+04 3.544293e-17 1.644686e+24 
6.468750e+04 3.488862e-17 1.673323e+24 
6.484375e+04 3.436975e-17 1.701087e+24 
6.500000e+04 3.386287e-17 1.728708e+24 
6.515625e+04 3.338811e-17 1.755439e+24 
6.531250e+04 3.292445e-17 1.781962e+24 
6.546875e+04 3.248988e-17 1.807591e+24 
6.562500e+04 3.206556e-17 1.832958e+24 
6.578125e+04 3.166755e-17 1.857436e+24 
6.593750e+04 3.127903e-17 1.881605e+24 
6.609375e+04 3.091426e-17 1.904903e+24 
6.625000e+04 3.055826e-17 1.927854e+24 
6.640625e+04 3.022370e-17 1.949959e+24 
6.656250e+04 2.989725e-17 1.971685e+24 
6.671875e+04 2.959013e-17 1.992602e+24 
6.687500e+04 2.929053e-17 2.013114e+24 
6.703125e+04 2.900832e-17 2.032856e+24 
6.718750e+04 2.873311e-17 2.052174e+24 
6.734375e+04 2.847355e-17 2.070766e+24 
6.750000e+04 2.822053e-17 2.088918e+24 
6.765625e+04 2.798158e-17 2.106392e+24 
6.781250e+04 2.774877e-17 2.123411e+24 
6.796875e+04 2.752863e-17 2.139798e+24 
6.812500e+04 2.731427e-17 2.155720e+24 
6.828125e+04 2.711133e-17 2.171053e+24 
6.843750e+04 2.691388e-17 2.185912e+24 
6.859375e+04 2.672674e-17 2.200223e+24 
6.875000e+04 2.654485e-17 2.214050e+24 
6.890625e+04 2.637230e-17 2.227368e+24 
6.906250e+04 2.620480e-17 2.240191e+24 
6.921875e+04 2.604577e-17 2.252538e+24 
6.937500e+04 2.589165e-17 2.264381e+24 
6.953125e+04 2.574527e-17 2.275776e+24 
6.968750e+04 2.560367e-17 2.286656e+24 
6.984375e+04 2.546917e-17 2.297113e+24 
7.000000e+04 2.533938e-17 2.307045e+24 
7.015625e+04 2.521614e-17 2.316573e+24 
7.031250e+04 2.509754e-17 2.325565e+24 
7.046875e+04 2.498503e-17 2.334170e+24 
7.062500e+04 2.487713e-17 2.342227e+24 
7.078125e+04 2.477491e-17 2.349913e+24 
7.093750e+04 2.467731e-17 2.357039e+24 
7.109375e+04 2.458503e-17 2.363806e+24 
7.125000e+04 2.449738e-17 2.370002e+24 
7.140625e+04 2.441477e-17 2.375850e+24 
7.156250e+04 2.433680e-17 2.381118e+24 
7.171875e+04 2.426363e-17 2.386049e+24 
7.187500e+04 2.419511e-17 2.390391e+24 
7.203125e+04 2.413119e-17 2.394406e+24 
7.218750e+04 2.407194e-17 2.397827e+24 
7.234375e+04 2.401711e-17 2.400933e+24 
7.250000e+04 2.396697e-17 2.403441e+24 
7.265625e+04 2.392109e-17 2.405647e+24 
7.281250e+04 2.387990e-17 2.407256e+24 
7.296875e+04 2.384282e-17 2.408580e+24 
7.312500e+04 2.381042e-17 2.409310e+24 
7.328125e+04 2.378199e-17 2.409774e+24 
7.343750e+04 2.375819e-17 2.409655e+24 
7.359375e+04 2.373822e-17 2.409293e+24 
7.375000e+04 2.372281e-17 2.408363e+24 
7.390625e+04 2.371106e-17 2.407220e+24 
7.406250e+04 2.370374e-17 2.405529e+24 
7.421875e+04 2.369990e-17 2.403662e+24 
7.437500e+04 2.370031e-17 2.401274e+24 
7.453125e+04 2.370400e-17 2.398752e+24 
7.468750e+04 2.371166e-17 2.395745e+24 
7.484375e+04 2.372237e-17 2.392653e+24 
7.500000e+04 2.373672e-17 2.389119e+24 
7.515625e+04 2.375382e-17 2.385556e+24 
7.531250e+04 2.377415e-17 2.381602e+24 
7.546875e+04 2.379687e-17 2.377682e+24 
7.562500e+04 2.382232e-17 2.373428e+24 
7.578125e+04 2.384976e-17 2.369276e+24 
7.593750e+04 2.387933e-17 2.364855e+24 
7.609375e+04 2.391044e-17 2.360606e+24 
7.625000e+04 2.394301e-17 2.356158e+24 
7.640625e+04 2.397660e-17 2.351953e+24 
7.656250e+04 2.401095e-17 2.347620e+24 
7.671875e+04 2.404577e-17 2.343597e+24 
7.687500e+04 2.408060e-17 2.339519e+24 
7.703125e+04 2.411533e-17 2.335806e+24 
7.718750e+04 2.414937e-17 2.332106e+24 
7.734375e+04 2.418277e-17 2.328812e+24 
7.750000e+04 2.421481e-17 2.325593e+24 
7.765625e+04 2.424572e-17 2.322798e+24 
7.781250e+04 2.427475e-17 2.320128e+24 
7.796875e+04 2.430224e-17 2.317874e+24 
7.812500e+04 2.432748e-17 2.315780e+24 
7.828125e+04 2.435090e-17 2.314066e+24 
7.843750e+04 2.437188e-17 2.312530e+24 
7.859375e+04 2.439088e-17 2.311312e+24 
7.875000e+04 2.440743e-17 2.310274e+24 
7.890625e+04 2.442197e-17 2.309472e+24 
7.906250e+04 2.443419e-17 2.308840e+24 
7.921875e+04 2.444447e-17 2.308354e+24 
7.937500e+04 2.445264e-17 2.308022e+24 
7.953125e+04 2.445895e-17 2.307756e+24 
7.968750e+04 2.446336e-17 2.307626e+24 
7.984375e+04 2.446601e-17 2.307505e+24 
8.000000e+04 2.446687e-17 2.307511e+24 
