0.000000e+00 1.723119e-17 2.902686e+23 
1.562500e+02 1.724857e-17 2.899763e+23 
3.125000e+02 1.728193e-17 2.894166e+23 
4.687500e+02 1.735009e-17 2.882800e+23 
6.250000e+02 1.743417e-17 2.868902e+23 
7.812500e+02 1.755319e-17 2.849457e+23 
9.375000e+02 1.768802e-17 2.827744e+23 
1.093750e+03 1.785810e-17 2.800823e+23 
1.250000e+03 1.804386e-17 2.771999e+23 
1.406250e+03 1.826541e-17 2.738387e+23 
1.562500e+03 1.850252e-17 2.703307e+23 
1.718750e+03 1.877617e-17 2.663923e+23 
1.875000e+03 1.906525e-17 2.623547e+23 
2.031250e+03 1.939170e-17 2.579397e+23 
2.187500e+03 1.973343e-17 2.534746e+23 
2.343750e+03 2.011329e-17 2.486894e+23 
2.500000e+03 2.050823e-17 2.439021e+23 
2.656250e+03 2.094181e-17 2.388544e+23 
2.812500e+03 2.139022e-17 2.338494e+23 
2.968750e+03 2.187740e-17 2.286441e+23 
3.125000e+03 2.237909e-17 2.235207e+23 
3.281250e+03 2.291928e-17 2.182548e+23 
3.437500e+03 2.347361e-17 2.131030e+23 
3.593750e+03 2.406581e-17 2.078616e+23 
3.750000e+03 2.467179e-17 2.027585e+23 
3.906250e+03 2.531471e-17 1.976117e+23 
4.062500e+03 2.597109e-17 1.926198e+23 
4.218750e+03 2.666332e-17 1.876217e+23 
4.375000e+03 2.736877e-17 1.827881e+23 
4.531250e+03 2.810894e-17 1.779776e+23 
4.687500e+03 2.886219e-17 1.733353e+23 
4.843750e+03 2.964911e-17 1.687374e+23 
5.000000e+03 3.044907e-17 1.643070e+23 
5.156250e+03 3.128180e-17 1.599357e+23 
5.312500e+03 3.212765e-17 1.557276e+23 
5.468750e+03 3.300560e-17 1.515880e+23 
5.625000e+03 3.389683e-17 1.476049e+23 
5.781250e+03 3.481973e-17 1.436953e+23 
5.937500e+03 3.575621e-17 1.399345e+23 
6.093750e+03 3.672417e-17 1.362488e+23 
6.250000e+03 3.770607e-17 1.327033e+23 
6.406250e+03 3.871954e-17 1.292325e+23 
6.562500e+03 3.974741e-17 1.258931e+23 
6.718750e+03 4.080716e-17 1.226263e+23 
6.875000e+03 4.188186e-17 1.194822e+23 
7.031250e+03 4.298897e-17 1.164077e+23 
7.187500e+03 4.411165e-17 1.134476e+23 
7.343750e+03 4.526750e-17 1.105534e+23 
7.500000e+03 4.643961e-17 1.077656e+23 
7.656250e+03 4.764584e-17 1.050399e+23 
7.812500e+03 4.886907e-17 1.024132e+23 
7.968750e+03 5.012757e-17 9.984450e+22 
8.125000e+03 5.140390e-17 9.736791e+22 
8.281250e+03 5.271681e-17 9.494546e+22 
8.437500e+03 5.404843e-17 9.260870e+22 
8.593750e+03 5.541812e-17 9.032229e+22 
8.750000e+03 5.680747e-17 8.811571e+22 
8.906250e+03 5.823655e-17 8.595588e+22 
9.062500e+03 5.968631e-17 8.387047e+22 
9.218750e+03 6.117761e-17 8.182844e+22 
9.375000e+03 6.269067e-17 7.985588e+22 
9.531250e+03 6.424727e-17 7.792354e+22 
9.687500e+03 6.582680e-17 7.605615e+22 
9.843750e+03 6.745200e-17 7.422604e+22 
1.000000e+04 6.910139e-17 7.245673e+22 
1.015625e+04 7.079877e-17 7.072199e+22 
1.031250e+04 7.252165e-17 6.904424e+22 
1.046875e+04 7.429503e-17 6.739858e+22 
1.062500e+04 7.609533e-17 6.580640e+22 
1.078125e+04 7.794882e-17 6.424401e+22 
1.093750e+04 7.983073e-17 6.273190e+22 
1.109375e+04 8.176870e-17 6.124748e+22 
1.125000e+04 8.373672e-17 5.981036e+22 
1.140625e+04 8.576389e-17 5.839901e+22 
1.156250e+04 8.782282e-17 5.703224e+22 
1.171875e+04 8.994419e-17 5.568947e+22 
1.187500e+04 9.209918e-17 5.438876e+22 
1.203125e+04 9.432014e-17 5.311042e+22 
1.218750e+04 9.657668e-17 5.187182e+22 
1.234375e+04 9.890296e-17 5.065410e+22 
1.250000e+04 1.012669e-16 4.947396e+22 
1.265625e+04 1.037047e-16 4.831335e+22 
1.281250e+04 1.061824e-16 4.718832e+22 
1.296875e+04 1.087382e-16 4.608156e+22 
1.312500e+04 1.113363e-16 4.500853e+22 
1.328125e+04 1.140171e-16 4.395262e+22 
1.343750e+04 1.167429e-16 4.292872e+22 
1.359375e+04 1.195563e-16 4.192088e+22 
1.375000e+04 1.224174e-16 4.094345e+22 
1.390625e+04 1.253714e-16 3.998110e+22 
1.406250e+04 1.283761e-16 3.904767e+22 
1.421875e+04 1.314793e-16 3.812843e+22 
1.437500e+04 1.346363e-16 3.723671e+22 
1.453125e+04 1.378979e-16 3.635836e+22 
1.468750e+04 1.412167e-16 3.550621e+22 
1.484375e+04 1.446465e-16 3.466669e+22 
1.500000e+04 1.481372e-16 3.385215e+22 
1.515625e+04 1.517457e-16 3.304954e+22 
1.531250e+04 1.554191e-16 3.227076e+22 
1.546875e+04 1.592175e-16 3.150327e+22 
1.562500e+04 1.630851e-16 3.075853e+22 
1.578125e+04 1.670855e-16 3.002450e+22 
1.593750e+04 1.711596e-16 2.931220e+22 
1.609375e+04 1.753748e-16 2.861008e+22 
1.625000e+04 1.796687e-16 2.792872e+22 
1.640625e+04 1.841124e-16 2.725706e+22 
1.656250e+04 1.886400e-16 2.660524e+22 
1.671875e+04 1.933268e-16 2.596268e+22 
1.687500e+04 1.981033e-16 2.533911e+22 
1.703125e+04 2.030487e-16 2.472438e+22 
1.718750e+04 2.080900e-16 2.412782e+22 
1.734375e+04 2.133107e-16 2.353975e+22 
1.750000e+04 2.186338e-16 2.296906e+22 
1.765625e+04 2.241475e-16 2.240652e+22 
1.781250e+04 2.297704e-16 2.186063e+22 
1.796875e+04 2.355957e-16 2.132259e+22 
1.812500e+04 2.415377e-16 2.080049e+22 
1.828125e+04 2.476944e-16 2.028596e+22 
1.843750e+04 2.539759e-16 1.978671e+22 
1.859375e+04 2.604850e-16 1.929477e+22 
1.875000e+04 2.671275e-16 1.881747e+22 
1.890625e+04 2.740109e-16 1.834726e+22 
1.906250e+04 2.810371e-16 1.789107e+22 
1.921875e+04 2.883182e-16 1.744177e+22 
1.937500e+04 2.957519e-16 1.700589e+22 
1.953125e+04 3.034552e-16 1.657673e+22 
1.968750e+04 3.113214e-16 1.616041e+22 
1.984375e+04 3.194722e-16 1.575066e+22 
2.000000e+04 3.277971e-16 1.535318e+22 
2.015625e+04 3.364221e-16 1.496213e+22 
2.031250e+04 3.452331e-16 1.458282e+22 
2.046875e+04 3.543599e-16 1.420981e+22 
2.062500e+04 3.636852e-16 1.384802e+22 
2.078125e+04 3.733424e-16 1.349240e+22 
2.093750e+04 3.832113e-16 1.314750e+22 
2.109375e+04 3.934283e-16 1.280867e+22 
2.125000e+04 4.038712e-16 1.248006e+22 
2.140625e+04 4.146782e-16 1.215742e+22 
2.156250e+04 4.257259e-16 1.184453e+22 
2.171875e+04 4.371538e-16 1.153751e+22 
2.187500e+04 4.488382e-16 1.123976e+22 
2.203125e+04 4.609184e-16 1.094780e+22 
2.218750e+04 4.732716e-16 1.066465e+22 
2.234375e+04 4.860360e-16 1.038720e+22 
2.250000e+04 4.990908e-16 1.011811e+22 
2.265625e+04 5.125718e-16 9.854633e+21 
2.281250e+04 5.263614e-16 9.599080e+21 
2.296875e+04 5.405916e-16 9.349032e+21 
2.312500e+04 5.551497e-16 9.106488e+21 
2.328125e+04 5.701624e-16 8.869343e+21 
2.343750e+04 5.855231e-16 8.639286e+21 
2.359375e+04 6.013522e-16 8.414511e+21 
2.375000e+04 6.175506e-16 8.196420e+21 
2.390625e+04 6.342313e-16 7.983480e+21 
2.406250e+04 6.513036e-16 7.776833e+21 
2.421875e+04 6.688728e-16 7.575187e+21 
2.437500e+04 6.868574e-16 7.379457e+21 
2.453125e+04 7.053551e-16 7.188557e+21 
2.468750e+04 7.242934e-16 7.003210e+21 
2.484375e+04 7.437637e-16 6.822497e+21 
2.500000e+04 7.637019e-16 6.646991e+21 
2.515625e+04 7.841956e-16 6.475896e+21 
2.531250e+04 8.051865e-16 6.309679e+21 
2.546875e+04 8.267632e-16 6.147619e+21 
2.562500e+04 8.488692e-16 5.990129e+21 
2.578125e+04 8.716010e-16 5.836511e+21 
2.593750e+04 8.948974e-16 5.687176e+21 
2.609375e+04 9.188725e-16 5.541396e+21 
2.625000e+04 9.434517e-16 5.399634e+21 
2.640625e+04 9.687794e-16 5.261081e+21 
2.656250e+04 9.947555e-16 5.126309e+21 
2.671875e+04 1.021571e-15 4.994373e+21 
2.687500e+04 1.049085e-15 4.866008e+21 
2.703125e+04 1.077556e-15 4.740085e+21 
2.718750e+04 1.106782e-15 4.617556e+21 
2.734375e+04 1.137110e-15 4.497067e+21 
2.750000e+04 1.168259e-15 4.379829e+21 
2.765625e+04 1.200690e-15 4.264230e+21 
2.781250e+04 1.234014e-15 4.151776e+21 
2.796875e+04 1.268835e-15 4.040583e+21 
2.812500e+04 1.304630e-15 3.932465e+21 
2.828125e+04 1.342171e-15 3.825270e+21 
2.843750e+04 1.380774e-15 3.721119e+21 
2.859375e+04 1.421404e-15 3.617614e+21 
2.875000e+04 1.463189e-15 3.517158e+21 
2.890625e+04 1.507304e-15 3.417146e+21 
2.906250e+04 1.552671e-15 3.320224e+21 
2.921875e+04 1.600683e-15 3.223635e+21 
2.937500e+04 1.650040e-15 3.130199e+21 
2.953125e+04 1.702350e-15 3.037086e+21 
2.968750e+04 1.756091e-15 2.947203e+21 
2.984375e+04 1.813069e-15 2.857727e+21 
3.000000e+04 1.871546e-15 2.771560e+21 
3.015625e+04 1.933492e-15 2.685968e+21 
3.031250e+04 1.996984e-15 2.603750e+21 
3.046875e+04 2.064097e-15 2.522341e+21 
3.062500e+04 2.132772e-15 2.444343e+21 
3.078125e+04 2.205116e-15 2.367431e+21 
3.093750e+04 2.278996e-15 2.293926e+21 
3.109375e+04 2.356463e-15 2.221802e+21 
3.125000e+04 2.435393e-15 2.153035e+21 
3.140625e+04 2.517672e-15 2.085941e+21 
3.156250e+04 2.601288e-15 2.022105e+21 
3.171875e+04 2.687837e-15 1.960212e+21 
3.187500e+04 2.775540e-15 1.901433e+21 
3.203125e+04 2.865568e-15 1.844836e+21 
3.218750e+04 2.956503e-15 1.791169e+21 
3.234375e+04 3.048951e-15 1.739891e+21 
3.250000e+04 3.141996e-15 1.691328e+21 
3.265625e+04 3.235526e-15 1.645327e+21 
3.281250e+04 3.329283e-15 1.601809e+21 
3.296875e+04 3.422276e-15 1.561000e+21 
3.312500e+04 3.515066e-15 1.522433e+21 
3.328125e+04 3.605621e-15 1.486709e+21 
3.343750e+04 3.695489e-15 1.452986e+21 
3.359375e+04 3.781429e-15 1.422237e+21 
3.375000e+04 3.866150e-15 1.393262e+21 
3.390625e+04 3.945026e-15 1.367405e+21 
3.406250e+04 4.022120e-15 1.343112e+21 
3.421875e+04 4.091229e-15 1.322113e+21 
3.437500e+04 4.157973e-15 1.302496e+21 
3.453125e+04 4.214379e-15 1.286402e+21 
3.468750e+04 4.267830e-15 1.271543e+21 
3.484375e+04 4.308400e-15 1.260511e+21 
3.500000e+04 4.345438e-15 1.250620e+21 
3.515625e+04 4.366897e-15 1.244965e+21 
3.531250e+04 4.384285e-15 1.240425e+21 
3.546875e+04 4.383325e-15 1.240674e+21 
3.562500e+04 4.377816e-15 1.242110e+21 
3.578125e+04 4.351265e-15 1.249079e+21 
3.593750e+04 4.319782e-15 1.257453e+21 
3.609375e+04 4.264881e-15 1.272353e+21 
3.625000e+04 4.204801e-15 1.289104e+21 
3.640625e+04 4.119617e-15 1.313692e+21 
3.656250e+04 4.029203e-15 1.340927e+21 
3.671875e+04 3.913233e-15 1.377702e+21 
3.687500e+04 3.792268e-15 1.418458e+21 
3.703125e+04 3.647273e-15 1.470873e+21 
3.718750e+04 3.497945e-15 1.529396e+21 
3.734375e+04 3.329060e-15 1.601909e+21 
3.750000e+04 3.157193e-15 1.683669e+21 
3.765625e+04 2.974346e-15 1.781024e+21 
3.781250e+04 2.790987e-15 1.891462e+21 
3.796875e+04 2.610361e-15 2.015424e+21 
3.812500e+04 2.433361e-15 2.154750e+21 
3.828125e+04 2.277592e-15 2.295279e+21 
3.843750e+04 2.131094e-15 2.446190e+21 
3.859375e+04 2.024011e-15 2.570319e+21 
3.875000e+04 1.930684e-15 2.689732e+21 
3.890625e+04 1.881818e-15 2.756979e+21 
3.906250e+04 1.845716e-15 2.808950e+21 
3.921875e+04 1.837541e-15 2.820999e+21 
3.937500e+04 1.835255e-15 2.824390e+21 
3.953125e+04 1.842346e-15 2.813904e+21 
3.968750e+04 1.847061e-15 2.806976e+21 
3.984375e+04 1.849292e-15 2.803710e+21 
4.000000e+04 1.853929e-15 2.796948e+21 
4.015625e+04 1.849292e-15 2.803710e+21 
4.031250e+04 1.847061e-15 2.806976e+21 
4.046875e+04 1.842346e-15 2.813904e+21 
4.062500e+04 1.835255e-15 2.824390e+21 
4.078125e+04 1.837541e-15 2.820999e+21 
4.093750e+04 1.845716e-15 2.808950e+21 
4.109375e+04 1.881818e-15 2.756979e+21 
4.125000e+04 1.930684e-15 2.689732e+21 
4.140625e+04 2.024011e-15 2.570319e+21 
4.156250e+04 2.131094e-15 2.446190e+21 
4.171875e+04 2.277592e-15 2.295279e+21 
4.187500e+04 2.433361e-15 2.154750e+21 
4.203125e+04 2.610361e-15 2.015424e+21 
4.218750e+04 2.790987e-15 1.891462e+21 
4.234375e+04 2.974346e-15 1.781024e+21 
4.250000e+04 3.157193e-15 1.683669e+21 
4.265625e+04 3.329060e-15 1.601909e+21 
4.281250e+04 3.497945e-15 1.529396e+21 
4.296875e+04 3.647273e-15 1.470873e+21 
4.312500e+04 3.792268e-15 1.418458e+21 
4.328125e+04 3.913233e-15 1.377702e+21 
4.343750e+04 4.029203e-15 1.340927e+21 
4.359375e+04 4.119617e-15 1.313692e+21 
4.375000e+04 4.204801e-15 1.289104e+21 
4.390625e+04 4.264881e-15 1.272353e+21 
4.406250e+04 4.319782e-15 1.257453e+21 
4.421875e+04 4.351265e-15 1.249079e+21 
4.437500e+04 4.377816e-15 1.242110e+21 
4.453125e+04 4.383325e-15 1.240674e+21 
4.468750e+04 4.384285e-15 1.240425e+21 
4.484375e+04 4.366897e-15 1.244965e+21 
4.500000e+04 4.345438e-15 1.250620e+21 
4.515625e+04 4.308400e-15 1.260511e+21 
4.531250e+04 4.267830e-15 1.271543e+21 
4.546875e+04 4.214379e-15 1.286402e+21 
4.562500e+04 4.157973e-15 1.302496e+21 
4.578125e+04 4.091229e-15 1.322113e+21 
4.593750e+04 4.022120e-15 1.343112e+21 
4.609375e+04 3.945026e-15 1.367405e+21 
4.625000e+04 3.866150e-15 1.393262e+21 
4.640625e+04 3.781429e-15 1.422237e+21 
4.656250e+04 3.695489e-15 1.452986e+21 
4.671875e+04 3.605621e-15 1.486709e+21 
4.687500e+04 3.515066e-15 1.522433e+21 
4.703125e+04 3.422276e-15 1.561000e+21 
4.718750e+04 3.329283e-15 1.601809e+21 
4.734375e+04 3.235526e-15 1.645327e+21 
4.750000e+04 3.141996e-15 1.691328e+21 
4.765625e+04 3.048951e-15 1.739891e+21 
4.781250e+04 2.956503e-15 1.791169e+21 
4.796875e+04 2.865568e-15 1.844836e+21 
4.812500e+04 2.775540e-15 1.901433e+21 
4.828125e+04 2.687837e-15 1.960212e+21 
4.843750e+04 2.601288e-15 2.022105e+21 
4.859375e+04 2.517672e-15 2.085941e+21 
4.875000e+04 2.435393e-15 2.153035e+21 
4.890625e+04 2.356463e-15 2.221802e+21 
4.906250e+04 2.278996e-15 2.293926e+21 
4.921875e+04 2.205116e-15 2.367431e+21 
4.937500e+04 2.132772e-15 2.444343e+21 
4.953125e+04 2.064097e-15 2.522341e+21 
4.968750e+04 1.996984e-15 2.603750e+21 
4.984375e+04 1.933492e-15 2.685968e+21 
5.000000e+04 1.871546e-15 2.771560e+21 
5.015625e+04 1.813069e-15 2.857727e+21 
5.031250e+04 1.756091e-15 2.947203e+21 
5.046875e+04 1.702350e-15 3.037086e+21 
5.062500e+04 1.650040e-15 3.130199e+21 
5.078125e+04 1.600683e-15 3.223635e+21 
5.093750e+04 1.552671e-15 3.320224e+21 
5.109375e+04 1.507304e-15 3.417146e+21 
5.125000e+04 1.463189e-15 3.517158e+21 
5.140625e+04 1.421404e-15 3.617614e+21 
5.156250e+04 1.380774e-15 3.721119e+21 
5.171875e+04 1.342171e-15 3.825270e+21 
5.187500e+04 1.304630e-15 3.932465e+21 
5.203125e+04 1.268835e-15 4.040583e+21 
5.218750e+04 1.234014e-15 4.151776e+21 
5.234375e+04 1.200690e-15 4.264230e+21 
5.250000e+04 1.168259e-15 4.379829e+21 
5.265625e+04 1.137110e-15 4.497067e+21 
5.281250e+04 1.106782e-15 4.617556e+21 
5.296875e+04 1.077556e-15 4.740085e+21 
5.312500e+04 1.049085e-15 4.866008e+21 
5.328125e+04 1.021571e-15 4.994373e+21 
5.343750e+04 9.947555e-16 5.126309e+21 
5.359375e+04 9.687794e-16 5.261081e+21 
5.375000e+04 9.434517e-16 5.399634e+21 
5.390625e+04 9.188725e-16 5.541396e+21 
5.406250e+04 8.948974e-16 5.687176e+21 
5.421875e+04 8.716010e-16 5.836511e+21 
5.437500e+04 8.488692e-16 5.990129e+21 
5.453125e+04 8.267632e-16 6.147619e+21 
5.468750e+04 8.051865e-16 6.309679e+21 
5.484375e+04 7.841956e-16 6.475896e+21 
5.500000e+04 7.637019e-16 6.646991e+21 
5.515625e+04 7.437637e-16 6.822497e+21 
5.531250e+04 7.242934e-16 7.003210e+21 
5.546875e+04 7.053551e-16 7.188557e+21 
5.562500e+04 6.868574e-16 7.379457e+21 
5.578125e+04 6.688728e-16 7.575187e+21 
5.593750e+04 6.513036e-16 7.776833e+21 
5.609375e+04 6.342313e-16 7.983480e+21 
5.625000e+04 6.175506e-16 8.196420e+21 
5.640625e+04 6.013522e-16 8.414511e+21 
5.656250e+04 5.855231e-16 8.639286e+21 
5.671875e+04 5.701624e-16 8.869343e+21 
5.687500e+04 5.551497e-16 9.106488e+21 
5.703125e+04 5.405916e-16 9.349032e+21 
5.718750e+04 5.263614e-16 9.599080e+21 
5.734375e+04 5.125718e-16 9.854633e+21 
5.750000e+04 4.990908e-16 1.011811e+22 
5.765625e+04 4.860360e-16 1.038720e+22 
5.781250e+04 4.732716e-16 1.066465e+22 
5.796875e+04 4.609184e-16 1.094780e+22 
5.812500e+04 4.488382e-16 1.123976e+22 
5.828125e+04 4.371538e-16 1.153751e+22 
5.843750e+04 4.257259e-16 1.184453e+22 
5.859375e+04 4.146782e-16 1.215742e+22 
5.875000e+04 4.038712e-16 1.248006e+22 
5.890625e+04 3.934283e-16 1.280867e+22 
5.906250e+04 3.832113e-16 1.314750e+22 
5.921875e+04 3.733424e-16 1.349240e+22 
5.937500e+04 3.636852e-16 1.384802e+22 
5.953125e+04 3.543599e-16 1.420981e+22 
5.968750e+04 3.452331e-16 1.458282e+22 
5.984375e+04 3.364221e-16 1.496213e+22 
6.000000e+04 3.277971e-16 1.535318e+22 
6.015625e+04 3.194722e-16 1.575066e+22 
6.031250e+04 3.113214e-16 1.616041e+22 
6.046875e+04 3.034552e-16 1.657673e+22 
6.062500e+04 2.957519e-16 1.700589e+22 
6.078125e+04 2.883182e-16 1.744177e+22 
6.093750e+04 2.810371e-16 1.789107e+22 
6.109375e+04 2.740109e-16 1.834726e+22 
6.125000e+04 2.671275e-16 1.881747e+22 
6.140625e+04 2.604850e-16 1.929477e+22 
6.156250e+04 2.539759e-16 1.978671e+22 
6.171875e+04 2.476944e-16 2.028596e+22 
6.187500e+04 2.415377e-16 2.080049e+22 
6.203125e+04 2.355957e-16 2.132259e+22 
6.218750e+04 2.297704e-16 2.186063e+22 
6.234375e+04 2.241475e-16 2.240652e+22 
6.250000e+04 2.186338e-16 2.296906e+22 
6.265625e+04 2.133107e-16 2.353975e+22 
6.281250e+04 2.080900e-16 2.412782e+22 
6.296875e+04 2.030487e-16 2.472438e+22 
6.312500e+04 1.981033e-16 2.533911e+22 
6.328125e+04 1.933268e-16 2.596268e+22 
6.343750e+04 1.886400e-16 2.660524e+22 
6.359375e+04 1.841124e-16 2.725706e+22 
6.375000e+04 1.796687e-16 2.792872e+22 
6.390625e+04 1.753748e-16 2.861008e+22 
6.406250e+04 1.711596e-16 2.931220e+22 
6.421875e+04 1.670855e-16 3.002450e+22 
6.437500e+04 1.630851e-16 3.075853e+22 
6.453125e+04 1.592175e-16 3.150327e+22 
6.468750e+04 1.554191e-16 3.227076e+22 
6.484375e+04 1.517457e-16 3.304954e+22 
6.500000e+04 1.481372e-16 3.385215e+22 
6.515625e+04 1.446465e-16 3.466669e+22 
6.531250e+04 1.412167e-16 3.550621e+22 
6.546875e+04 1.378979e-16 3.635836e+22 
6.562500e+04 1.346363e-16 3.723671e+22 
6.578125e+04 1.314793e-16 3.812843e+22 
6.593750e+04 1.283761e-16 3.904767e+22 
6.609375e+04 1.253714e-16 3.998110e+22 
6.625000e+04 1.224174e-16 4.094345e+22 
6.640625e+04 1.195563e-16 4.192088e+22 
6.656250e+04 1.167429e-16 4.292872e+22 
6.671875e+04 1.140171e-16 4.395262e+22 
6.687500e+04 1.113363e-16 4.500853e+22 
6.703125e+04 1.087382e-16 4.608156e+22 
6.718750e+04 1.061824e-16 4.718832e+22 
6.734375e+04 1.037047e-16 4.831335e+22 
6.750000e+04 1.012669e-16 4.947396e+22 
6.765625e+04 9.890296e-17 5.065410e+22 
6.781250e+04 9.657668e-17 5.187182e+22 
6.796875e+04 9.432014e-17 5.311042e+22 
6.812500e+04 9.209918e-17 5.438876e+22 
6.828125e+04 8.994419e-17 5.568947e+22 
6.843750e+04 8.782282e-17 5.703224e+22 
6.859375e+04 8.576389e-17 5.839901e+22 
6.875000e+04 8.373672e-17 5.981036e+22 
6.890625e+04 8.176870e-17 6.124748e+22 
6.906250e+04 7.983073e-17 6.273190e+22 
6.921875e+04 7.794882e-17 6.424401e+22 
6.937500e+04 7.609533e-17 6.580640e+22 
6.953125e+04 7.429503e-17 6.739858e+22 
6.968750e+04 7.252165e-17 6.904424e+22 
6.984375e+04 7.079877e-17 7.072199e+22 
7.000000e+04 6.910139e-17 7.245673e+22 
7.015625e+04 6.745200e-17 7.422604e+22 
7.031250e+04 6.582680e-17 7.605615e+22 
7.046875e+04 6.424727e-17 7.792354e+22 
7.062500e+04 6.269067e-17 7.985588e+22 
7.078125e+04 6.117761e-17 8.182844e+22 
7.093750e+04 5.968631e-17 8.387047e+22 
7.109375e+04 5.823655e-17 8.595588e+22 
7.125000e+04 5.680747e-17 8.811571e+22 
7.140625e+04 5.541812e-17 9.032229e+22 
7.156250e+04 5.404843e-17 9.260870e+22 
7.171875e+04 5.271681e-17 9.494546e+22 
7.187500e+04 5.140390e-17 9.736791e+22 
7.203125e+04 5.012757e-17 9.984450e+22 
7.218750e+04 4.886907e-17 1.024132e+23 
7.234375e+04 4.764584e-17 1.050399e+23 
7.250000e+04 4.643961e-17 1.077656e+23 
7.265625e+04 4.526750e-17 1.105534e+23 
7.281250e+04 4.411165e-17 1.134476e+23 
7.296875e+04 4.298897e-17 1.164077e+23 
7.312500e+04 4.188186e-17 1.194822e+23 
7.328125e+04 4.080716e-17 1.226263e+23 
7.343750e+04 3.974741e-17 1.258931e+23 
7.359375e+04 3.871954e-17 1.292325e+23 
7.375000e+04 3.770607e-17 1.327033e+23 
7.390625e+04 3.672417e-17 1.362488e+23 
7.406250e+04 3.575621e-17 1.399345e+23 
7.421875e+04 3.481973e-17 1.436953e+23 
7.437500e+04 3.389683e-17 1.476049e+23 
7.453125e+04 3.300560e-17 1.515880e+23 
7.468750e+04 3.212765e-17 1.557276e+23 
7.484375e+04 3.128180e-17 1.599357e+23 
7.500000e+04 3.044907e-17 1.643070e+23 
7.515625e+04 2.964911e-17 1.687374e+23 
7.531250e+04 2.886219e-17 1.733353e+23 
7.546875e+04 2.810894e-17 1.779776e+23 
7.562500e+04 2.736877e-17 1.827881e+23 
7.578125e+04 2.666332e-17 1.876217e+23 
7.593750e+04 2.597109e-17 1.926198e+23 
7.609375e+04 2.531471e-17 1.976117e+23 
7.625000e+04 2.467179e-17 2.027585e+23 
7.640625e+04 2.406581e-17 2.078616e+23 
7.656250e+04 2.347361e-17 2.131030e+23 
7.671875e+04 2.291928e-17 2.182548e+23 
7.687500e+04 2.237909e-17 2.235207e+23 
7.703125e+04 2.187740e-17 2.286441e+23 
7.718750e+04 2.139022e-17 2.338494e+23 
7.734375e+04 2.094181e-17 2.388544e+23 
7.750000e+04 2.050823e-17 2.439021e+23 
7.765625e+04 2.011329e-17 2.486894e+23 
7.781250e+04 1.973343e-17 2.534746e+23 
7.796875e+04 1.939170e-17 2.579397e+23 
7.812500e+04 1.906525e-17 2.623547e+23 
7.828125e+04 1.877617e-17 2.663923e+23 
7.843750e+04 1.850252e-17 2.703307e+23 
7.859375e+04 1.826541e-17 2.738387e+23 
7.875000e+04 1.804386e-17 2.771999e+23 
7.890625e+04 1.785810e-17 2.800823e+23 
7.906250e+04 1.768802e-17 2.827744e+23 
7.921875e+04 1.755319e-17 2.849457e+23 
7.937500e+04 1.743417e-17 2.868902e+23 
7.953125e+04 1.735009e-17 2.882800e+23 
7.968750e+04 1.728193e-17 2.894166e+23 
7.984375e+04 1.724857e-17 2.899763e+23 
8.000000e+04 1.723119e-17 2.902686e+23 
