0.000000e+00 2.082738e-19 1.000000e+25 
2.500000e+02 2.083649e-19 1.000000e+25 
5.000000e+02 2.085647e-19 1.000000e+25 
7.500000e+02 2.089465e-19 1.000000e+25 
1.000000e+03 2.094368e-19 1.000000e+25 
1.250000e+03 2.101085e-19 1.000000e+25 
1.500000e+03 2.108879e-19 1.000000e+25 
1.750000e+03 2.118478e-19 1.000000e+25 
2.000000e+03 2.129144e-19 1.000000e+25 
2.250000e+03 2.141606e-19 1.000000e+25 
2.500000e+03 2.155121e-19 1.000000e+25 
2.750000e+03 2.170418e-19 1.000000e+25 
3.000000e+03 2.186755e-19 1.000000e+25 
3.250000e+03 2.204861e-19 1.000000e+25 
3.500000e+03 2.223990e-19 1.000000e+25 
3.750000e+03 2.244877e-19 1.000000e+25 
4.000000e+03 2.266770e-19 1.000000e+25 
4.250000e+03 2.290411e-19 1.000000e+25 
4.500000e+03 2.315043e-19 1.000000e+25 
4.750000e+03 2.341416e-19 1.000000e+25 
5.000000e+03 2.368766e-19 1.000000e+25 
5.250000e+03 2.397854e-19 1.000000e+25 
5.500000e+03 2.427908e-19 1.000000e+25 
5.750000e+03 2.459704e-19 1.000000e+25 
6.000000e+03 2.492456e-19 1.000000e+25 
6.250000e+03 2.526961e-19 1.000000e+25 
6.500000e+03 2.562417e-19 1.000000e+25 
6.750000e+03 2.599643e-19 1.000000e+25 
7.000000e+03 2.637819e-19 1.000000e+25 
7.250000e+03 2.677790e-19 1.000000e+25 
7.500000e+03 2.718712e-19 1.000000e+25 
7.750000e+03 2.761458e-19 1.000000e+25 
8.000000e+03 2.805163e-19 1.000000e+25 
8.250000e+03 2.850721e-19 1.000000e+25 
8.500000e+03 2.897248e-19 1.000000e+25 
8.750000e+03 2.945657e-19 1.000000e+25 
9.000000e+03 2.995043e-19 1.000000e+25 
9.250000e+03 3.046332e-19 1.000000e+25 
9.500000e+03 3.098609e-19 1.000000e+25 
9.750000e+03 3.152794e-19 1.000000e+25 
1.000000e+04 3.207977e-19 1.000000e+25 
1.025000e+04 3.265061e-19 1.000000e+25 
1.050000e+04 3.323152e-19 1.000000e+25 
1.075000e+04 3.383124e-19 1.000000e+25 
1.100000e+04 3.444115e-19 1.000000e+25 
1.125000e+04 3.506967e-19 1.000000e+25 
1.150000e+04 3.570856e-19 1.000000e+25 
1.175000e+04 3.636597e-19 1.000000e+25 
1.200000e+04 3.703399e-19 1.000000e+25 
1.225000e+04 3.772061e-19 1.000000e+25 
1.250000e+04 3.841819e-19 1.000000e+25 
1.275000e+04 3.913462e-19 1.000000e+25 
1.300000e+04 3.986242e-19 1.000000e+25 
1.325000e+04 4.060948e-19 1.000000e+25 
1.350000e+04 4.136836e-19 1.000000e+25 
1.375000e+04 4.214712e-19 1.000000e+25 
1.400000e+04 4.293823e-19 1.000000e+25 
1.425000e+04 4.375015e-19 1.000000e+25 
1.450000e+04 4.457508e-19 1.000000e+25 
1.475000e+04 4.542227e-19 1.000000e+25 
1.500000e+04 4.628329e-19 1.000000e+25 
1.525000e+04 4.716859e-19 1.000000e+25 
1.550000e+04 4.806871e-19 1.000000e+25 
1.575000e+04 4.899563e-19 1.000000e+25 
1.600000e+04 4.993844e-19 1.000000e+25 
1.625000e+04 5.091081e-19 1.000000e+25 
1.650000e+04 5.190015e-19 1.000000e+25 
1.675000e+04 5.292166e-19 1.000000e+25 
1.700000e+04 5.396110e-19 1.000000e+25 
1.725000e+04 5.503480e-19 1.000000e+25 
1.750000e+04 5.612718e-19 1.000000e+25 
1.775000e+04 5.725503e-19 1.000000e+25 
1.800000e+04 5.840202e-19 1.000000e+25 
1.825000e+04 5.958464e-19 1.000000e+25 
1.850000e+04 6.078658e-19 1.000000e+25 
1.875000e+04 6.202340e-19 1.000000e+25 
1.900000e+04 6.327955e-19 1.000000e+25 
1.925000e+04 6.456964e-19 1.000000e+25 
1.950000e+04 6.587919e-19 1.000000e+25 
1.975000e+04 6.722266e-19 1.000000e+25 
2.000000e+04 6.858619e-19 1.000000e+25 
2.025000e+04 6.998577e-19 1.000000e+25 
2.050000e+04 7.140677e-19 1.000000e+25 
2.075000e+04 7.286892e-19 1.000000e+25 
2.100000e+04 7.435472e-19 1.000000e+25 
2.125000e+04 7.588976e-19 1.000000e+25 
2.150000e+04 7.745140e-19 1.000000e+25 
2.175000e+04 7.907319e-19 1.000000e+25 
2.200000e+04 8.072520e-19 1.000000e+25 
2.225000e+04 8.245131e-19 1.000000e+25 
2.250000e+04 8.421208e-19 1.000000e+25 
2.275000e+04 8.606462e-19 1.000000e+25 
2.300000e+04 8.795740e-19 1.000000e+25 
2.325000e+04 8.996403e-19 1.000000e+25 
2.350000e+04 9.201776e-19 1.000000e+25 
2.375000e+04 9.421096e-19 1.000000e+25 
2.400000e+04 9.645878e-19 1.000000e+25 
2.425000e+04 9.887139e-19 1.000000e+25 
2.450000e+04 1.013452e-18 1.000000e+25 
2.475000e+04 1.040020e-18 1.000000e+25 
2.500000e+04 1.067236e-18 1.000000e+25 
2.525000e+04 1.096318e-18 1.000000e+25 
2.550000e+04 1.126039e-18 1.000000e+25 
2.575000e+04 1.157466e-18 1.000000e+25 
2.600000e+04 1.189478e-18 1.000000e+25 
2.625000e+04 1.222838e-18 1.000000e+25 
2.650000e+04 1.256697e-18 1.000000e+25 
2.675000e+04 1.291379e-18 1.000000e+25 
2.700000e+04 1.326464e-18 1.000000e+25 
2.725000e+04 1.361744e-18 1.000000e+25 
2.750000e+04 1.397350e-18 1.000000e+25 
2.775000e+04 1.432499e-18 1.000000e+25 
2.800000e+04 1.467944e-18 1.000000e+25 
2.825000e+04 1.502358e-18 1.000000e+25 
2.850000e+04 1.537124e-18 1.000000e+25 
2.875000e+04 1.570449e-18 1.000000e+25 
2.900000e+04 1.604286e-18 1.000000e+25 
2.925000e+04 1.636670e-18 1.000000e+25 
2.950000e+04 1.670056e-18 1.000000e+25 
2.975000e+04 1.702381e-18 1.000000e+25 
3.000000e+04 1.735926e-18 1.000000e+25 
3.025000e+04 1.768315e-18 1.000000e+25 
3.050000e+04 1.803775e-18 1.000000e+25 
3.075000e+04 1.843964e-18 1.000000e+25 
3.100000e+04 1.885544e-18 1.000000e+25 
3.125000e+04 1.921921e-18 1.000000e+25 
3.150000e+04 1.962916e-18 1.000000e+25 
3.175000e+04 2.026784e-18 1.000000e+25 
3.200000e+04 2.120903e-18 1.000000e+25 
3.225000e+04 2.124361e-18 1.000000e+25 
3.250000e+04 2.127276e-18 1.000000e+25 
3.275000e+04 4.554021e-18 6.823883e+24 
3.300000e+04 7.589191e-18 4.438932e+24 
3.325000e+04 1.956710e-17 1.808330e+24 
3.350000e+04 3.447061e-17 1.024374e+24 
3.375000e+04 8.541761e-17 4.224519e+23 
3.400000e+04 1.469398e-16 2.403555e+23 
3.425000e+04 3.379835e-16 1.058147e+23 
3.450000e+04 5.701852e-16 6.150792e+22 
3.475000e+04 1.167216e-15 3.018484e+22 
3.500000e+04 1.882143e-15 1.842966e+22 
3.525000e+04 3.311788e-15 1.045515e+22 
3.550000e+04 4.941531e-15 6.928521e+21 
3.575000e+04 7.312510e-15 4.647794e+21 
3.600000e+04 9.806248e-15 3.433510e+21 
3.625000e+04 1.222317e-14 2.714807e+21 
3.650000e+04 1.452766e-14 2.254680e+21 
3.675000e+04 1.549313e-14 2.061000e+21 
3.700000e+04 1.619159e-14 1.927564e+21 
3.725000e+04 1.472201e-14 2.034793e+21 
3.750000e+04 1.295082e-14 2.224562e+21 
3.775000e+04 9.319470e-15 2.925390e+21 
3.800000e+04 5.386291e-15 4.770677e+21 
3.825000e+04 2.661614e-15 9.489147e+21 
3.850000e+04 5.145444e-16 4.634601e+22 
3.875000e+04 3.142161e-16 8.472013e+22 
3.900000e+04 1.260990e-16 2.228563e+23 
3.925000e+04 1.029610e-16 2.725816e+23 
3.950000e+04 7.129161e-17 3.851458e+23 
3.975000e+04 6.208349e-17 4.481749e+23 
4.000000e+04 5.307781e-17 5.225776e+23 
4.025000e+04 6.208349e-17 4.481749e+23 
4.050000e+04 7.129161e-17 3.851458e+23 
4.075000e+04 1.029610e-16 2.725816e+23 
4.100000e+04 1.260990e-16 2.228563e+23 
4.125000e+04 3.142161e-16 8.472013e+22 
4.150000e+04 5.145444e-16 4.634601e+22 
4.175000e+04 2.661614e-15 9.489147e+21 
4.200000e+04 5.386291e-15 4.770677e+21 
4.225000e+04 9.319470e-15 2.925390e+21 
4.250000e+04 1.295082e-14 2.224562e+21 
4.275000e+04 1.472201e-14 2.034793e+21 
4.300000e+04 1.619159e-14 1.927564e+21 
4.325000e+04 1.549313e-14 2.061000e+21 
4.350000e+04 1.452766e-14 2.254680e+21 
4.375000e+04 1.222317e-14 2.714807e+21 
4.400000e+04 9.806248e-15 3.433510e+21 
4.425000e+04 7.312510e-15 4.647794e+21 
4.450000e+04 4.941531e-15 6.928521e+21 
4.475000e+04 3.311788e-15 1.045515e+22 
4.500000e+04 1.882143e-15 1.842966e+22 
4.525000e+04 1.167216e-15 3.018484e+22 
4.550000e+04 5.701852e-16 6.150792e+22 
4.575000e+04 3.379835e-16 1.058147e+23 
4.600000e+04 1.469398e-16 2.403555e+23 
4.625000e+04 8.541761e-17 4.224519e+23 
4.650000e+04 3.447061e-17 1.024374e+24 
4.675000e+04 1.956710e-17 1.808330e+24 
4.700000e+04 7.589191e-18 4.438932e+24 
4.725000e+04 4.554021e-18 6.823883e+24 
4.750000e+04 2.127276e-18 1.000000e+25 
4.775000e+04 2.124361e-18 1.000000e+25 
4.800000e+04 2.120903e-18 1.000000e+25 
4.825000e+04 2.026784e-18 1.000000e+25 
4.850000e+04 1.962916e-18 1.000000e+25 
4.875000e+04 1.921921e-18 1.000000e+25 
4.900000e+04 1.885544e-18 1.000000e+25 
4.925000e+04 1.843964e-18 1.000000e+25 
4.950000e+04 1.803775e-18 1.000000e+25 
4.975000e+04 1.768315e-18 1.000000e+25 
5.000000e+04 1.735926e-18 1.000000e+25 
5.025000e+04 1.702381e-18 1.000000e+25 
5.050000e+04 1.670056e-18 1.000000e+25 
5.075000e+04 1.636670e-18 1.000000e+25 
5.100000e+04 1.604286e-18 1.000000e+25 
5.125000e+04 1.570449e-18 1.000000e+25 
5.150000e+04 1.537124e-18 1.000000e+25 
5.175000e+04 1.502358e-18 1.000000e+25 
5.200000e+04 1.467944e-18 1.000000e+25 
5.225000e+04 1.432499e-18 1.000000e+25 
5.250000e+04 1.397350e-18 1.000000e+25 
5.275000e+04 1.361744e-18 1.000000e+25 
5.300000e+04 1.326464e-18 1.000000e+25 
5.325000e+04 1.291379e-18 1.000000e+25 
5.350000e+04 1.256697e-18 1.000000e+25 
5.375000e+04 1.222838e-18 1.000000e+25 
5.400000e+04 1.189478e-18 1.000000e+25 
5.425000e+04 1.157466e-18 1.000000e+25 
5.450000e+04 1.126039e-18 1.000000e+25 
5.475000e+04 1.096318e-18 1.000000e+25 
5.500000e+04 1.067236e-18 1.000000e+25 
5.525000e+04 1.040020e-18 1.000000e+25 
5.550000e+04 1.013452e-18 1.000000e+25 
5.575000e+04 9.887139e-19 1.000000e+25 
5.600000e+04 9.645878e-19 1.000000e+25 
5.625000e+04 9.421096e-19 1.000000e+25 
5.650000e+04 9.201776e-19 1.000000e+25 
5.675000e+04 8.996403e-19 1.000000e+25 
5.700000e+04 8.795740e-19 1.000000e+25 
5.725000e+04 8.606462e-19 1.000000e+25 
5.750000e+04 8.421208e-19 1.000000e+25 
5.775000e+04 8.245131e-19 1.000000e+25 
5.800000e+04 8.072520e-19 1.000000e+25 
5.825000e+04 7.907319e-19 1.000000e+25 
5.850000e+04 7.745140e-19 1.000000e+25 
5.875000e+04 7.588976e-19 1.000000e+25 
5.900000e+04 7.435472e-19 1.000000e+25 
5.925000e+04 7.286892e-19 1.000000e+25 
5.950000e+04 7.140677e-19 1.000000e+25 
5.975000e+04 6.998577e-19 1.000000e+25 
6.000000e+04 6.858619e-19 1.000000e+25 
6.025000e+04 6.722266e-19 1.000000e+25 
6.050000e+04 6.587919e-19 1.000000e+25 
6.075000e+04 6.456964e-19 1.000000e+25 
6.100000e+04 6.327955e-19 1.000000e+25 
6.125000e+04 6.202340e-19 1.000000e+25 
6.150000e+04 6.078658e-19 1.000000e+25 
6.175000e+04 5.958464e-19 1.000000e+25 
6.200000e+04 5.840202e-19 1.000000e+25 
6.225000e+04 5.725503e-19 1.000000e+25 
6.250000e+04 5.612718e-19 1.000000e+25 
6.275000e+04 5.503480e-19 1.000000e+25 
6.300000e+04 5.396110e-19 1.000000e+25 
6.325000e+04 5.292166e-19 1.000000e+25 
6.350000e+04 5.190015e-19 1.000000e+25 
6.375000e+04 5.091081e-19 1.000000e+25 
6.400000e+04 4.993844e-19 1.000000e+25 
6.425000e+04 4.899563e-19 1.000000e+25 
6.450000e+04 4.806871e-19 1.000000e+25 
6.475000e+04 4.716859e-19 1.000000e+25 
6.500000e+04 4.628329e-19 1.000000e+25 
6.525000e+04 4.542227e-19 1.000000e+25 
6.550000e+04 4.457508e-19 1.000000e+25 
6.575000e+04 4.375015e-19 1.000000e+25 
6.600000e+04 4.293823e-19 1.000000e+25 
6.625000e+04 4.214712e-19 1.000000e+25 
6.650000e+04 4.136836e-19 1.000000e+25 
6.675000e+04 4.060948e-19 1.000000e+25 
6.700000e+04 3.986242e-19 1.000000e+25 
6.725000e+04 3.913462e-19 1.000000e+25 
6.750000e+04 3.841819e-19 1.000000e+25 
6.775000e+04 3.772061e-19 1.000000e+25 
6.800000e+04 3.703399e-19 1.000000e+25 
6.825000e+04 3.636597e-19 1.000000e+25 
6.850000e+04 3.570856e-19 1.000000e+25 
6.875000e+04 3.506967e-19 1.000000e+25 
6.900000e+04 3.444115e-19 1.000000e+25 
6.925000e+04 3.383124e-19 1.000000e+25 
6.950000e+04 3.323152e-19 1.000000e+25 
6.975000e+04 3.265061e-19 1.000000e+25 
7.000000e+04 3.207977e-19 1.000000e+25 
7.025000e+04 3.152794e-19 1.000000e+25 
7.050000e+04 3.098609e-19 1.000000e+25 
7.075000e+04 3.046332e-19 1.000000e+25 
7.100000e+04 2.995043e-19 1.000000e+25 
7.125000e+04 2.945657e-19 1.000000e+25 
7.150000e+04 2.897248e-19 1.000000e+25 
7.175000e+04 2.850721e-19 1.000000e+25 
7.200000e+04 2.805163e-19 1.000000e+25 
7.225000e+04 2.761458e-19 1.000000e+25 
7.250000e+04 2.718712e-19 1.000000e+25 
7.275000e+04 2.677790e-19 1.000000e+25 
7.300000e+04 2.637819e-19 1.000000e+25 
7.325000e+04 2.599643e-19 1.000000e+25 
7.350000e+04 2.562417e-19 1.000000e+25 
7.375000e+04 2.526961e-19 1.000000e+25 
7.400000e+04 2.492456e-19 1.000000e+25 
7.425000e+04 2.459704e-19 1.000000e+25 
7.450000e+04 2.427908e-19 1.000000e+25 
7.475000e+04 2.397854e-19 1.000000e+25 
7.500000e+04 2.368766e-19 1.000000e+25 
7.525000e+04 2.341416e-19 1.000000e+25 
7.550000e+04 2.315043e-19 1.000000e+25 
7.575000e+04 2.290411e-19 1.000000e+25 
7.600000e+04 2.266770e-19 1.000000e+25 
7.625000e+04 2.244877e-19 1.000000e+25 
7.650000e+04 2.223990e-19 1.000000e+25 
7.675000e+04 2.204861e-19 1.000000e+25 
7.700000e+04 2.186755e-19 1.000000e+25 
7.725000e+04 2.170418e-19 1.000000e+25 
7.750000e+04 2.155121e-19 1.000000e+25 
7.775000e+04 2.141606e-19 1.000000e+25 
7.800000e+04 2.129144e-19 1.000000e+25 
7.825000e+04 2.118478e-19 1.000000e+25 
7.850000e+04 2.108879e-19 1.000000e+25 
7.875000e+04 2.101085e-19 1.000000e+25 
7.900000e+04 2.094368e-19 1.000000e+25 
7.925000e+04 2.089465e-19 1.000000e+25 
7.950000e+04 2.085647e-19 1.000000e+25 
7.975000e+04 2.083649e-19 1.000000e+25 
8.000000e+04 2.082738e-19 1.000000e+25 
