0.000000e+00 1.963339e-19 1.000000e+25 
2.500000e+02 1.964191e-19 1.000000e+25 
5.000000e+02 1.966069e-19 1.000000e+25 
7.500000e+02 1.969651e-19 1.000000e+25 
1.000000e+03 1.974255e-19 1.000000e+25 
1.250000e+03 1.980557e-19 1.000000e+25 
1.500000e+03 1.987875e-19 1.000000e+25 
1.750000e+03 1.996882e-19 1.000000e+25 
2.000000e+03 2.006896e-19 1.000000e+25 
2.250000e+03 2.018590e-19 1.000000e+25 
2.500000e+03 2.031277e-19 1.000000e+25 
2.750000e+03 2.045632e-19 1.000000e+25 
3.000000e+03 2.060966e-19 1.000000e+25 
3.250000e+03 2.077955e-19 1.000000e+25 
3.500000e+03 2.095909e-19 1.000000e+25 
3.750000e+03 2.115504e-19 1.000000e+25 
4.000000e+03 2.136049e-19 1.000000e+25 
4.250000e+03 2.158222e-19 1.000000e+25 
4.500000e+03 2.181330e-19 1.000000e+25 
4.750000e+03 2.206058e-19 1.000000e+25 
5.000000e+03 2.231706e-19 1.000000e+25 
5.250000e+03 2.258967e-19 1.000000e+25 
5.500000e+03 2.287136e-19 1.000000e+25 
5.750000e+03 2.316916e-19 1.000000e+25 
6.000000e+03 2.347596e-19 1.000000e+25 
6.250000e+03 2.379890e-19 1.000000e+25 
6.500000e+03 2.413076e-19 1.000000e+25 
6.750000e+03 2.447887e-19 1.000000e+25 
7.000000e+03 2.483588e-19 1.000000e+25 
7.250000e+03 2.520931e-19 1.000000e+25 
7.500000e+03 2.559165e-19 1.000000e+25 
7.750000e+03 2.599066e-19 1.000000e+25 
8.000000e+03 2.639863e-19 1.000000e+25 
8.250000e+03 2.682361e-19 1.000000e+25 
8.500000e+03 2.725762e-19 1.000000e+25 
8.750000e+03 2.770903e-19 1.000000e+25 
9.000000e+03 2.816959e-19 1.000000e+25 
9.250000e+03 2.864796e-19 1.000000e+25 
9.500000e+03 2.913562e-19 1.000000e+25 
9.750000e+03 2.964147e-19 1.000000e+25 
1.000000e+04 3.015677e-19 1.000000e+25 
1.025000e+04 3.069054e-19 1.000000e+25 
1.050000e+04 3.123393e-19 1.000000e+25 
1.075000e+04 3.179593e-19 1.000000e+25 
1.100000e+04 3.236768e-19 1.000000e+25 
1.125000e+04 3.295804e-19 1.000000e+25 
1.150000e+04 3.355826e-19 1.000000e+25 
1.175000e+04 3.417694e-19 1.000000e+25 
1.200000e+04 3.480560e-19 1.000000e+25 
1.225000e+04 3.545251e-19 1.000000e+25 
1.250000e+04 3.610956e-19 1.000000e+25 
1.275000e+04 3.678473e-19 1.000000e+25 
1.300000e+04 3.747026e-19 1.000000e+25 
1.325000e+04 3.817392e-19 1.000000e+25 
1.350000e+04 3.888824e-19 1.000000e+25 
1.375000e+04 3.962091e-19 1.000000e+25 
1.400000e+04 4.036459e-19 1.000000e+25 
1.425000e+04 4.112707e-19 1.000000e+25 
1.450000e+04 4.190099e-19 1.000000e+25 
1.475000e+04 4.269447e-19 1.000000e+25 
1.500000e+04 4.349990e-19 1.000000e+25 
1.525000e+04 4.432607e-19 1.000000e+25 
1.550000e+04 4.516485e-19 1.000000e+25 
1.575000e+04 4.602613e-19 1.000000e+25 
1.600000e+04 4.690083e-19 1.000000e+25 
1.625000e+04 4.780039e-19 1.000000e+25 
1.650000e+04 4.871433e-19 1.000000e+25 
1.675000e+04 4.965606e-19 1.000000e+25 
1.700000e+04 5.061322e-19 1.000000e+25 
1.725000e+04 5.160154e-19 1.000000e+25 
1.750000e+04 5.260639e-19 1.000000e+25 
1.775000e+04 5.364616e-19 1.000000e+25 
1.800000e+04 5.470364e-19 1.000000e+25 
1.825000e+04 5.580025e-19 1.000000e+25 
1.850000e+04 5.691589e-19 1.000000e+25 
1.875000e+04 5.807564e-19 1.000000e+25 
1.900000e+04 5.925601e-19 1.000000e+25 
1.925000e+04 6.048673e-19 1.000000e+25 
1.950000e+04 6.174012e-19 1.000000e+25 
1.975000e+04 6.305197e-19 1.000000e+25 
2.000000e+04 6.438919e-19 1.000000e+25 
2.025000e+04 6.579533e-19 1.000000e+25 
2.050000e+04 6.723035e-19 1.000000e+25 
2.075000e+04 6.874688e-19 1.000000e+25 
2.100000e+04 7.029642e-19 1.000000e+25 
2.125000e+04 7.194088e-19 1.000000e+25 
2.150000e+04 7.362257e-19 1.000000e+25 
2.175000e+04 7.541063e-19 1.000000e+25 
2.200000e+04 7.723942e-19 1.000000e+25 
2.225000e+04 7.918058e-19 1.000000e+25 
2.250000e+04 8.116438e-19 1.000000e+25 
2.275000e+04 8.325824e-19 1.000000e+25 
2.300000e+04 8.539479e-19 1.000000e+25 
2.325000e+04 8.762973e-19 1.000000e+25 
2.350000e+04 8.990602e-19 1.000000e+25 
2.375000e+04 9.226113e-19 1.000000e+25 
2.400000e+04 9.465605e-19 1.000000e+25 
2.425000e+04 9.710566e-19 1.000000e+25 
2.450000e+04 9.959482e-19 1.000000e+25 
2.475000e+04 1.021144e-18 1.000000e+25 
2.500000e+04 1.046759e-18 1.000000e+25 
2.525000e+04 1.072476e-18 1.000000e+25 
2.550000e+04 1.098677e-18 1.000000e+25 
2.575000e+04 1.124853e-18 1.000000e+25 
2.600000e+04 1.151625e-18 1.000000e+25 
2.625000e+04 1.178346e-18 1.000000e+25 
2.650000e+04 1.205829e-18 1.000000e+25 
2.675000e+04 1.233339e-18 1.000000e+25 
2.700000e+04 1.261824e-18 1.000000e+25 
2.725000e+04 1.290505e-18 1.000000e+25 
2.750000e+04 1.320441e-18 1.000000e+25 
2.775000e+04 1.350995e-18 1.000000e+25 
2.800000e+04 1.383240e-18 1.000000e+25 
2.825000e+04 1.416337e-18 1.000000e+25 
2.850000e+04 1.451367e-18 1.000000e+25 
2.875000e+04 1.487466e-18 1.000000e+25 
2.900000e+04 1.526062e-18 1.000000e+25 
2.925000e+04 1.567062e-18 1.000000e+25 
2.950000e+04 1.611683e-18 1.000000e+25 
2.975000e+04 1.657570e-18 1.000000e+25 
3.000000e+04 1.707514e-18 1.000000e+25 
3.025000e+04 1.754886e-18 1.000000e+25 
3.050000e+04 1.803116e-18 1.000000e+25 
3.075000e+04 1.866453e-18 1.000000e+25 
3.100000e+04 1.924342e-18 1.000000e+25 
3.125000e+04 1.882642e-18 1.000000e+25 
3.150000e+04 1.773633e-18 1.000000e+25 
3.175000e+04 3.550885e-18 8.875805e+24 
3.200000e+04 6.706513e-18 4.715173e+24 
3.225000e+04 1.612850e-17 1.965251e+24 
3.250000e+04 2.841516e-17 1.106404e+24 
3.275000e+04 6.202603e-17 5.076949e+23 
3.300000e+04 1.067925e-16 2.933473e+23 
3.325000e+04 2.192367e-16 1.428891e+23 
3.350000e+04 3.671430e-16 8.499481e+22 
3.375000e+04 7.001129e-16 4.449666e+22 
3.400000e+04 1.126912e-15 2.755356e+22 
3.425000e+04 1.956894e-15 1.581034e+22 
3.450000e+04 2.972550e-15 1.037058e+22 
3.475000e+04 4.607101e-15 6.660007e+21 
3.500000e+04 6.472432e-15 4.721577e+21 
3.525000e+04 8.858677e-15 3.427708e+21 
3.550000e+04 1.135362e-14 2.658277e+21 
3.575000e+04 1.372538e-14 2.175235e+21 
3.600000e+04 1.594708e-14 1.850800e+21 
3.625000e+04 1.713936e-14 1.689139e+21 
3.650000e+04 1.798521e-14 1.576331e+21 
3.675000e+04 1.718252e-14 1.599138e+21 
3.700000e+04 1.602939e-14 1.657471e+21 
3.725000e+04 1.321827e-14 1.923604e+21 
3.750000e+04 1.005023e-14 2.412849e+21 
3.775000e+04 6.351650e-15 3.637914e+21 
3.800000e+04 2.707076e-15 8.114794e+21 
3.825000e+04 1.086248e-15 1.943694e+22 
3.850000e+04 7.477642e-17 3.340770e+23 
3.875000e+04 3.791539e-17 6.286725e+23 
3.900000e+04 9.916927e-18 2.757926e+24 
3.925000e+04 6.841911e-18 3.790408e+24 
3.950000e+04 3.453330e-18 7.063092e+24 
3.975000e+04 2.559825e-18 9.805141e+24 
4.000000e+04 2.025962e-18 1.000000e+25 
4.025000e+04 2.559825e-18 9.805141e+24 
4.050000e+04 3.453330e-18 7.063092e+24 
4.075000e+04 6.841911e-18 3.790408e+24 
4.100000e+04 9.916927e-18 2.757926e+24 
4.125000e+04 3.791539e-17 6.286725e+23 
4.150000e+04 7.477642e-17 3.340770e+23 
4.175000e+04 1.086248e-15 1.943694e+22 
4.200000e+04 2.707076e-15 8.114794e+21 
4.225000e+04 6.351650e-15 3.637914e+21 
4.250000e+04 1.005023e-14 2.412849e+21 
4.275000e+04 1.321827e-14 1.923604e+21 
4.300000e+04 1.602939e-14 1.657471e+21 
4.325000e+04 1.718252e-14 1.599138e+21 
4.350000e+04 1.798521e-14 1.576331e+21 
4.375000e+04 1.713936e-14 1.689139e+21 
4.400000e+04 1.594708e-14 1.850800e+21 
4.425000e+04 1.372538e-14 2.175235e+21 
4.450000e+04 1.135362e-14 2.658277e+21 
4.475000e+04 8.858677e-15 3.427708e+21 
4.500000e+04 6.472432e-15 4.721577e+21 
4.525000e+04 4.607101e-15 6.660007e+21 
4.550000e+04 2.972550e-15 1.037058e+22 
4.575000e+04 1.956894e-15 1.581034e+22 
4.600000e+04 1.126912e-15 2.755356e+22 
4.625000e+04 7.001129e-16 4.449666e+22 
4.650000e+04 3.671430e-16 8.499481e+22 
4.675000e+04 2.192367e-16 1.428891e+23 
4.700000e+04 1.067925e-16 2.933473e+23 
4.725000e+04 6.202603e-17 5.076949e+23 
4.750000e+04 2.841516e-17 1.106404e+24 
4.775000e+04 1.612850e-17 1.965251e+24 
4.800000e+04 6.706513e-18 4.715173e+24 
4.825000e+04 3.550885e-18 8.875805e+24 
4.850000e+04 1.773633e-18 1.000000e+25 
4.875000e+04 1.882642e-18 1.000000e+25 
4.900000e+04 1.924342e-18 1.000000e+25 
4.925000e+04 1.866453e-18 1.000000e+25 
4.950000e+04 1.803116e-18 1.000000e+25 
4.975000e+04 1.754886e-18 1.000000e+25 
5.000000e+04 1.707514e-18 1.000000e+25 
5.025000e+04 1.657570e-18 1.000000e+25 
5.050000e+04 1.611683e-18 1.000000e+25 
5.075000e+04 1.567062e-18 1.000000e+25 
5.100000e+04 1.526062e-18 1.000000e+25 
5.125000e+04 1.487466e-18 1.000000e+25 
5.150000e+04 1.451367e-18 1.000000e+25 
5.175000e+04 1.416337e-18 1.000000e+25 
5.200000e+04 1.383240e-18 1.000000e+25 
5.225000e+04 1.350995e-18 1.000000e+25 
5.250000e+04 1.320441e-18 1.000000e+25 
5.275000e+04 1.290505e-18 1.000000e+25 
5.300000e+04 1.261824e-18 1.000000e+25 
5.325000e+04 1.233339e-18 1.000000e+25 
5.350000e+04 1.205829e-18 1.000000e+25 
5.375000e+04 1.178346e-18 1.000000e+25 
5.400000e+04 1.151625e-18 1.000000e+25 
5.425000e+04 1.124853e-18 1.000000e+25 
5.450000e+04 1.098677e-18 1.000000e+25 
5.475000e+04 1.072476e-18 1.000000e+25 
5.500000e+04 1.046759e-18 1.000000e+25 
5.525000e+04 1.021144e-18 1.000000e+25 
5.550000e+04 9.959482e-19 1.000000e+25 
5.575000e+04 9.710566e-19 1.000000e+25 
5.600000e+04 9.465605e-19 1.000000e+25 
5.625000e+04 9.226113e-19 1.000000e+25 
5.650000e+04 8.990602e-19 1.000000e+25 
5.675000e+04 8.762973e-19 1.000000e+25 
5.700000e+04 8.539479e-19 1.000000e+25 
5.725000e+04 8.325824e-19 1.000000e+25 
5.750000e+04 8.116438e-19 1.000000e+25 
5.775000e+04 7.918058e-19 1.000000e+25 
5.800000e+04 7.723942e-19 1.000000e+25 
5.825000e+04 7.541063e-19 1.000000e+25 
5.850000e+04 7.362257e-19 1.000000e+25 
5.875000e+04 7.194088e-19 1.000000e+25 
5.900000e+04 7.029642e-19 1.000000e+25 
5.925000e+04 6.874688e-19 1.000000e+25 
5.950000e+04 6.723035e-19 1.000000e+25 
5.975000e+04 6.579533e-19 1.000000e+25 
6.000000e+04 6.438919e-19 1.000000e+25 
6.025000e+04 6.305197e-19 1.000000e+25 
6.050000e+04 6.174012e-19 1.000000e+25 
6.075000e+04 6.048673e-19 1.000000e+25 
6.100000e+04 5.925601e-19 1.000000e+25 
6.125000e+04 5.807564e-19 1.000000e+25 
6.150000e+04 5.691589e-19 1.000000e+25 
6.175000e+04 5.580025e-19 1.000000e+25 
6.200000e+04 5.470364e-19 1.000000e+25 
6.225000e+04 5.364616e-19 1.000000e+25 
6.250000e+04 5.260639e-19 1.000000e+25 
6.275000e+04 5.160154e-19 1.000000e+25 
6.300000e+04 5.061322e-19 1.000000e+25 
6.325000e+04 4.965606e-19 1.000000e+25 
6.350000e+04 4.871433e-19 1.000000e+25 
6.375000e+04 4.780039e-19 1.000000e+25 
6.400000e+04 4.690083e-19 1.000000e+25 
6.425000e+04 4.602613e-19 1.000000e+25 
6.450000e+04 4.516485e-19 1.000000e+25 
6.475000e+04 4.432607e-19 1.000000e+25 
6.500000e+04 4.349990e-19 1.000000e+25 
6.525000e+04 4.269447e-19 1.000000e+25 
6.550000e+04 4.190099e-19 1.000000e+25 
6.575000e+04 4.112707e-19 1.000000e+25 
6.600000e+04 4.036459e-19 1.000000e+25 
6.625000e+04 3.962091e-19 1.000000e+25 
6.650000e+04 3.888824e-19 1.000000e+25 
6.675000e+04 3.817392e-19 1.000000e+25 
6.700000e+04 3.747026e-19 1.000000e+25 
6.725000e+04 3.678473e-19 1.000000e+25 
6.750000e+04 3.610956e-19 1.000000e+25 
6.775000e+04 3.545251e-19 1.000000e+25 
6.800000e+04 3.480560e-19 1.000000e+25 
6.825000e+04 3.417694e-19 1.000000e+25 
6.850000e+04 3.355826e-19 1.000000e+25 
6.875000e+04 3.295804e-19 1.000000e+25 
6.900000e+04 3.236768e-19 1.000000e+25 
6.925000e+04 3.179593e-19 1.000000e+25 
6.950000e+04 3.123393e-19 1.000000e+25 
6.975000e+04 3.069054e-19 1.000000e+25 
7.000000e+04 3.015677e-19 1.000000e+25 
7.025000e+04 2.964147e-19 1.000000e+25 
7.050000e+04 2.913562e-19 1.000000e+25 
7.075000e+04 2.864796e-19 1.000000e+25 
7.100000e+04 2.816959e-19 1.000000e+25 
7.125000e+04 2.770903e-19 1.000000e+25 
7.150000e+04 2.725762e-19 1.000000e+25 
7.175000e+04 2.682361e-19 1.000000e+25 
7.200000e+04 2.639863e-19 1.000000e+25 
7.225000e+04 2.599066e-19 1.000000e+25 
7.250000e+04 2.559165e-19 1.000000e+25 
7.275000e+04 2.520931e-19 1.000000e+25 
7.300000e+04 2.483588e-19 1.000000e+25 
7.325000e+04 2.447887e-19 1.000000e+25 
7.350000e+04 2.413076e-19 1.000000e+25 
7.375000e+04 2.379890e-19 1.000000e+25 
7.400000e+04 2.347596e-19 1.000000e+25 
7.425000e+04 2.316916e-19 1.000000e+25 
7.450000e+04 2.287136e-19 1.000000e+25 
7.475000e+04 2.258967e-19 1.000000e+25 
7.500000e+04 2.231706e-19 1.000000e+25 
7.525000e+04 2.206058e-19 1.000000e+25 
7.550000e+04 2.181330e-19 1.000000e+25 
7.575000e+04 2.158222e-19 1.000000e+25 
7.600000e+04 2.136049e-19 1.000000e+25 
7.625000e+04 2.115504e-19 1.000000e+25 
7.650000e+04 2.095909e-19 1.000000e+25 
7.675000e+04 2.077955e-19 1.000000e+25 
7.700000e+04 2.060966e-19 1.000000e+25 
7.725000e+04 2.045632e-19 1.000000e+25 
7.750000e+04 2.031277e-19 1.000000e+25 
7.775000e+04 2.018590e-19 1.000000e+25 
7.800000e+04 2.006896e-19 1.000000e+25 
7.825000e+04 1.996882e-19 1.000000e+25 
7.850000e+04 1.987875e-19 1.000000e+25 
7.875000e+04 1.980557e-19 1.000000e+25 
7.900000e+04 1.974255e-19 1.000000e+25 
7.925000e+04 1.969651e-19 1.000000e+25 
7.950000e+04 1.966069e-19 1.000000e+25 
7.975000e+04 1.964191e-19 1.000000e+25 
8.000000e+04 1.963339e-19 1.000000e+25 
