0.000000e+00 1.723168e-17 2.902604e+23 
1.562500e+02 1.724906e-17 2.899681e+23 
3.125000e+02 1.728242e-17 2.894084e+23 
4.687500e+02 1.735059e-17 2.882718e+23 
6.250000e+02 1.743467e-17 2.868821e+23 
7.812500e+02 1.755369e-17 2.849376e+23 
9.375000e+02 1.768852e-17 2.827664e+23 
1.093750e+03 1.785860e-17 2.800743e+23 
1.250000e+03 1.804437e-17 2.771920e+23 
1.406250e+03 1.826593e-17 2.738309e+23 
1.562500e+03 1.850304e-17 2.703231e+23 
1.718750e+03 1.877670e-17 2.663848e+23 
1.875000e+03 1.906579e-17 2.623473e+23 
2.031250e+03 1.939225e-17 2.579324e+23 
2.187500e+03 1.973399e-17 2.534675e+23 
2.343750e+03 2.011386e-17 2.486824e+23 
2.500000e+03 2.050881e-17 2.438952e+23 
2.656250e+03 2.094241e-17 2.388477e+23 
2.812500e+03 2.139082e-17 2.338427e+23 
2.968750e+03 2.187802e-17 2.286376e+23 
3.125000e+03 2.237972e-17 2.235143e+23 
3.281250e+03 2.291993e-17 2.182486e+23 
3.437500e+03 2.347428e-17 2.130969e+23 
3.593750e+03 2.406649e-17 2.078557e+23 
3.750000e+03 2.467250e-17 2.027528e+23 
3.906250e+03 2.531543e-17 1.976061e+23 
4.062500e+03 2.597184e-17 1.926143e+23 
4.218750e+03 2.666407e-17 1.876164e+23 
4.375000e+03 2.736955e-17 1.827829e+23 
4.531250e+03 2.810974e-17 1.779725e+23 
4.687500e+03 2.886301e-17 1.733303e+23 
4.843750e+03 2.964995e-17 1.687327e+23 
5.000000e+03 3.044994e-17 1.643023e+23 
5.156250e+03 3.128269e-17 1.599312e+23 
5.312500e+03 3.212856e-17 1.557232e+23 
5.468750e+03 3.300654e-17 1.515836e+23 
5.625000e+03 3.389780e-17 1.476007e+23 
5.781250e+03 3.482073e-17 1.436912e+23 
5.937500e+03 3.575723e-17 1.399305e+23 
6.093750e+03 3.672521e-17 1.362449e+23 
6.250000e+03 3.770715e-17 1.326995e+23 
6.406250e+03 3.872064e-17 1.292288e+23 
6.562500e+03 3.974855e-17 1.258895e+23 
6.718750e+03 4.080832e-17 1.226228e+23 
6.875000e+03 4.188305e-17 1.194788e+23 
7.031250e+03 4.299020e-17 1.164044e+23 
7.187500e+03 4.411291e-17 1.134444e+23 
7.343750e+03 4.526879e-17 1.105503e+23 
7.500000e+03 4.644094e-17 1.077626e+23 
7.656250e+03 4.764720e-17 1.050369e+23 
7.812500e+03 4.887047e-17 1.024102e+23 
7.968750e+03 5.012901e-17 9.984165e+22 
8.125000e+03 5.140537e-17 9.736513e+22 
8.281250e+03 5.271832e-17 9.494274e+22 
8.437500e+03 5.404998e-17 9.260605e+22 
8.593750e+03 5.541971e-17 9.031971e+22 
8.750000e+03 5.680910e-17 8.811319e+22 
8.906250e+03 5.823822e-17 8.595342e+22 
9.062500e+03 5.968802e-17 8.386807e+22 
9.218750e+03 6.117936e-17 8.182609e+22 
9.375000e+03 6.269247e-17 7.985359e+22 
9.531250e+03 6.424911e-17 7.792131e+22 
9.687500e+03 6.582869e-17 7.605397e+22 
9.843750e+03 6.745394e-17 7.422391e+22 
1.000000e+04 6.910337e-17 7.245465e+22 
1.015625e+04 7.080080e-17 7.071996e+22 
1.031250e+04 7.252374e-17 6.904226e+22 
1.046875e+04 7.429717e-17 6.739664e+22 
1.062500e+04 7.609752e-17 6.580450e+22 
1.078125e+04 7.795106e-17 6.424217e+22 
1.093750e+04 7.983303e-17 6.273009e+22 
1.109375e+04 8.177106e-17 6.124571e+22 
1.125000e+04 8.373914e-17 5.980864e+22 
1.140625e+04 8.576637e-17 5.839733e+22 
1.156250e+04 8.782536e-17 5.703060e+22 
1.171875e+04 8.994680e-17 5.568786e+22 
1.187500e+04 9.210185e-17 5.438718e+22 
1.203125e+04 9.432287e-17 5.310888e+22 
1.218750e+04 9.657948e-17 5.187031e+22 
1.234375e+04 9.890583e-17 5.065263e+22 
1.250000e+04 1.012699e-16 4.947253e+22 
1.265625e+04 1.037077e-16 4.831194e+22 
1.281250e+04 1.061855e-16 4.718695e+22 
1.296875e+04 1.087413e-16 4.608022e+22 
1.312500e+04 1.113396e-16 4.500722e+22 
1.328125e+04 1.140205e-16 4.395134e+22 
1.343750e+04 1.167463e-16 4.292747e+22 
1.359375e+04 1.195598e-16 4.191965e+22 
1.375000e+04 1.224210e-16 4.094225e+22 
1.390625e+04 1.253751e-16 3.997993e+22 
1.406250e+04 1.283799e-16 3.904653e+22 
1.421875e+04 1.314831e-16 3.812731e+22 
1.437500e+04 1.346403e-16 3.723562e+22 
1.453125e+04 1.379019e-16 3.635729e+22 
1.468750e+04 1.412209e-16 3.550517e+22 
1.484375e+04 1.446507e-16 3.466568e+22 
1.500000e+04 1.481416e-16 3.385116e+22 
1.515625e+04 1.517501e-16 3.304857e+22 
1.531250e+04 1.554237e-16 3.226981e+22 
1.546875e+04 1.592222e-16 3.150234e+22 
1.562500e+04 1.630899e-16 3.075762e+22 
1.578125e+04 1.670904e-16 3.002362e+22 
1.593750e+04 1.711647e-16 2.931134e+22 
1.609375e+04 1.753800e-16 2.860924e+22 
1.625000e+04 1.796740e-16 2.792790e+22 
1.640625e+04 1.841178e-16 2.725625e+22 
1.656250e+04 1.886456e-16 2.660446e+22 
1.671875e+04 1.933325e-16 2.596191e+22 
1.687500e+04 1.981092e-16 2.533836e+22 
1.703125e+04 2.030548e-16 2.472365e+22 
1.718750e+04 2.080962e-16 2.412711e+22 
1.734375e+04 2.133171e-16 2.353905e+22 
1.750000e+04 2.186403e-16 2.296838e+22 
1.765625e+04 2.241541e-16 2.240586e+22 
1.781250e+04 2.297772e-16 2.185999e+22 
1.796875e+04 2.356027e-16 2.132196e+22 
1.812500e+04 2.415449e-16 2.079988e+22 
1.828125e+04 2.477018e-16 2.028536e+22 
1.843750e+04 2.539835e-16 1.978612e+22 
1.859375e+04 2.604927e-16 1.929420e+22 
1.875000e+04 2.671354e-16 1.881691e+22 
1.890625e+04 2.740191e-16 1.834672e+22 
1.906250e+04 2.810454e-16 1.789054e+22 
1.921875e+04 2.883268e-16 1.744126e+22 
1.937500e+04 2.957607e-16 1.700539e+22 
1.953125e+04 3.034642e-16 1.657624e+22 
1.968750e+04 3.113306e-16 1.615994e+22 
1.984375e+04 3.194817e-16 1.575019e+22 
2.000000e+04 3.278068e-16 1.535273e+22 
2.015625e+04 3.364321e-16 1.496169e+22 
2.031250e+04 3.452433e-16 1.458239e+22 
2.046875e+04 3.543704e-16 1.420939e+22 
2.062500e+04 3.636959e-16 1.384761e+22 
2.078125e+04 3.733534e-16 1.349200e+22 
2.093750e+04 3.832226e-16 1.314711e+22 
2.109375e+04 3.934399e-16 1.280829e+22 
2.125000e+04 4.038831e-16 1.247970e+22 
2.140625e+04 4.146904e-16 1.215707e+22 
2.156250e+04 4.257384e-16 1.184418e+22 
2.171875e+04 4.371666e-16 1.153717e+22 
2.187500e+04 4.488513e-16 1.123943e+22 
2.203125e+04 4.609319e-16 1.094748e+22 
2.218750e+04 4.732854e-16 1.066434e+22 
2.234375e+04 4.860502e-16 1.038690e+22 
2.250000e+04 4.991054e-16 1.011782e+22 
2.265625e+04 5.125867e-16 9.854348e+21 
2.281250e+04 5.263767e-16 9.598804e+21 
2.296875e+04 5.406074e-16 9.348763e+21 
2.312500e+04 5.551658e-16 9.106227e+21 
2.328125e+04 5.701790e-16 8.869088e+21 
2.343750e+04 5.855401e-16 8.639038e+21 
2.359375e+04 6.013697e-16 8.414269e+21 
2.375000e+04 6.175685e-16 8.196185e+21 
2.390625e+04 6.342497e-16 7.983251e+21 
2.406250e+04 6.513225e-16 7.776610e+21 
2.421875e+04 6.688923e-16 7.574969e+21 
2.437500e+04 6.868774e-16 7.379246e+21 
2.453125e+04 7.053756e-16 7.188350e+21 
2.468750e+04 7.243145e-16 7.003009e+21 
2.484375e+04 7.437855e-16 6.822300e+21 
2.500000e+04 7.637243e-16 6.646799e+21 
2.515625e+04 7.842187e-16 6.475708e+21 
2.531250e+04 8.052102e-16 6.309496e+21 
2.546875e+04 8.267877e-16 6.147440e+21 
2.562500e+04 8.488944e-16 5.989954e+21 
2.578125e+04 8.716271e-16 5.836340e+21 
2.593750e+04 8.949243e-16 5.687008e+21 
2.609375e+04 9.189002e-16 5.541232e+21 
2.625000e+04 9.434804e-16 5.399473e+21 
2.640625e+04 9.688089e-16 5.260924e+21 
2.656250e+04 9.947861e-16 5.126155e+21 
2.671875e+04 1.021602e-15 4.994222e+21 
2.687500e+04 1.049118e-15 4.865859e+21 
2.703125e+04 1.077589e-15 4.739940e+21 
2.718750e+04 1.106817e-15 4.617414e+21 
2.734375e+04 1.137146e-15 4.496928e+21 
2.750000e+04 1.168297e-15 4.379692e+21 
2.765625e+04 1.200728e-15 4.264097e+21 
2.781250e+04 1.234054e-15 4.151644e+21 
2.796875e+04 1.268876e-15 4.040456e+21 
2.812500e+04 1.304673e-15 3.932340e+21 
2.828125e+04 1.342214e-15 3.825150e+21 
2.843750e+04 1.380820e-15 3.721001e+21 
2.859375e+04 1.421449e-15 3.617500e+21 
2.875000e+04 1.463237e-15 3.517047e+21 
2.890625e+04 1.507352e-15 3.417040e+21 
2.906250e+04 1.552721e-15 3.320120e+21 
2.921875e+04 1.600733e-15 3.223537e+21 
2.937500e+04 1.650091e-15 3.130104e+21 
2.953125e+04 1.702402e-15 3.036996e+21 
2.968750e+04 1.756144e-15 2.947117e+21 
2.984375e+04 1.813122e-15 2.857646e+21 
3.000000e+04 1.871600e-15 2.771483e+21 
3.015625e+04 1.933545e-15 2.685897e+21 
3.031250e+04 1.997037e-15 2.603683e+21 
3.046875e+04 2.064150e-15 2.522280e+21 
3.062500e+04 2.132823e-15 2.444286e+21 
3.078125e+04 2.205166e-15 2.367379e+21 
3.093750e+04 2.279045e-15 2.293879e+21 
3.109375e+04 2.356510e-15 2.221760e+21 
3.125000e+04 2.435437e-15 2.152998e+21 
3.140625e+04 2.517713e-15 2.085908e+21 
3.156250e+04 2.601325e-15 2.022077e+21 
3.171875e+04 2.687871e-15 1.960189e+21 
3.187500e+04 2.775568e-15 1.901414e+21 
3.203125e+04 2.865592e-15 1.844822e+21 
3.218750e+04 2.956520e-15 1.791159e+21 
3.234375e+04 3.048963e-15 1.739884e+21 
3.250000e+04 3.142000e-15 1.691326e+21 
3.265625e+04 3.235524e-15 1.645328e+21 
3.281250e+04 3.329272e-15 1.601814e+21 
3.296875e+04 3.422258e-15 1.561008e+21 
3.312500e+04 3.515037e-15 1.522445e+21 
3.328125e+04 3.605585e-15 1.486723e+21 
3.343750e+04 3.695441e-15 1.453004e+21 
3.359375e+04 3.781372e-15 1.422257e+21 
3.375000e+04 3.866082e-15 1.393285e+21 
3.390625e+04 3.944948e-15 1.367430e+21 
3.406250e+04 4.022029e-15 1.343140e+21 
3.421875e+04 4.091129e-15 1.322143e+21 
3.437500e+04 4.157859e-15 1.302529e+21 
3.453125e+04 4.214257e-15 1.286436e+21 
3.468750e+04 4.267694e-15 1.271580e+21 
3.484375e+04 4.308256e-15 1.260550e+21 
3.500000e+04 4.345279e-15 1.250662e+21 
3.515625e+04 4.366734e-15 1.245008e+21 
3.531250e+04 4.384104e-15 1.240471e+21 
3.546875e+04 4.383143e-15 1.240722e+21 
3.562500e+04 4.377614e-15 1.242162e+21 
3.578125e+04 4.351066e-15 1.249131e+21 
3.593750e+04 4.319559e-15 1.257513e+21 
3.609375e+04 4.264664e-15 1.272413e+21 
3.625000e+04 4.204554e-15 1.289174e+21 
3.640625e+04 4.119381e-15 1.313761e+21 
3.656250e+04 4.028932e-15 1.341010e+21 
3.671875e+04 3.912980e-15 1.377785e+21 
3.687500e+04 3.791972e-15 1.418561e+21 
3.703125e+04 3.647002e-15 1.470974e+21 
3.718750e+04 3.497629e-15 1.529525e+21 
3.734375e+04 3.328782e-15 1.602035e+21 
3.750000e+04 3.156876e-15 1.683828e+21 
3.765625e+04 2.974079e-15 1.781175e+21 
3.781250e+04 2.790713e-15 1.891638e+21 
3.796875e+04 2.610144e-15 2.015584e+21 
3.812500e+04 2.433219e-15 2.154870e+21 
3.828125e+04 2.277467e-15 2.295400e+21 
3.843750e+04 2.131203e-15 2.446070e+21 
3.859375e+04 2.024016e-15 2.570312e+21 
3.875000e+04 1.931043e-15 2.689250e+21 
3.890625e+04 1.881992e-15 2.756732e+21 
3.906250e+04 1.846059e-15 2.808446e+21 
3.921875e+04 1.837965e-15 2.820371e+21 
3.937500e+04 1.836154e-15 2.823056e+21 
3.953125e+04 1.842188e-15 2.814135e+21 
3.968750e+04 1.847408e-15 2.806466e+21 
3.984375e+04 1.850300e-15 2.802236e+21 
4.000000e+04 1.853061e-15 2.798211e+21 
4.015625e+04 1.850300e-15 2.802236e+21 
4.031250e+04 1.847408e-15 2.806466e+21 
4.046875e+04 1.842188e-15 2.814135e+21 
4.062500e+04 1.836154e-15 2.823056e+21 
4.078125e+04 1.837965e-15 2.820371e+21 
4.093750e+04 1.846059e-15 2.808446e+21 
4.109375e+04 1.881992e-15 2.756732e+21 
4.125000e+04 1.931043e-15 2.689250e+21 
4.140625e+04 2.024016e-15 2.570312e+21 
4.156250e+04 2.131203e-15 2.446070e+21 
4.171875e+04 2.277467e-15 2.295400e+21 
4.187500e+04 2.433219e-15 2.154870e+21 
4.203125e+04 2.610144e-15 2.015584e+21 
4.218750e+04 2.790713e-15 1.891638e+21 
4.234375e+04 2.974079e-15 1.781175e+21 
4.250000e+04 3.156876e-15 1.683828e+21 
4.265625e+04 3.328782e-15 1.602035e+21 
4.281250e+04 3.497629e-15 1.529525e+21 
4.296875e+04 3.647002e-15 1.470974e+21 
4.312500e+04 3.791972e-15 1.418561e+21 
4.328125e+04 3.912980e-15 1.377785e+21 
4.343750e+04 4.028932e-15 1.341010e+21 
4.359375e+04 4.119381e-15 1.313761e+21 
4.375000e+04 4.204554e-15 1.289174e+21 
4.390625e+04 4.264664e-15 1.272413e+21 
4.406250e+04 4.319559e-15 1.257513e+21 
4.421875e+04 4.351066e-15 1.249131e+21 
4.437500e+04 4.377614e-15 1.242162e+21 
4.453125e+04 4.383143e-15 1.240722e+21 
4.468750e+04 4.384104e-15 1.240471e+21 
4.484375e+04 4.366734e-15 1.245008e+21 
4.500000e+04 4.345279e-15 1.250662e+21 
4.515625e+04 4.308256e-15 1.260550e+21 
4.531250e+04 4.267694e-15 1.271580e+21 
4.546875e+04 4.214257e-15 1.286436e+21 
4.562500e+04 4.157859e-15 1.302529e+21 
4.578125e+04 4.091129e-15 1.322143e+21 
4.593750e+04 4.022029e-15 1.343140e+21 
4.609375e+04 3.944948e-15 1.367430e+21 
4.625000e+04 3.866082e-15 1.393285e+21 
4.640625e+04 3.781372e-15 1.422257e+21 
4.656250e+04 3.695441e-15 1.453004e+21 
4.671875e+04 3.605585e-15 1.486723e+21 
4.687500e+04 3.515037e-15 1.522445e+21 
4.703125e+04 3.422258e-15 1.561008e+21 
4.718750e+04 3.329272e-15 1.601814e+21 
4.734375e+04 3.235524e-15 1.645328e+21 
4.750000e+04 3.142000e-15 1.691326e+21 
4.765625e+04 3.048963e-15 1.739884e+21 
4.781250e+04 2.956520e-15 1.791159e+21 
4.796875e+04 2.865592e-15 1.844822e+21 
4.812500e+04 2.775568e-15 1.901414e+21 
4.828125e+04 2.687871e-15 1.960189e+21 
4.843750e+04 2.601325e-15 2.022077e+21 
4.859375e+04 2.517713e-15 2.085908e+21 
4.875000e+04 2.435437e-15 2.152998e+21 
4.890625e+04 2.356510e-15 2.221760e+21 
4.906250e+04 2.279045e-15 2.293879e+21 
4.921875e+04 2.205166e-15 2.367379e+21 
4.937500e+04 2.132823e-15 2.444286e+21 
4.953125e+04 2.064150e-15 2.522280e+21 
4.968750e+04 1.997037e-15 2.603683e+21 
4.984375e+04 1.933545e-15 2.685897e+21 
5.000000e+04 1.871600e-15 2.771483e+21 
5.015625e+04 1.813122e-15 2.857646e+21 
5.031250e+04 1.756144e-15 2.947117e+21 
5.046875e+04 1.702402e-15 3.036996e+21 
5.062500e+04 1.650091e-15 3.130104e+21 
5.078125e+04 1.600733e-15 3.223537e+21 
5.093750e+04 1.552721e-15 3.320120e+21 
5.109375e+04 1.507352e-15 3.417040e+21 
5.125000e+04 1.463237e-15 3.517047e+21 
5.140625e+04 1.421449e-15 3.617500e+21 
5.156250e+04 1.380820e-15 3.721001e+21 
5.171875e+04 1.342214e-15 3.825150e+21 
5.187500e+04 1.304673e-15 3.932340e+21 
5.203125e+04 1.268876e-15 4.040456e+21 
5.218750e+04 1.234054e-15 4.151644e+21 
5.234375e+04 1.200728e-15 4.264097e+21 
5.250000e+04 1.168297e-15 4.379692e+21 
5.265625e+04 1.137146e-15 4.496928e+21 
5.281250e+04 1.106817e-15 4.617414e+21 
5.296875e+04 1.077589e-15 4.739940e+21 
5.312500e+04 1.049118e-15 4.865859e+21 
5.328125e+04 1.021602e-15 4.994222e+21 
5.343750e+04 9.947861e-16 5.126155e+21 
5.359375e+04 9.688089e-16 5.260924e+21 
5.375000e+04 9.434804e-16 5.399473e+21 
5.390625e+04 9.189002e-16 5.541232e+21 
5.406250e+04 8.949243e-16 5.687008e+21 
5.421875e+04 8.716271e-16 5.836340e+21 
5.437500e+04 8.488944e-16 5.989954e+21 
5.453125e+04 8.267877e-16 6.147440e+21 
5.468750e+04 8.052102e-16 6.309496e+21 
5.484375e+04 7.842187e-16 6.475708e+21 
5.500000e+04 7.637243e-16 6.646799e+21 
5.515625e+04 7.437855e-16 6.822300e+21 
5.531250e+04 7.243145e-16 7.003009e+21 
5.546875e+04 7.053756e-16 7.188350e+21 
5.562500e+04 6.868774e-16 7.379246e+21 
5.578125e+04 6.688923e-16 7.574969e+21 
5.593750e+04 6.513225e-16 7.776610e+21 
5.609375e+04 6.342497e-16 7.983251e+21 
5.625000e+04 6.175685e-16 8.196185e+21 
5.640625e+04 6.013697e-16 8.414269e+21 
5.656250e+04 5.855401e-16 8.639038e+21 
5.671875e+04 5.701790e-16 8.869088e+21 
5.687500e+04 5.551658e-16 9.106227e+21 
5.703125e+04 5.406074e-16 9.348763e+21 
5.718750e+04 5.263767e-16 9.598804e+21 
5.734375e+04 5.125867e-16 9.854348e+21 
5.750000e+04 4.991054e-16 1.011782e+22 
5.765625e+04 4.860502e-16 1.038690e+22 
5.781250e+04 4.732854e-16 1.066434e+22 
5.796875e+04 4.609319e-16 1.094748e+22 
5.812500e+04 4.488513e-16 1.123943e+22 
5.828125e+04 4.371666e-16 1.153717e+22 
5.843750e+04 4.257384e-16 1.184418e+22 
5.859375e+04 4.146904e-16 1.215707e+22 
5.875000e+04 4.038831e-16 1.247970e+22 
5.890625e+04 3.934399e-16 1.280829e+22 
5.906250e+04 3.832226e-16 1.314711e+22 
5.921875e+04 3.733534e-16 1.349200e+22 
5.937500e+04 3.636959e-16 1.384761e+22 
5.953125e+04 3.543704e-16 1.420939e+22 
5.968750e+04 3.452433e-16 1.458239e+22 
5.984375e+04 3.364321e-16 1.496169e+22 
6.000000e+04 3.278068e-16 1.535273e+22 
6.015625e+04 3.194817e-16 1.575019e+22 
6.031250e+04 3.113306e-16 1.615994e+22 
6.046875e+04 3.034642e-16 1.657624e+22 
6.062500e+04 2.957607e-16 1.700539e+22 
6.078125e+04 2.883268e-16 1.744126e+22 
6.093750e+04 2.810454e-16 1.789054e+22 
6.109375e+04 2.740191e-16 1.834672e+22 
6.125000e+04 2.671354e-16 1.881691e+22 
6.140625e+04 2.604927e-16 1.929420e+22 
6.156250e+04 2.539835e-16 1.978612e+22 
6.171875e+04 2.477018e-16 2.028536e+22 
6.187500e+04 2.415449e-16 2.079988e+22 
6.203125e+04 2.356027e-16 2.132196e+22 
6.218750e+04 2.297772e-16 2.185999e+22 
6.234375e+04 2.241541e-16 2.240586e+22 
6.250000e+04 2.186403e-16 2.296838e+22 
6.265625e+04 2.133171e-16 2.353905e+22 
6.281250e+04 2.080962e-16 2.412711e+22 
6.296875e+04 2.030548e-16 2.472365e+22 
6.312500e+04 1.981092e-16 2.533836e+22 
6.328125e+04 1.933325e-16 2.596191e+22 
6.343750e+04 1.886456e-16 2.660446e+22 
6.359375e+04 1.841178e-16 2.725625e+22 
6.375000e+04 1.796740e-16 2.792790e+22 
6.390625e+04 1.753800e-16 2.860924e+22 
6.406250e+04 1.711647e-16 2.931134e+22 
6.421875e+04 1.670904e-16 3.002362e+22 
6.437500e+04 1.630899e-16 3.075762e+22 
6.453125e+04 1.592222e-16 3.150234e+22 
6.468750e+04 1.554237e-16 3.226981e+22 
6.484375e+04 1.517501e-16 3.304857e+22 
6.500000e+04 1.481416e-16 3.385116e+22 
6.515625e+04 1.446507e-16 3.466568e+22 
6.531250e+04 1.412209e-16 3.550517e+22 
6.546875e+04 1.379019e-16 3.635729e+22 
6.562500e+04 1.346403e-16 3.723562e+22 
6.578125e+04 1.314831e-16 3.812731e+22 
6.593750e+04 1.283799e-16 3.904653e+22 
6.609375e+04 1.253751e-16 3.997993e+22 
6.625000e+04 1.224210e-16 4.094225e+22 
6.640625e+04 1.195598e-16 4.191965e+22 
6.656250e+04 1.167463e-16 4.292747e+22 
6.671875e+04 1.140205e-16 4.395134e+22 
6.687500e+04 1.113396e-16 4.500722e+22 
6.703125e+04 1.087413e-16 4.608022e+22 
6.718750e+04 1.061855e-16 4.718695e+22 
6.734375e+04 1.037077e-16 4.831194e+22 
6.750000e+04 1.012699e-16 4.947253e+22 
6.765625e+04 9.890583e-17 5.065263e+22 
6.781250e+04 9.657948e-17 5.187031e+22 
6.796875e+04 9.432287e-17 5.310888e+22 
6.812500e+04 9.210185e-17 5.438718e+22 
6.828125e+04 8.994680e-17 5.568786e+22 
6.843750e+04 8.782536e-17 5.703060e+22 
6.859375e+04 8.576637e-17 5.839733e+22 
6.875000e+04 8.373914e-17 5.980864e+22 
6.890625e+04 8.177106e-17 6.124571e+22 
6.906250e+04 7.983303e-17 6.273009e+22 
6.921875e+04 7.795106e-17 6.424217e+22 
6.937500e+04 7.609752e-17 6.580450e+22 
6.953125e+04 7.429717e-17 6.739664e+22 
6.968750e+04 7.252374e-17 6.904226e+22 
6.984375e+04 7.080080e-17 7.071996e+22 
7.000000e+04 6.910337e-17 7.245465e+22 
7.015625e+04 6.745394e-17 7.422391e+22 
7.031250e+04 6.582869e-17 7.605397e+22 
7.046875e+04 6.424911e-17 7.792131e+22 
7.062500e+04 6.269247e-17 7.985359e+22 
7.078125e+04 6.117936e-17 8.182609e+22 
7.093750e+04 5.968802e-17 8.386807e+22 
7.109375e+04 5.823822e-17 8.595342e+22 
7.125000e+04 5.680910e-17 8.811319e+22 
7.140625e+04 5.541971e-17 9.031971e+22 
7.156250e+04 5.404998e-17 9.260605e+22 
7.171875e+04 5.271832e-17 9.494274e+22 
7.187500e+04 5.140537e-17 9.736513e+22 
7.203125e+04 5.012901e-17 9.984165e+22 
7.218750e+04 4.887047e-17 1.024102e+23 
7.234375e+04 4.764720e-17 1.050369e+23 
7.250000e+04 4.644094e-17 1.077626e+23 
7.265625e+04 4.526879e-17 1.105503e+23 
7.281250e+04 4.411291e-17 1.134444e+23 
7.296875e+04 4.299020e-17 1.164044e+23 
7.312500e+04 4.188305e-17 1.194788e+23 
7.328125e+04 4.080832e-17 1.226228e+23 
7.343750e+04 3.974855e-17 1.258895e+23 
7.359375e+04 3.872064e-17 1.292288e+23 
7.375000e+04 3.770715e-17 1.326995e+23 
7.390625e+04 3.672521e-17 1.362449e+23 
7.406250e+04 3.575723e-17 1.399305e+23 
7.421875e+04 3.482073e-17 1.436912e+23 
7.437500e+04 3.389780e-17 1.476007e+23 
7.453125e+04 3.300654e-17 1.515836e+23 
7.468750e+04 3.212856e-17 1.557232e+23 
7.484375e+04 3.128269e-17 1.599312e+23 
7.500000e+04 3.044994e-17 1.643023e+23 
7.515625e+04 2.964995e-17 1.687327e+23 
7.531250e+04 2.886301e-17 1.733303e+23 
7.546875e+04 2.810974e-17 1.779725e+23 
7.562500e+04 2.736955e-17 1.827829e+23 
7.578125e+04 2.666407e-17 1.876164e+23 
7.593750e+04 2.597184e-17 1.926143e+23 
7.609375e+04 2.531543e-17 1.976061e+23 
7.625000e+04 2.467250e-17 2.027528e+23 
7.640625e+04 2.406649e-17 2.078557e+23 
7.656250e+04 2.347428e-17 2.130969e+23 
7.671875e+04 2.291993e-17 2.182486e+23 
7.687500e+04 2.237972e-17 2.235143e+23 
7.703125e+04 2.187802e-17 2.286376e+23 
7.718750e+04 2.139082e-17 2.338427e+23 
7.734375e+04 2.094241e-17 2.388477e+23 
7.750000e+04 2.050881e-17 2.438952e+23 
7.765625e+04 2.011386e-17 2.486824e+23 
7.781250e+04 1.973399e-17 2.534675e+23 
7.796875e+04 1.939225e-17 2.579324e+23 
7.812500e+04 1.906579e-17 2.623473e+23 
7.828125e+04 1.877670e-17 2.663848e+23 
7.843750e+04 1.850304e-17 2.703231e+23 
7.859375e+04 1.826593e-17 2.738309e+23 
7.875000e+04 1.804437e-17 2.771920e+23 
7.890625e+04 1.785860e-17 2.800743e+23 
7.906250e+04 1.768852e-17 2.827664e+23 
7.921875e+04 1.755369e-17 2.849376e+23 
7.937500e+04 1.743467e-17 2.868821e+23 
7.953125e+04 1.735059e-17 2.882718e+23 
7.968750e+04 1.728242e-17 2.894084e+23 
7.984375e+04 1.724906e-17 2.899681e+23 
8.000000e+04 1.723168e-17 2.902604e+23 
