0.000000e+00 2.016244e-19 1.000000e+25 
4.166667e+02 2.018683e-19 1.000000e+25 
8.333333e+02 2.024053e-19 1.000000e+25 
1.250000e+03 2.034287e-19 1.000000e+25 
1.666667e+03 2.047424e-19 1.000000e+25 
2.083333e+03 2.065388e-19 1.000000e+25 
2.500000e+03 2.086205e-19 1.000000e+25 
2.916667e+03 2.111794e-19 1.000000e+25 
3.333333e+03 2.140170e-19 1.000000e+25 
3.750000e+03 2.173255e-19 1.000000e+25 
4.166667e+03 2.209054e-19 1.000000e+25 
4.583333e+03 2.249507e-19 1.000000e+25 
5.000000e+03 2.292604e-19 1.000000e+25 
5.416667e+03 2.340322e-19 1.000000e+25 
5.833333e+03 2.390625e-19 1.000000e+25 
6.250000e+03 2.445552e-19 1.000000e+25 
6.666667e+03 2.503027e-19 1.000000e+25 
7.083333e+03 2.565181e-19 1.000000e+25 
7.500000e+03 2.629873e-19 1.000000e+25 
7.916667e+03 2.699355e-19 1.000000e+25 
8.333333e+03 2.771396e-19 1.000000e+25 
8.750000e+03 2.848391e-19 1.000000e+25 
9.166667e+03 2.927996e-19 1.000000e+25 
9.583333e+03 3.012745e-19 1.000000e+25 
1.000000e+04 3.100175e-19 1.000000e+25 
1.041667e+04 3.192925e-19 1.000000e+25 
1.083333e+04 3.288441e-19 1.000000e+25 
1.125000e+04 3.389419e-19 1.000000e+25 
1.166667e+04 3.493258e-19 1.000000e+25 
1.208333e+04 3.602644e-19 1.000000e+25 
1.250000e+04 3.714989e-19 1.000000e+25 
1.291667e+04 3.832922e-19 1.000000e+25 
1.333333e+04 3.953928e-19 1.000000e+25 
1.375000e+04 4.080508e-19 1.000000e+25 
1.416667e+04 4.210284e-19 1.000000e+25 
1.458333e+04 4.345674e-19 1.000000e+25 
1.500000e+04 4.484437e-19 1.000000e+25 
1.541667e+04 4.629253e-19 1.000000e+25 
1.583333e+04 4.777792e-19 1.000000e+25 
1.625000e+04 4.933327e-19 1.000000e+25 
1.666667e+04 5.093044e-19 1.000000e+25 
1.708333e+04 5.260804e-19 1.000000e+25 
1.750000e+04 5.433114e-19 1.000000e+25 
1.791667e+04 5.614336e-19 1.000000e+25 
1.833333e+04 5.800402e-19 1.000000e+25 
1.875000e+04 5.996831e-19 1.000000e+25 
1.916667e+04 6.198789e-19 1.000000e+25 
1.958333e+04 6.414529e-19 1.000000e+25 
2.000000e+04 6.637237e-19 1.000000e+25 
2.041667e+04 6.879768e-19 1.000000e+25 
2.083333e+04 7.131385e-19 1.000000e+25 
2.125000e+04 7.410273e-19 1.000000e+25 
2.166667e+04 7.700507e-19 1.000000e+25 
2.208333e+04 8.023448e-19 1.000000e+25 
2.250000e+04 8.359068e-19 1.000000e+25 
2.291667e+04 8.727428e-19 1.000000e+25 
2.333333e+04 9.108499e-19 1.000000e+25 
2.375000e+04 9.515484e-19 1.000000e+25 
2.416667e+04 9.934339e-19 1.000000e+25 
2.458333e+04 1.036688e-18 1.000000e+25 
2.500000e+04 1.081094e-18 1.000000e+25 
2.541667e+04 1.125536e-18 1.000000e+25 
2.583333e+04 1.171264e-18 1.000000e+25 
2.625000e+04 1.216013e-18 1.000000e+25 
2.666667e+04 1.262375e-18 1.000000e+25 
2.708333e+04 1.308812e-18 1.000000e+25 
2.750000e+04 1.358994e-18 1.000000e+25 
2.791667e+04 1.417076e-18 1.000000e+25 
2.833333e+04 1.482629e-18 1.000000e+25 
2.875000e+04 1.541037e-18 1.000000e+25 
2.916667e+04 1.603109e-18 1.000000e+25 
2.958333e+04 1.680438e-18 1.000000e+25 
3.000000e+04 1.762919e-18 1.000000e+25 
3.041667e+04 1.857288e-18 1.000000e+25 
3.083333e+04 1.843434e-18 1.000000e+25 
3.125000e+04 1.837878e-18 1.000000e+25 
3.166667e+04 1.595694e-18 1.000000e+25 
3.208333e+04 1.229014e-17 2.647610e+24 
3.250000e+04 2.609449e-17 1.189548e+24 
3.291667e+04 1.158902e-16 2.719992e+23 
3.333333e+04 2.413173e-16 1.282674e+23 
3.375000e+04 8.063167e-16 3.835503e+22 
3.416667e+04 1.664986e-15 1.840012e+22 
3.458333e+04 3.891479e-15 7.813767e+21 
3.500000e+04 6.880772e-15 4.392632e+21 
3.541667e+04 1.115956e-14 2.672051e+21 
3.583333e+04 1.551218e-14 1.896595e+21 
3.625000e+04 1.740671e-14 1.631537e+21 
3.666667e+04 1.803685e-14 1.510304e+21 
3.708333e+04 1.399429e-14 1.826385e+21 
3.750000e+04 8.351471e-15 2.839750e+21 
3.791667e+04 3.290485e-15 6.762718e+21 
3.833333e+04 1.745682e-16 1.465944e+23 
3.875000e+04 9.274907e-17 2.641627e+23 
3.916667e+04 1.285634e-17 2.149688e+24 
3.958333e+04 7.679621e-18 3.499075e+24 
4.000000e+04 3.967094e-18 6.420298e+24 
4.041667e+04 7.679621e-18 3.499075e+24 
4.083333e+04 1.285634e-17 2.149688e+24 
4.125000e+04 9.274907e-17 2.641627e+23 
4.166667e+04 1.745682e-16 1.465944e+23 
4.208333e+04 3.290485e-15 6.762718e+21 
4.250000e+04 8.351471e-15 2.839750e+21 
4.291667e+04 1.399429e-14 1.826385e+21 
4.333333e+04 1.803685e-14 1.510304e+21 
4.375000e+04 1.740671e-14 1.631537e+21 
4.416667e+04 1.551218e-14 1.896595e+21 
4.458333e+04 1.115956e-14 2.672051e+21 
4.500000e+04 6.880772e-15 4.392632e+21 
4.541667e+04 3.891479e-15 7.813767e+21 
4.583333e+04 1.664986e-15 1.840012e+22 
4.625000e+04 8.063167e-16 3.835503e+22 
4.666667e+04 2.413173e-16 1.282674e+23 
4.708333e+04 1.158902e-16 2.719992e+23 
4.750000e+04 2.609449e-17 1.189548e+24 
4.791667e+04 1.229014e-17 2.647610e+24 
4.833333e+04 1.595694e-18 1.000000e+25 
4.875000e+04 1.837878e-18 1.000000e+25 
4.916667e+04 1.843434e-18 1.000000e+25 
4.958333e+04 1.857288e-18 1.000000e+25 
5.000000e+04 1.762919e-18 1.000000e+25 
5.041667e+04 1.680438e-18 1.000000e+25 
5.083333e+04 1.603109e-18 1.000000e+25 
5.125000e+04 1.541037e-18 1.000000e+25 
5.166667e+04 1.482629e-18 1.000000e+25 
5.208333e+04 1.417076e-18 1.000000e+25 
5.250000e+04 1.358994e-18 1.000000e+25 
5.291667e+04 1.308812e-18 1.000000e+25 
5.333333e+04 1.262375e-18 1.000000e+25 
5.375000e+04 1.216013e-18 1.000000e+25 
5.416667e+04 1.171264e-18 1.000000e+25 
5.458333e+04 1.125536e-18 1.000000e+25 
5.500000e+04 1.081094e-18 1.000000e+25 
5.541667e+04 1.036688e-18 1.000000e+25 
5.583333e+04 9.934339e-19 1.000000e+25 
5.625000e+04 9.515484e-19 1.000000e+25 
5.666667e+04 9.108499e-19 1.000000e+25 
5.708333e+04 8.727428e-19 1.000000e+25 
5.750000e+04 8.359068e-19 1.000000e+25 
5.791667e+04 8.023448e-19 1.000000e+25 
5.833333e+04 7.700507e-19 1.000000e+25 
5.875000e+04 7.410273e-19 1.000000e+25 
5.916667e+04 7.131385e-19 1.000000e+25 
5.958333e+04 6.879768e-19 1.000000e+25 
6.000000e+04 6.637237e-19 1.000000e+25 
6.041667e+04 6.414529e-19 1.000000e+25 
6.083333e+04 6.198789e-19 1.000000e+25 
6.125000e+04 5.996831e-19 1.000000e+25 
6.166667e+04 5.800402e-19 1.000000e+25 
6.208333e+04 5.614336e-19 1.000000e+25 
6.250000e+04 5.433114e-19 1.000000e+25 
6.291667e+04 5.260804e-19 1.000000e+25 
6.333333e+04 5.093044e-19 1.000000e+25 
6.375000e+04 4.933327e-19 1.000000e+25 
6.416667e+04 4.777792e-19 1.000000e+25 
6.458333e+04 4.629253e-19 1.000000e+25 
6.500000e+04 4.484437e-19 1.000000e+25 
6.541667e+04 4.345674e-19 1.000000e+25 
6.583333e+04 4.210284e-19 1.000000e+25 
6.625000e+04 4.080508e-19 1.000000e+25 
6.666667e+04 3.953928e-19 1.000000e+25 
6.708333e+04 3.832922e-19 1.000000e+25 
6.750000e+04 3.714989e-19 1.000000e+25 
6.791667e+04 3.602644e-19 1.000000e+25 
6.833333e+04 3.493258e-19 1.000000e+25 
6.875000e+04 3.389419e-19 1.000000e+25 
6.916667e+04 3.288441e-19 1.000000e+25 
6.958333e+04 3.192925e-19 1.000000e+25 
7.000000e+04 3.100175e-19 1.000000e+25 
7.041667e+04 3.012745e-19 1.000000e+25 
7.083333e+04 2.927996e-19 1.000000e+25 
7.125000e+04 2.848391e-19 1.000000e+25 
7.166667e+04 2.771396e-19 1.000000e+25 
7.208333e+04 2.699355e-19 1.000000e+25 
7.250000e+04 2.629873e-19 1.000000e+25 
7.291667e+04 2.565181e-19 1.000000e+25 
7.333333e+04 2.503027e-19 1.000000e+25 
7.375000e+04 2.445552e-19 1.000000e+25 
7.416667e+04 2.390625e-19 1.000000e+25 
7.458333e+04 2.340322e-19 1.000000e+25 
7.500000e+04 2.292604e-19 1.000000e+25 
7.541667e+04 2.249507e-19 1.000000e+25 
7.583333e+04 2.209054e-19 1.000000e+25 
7.625000e+04 2.173255e-19 1.000000e+25 
7.666667e+04 2.140170e-19 1.000000e+25 
7.708333e+04 2.111794e-19 1.000000e+25 
7.750000e+04 2.086205e-19 1.000000e+25 
7.791667e+04 2.065388e-19 1.000000e+25 
7.833333e+04 2.047424e-19 1.000000e+25 
7.875000e+04 2.034287e-19 1.000000e+25 
7.916667e+04 2.024053e-19 1.000000e+25 
7.958333e+04 2.018683e-19 1.000000e+25 
8.000000e+04 2.016244e-19 1.000000e+25 
