0.000000e+00 2.095726e-19 1.000000e+25 
3.125000e+02 2.097163e-19 1.000000e+25 
6.250000e+02 2.100311e-19 1.000000e+25 
9.375000e+02 2.106329e-19 1.000000e+25 
1.250000e+03 2.114048e-19 1.000000e+25 
1.562500e+03 2.124624e-19 1.000000e+25 
1.875000e+03 2.136885e-19 1.000000e+25 
2.187500e+03 2.151983e-19 1.000000e+25 
2.500000e+03 2.168740e-19 1.000000e+25 
2.812500e+03 2.188312e-19 1.000000e+25 
3.125000e+03 2.209514e-19 1.000000e+25 
3.437500e+03 2.233505e-19 1.000000e+25 
3.750000e+03 2.259096e-19 1.000000e+25 
4.062500e+03 2.287455e-19 1.000000e+25 
4.375000e+03 2.317381e-19 1.000000e+25 
4.687500e+03 2.350063e-19 1.000000e+25 
5.000000e+03 2.384284e-19 1.000000e+25 
5.312500e+03 2.421257e-19 1.000000e+25 
5.625000e+03 2.459747e-19 1.000000e+25 
5.937500e+03 2.501003e-19 1.000000e+25 
6.250000e+03 2.543761e-19 1.000000e+25 
6.562500e+03 2.589316e-19 1.000000e+25 
6.875000e+03 2.636366e-19 1.000000e+25 
7.187500e+03 2.686260e-19 1.000000e+25 
7.500000e+03 2.737655e-19 1.000000e+25 
7.812500e+03 2.791951e-19 1.000000e+25 
8.125000e+03 2.847761e-19 1.000000e+25 
8.437500e+03 2.906528e-19 1.000000e+25 
8.750000e+03 2.966825e-19 1.000000e+25 
9.062500e+03 3.030115e-19 1.000000e+25 
9.375000e+03 3.094953e-19 1.000000e+25 
9.687500e+03 3.162775e-19 1.000000e+25 
1.000000e+04 3.232157e-19 1.000000e+25 
1.031250e+04 3.304469e-19 1.000000e+25 
1.062500e+04 3.378348e-19 1.000000e+25 
1.093750e+04 3.455078e-19 1.000000e+25 
1.125000e+04 3.533393e-19 1.000000e+25 
1.156250e+04 3.614518e-19 1.000000e+25 
1.187500e+04 3.697276e-19 1.000000e+25 
1.218750e+04 3.782908e-19 1.000000e+25 
1.250000e+04 3.870265e-19 1.000000e+25 
1.281250e+04 3.960687e-19 1.000000e+25 
1.312500e+04 4.052968e-19 1.000000e+25 
1.343750e+04 4.148571e-19 1.000000e+25 
1.375000e+04 4.246171e-19 1.000000e+25 
1.406250e+04 4.347322e-19 1.000000e+25 
1.437500e+04 4.450587e-19 1.000000e+25 
1.468750e+04 4.557524e-19 1.000000e+25 
1.500000e+04 4.666655e-19 1.000000e+25 
1.531250e+04 4.779487e-19 1.000000e+25 
1.562500e+04 4.894581e-19 1.000000e+25 
1.593750e+04 5.013442e-19 1.000000e+25 
1.625000e+04 5.134670e-19 1.000000e+25 
1.656250e+04 5.259909e-19 1.000000e+25 
1.687500e+04 5.387690e-19 1.000000e+25 
1.718750e+04 5.519983e-19 1.000000e+25 
1.750000e+04 5.655060e-19 1.000000e+25 
1.781250e+04 5.795369e-19 1.000000e+25 
1.812500e+04 5.938745e-19 1.000000e+25 
1.843750e+04 6.088137e-19 1.000000e+25 
1.875000e+04 6.240860e-19 1.000000e+25 
1.906250e+04 6.400267e-19 1.000000e+25 
1.937500e+04 6.563204e-19 1.000000e+25 
1.968750e+04 6.733220e-19 1.000000e+25 
2.000000e+04 6.906862e-19 1.000000e+25 
2.031250e+04 7.087630e-19 1.000000e+25 
2.062500e+04 7.272022e-19 1.000000e+25 
2.093750e+04 7.463421e-19 1.000000e+25 
2.125000e+04 7.658457e-19 1.000000e+25 
2.156250e+04 7.860804e-19 1.000000e+25 
2.187500e+04 8.067042e-19 1.000000e+25 
2.218750e+04 8.282233e-19 1.000000e+25 
2.250000e+04 8.502095e-19 1.000000e+25 
2.281250e+04 8.734717e-19 1.000000e+25 
2.312500e+04 8.973495e-19 1.000000e+25 
2.343750e+04 9.230696e-19 1.000000e+25 
2.375000e+04 9.495885e-19 1.000000e+25 
2.406250e+04 9.785686e-19 1.000000e+25 
2.437500e+04 1.008515e-18 1.000000e+25 
2.468750e+04 1.041395e-18 1.000000e+25 
2.500000e+04 1.075336e-18 1.000000e+25 
2.531250e+04 1.112306e-18 1.000000e+25 
2.562500e+04 1.150304e-18 1.000000e+25 
2.593750e+04 1.190918e-18 1.000000e+25 
2.625000e+04 1.232414e-18 1.000000e+25 
2.656250e+04 1.275623e-18 1.000000e+25 
2.687500e+04 1.319507e-18 1.000000e+25 
2.718750e+04 1.363868e-18 1.000000e+25 
2.750000e+04 1.408723e-18 1.000000e+25 
2.781250e+04 1.452761e-18 1.000000e+25 
2.812500e+04 1.497229e-18 1.000000e+25 
2.843750e+04 1.539877e-18 1.000000e+25 
2.875000e+04 1.583249e-18 1.000000e+25 
2.906250e+04 1.624314e-18 1.000000e+25 
2.937500e+04 1.666189e-18 1.000000e+25 
2.968750e+04 1.705380e-18 1.000000e+25 
3.000000e+04 1.747844e-18 1.000000e+25 
3.031250e+04 1.793760e-18 1.000000e+25 
3.062500e+04 1.840357e-18 1.000000e+25 
3.093750e+04 1.877687e-18 1.000000e+25 
3.125000e+04 1.921705e-18 1.000000e+25 
3.156250e+04 2.002001e-18 1.000000e+25 
3.187500e+04 2.109567e-18 1.000000e+25 
3.218750e+04 2.103425e-18 1.000000e+25 
3.250000e+04 2.015986e-18 1.000000e+25 
3.281250e+04 5.992628e-18 5.393389e+24 
3.312500e+04 1.065490e-17 3.243934e+24 
3.343750e+04 3.713674e-17 9.758052e+23 
3.375000e+04 7.014829e-17 5.019623e+23 
3.406250e+04 2.201996e-16 1.637243e+23 
3.437500e+04 4.095879e-16 8.524849e+22 
3.468750e+04 1.068995e-15 3.299265e+22 
3.500000e+04 1.912333e-15 1.804463e+22 
3.531250e+04 3.866095e-15 8.907221e+21 
3.562500e+04 6.183441e-15 5.493347e+21 
3.593750e+04 9.380779e-15 3.576442e+21 
3.625000e+04 1.263379e-14 2.622353e+21 
3.656250e+04 1.469717e-14 2.195843e+21 
3.687500e+04 1.634743e-14 1.929656e+21 
3.718750e+04 1.481869e-14 2.023278e+21 
3.750000e+04 1.266017e-14 2.255583e+21 
3.781250e+04 8.000008e-15 3.361505e+21 
3.812500e+04 3.208665e-15 7.825643e+21 
3.843750e+04 1.340042e-15 1.928508e+22 
3.875000e+04 1.640486e-16 1.543841e+23 
3.906250e+04 1.461817e-16 1.882979e+23 
3.937500e+04 1.005187e-16 2.960027e+23 
3.968750e+04 7.658073e-17 3.693663e+23 
4.000000e+04 4.972242e-17 5.205745e+23 
4.031250e+04 7.658073e-17 3.693663e+23 
4.062500e+04 1.005187e-16 2.960027e+23 
4.093750e+04 1.461817e-16 1.882979e+23 
4.125000e+04 1.640486e-16 1.543841e+23 
4.156250e+04 1.340042e-15 1.928508e+22 
4.187500e+04 3.208665e-15 7.825643e+21 
4.218750e+04 8.000008e-15 3.361505e+21 
4.250000e+04 1.266017e-14 2.255583e+21 
4.281250e+04 1.481869e-14 2.023278e+21 
4.312500e+04 1.634743e-14 1.929656e+21 
4.343750e+04 1.469717e-14 2.195843e+21 
4.375000e+04 1.263379e-14 2.622353e+21 
4.406250e+04 9.380779e-15 3.576442e+21 
4.437500e+04 6.183441e-15 5.493347e+21 
4.468750e+04 3.866095e-15 8.907221e+21 
4.500000e+04 1.912333e-15 1.804463e+22 
4.531250e+04 1.068995e-15 3.299265e+22 
4.562500e+04 4.095879e-16 8.524849e+22 
4.593750e+04 2.201996e-16 1.637243e+23 
4.625000e+04 7.014829e-17 5.019623e+23 
4.656250e+04 3.713674e-17 9.758052e+23 
4.687500e+04 1.065490e-17 3.243934e+24 
4.718750e+04 5.992628e-18 5.393389e+24 
4.750000e+04 2.015986e-18 1.000000e+25 
4.781250e+04 2.103425e-18 1.000000e+25 
4.812500e+04 2.109567e-18 1.000000e+25 
4.843750e+04 2.002001e-18 1.000000e+25 
4.875000e+04 1.921705e-18 1.000000e+25 
4.906250e+04 1.877687e-18 1.000000e+25 
4.937500e+04 1.840357e-18 1.000000e+25 
4.968750e+04 1.793760e-18 1.000000e+25 
5.000000e+04 1.747844e-18 1.000000e+25 
5.031250e+04 1.705380e-18 1.000000e+25 
5.062500e+04 1.666189e-18 1.000000e+25 
5.093750e+04 1.624314e-18 1.000000e+25 
5.125000e+04 1.583249e-18 1.000000e+25 
5.156250e+04 1.539877e-18 1.000000e+25 
5.187500e+04 1.497229e-18 1.000000e+25 
5.218750e+04 1.452761e-18 1.000000e+25 
5.250000e+04 1.408723e-18 1.000000e+25 
5.281250e+04 1.363868e-18 1.000000e+25 
5.312500e+04 1.319507e-18 1.000000e+25 
5.343750e+04 1.275623e-18 1.000000e+25 
5.375000e+04 1.232414e-18 1.000000e+25 
5.406250e+04 1.190918e-18 1.000000e+25 
5.437500e+04 1.150304e-18 1.000000e+25 
5.468750e+04 1.112306e-18 1.000000e+25 
5.500000e+04 1.075336e-18 1.000000e+25 
5.531250e+04 1.041395e-18 1.000000e+25 
5.562500e+04 1.008515e-18 1.000000e+25 
5.593750e+04 9.785686e-19 1.000000e+25 
5.625000e+04 9.495885e-19 1.000000e+25 
5.656250e+04 9.230696e-19 1.000000e+25 
5.687500e+04 8.973495e-19 1.000000e+25 
5.718750e+04 8.734717e-19 1.000000e+25 
5.750000e+04 8.502095e-19 1.000000e+25 
5.781250e+04 8.282233e-19 1.000000e+25 
5.812500e+04 8.067042e-19 1.000000e+25 
5.843750e+04 7.860804e-19 1.000000e+25 
5.875000e+04 7.658457e-19 1.000000e+25 
5.906250e+04 7.463421e-19 1.000000e+25 
5.937500e+04 7.272022e-19 1.000000e+25 
5.968750e+04 7.087630e-19 1.000000e+25 
6.000000e+04 6.906862e-19 1.000000e+25 
6.031250e+04 6.733220e-19 1.000000e+25 
6.062500e+04 6.563204e-19 1.000000e+25 
6.093750e+04 6.400267e-19 1.000000e+25 
6.125000e+04 6.240860e-19 1.000000e+25 
6.156250e+04 6.088137e-19 1.000000e+25 
6.187500e+04 5.938745e-19 1.000000e+25 
6.218750e+04 5.795369e-19 1.000000e+25 
6.250000e+04 5.655060e-19 1.000000e+25 
6.281250e+04 5.519983e-19 1.000000e+25 
6.312500e+04 5.387690e-19 1.000000e+25 
6.343750e+04 5.259909e-19 1.000000e+25 
6.375000e+04 5.134670e-19 1.000000e+25 
6.406250e+04 5.013442e-19 1.000000e+25 
6.437500e+04 4.894581e-19 1.000000e+25 
6.468750e+04 4.779487e-19 1.000000e+25 
6.500000e+04 4.666655e-19 1.000000e+25 
6.531250e+04 4.557524e-19 1.000000e+25 
6.562500e+04 4.450587e-19 1.000000e+25 
6.593750e+04 4.347322e-19 1.000000e+25 
6.625000e+04 4.246171e-19 1.000000e+25 
6.656250e+04 4.148571e-19 1.000000e+25 
6.687500e+04 4.052968e-19 1.000000e+25 
6.718750e+04 3.960687e-19 1.000000e+25 
6.750000e+04 3.870265e-19 1.000000e+25 
6.781250e+04 3.782908e-19 1.000000e+25 
6.812500e+04 3.697276e-19 1.000000e+25 
6.843750e+04 3.614518e-19 1.000000e+25 
6.875000e+04 3.533393e-19 1.000000e+25 
6.906250e+04 3.455078e-19 1.000000e+25 
6.937500e+04 3.378348e-19 1.000000e+25 
6.968750e+04 3.304469e-19 1.000000e+25 
7.000000e+04 3.232157e-19 1.000000e+25 
7.031250e+04 3.162775e-19 1.000000e+25 
7.062500e+04 3.094953e-19 1.000000e+25 
7.093750e+04 3.030115e-19 1.000000e+25 
7.125000e+04 2.966825e-19 1.000000e+25 
7.156250e+04 2.906528e-19 1.000000e+25 
7.187500e+04 2.847761e-19 1.000000e+25 
7.218750e+04 2.791951e-19 1.000000e+25 
7.250000e+04 2.737655e-19 1.000000e+25 
7.281250e+04 2.686260e-19 1.000000e+25 
7.312500e+04 2.636366e-19 1.000000e+25 
7.343750e+04 2.589316e-19 1.000000e+25 
7.375000e+04 2.543761e-19 1.000000e+25 
7.406250e+04 2.501003e-19 1.000000e+25 
7.437500e+04 2.459747e-19 1.000000e+25 
7.468750e+04 2.421257e-19 1.000000e+25 
7.500000e+04 2.384284e-19 1.000000e+25 
7.531250e+04 2.350063e-19 1.000000e+25 
7.562500e+04 2.317381e-19 1.000000e+25 
7.593750e+04 2.287455e-19 1.000000e+25 
7.625000e+04 2.259096e-19 1.000000e+25 
7.656250e+04 2.233505e-19 1.000000e+25 
7.687500e+04 2.209514e-19 1.000000e+25 
7.718750e+04 2.188312e-19 1.000000e+25 
7.750000e+04 2.168740e-19 1.000000e+25 
7.781250e+04 2.151983e-19 1.000000e+25 
7.812500e+04 2.136885e-19 1.000000e+25 
7.843750e+04 2.124624e-19 1.000000e+25 
7.875000e+04 2.114048e-19 1.000000e+25 
7.906250e+04 2.106329e-19 1.000000e+25 
7.937500e+04 2.100311e-19 1.000000e+25 
7.968750e+04 2.097163e-19 1.000000e+25 
8.000000e+04 2.095726e-19 1.000000e+25 
