0.000000e+00 2.002905e-19 1.000000e+25 
2.500000e+02 2.003775e-19 1.000000e+25 
5.000000e+02 2.005689e-19 1.000000e+25 
7.500000e+02 2.009341e-19 1.000000e+25 
1.000000e+03 2.014033e-19 1.000000e+25 
1.250000e+03 2.020458e-19 1.000000e+25 
1.500000e+03 2.027917e-19 1.000000e+25 
1.750000e+03 2.037101e-19 1.000000e+25 
2.000000e+03 2.047308e-19 1.000000e+25 
2.250000e+03 2.059228e-19 1.000000e+25 
2.500000e+03 2.072160e-19 1.000000e+25 
2.750000e+03 2.086794e-19 1.000000e+25 
3.000000e+03 2.102424e-19 1.000000e+25 
3.250000e+03 2.119742e-19 1.000000e+25 
3.500000e+03 2.138042e-19 1.000000e+25 
3.750000e+03 2.158016e-19 1.000000e+25 
4.000000e+03 2.178956e-19 1.000000e+25 
4.250000e+03 2.201560e-19 1.000000e+25 
4.500000e+03 2.225114e-19 1.000000e+25 
4.750000e+03 2.250321e-19 1.000000e+25 
5.000000e+03 2.276465e-19 1.000000e+25 
5.250000e+03 2.304258e-19 1.000000e+25 
5.500000e+03 2.332975e-19 1.000000e+25 
5.750000e+03 2.363339e-19 1.000000e+25 
6.000000e+03 2.394619e-19 1.000000e+25 
6.250000e+03 2.427552e-19 1.000000e+25 
6.500000e+03 2.461394e-19 1.000000e+25 
6.750000e+03 2.496901e-19 1.000000e+25 
7.000000e+03 2.533316e-19 1.000000e+25 
7.250000e+03 2.571415e-19 1.000000e+25 
7.500000e+03 2.610424e-19 1.000000e+25 
7.750000e+03 2.651145e-19 1.000000e+25 
8.000000e+03 2.692781e-19 1.000000e+25 
8.250000e+03 2.736164e-19 1.000000e+25 
8.500000e+03 2.780470e-19 1.000000e+25 
8.750000e+03 2.826561e-19 1.000000e+25 
9.000000e+03 2.873588e-19 1.000000e+25 
9.250000e+03 2.922436e-19 1.000000e+25 
9.500000e+03 2.972235e-19 1.000000e+25 
9.750000e+03 3.023884e-19 1.000000e+25 
1.000000e+04 3.076501e-19 1.000000e+25 
1.025000e+04 3.130985e-19 1.000000e+25 
1.050000e+04 3.186451e-19 1.000000e+25 
1.075000e+04 3.243787e-19 1.000000e+25 
1.100000e+04 3.302116e-19 1.000000e+25 
1.125000e+04 3.362305e-19 1.000000e+25 
1.150000e+04 3.423501e-19 1.000000e+25 
1.175000e+04 3.486539e-19 1.000000e+25 
1.200000e+04 3.550601e-19 1.000000e+25 
1.225000e+04 3.616495e-19 1.000000e+25 
1.250000e+04 3.683439e-19 1.000000e+25 
1.275000e+04 3.752223e-19 1.000000e+25 
1.300000e+04 3.822094e-19 1.000000e+25 
1.325000e+04 3.893841e-19 1.000000e+25 
1.350000e+04 3.966721e-19 1.000000e+25 
1.375000e+04 4.041537e-19 1.000000e+25 
1.400000e+04 4.117541e-19 1.000000e+25 
1.425000e+04 4.195565e-19 1.000000e+25 
1.450000e+04 4.274838e-19 1.000000e+25 
1.475000e+04 4.356241e-19 1.000000e+25 
1.500000e+04 4.438964e-19 1.000000e+25 
1.525000e+04 4.523959e-19 1.000000e+25 
1.550000e+04 4.610354e-19 1.000000e+25 
1.575000e+04 4.699194e-19 1.000000e+25 
1.600000e+04 4.789523e-19 1.000000e+25 
1.625000e+04 4.882496e-19 1.000000e+25 
1.650000e+04 4.977053e-19 1.000000e+25 
1.675000e+04 5.074458e-19 1.000000e+25 
1.700000e+04 5.173538e-19 1.000000e+25 
1.725000e+04 5.275655e-19 1.000000e+25 
1.750000e+04 5.379532e-19 1.000000e+25 
1.775000e+04 5.486600e-19 1.000000e+25 
1.800000e+04 5.595500e-19 1.000000e+25 
1.825000e+04 5.707692e-19 1.000000e+25 
1.850000e+04 5.821775e-19 1.000000e+25 
1.875000e+04 5.939199e-19 1.000000e+25 
1.900000e+04 6.058558e-19 1.000000e+25 
1.925000e+04 6.181273e-19 1.000000e+25 
1.950000e+04 6.305962e-19 1.000000e+25 
1.975000e+04 6.434031e-19 1.000000e+25 
2.000000e+04 6.564129e-19 1.000000e+25 
2.025000e+04 6.697709e-19 1.000000e+25 
2.050000e+04 6.833406e-19 1.000000e+25 
2.075000e+04 6.972839e-19 1.000000e+25 
2.100000e+04 7.114529e-19 1.000000e+25 
2.125000e+04 7.260432e-19 1.000000e+25 
2.150000e+04 7.408802e-19 1.000000e+25 
2.175000e+04 7.562141e-19 1.000000e+25 
2.200000e+04 7.718234e-19 1.000000e+25 
2.225000e+04 7.880390e-19 1.000000e+25 
2.250000e+04 8.045687e-19 1.000000e+25 
2.275000e+04 8.218557e-19 1.000000e+25 
2.300000e+04 8.395078e-19 1.000000e+25 
2.325000e+04 8.581178e-19 1.000000e+25 
2.350000e+04 8.771590e-19 1.000000e+25 
2.375000e+04 8.974084e-19 1.000000e+25 
2.400000e+04 9.181678e-19 1.000000e+25 
2.425000e+04 9.404135e-19 1.000000e+25 
2.450000e+04 9.632494e-19 1.000000e+25 
2.475000e+04 9.878235e-19 1.000000e+25 
2.500000e+04 1.013050e-18 1.000000e+25 
2.525000e+04 1.040164e-18 1.000000e+25 
2.550000e+04 1.067953e-18 1.000000e+25 
2.575000e+04 1.097607e-18 1.000000e+25 
2.600000e+04 1.127908e-18 1.000000e+25 
2.625000e+04 1.159845e-18 1.000000e+25 
2.650000e+04 1.192354e-18 1.000000e+25 
2.675000e+04 1.226075e-18 1.000000e+25 
2.700000e+04 1.260270e-18 1.000000e+25 
2.725000e+04 1.295106e-18 1.000000e+25 
2.750000e+04 1.330316e-18 1.000000e+25 
2.775000e+04 1.365530e-18 1.000000e+25 
2.800000e+04 1.401049e-18 1.000000e+25 
2.825000e+04 1.435951e-18 1.000000e+25 
2.850000e+04 1.471152e-18 1.000000e+25 
2.875000e+04 1.505247e-18 1.000000e+25 
2.900000e+04 1.539739e-18 1.000000e+25 
2.925000e+04 1.572792e-18 1.000000e+25 
2.950000e+04 1.606457e-18 1.000000e+25 
2.975000e+04 1.638885e-18 1.000000e+25 
3.000000e+04 1.672445e-18 1.000000e+25 
3.025000e+04 1.704815e-18 1.000000e+25 
3.050000e+04 1.738635e-18 1.000000e+25 
3.075000e+04 1.772658e-18 1.000000e+25 
3.100000e+04 1.810389e-18 1.000000e+25 
3.125000e+04 1.849809e-18 1.000000e+25 
3.150000e+04 1.891501e-18 1.000000e+25 
3.175000e+04 1.925052e-18 1.000000e+25 
3.200000e+04 1.960285e-18 1.000000e+25 
3.225000e+04 2.045709e-18 1.000000e+25 
3.250000e+04 2.044052e-18 1.000000e+25 
3.275000e+04 2.399627e-18 1.000000e+25 
3.300000e+04 3.210743e-18 9.649971e+24 
3.325000e+04 9.009430e-18 3.757704e+24 
3.350000e+04 1.543549e-17 2.279701e+24 
3.375000e+04 3.989302e-17 9.072822e+23 
3.400000e+04 6.809596e-17 5.190782e+23 
3.425000e+04 1.680854e-16 2.140309e+23 
3.450000e+04 2.838026e-16 1.237830e+23 
3.475000e+04 6.451251e-16 5.490144e+22 
3.500000e+04 1.068545e-15 3.240522e+22 
3.525000e+04 2.164620e-15 1.599102e+22 
3.550000e+04 3.445447e-15 9.847505e+21 
3.575000e+04 6.000568e-15 5.598469e+21 
3.600000e+04 8.907503e-15 3.700698e+21 
3.625000e+04 1.280408e-14 2.522026e+21 
3.650000e+04 1.688315e-14 1.873933e+21 
3.675000e+04 1.905326e-14 1.607940e+21 
3.700000e+04 2.049285e-14 1.456352e+21 
3.725000e+04 1.709140e-14 1.679929e+21 
3.750000e+04 1.276360e-14 2.175235e+21 
3.775000e+04 7.522296e-15 3.572177e+21 
3.800000e+04 2.857439e-15 8.982056e+21 
3.825000e+04 1.328021e-15 1.936961e+22 
3.850000e+04 1.822963e-16 1.329462e+23 
3.875000e+04 1.419387e-16 1.934372e+23 
3.900000e+04 6.025306e-17 4.852724e+23 
3.925000e+04 4.869739e-17 5.872606e+23 
3.950000e+04 3.218847e-17 8.426780e+23 
3.975000e+04 2.887470e-17 9.610111e+23 
4.000000e+04 2.574625e-17 1.087618e+24 
4.025000e+04 2.887470e-17 9.610111e+23 
4.050000e+04 3.218847e-17 8.426780e+23 
4.075000e+04 4.869739e-17 5.872606e+23 
4.100000e+04 6.025306e-17 4.852724e+23 
4.125000e+04 1.419387e-16 1.934372e+23 
4.150000e+04 1.822963e-16 1.329462e+23 
4.175000e+04 1.328021e-15 1.936961e+22 
4.200000e+04 2.857439e-15 8.982056e+21 
4.225000e+04 7.522296e-15 3.572177e+21 
4.250000e+04 1.276360e-14 2.175235e+21 
4.275000e+04 1.709140e-14 1.679929e+21 
4.300000e+04 2.049285e-14 1.456352e+21 
4.325000e+04 1.905326e-14 1.607940e+21 
4.350000e+04 1.688315e-14 1.873933e+21 
4.375000e+04 1.280408e-14 2.522026e+21 
4.400000e+04 8.907503e-15 3.700698e+21 
4.425000e+04 6.000568e-15 5.598469e+21 
4.450000e+04 3.445447e-15 9.847505e+21 
4.475000e+04 2.164620e-15 1.599102e+22 
4.500000e+04 1.068545e-15 3.240522e+22 
4.525000e+04 6.451251e-16 5.490144e+22 
4.550000e+04 2.838026e-16 1.237830e+23 
4.575000e+04 1.680854e-16 2.140309e+23 
4.600000e+04 6.809596e-17 5.190782e+23 
4.625000e+04 3.989302e-17 9.072822e+23 
4.650000e+04 1.543549e-17 2.279701e+24 
4.675000e+04 9.009430e-18 3.757704e+24 
4.700000e+04 3.210743e-18 9.649971e+24 
4.725000e+04 2.399627e-18 1.000000e+25 
4.750000e+04 2.044052e-18 1.000000e+25 
4.775000e+04 2.045709e-18 1.000000e+25 
4.800000e+04 1.960285e-18 1.000000e+25 
4.825000e+04 1.925052e-18 1.000000e+25 
4.850000e+04 1.891501e-18 1.000000e+25 
4.875000e+04 1.849809e-18 1.000000e+25 
4.900000e+04 1.810389e-18 1.000000e+25 
4.925000e+04 1.772658e-18 1.000000e+25 
4.950000e+04 1.738635e-18 1.000000e+25 
4.975000e+04 1.704815e-18 1.000000e+25 
5.000000e+04 1.672445e-18 1.000000e+25 
5.025000e+04 1.638885e-18 1.000000e+25 
5.050000e+04 1.606457e-18 1.000000e+25 
5.075000e+04 1.572792e-18 1.000000e+25 
5.100000e+04 1.539739e-18 1.000000e+25 
5.125000e+04 1.505247e-18 1.000000e+25 
5.150000e+04 1.471152e-18 1.000000e+25 
5.175000e+04 1.435951e-18 1.000000e+25 
5.200000e+04 1.401049e-18 1.000000e+25 
5.225000e+04 1.365530e-18 1.000000e+25 
5.250000e+04 1.330316e-18 1.000000e+25 
5.275000e+04 1.295106e-18 1.000000e+25 
5.300000e+04 1.260270e-18 1.000000e+25 
5.325000e+04 1.226075e-18 1.000000e+25 
5.350000e+04 1.192354e-18 1.000000e+25 
5.375000e+04 1.159845e-18 1.000000e+25 
5.400000e+04 1.127908e-18 1.000000e+25 
5.425000e+04 1.097607e-18 1.000000e+25 
5.450000e+04 1.067953e-18 1.000000e+25 
5.475000e+04 1.040164e-18 1.000000e+25 
5.500000e+04 1.013050e-18 1.000000e+25 
5.525000e+04 9.878235e-19 1.000000e+25 
5.550000e+04 9.632494e-19 1.000000e+25 
5.575000e+04 9.404135e-19 1.000000e+25 
5.600000e+04 9.181678e-19 1.000000e+25 
5.625000e+04 8.974084e-19 1.000000e+25 
5.650000e+04 8.771590e-19 1.000000e+25 
5.675000e+04 8.581178e-19 1.000000e+25 
5.700000e+04 8.395078e-19 1.000000e+25 
5.725000e+04 8.218557e-19 1.000000e+25 
5.750000e+04 8.045687e-19 1.000000e+25 
5.775000e+04 7.880390e-19 1.000000e+25 
5.800000e+04 7.718234e-19 1.000000e+25 
5.825000e+04 7.562141e-19 1.000000e+25 
5.850000e+04 7.408802e-19 1.000000e+25 
5.875000e+04 7.260432e-19 1.000000e+25 
5.900000e+04 7.114529e-19 1.000000e+25 
5.925000e+04 6.972839e-19 1.000000e+25 
5.950000e+04 6.833406e-19 1.000000e+25 
5.975000e+04 6.697709e-19 1.000000e+25 
6.000000e+04 6.564129e-19 1.000000e+25 
6.025000e+04 6.434031e-19 1.000000e+25 
6.050000e+04 6.305962e-19 1.000000e+25 
6.075000e+04 6.181273e-19 1.000000e+25 
6.100000e+04 6.058558e-19 1.000000e+25 
6.125000e+04 5.939199e-19 1.000000e+25 
6.150000e+04 5.821775e-19 1.000000e+25 
6.175000e+04 5.707692e-19 1.000000e+25 
6.200000e+04 5.595500e-19 1.000000e+25 
6.225000e+04 5.486600e-19 1.000000e+25 
6.250000e+04 5.379532e-19 1.000000e+25 
6.275000e+04 5.275655e-19 1.000000e+25 
6.300000e+04 5.173538e-19 1.000000e+25 
6.325000e+04 5.074458e-19 1.000000e+25 
6.350000e+04 4.977053e-19 1.000000e+25 
6.375000e+04 4.882497e-19 1.000000e+25 
6.400000e+04 4.789523e-19 1.000000e+25 
6.425000e+04 4.699194e-19 1.000000e+25 
6.450000e+04 4.610354e-19 1.000000e+25 
6.475000e+04 4.523959e-19 1.000000e+25 
6.500000e+04 4.438964e-19 1.000000e+25 
6.525000e+04 4.356241e-19 1.000000e+25 
6.550000e+04 4.274838e-19 1.000000e+25 
6.575000e+04 4.195565e-19 1.000000e+25 
6.600000e+04 4.117541e-19 1.000000e+25 
6.625000e+04 4.041537e-19 1.000000e+25 
6.650000e+04 3.966721e-19 1.000000e+25 
6.675000e+04 3.893841e-19 1.000000e+25 
6.700000e+04 3.822094e-19 1.000000e+25 
6.725000e+04 3.752223e-19 1.000000e+25 
6.750000e+04 3.683439e-19 1.000000e+25 
6.775000e+04 3.616495e-19 1.000000e+25 
6.800000e+04 3.550601e-19 1.000000e+25 
6.825000e+04 3.486539e-19 1.000000e+25 
6.850000e+04 3.423501e-19 1.000000e+25 
6.875000e+04 3.362305e-19 1.000000e+25 
6.900000e+04 3.302116e-19 1.000000e+25 
6.925000e+04 3.243787e-19 1.000000e+25 
6.950000e+04 3.186451e-19 1.000000e+25 
6.975000e+04 3.130985e-19 1.000000e+25 
7.000000e+04 3.076501e-19 1.000000e+25 
7.025000e+04 3.023884e-19 1.000000e+25 
7.050000e+04 2.972235e-19 1.000000e+25 
7.075000e+04 2.922436e-19 1.000000e+25 
7.100000e+04 2.873588e-19 1.000000e+25 
7.125000e+04 2.826561e-19 1.000000e+25 
7.150000e+04 2.780470e-19 1.000000e+25 
7.175000e+04 2.736164e-19 1.000000e+25 
7.200000e+04 2.692781e-19 1.000000e+25 
7.225000e+04 2.651145e-19 1.000000e+25 
7.250000e+04 2.610424e-19 1.000000e+25 
7.275000e+04 2.571415e-19 1.000000e+25 
7.300000e+04 2.533316e-19 1.000000e+25 
7.325000e+04 2.496901e-19 1.000000e+25 
7.350000e+04 2.461394e-19 1.000000e+25 
7.375000e+04 2.427552e-19 1.000000e+25 
7.400000e+04 2.394619e-19 1.000000e+25 
7.425000e+04 2.363339e-19 1.000000e+25 
7.450000e+04 2.332975e-19 1.000000e+25 
7.475000e+04 2.304258e-19 1.000000e+25 
7.500000e+04 2.276465e-19 1.000000e+25 
7.525000e+04 2.250321e-19 1.000000e+25 
7.550000e+04 2.225114e-19 1.000000e+25 
7.575000e+04 2.201560e-19 1.000000e+25 
7.600000e+04 2.178956e-19 1.000000e+25 
7.625000e+04 2.158016e-19 1.000000e+25 
7.650000e+04 2.138042e-19 1.000000e+25 
7.675000e+04 2.119742e-19 1.000000e+25 
7.700000e+04 2.102424e-19 1.000000e+25 
7.725000e+04 2.086794e-19 1.000000e+25 
7.750000e+04 2.072160e-19 1.000000e+25 
7.775000e+04 2.059228e-19 1.000000e+25 
7.800000e+04 2.047308e-19 1.000000e+25 
7.825000e+04 2.037101e-19 1.000000e+25 
7.850000e+04 2.027917e-19 1.000000e+25 
7.875000e+04 2.020458e-19 1.000000e+25 
7.900000e+04 2.014033e-19 1.000000e+25 
7.925000e+04 2.009341e-19 1.000000e+25 
7.950000e+04 2.005689e-19 1.000000e+25 
7.975000e+04 2.003775e-19 1.000000e+25 
8.000000e+04 2.002905e-19 1.000000e+25 
