0.000000e+00 2.123528e-19 1.000000e+25 
4.166667e+02 2.126112e-19 1.000000e+25 
8.333333e+02 2.131782e-19 1.000000e+25 
1.250000e+03 2.142607e-19 1.000000e+25 
1.666667e+03 2.156488e-19 1.000000e+25 
2.083333e+03 2.175485e-19 1.000000e+25 
2.500000e+03 2.197484e-19 1.000000e+25 
2.916667e+03 2.224544e-19 1.000000e+25 
3.333333e+03 2.254535e-19 1.000000e+25 
3.750000e+03 2.289528e-19 1.000000e+25 
4.166667e+03 2.327375e-19 1.000000e+25 
4.583333e+03 2.370178e-19 1.000000e+25 
5.000000e+03 2.415761e-19 1.000000e+25 
5.416667e+03 2.466282e-19 1.000000e+25 
5.833333e+03 2.519527e-19 1.000000e+25 
6.250000e+03 2.577735e-19 1.000000e+25 
6.666667e+03 2.638634e-19 1.000000e+25 
7.083333e+03 2.704572e-19 1.000000e+25 
7.500000e+03 2.773198e-19 1.000000e+25 
7.916667e+03 2.846980e-19 1.000000e+25 
8.333333e+03 2.923474e-19 1.000000e+25 
8.750000e+03 3.005259e-19 1.000000e+25 
9.166667e+03 3.089801e-19 1.000000e+25 
9.583333e+03 3.179749e-19 1.000000e+25 
1.000000e+04 3.272517e-19 1.000000e+25 
1.041667e+04 3.370789e-19 1.000000e+25 
1.083333e+04 3.471968e-19 1.000000e+25 
1.125000e+04 3.578735e-19 1.000000e+25 
1.166667e+04 3.688515e-19 1.000000e+25 
1.208333e+04 3.804001e-19 1.000000e+25 
1.250000e+04 3.922658e-19 1.000000e+25 
1.291667e+04 4.047087e-19 1.000000e+25 
1.333333e+04 4.174839e-19 1.000000e+25 
1.375000e+04 4.308435e-19 1.000000e+25 
1.416667e+04 4.445560e-19 1.000000e+25 
1.458333e+04 4.588855e-19 1.000000e+25 
1.500000e+04 4.736016e-19 1.000000e+25 
1.541667e+04 4.890078e-19 1.000000e+25 
1.583333e+04 5.048462e-19 1.000000e+25 
1.625000e+04 5.214505e-19 1.000000e+25 
1.666667e+04 5.385230e-19 1.000000e+25 
1.708333e+04 5.563857e-19 1.000000e+25 
1.750000e+04 5.747309e-19 1.000000e+25 
1.791667e+04 5.938584e-19 1.000000e+25 
1.833333e+04 6.134866e-19 1.000000e+25 
1.875000e+04 6.339430e-19 1.000000e+25 
1.916667e+04 6.549468e-19 1.000000e+25 
1.958333e+04 6.769275e-19 1.000000e+25 
2.000000e+04 6.995195e-19 1.000000e+25 
2.041667e+04 7.233753e-19 1.000000e+25 
2.083333e+04 7.479450e-19 1.000000e+25 
2.125000e+04 7.741569e-19 1.000000e+25 
2.166667e+04 8.011950e-19 1.000000e+25 
2.208333e+04 8.303722e-19 1.000000e+25 
2.250000e+04 8.605297e-19 1.000000e+25 
2.291667e+04 8.935418e-19 1.000000e+25 
2.333333e+04 9.277683e-19 1.000000e+25 
2.375000e+04 9.657726e-19 1.000000e+25 
2.416667e+04 1.005273e-18 1.000000e+25 
2.458333e+04 1.049404e-18 1.000000e+25 
2.500000e+04 1.095236e-18 1.000000e+25 
2.541667e+04 1.145819e-18 1.000000e+25 
2.583333e+04 1.198054e-18 1.000000e+25 
2.625000e+04 1.253934e-18 1.000000e+25 
2.666667e+04 1.311143e-18 1.000000e+25 
2.708333e+04 1.369577e-18 1.000000e+25 
2.750000e+04 1.429013e-18 1.000000e+25 
2.791667e+04 1.486876e-18 1.000000e+25 
2.833333e+04 1.545193e-18 1.000000e+25 
2.875000e+04 1.599661e-18 1.000000e+25 
2.916667e+04 1.657535e-18 1.000000e+25 
2.958333e+04 1.716945e-18 1.000000e+25 
3.000000e+04 1.776181e-18 1.000000e+25 
3.041667e+04 1.815931e-18 1.000000e+25 
3.083333e+04 1.864396e-18 1.000000e+25 
3.125000e+04 1.974011e-18 1.000000e+25 
3.166667e+04 2.101935e-18 1.000000e+25 
3.208333e+04 2.084544e-18 1.000000e+25 
3.250000e+04 1.634269e-18 1.000000e+25 
3.291667e+04 1.017079e-17 3.387614e+24 
3.333333e+04 1.819762e-17 1.918117e+24 
3.375000e+04 1.098043e-16 3.345907e+23 
3.416667e+04 2.286746e-16 1.511458e+23 
3.458333e+04 9.526672e-16 3.709068e+22 
3.500000e+04 2.001916e-15 1.707060e+22 
3.541667e+04 4.956894e-15 6.868009e+21 
3.583333e+04 8.656521e-15 3.869603e+21 
3.625000e+04 1.262257e-14 2.585747e+21 
3.666667e+04 1.612638e-14 1.979453e+21 
3.708333e+04 1.485436e-14 2.020069e+21 
3.750000e+04 1.189181e-14 2.372359e+21 
3.791667e+04 6.044526e-15 4.423648e+21 
3.833333e+04 1.169538e-15 2.114149e+22 
3.875000e+04 5.097017e-16 5.337179e+22 
3.916667e+04 9.589869e-17 2.867263e+23 
3.958333e+04 1.015821e-16 2.815889e+23 
4.000000e+04 8.316668e-17 3.429463e+23 
4.041667e+04 1.015821e-16 2.815889e+23 
4.083333e+04 9.589869e-17 2.867263e+23 
4.125000e+04 5.097017e-16 5.337179e+22 
4.166667e+04 1.169538e-15 2.114149e+22 
4.208333e+04 6.044526e-15 4.423648e+21 
4.250000e+04 1.189181e-14 2.372359e+21 
4.291667e+04 1.485436e-14 2.020069e+21 
4.333333e+04 1.612638e-14 1.979453e+21 
4.375000e+04 1.262257e-14 2.585747e+21 
4.416667e+04 8.656521e-15 3.869603e+21 
4.458333e+04 4.956894e-15 6.868009e+21 
4.500000e+04 2.001916e-15 1.707060e+22 
4.541667e+04 9.526672e-16 3.709068e+22 
4.583333e+04 2.286746e-16 1.511458e+23 
4.625000e+04 1.098043e-16 3.345907e+23 
4.666667e+04 1.819762e-17 1.918117e+24 
4.708333e+04 1.017079e-17 3.387614e+24 
4.750000e+04 1.634269e-18 1.000000e+25 
4.791667e+04 2.084544e-18 1.000000e+25 
4.833333e+04 2.101935e-18 1.000000e+25 
4.875000e+04 1.974011e-18 1.000000e+25 
4.916667e+04 1.864396e-18 1.000000e+25 
4.958333e+04 1.815931e-18 1.000000e+25 
5.000000e+04 1.776181e-18 1.000000e+25 
5.041667e+04 1.716945e-18 1.000000e+25 
5.083333e+04 1.657535e-18 1.000000e+25 
5.125000e+04 1.599661e-18 1.000000e+25 
5.166667e+04 1.545193e-18 1.000000e+25 
5.208333e+04 1.486876e-18 1.000000e+25 
5.250000e+04 1.429013e-18 1.000000e+25 
5.291667e+04 1.369577e-18 1.000000e+25 
5.333333e+04 1.311143e-18 1.000000e+25 
5.375000e+04 1.253934e-18 1.000000e+25 
5.416667e+04 1.198054e-18 1.000000e+25 
5.458333e+04 1.145819e-18 1.000000e+25 
5.500000e+04 1.095236e-18 1.000000e+25 
5.541667e+04 1.049404e-18 1.000000e+25 
5.583333e+04 1.005273e-18 1.000000e+25 
5.625000e+04 9.657726e-19 1.000000e+25 
5.666667e+04 9.277683e-19 1.000000e+25 
5.708333e+04 8.935418e-19 1.000000e+25 
5.750000e+04 8.605297e-19 1.000000e+25 
5.791667e+04 8.303722e-19 1.000000e+25 
5.833333e+04 8.011950e-19 1.000000e+25 
5.875000e+04 7.741569e-19 1.000000e+25 
5.916667e+04 7.479450e-19 1.000000e+25 
5.958333e+04 7.233753e-19 1.000000e+25 
6.000000e+04 6.995195e-19 1.000000e+25 
6.041667e+04 6.769275e-19 1.000000e+25 
6.083333e+04 6.549468e-19 1.000000e+25 
6.125000e+04 6.339430e-19 1.000000e+25 
6.166667e+04 6.134866e-19 1.000000e+25 
6.208333e+04 5.938584e-19 1.000000e+25 
6.250000e+04 5.747309e-19 1.000000e+25 
6.291667e+04 5.563857e-19 1.000000e+25 
6.333333e+04 5.385230e-19 1.000000e+25 
6.375000e+04 5.214505e-19 1.000000e+25 
6.416667e+04 5.048462e-19 1.000000e+25 
6.458333e+04 4.890078e-19 1.000000e+25 
6.500000e+04 4.736016e-19 1.000000e+25 
6.541667e+04 4.588855e-19 1.000000e+25 
6.583333e+04 4.445560e-19 1.000000e+25 
6.625000e+04 4.308435e-19 1.000000e+25 
6.666667e+04 4.174839e-19 1.000000e+25 
6.708333e+04 4.047087e-19 1.000000e+25 
6.750000e+04 3.922658e-19 1.000000e+25 
6.791667e+04 3.804001e-19 1.000000e+25 
6.833333e+04 3.688515e-19 1.000000e+25 
6.875000e+04 3.578735e-19 1.000000e+25 
6.916667e+04 3.471968e-19 1.000000e+25 
6.958333e+04 3.370789e-19 1.000000e+25 
7.000000e+04 3.272517e-19 1.000000e+25 
7.041667e+04 3.179749e-19 1.000000e+25 
7.083333e+04 3.089801e-19 1.000000e+25 
7.125000e+04 3.005259e-19 1.000000e+25 
7.166667e+04 2.923474e-19 1.000000e+25 
7.208333e+04 2.846980e-19 1.000000e+25 
7.250000e+04 2.773198e-19 1.000000e+25 
7.291667e+04 2.704572e-19 1.000000e+25 
7.333333e+04 2.638634e-19 1.000000e+25 
7.375000e+04 2.577735e-19 1.000000e+25 
7.416667e+04 2.519527e-19 1.000000e+25 
7.458333e+04 2.466282e-19 1.000000e+25 
7.500000e+04 2.415761e-19 1.000000e+25 
7.541667e+04 2.370178e-19 1.000000e+25 
7.583333e+04 2.327375e-19 1.000000e+25 
7.625000e+04 2.289528e-19 1.000000e+25 
7.666667e+04 2.254535e-19 1.000000e+25 
7.708333e+04 2.224544e-19 1.000000e+25 
7.750000e+04 2.197484e-19 1.000000e+25 
7.791667e+04 2.175485e-19 1.000000e+25 
7.833333e+04 2.156488e-19 1.000000e+25 
7.875000e+04 2.142607e-19 1.000000e+25 
7.916667e+04 2.131782e-19 1.000000e+25 
7.958333e+04 2.126112e-19 1.000000e+25 
8.000000e+04 2.123528e-19 1.000000e+25 
