0.000000e+00 1.154413e-18 1.000000e+25 
1.562500e+02 1.156374e-18 1.000000e+25 
3.125000e+02 1.160120e-18 1.000000e+25 
4.687500e+02 1.167765e-18 1.000000e+25 
6.250000e+02 1.177167e-18 1.000000e+25 
7.812500e+02 1.190409e-18 1.000000e+25 
9.375000e+02 1.205360e-18 1.000000e+25 
1.093750e+03 1.224075e-18 1.000000e+25 
1.250000e+03 1.244442e-18 1.000000e+25 
1.406250e+03 1.268506e-18 1.000000e+25 
1.562500e+03 1.294168e-18 1.000000e+25 
1.718750e+03 1.323482e-18 1.000000e+25 
1.875000e+03 1.354352e-18 1.000000e+25 
2.031250e+03 1.388862e-18 1.000000e+25 
2.187500e+03 1.424903e-18 1.000000e+25 
2.343750e+03 1.464600e-18 1.000000e+25 
2.500000e+03 1.505819e-18 1.000000e+25 
2.656250e+03 1.550731e-18 1.000000e+25 
2.812500e+03 1.597173e-18 1.000000e+25 
2.968750e+03 1.647357e-18 1.000000e+25 
3.125000e+03 1.699094e-18 1.000000e+25 
3.281250e+03 1.754628e-18 1.000000e+25 
3.437500e+03 1.811754e-18 1.000000e+25 
3.593750e+03 1.872739e-18 1.000000e+25 
3.750000e+03 1.935369e-18 1.000000e+25 
3.906250e+03 2.001928e-18 1.000000e+25 
4.062500e+03 2.070199e-18 1.000000e+25 
4.218750e+03 2.142484e-18 1.000000e+25 
4.375000e+03 2.216562e-18 1.000000e+25 
4.531250e+03 2.294758e-18 1.000000e+25 
4.687500e+03 2.374844e-18 1.000000e+25 
4.843750e+03 2.459174e-18 1.000000e+25 
5.000000e+03 2.545505e-18 1.000000e+25 
5.156250e+03 2.636232e-18 1.000000e+25 
5.312500e+03 2.729088e-18 1.000000e+25 
5.468750e+03 2.826520e-18 1.000000e+25 
5.625000e+03 2.926222e-18 1.000000e+25 
5.781250e+03 3.030711e-18 1.000000e+25 
5.937500e+03 3.137627e-18 1.000000e+25 
6.093750e+03 3.249572e-18 1.000000e+25 
6.250000e+03 3.364114e-18 1.000000e+25 
6.406250e+03 3.483961e-18 1.000000e+25 
6.562500e+03 3.606589e-18 1.000000e+25 
6.718750e+03 3.734832e-18 1.000000e+25 
6.875000e+03 3.866057e-18 9.801295e+24 
7.031250e+03 4.003239e-18 9.462393e+24 
7.187500e+03 4.143622e-18 9.138884e+24 
7.343750e+03 4.290342e-18 8.823400e+24 
7.500000e+03 4.440498e-18 8.522180e+24 
7.656250e+03 4.597408e-18 8.228440e+24 
7.812500e+03 4.758008e-18 7.947921e+24 
7.968750e+03 4.925821e-18 7.674357e+24 
8.125000e+03 5.097597e-18 7.413050e+24 
8.281250e+03 5.277086e-18 7.158199e+24 
8.437500e+03 5.460832e-18 6.914720e+24 
8.593750e+03 5.652835e-18 6.677228e+24 
8.750000e+03 5.849412e-18 6.450291e+24 
8.906250e+03 6.054838e-18 6.228907e+24 
9.062500e+03 6.265181e-18 6.017325e+24 
9.218750e+03 6.485013e-18 5.810891e+24 
9.375000e+03 6.710130e-18 5.613569e+24 
9.531250e+03 6.945431e-18 5.421021e+24 
9.687500e+03 7.186413e-18 5.236948e+24 
9.843750e+03 7.438331e-18 5.057303e+24 
1.000000e+04 7.696358e-18 4.885546e+24 
1.015625e+04 7.966133e-18 4.717900e+24 
1.031250e+04 8.242477e-18 4.557600e+24 
1.046875e+04 8.531448e-18 4.401118e+24 
1.062500e+04 8.827485e-18 4.251483e+24 
1.078125e+04 9.137097e-18 4.105394e+24 
1.093750e+04 9.454311e-18 3.965690e+24 
1.109375e+04 9.786123e-18 3.829284e+24 
1.125000e+04 1.012612e-17 3.698834e+24 
1.140625e+04 1.048181e-17 3.571454e+24 
1.156250e+04 1.084632e-17 3.449631e+24 
1.171875e+04 1.122772e-17 3.330667e+24 
1.187500e+04 1.161860e-17 3.216892e+24 
1.203125e+04 1.202767e-17 3.105778e+24 
1.218750e+04 1.244695e-17 2.999512e+24 
1.234375e+04 1.288582e-17 2.895726e+24 
1.250000e+04 1.333568e-17 2.796469e+24 
1.265625e+04 1.380664e-17 2.699524e+24 
1.281250e+04 1.428944e-17 2.606810e+24 
1.296875e+04 1.479498e-17 2.516253e+24 
1.312500e+04 1.531329e-17 2.429651e+24 
1.328125e+04 1.585611e-17 2.345060e+24 
1.343750e+04 1.641269e-17 2.264168e+24 
1.359375e+04 1.699571e-17 2.185150e+24 
1.375000e+04 1.759358e-17 2.109591e+24 
1.390625e+04 1.821996e-17 2.035782e+24 
1.406250e+04 1.886237e-17 1.965206e+24 
1.421875e+04 1.953557e-17 1.896263e+24 
1.437500e+04 2.022608e-17 1.830344e+24 
1.453125e+04 2.094983e-17 1.765948e+24 
1.468750e+04 2.169229e-17 1.704382e+24 
1.484375e+04 2.247067e-17 1.644236e+24 
1.500000e+04 2.326928e-17 1.586737e+24 
1.515625e+04 2.410673e-17 1.530562e+24 
1.531250e+04 2.496606e-17 1.476865e+24 
1.546875e+04 2.586743e-17 1.424403e+24 
1.562500e+04 2.679248e-17 1.374258e+24 
1.578125e+04 2.776305e-17 1.325266e+24 
1.593750e+04 2.875926e-17 1.278442e+24 
1.609375e+04 2.980481e-17 1.232693e+24 
1.625000e+04 3.087815e-17 1.188974e+24 
1.640625e+04 3.200499e-17 1.146256e+24 
1.656250e+04 3.316199e-17 1.105437e+24 
1.671875e+04 3.437705e-17 1.065553e+24 
1.687500e+04 3.562483e-17 1.027447e+24 
1.703125e+04 3.693569e-17 9.902108e+23 
1.718750e+04 3.828209e-17 9.546401e+23 
1.734375e+04 3.969707e-17 9.198805e+23 
1.750000e+04 4.115067e-17 8.866802e+23 
1.765625e+04 4.267888e-17 8.542359e+23 
1.781250e+04 4.424912e-17 8.232519e+23 
1.796875e+04 4.590059e-17 7.929724e+23 
1.812500e+04 4.759781e-17 7.640609e+23 
1.828125e+04 4.938356e-17 7.358058e+23 
1.843750e+04 5.121916e-17 7.088323e+23 
1.859375e+04 5.315133e-17 6.824705e+23 
1.875000e+04 5.513785e-17 6.573093e+23 
1.890625e+04 5.722980e-17 6.327180e+23 
1.906250e+04 5.938109e-17 6.092517e+23 
1.921875e+04 6.164759e-17 5.863163e+23 
1.937500e+04 6.397891e-17 5.644351e+23 
1.953125e+04 6.643628e-17 5.430484e+23 
1.968750e+04 6.896453e-17 5.226496e+23 
1.984375e+04 7.163080e-17 5.027114e+23 
2.000000e+04 7.437465e-17 4.836991e+23 
2.015625e+04 7.726978e-17 4.651157e+23 
2.031250e+04 8.024990e-17 4.474002e+23 
2.046875e+04 8.339599e-17 4.300844e+23 
2.062500e+04 8.663525e-17 4.135822e+23 
2.078125e+04 9.005674e-17 3.974523e+23 
2.093750e+04 9.358048e-17 3.820853e+23 
2.109375e+04 9.730444e-17 3.670654e+23 
2.125000e+04 1.011407e-16 3.527606e+23 
2.140625e+04 1.051971e-16 3.387798e+23 
2.156250e+04 1.093769e-16 3.254693e+23 
2.171875e+04 1.137989e-16 3.124612e+23 
2.187500e+04 1.183567e-16 3.000814e+23 
2.203125e+04 1.231811e-16 2.879842e+23 
2.218750e+04 1.281550e-16 2.764758e+23 
2.234375e+04 1.334224e-16 2.652316e+23 
2.250000e+04 1.388545e-16 2.545391e+23 
2.265625e+04 1.446100e-16 2.440937e+23 
2.281250e+04 1.505471e-16 2.341651e+23 
2.296875e+04 1.568404e-16 2.244681e+23 
2.312500e+04 1.633341e-16 2.152547e+23 
2.328125e+04 1.702202e-16 2.062587e+23 
2.343750e+04 1.773276e-16 1.977152e+23 
2.359375e+04 1.848670e-16 1.893759e+23 
2.375000e+04 1.926509e-16 1.814596e+23 
2.390625e+04 2.009102e-16 1.737356e+23 
2.406250e+04 2.094396e-16 1.664068e+23 
2.421875e+04 2.184918e-16 1.592594e+23 
2.437500e+04 2.278423e-16 1.524807e+23 
2.453125e+04 2.377668e-16 1.458735e+23 
2.468750e+04 2.480209e-16 1.396100e+23 
2.484375e+04 2.589040e-16 1.335092e+23 
2.500000e+04 2.701513e-16 1.277281e+23 
2.515625e+04 2.820862e-16 1.221018e+23 
2.531250e+04 2.944233e-16 1.167724e+23 
2.546875e+04 3.075100e-16 1.115904e+23 
2.562500e+04 3.210405e-16 1.066837e+23 
2.578125e+04 3.353857e-16 1.019178e+23 
2.593750e+04 3.502204e-16 9.740652e+22 
2.609375e+04 3.659371e-16 9.302988e+22 
2.625000e+04 3.821933e-16 8.888808e+22 
2.640625e+04 3.994009e-16 8.487522e+22 
2.656250e+04 4.172023e-16 8.107831e+22 
2.671875e+04 4.360260e-16 7.740493e+22 
2.687500e+04 4.555025e-16 7.392948e+22 
2.703125e+04 4.760733e-16 7.057235e+22 
2.718750e+04 4.973612e-16 6.739597e+22 
2.734375e+04 5.198164e-16 6.433276e+22 
2.750000e+04 5.430589e-16 6.143401e+22 
2.765625e+04 5.675433e-16 5.864325e+22 
2.781250e+04 5.928921e-16 5.600153e+22 
2.796875e+04 6.195610e-16 5.346247e+22 
2.812500e+04 6.471793e-16 5.105795e+22 
2.828125e+04 6.762031e-16 4.875056e+22 
2.843750e+04 7.062713e-16 4.656412e+22 
2.859375e+04 7.378431e-16 4.446897e+22 
2.875000e+04 7.705670e-16 4.248215e+22 
2.890625e+04 8.049148e-16 4.058042e+22 
2.906250e+04 8.405389e-16 3.877538e+22 
2.921875e+04 8.779418e-16 3.704880e+22 
2.937500e+04 9.167671e-16 3.540830e+22 
2.953125e+04 9.575791e-16 3.383917e+22 
2.968750e+04 9.999882e-16 3.234657e+22 
2.984375e+04 1.044668e-15 3.091779e+22 
3.000000e+04 1.091156e-15 2.955712e+22 
3.015625e+04 1.140304e-15 2.825232e+22 
3.031250e+04 1.191520e-15 2.700836e+22 
3.046875e+04 1.245920e-15 2.581210e+22 
3.062500e+04 1.302706e-15 2.467063e+22 
3.078125e+04 1.363371e-15 2.356866e+22 
3.093750e+04 1.426808e-15 2.251676e+22 
3.109375e+04 1.495021e-15 2.149651e+22 
3.125000e+04 1.566461e-15 2.052293e+22 
3.140625e+04 1.643795e-15 1.957392e+22 
3.156250e+04 1.724880e-15 1.866951e+22 
3.171875e+04 1.813199e-15 1.778378e+22 
3.187500e+04 1.905843e-15 1.694179e+22 
3.203125e+04 2.007249e-15 1.611415e+22 
3.218750e+04 2.113579e-15 1.533031e+22 
3.234375e+04 2.230315e-15 1.455821e+22 
3.250000e+04 2.352553e-15 1.383049e+22 
3.265625e+04 2.486842e-15 1.311353e+22 
3.281250e+04 2.627134e-15 1.244154e+22 
3.296875e+04 2.780958e-15 1.178065e+22 
3.312500e+04 2.941147e-15 1.116482e+22 
3.328125e+04 3.115982e-15 1.056129e+22 
3.343750e+04 3.297337e-15 1.000207e+22 
3.359375e+04 3.493851e-15 9.456724e+21 
3.375000e+04 3.696769e-15 8.953919e+21 
3.390625e+04 3.914491e-15 8.466571e+21 
3.406250e+04 4.138170e-15 8.019020e+21 
3.421875e+04 4.375145e-15 7.588320e+21 
3.437500e+04 4.617244e-15 7.193888e+21 
3.453125e+04 4.869669e-15 6.817460e+21 
3.468750e+04 5.125950e-15 6.473259e+21 
3.484375e+04 5.387785e-15 6.148047e+21 
3.500000e+04 5.651734e-15 5.850789e+21 
3.515625e+04 5.914294e-15 5.573500e+21 
3.531250e+04 6.176721e-15 5.319897e+21 
3.546875e+04 6.428239e-15 5.087457e+21 
3.562500e+04 6.676868e-15 4.874629e+21 
3.578125e+04 6.902061e-15 4.684659e+21 
3.593750e+04 7.121138e-15 4.510563e+21 
3.609375e+04 7.300845e-15 4.361901e+21 
3.625000e+04 7.470837e-15 4.225866e+21 
3.640625e+04 7.581894e-15 4.119272e+21 
3.656250e+04 7.679482e-15 4.022796e+21 
3.671875e+04 7.695203e-15 3.962092e+21 
3.687500e+04 7.693929e-15 3.910251e+21 
3.703125e+04 7.585953e-15 3.904364e+21 
3.718750e+04 7.458298e-15 3.908593e+21 
3.734375e+04 7.201189e-15 3.975570e+21 
3.750000e+04 6.923449e-15 4.059571e+21 
3.765625e+04 6.504197e-15 4.234867e+21 
3.781250e+04 6.066221e-15 4.448014e+21 
3.796875e+04 5.500292e-15 4.802412e+21 
3.812500e+04 4.921520e-15 5.251781e+21 
3.828125e+04 4.271647e-15 5.930597e+21 
3.843750e+04 3.619415e-15 6.857471e+21 
3.859375e+04 2.998709e-15 8.157283e+21 
3.875000e+04 2.390140e-15 1.008412e+22 
3.890625e+04 1.921412e-15 1.250367e+22 
3.906250e+04 1.481659e-15 1.616229e+22 
3.921875e+04 1.222909e-15 1.979188e+22 
3.937500e+04 1.005400e-15 2.432953e+22 
3.953125e+04 9.199910e-16 2.710565e+22 
3.968750e+04 8.632868e-16 2.943805e+22 
3.984375e+04 8.523382e-16 3.015119e+22 
4.000000e+04 8.487615e-16 3.061479e+22 
4.015625e+04 8.523382e-16 3.015119e+22 
4.031250e+04 8.632868e-16 2.943805e+22 
4.046875e+04 9.199910e-16 2.710565e+22 
4.062500e+04 1.005400e-15 2.432953e+22 
4.078125e+04 1.222909e-15 1.979188e+22 
4.093750e+04 1.481659e-15 1.616229e+22 
4.109375e+04 1.921412e-15 1.250367e+22 
4.125000e+04 2.390140e-15 1.008412e+22 
4.140625e+04 2.998709e-15 8.157283e+21 
4.156250e+04 3.619415e-15 6.857471e+21 
4.171875e+04 4.271647e-15 5.930597e+21 
4.187500e+04 4.921520e-15 5.251781e+21 
4.203125e+04 5.500292e-15 4.802412e+21 
4.218750e+04 6.066221e-15 4.448014e+21 
4.234375e+04 6.504197e-15 4.234867e+21 
4.250000e+04 6.923449e-15 4.059571e+21 
4.265625e+04 7.201189e-15 3.975570e+21 
4.281250e+04 7.458298e-15 3.908593e+21 
4.296875e+04 7.585953e-15 3.904364e+21 
4.312500e+04 7.693929e-15 3.910251e+21 
4.328125e+04 7.695203e-15 3.962092e+21 
4.343750e+04 7.679482e-15 4.022796e+21 
4.359375e+04 7.581894e-15 4.119272e+21 
4.375000e+04 7.470837e-15 4.225866e+21 
4.390625e+04 7.300845e-15 4.361901e+21 
4.406250e+04 7.121138e-15 4.510563e+21 
4.421875e+04 6.902061e-15 4.684659e+21 
4.437500e+04 6.676868e-15 4.874629e+21 
4.453125e+04 6.428239e-15 5.087457e+21 
4.468750e+04 6.176721e-15 5.319897e+21 
4.484375e+04 5.914294e-15 5.573500e+21 
4.500000e+04 5.651734e-15 5.850789e+21 
4.515625e+04 5.387785e-15 6.148047e+21 
4.531250e+04 5.125950e-15 6.473259e+21 
4.546875e+04 4.869669e-15 6.817460e+21 
4.562500e+04 4.617244e-15 7.193888e+21 
4.578125e+04 4.375145e-15 7.588320e+21 
4.593750e+04 4.138170e-15 8.019020e+21 
4.609375e+04 3.914491e-15 8.466571e+21 
4.625000e+04 3.696769e-15 8.953919e+21 
4.640625e+04 3.493851e-15 9.456724e+21 
4.656250e+04 3.297337e-15 1.000207e+22 
4.671875e+04 3.115982e-15 1.056129e+22 
4.687500e+04 2.941147e-15 1.116482e+22 
4.703125e+04 2.780958e-15 1.178065e+22 
4.718750e+04 2.627134e-15 1.244154e+22 
4.734375e+04 2.486842e-15 1.311353e+22 
4.750000e+04 2.352553e-15 1.383049e+22 
4.765625e+04 2.230315e-15 1.455821e+22 
4.781250e+04 2.113579e-15 1.533031e+22 
4.796875e+04 2.007249e-15 1.611415e+22 
4.812500e+04 1.905843e-15 1.694179e+22 
4.828125e+04 1.813199e-15 1.778378e+22 
4.843750e+04 1.724880e-15 1.866951e+22 
4.859375e+04 1.643795e-15 1.957392e+22 
4.875000e+04 1.566461e-15 2.052293e+22 
4.890625e+04 1.495021e-15 2.149651e+22 
4.906250e+04 1.426808e-15 2.251676e+22 
4.921875e+04 1.363371e-15 2.356866e+22 
4.937500e+04 1.302706e-15 2.467063e+22 
4.953125e+04 1.245920e-15 2.581210e+22 
4.968750e+04 1.191520e-15 2.700836e+22 
4.984375e+04 1.140304e-15 2.825232e+22 
5.000000e+04 1.091156e-15 2.955712e+22 
5.015625e+04 1.044668e-15 3.091779e+22 
5.031250e+04 9.999882e-16 3.234657e+22 
5.046875e+04 9.575791e-16 3.383917e+22 
5.062500e+04 9.167671e-16 3.540830e+22 
5.078125e+04 8.779418e-16 3.704880e+22 
5.093750e+04 8.405389e-16 3.877538e+22 
5.109375e+04 8.049148e-16 4.058042e+22 
5.125000e+04 7.705670e-16 4.248215e+22 
5.140625e+04 7.378431e-16 4.446897e+22 
5.156250e+04 7.062713e-16 4.656412e+22 
5.171875e+04 6.762031e-16 4.875056e+22 
5.187500e+04 6.471793e-16 5.105795e+22 
5.203125e+04 6.195610e-16 5.346247e+22 
5.218750e+04 5.928921e-16 5.600153e+22 
5.234375e+04 5.675433e-16 5.864325e+22 
5.250000e+04 5.430589e-16 6.143401e+22 
5.265625e+04 5.198164e-16 6.433276e+22 
5.281250e+04 4.973612e-16 6.739597e+22 
5.296875e+04 4.760733e-16 7.057235e+22 
5.312500e+04 4.555025e-16 7.392948e+22 
5.328125e+04 4.360260e-16 7.740493e+22 
5.343750e+04 4.172023e-16 8.107831e+22 
5.359375e+04 3.994009e-16 8.487522e+22 
5.375000e+04 3.821933e-16 8.888808e+22 
5.390625e+04 3.659371e-16 9.302988e+22 
5.406250e+04 3.502204e-16 9.740652e+22 
5.421875e+04 3.353857e-16 1.019178e+23 
5.437500e+04 3.210405e-16 1.066837e+23 
5.453125e+04 3.075100e-16 1.115904e+23 
5.468750e+04 2.944233e-16 1.167724e+23 
5.484375e+04 2.820862e-16 1.221018e+23 
5.500000e+04 2.701513e-16 1.277281e+23 
5.515625e+04 2.589040e-16 1.335092e+23 
5.531250e+04 2.480209e-16 1.396100e+23 
5.546875e+04 2.377668e-16 1.458735e+23 
5.562500e+04 2.278423e-16 1.524807e+23 
5.578125e+04 2.184918e-16 1.592594e+23 
5.593750e+04 2.094396e-16 1.664068e+23 
5.609375e+04 2.009102e-16 1.737356e+23 
5.625000e+04 1.926509e-16 1.814596e+23 
5.640625e+04 1.848670e-16 1.893759e+23 
5.656250e+04 1.773276e-16 1.977152e+23 
5.671875e+04 1.702202e-16 2.062587e+23 
5.687500e+04 1.633341e-16 2.152547e+23 
5.703125e+04 1.568404e-16 2.244681e+23 
5.718750e+04 1.505471e-16 2.341651e+23 
5.734375e+04 1.446100e-16 2.440937e+23 
5.750000e+04 1.388545e-16 2.545391e+23 
5.765625e+04 1.334224e-16 2.652316e+23 
5.781250e+04 1.281550e-16 2.764758e+23 
5.796875e+04 1.231811e-16 2.879842e+23 
5.812500e+04 1.183567e-16 3.000814e+23 
5.828125e+04 1.137989e-16 3.124612e+23 
5.843750e+04 1.093769e-16 3.254693e+23 
5.859375e+04 1.051971e-16 3.387798e+23 
5.875000e+04 1.011407e-16 3.527606e+23 
5.890625e+04 9.730444e-17 3.670654e+23 
5.906250e+04 9.358048e-17 3.820853e+23 
5.921875e+04 9.005674e-17 3.974523e+23 
5.937500e+04 8.663525e-17 4.135822e+23 
5.953125e+04 8.339599e-17 4.300844e+23 
5.968750e+04 8.024990e-17 4.474002e+23 
5.984375e+04 7.726978e-17 4.651157e+23 
6.000000e+04 7.437465e-17 4.836991e+23 
6.015625e+04 7.163080e-17 5.027114e+23 
6.031250e+04 6.896453e-17 5.226496e+23 
6.046875e+04 6.643628e-17 5.430484e+23 
6.062500e+04 6.397891e-17 5.644351e+23 
6.078125e+04 6.164759e-17 5.863163e+23 
6.093750e+04 5.938109e-17 6.092517e+23 
6.109375e+04 5.722980e-17 6.327180e+23 
6.125000e+04 5.513785e-17 6.573093e+23 
6.140625e+04 5.315133e-17 6.824705e+23 
6.156250e+04 5.121916e-17 7.088323e+23 
6.171875e+04 4.938356e-17 7.358058e+23 
6.187500e+04 4.759781e-17 7.640609e+23 
6.203125e+04 4.590059e-17 7.929724e+23 
6.218750e+04 4.424912e-17 8.232519e+23 
6.234375e+04 4.267888e-17 8.542359e+23 
6.250000e+04 4.115067e-17 8.866802e+23 
6.265625e+04 3.969707e-17 9.198805e+23 
6.281250e+04 3.828209e-17 9.546401e+23 
6.296875e+04 3.693569e-17 9.902108e+23 
6.312500e+04 3.562483e-17 1.027447e+24 
6.328125e+04 3.437705e-17 1.065553e+24 
6.343750e+04 3.316199e-17 1.105437e+24 
6.359375e+04 3.200499e-17 1.146256e+24 
6.375000e+04 3.087815e-17 1.188974e+24 
6.390625e+04 2.980481e-17 1.232693e+24 
6.406250e+04 2.875926e-17 1.278442e+24 
6.421875e+04 2.776305e-17 1.325266e+24 
6.437500e+04 2.679248e-17 1.374258e+24 
6.453125e+04 2.586743e-17 1.424403e+24 
6.468750e+04 2.496606e-17 1.476865e+24 
6.484375e+04 2.410673e-17 1.530562e+24 
6.500000e+04 2.326928e-17 1.586737e+24 
6.515625e+04 2.247067e-17 1.644236e+24 
6.531250e+04 2.169229e-17 1.704382e+24 
6.546875e+04 2.094983e-17 1.765948e+24 
6.562500e+04 2.022608e-17 1.830344e+24 
6.578125e+04 1.953557e-17 1.896263e+24 
6.593750e+04 1.886237e-17 1.965206e+24 
6.609375e+04 1.821996e-17 2.035782e+24 
6.625000e+04 1.759358e-17 2.109591e+24 
6.640625e+04 1.699571e-17 2.185150e+24 
6.656250e+04 1.641269e-17 2.264168e+24 
6.671875e+04 1.585611e-17 2.345060e+24 
6.687500e+04 1.531329e-17 2.429651e+24 
6.703125e+04 1.479498e-17 2.516253e+24 
6.718750e+04 1.428944e-17 2.606810e+24 
6.734375e+04 1.380664e-17 2.699524e+24 
6.750000e+04 1.333568e-17 2.796469e+24 
6.765625e+04 1.288582e-17 2.895726e+24 
6.781250e+04 1.244695e-17 2.999512e+24 
6.796875e+04 1.202767e-17 3.105778e+24 
6.812500e+04 1.161860e-17 3.216892e+24 
6.828125e+04 1.122772e-17 3.330667e+24 
6.843750e+04 1.084632e-17 3.449631e+24 
6.859375e+04 1.048181e-17 3.571454e+24 
6.875000e+04 1.012612e-17 3.698834e+24 
6.890625e+04 9.786123e-18 3.829284e+24 
6.906250e+04 9.454311e-18 3.965690e+24 
6.921875e+04 9.137097e-18 4.105394e+24 
6.937500e+04 8.827485e-18 4.251483e+24 
6.953125e+04 8.531448e-18 4.401118e+24 
6.968750e+04 8.242477e-18 4.557600e+24 
6.984375e+04 7.966133e-18 4.717900e+24 
7.000000e+04 7.696358e-18 4.885546e+24 
7.015625e+04 7.438331e-18 5.057303e+24 
7.031250e+04 7.186413e-18 5.236948e+24 
7.046875e+04 6.945431e-18 5.421021e+24 
7.062500e+04 6.710130e-18 5.613569e+24 
7.078125e+04 6.485013e-18 5.810891e+24 
7.093750e+04 6.265181e-18 6.017325e+24 
7.109375e+04 6.054838e-18 6.228907e+24 
7.125000e+04 5.849412e-18 6.450291e+24 
7.140625e+04 5.652835e-18 6.677228e+24 
7.156250e+04 5.460832e-18 6.914720e+24 
7.171875e+04 5.277086e-18 7.158199e+24 
7.187500e+04 5.097597e-18 7.413050e+24 
7.203125e+04 4.925821e-18 7.674357e+24 
7.218750e+04 4.758008e-18 7.947921e+24 
7.234375e+04 4.597408e-18 8.228440e+24 
7.250000e+04 4.440498e-18 8.522180e+24 
7.265625e+04 4.290342e-18 8.823400e+24 
7.281250e+04 4.143622e-18 9.138884e+24 
7.296875e+04 4.003239e-18 9.462393e+24 
7.312500e+04 3.866057e-18 9.801295e+24 
7.328125e+04 3.734832e-18 1.000000e+25 
7.343750e+04 3.606589e-18 1.000000e+25 
7.359375e+04 3.483961e-18 1.000000e+25 
7.375000e+04 3.364114e-18 1.000000e+25 
7.390625e+04 3.249572e-18 1.000000e+25 
7.406250e+04 3.137627e-18 1.000000e+25 
7.421875e+04 3.030711e-18 1.000000e+25 
7.437500e+04 2.926222e-18 1.000000e+25 
7.453125e+04 2.826520e-18 1.000000e+25 
7.468750e+04 2.729088e-18 1.000000e+25 
7.484375e+04 2.636232e-18 1.000000e+25 
7.500000e+04 2.545505e-18 1.000000e+25 
7.515625e+04 2.459174e-18 1.000000e+25 
7.531250e+04 2.374844e-18 1.000000e+25 
7.546875e+04 2.294758e-18 1.000000e+25 
7.562500e+04 2.216562e-18 1.000000e+25 
7.578125e+04 2.142484e-18 1.000000e+25 
7.593750e+04 2.070199e-18 1.000000e+25 
7.609375e+04 2.001928e-18 1.000000e+25 
7.625000e+04 1.935368e-18 1.000000e+25 
7.640625e+04 1.872739e-18 1.000000e+25 
7.656250e+04 1.811754e-18 1.000000e+25 
7.671875e+04 1.754628e-18 1.000000e+25 
7.687500e+04 1.699094e-18 1.000000e+25 
7.703125e+04 1.647357e-18 1.000000e+25 
7.718750e+04 1.597173e-18 1.000000e+25 
7.734375e+04 1.550731e-18 1.000000e+25 
7.750000e+04 1.505819e-18 1.000000e+25 
7.765625e+04 1.464600e-18 1.000000e+25 
7.781250e+04 1.424903e-18 1.000000e+25 
7.796875e+04 1.388862e-18 1.000000e+25 
7.812500e+04 1.354352e-18 1.000000e+25 
7.828125e+04 1.323482e-18 1.000000e+25 
7.843750e+04 1.294168e-18 1.000000e+25 
7.859375e+04 1.268506e-18 1.000000e+25 
7.875000e+04 1.244442e-18 1.000000e+25 
7.890625e+04 1.224075e-18 1.000000e+25 
7.906250e+04 1.205360e-18 1.000000e+25 
7.921875e+04 1.190409e-18 1.000000e+25 
7.937500e+04 1.177167e-18 1.000000e+25 
7.953125e+04 1.167765e-18 1.000000e+25 
7.968750e+04 1.160120e-18 1.000000e+25 
7.984375e+04 1.156374e-18 1.000000e+25 
8.000000e+04 1.154413e-18 1.000000e+25 
