0.000000e+00 1.881766e-19 1.000000e+25 
3.125000e+02 1.883037e-19 1.000000e+25 
6.250000e+02 1.885839e-19 1.000000e+25 
9.375000e+02 1.891179e-19 1.000000e+25 
1.250000e+03 1.898043e-19 1.000000e+25 
1.562500e+03 1.907433e-19 1.000000e+25 
1.875000e+03 1.918331e-19 1.000000e+25 
2.187500e+03 1.931736e-19 1.000000e+25 
2.500000e+03 1.946628e-19 1.000000e+25 
2.812500e+03 1.964004e-19 1.000000e+25 
3.125000e+03 1.982842e-19 1.000000e+25 
3.437500e+03 2.004138e-19 1.000000e+25 
3.750000e+03 2.026867e-19 1.000000e+25 
4.062500e+03 2.052028e-19 1.000000e+25 
4.375000e+03 2.078593e-19 1.000000e+25 
4.687500e+03 2.107569e-19 1.000000e+25 
5.000000e+03 2.137921e-19 1.000000e+25 
5.312500e+03 2.170667e-19 1.000000e+25 
5.625000e+03 2.204767e-19 1.000000e+25 
5.937500e+03 2.241253e-19 1.000000e+25 
6.250000e+03 2.279075e-19 1.000000e+25 
6.562500e+03 2.319289e-19 1.000000e+25 
6.875000e+03 2.360829e-19 1.000000e+25 
7.187500e+03 2.404781e-19 1.000000e+25 
7.500000e+03 2.450058e-19 1.000000e+25 
7.812500e+03 2.497788e-19 1.000000e+25 
8.125000e+03 2.546849e-19 1.000000e+25 
8.437500e+03 2.598425e-19 1.000000e+25 
8.750000e+03 2.651350e-19 1.000000e+25 
9.062500e+03 2.706868e-19 1.000000e+25 
9.375000e+03 2.763765e-19 1.000000e+25 
9.687500e+03 2.823346e-19 1.000000e+25 
1.000000e+04 2.884342e-19 1.000000e+25 
1.031250e+04 2.948114e-19 1.000000e+25 
1.062500e+04 3.013341e-19 1.000000e+25 
1.093750e+04 3.081413e-19 1.000000e+25 
1.125000e+04 3.150978e-19 1.000000e+25 
1.156250e+04 3.223414e-19 1.000000e+25 
1.187500e+04 3.297371e-19 1.000000e+25 
1.218750e+04 3.374172e-19 1.000000e+25 
1.250000e+04 3.452515e-19 1.000000e+25 
1.281250e+04 3.533641e-19 1.000000e+25 
1.312500e+04 3.616336e-19 1.000000e+25 
1.343750e+04 3.701779e-19 1.000000e+25 
1.375000e+04 3.788844e-19 1.000000e+25 
1.406250e+04 3.878716e-19 1.000000e+25 
1.437500e+04 3.970302e-19 1.000000e+25 
1.468750e+04 4.064874e-19 1.000000e+25 
1.500000e+04 4.161289e-19 1.000000e+25 
1.531250e+04 4.260931e-19 1.000000e+25 
1.562500e+04 4.362547e-19 1.000000e+25 
1.593750e+04 4.467610e-19 1.000000e+25 
1.625000e+04 4.574758e-19 1.000000e+25 
1.656250e+04 4.685509e-19 1.000000e+25 
1.687500e+04 4.798431e-19 1.000000e+25 
1.718750e+04 4.915115e-19 1.000000e+25 
1.750000e+04 5.034076e-19 1.000000e+25 
1.781250e+04 5.157131e-19 1.000000e+25 
1.812500e+04 5.282645e-19 1.000000e+25 
1.843750e+04 5.412928e-19 1.000000e+25 
1.875000e+04 5.545959e-19 1.000000e+25 
1.906250e+04 5.684894e-19 1.000000e+25 
1.937500e+04 5.827004e-19 1.000000e+25 
1.968750e+04 5.976646e-19 1.000000e+25 
2.000000e+04 6.130021e-19 1.000000e+25 
2.031250e+04 6.293032e-19 1.000000e+25 
2.062500e+04 6.460464e-19 1.000000e+25 
2.093750e+04 6.640041e-19 1.000000e+25 
2.125000e+04 6.824838e-19 1.000000e+25 
2.156250e+04 7.024434e-19 1.000000e+25 
2.187500e+04 7.230070e-19 1.000000e+25 
2.218750e+04 7.452742e-19 1.000000e+25 
2.250000e+04 7.682118e-19 1.000000e+25 
2.281250e+04 7.929543e-19 1.000000e+25 
2.312500e+04 8.183995e-19 1.000000e+25 
2.343750e+04 8.455524e-19 1.000000e+25 
2.375000e+04 8.733984e-19 1.000000e+25 
2.406250e+04 9.026306e-19 1.000000e+25 
2.437500e+04 9.325189e-19 1.000000e+25 
2.468750e+04 9.633064e-19 1.000000e+25 
2.500000e+04 9.947257e-19 1.000000e+25 
2.531250e+04 1.026524e-18 1.000000e+25 
2.562500e+04 1.058993e-18 1.000000e+25 
2.593750e+04 1.091453e-18 1.000000e+25 
2.625000e+04 1.124736e-18 1.000000e+25 
2.656250e+04 1.157837e-18 1.000000e+25 
2.687500e+04 1.192038e-18 1.000000e+25 
2.718750e+04 1.226274e-18 1.000000e+25 
2.750000e+04 1.262123e-18 1.000000e+25 
2.781250e+04 1.298291e-18 1.000000e+25 
2.812500e+04 1.336482e-18 1.000000e+25 
2.843750e+04 1.375113e-18 1.000000e+25 
2.875000e+04 1.416478e-18 1.000000e+25 
2.906250e+04 1.460012e-18 1.000000e+25 
2.937500e+04 1.507770e-18 1.000000e+25 
2.968750e+04 1.556468e-18 1.000000e+25 
3.000000e+04 1.610452e-18 1.000000e+25 
3.031250e+04 1.658021e-18 1.000000e+25 
3.062500e+04 1.704786e-18 1.000000e+25 
3.093750e+04 1.767074e-18 1.000000e+25 
3.125000e+04 1.846980e-18 1.000000e+25 
3.156250e+04 1.850469e-18 1.000000e+25 
3.187500e+04 1.734733e-18 1.000000e+25 
3.218750e+04 4.892546e-18 6.590086e+24 
3.250000e+04 9.817374e-18 3.215284e+24 
3.281250e+04 2.976683e-17 1.068249e+24 
3.312500e+04 5.625722e-17 5.589236e+23 
3.343750e+04 1.510772e-16 2.082236e+23 
3.375000e+04 2.801732e-16 1.112294e+23 
3.406250e+04 6.747578e-16 4.604164e+22 
3.437500e+04 1.205996e-15 2.556217e+22 
3.468750e+04 2.547061e-15 1.199454e+22 
3.500000e+04 4.302993e-15 7.025182e+21 
3.531250e+04 7.642533e-15 3.894422e+21 
3.562500e+04 1.167542e-14 2.509022e+21 
3.593750e+04 1.650375e-14 1.730362e+21 
3.625000e+04 2.120047e-14 1.312198e+21 
3.656250e+04 2.205801e-14 1.211051e+21 
3.687500e+04 2.109844e-14 1.213233e+21 
3.718750e+04 1.502795e-14 1.629971e+21 
3.750000e+04 8.186888e-15 2.857417e+21 
3.781250e+04 3.573759e-15 6.264133e+21 
3.812500e+04 3.700932e-16 5.908890e+22 
3.843750e+04 1.659476e-16 1.366476e+23 
3.875000e+04 2.226501e-17 1.156434e+24 
3.906250e+04 4.196000e-18 6.279842e+24 
3.937500e+04 2.796005e-18 1.000000e+25 
3.968750e+04 1.895099e-18 1.000000e+25 
4.000000e+04 1.554365e-18 1.000000e+25 
4.031250e+04 1.895099e-18 1.000000e+25 
4.062500e+04 2.796005e-18 1.000000e+25 
4.093750e+04 4.196000e-18 6.279842e+24 
4.125000e+04 2.226501e-17 1.156434e+24 
4.156250e+04 1.659476e-16 1.366476e+23 
4.187500e+04 3.700932e-16 5.908890e+22 
4.218750e+04 3.573759e-15 6.264133e+21 
4.250000e+04 8.186888e-15 2.857417e+21 
4.281250e+04 1.502795e-14 1.629971e+21 
4.312500e+04 2.109844e-14 1.213233e+21 
4.343750e+04 2.205801e-14 1.211051e+21 
4.375000e+04 2.120047e-14 1.312198e+21 
4.406250e+04 1.650375e-14 1.730362e+21 
4.437500e+04 1.167542e-14 2.509022e+21 
4.468750e+04 7.642533e-15 3.894422e+21 
4.500000e+04 4.302993e-15 7.025182e+21 
4.531250e+04 2.547061e-15 1.199454e+22 
4.562500e+04 1.205996e-15 2.556217e+22 
4.593750e+04 6.747578e-16 4.604164e+22 
4.625000e+04 2.801732e-16 1.112294e+23 
4.656250e+04 1.510772e-16 2.082236e+23 
4.687500e+04 5.625722e-17 5.589236e+23 
4.718750e+04 2.976683e-17 1.068249e+24 
4.750000e+04 9.817374e-18 3.215284e+24 
4.781250e+04 4.892546e-18 6.590086e+24 
4.812500e+04 1.734733e-18 1.000000e+25 
4.843750e+04 1.850469e-18 1.000000e+25 
4.875000e+04 1.846980e-18 1.000000e+25 
4.906250e+04 1.767074e-18 1.000000e+25 
4.937500e+04 1.704786e-18 1.000000e+25 
4.968750e+04 1.658021e-18 1.000000e+25 
5.000000e+04 1.610452e-18 1.000000e+25 
5.031250e+04 1.556468e-18 1.000000e+25 
5.062500e+04 1.507770e-18 1.000000e+25 
5.093750e+04 1.460012e-18 1.000000e+25 
5.125000e+04 1.416478e-18 1.000000e+25 
5.156250e+04 1.375113e-18 1.000000e+25 
5.187500e+04 1.336482e-18 1.000000e+25 
5.218750e+04 1.298291e-18 1.000000e+25 
5.250000e+04 1.262123e-18 1.000000e+25 
5.281250e+04 1.226274e-18 1.000000e+25 
5.312500e+04 1.192038e-18 1.000000e+25 
5.343750e+04 1.157837e-18 1.000000e+25 
5.375000e+04 1.124736e-18 1.000000e+25 
5.406250e+04 1.091453e-18 1.000000e+25 
5.437500e+04 1.058993e-18 1.000000e+25 
5.468750e+04 1.026524e-18 1.000000e+25 
5.500000e+04 9.947257e-19 1.000000e+25 
5.531250e+04 9.633064e-19 1.000000e+25 
5.562500e+04 9.325189e-19 1.000000e+25 
5.593750e+04 9.026306e-19 1.000000e+25 
5.625000e+04 8.733984e-19 1.000000e+25 
5.656250e+04 8.455524e-19 1.000000e+25 
5.687500e+04 8.183995e-19 1.000000e+25 
5.718750e+04 7.929543e-19 1.000000e+25 
5.750000e+04 7.682118e-19 1.000000e+25 
5.781250e+04 7.452742e-19 1.000000e+25 
5.812500e+04 7.230070e-19 1.000000e+25 
5.843750e+04 7.024434e-19 1.000000e+25 
5.875000e+04 6.824838e-19 1.000000e+25 
5.906250e+04 6.640041e-19 1.000000e+25 
5.937500e+04 6.460464e-19 1.000000e+25 
5.968750e+04 6.293032e-19 1.000000e+25 
6.000000e+04 6.130021e-19 1.000000e+25 
6.031250e+04 5.976646e-19 1.000000e+25 
6.062500e+04 5.827004e-19 1.000000e+25 
6.093750e+04 5.684894e-19 1.000000e+25 
6.125000e+04 5.545959e-19 1.000000e+25 
6.156250e+04 5.412928e-19 1.000000e+25 
6.187500e+04 5.282645e-19 1.000000e+25 
6.218750e+04 5.157131e-19 1.000000e+25 
6.250000e+04 5.034076e-19 1.000000e+25 
6.281250e+04 4.915115e-19 1.000000e+25 
6.312500e+04 4.798431e-19 1.000000e+25 
6.343750e+04 4.685509e-19 1.000000e+25 
6.375000e+04 4.574758e-19 1.000000e+25 
6.406250e+04 4.467610e-19 1.000000e+25 
6.437500e+04 4.362547e-19 1.000000e+25 
6.468750e+04 4.260931e-19 1.000000e+25 
6.500000e+04 4.161289e-19 1.000000e+25 
6.531250e+04 4.064874e-19 1.000000e+25 
6.562500e+04 3.970302e-19 1.000000e+25 
6.593750e+04 3.878716e-19 1.000000e+25 
6.625000e+04 3.788844e-19 1.000000e+25 
6.656250e+04 3.701779e-19 1.000000e+25 
6.687500e+04 3.616336e-19 1.000000e+25 
6.718750e+04 3.533641e-19 1.000000e+25 
6.750000e+04 3.452515e-19 1.000000e+25 
6.781250e+04 3.374172e-19 1.000000e+25 
6.812500e+04 3.297371e-19 1.000000e+25 
6.843750e+04 3.223414e-19 1.000000e+25 
6.875000e+04 3.150978e-19 1.000000e+25 
6.906250e+04 3.081413e-19 1.000000e+25 
6.937500e+04 3.013341e-19 1.000000e+25 
6.968750e+04 2.948114e-19 1.000000e+25 
7.000000e+04 2.884342e-19 1.000000e+25 
7.031250e+04 2.823346e-19 1.000000e+25 
7.062500e+04 2.763765e-19 1.000000e+25 
7.093750e+04 2.706868e-19 1.000000e+25 
7.125000e+04 2.651350e-19 1.000000e+25 
7.156250e+04 2.598425e-19 1.000000e+25 
7.187500e+04 2.546849e-19 1.000000e+25 
7.218750e+04 2.497788e-19 1.000000e+25 
7.250000e+04 2.450058e-19 1.000000e+25 
7.281250e+04 2.404781e-19 1.000000e+25 
7.312500e+04 2.360829e-19 1.000000e+25 
7.343750e+04 2.319289e-19 1.000000e+25 
7.375000e+04 2.279075e-19 1.000000e+25 
7.406250e+04 2.241253e-19 1.000000e+25 
7.437500e+04 2.204767e-19 1.000000e+25 
7.468750e+04 2.170667e-19 1.000000e+25 
7.500000e+04 2.137921e-19 1.000000e+25 
7.531250e+04 2.107569e-19 1.000000e+25 
7.562500e+04 2.078593e-19 1.000000e+25 
7.593750e+04 2.052028e-19 1.000000e+25 
7.625000e+04 2.026867e-19 1.000000e+25 
7.656250e+04 2.004138e-19 1.000000e+25 
7.687500e+04 1.982842e-19 1.000000e+25 
7.718750e+04 1.964004e-19 1.000000e+25 
7.750000e+04 1.946628e-19 1.000000e+25 
7.781250e+04 1.931736e-19 1.000000e+25 
7.812500e+04 1.918331e-19 1.000000e+25 
7.843750e+04 1.907433e-19 1.000000e+25 
7.875000e+04 1.898043e-19 1.000000e+25 
7.906250e+04 1.891179e-19 1.000000e+25 
7.937500e+04 1.885839e-19 1.000000e+25 
7.968750e+04 1.883037e-19 1.000000e+25 
8.000000e+04 1.881766e-19 1.000000e+25 
