0.000000e+00 9.408803e-20 1.000000e+25 
2.083333e+02 9.411344e-20 1.000000e+25 
4.166667e+02 9.417038e-20 1.000000e+25 
6.250000e+02 9.427810e-20 1.000000e+25 
8.333333e+02 9.441730e-20 1.000000e+25 
1.041667e+03 9.460716e-20 1.000000e+25 
1.250000e+03 9.482838e-20 1.000000e+25 
1.458333e+03 9.510006e-20 1.000000e+25 
1.666667e+03 9.540296e-20 1.000000e+25 
1.875000e+03 9.575604e-20 1.000000e+25 
2.083333e+03 9.614014e-20 1.000000e+25 
2.291667e+03 9.657411e-20 1.000000e+25 
2.500000e+03 9.703886e-20 1.000000e+25 
2.708333e+03 9.755310e-20 1.000000e+25 
2.916667e+03 9.809790e-20 1.000000e+25 
3.125000e+03 9.869176e-20 1.000000e+25 
3.333333e+03 9.931593e-20 1.000000e+25 
3.541667e+03 9.998874e-20 1.000000e+25 
3.750000e+03 1.006916e-19 1.000000e+25 
3.958333e+03 1.014427e-19 1.000000e+25 
4.166667e+03 1.022237e-19 1.000000e+25 
4.375000e+03 1.030524e-19 1.000000e+25 
4.583333e+03 1.039108e-19 1.000000e+25 
4.791667e+03 1.048165e-19 1.000000e+25 
5.000000e+03 1.057518e-19 1.000000e+25 
5.208333e+03 1.067341e-19 1.000000e+25 
5.416667e+03 1.077459e-19 1.000000e+25 
5.625000e+03 1.088043e-19 1.000000e+25 
5.833333e+03 1.098922e-19 1.000000e+25 
6.041667e+03 1.110264e-19 1.000000e+25 
6.250000e+03 1.121903e-19 1.000000e+25 
6.458333e+03 1.134002e-19 1.000000e+25 
6.666667e+03 1.146400e-19 1.000000e+25 
6.875000e+03 1.159255e-19 1.000000e+25 
7.083333e+03 1.172412e-19 1.000000e+25 
7.291667e+03 1.186025e-19 1.000000e+25 
7.500000e+03 1.199945e-19 1.000000e+25 
7.708333e+03 1.214317e-19 1.000000e+25 
7.916667e+03 1.229003e-19 1.000000e+25 
8.125000e+03 1.244138e-19 1.000000e+25 
8.333333e+03 1.259594e-19 1.000000e+25 
8.541667e+03 1.275497e-19 1.000000e+25 
8.750000e+03 1.291729e-19 1.000000e+25 
8.958333e+03 1.308404e-19 1.000000e+25 
9.166667e+03 1.325419e-19 1.000000e+25 
9.375000e+03 1.342871e-19 1.000000e+25 
9.583333e+03 1.360673e-19 1.000000e+25 
9.791667e+03 1.378907e-19 1.000000e+25 
1.000000e+04 1.397503e-19 1.000000e+25 
1.020833e+04 1.416521e-19 1.000000e+25 
1.041667e+04 1.435915e-19 1.000000e+25 
1.062500e+04 1.455719e-19 1.000000e+25 
1.083333e+04 1.475914e-19 1.000000e+25 
1.104167e+04 1.496504e-19 1.000000e+25 
1.125000e+04 1.517499e-19 1.000000e+25 
1.145833e+04 1.538872e-19 1.000000e+25 
1.166667e+04 1.560665e-19 1.000000e+25 
1.187500e+04 1.582815e-19 1.000000e+25 
1.208333e+04 1.605402e-19 1.000000e+25 
1.229167e+04 1.628322e-19 1.000000e+25 
1.250000e+04 1.651695e-19 1.000000e+25 
1.270833e+04 1.675377e-19 1.000000e+25 
1.291667e+04 1.699529e-19 1.000000e+25 
1.312500e+04 1.723967e-19 1.000000e+25 
1.333333e+04 1.748894e-19 1.000000e+25 
1.354167e+04 1.774087e-19 1.000000e+25 
1.375000e+04 1.799791e-19 1.000000e+25 
1.395833e+04 1.825754e-19 1.000000e+25 
1.416667e+04 1.852251e-19 1.000000e+25 
1.437500e+04 1.879016e-19 1.000000e+25 
1.458333e+04 1.906344e-19 1.000000e+25 
1.479167e+04 1.933976e-19 1.000000e+25 
1.500000e+04 1.962205e-19 1.000000e+25 
1.520833e+04 1.990809e-19 1.000000e+25 
1.541667e+04 2.020054e-19 1.000000e+25 
1.562500e+04 2.049790e-19 1.000000e+25 
1.583333e+04 2.080220e-19 1.000000e+25 
1.604167e+04 2.111306e-19 1.000000e+25 
1.625000e+04 2.143152e-19 1.000000e+25 
1.645833e+04 2.175871e-19 1.000000e+25 
1.666667e+04 2.209426e-19 1.000000e+25 
1.687500e+04 2.244116e-19 1.000000e+25 
1.708333e+04 2.279724e-19 1.000000e+25 
1.729167e+04 2.316764e-19 1.000000e+25 
1.750000e+04 2.354807e-19 1.000000e+25 
1.770833e+04 2.394588e-19 1.000000e+25 
1.791667e+04 2.435453e-19 1.000000e+25 
1.812500e+04 2.478352e-19 1.000000e+25 
1.833333e+04 2.522403e-19 1.000000e+25 
1.854167e+04 2.568745e-19 1.000000e+25 
1.875000e+04 2.616283e-19 1.000000e+25 
1.895833e+04 2.666318e-19 1.000000e+25 
1.916667e+04 2.717579e-19 1.000000e+25 
1.937500e+04 2.771429e-19 1.000000e+25 
1.958333e+04 2.826468e-19 1.000000e+25 
1.979167e+04 2.884209e-19 1.000000e+25 
2.000000e+04 2.943194e-19 1.000000e+25 
2.020833e+04 3.004699e-19 1.000000e+25 
2.041667e+04 3.067186e-19 1.000000e+25 
2.062500e+04 3.132448e-19 1.000000e+25 
2.083333e+04 3.199036e-19 1.000000e+25 
2.104167e+04 3.268577e-19 1.000000e+25 
2.125000e+04 3.339405e-19 1.000000e+25 
2.145833e+04 3.409491e-19 1.000000e+25 
2.166667e+04 3.477537e-19 1.000000e+25 
2.187500e+04 3.554476e-19 1.000000e+25 
2.208333e+04 3.638891e-19 1.000000e+25 
2.229167e+04 3.720243e-19 1.000000e+25 
2.250000e+04 3.790161e-19 1.000000e+25 
2.270833e+04 3.780679e-19 1.000000e+25 
2.291667e+04 3.750893e-19 1.000000e+25 
2.312500e+04 4.055389e-19 1.000000e+25 
2.333333e+04 4.824824e-19 1.000000e+25 
2.354167e+04 5.996612e-19 8.340805e+24 
2.375000e+04 7.403822e-19 6.753441e+24 
2.395833e+04 9.267941e-19 5.395960e+24 
2.416667e+04 1.156809e-18 4.322485e+24 
2.437500e+04 1.473534e-18 3.393997e+24 
2.458333e+04 1.855089e-18 2.695491e+24 
2.479167e+04 2.377591e-18 2.103499e+24 
2.500000e+04 3.001248e-18 1.666126e+24 
2.520833e+04 3.856070e-18 1.297010e+24 
2.541667e+04 4.872082e-18 1.026383e+24 
2.562500e+04 6.268548e-18 7.978830e+23 
2.583333e+04 7.923861e-18 6.311204e+23 
2.604167e+04 1.020394e-17 4.901950e+23 
2.625000e+04 1.290038e-17 3.876929e+23 
2.645833e+04 1.661872e-17 3.010160e+23 
2.666667e+04 2.100597e-17 2.381308e+23 
2.687500e+04 2.705873e-17 1.849116e+23 
2.708333e+04 3.418111e-17 1.463809e+23 
2.729167e+04 4.400167e-17 1.137476e+23 
2.750000e+04 5.551717e-17 9.016254e+22 
2.770833e+04 7.135762e-17 7.017781e+22 
2.791667e+04 8.984486e-17 5.575142e+22 
2.812500e+04 1.151427e-16 4.352853e+22 
2.833333e+04 1.444827e-16 3.470605e+22 
2.854167e+04 1.842548e-16 2.723831e+22 
2.875000e+04 2.300035e-16 2.183864e+22 
2.895833e+04 2.911083e-16 1.727661e+22 
2.916667e+04 3.606634e-16 1.396322e+22 
2.937500e+04 4.516563e-16 1.117070e+22 
2.958333e+04 5.539154e-16 9.126560e+21 
2.979167e+04 6.841685e-16 7.408244e+21 
3.000000e+04 8.283718e-16 6.135876e+21 
3.020833e+04 1.006271e-15 5.068854e+21 
3.041667e+04 1.199947e-15 4.266808e+21 
3.062500e+04 1.430407e-15 3.595490e+21 
3.083333e+04 1.676864e-15 3.081726e+21 
3.104167e+04 1.959022e-15 2.652272e+21 
3.125000e+04 2.255368e-15 2.316911e+21 
3.145833e+04 2.581566e-15 2.036789e+21 
3.166667e+04 2.918296e-15 1.813311e+21 
3.187500e+04 3.274955e-15 1.626722e+21 
3.208333e+04 3.637331e-15 1.474620e+21 
3.229167e+04 4.007170e-15 1.347750e+21 
3.250000e+04 4.377558e-15 1.242177e+21 
3.270833e+04 4.741923e-15 1.154414e+21 
3.291667e+04 5.101874e-15 1.080021e+21 
3.312500e+04 5.442185e-15 1.018739e+21 
3.333333e+04 5.773520e-15 9.660132e+20 
3.354167e+04 6.071646e-15 9.234913e+20 
3.375000e+04 6.356593e-15 8.865761e+20 
3.395833e+04 6.594494e-15 8.582004e+20 
3.416667e+04 6.815236e-15 8.336420e+20 
3.437500e+04 6.974222e-15 8.169184e+20 
3.458333e+04 7.112122e-15 8.030171e+20 
3.479167e+04 7.171905e-15 7.971575e+20 
3.500000e+04 7.206536e-15 7.938068e+20 
3.520833e+04 7.144562e-15 7.998256e+20 
3.541667e+04 7.053192e-15 8.088910e+20 
3.562500e+04 6.845652e-15 8.303830e+20 
3.583333e+04 6.604741e-15 8.570239e+20 
3.604167e+04 6.232324e-15 9.022605e+20 
3.625000e+04 5.824275e-15 9.584675e+20 
3.645833e+04 5.292438e-15 1.044734e+21 
3.666667e+04 4.729959e-15 1.157081e+21 
3.687500e+04 4.131790e-15 1.310120e+21 
3.708333e+04 3.541445e-15 1.511838e+21 
3.729167e+04 3.078933e-15 1.723943e+21 
3.750000e+04 2.672940e-15 1.970582e+21 
3.770833e+04 2.417013e-15 2.168659e+21 
3.791667e+04 2.194128e-15 2.378789e+21 
3.812500e+04 2.040892e-15 2.549888e+21 
3.833333e+04 1.898638e-15 2.733442e+21 
3.854167e+04 1.794590e-15 2.886125e+21 
3.875000e+04 1.699694e-15 3.041677e+21 
3.895833e+04 1.630894e-15 3.165773e+21 
3.916667e+04 1.569252e-15 3.286200e+21 
3.937500e+04 1.528620e-15 3.370891e+21 
3.958333e+04 1.494545e-15 3.445467e+21 
3.979167e+04 1.479331e-15 3.479873e+21 
4.000000e+04 1.470263e-15 3.500717e+21 
4.020833e+04 1.479331e-15 3.479873e+21 
4.041667e+04 1.494545e-15 3.445467e+21 
4.062500e+04 1.528620e-15 3.370891e+21 
4.083333e+04 1.569252e-15 3.286200e+21 
4.104167e+04 1.630894e-15 3.165773e+21 
4.125000e+04 1.699694e-15 3.041677e+21 
4.145833e+04 1.794590e-15 2.886125e+21 
4.166667e+04 1.898638e-15 2.733442e+21 
4.187500e+04 2.040892e-15 2.549888e+21 
4.208333e+04 2.194128e-15 2.378789e+21 
4.229167e+04 2.417013e-15 2.168659e+21 
4.250000e+04 2.672940e-15 1.970582e+21 
4.270833e+04 3.078933e-15 1.723943e+21 
4.291667e+04 3.541445e-15 1.511838e+21 
4.312500e+04 4.131790e-15 1.310120e+21 
4.333333e+04 4.729959e-15 1.157081e+21 
4.354167e+04 5.292438e-15 1.044734e+21 
4.375000e+04 5.824275e-15 9.584675e+20 
4.395833e+04 6.232324e-15 9.022605e+20 
4.416667e+04 6.604741e-15 8.570239e+20 
4.437500e+04 6.845652e-15 8.303830e+20 
4.458333e+04 7.053192e-15 8.088910e+20 
4.479167e+04 7.144562e-15 7.998256e+20 
4.500000e+04 7.206536e-15 7.938068e+20 
4.520833e+04 7.171905e-15 7.971575e+20 
4.541667e+04 7.112122e-15 8.030171e+20 
4.562500e+04 6.974222e-15 8.169184e+20 
4.583333e+04 6.815236e-15 8.336420e+20 
4.604167e+04 6.594494e-15 8.582004e+20 
4.625000e+04 6.356593e-15 8.865761e+20 
4.645833e+04 6.071646e-15 9.234913e+20 
4.666667e+04 5.773520e-15 9.660132e+20 
4.687500e+04 5.442185e-15 1.018739e+21 
4.708333e+04 5.101874e-15 1.080021e+21 
4.729167e+04 4.741923e-15 1.154414e+21 
4.750000e+04 4.377558e-15 1.242177e+21 
4.770833e+04 4.007170e-15 1.347750e+21 
4.791667e+04 3.637331e-15 1.474620e+21 
4.812500e+04 3.274955e-15 1.626722e+21 
4.833333e+04 2.918296e-15 1.813311e+21 
4.854167e+04 2.581566e-15 2.036789e+21 
4.875000e+04 2.255368e-15 2.316911e+21 
4.895833e+04 1.959022e-15 2.652272e+21 
4.916667e+04 1.676864e-15 3.081726e+21 
4.937500e+04 1.430407e-15 3.595490e+21 
4.958333e+04 1.199947e-15 4.266808e+21 
4.979167e+04 1.006271e-15 5.068854e+21 
5.000000e+04 8.283718e-16 6.135876e+21 
5.020833e+04 6.841685e-16 7.408244e+21 
5.041667e+04 5.539154e-16 9.126560e+21 
5.062500e+04 4.516563e-16 1.117070e+22 
5.083333e+04 3.606634e-16 1.396322e+22 
5.104167e+04 2.911083e-16 1.727661e+22 
5.125000e+04 2.300035e-16 2.183864e+22 
5.145833e+04 1.842548e-16 2.723831e+22 
5.166667e+04 1.444827e-16 3.470605e+22 
5.187500e+04 1.151427e-16 4.352853e+22 
5.208333e+04 8.984486e-17 5.575142e+22 
5.229167e+04 7.135762e-17 7.017781e+22 
5.250000e+04 5.551717e-17 9.016254e+22 
5.270833e+04 4.400167e-17 1.137476e+23 
5.291667e+04 3.418111e-17 1.463809e+23 
5.312500e+04 2.705873e-17 1.849116e+23 
5.333333e+04 2.100597e-17 2.381308e+23 
5.354167e+04 1.661872e-17 3.010160e+23 
5.375000e+04 1.290038e-17 3.876929e+23 
5.395833e+04 1.020394e-17 4.901950e+23 
5.416667e+04 7.923861e-18 6.311204e+23 
5.437500e+04 6.268548e-18 7.978830e+23 
5.458333e+04 4.872082e-18 1.026383e+24 
5.479167e+04 3.856070e-18 1.297010e+24 
5.500000e+04 3.001248e-18 1.666126e+24 
5.520833e+04 2.377591e-18 2.103499e+24 
5.541667e+04 1.855089e-18 2.695491e+24 
5.562500e+04 1.473534e-18 3.393997e+24 
5.583333e+04 1.156809e-18 4.322485e+24 
5.604167e+04 9.267941e-19 5.395960e+24 
5.625000e+04 7.403822e-19 6.753441e+24 
5.645833e+04 5.996612e-19 8.340805e+24 
5.666667e+04 4.824824e-19 1.000000e+25 
5.687500e+04 4.055389e-19 1.000000e+25 
5.708333e+04 3.750893e-19 1.000000e+25 
5.729167e+04 3.780679e-19 1.000000e+25 
5.750000e+04 3.790161e-19 1.000000e+25 
5.770833e+04 3.720243e-19 1.000000e+25 
5.791667e+04 3.638891e-19 1.000000e+25 
5.812500e+04 3.554476e-19 1.000000e+25 
5.833333e+04 3.477537e-19 1.000000e+25 
5.854167e+04 3.409491e-19 1.000000e+25 
5.875000e+04 3.339405e-19 1.000000e+25 
5.895833e+04 3.268577e-19 1.000000e+25 
5.916667e+04 3.199036e-19 1.000000e+25 
5.937500e+04 3.132448e-19 1.000000e+25 
5.958333e+04 3.067186e-19 1.000000e+25 
5.979167e+04 3.004699e-19 1.000000e+25 
6.000000e+04 2.943194e-19 1.000000e+25 
6.020833e+04 2.884209e-19 1.000000e+25 
6.041667e+04 2.826468e-19 1.000000e+25 
6.062500e+04 2.771429e-19 1.000000e+25 
6.083333e+04 2.717579e-19 1.000000e+25 
6.104167e+04 2.666318e-19 1.000000e+25 
6.125000e+04 2.616283e-19 1.000000e+25 
6.145833e+04 2.568745e-19 1.000000e+25 
6.166667e+04 2.522403e-19 1.000000e+25 
6.187500e+04 2.478352e-19 1.000000e+25 
6.208333e+04 2.435453e-19 1.000000e+25 
6.229167e+04 2.394588e-19 1.000000e+25 
6.250000e+04 2.354807e-19 1.000000e+25 
6.270833e+04 2.316764e-19 1.000000e+25 
6.291667e+04 2.279724e-19 1.000000e+25 
6.312500e+04 2.244116e-19 1.000000e+25 
6.333333e+04 2.209426e-19 1.000000e+25 
6.354167e+04 2.175871e-19 1.000000e+25 
6.375000e+04 2.143152e-19 1.000000e+25 
6.395833e+04 2.111306e-19 1.000000e+25 
6.416667e+04 2.080220e-19 1.000000e+25 
6.437500e+04 2.049790e-19 1.000000e+25 
6.458333e+04 2.020054e-19 1.000000e+25 
6.479167e+04 1.990809e-19 1.000000e+25 
6.500000e+04 1.962205e-19 1.000000e+25 
6.520833e+04 1.933976e-19 1.000000e+25 
6.541667e+04 1.906344e-19 1.000000e+25 
6.562500e+04 1.879016e-19 1.000000e+25 
6.583333e+04 1.852251e-19 1.000000e+25 
6.604167e+04 1.825754e-19 1.000000e+25 
6.625000e+04 1.799791e-19 1.000000e+25 
6.645833e+04 1.774087e-19 1.000000e+25 
6.666667e+04 1.748894e-19 1.000000e+25 
6.687500e+04 1.723967e-19 1.000000e+25 
6.708333e+04 1.699529e-19 1.000000e+25 
6.729167e+04 1.675377e-19 1.000000e+25 
6.750000e+04 1.651695e-19 1.000000e+25 
6.770833e+04 1.628322e-19 1.000000e+25 
6.791667e+04 1.605402e-19 1.000000e+25 
6.812500e+04 1.582815e-19 1.000000e+25 
6.833333e+04 1.560665e-19 1.000000e+25 
6.854167e+04 1.538872e-19 1.000000e+25 
6.875000e+04 1.517499e-19 1.000000e+25 
6.895833e+04 1.496504e-19 1.000000e+25 
6.916667e+04 1.475914e-19 1.000000e+25 
6.937500e+04 1.455719e-19 1.000000e+25 
6.958333e+04 1.435915e-19 1.000000e+25 
6.979167e+04 1.416521e-19 1.000000e+25 
7.000000e+04 1.397503e-19 1.000000e+25 
7.020833e+04 1.378907e-19 1.000000e+25 
7.041667e+04 1.360673e-19 1.000000e+25 
7.062500e+04 1.342871e-19 1.000000e+25 
7.083333e+04 1.325419e-19 1.000000e+25 
7.104167e+04 1.308404e-19 1.000000e+25 
7.125000e+04 1.291729e-19 1.000000e+25 
7.145833e+04 1.275497e-19 1.000000e+25 
7.166667e+04 1.259594e-19 1.000000e+25 
7.187500e+04 1.244138e-19 1.000000e+25 
7.208333e+04 1.229003e-19 1.000000e+25 
7.229167e+04 1.214317e-19 1.000000e+25 
7.250000e+04 1.199945e-19 1.000000e+25 
7.270833e+04 1.186025e-19 1.000000e+25 
7.291667e+04 1.172412e-19 1.000000e+25 
7.312500e+04 1.159255e-19 1.000000e+25 
7.333333e+04 1.146400e-19 1.000000e+25 
7.354167e+04 1.134002e-19 1.000000e+25 
7.375000e+04 1.121903e-19 1.000000e+25 
7.395833e+04 1.110264e-19 1.000000e+25 
7.416667e+04 1.098922e-19 1.000000e+25 
7.437500e+04 1.088043e-19 1.000000e+25 
7.458333e+04 1.077459e-19 1.000000e+25 
7.479167e+04 1.067341e-19 1.000000e+25 
7.500000e+04 1.057518e-19 1.000000e+25 
7.520833e+04 1.048165e-19 1.000000e+25 
7.541667e+04 1.039108e-19 1.000000e+25 
7.562500e+04 1.030524e-19 1.000000e+25 
7.583333e+04 1.022237e-19 1.000000e+25 
7.604167e+04 1.014427e-19 1.000000e+25 
7.625000e+04 1.006916e-19 1.000000e+25 
7.645833e+04 9.998874e-20 1.000000e+25 
7.666667e+04 9.931593e-20 1.000000e+25 
7.687500e+04 9.869176e-20 1.000000e+25 
7.708333e+04 9.809789e-20 1.000000e+25 
7.729167e+04 9.755310e-20 1.000000e+25 
7.750000e+04 9.703886e-20 1.000000e+25 
7.770833e+04 9.657411e-20 1.000000e+25 
7.791667e+04 9.614014e-20 1.000000e+25 
7.812500e+04 9.575604e-20 1.000000e+25 
7.833333e+04 9.540296e-20 1.000000e+25 
7.854167e+04 9.510006e-20 1.000000e+25 
7.875000e+04 9.482838e-20 1.000000e+25 
7.895833e+04 9.460716e-20 1.000000e+25 
7.916667e+04 9.441730e-20 1.000000e+25 
7.937500e+04 9.427810e-20 1.000000e+25 
7.958333e+04 9.417038e-20 1.000000e+25 
7.979167e+04 9.411344e-20 1.000000e+25 
8.000000e+04 9.408802e-20 1.000000e+25 
