4.031250e+04 0.000000e+00 7.162817e-14 
4.031250e+04 3.125000e+02 6.182692e-14 
4.062500e+04 6.250000e+02 6.400201e-14 
4.062500e+04 9.375000e+02 6.126870e-14 
4.093750e+04 1.250000e+03 4.943248e-14 
4.125000e+04 1.562500e+03 4.529422e-14 
4.125000e+04 1.875000e+03 4.710716e-14 
4.156250e+04 2.187500e+03 3.674040e-14 
4.187500e+04 2.500000e+03 3.660386e-14 
4.187500e+04 2.812500e+03 3.533728e-14 
4.218750e+04 3.125000e+03 3.078420e-14 
4.250000e+04 3.437500e+03 2.901100e-14 
4.250000e+04 3.750000e+03 2.915133e-14 
4.281250e+04 4.062500e+03 2.508169e-14 
4.312500e+04 4.375000e+03 2.508248e-14 
4.312500e+04 4.687500e+03 2.388432e-14 
4.343750e+04 5.000000e+03 2.196887e-14 
4.375000e+04 5.312500e+03 2.149772e-14 
4.375000e+04 5.625000e+03 2.064671e-14 
4.437500e+04 5.937500e+03 1.904956e-14 
4.437500e+04 6.250000e+03 1.930865e-14 
4.437500e+04 6.562500e+03 1.779593e-14 
4.500000e+04 6.875000e+03 1.780634e-14 
4.500000e+04 7.187500e+03 1.714748e-14 
4.531250e+04 7.500000e+03 1.629888e-14 
4.562500e+04 7.812500e+03 1.620370e-14 
4.562500e+04 8.125000e+03 1.598144e-14 
4.593750e+04 8.437500e+03 1.442133e-14 
4.687500e+04 8.750000e+03 1.305816e-14 
4.687500e+04 9.062500e+03 1.401944e-14 
4.687500e+04 9.375000e+03 1.473662e-14 
4.750000e+04 9.687500e+03 1.413053e-14 
4.750000e+04 1.000000e+04 1.413536e-14 
