4.041667e+04 0.000000e+00 4.831530e-14 
4.041667e+04 4.166667e+02 3.702374e-14 
4.083333e+04 8.333333e+02 3.324335e-14 
4.083333e+04 1.250000e+03 3.346452e-14 
4.125000e+04 1.666667e+03 2.506395e-14 
4.166667e+04 2.083333e+03 2.273365e-14 
4.166667e+04 2.500000e+03 2.467556e-14 
4.166667e+04 2.916667e+03 2.120484e-14 
4.208333e+04 3.333333e+03 1.913911e-14 
4.250000e+04 3.750000e+03 1.921325e-14 
4.250000e+04 4.166667e+03 1.838919e-14 
4.291667e+04 4.583333e+03 1.604785e-14 
4.333333e+04 5.000000e+03 1.618809e-14 
4.333333e+04 5.416667e+03 1.575029e-14 
4.333333e+04 5.833333e+03 1.430270e-14 
4.416667e+04 6.250000e+03 1.394795e-14 
4.416667e+04 6.666667e+03 1.393007e-14 
4.416667e+04 7.083333e+03 1.293013e-14 
4.500000e+04 7.500000e+03 1.246660e-14 
4.500000e+04 7.916667e+03 1.230825e-14 
4.500000e+04 8.333333e+03 1.156895e-14 
4.583333e+04 8.750000e+03 1.051322e-14 
4.583333e+04 9.166667e+03 1.085494e-14 
4.625000e+04 9.583333e+03 1.063215e-14 
4.666667e+04 1.000000e+04 1.102996e-14 
