4.062500e+04 0.000000e+00 3.665757e-14 
4.062500e+04 6.250000e+02 3.071559e-14 
4.125000e+04 1.250000e+03 3.533566e-14 
4.125000e+04 1.875000e+03 3.096272e-14 
4.187500e+04 2.500000e+03 2.714184e-14 
4.250000e+04 3.125000e+03 2.675652e-14 
4.250000e+04 3.750000e+03 2.269419e-14 
4.312500e+04 4.375000e+03 2.079163e-14 
4.375000e+04 5.000000e+03 2.261405e-14 
4.437500e+04 5.625000e+03 1.828179e-14 
4.500000e+04 6.250000e+03 1.840443e-14 
4.500000e+04 6.875000e+03 1.767301e-14 
4.562500e+04 7.500000e+03 1.628876e-14 
4.625000e+04 8.125000e+03 1.566352e-14 
4.625000e+04 8.750000e+03 1.328595e-14 
4.750000e+04 9.375000e+03 1.447645e-14 
4.750000e+04 1.000000e+04 1.341795e-14 
