4.031250e+04 0.000000e+00 7.341596e-14 
4.031250e+04 3.125000e+02 6.140425e-14 
4.062500e+04 6.250000e+02 6.740129e-14 
4.062500e+04 9.375000e+02 6.194690e-14 
4.093750e+04 1.250000e+03 5.069652e-14 
4.125000e+04 1.562500e+03 4.581727e-14 
4.125000e+04 1.875000e+03 4.594352e-14 
4.156250e+04 2.187500e+03 3.754962e-14 
4.187500e+04 2.500000e+03 3.633838e-14 
4.187500e+04 2.812500e+03 3.527869e-14 
4.218750e+04 3.125000e+03 3.086531e-14 
4.250000e+04 3.437500e+03 2.919680e-14 
4.250000e+04 3.750000e+03 2.900522e-14 
4.281250e+04 4.062500e+03 2.526560e-14 
4.312500e+04 4.375000e+03 2.519598e-14 
4.312500e+04 4.687500e+03 2.394615e-14 
4.343750e+04 5.000000e+03 2.205801e-14 
4.375000e+04 5.312500e+03 2.162914e-14 
4.375000e+04 5.625000e+03 2.068615e-14 
4.437500e+04 5.937500e+03 1.914418e-14 
4.437500e+04 6.250000e+03 1.937894e-14 
4.437500e+04 6.562500e+03 1.783459e-14 
4.500000e+04 6.875000e+03 1.789207e-14 
4.500000e+04 7.187500e+03 1.721215e-14 
4.531250e+04 7.500000e+03 1.624617e-14 
4.562500e+04 7.812500e+03 1.609891e-14 
4.562500e+04 8.125000e+03 1.599690e-14 
4.593750e+04 8.437500e+03 1.471262e-14 
4.687500e+04 8.750000e+03 1.344744e-14 
4.687500e+04 9.062500e+03 1.358601e-14 
4.687500e+04 9.375000e+03 1.471042e-14 
4.750000e+04 9.687500e+03 1.437032e-14 
4.750000e+04 1.000000e+04 1.351985e-14 
