4.020833e+04 0.000000e+00 1.453542e-13 
4.020833e+04 2.083333e+02 6.512198e-14 
4.041667e+04 4.166667e+02 5.646410e-14 
4.083333e+04 6.250000e+02 3.997562e-14 
4.104167e+04 8.333333e+02 3.426005e-14 
4.125000e+04 1.041667e+03 2.907040e-14 
4.145833e+04 1.250000e+03 2.571183e-14 
4.166667e+04 1.458333e+03 2.304561e-14 
4.187500e+04 1.666667e+03 2.095469e-14 
4.208333e+04 1.875000e+03 1.935725e-14 
4.229167e+04 2.083333e+03 1.798732e-14 
4.250000e+04 2.291667e+03 1.691669e-14 
4.270833e+04 2.500000e+03 1.594964e-14 
4.291667e+04 2.708333e+03 1.518534e-14 
4.312500e+04 2.916667e+03 1.446826e-14 
4.333333e+04 3.125000e+03 1.389692e-14 
4.354167e+04 3.333333e+03 1.334505e-14 
4.375000e+04 3.541667e+03 1.290160e-14 
4.375000e+04 3.750000e+03 1.248233e-14 
4.416667e+04 3.958333e+03 1.210832e-14 
4.416667e+04 4.166667e+03 1.179966e-14 
4.458333e+04 4.375000e+03 1.145988e-14 
4.458333e+04 4.583333e+03 1.123417e-14 
4.500000e+04 4.791667e+03 1.092220e-14 
4.500000e+04 5.000000e+03 1.076246e-14 
4.541667e+04 5.208333e+03 1.047901e-14 
4.541667e+04 5.416667e+03 1.037478e-14 
4.583333e+04 5.625000e+03 1.011207e-14 
4.583333e+04 5.833333e+03 1.005136e-14 
4.604167e+04 6.041667e+03 9.819621e-15 
4.625000e+04 6.250000e+03 9.772076e-15 
4.645833e+04 6.458333e+03 9.567764e-15 
4.666667e+04 6.666667e+03 9.532590e-15 
4.687500e+04 6.875000e+03 9.354064e-15 
4.708333e+04 7.083333e+03 9.332503e-15 
4.729167e+04 7.291667e+03 9.178213e-15 
4.750000e+04 7.500000e+03 9.169936e-15 
4.750000e+04 7.708333e+03 9.048427e-15 
4.791667e+04 7.916667e+03 9.027295e-15 
4.791667e+04 8.125000e+03 8.929028e-15 
4.833333e+04 8.333333e+03 8.867508e-15 
4.833333e+04 8.541667e+03 8.783139e-15 
4.875000e+04 8.750000e+03 8.711882e-15 
4.875000e+04 8.958333e+03 8.661470e-15 
4.916667e+04 9.166667e+03 8.652768e-15 
4.916667e+04 9.375000e+03 8.651843e-15 
4.958333e+04 9.583333e+03 8.685561e-15 
4.958333e+04 9.791667e+03 8.720470e-15 
4.979167e+04 1.000000e+04 8.753535e-15 
