4.025000e+04 0.000000e+00 8.235713e-14 
4.025000e+04 2.500000e+02 6.159313e-14 
4.050000e+04 5.000000e+02 6.036268e-14 
4.050000e+04 7.500000e+02 5.486790e-14 
4.075000e+04 1.000000e+03 4.355192e-14 
4.100000e+04 1.250000e+03 3.931111e-14 
4.100000e+04 1.500000e+03 4.003316e-14 
4.100000e+04 1.750000e+03 3.262035e-14 
4.125000e+04 2.000000e+03 3.086825e-14 
4.150000e+04 2.250000e+03 3.158687e-14 
4.150000e+04 2.500000e+03 2.883598e-14 
4.175000e+04 2.750000e+03 2.584428e-14 
4.200000e+04 3.000000e+03 2.649552e-14 
4.200000e+04 3.250000e+03 2.490528e-14 
4.225000e+04 3.500000e+03 2.274851e-14 
4.250000e+04 3.750000e+03 2.271694e-14 
4.250000e+04 4.000000e+03 2.213362e-14 
4.275000e+04 4.250000e+03 2.021037e-14 
4.300000e+04 4.500000e+03 2.036195e-14 
4.300000e+04 4.750000e+03 1.986771e-14 
4.325000e+04 5.000000e+03 1.855642e-14 
4.350000e+04 5.250000e+03 1.846706e-14 
4.350000e+04 5.500000e+03 1.831675e-14 
4.350000e+04 5.750000e+03 1.714753e-14 
4.400000e+04 6.000000e+03 1.717972e-14 
4.400000e+04 6.250000e+03 1.697519e-14 
4.400000e+04 6.500000e+03 1.617281e-14 
4.450000e+04 6.750000e+03 1.603269e-14 
4.450000e+04 7.000000e+03 1.599781e-14 
4.450000e+04 7.250000e+03 1.524891e-14 
4.500000e+04 7.500000e+03 1.518549e-14 
4.500000e+04 7.750000e+03 1.506414e-14 
4.500000e+04 8.000000e+03 1.450753e-14 
4.550000e+04 8.250000e+03 1.414561e-14 
4.550000e+04 8.500000e+03 1.387155e-14 
4.550000e+04 8.750000e+03 1.301321e-14 
4.600000e+04 9.000000e+03 1.341469e-14 
4.600000e+04 9.250000e+03 1.307141e-14 
4.650000e+04 9.500000e+03 1.339460e-14 
4.650000e+04 9.750000e+03 1.368206e-14 
4.650000e+04 1.000000e+04 1.312803e-14 
