4.031250e+04 0.000000e+00 6.381870e-14 
4.031250e+04 3.125000e+02 4.971285e-14 
4.062500e+04 6.250000e+02 4.696821e-14 
4.062500e+04 9.375000e+02 4.780752e-14 
4.093750e+04 1.250000e+03 3.672510e-14 
4.093750e+04 1.562500e+03 3.414543e-14 
4.125000e+04 1.875000e+03 3.568819e-14 
4.125000e+04 2.187500e+03 3.105006e-14 
4.156250e+04 2.500000e+03 2.824502e-14 
4.187500e+04 2.812500e+03 2.804052e-14 
4.187500e+04 3.125000e+03 2.723787e-14 
4.218750e+04 3.437500e+03 2.345624e-14 
4.250000e+04 3.750000e+03 2.353103e-14 
4.250000e+04 4.062500e+03 2.325332e-14 
4.250000e+04 4.375000e+03 2.076259e-14 
4.312500e+04 4.687500e+03 2.019341e-14 
4.312500e+04 5.000000e+03 2.063693e-14 
4.312500e+04 5.312500e+03 1.894337e-14 
4.375000e+04 5.625000e+03 1.818013e-14 
4.375000e+04 5.937500e+03 1.848068e-14 
4.375000e+04 6.250000e+03 1.756804e-14 
4.437500e+04 6.562500e+03 1.652851e-14 
4.437500e+04 6.875000e+03 1.707440e-14 
4.437500e+04 7.187500e+03 1.627367e-14 
4.468750e+04 7.500000e+03 1.549868e-14 
4.500000e+04 7.812500e+03 1.578969e-14 
4.500000e+04 8.125000e+03 1.537277e-14 
4.531250e+04 8.437500e+03 1.401115e-14 
4.562500e+04 8.750000e+03 1.374671e-14 
4.593750e+04 9.062500e+03 1.350396e-14 
4.625000e+04 9.375000e+03 1.421793e-14 
4.625000e+04 9.687500e+03 1.455627e-14 
4.625000e+04 1.000000e+04 1.402876e-14 
