4.020833e+04 0.000000e+00 9.852351e-14 
4.020833e+04 2.083333e+02 7.390895e-14 
4.041667e+04 4.166667e+02 7.257572e-14 
4.041667e+04 6.250000e+02 6.610305e-14 
4.062500e+04 8.333333e+02 5.231695e-14 
4.083333e+04 1.041667e+03 4.696376e-14 
4.083333e+04 1.250000e+03 4.788204e-14 
4.083333e+04 1.458333e+03 3.885702e-14 
4.104167e+04 1.666667e+03 3.669120e-14 
4.125000e+04 1.875000e+03 3.731288e-14 
4.125000e+04 2.083333e+03 3.413926e-14 
4.145833e+04 2.291667e+03 3.038027e-14 
4.166667e+04 2.500000e+03 3.091200e-14 
4.166667e+04 2.708333e+03 2.917348e-14 
4.187500e+04 2.916667e+03 2.647516e-14 
4.208333e+04 3.125000e+03 2.622646e-14 
4.208333e+04 3.333333e+03 2.566346e-14 
4.229167e+04 3.541667e+03 2.333367e-14 
4.250000e+04 3.750000e+03 2.330790e-14 
4.250000e+04 3.958333e+03 2.284601e-14 
4.250000e+04 4.166667e+03 2.139571e-14 
4.291667e+04 4.375000e+03 2.100731e-14 
4.291667e+04 4.583333e+03 2.091908e-14 
4.291667e+04 4.791667e+03 1.975685e-14 
4.333333e+04 5.000000e+03 1.943727e-14 
4.333333e+04 5.208333e+03 1.929479e-14 
4.333333e+04 5.416667e+03 1.853741e-14 
4.375000e+04 5.625000e+03 1.808402e-14 
4.375000e+04 5.833333e+03 1.812520e-14 
4.375000e+04 6.041667e+03 1.743805e-14 
4.416667e+04 6.250000e+03 1.710751e-14 
4.416667e+04 6.458333e+03 1.707287e-14 
4.416667e+04 6.666667e+03 1.660196e-14 
4.458333e+04 6.875000e+03 1.620589e-14 
4.458333e+04 7.083333e+03 1.627919e-14 
4.458333e+04 7.291667e+03 1.580175e-14 
4.500000e+04 7.500000e+03 1.552541e-14 
4.500000e+04 7.708333e+03 1.551478e-14 
4.500000e+04 7.916667e+03 1.516172e-14 
4.541667e+04 8.125000e+03 1.476453e-14 
4.541667e+04 8.333333e+03 1.472701e-14 
4.541667e+04 8.541667e+03 1.411104e-14 
4.583333e+04 8.750000e+03 1.345444e-14 
4.583333e+04 8.958333e+03 1.341553e-14 
4.625000e+04 9.166667e+03 1.389165e-14 
4.625000e+04 9.375000e+03 1.386824e-14 
4.625000e+04 9.583333e+03 1.407157e-14 
4.666667e+04 9.791667e+03 1.400075e-14 
4.666667e+04 1.000000e+04 1.384601e-14 
