4.062500e+04 0.000000e+00 4.613511e-14 
4.062500e+04 6.250000e+02 2.581128e-14 
4.125000e+04 1.250000e+03 2.617045e-14 
4.187500e+04 1.875000e+03 1.808850e-14 
4.250000e+04 2.500000e+03 1.744043e-14 
4.375000e+04 3.125000e+03 1.384218e-14 
4.375000e+04 3.750000e+03 1.413151e-14 
4.437500e+04 4.375000e+03 1.178927e-14 
4.500000e+04 5.000000e+03 1.223884e-14 
4.562500e+04 5.625000e+03 1.066640e-14 
4.625000e+04 6.250000e+03 1.108730e-14 
4.687500e+04 6.875000e+03 9.939559e-15 
4.750000e+04 7.500000e+03 1.037304e-14 
4.812500e+04 8.125000e+03 9.472513e-15 
4.875000e+04 8.750000e+03 9.837501e-15 
4.937500e+04 9.375000e+03 9.180722e-15 
5.000000e+04 1.000000e+04 9.785745e-15 
