4.015625e+04 0.000000e+00 1.794254e-13 
4.031250e+04 1.562500e+02 6.706572e-14 
4.046875e+04 3.125000e+02 5.094793e-14 
4.046875e+04 4.687500e+02 3.559326e-14 
4.062500e+04 6.250000e+02 2.675680e-14 
4.062500e+04 7.812500e+02 2.066857e-14 
4.093750e+04 9.375000e+02 1.768058e-14 
4.093750e+04 1.093750e+03 1.548387e-14 
4.093750e+04 1.250000e+03 1.367752e-14 
4.125000e+04 1.406250e+03 1.264347e-14 
4.125000e+04 1.562500e+03 1.189619e-14 
4.125000e+04 1.718750e+03 1.116105e-14 
4.140625e+04 1.875000e+03 1.045592e-14 
4.156250e+04 2.031250e+03 9.976312e-15 
4.156250e+04 2.187500e+03 9.518443e-15 
4.171875e+04 2.343750e+03 9.028505e-15 
4.187500e+04 2.500000e+03 8.713996e-15 
4.187500e+04 2.656250e+03 8.371846e-15 
4.203125e+04 2.812500e+03 8.036928e-15 
4.218750e+04 2.968750e+03 7.789317e-15 
4.218750e+04 3.125000e+03 7.543115e-15 
4.234375e+04 3.281250e+03 7.278351e-15 
4.250000e+04 3.437500e+03 7.093518e-15 
4.250000e+04 3.593750e+03 6.889712e-15 
4.265625e+04 3.750000e+03 6.686278e-15 
4.281250e+04 3.906250e+03 6.526927e-15 
4.281250e+04 4.062500e+03 6.365834e-15 
4.296875e+04 4.218750e+03 6.190952e-15 
4.312500e+04 4.375000e+03 6.061884e-15 
4.312500e+04 4.531250e+03 5.918927e-15 
4.328125e+04 4.687500e+03 5.774968e-15 
4.343750e+04 4.843750e+03 5.657860e-15 
4.343750e+04 5.000000e+03 5.537210e-15 
4.359375e+04 5.156250e+03 5.407854e-15 
4.375000e+04 5.312500e+03 5.308999e-15 
4.375000e+04 5.468750e+03 5.197054e-15 
4.406250e+04 5.625000e+03 5.088971e-15 
4.406250e+04 5.781250e+03 4.996636e-15 
4.406250e+04 5.937500e+03 4.898387e-15 
4.437500e+04 6.093750e+03 4.804629e-15 
4.437500e+04 6.250000e+03 4.723211e-15 
4.437500e+04 6.406250e+03 4.630658e-15 
4.468750e+04 6.562500e+03 4.557985e-15 
4.468750e+04 6.718750e+03 4.480706e-15 
4.500000e+04 6.875000e+03 4.407279e-15 
4.500000e+04 7.031250e+03 4.344034e-15 
4.515625e+04 7.187500e+03 4.278288e-15 
4.531250e+04 7.343750e+03 4.227107e-15 
4.546875e+04 7.500000e+03 4.174700e-15 
4.562500e+04 7.656250e+03 4.136957e-15 
4.593750e+04 7.812500e+03 4.100713e-15 
4.593750e+04 7.968750e+03 4.077623e-15 
4.625000e+04 8.125000e+03 4.057447e-15 
4.625000e+04 8.281250e+03 4.045005e-15 
4.640625e+04 8.437500e+03 4.032204e-15 
4.656250e+04 8.593750e+03 4.024011e-15 
4.656250e+04 8.750000e+03 4.011754e-15 
4.687500e+04 8.906250e+03 4.007542e-15 
4.687500e+04 9.062500e+03 4.005744e-15 
4.718750e+04 9.218750e+03 3.980095e-15 
4.718750e+04 9.375000e+03 3.987588e-15 
4.718750e+04 9.531250e+03 4.021561e-15 
4.750000e+04 9.687500e+03 4.003487e-15 
4.750000e+04 9.843750e+03 4.019557e-15 
4.750000e+04 1.000000e+04 4.075393e-15 
