4.041667e+04 0.000000e+00 4.662405e-14 
4.041667e+04 4.166667e+02 3.753658e-14 
4.041667e+04 8.333333e+02 3.383091e-14 
4.083333e+04 1.250000e+03 3.664733e-14 
4.125000e+04 1.666667e+03 2.764116e-14 
4.125000e+04 2.083333e+03 2.520985e-14 
4.166667e+04 2.500000e+03 2.892250e-14 
4.166667e+04 2.916667e+03 2.409170e-14 
4.208333e+04 3.333333e+03 2.227408e-14 
4.250000e+04 3.750000e+03 2.291785e-14 
4.250000e+04 4.166667e+03 2.187066e-14 
4.291667e+04 4.583333e+03 1.890793e-14 
4.333333e+04 5.000000e+03 1.977705e-14 
4.333333e+04 5.416667e+03 1.900184e-14 
4.375000e+04 5.833333e+03 1.705428e-14 
4.416667e+04 6.250000e+03 1.713148e-14 
4.416667e+04 6.666667e+03 1.722705e-14 
4.458333e+04 7.083333e+03 1.522496e-14 
4.500000e+04 7.500000e+03 1.567125e-14 
4.500000e+04 7.916667e+03 1.550412e-14 
4.500000e+04 8.333333e+03 1.395417e-14 
4.583333e+04 8.750000e+03 1.335795e-14 
4.583333e+04 9.166667e+03 1.364350e-14 
4.625000e+04 9.583333e+03 1.354223e-14 
4.666667e+04 1.000000e+04 1.442785e-14 
