4.025000e+04 0.000000e+00 1.009629e-13 
4.025000e+04 2.500000e+02 7.196256e-14 
4.050000e+04 5.000000e+02 7.336174e-14 
4.050000e+04 7.500000e+02 5.811708e-14 
4.075000e+04 1.000000e+03 4.584292e-14 
4.100000e+04 1.250000e+03 4.265011e-14 
4.100000e+04 1.500000e+03 3.952598e-14 
4.125000e+04 1.750000e+03 3.339979e-14 
4.150000e+04 2.000000e+03 3.271268e-14 
4.150000e+04 2.250000e+03 3.047859e-14 
4.175000e+04 2.500000e+03 2.745989e-14 
4.200000e+04 2.750000e+03 2.638065e-14 
4.200000e+04 3.000000e+03 2.534051e-14 
4.225000e+04 3.250000e+03 2.317880e-14 
4.250000e+04 3.500000e+03 2.279847e-14 
4.250000e+04 3.750000e+03 2.166110e-14 
4.275000e+04 4.000000e+03 2.043958e-14 
4.300000e+04 4.250000e+03 1.996011e-14 
4.300000e+04 4.500000e+03 1.919275e-14 
4.350000e+04 4.750000e+03 1.817259e-14 
4.350000e+04 5.000000e+03 1.798521e-14 
4.350000e+04 5.250000e+03 1.712383e-14 
4.400000e+04 5.500000e+03 1.667760e-14 
4.400000e+04 5.750000e+03 1.624760e-14 
4.425000e+04 6.000000e+03 1.560274e-14 
4.450000e+04 6.250000e+03 1.527146e-14 
4.450000e+04 6.500000e+03 1.492987e-14 
4.475000e+04 6.750000e+03 1.430280e-14 
4.500000e+04 7.000000e+03 1.413888e-14 
4.500000e+04 7.250000e+03 1.366013e-14 
4.525000e+04 7.500000e+03 1.323895e-14 
4.550000e+04 7.750000e+03 1.296069e-14 
4.575000e+04 8.000000e+03 1.268576e-14 
4.575000e+04 8.250000e+03 1.206871e-14 
4.575000e+04 8.500000e+03 1.134988e-14 
4.700000e+04 8.750000e+03 1.047401e-14 
4.675000e+04 9.000000e+03 1.108274e-14 
4.700000e+04 9.250000e+03 1.088073e-14 
4.700000e+04 9.500000e+03 1.114222e-14 
4.750000e+04 9.750000e+03 1.120279e-14 
4.750000e+04 1.000000e+04 1.087908e-14 
