4.025000e+04 0.000000e+00 8.339277e-14 
4.025000e+04 2.500000e+02 6.060459e-14 
4.050000e+04 5.000000e+02 5.443902e-14 
4.050000e+04 7.500000e+02 4.997448e-14 
4.075000e+04 1.000000e+03 3.700138e-14 
4.100000e+04 1.250000e+03 3.372816e-14 
4.100000e+04 1.500000e+03 3.435425e-14 
4.100000e+04 1.750000e+03 3.032016e-14 
4.125000e+04 2.000000e+03 2.670994e-14 
4.150000e+04 2.250000e+03 2.611073e-14 
4.150000e+04 2.500000e+03 2.508941e-14 
4.150000e+04 2.750000e+03 2.254716e-14 
4.200000e+04 3.000000e+03 2.162903e-14 
4.200000e+04 3.250000e+03 2.118547e-14 
4.200000e+04 3.500000e+03 1.996615e-14 
4.250000e+04 3.750000e+03 1.859223e-14 
4.250000e+04 4.000000e+03 1.859631e-14 
4.250000e+04 4.250000e+03 1.781935e-14 
4.275000e+04 4.500000e+03 1.676557e-14 
4.300000e+04 4.750000e+03 1.662498e-14 
4.300000e+04 5.000000e+03 1.622662e-14 
4.300000e+04 5.250000e+03 1.533795e-14 
4.350000e+04 5.500000e+03 1.519421e-14 
4.350000e+04 5.750000e+03 1.489373e-14 
4.350000e+04 6.000000e+03 1.431181e-14 
4.400000e+04 6.250000e+03 1.397585e-14 
4.400000e+04 6.500000e+03 1.384125e-14 
4.400000e+04 6.750000e+03 1.337456e-14 
4.450000e+04 7.000000e+03 1.300558e-14 
4.450000e+04 7.250000e+03 1.288486e-14 
4.450000e+04 7.500000e+03 1.257219e-14 
4.475000e+04 7.750000e+03 1.209901e-14 
4.500000e+04 8.000000e+03 1.197852e-14 
4.500000e+04 8.250000e+03 1.155587e-14 
4.500000e+04 8.500000e+03 1.092647e-14 
4.550000e+04 8.750000e+03 1.031393e-14 
4.600000e+04 9.000000e+03 1.051723e-14 
4.600000e+04 9.250000e+03 1.061768e-14 
4.600000e+04 9.500000e+03 1.069838e-14 
4.625000e+04 9.750000e+03 1.060291e-14 
4.650000e+04 1.000000e+04 1.073402e-14 
