4.041667e+04 0.000000e+00 7.384043e-14 
4.041667e+04 4.166667e+02 3.010796e-14 
4.083333e+04 8.333333e+02 2.535412e-14 
4.166667e+04 1.250000e+03 1.661221e-14 
4.166667e+04 1.666667e+03 1.449881e-14 
4.250000e+04 2.083333e+03 1.200816e-14 
4.250000e+04 2.500000e+03 1.099548e-14 
4.333333e+04 2.916667e+03 9.686906e-15 
4.333333e+04 3.333333e+03 9.143426e-15 
4.416667e+04 3.750000e+03 8.350389e-15 
4.416667e+04 4.166667e+03 8.061368e-15 
4.458333e+04 4.583333e+03 7.535464e-15 
4.500000e+04 5.000000e+03 7.347962e-15 
4.541667e+04 5.416667e+03 6.986388e-15 
4.583333e+04 5.833333e+03 6.871834e-15 
4.625000e+04 6.250000e+03 6.600468e-15 
4.666667e+04 6.666667e+03 6.518587e-15 
4.666667e+04 7.083333e+03 6.324482e-15 
4.750000e+04 7.500000e+03 6.246696e-15 
4.750000e+04 7.916667e+03 6.110281e-15 
4.833333e+04 8.333333e+03 6.008458e-15 
4.833333e+04 8.750000e+03 5.934268e-15 
4.916667e+04 9.166667e+03 5.950189e-15 
4.916667e+04 9.583333e+03 5.983188e-15 
5.000000e+04 1.000000e+04 6.044801e-15 
