4.020833e+04 0.000000e+00 1.105671e-13 
4.020833e+04 2.083333e+02 9.169919e-14 
4.041667e+04 4.166667e+02 9.863034e-14 
4.041667e+04 6.250000e+02 9.100466e-14 
4.062500e+04 8.333333e+02 7.248924e-14 
4.083333e+04 1.041667e+03 6.349403e-14 
4.083333e+04 1.250000e+03 6.535112e-14 
4.104167e+04 1.458333e+03 5.176799e-14 
4.104167e+04 1.666667e+03 4.857997e-14 
4.125000e+04 1.875000e+03 4.882278e-14 
4.125000e+04 2.083333e+03 4.324208e-14 
4.145833e+04 2.291667e+03 3.882320e-14 
4.166667e+04 2.500000e+03 3.949262e-14 
4.166667e+04 2.708333e+03 3.558832e-14 
4.187500e+04 2.916667e+03 3.302952e-14 
4.208333e+04 3.125000e+03 3.261679e-14 
4.208333e+04 3.333333e+03 3.058436e-14 
4.250000e+04 3.541667e+03 2.833889e-14 
4.250000e+04 3.750000e+03 2.837979e-14 
4.250000e+04 3.958333e+03 2.649985e-14 
4.291667e+04 4.166667e+03 2.538422e-14 
4.291667e+04 4.375000e+03 2.486467e-14 
4.291667e+04 4.583333e+03 2.359310e-14 
4.333333e+04 4.791667e+03 2.275950e-14 
4.333333e+04 5.000000e+03 2.239636e-14 
4.354167e+04 5.208333e+03 2.110826e-14 
4.375000e+04 5.416667e+03 2.089306e-14 
4.375000e+04 5.625000e+03 2.019735e-14 
4.395833e+04 5.833333e+03 1.942629e-14 
4.416667e+04 6.041667e+03 1.914386e-14 
4.416667e+04 6.250000e+03 1.852672e-14 
4.458333e+04 6.458333e+03 1.804247e-14 
4.458333e+04 6.666667e+03 1.781320e-14 
4.479167e+04 6.875000e+03 1.711835e-14 
4.500000e+04 7.083333e+03 1.700472e-14 
4.500000e+04 7.291667e+03 1.645409e-14 
4.541667e+04 7.500000e+03 1.623264e-14 
4.541667e+04 7.708333e+03 1.593700e-14 
4.562500e+04 7.916667e+03 1.533312e-14 
4.583333e+04 8.125000e+03 1.531924e-14 
4.583333e+04 8.333333e+03 1.534446e-14 
4.583333e+04 8.541667e+03 1.420825e-14 
4.583333e+04 8.750000e+03 1.274052e-14 
4.687500e+04 8.958333e+03 1.358708e-14 
4.666667e+04 9.166667e+03 1.474252e-14 
4.666667e+04 9.375000e+03 1.387076e-14 
4.708333e+04 9.583333e+03 1.404206e-14 
4.729167e+04 9.791667e+03 1.428221e-14 
4.750000e+04 1.000000e+04 1.347845e-14 
