4.015625e+04 0.000000e+00 1.848990e-13 
4.031250e+04 1.562500e+02 7.061602e-14 
4.046875e+04 3.125000e+02 5.243166e-14 
4.046875e+04 4.687500e+02 3.648666e-14 
4.062500e+04 6.250000e+02 2.607620e-14 
4.062500e+04 7.812500e+02 2.030072e-14 
4.093750e+04 9.375000e+02 1.765139e-14 
4.093750e+04 1.093750e+03 1.537155e-14 
4.093750e+04 1.250000e+03 1.355286e-14 
4.125000e+04 1.406250e+03 1.260965e-14 
4.125000e+04 1.562500e+03 1.186263e-14 
4.125000e+04 1.718750e+03 1.114418e-14 
4.140625e+04 1.875000e+03 1.044108e-14 
4.156250e+04 2.031250e+03 9.963196e-15 
4.156250e+04 2.187500e+03 9.508383e-15 
4.171875e+04 2.343750e+03 9.018707e-15 
4.187500e+04 2.500000e+03 8.704682e-15 
4.187500e+04 2.656250e+03 8.363255e-15 
4.203125e+04 2.812500e+03 8.028506e-15 
4.218750e+04 2.968750e+03 7.781490e-15 
4.218750e+04 3.125000e+03 7.535377e-15 
4.234375e+04 3.281250e+03 7.270964e-15 
4.250000e+04 3.437500e+03 7.086538e-15 
4.250000e+04 3.593750e+03 6.882745e-15 
4.265625e+04 3.750000e+03 6.679625e-15 
4.281250e+04 3.906250e+03 6.520750e-15 
4.281250e+04 4.062500e+03 6.359540e-15 
4.296875e+04 4.218750e+03 6.185069e-15 
4.312500e+04 4.375000e+03 6.056439e-15 
4.312500e+04 4.531250e+03 5.913392e-15 
4.328125e+04 4.687500e+03 5.769839e-15 
4.343750e+04 4.843750e+03 5.653219e-15 
4.343750e+04 5.000000e+03 5.532461e-15 
4.359375e+04 5.156250e+03 5.403570e-15 
4.375000e+04 5.312500e+03 5.305200e-15 
4.375000e+04 5.468750e+03 5.193191e-15 
4.406250e+04 5.625000e+03 5.086125e-15 
4.406250e+04 5.781250e+03 4.993750e-15 
4.406250e+04 5.937500e+03 4.895450e-15 
4.437500e+04 6.093750e+03 4.802683e-15 
4.437500e+04 6.250000e+03 4.721237e-15 
4.437500e+04 6.406250e+03 4.628656e-15 
4.468750e+04 6.562500e+03 4.556877e-15 
4.468750e+04 6.718750e+03 4.479571e-15 
4.500000e+04 6.875000e+03 4.406889e-15 
4.500000e+04 7.031250e+03 4.343607e-15 
4.515625e+04 7.187500e+03 4.278137e-15 
4.531250e+04 7.343750e+03 4.227201e-15 
4.546875e+04 7.500000e+03 4.174982e-15 
4.562500e+04 7.656250e+03 4.137416e-15 
4.593750e+04 7.812500e+03 4.101529e-15 
4.593750e+04 7.968750e+03 4.078302e-15 
4.625000e+04 8.125000e+03 4.058393e-15 
4.625000e+04 8.281250e+03 4.046131e-15 
4.640625e+04 8.437500e+03 4.033794e-15 
4.656250e+04 8.593750e+03 4.024670e-15 
4.656250e+04 8.750000e+03 4.011140e-15 
4.687500e+04 8.906250e+03 4.011221e-15 
4.687500e+04 9.062500e+03 4.014810e-15 
4.718750e+04 9.218750e+03 3.971491e-15 
4.718750e+04 9.375000e+03 3.982897e-15 
4.718750e+04 9.531250e+03 4.037475e-15 
4.750000e+04 9.687500e+03 3.996583e-15 
4.750000e+04 9.843750e+03 4.013903e-15 
4.750000e+04 1.000000e+04 4.088376e-15 
