4.062500e+04 0.000000e+00 3.280989e-14 
4.062500e+04 6.250000e+02 2.473098e-14 
4.125000e+04 1.250000e+03 2.436317e-14 
4.125000e+04 1.875000e+03 2.289135e-14 
4.187500e+04 2.500000e+03 1.846957e-14 
4.250000e+04 3.125000e+03 1.732470e-14 
4.250000e+04 3.750000e+03 1.753810e-14 
4.312500e+04 4.375000e+03 1.460352e-14 
4.375000e+04 5.000000e+03 1.445490e-14 
4.375000e+04 5.625000e+03 1.456215e-14 
4.437500e+04 6.250000e+03 1.269960e-14 
4.500000e+04 6.875000e+03 1.232932e-14 
4.500000e+04 7.500000e+03 1.274874e-14 
4.500000e+04 8.125000e+03 1.104247e-14 
4.625000e+04 8.750000e+03 1.081401e-14 
4.625000e+04 9.375000e+03 1.089621e-14 
4.687500e+04 1.000000e+04 1.023987e-14 
