4.031250e+04 0.000000e+00 6.264991e-14 
4.031250e+04 3.125000e+02 4.983916e-14 
4.031250e+04 6.250000e+02 4.430822e-14 
4.062500e+04 9.375000e+02 4.748534e-14 
4.093750e+04 1.250000e+03 3.532355e-14 
4.093750e+04 1.562500e+03 3.243164e-14 
4.125000e+04 1.875000e+03 3.591929e-14 
4.125000e+04 2.187500e+03 3.100792e-14 
4.156250e+04 2.500000e+03 2.772152e-14 
4.187500e+04 2.812500e+03 2.757923e-14 
4.187500e+04 3.125000e+03 2.706167e-14 
4.218750e+04 3.437500e+03 2.294822e-14 
4.250000e+04 3.750000e+03 2.307772e-14 
4.250000e+04 4.062500e+03 2.289227e-14 
4.250000e+04 4.375000e+03 2.063676e-14 
4.312500e+04 4.687500e+03 1.972755e-14 
4.312500e+04 5.000000e+03 2.025059e-14 
4.312500e+04 5.312500e+03 1.871348e-14 
4.375000e+04 5.625000e+03 1.773499e-14 
4.375000e+04 5.937500e+03 1.806192e-14 
4.375000e+04 6.250000e+03 1.729107e-14 
4.406250e+04 6.562500e+03 1.613267e-14 
4.437500e+04 6.875000e+03 1.663701e-14 
4.437500e+04 7.187500e+03 1.595276e-14 
4.468750e+04 7.500000e+03 1.513215e-14 
4.500000e+04 7.812500e+03 1.534746e-14 
4.500000e+04 8.125000e+03 1.498446e-14 
4.531250e+04 8.437500e+03 1.367736e-14 
4.562500e+04 8.750000e+03 1.324156e-14 
4.593750e+04 9.062500e+03 1.303971e-14 
4.625000e+04 9.375000e+03 1.367470e-14 
4.625000e+04 9.687500e+03 1.390750e-14 
4.625000e+04 1.000000e+04 1.365346e-14 
