4.020833e+04 0.000000e+00 1.041138e-13 
4.020833e+04 2.083333e+02 7.184216e-14 
4.041667e+04 4.166667e+02 6.555920e-14 
4.041667e+04 6.250000e+02 5.626119e-14 
4.062500e+04 8.333333e+02 4.231785e-14 
4.083333e+04 1.041667e+03 3.871965e-14 
4.083333e+04 1.250000e+03 3.778268e-14 
4.083333e+04 1.458333e+03 3.357923e-14 
4.104167e+04 1.666667e+03 2.969286e-14 
4.125000e+04 1.875000e+03 2.923039e-14 
4.125000e+04 2.083333e+03 2.786109e-14 
4.125000e+04 2.291667e+03 2.523151e-14 
4.166667e+04 2.500000e+03 2.416871e-14 
4.166667e+04 2.708333e+03 2.356809e-14 
4.166667e+04 2.916667e+03 2.226895e-14 
4.208333e+04 3.125000e+03 2.076093e-14 
4.208333e+04 3.333333e+03 2.065602e-14 
4.208333e+04 3.541667e+03 1.983297e-14 
4.229167e+04 3.750000e+03 1.872813e-14 
4.250000e+04 3.958333e+03 1.847682e-14 
4.250000e+04 4.166667e+03 1.804269e-14 
4.250000e+04 4.375000e+03 1.715601e-14 
4.291667e+04 4.583333e+03 1.688107e-14 
4.291667e+04 4.791667e+03 1.656547e-14 
4.291667e+04 5.000000e+03 1.598719e-14 
4.333333e+04 5.208333e+03 1.554203e-14 
4.333333e+04 5.416667e+03 1.540128e-14 
4.333333e+04 5.625000e+03 1.494711e-14 
4.375000e+04 5.833333e+03 1.448905e-14 
4.375000e+04 6.041667e+03 1.437621e-14 
4.375000e+04 6.250000e+03 1.408002e-14 
4.395833e+04 6.458333e+03 1.360433e-14 
4.416667e+04 6.666667e+03 1.352659e-14 
4.416667e+04 6.875000e+03 1.327631e-14 
4.416667e+04 7.083333e+03 1.288495e-14 
4.458333e+04 7.291667e+03 1.273967e-14 
4.458333e+04 7.500000e+03 1.257653e-14 
4.458333e+04 7.708333e+03 1.223291e-14 
4.500000e+04 7.916667e+03 1.197987e-14 
4.500000e+04 8.125000e+03 1.173967e-14 
4.500000e+04 8.333333e+03 1.136337e-14 
4.500000e+04 8.541667e+03 1.071010e-14 
4.583333e+04 8.750000e+03 1.031909e-14 
4.583333e+04 8.958333e+03 1.055085e-14 
4.583333e+04 9.166667e+03 1.069338e-14 
4.583333e+04 9.375000e+03 1.052526e-14 
4.625000e+04 9.583333e+03 1.062526e-14 
4.625000e+04 9.791667e+03 1.076002e-14 
4.625000e+04 1.000000e+04 1.065506e-14 
