4.015625e+04 0.000000e+00 1.772490e-13 
4.015625e+04 1.562500e+02 8.462384e-14 
4.031250e+04 3.125000e+02 6.636871e-14 
4.031250e+04 4.687500e+02 6.363520e-14 
4.031250e+04 6.250000e+02 3.735761e-14 
4.062500e+04 7.812500e+02 2.836892e-14 
4.031250e+04 9.375000e+02 2.640801e-14 
4.046875e+04 1.093750e+03 2.314864e-14 
4.046875e+04 1.250000e+03 2.152769e-14 
4.062500e+04 1.406250e+03 2.053971e-14 
4.062500e+04 1.562500e+03 1.939259e-14 
4.062500e+04 1.718750e+03 1.759712e-14 
4.093750e+04 1.875000e+03 1.591878e-14 
4.093750e+04 2.031250e+03 1.498972e-14 
4.093750e+04 2.187500e+03 1.394764e-14 
4.125000e+04 2.343750e+03 1.327672e-14 
4.125000e+04 2.500000e+03 1.266012e-14 
4.156250e+04 2.656250e+03 1.205210e-14 
4.156250e+04 2.812500e+03 1.164398e-14 
4.156250e+04 2.968750e+03 1.115439e-14 
4.187500e+04 3.125000e+03 1.078510e-14 
4.187500e+04 3.281250e+03 1.042786e-14 
4.203125e+04 3.437500e+03 1.005722e-14 
4.218750e+04 3.593750e+03 9.780347e-15 
4.218750e+04 3.750000e+03 9.485208e-15 
4.250000e+04 3.906250e+03 9.204284e-15 
4.250000e+04 4.062500e+03 8.976997e-15 
4.265625e+04 4.218750e+03 8.703055e-15 
4.281250e+04 4.375000e+03 8.509784e-15 
4.281250e+04 4.531250e+03 8.282946e-15 
4.312500e+04 4.687500e+03 8.077082e-15 
4.312500e+04 4.843750e+03 7.890506e-15 
4.328125e+04 5.000000e+03 7.687329e-15 
4.343750e+04 5.156250e+03 7.514853e-15 
4.343750e+04 5.312500e+03 7.342167e-15 
4.375000e+04 5.468750e+03 7.151057e-15 
4.375000e+04 5.625000e+03 7.001775e-15 
4.375000e+04 5.781250e+03 6.819832e-15 
4.406250e+04 5.937500e+03 6.661918e-15 
4.406250e+04 6.093750e+03 6.498711e-15 
4.421875e+04 6.250000e+03 6.327070e-15 
4.437500e+04 6.406250e+03 6.170093e-15 
4.437500e+04 6.562500e+03 6.008934e-15 
4.468750e+04 6.718750e+03 5.834982e-15 
4.468750e+04 6.875000e+03 5.683852e-15 
4.468750e+04 7.031250e+03 5.509549e-15 
4.500000e+04 7.187500e+03 5.357594e-15 
4.500000e+04 7.343750e+03 5.193503e-15 
4.531250e+04 7.500000e+03 5.051722e-15 
4.562500e+04 7.656250e+03 4.918759e-15 
4.593750e+04 7.812500e+03 4.827479e-15 
4.656250e+04 7.968750e+03 4.794719e-15 
4.687500e+04 8.125000e+03 4.806418e-15 
4.703125e+04 8.281250e+03 4.831432e-15 
4.718750e+04 8.437500e+03 4.875320e-15 
4.734375e+04 8.593750e+03 4.901943e-15 
4.750000e+04 8.750000e+03 4.936650e-15 
4.750000e+04 8.906250e+03 4.982495e-15 
4.750000e+04 9.062500e+03 5.025991e-15 
4.765625e+04 9.218750e+03 4.976546e-15 
4.781250e+04 9.375000e+03 5.025108e-15 
4.781250e+04 9.531250e+03 5.102959e-15 
4.781250e+04 9.687500e+03 5.048966e-15 
4.781250e+04 9.843750e+03 5.086906e-15 
4.796875e+04 1.000000e+04 5.167260e-15 
