4.041667e+04 0.000000e+00 5.355968e-14 
4.041667e+04 4.166667e+02 4.647394e-14 
4.083333e+04 8.333333e+02 4.896642e-14 
4.083333e+04 1.250000e+03 4.636149e-14 
4.125000e+04 1.666667e+03 3.849820e-14 
4.166667e+04 2.083333e+03 3.636433e-14 
4.166667e+04 2.500000e+03 3.629899e-14 
4.208333e+04 2.916667e+03 2.922308e-14 
4.250000e+04 3.333333e+03 3.062378e-14 
4.250000e+04 3.750000e+03 2.768589e-14 
4.291667e+04 4.166667e+03 2.504107e-14 
4.333333e+04 4.583333e+03 2.434000e-14 
4.333333e+04 5.000000e+03 2.305631e-14 
4.375000e+04 5.416667e+03 2.027171e-14 
4.416667e+04 5.833333e+03 2.111940e-14 
4.416667e+04 6.250000e+03 1.860306e-14 
4.500000e+04 6.666667e+03 1.853308e-14 
4.500000e+04 7.083333e+03 1.773322e-14 
4.541667e+04 7.500000e+03 1.648050e-14 
4.583333e+04 7.916667e+03 1.668652e-14 
4.583333e+04 8.333333e+03 1.577119e-14 
4.666667e+04 8.750000e+03 1.301223e-14 
4.708333e+04 9.166667e+03 1.499759e-14 
4.708333e+04 9.583333e+03 1.482658e-14 
4.750000e+04 1.000000e+04 1.528100e-14 
