4.020833e+04 0.000000e+00 1.094377e-13 
4.020833e+04 2.083333e+02 9.153702e-14 
4.041667e+04 4.166667e+02 9.333151e-14 
4.041667e+04 6.250000e+02 8.726714e-14 
4.062500e+04 8.333333e+02 6.845427e-14 
4.083333e+04 1.041667e+03 6.127789e-14 
4.083333e+04 1.250000e+03 6.399615e-14 
4.083333e+04 1.458333e+03 4.947749e-14 
4.125000e+04 1.666667e+03 4.716912e-14 
4.125000e+04 1.875000e+03 4.679091e-14 
4.125000e+04 2.083333e+03 4.168501e-14 
4.145833e+04 2.291667e+03 3.730182e-14 
4.166667e+04 2.500000e+03 3.796145e-14 
4.166667e+04 2.708333e+03 3.428199e-14 
4.208333e+04 2.916667e+03 3.186068e-14 
4.208333e+04 3.125000e+03 3.140229e-14 
4.208333e+04 3.333333e+03 2.948536e-14 
4.250000e+04 3.541667e+03 2.750546e-14 
4.250000e+04 3.750000e+03 2.740796e-14 
4.250000e+04 3.958333e+03 2.558193e-14 
4.291667e+04 4.166667e+03 2.470337e-14 
4.291667e+04 4.375000e+03 2.409397e-14 
4.291667e+04 4.583333e+03 2.283763e-14 
4.333333e+04 4.791667e+03 2.219664e-14 
4.333333e+04 5.000000e+03 2.176696e-14 
4.354167e+04 5.208333e+03 2.058898e-14 
4.375000e+04 5.416667e+03 2.040690e-14 
4.375000e+04 5.625000e+03 1.968220e-14 
4.416667e+04 5.833333e+03 1.900178e-14 
4.416667e+04 6.041667e+03 1.872429e-14 
4.416667e+04 6.250000e+03 1.809355e-14 
4.458333e+04 6.458333e+03 1.770294e-14 
4.458333e+04 6.666667e+03 1.744171e-14 
4.479167e+04 6.875000e+03 1.677717e-14 
4.500000e+04 7.083333e+03 1.668369e-14 
4.500000e+04 7.291667e+03 1.613542e-14 
4.541667e+04 7.500000e+03 1.587923e-14 
4.541667e+04 7.708333e+03 1.559488e-14 
4.562500e+04 7.916667e+03 1.511345e-14 
4.583333e+04 8.125000e+03 1.503633e-14 
4.583333e+04 8.333333e+03 1.490197e-14 
4.583333e+04 8.541667e+03 1.379776e-14 
4.583333e+04 8.750000e+03 1.228415e-14 
4.687500e+04 8.958333e+03 1.319346e-14 
4.666667e+04 9.166667e+03 1.411928e-14 
4.666667e+04 9.375000e+03 1.367848e-14 
4.708333e+04 9.583333e+03 1.363749e-14 
4.729167e+04 9.791667e+03 1.364857e-14 
4.750000e+04 1.000000e+04 1.355543e-14 
