4.020833e+04 0.000000e+00 9.636832e-14 
4.020833e+04 2.083333e+02 7.420311e-14 
4.041667e+04 4.166667e+02 6.964955e-14 
4.041667e+04 6.250000e+02 6.969065e-14 
4.062500e+04 8.333333e+02 5.270827e-14 
4.062500e+04 1.041667e+03 4.905566e-14 
4.083333e+04 1.250000e+03 4.971758e-14 
4.083333e+04 1.458333e+03 4.428367e-14 
4.104167e+04 1.666667e+03 3.906013e-14 
4.125000e+04 1.875000e+03 3.777576e-14 
4.125000e+04 2.083333e+03 3.727698e-14 
4.125000e+04 2.291667e+03 3.211961e-14 
4.166667e+04 2.500000e+03 3.073837e-14 
4.166667e+04 2.708333e+03 3.087065e-14 
4.166667e+04 2.916667e+03 2.874486e-14 
4.187500e+04 3.125000e+03 2.621603e-14 
4.208333e+04 3.333333e+03 2.665348e-14 
4.208333e+04 3.541667e+03 2.543056e-14 
4.229167e+04 3.750000e+03 2.354964e-14 
4.250000e+04 3.958333e+03 2.343697e-14 
4.250000e+04 4.166667e+03 2.299776e-14 
4.250000e+04 4.375000e+03 2.131166e-14 
4.291667e+04 4.583333e+03 2.126181e-14 
4.291667e+04 4.791667e+03 2.095473e-14 
4.291667e+04 5.000000e+03 1.992279e-14 
4.333333e+04 5.208333e+03 1.946394e-14 
4.333333e+04 5.416667e+03 1.946034e-14 
4.333333e+04 5.625000e+03 1.864084e-14 
4.375000e+04 5.833333e+03 1.816657e-14 
4.375000e+04 6.041667e+03 1.814924e-14 
4.375000e+04 6.250000e+03 1.763839e-14 
4.416667e+04 6.458333e+03 1.702054e-14 
4.416667e+04 6.666667e+03 1.715773e-14 
4.416667e+04 6.875000e+03 1.669790e-14 
4.437500e+04 7.083333e+03 1.615903e-14 
4.458333e+04 7.291667e+03 1.622921e-14 
4.458333e+04 7.500000e+03 1.594009e-14 
4.479167e+04 7.708333e+03 1.538317e-14 
4.500000e+04 7.916667e+03 1.549714e-14 
4.500000e+04 8.125000e+03 1.517628e-14 
4.500000e+04 8.333333e+03 1.452905e-14 
4.541667e+04 8.541667e+03 1.395123e-14 
4.541667e+04 8.750000e+03 1.328365e-14 
4.583333e+04 8.958333e+03 1.359949e-14 
4.583333e+04 9.166667e+03 1.410665e-14 
4.583333e+04 9.375000e+03 1.379600e-14 
4.625000e+04 9.583333e+03 1.416226e-14 
4.625000e+04 9.791667e+03 1.419007e-14 
4.666667e+04 1.000000e+04 1.376569e-14 
