4.062500e+04 0.000000e+00 3.649978e-14 
4.062500e+04 6.250000e+02 3.080221e-14 
4.125000e+04 1.250000e+03 3.552375e-14 
4.125000e+04 1.875000e+03 3.129594e-14 
4.187500e+04 2.500000e+03 2.752893e-14 
4.250000e+04 3.125000e+03 2.718861e-14 
4.250000e+04 3.750000e+03 2.301449e-14 
4.312500e+04 4.375000e+03 2.115497e-14 
4.375000e+04 5.000000e+03 2.316455e-14 
4.437500e+04 5.625000e+03 1.867180e-14 
4.500000e+04 6.250000e+03 1.886434e-14 
4.500000e+04 6.875000e+03 1.812315e-14 
4.562500e+04 7.500000e+03 1.669386e-14 
4.625000e+04 8.125000e+03 1.620893e-14 
4.625000e+04 8.750000e+03 1.363925e-14 
4.750000e+04 9.375000e+03 1.499170e-14 
4.750000e+04 1.000000e+04 1.392174e-14 
