4.041667e+04 0.000000e+00 7.045918e-14 
4.041667e+04 4.166667e+02 3.687649e-14 
4.083333e+04 8.333333e+02 3.584075e-14 
4.166667e+04 1.250000e+03 2.508531e-14 
4.166667e+04 1.666667e+03 2.240791e-14 
4.250000e+04 2.083333e+03 1.913680e-14 
4.250000e+04 2.500000e+03 1.771137e-14 
4.333333e+04 2.916667e+03 1.556757e-14 
4.333333e+04 3.333333e+03 1.494626e-14 
4.416667e+04 3.750000e+03 1.335841e-14 
4.416667e+04 4.166667e+03 1.318680e-14 
4.458333e+04 4.583333e+03 1.189070e-14 
4.500000e+04 5.000000e+03 1.197018e-14 
4.541667e+04 5.416667e+03 1.101440e-14 
4.583333e+04 5.833333e+03 1.112142e-14 
4.625000e+04 6.250000e+03 1.038196e-14 
4.666667e+04 6.666667e+03 1.050516e-14 
4.708333e+04 7.083333e+03 9.919628e-15 
4.750000e+04 7.500000e+03 1.007772e-14 
4.791667e+04 7.916667e+03 9.600356e-15 
4.833333e+04 8.333333e+03 9.734215e-15 
4.833333e+04 8.750000e+03 9.341379e-15 
4.916667e+04 9.166667e+03 9.458916e-15 
4.916667e+04 9.583333e+03 9.272305e-15 
5.000000e+04 1.000000e+04 9.538262e-15 
