4.041667e+04 0.000000e+00 4.752456e-14 
4.041667e+04 4.166667e+02 3.742589e-14 
4.083333e+04 8.333333e+02 3.557733e-14 
4.083333e+04 1.250000e+03 3.688195e-14 
4.125000e+04 1.666667e+03 2.874943e-14 
4.125000e+04 2.083333e+03 2.656189e-14 
4.166667e+04 2.500000e+03 2.873290e-14 
4.166667e+04 2.916667e+03 2.409111e-14 
4.208333e+04 3.333333e+03 2.271732e-14 
4.250000e+04 3.750000e+03 2.327898e-14 
4.250000e+04 4.166667e+03 2.194540e-14 
4.291667e+04 4.583333e+03 1.938147e-14 
4.333333e+04 5.000000e+03 2.012738e-14 
4.333333e+04 5.416667e+03 1.924667e-14 
4.375000e+04 5.833333e+03 1.745213e-14 
4.416667e+04 6.250000e+03 1.757398e-14 
4.416667e+04 6.666667e+03 1.752242e-14 
4.458333e+04 7.083333e+03 1.565296e-14 
4.500000e+04 7.500000e+03 1.616792e-14 
4.500000e+04 7.916667e+03 1.592113e-14 
4.541667e+04 8.333333e+03 1.430503e-14 
4.583333e+04 8.750000e+03 1.378214e-14 
4.583333e+04 9.166667e+03 1.404463e-14 
4.625000e+04 9.583333e+03 1.405030e-14 
4.666667e+04 1.000000e+04 1.514464e-14 
