4.020833e+04 0.000000e+00 9.413343e-14 
4.020833e+04 2.083333e+02 7.452848e-14 
4.041667e+04 4.166667e+02 6.578559e-14 
4.041667e+04 6.250000e+02 7.004928e-14 
4.062500e+04 8.333333e+02 5.141925e-14 
4.062500e+04 1.041667e+03 4.746279e-14 
4.083333e+04 1.250000e+03 5.105904e-14 
4.083333e+04 1.458333e+03 4.514203e-14 
4.104167e+04 1.666667e+03 3.918998e-14 
4.125000e+04 1.875000e+03 3.783205e-14 
4.125000e+04 2.083333e+03 3.782112e-14 
4.125000e+04 2.291667e+03 3.252222e-14 
4.166667e+04 2.500000e+03 3.070253e-14 
4.166667e+04 2.708333e+03 3.101380e-14 
4.166667e+04 2.916667e+03 2.902389e-14 
4.187500e+04 3.125000e+03 2.627962e-14 
4.208333e+04 3.333333e+03 2.673004e-14 
4.208333e+04 3.541667e+03 2.556675e-14 
4.229167e+04 3.750000e+03 2.358547e-14 
4.250000e+04 3.958333e+03 2.345310e-14 
4.250000e+04 4.166667e+03 2.308361e-14 
4.250000e+04 4.375000e+03 2.141627e-14 
4.291667e+04 4.583333e+03 2.126847e-14 
4.291667e+04 4.791667e+03 2.099660e-14 
4.291667e+04 5.000000e+03 1.999712e-14 
4.333333e+04 5.208333e+03 1.946252e-14 
4.333333e+04 5.416667e+03 1.949115e-14 
4.333333e+04 5.625000e+03 1.868914e-14 
4.375000e+04 5.833333e+03 1.816812e-14 
4.375000e+04 6.041667e+03 1.816943e-14 
4.375000e+04 6.250000e+03 1.767855e-14 
4.416667e+04 6.458333e+03 1.702040e-14 
4.416667e+04 6.666667e+03 1.717613e-14 
4.416667e+04 6.875000e+03 1.672863e-14 
4.437500e+04 7.083333e+03 1.617593e-14 
4.458333e+04 7.291667e+03 1.624300e-14 
4.458333e+04 7.500000e+03 1.596887e-14 
4.479167e+04 7.708333e+03 1.539978e-14 
4.500000e+04 7.916667e+03 1.551520e-14 
4.500000e+04 8.125000e+03 1.519540e-14 
4.500000e+04 8.333333e+03 1.454163e-14 
4.541667e+04 8.541667e+03 1.397184e-14 
4.541667e+04 8.750000e+03 1.336393e-14 
4.583333e+04 8.958333e+03 1.358613e-14 
4.583333e+04 9.166667e+03 1.406165e-14 
4.583333e+04 9.375000e+03 1.389691e-14 
4.625000e+04 9.583333e+03 1.415233e-14 
4.625000e+04 9.791667e+03 1.413284e-14 
4.666667e+04 1.000000e+04 1.389467e-14 
