4.031250e+04 0.000000e+00 6.829215e-14 
4.031250e+04 3.125000e+02 4.859696e-14 
4.062500e+04 6.250000e+02 4.660942e-14 
4.062500e+04 9.375000e+02 3.977340e-14 
4.093750e+04 1.250000e+03 3.126217e-14 
4.125000e+04 1.562500e+03 2.909008e-14 
4.125000e+04 1.875000e+03 2.812114e-14 
4.125000e+04 2.187500e+03 2.359397e-14 
4.187500e+04 2.500000e+03 2.256207e-14 
4.187500e+04 2.812500e+03 2.237093e-14 
4.187500e+04 3.125000e+03 2.053390e-14 
4.218750e+04 3.437500e+03 1.857767e-14 
4.250000e+04 3.750000e+03 1.890469e-14 
4.250000e+04 4.062500e+03 1.783768e-14 
4.281250e+04 4.375000e+03 1.644532e-14 
4.312500e+04 4.687500e+03 1.639766e-14 
4.312500e+04 5.000000e+03 1.590545e-14 
4.343750e+04 5.312500e+03 1.472776e-14 
4.375000e+04 5.625000e+03 1.473965e-14 
4.375000e+04 5.937500e+03 1.434204e-14 
4.375000e+04 6.250000e+03 1.351341e-14 
4.437500e+04 6.562500e+03 1.338050e-14 
4.437500e+04 6.875000e+03 1.318654e-14 
4.437500e+04 7.187500e+03 1.250936e-14 
4.500000e+04 7.500000e+03 1.235087e-14 
4.500000e+04 7.812500e+03 1.212309e-14 
4.500000e+04 8.125000e+03 1.162880e-14 
4.562500e+04 8.437500e+03 1.089122e-14 
4.562500e+04 8.750000e+03 1.061972e-14 
4.625000e+04 9.062500e+03 1.030515e-14 
4.625000e+04 9.375000e+03 1.064651e-14 
4.625000e+04 9.687500e+03 1.066015e-14 
4.656250e+04 1.000000e+04 1.038868e-14 
