4.041667e+04 0.000000e+00 4.839505e-14 
4.041667e+04 4.166667e+02 3.731720e-14 
4.083333e+04 8.333333e+02 3.694633e-14 
4.083333e+04 1.250000e+03 3.545096e-14 
4.125000e+04 1.666667e+03 2.866071e-14 
4.166667e+04 2.083333e+03 2.619933e-14 
4.166667e+04 2.500000e+03 2.761256e-14 
4.208333e+04 2.916667e+03 2.246022e-14 
4.250000e+04 3.333333e+03 2.171675e-14 
4.250000e+04 3.750000e+03 2.275891e-14 
4.250000e+04 4.166667e+03 1.973350e-14 
4.333333e+04 4.583333e+03 1.851253e-14 
4.333333e+04 5.000000e+03 1.998552e-14 
4.333333e+04 5.416667e+03 1.771089e-14 
4.416667e+04 5.833333e+03 1.684034e-14 
4.416667e+04 6.250000e+03 1.760539e-14 
4.416667e+04 6.666667e+03 1.634180e-14 
4.500000e+04 7.083333e+03 1.533586e-14 
4.500000e+04 7.500000e+03 1.625608e-14 
4.500000e+04 7.916667e+03 1.499724e-14 
4.541667e+04 8.333333e+03 1.418157e-14 
4.583333e+04 8.750000e+03 1.396919e-14 
4.625000e+04 9.166667e+03 1.400893e-14 
4.666667e+04 9.583333e+03 1.439513e-14 
4.666667e+04 1.000000e+04 1.459452e-14 
