4.031250e+04 0.000000e+00 9.558531e-14 
4.031250e+04 3.125000e+02 4.575165e-14 
4.062500e+04 6.250000e+02 4.167830e-14 
4.125000e+04 9.375000e+02 2.937220e-14 
4.156250e+04 1.250000e+03 2.526655e-14 
4.187500e+04 1.562500e+03 2.177405e-14 
4.218750e+04 1.875000e+03 1.937909e-14 
4.250000e+04 2.187500e+03 1.750975e-14 
4.250000e+04 2.500000e+03 1.613079e-14 
4.312500e+04 2.812500e+03 1.488336e-14 
4.312500e+04 3.125000e+03 1.410351e-14 
4.375000e+04 3.437500e+03 1.315418e-14 
4.375000e+04 3.750000e+03 1.271243e-14 
4.437500e+04 4.062500e+03 1.193860e-14 
4.437500e+04 4.375000e+03 1.169779e-14 
4.500000e+04 4.687500e+03 1.103768e-14 
4.500000e+04 5.000000e+03 1.092988e-14 
4.531250e+04 5.312500e+03 1.038960e-14 
4.562500e+04 5.625000e+03 1.035391e-14 
4.593750e+04 5.937500e+03 9.917696e-15 
4.625000e+04 6.250000e+03 9.903869e-15 
4.656250e+04 6.562500e+03 9.540137e-15 
4.687500e+04 6.875000e+03 9.548047e-15 
4.718750e+04 7.187500e+03 9.248263e-15 
4.750000e+04 7.500000e+03 9.282376e-15 
4.750000e+04 7.812500e+03 9.042878e-15 
4.812500e+04 8.125000e+03 9.056646e-15 
4.812500e+04 8.437500e+03 8.863164e-15 
4.875000e+04 8.750000e+03 8.806255e-15 
4.875000e+04 9.062500e+03 8.684218e-15 
4.937500e+04 9.375000e+03 8.755035e-15 
4.937500e+04 9.687500e+03 8.740432e-15 
5.000000e+04 1.000000e+04 8.836376e-15 
