4.025000e+04 0.000000e+00 8.182015e-14 
4.025000e+04 2.500000e+02 6.175263e-14 
4.050000e+04 5.000000e+02 6.071710e-14 
4.050000e+04 7.500000e+02 5.583693e-14 
4.075000e+04 1.000000e+03 4.441397e-14 
4.100000e+04 1.250000e+03 3.991385e-14 
4.100000e+04 1.500000e+03 4.106397e-14 
4.100000e+04 1.750000e+03 3.324922e-14 
4.125000e+04 2.000000e+03 3.161385e-14 
4.150000e+04 2.250000e+03 3.240359e-14 
4.150000e+04 2.500000e+03 2.952382e-14 
4.175000e+04 2.750000e+03 2.645529e-14 
4.200000e+04 3.000000e+03 2.718597e-14 
4.200000e+04 3.250000e+03 2.550907e-14 
4.225000e+04 3.500000e+03 2.328700e-14 
4.250000e+04 3.750000e+03 2.328191e-14 
4.250000e+04 4.000000e+03 2.268468e-14 
4.275000e+04 4.250000e+03 2.067047e-14 
4.300000e+04 4.500000e+03 2.087238e-14 
4.300000e+04 4.750000e+03 2.035778e-14 
4.325000e+04 5.000000e+03 1.899137e-14 
4.350000e+04 5.250000e+03 1.892870e-14 
4.350000e+04 5.500000e+03 1.878259e-14 
4.375000e+04 5.750000e+03 1.751269e-14 
4.400000e+04 6.000000e+03 1.762895e-14 
4.400000e+04 6.250000e+03 1.741646e-14 
4.400000e+04 6.500000e+03 1.653721e-14 
4.450000e+04 6.750000e+03 1.647004e-14 
4.450000e+04 7.000000e+03 1.643997e-14 
4.450000e+04 7.250000e+03 1.561055e-14 
4.500000e+04 7.500000e+03 1.563413e-14 
4.500000e+04 7.750000e+03 1.550293e-14 
4.500000e+04 8.000000e+03 1.487704e-14 
4.550000e+04 8.250000e+03 1.462462e-14 
4.550000e+04 8.500000e+03 1.435400e-14 
4.575000e+04 8.750000e+03 1.341009e-14 
4.600000e+04 9.000000e+03 1.387100e-14 
4.600000e+04 9.250000e+03 1.347720e-14 
4.650000e+04 9.500000e+03 1.391565e-14 
4.650000e+04 9.750000e+03 1.422067e-14 
4.650000e+04 1.000000e+04 1.355574e-14 
