4.025000e+04 0.000000e+00 8.077057e-14 
4.025000e+04 2.500000e+02 6.178541e-14 
4.050000e+04 5.000000e+02 5.808068e-14 
4.050000e+04 7.500000e+02 5.753263e-14 
4.075000e+04 1.000000e+03 4.374443e-14 
4.075000e+04 1.250000e+03 4.051117e-14 
4.100000e+04 1.500000e+03 4.139216e-14 
4.100000e+04 1.750000e+03 3.669558e-14 
4.125000e+04 2.000000e+03 3.265180e-14 
4.150000e+04 2.250000e+03 3.193754e-14 
4.150000e+04 2.500000e+03 3.126413e-14 
4.150000e+04 2.750000e+03 2.675491e-14 
4.200000e+04 3.000000e+03 2.636035e-14 
4.200000e+04 3.250000e+03 2.627253e-14 
4.200000e+04 3.500000e+03 2.423738e-14 
4.250000e+04 3.750000e+03 2.239998e-14 
4.250000e+04 4.000000e+03 2.296069e-14 
4.250000e+04 4.250000e+03 2.170646e-14 
4.275000e+04 4.500000e+03 2.025628e-14 
4.300000e+04 4.750000e+03 2.037366e-14 
4.300000e+04 5.000000e+03 1.982423e-14 
4.325000e+04 5.250000e+03 1.845041e-14 
4.350000e+04 5.500000e+03 1.861868e-14 
4.350000e+04 5.750000e+03 1.819863e-14 
4.375000e+04 6.000000e+03 1.717643e-14 
4.400000e+04 6.250000e+03 1.713230e-14 
4.400000e+04 6.500000e+03 1.700182e-14 
4.400000e+04 6.750000e+03 1.609089e-14 
4.450000e+04 7.000000e+03 1.604698e-14 
4.450000e+04 7.250000e+03 1.590252e-14 
4.450000e+04 7.500000e+03 1.527756e-14 
4.500000e+04 7.750000e+03 1.503559e-14 
4.500000e+04 8.000000e+03 1.505503e-14 
4.500000e+04 8.250000e+03 1.440709e-14 
4.525000e+04 8.500000e+03 1.345968e-14 
4.550000e+04 8.750000e+03 1.299353e-14 
4.600000e+04 9.000000e+03 1.335676e-14 
4.600000e+04 9.250000e+03 1.357023e-14 
4.600000e+04 9.500000e+03 1.379388e-14 
4.625000e+04 9.750000e+03 1.347071e-14 
4.650000e+04 1.000000e+04 1.338402e-14 
