4.062500e+04 0.000000e+00 3.192346e-14 
4.062500e+04 6.250000e+02 2.500444e-14 
4.125000e+04 1.250000e+03 2.495764e-14 
4.125000e+04 1.875000e+03 2.465588e-14 
4.187500e+04 2.500000e+03 2.033894e-14 
4.250000e+04 3.125000e+03 1.905503e-14 
4.250000e+04 3.750000e+03 2.019585e-14 
4.312500e+04 4.375000e+03 1.680723e-14 
4.375000e+04 5.000000e+03 1.691995e-14 
4.375000e+04 5.625000e+03 1.729390e-14 
4.437500e+04 6.250000e+03 1.530502e-14 
4.500000e+04 6.875000e+03 1.503811e-14 
4.500000e+04 7.500000e+03 1.593148e-14 
4.562500e+04 8.125000e+03 1.337841e-14 
4.625000e+04 8.750000e+03 1.424648e-14 
4.625000e+04 9.375000e+03 1.406070e-14 
4.687500e+04 1.000000e+04 1.329569e-14 
