4.031250e+04 0.000000e+00 6.562289e-14 
4.031250e+04 3.125000e+02 4.891787e-14 
4.062500e+04 6.250000e+02 4.396007e-14 
4.062500e+04 9.375000e+02 4.210146e-14 
4.093750e+04 1.250000e+03 3.127707e-14 
4.125000e+04 1.562500e+03 2.839732e-14 
4.125000e+04 1.875000e+03 2.976998e-14 
4.125000e+04 2.187500e+03 2.608905e-14 
4.156250e+04 2.500000e+03 2.313098e-14 
4.187500e+04 2.812500e+03 2.279437e-14 
4.187500e+04 3.125000e+03 2.195266e-14 
4.187500e+04 3.437500e+03 1.934337e-14 
4.250000e+04 3.750000e+03 1.898630e-14 
4.250000e+04 4.062500e+03 1.861446e-14 
4.250000e+04 4.375000e+03 1.736826e-14 
4.312500e+04 4.687500e+03 1.634305e-14 
4.312500e+04 5.000000e+03 1.638722e-14 
4.312500e+04 5.312500e+03 1.557553e-14 
4.343750e+04 5.625000e+03 1.463999e-14 
4.375000e+04 5.937500e+03 1.464857e-14 
4.375000e+04 6.250000e+03 1.421756e-14 
4.406250e+04 6.562500e+03 1.336824e-14 
4.437500e+04 6.875000e+03 1.338009e-14 
4.437500e+04 7.187500e+03 1.302936e-14 
4.468750e+04 7.500000e+03 1.236982e-14 
4.500000e+04 7.812500e+03 1.220970e-14 
4.500000e+04 8.125000e+03 1.194553e-14 
4.500000e+04 8.437500e+03 1.114199e-14 
4.562500e+04 8.750000e+03 1.046739e-14 
4.593750e+04 9.062500e+03 1.045261e-14 
4.625000e+04 9.375000e+03 1.067745e-14 
4.625000e+04 9.687500e+03 1.087568e-14 
4.625000e+04 1.000000e+04 1.087882e-14 
