4.020833e+04 0.000000e+00 1.434120e-13 
4.020833e+04 2.083333e+02 6.831011e-14 
4.041667e+04 4.166667e+02 6.534982e-14 
4.083333e+04 6.250000e+02 4.504679e-14 
4.104167e+04 8.333333e+02 3.913491e-14 
4.125000e+04 1.041667e+03 3.289141e-14 
4.145833e+04 1.250000e+03 2.921269e-14 
4.166667e+04 1.458333e+03 2.596829e-14 
4.187500e+04 1.666667e+03 2.358414e-14 
4.208333e+04 1.875000e+03 2.167197e-14 
4.229167e+04 2.083333e+03 2.007207e-14 
4.250000e+04 2.291667e+03 1.880392e-14 
4.270833e+04 2.500000e+03 1.767010e-14 
4.291667e+04 2.708333e+03 1.677119e-14 
4.312500e+04 2.916667e+03 1.593178e-14 
4.333333e+04 3.125000e+03 1.526314e-14 
4.354167e+04 3.333333e+03 1.461951e-14 
4.375000e+04 3.541667e+03 1.410236e-14 
4.375000e+04 3.750000e+03 1.361438e-14 
4.416667e+04 3.958333e+03 1.318107e-14 
4.416667e+04 4.166667e+03 1.282927e-14 
4.458333e+04 4.375000e+03 1.243173e-14 
4.458333e+04 4.583333e+03 1.218087e-14 
4.500000e+04 4.791667e+03 1.181326e-14 
4.500000e+04 5.000000e+03 1.164134e-14 
4.541667e+04 5.208333e+03 1.130445e-14 
4.541667e+04 5.416667e+03 1.119764e-14 
4.583333e+04 5.625000e+03 1.088363e-14 
4.583333e+04 5.833333e+03 1.082783e-14 
4.604167e+04 6.041667e+03 1.054950e-14 
4.625000e+04 6.250000e+03 1.051039e-14 
4.645833e+04 6.458333e+03 1.026595e-14 
4.666667e+04 6.666667e+03 1.023985e-14 
4.687500e+04 6.875000e+03 1.002645e-14 
4.708333e+04 7.083333e+03 1.001466e-14 
4.729167e+04 7.291667e+03 9.830139e-15 
4.750000e+04 7.500000e+03 9.833098e-15 
4.750000e+04 7.708333e+03 9.683356e-15 
4.791667e+04 7.916667e+03 9.678651e-15 
4.791667e+04 8.125000e+03 9.559812e-15 
4.833333e+04 8.333333e+03 9.507647e-15 
4.833333e+04 8.541667e+03 9.405322e-15 
4.875000e+04 8.750000e+03 9.328519e-15 
4.875000e+04 8.958333e+03 9.261580e-15 
4.916667e+04 9.166667e+03 9.248482e-15 
4.916667e+04 9.375000e+03 9.239008e-15 
4.958333e+04 9.583333e+03 9.277955e-15 
4.958333e+04 9.791667e+03 9.313562e-15 
5.000000e+04 1.000000e+04 9.348287e-15 
