4.020833e+04 0.000000e+00 1.232329e-13 
4.020833e+04 2.083333e+02 8.492709e-14 
4.041667e+04 4.166667e+02 8.465172e-14 
4.041667e+04 6.250000e+02 6.578545e-14 
4.062500e+04 8.333333e+02 5.153015e-14 
4.083333e+04 1.041667e+03 4.790698e-14 
4.083333e+04 1.250000e+03 4.418663e-14 
4.104167e+04 1.458333e+03 3.743308e-14 
4.125000e+04 1.666667e+03 3.641736e-14 
4.125000e+04 1.875000e+03 3.402001e-14 
4.145833e+04 2.083333e+03 3.069580e-14 
4.166667e+04 2.291667e+03 2.941094e-14 
4.166667e+04 2.500000e+03 2.828557e-14 
4.187500e+04 2.708333e+03 2.600090e-14 
4.208333e+04 2.916667e+03 2.544022e-14 
4.208333e+04 3.125000e+03 2.428891e-14 
4.229167e+04 3.333333e+03 2.295245e-14 
4.250000e+04 3.541667e+03 2.234944e-14 
4.250000e+04 3.750000e+03 2.160089e-14 
4.270833e+04 3.958333e+03 2.046179e-14 
4.291667e+04 4.166667e+03 2.018533e-14 
4.291667e+04 4.375000e+03 1.937409e-14 
4.333333e+04 4.583333e+03 1.869226e-14 
4.333333e+04 4.791667e+03 1.831412e-14 
4.333333e+04 5.000000e+03 1.769264e-14 
4.375000e+04 5.208333e+03 1.717999e-14 
4.375000e+04 5.416667e+03 1.688815e-14 
4.395833e+04 5.625000e+03 1.622419e-14 
4.416667e+04 5.833333e+03 1.600719e-14 
4.416667e+04 6.041667e+03 1.558922e-14 
4.437500e+04 6.250000e+03 1.513962e-14 
4.458333e+04 6.458333e+03 1.489019e-14 
4.458333e+04 6.666667e+03 1.453283e-14 
4.500000e+04 6.875000e+03 1.413630e-14 
4.500000e+04 7.083333e+03 1.393224e-14 
4.520833e+04 7.291667e+03 1.349334e-14 
4.541667e+04 7.500000e+03 1.333994e-14 
4.541667e+04 7.708333e+03 1.300227e-14 
4.562500e+04 7.916667e+03 1.259430e-14 
4.583333e+04 8.125000e+03 1.237362e-14 
4.583333e+04 8.333333e+03 1.210404e-14 
4.583333e+04 8.541667e+03 1.118356e-14 
4.687500e+04 8.750000e+03 1.051166e-14 
4.687500e+04 8.958333e+03 1.082561e-14 
4.687500e+04 9.166667e+03 1.105018e-14 
4.708333e+04 9.375000e+03 1.091134e-14 
4.708333e+04 9.583333e+03 1.103708e-14 
4.750000e+04 9.791667e+03 1.109795e-14 
4.750000e+04 1.000000e+04 1.099439e-14 
