4.041667e+04 0.000000e+00 6.975432e-14 
4.041667e+04 4.166667e+02 3.683123e-14 
4.083333e+04 8.333333e+02 3.778448e-14 
4.166667e+04 1.250000e+03 2.487011e-14 
4.166667e+04 1.666667e+03 2.368136e-14 
4.250000e+04 2.083333e+03 1.915128e-14 
4.250000e+04 2.500000e+03 1.829216e-14 
4.333333e+04 2.916667e+03 1.566071e-14 
4.333333e+04 3.333333e+03 1.529665e-14 
4.416667e+04 3.750000e+03 1.346747e-14 
4.416667e+04 4.166667e+03 1.343502e-14 
4.458333e+04 4.583333e+03 1.204876e-14 
4.500000e+04 5.000000e+03 1.216303e-14 
4.541667e+04 5.416667e+03 1.114921e-14 
4.583333e+04 5.833333e+03 1.128139e-14 
4.625000e+04 6.250000e+03 1.050099e-14 
4.666667e+04 6.666667e+03 1.064404e-14 
4.708333e+04 7.083333e+03 1.002835e-14 
4.750000e+04 7.500000e+03 1.020334e-14 
4.791667e+04 7.916667e+03 9.700995e-15 
4.833333e+04 8.333333e+03 9.849561e-15 
4.833333e+04 8.750000e+03 9.450185e-15 
4.916667e+04 9.166667e+03 9.558185e-15 
4.916667e+04 9.583333e+03 9.391574e-15 
5.000000e+04 1.000000e+04 9.662955e-15 
