4.015625e+04 0.000000e+00 1.818746e-13 
4.015625e+04 1.562500e+02 8.368962e-14 
4.031250e+04 3.125000e+02 5.886626e-14 
4.031250e+04 4.687500e+02 6.697611e-14 
4.031250e+04 6.250000e+02 3.609775e-14 
4.062500e+04 7.812500e+02 2.833523e-14 
4.031250e+04 9.375000e+02 2.626688e-14 
4.046875e+04 1.093750e+03 2.264255e-14 
4.062500e+04 1.250000e+03 2.123143e-14 
4.062500e+04 1.406250e+03 2.051401e-14 
4.062500e+04 1.562500e+03 1.950374e-14 
4.062500e+04 1.718750e+03 1.763583e-14 
4.093750e+04 1.875000e+03 1.594184e-14 
4.093750e+04 2.031250e+03 1.500755e-14 
4.093750e+04 2.187500e+03 1.394529e-14 
4.125000e+04 2.343750e+03 1.327183e-14 
4.125000e+04 2.500000e+03 1.265447e-14 
4.156250e+04 2.656250e+03 1.205511e-14 
4.156250e+04 2.812500e+03 1.164582e-14 
4.156250e+04 2.968750e+03 1.115537e-14 
4.187500e+04 3.125000e+03 1.078919e-14 
4.187500e+04 3.281250e+03 1.043107e-14 
4.203125e+04 3.437500e+03 1.006081e-14 
4.218750e+04 3.593750e+03 9.784653e-15 
4.218750e+04 3.750000e+03 9.488477e-15 
4.250000e+04 3.906250e+03 9.209046e-15 
4.250000e+04 4.062500e+03 8.980988e-15 
4.265625e+04 4.218750e+03 8.707185e-15 
4.281250e+04 4.375000e+03 8.514157e-15 
4.281250e+04 4.531250e+03 8.286719e-15 
4.312500e+04 4.687500e+03 8.081664e-15 
4.312500e+04 4.843750e+03 7.894606e-15 
4.328125e+04 5.000000e+03 7.691445e-15 
4.343750e+04 5.156250e+03 7.519174e-15 
4.343750e+04 5.312500e+03 7.346005e-15 
4.375000e+04 5.468750e+03 7.155542e-15 
4.375000e+04 5.625000e+03 7.005872e-15 
4.375000e+04 5.781250e+03 6.823480e-15 
4.406250e+04 5.937500e+03 6.666220e-15 
4.406250e+04 6.093750e+03 6.502624e-15 
4.421875e+04 6.250000e+03 6.331035e-15 
4.437500e+04 6.406250e+03 6.174207e-15 
4.437500e+04 6.562500e+03 6.012652e-15 
4.468750e+04 6.718750e+03 5.839209e-15 
4.468750e+04 6.875000e+03 5.687717e-15 
4.468750e+04 7.031250e+03 5.512975e-15 
4.500000e+04 7.187500e+03 5.361462e-15 
4.500000e+04 7.343750e+03 5.196922e-15 
4.531250e+04 7.500000e+03 5.055394e-15 
4.562500e+04 7.656250e+03 4.922547e-15 
4.593750e+04 7.812500e+03 4.831393e-15 
4.656250e+04 7.968750e+03 4.799170e-15 
4.687500e+04 8.125000e+03 4.811230e-15 
4.703125e+04 8.281250e+03 4.837313e-15 
4.718750e+04 8.437500e+03 4.882555e-15 
4.734375e+04 8.593750e+03 4.906707e-15 
4.750000e+04 8.750000e+03 4.938388e-15 
4.750000e+04 8.906250e+03 4.996390e-15 
4.750000e+04 9.062500e+03 5.055242e-15 
4.765625e+04 9.218750e+03 4.956549e-15 
4.781250e+04 9.375000e+03 5.026872e-15 
4.781250e+04 9.531250e+03 5.143671e-15 
4.781250e+04 9.687500e+03 5.035191e-15 
4.781250e+04 9.843750e+03 5.082439e-15 
4.796875e+04 1.000000e+04 5.195377e-15 
