4.025000e+04 0.000000e+00 7.819948e-14 
4.025000e+04 2.500000e+02 6.225590e-14 
4.025000e+04 5.000000e+02 5.532920e-14 
4.050000e+04 7.500000e+02 5.909542e-14 
4.075000e+04 1.000000e+03 4.360162e-14 
4.075000e+04 1.250000e+03 4.027856e-14 
4.100000e+04 1.500000e+03 4.386198e-14 
4.100000e+04 1.750000e+03 3.847490e-14 
4.125000e+04 2.000000e+03 3.378163e-14 
4.150000e+04 2.250000e+03 3.299470e-14 
4.150000e+04 2.500000e+03 3.283252e-14 
4.150000e+04 2.750000e+03 2.768859e-14 
4.200000e+04 3.000000e+03 2.712897e-14 
4.200000e+04 3.250000e+03 2.727727e-14 
4.200000e+04 3.500000e+03 2.516791e-14 
4.225000e+04 3.750000e+03 2.300693e-14 
4.250000e+04 4.000000e+03 2.377688e-14 
4.250000e+04 4.250000e+03 2.245687e-14 
4.275000e+04 4.500000e+03 2.085853e-14 
4.300000e+04 4.750000e+03 2.101161e-14 
4.300000e+04 5.000000e+03 2.049285e-14 
4.325000e+04 5.250000e+03 1.896169e-14 
4.350000e+04 5.500000e+03 1.919609e-14 
4.350000e+04 5.750000e+03 1.877669e-14 
4.375000e+04 6.000000e+03 1.767034e-14 
4.400000e+04 6.250000e+03 1.765772e-14 
4.400000e+04 6.500000e+03 1.755520e-14 
4.400000e+04 6.750000e+03 1.655117e-14 
4.450000e+04 7.000000e+03 1.656865e-14 
4.450000e+04 7.250000e+03 1.643029e-14 
4.450000e+04 7.500000e+03 1.574260e-14 
4.500000e+04 7.750000e+03 1.555705e-14 
4.500000e+04 8.000000e+03 1.558372e-14 
4.500000e+04 8.250000e+03 1.486980e-14 
4.525000e+04 8.500000e+03 1.403277e-14 
4.550000e+04 8.750000e+03 1.351884e-14 
4.600000e+04 9.000000e+03 1.380454e-14 
4.600000e+04 9.250000e+03 1.425859e-14 
4.600000e+04 9.500000e+03 1.433290e-14 
4.650000e+04 9.750000e+03 1.397500e-14 
4.650000e+04 1.000000e+04 1.415574e-14 
