4.025000e+04 0.000000e+00 8.669778e-14 
4.025000e+04 2.500000e+02 6.027088e-14 
4.050000e+04 5.000000e+02 5.706168e-14 
4.050000e+04 7.500000e+02 4.709994e-14 
4.075000e+04 1.000000e+03 3.679490e-14 
4.100000e+04 1.250000e+03 3.436223e-14 
4.100000e+04 1.500000e+03 3.260860e-14 
4.100000e+04 1.750000e+03 2.764209e-14 
4.150000e+04 2.000000e+03 2.624114e-14 
4.150000e+04 2.250000e+03 2.571923e-14 
4.150000e+04 2.500000e+03 2.370548e-14 
4.175000e+04 2.750000e+03 2.141307e-14 
4.200000e+04 3.000000e+03 2.156420e-14 
4.200000e+04 3.250000e+03 2.043988e-14 
4.225000e+04 3.500000e+03 1.885311e-14 
4.250000e+04 3.750000e+03 1.863854e-14 
4.250000e+04 4.000000e+03 1.812025e-14 
4.250000e+04 4.250000e+03 1.687226e-14 
4.300000e+04 4.500000e+03 1.671664e-14 
4.300000e+04 4.750000e+03 1.631010e-14 
4.300000e+04 5.000000e+03 1.551175e-14 
4.350000e+04 5.250000e+03 1.518917e-14 
4.350000e+04 5.500000e+03 1.499526e-14 
4.350000e+04 5.750000e+03 1.435220e-14 
4.400000e+04 6.000000e+03 1.405935e-14 
4.400000e+04 6.250000e+03 1.387233e-14 
4.400000e+04 6.500000e+03 1.343512e-14 
4.450000e+04 6.750000e+03 1.306285e-14 
4.450000e+04 7.000000e+03 1.298032e-14 
4.450000e+04 7.250000e+03 1.259440e-14 
4.500000e+04 7.500000e+03 1.224950e-14 
4.500000e+04 7.750000e+03 1.213651e-14 
4.500000e+04 8.000000e+03 1.184950e-14 
4.500000e+04 8.250000e+03 1.128015e-14 
4.550000e+04 8.500000e+03 1.083503e-14 
4.575000e+04 8.750000e+03 1.043043e-14 
4.600000e+04 9.000000e+03 1.061811e-14 
4.600000e+04 9.250000e+03 1.042085e-14 
4.625000e+04 9.500000e+03 1.046717e-14 
4.650000e+04 9.750000e+03 1.065647e-14 
4.650000e+04 1.000000e+04 1.053225e-14 
