4.025000e+04 0.000000e+00 8.175919e-14 
4.025000e+04 2.500000e+02 6.177078e-14 
4.050000e+04 5.000000e+02 6.075675e-14 
4.050000e+04 7.500000e+02 5.594673e-14 
4.075000e+04 1.000000e+03 4.451198e-14 
4.100000e+04 1.250000e+03 3.998218e-14 
4.100000e+04 1.500000e+03 4.118261e-14 
4.100000e+04 1.750000e+03 3.332070e-14 
4.125000e+04 2.000000e+03 3.169957e-14 
4.150000e+04 2.250000e+03 3.249776e-14 
4.150000e+04 2.500000e+03 2.960265e-14 
4.175000e+04 2.750000e+03 2.652567e-14 
4.200000e+04 3.000000e+03 2.726572e-14 
4.200000e+04 3.250000e+03 2.557841e-14 
4.225000e+04 3.500000e+03 2.334910e-14 
4.250000e+04 3.750000e+03 2.334708e-14 
4.250000e+04 4.000000e+03 2.274813e-14 
4.275000e+04 4.250000e+03 2.072347e-14 
4.300000e+04 4.500000e+03 2.093137e-14 
4.300000e+04 4.750000e+03 2.041424e-14 
4.325000e+04 5.000000e+03 1.904156e-14 
4.350000e+04 5.250000e+03 1.898209e-14 
4.350000e+04 5.500000e+03 1.883641e-14 
4.375000e+04 5.750000e+03 1.755953e-14 
4.400000e+04 6.000000e+03 1.768109e-14 
4.400000e+04 6.250000e+03 1.746755e-14 
4.400000e+04 6.500000e+03 1.657892e-14 
4.450000e+04 6.750000e+03 1.652099e-14 
4.450000e+04 7.000000e+03 1.649140e-14 
4.450000e+04 7.250000e+03 1.565207e-14 
4.500000e+04 7.500000e+03 1.568673e-14 
4.500000e+04 7.750000e+03 1.555417e-14 
4.500000e+04 8.000000e+03 1.491959e-14 
4.550000e+04 8.250000e+03 1.468108e-14 
4.550000e+04 8.500000e+03 1.441076e-14 
4.575000e+04 8.750000e+03 1.345855e-14 
4.600000e+04 9.000000e+03 1.392520e-14 
4.600000e+04 9.250000e+03 1.352466e-14 
4.650000e+04 9.500000e+03 1.397840e-14 
4.650000e+04 9.750000e+03 1.428562e-14 
4.650000e+04 1.000000e+04 1.360647e-14 
