4.041667e+04 0.000000e+00 5.529767e-14 
4.041667e+04 4.166667e+02 4.594837e-14 
4.083333e+04 8.333333e+02 5.116441e-14 
4.083333e+04 1.250000e+03 4.611509e-14 
4.125000e+04 1.666667e+03 3.862544e-14 
4.166667e+04 2.083333e+03 3.604052e-14 
4.166667e+04 2.500000e+03 3.445003e-14 
4.208333e+04 2.916667e+03 2.919725e-14 
4.250000e+04 3.333333e+03 2.931048e-14 
4.250000e+04 3.750000e+03 2.680785e-14 
4.291667e+04 4.166667e+03 2.426450e-14 
4.333333e+04 4.583333e+03 2.361311e-14 
4.333333e+04 5.000000e+03 2.206938e-14 
4.375000e+04 5.416667e+03 1.975933e-14 
4.416667e+04 5.833333e+03 2.035693e-14 
4.416667e+04 6.250000e+03 1.800764e-14 
4.500000e+04 6.666667e+03 1.813572e-14 
4.500000e+04 7.083333e+03 1.726132e-14 
4.541667e+04 7.500000e+03 1.587970e-14 
4.583333e+04 7.916667e+03 1.625673e-14 
4.583333e+04 8.333333e+03 1.555078e-14 
4.666667e+04 8.750000e+03 1.214068e-14 
4.708333e+04 9.166667e+03 1.500648e-14 
4.708333e+04 9.583333e+03 1.472141e-14 
4.750000e+04 1.000000e+04 1.460855e-14 
