4.020833e+04 0.000000e+00 1.015741e-13 
4.020833e+04 2.083333e+02 7.205004e-14 
4.041667e+04 4.166667e+02 6.461847e-14 
4.041667e+04 6.250000e+02 5.724381e-14 
4.062500e+04 8.333333e+02 4.234715e-14 
4.083333e+04 1.041667e+03 3.877686e-14 
4.083333e+04 1.250000e+03 3.859634e-14 
4.083333e+04 1.458333e+03 3.414156e-14 
4.104167e+04 1.666667e+03 3.003480e-14 
4.125000e+04 1.875000e+03 2.924693e-14 
4.125000e+04 2.083333e+03 2.799887e-14 
4.125000e+04 2.291667e+03 2.540347e-14 
4.166667e+04 2.500000e+03 2.415763e-14 
4.166667e+04 2.708333e+03 2.359779e-14 
4.166667e+04 2.916667e+03 2.233112e-14 
4.208333e+04 3.125000e+03 2.075484e-14 
4.208333e+04 3.333333e+03 2.068143e-14 
4.208333e+04 3.541667e+03 1.987680e-14 
4.229167e+04 3.750000e+03 1.873854e-14 
4.250000e+04 3.958333e+03 1.848624e-14 
4.250000e+04 4.166667e+03 1.807041e-14 
4.250000e+04 4.375000e+03 1.719400e-14 
4.291667e+04 4.583333e+03 1.688361e-14 
4.291667e+04 4.791667e+03 1.657980e-14 
4.291667e+04 5.000000e+03 1.601182e-14 
4.333333e+04 5.208333e+03 1.554211e-14 
4.333333e+04 5.416667e+03 1.541062e-14 
4.333333e+04 5.625000e+03 1.496355e-14 
4.375000e+04 5.833333e+03 1.448948e-14 
4.375000e+04 6.041667e+03 1.438291e-14 
4.375000e+04 6.250000e+03 1.409286e-14 
4.395833e+04 6.458333e+03 1.361176e-14 
4.416667e+04 6.666667e+03 1.353208e-14 
4.416667e+04 6.875000e+03 1.328646e-14 
4.416667e+04 7.083333e+03 1.289969e-14 
4.458333e+04 7.291667e+03 1.274531e-14 
4.458333e+04 7.500000e+03 1.258738e-14 
4.458333e+04 7.708333e+03 1.224910e-14 
4.500000e+04 7.916667e+03 1.197678e-14 
4.500000e+04 8.125000e+03 1.173950e-14 
4.500000e+04 8.333333e+03 1.136341e-14 
4.500000e+04 8.541667e+03 1.073037e-14 
4.583333e+04 8.750000e+03 1.031626e-14 
4.583333e+04 8.958333e+03 1.053207e-14 
4.583333e+04 9.166667e+03 1.065322e-14 
4.583333e+04 9.375000e+03 1.056952e-14 
4.625000e+04 9.583333e+03 1.061093e-14 
4.625000e+04 9.791667e+03 1.072136e-14 
4.625000e+04 1.000000e+04 1.072632e-14 
