4.031250e+04 0.000000e+00 7.922309e-14 
4.031250e+04 3.125000e+02 5.844038e-14 
4.062500e+04 6.250000e+02 6.110564e-14 
4.062500e+04 9.375000e+02 4.958062e-14 
4.093750e+04 1.250000e+03 3.954530e-14 
4.125000e+04 1.562500e+03 3.687032e-14 
4.125000e+04 1.875000e+03 3.430986e-14 
4.156250e+04 2.187500e+03 2.899066e-14 
4.187500e+04 2.500000e+03 2.862347e-14 
4.187500e+04 2.812500e+03 2.649692e-14 
4.218750e+04 3.125000e+03 2.388803e-14 
4.250000e+04 3.437500e+03 2.305368e-14 
4.250000e+04 3.750000e+03 2.201413e-14 
4.281250e+04 4.062500e+03 2.003942e-14 
4.312500e+04 4.375000e+03 1.989565e-14 
4.312500e+04 4.687500e+03 1.868944e-14 
4.375000e+04 5.000000e+03 1.769056e-14 
4.375000e+04 5.312500e+03 1.731732e-14 
4.375000e+04 5.625000e+03 1.643831e-14 
4.437500e+04 5.937500e+03 1.581657e-14 
4.437500e+04 6.250000e+03 1.553155e-14 
4.468750e+04 6.562500e+03 1.461593e-14 
4.500000e+04 6.875000e+03 1.451144e-14 
4.500000e+04 7.187500e+03 1.388991e-14 
4.562500e+04 7.500000e+03 1.320436e-14 
4.562500e+04 7.812500e+03 1.306155e-14 
4.562500e+04 8.125000e+03 1.283548e-14 
4.562500e+04 8.437500e+03 1.156175e-14 
4.687500e+04 8.750000e+03 1.089128e-14 
4.687500e+04 9.062500e+03 1.075832e-14 
4.687500e+04 9.375000e+03 1.116213e-14 
4.750000e+04 9.687500e+03 1.119501e-14 
4.750000e+04 1.000000e+04 1.077450e-14 
