4.025000e+04 0.000000e+00 8.963464e-14 
4.025000e+04 2.500000e+02 7.716869e-14 
4.050000e+04 5.000000e+02 7.912638e-14 
4.050000e+04 7.500000e+02 7.610559e-14 
4.075000e+04 1.000000e+03 6.039945e-14 
4.100000e+04 1.250000e+03 5.433299e-14 
4.100000e+04 1.500000e+03 5.751724e-14 
4.125000e+04 1.750000e+03 4.411181e-14 
4.150000e+04 2.000000e+03 4.278695e-14 
4.150000e+04 2.250000e+03 4.246418e-14 
4.150000e+04 2.500000e+03 3.678358e-14 
4.200000e+04 2.750000e+03 3.375760e-14 
4.200000e+04 3.000000e+03 3.466497e-14 
4.200000e+04 3.250000e+03 3.049325e-14 
4.250000e+04 3.500000e+03 2.904545e-14 
4.250000e+04 3.750000e+03 2.847374e-14 
4.250000e+04 4.000000e+03 2.625230e-14 
4.300000e+04 4.250000e+03 2.498387e-14 
4.300000e+04 4.500000e+03 2.474732e-14 
4.325000e+04 4.750000e+03 2.261899e-14 
4.350000e+04 5.000000e+03 2.243965e-14 
4.350000e+04 5.250000e+03 2.157836e-14 
4.375000e+04 5.500000e+03 2.044113e-14 
4.400000e+04 5.750000e+03 2.008806e-14 
4.400000e+04 6.000000e+03 1.937421e-14 
4.450000e+04 6.250000e+03 1.853683e-14 
4.450000e+04 6.500000e+03 1.845416e-14 
4.475000e+04 6.750000e+03 1.743301e-14 
4.500000e+04 7.000000e+03 1.736317e-14 
4.500000e+04 7.250000e+03 1.680063e-14 
4.525000e+04 7.500000e+03 1.625153e-14 
4.550000e+04 7.750000e+03 1.598332e-14 
4.575000e+04 8.000000e+03 1.567215e-14 
4.600000e+04 8.250000e+03 1.531602e-14 
4.600000e+04 8.500000e+03 1.459994e-14 
4.675000e+04 8.750000e+03 1.238329e-14 
4.675000e+04 9.000000e+03 1.407791e-14 
4.675000e+04 9.250000e+03 1.416863e-14 
4.700000e+04 9.500000e+03 1.421938e-14 
4.725000e+04 9.750000e+03 1.413285e-14 
4.750000e+04 1.000000e+04 1.410612e-14 
