4.015625e+04 0.000000e+00 2.122759e-13 
4.031250e+04 1.562500e+02 6.905246e-14 
4.031250e+04 3.125000e+02 4.560347e-14 
4.062500e+04 4.687500e+02 2.741975e-14 
4.078125e+04 6.250000e+02 2.123567e-14 
4.093750e+04 7.812500e+02 1.721828e-14 
4.109375e+04 9.375000e+02 1.451337e-14 
4.125000e+04 1.093750e+03 1.282399e-14 
4.140625e+04 1.250000e+03 1.142174e-14 
4.156250e+04 1.406250e+03 1.046163e-14 
4.171875e+04 1.562500e+03 9.618689e-15 
4.187500e+04 1.718750e+03 8.994064e-15 
4.203125e+04 1.875000e+03 8.424455e-15 
4.218750e+04 2.031250e+03 7.979141e-15 
4.218750e+04 2.187500e+03 7.568298e-15 
4.250000e+04 2.343750e+03 7.227359e-15 
4.250000e+04 2.500000e+03 6.923134e-15 
4.281250e+04 2.656250e+03 6.643013e-15 
4.281250e+04 2.812500e+03 6.410162e-15 
4.296875e+04 2.968750e+03 6.175788e-15 
4.312500e+04 3.125000e+03 5.988736e-15 
4.312500e+04 3.281250e+03 5.795344e-15 
4.343750e+04 3.437500e+03 5.633175e-15 
4.343750e+04 3.593750e+03 5.475799e-15 
4.359375e+04 3.750000e+03 5.326702e-15 
4.375000e+04 3.906250e+03 5.196240e-15 
4.375000e+04 4.062500e+03 5.065392e-15 
4.406250e+04 4.218750e+03 4.948203e-15 
4.406250e+04 4.375000e+03 4.837586e-15 
4.421875e+04 4.531250e+03 4.725955e-15 
4.437500e+04 4.687500e+03 4.631420e-15 
4.437500e+04 4.843750e+03 4.530757e-15 
4.468750e+04 5.000000e+03 4.443709e-15 
4.468750e+04 5.156250e+03 4.356748e-15 
4.484375e+04 5.312500e+03 4.272258e-15 
4.500000e+04 5.468750e+03 4.195961e-15 
4.500000e+04 5.625000e+03 4.119337e-15 
4.531250e+04 5.781250e+03 4.045112e-15 
4.531250e+04 5.937500e+03 3.978118e-15 
4.531250e+04 6.093750e+03 3.907072e-15 
4.562500e+04 6.250000e+03 3.841410e-15 
4.562500e+04 6.406250e+03 3.778185e-15 
4.562500e+04 6.562500e+03 3.713746e-15 
4.593750e+04 6.718750e+03 3.649590e-15 
4.593750e+04 6.875000e+03 3.591431e-15 
4.593750e+04 7.031250e+03 3.529663e-15 
4.609375e+04 7.187500e+03 3.469542e-15 
4.625000e+04 7.343750e+03 3.413534e-15 
4.625000e+04 7.500000e+03 3.356526e-15 
4.656250e+04 7.656250e+03 3.304397e-15 
4.656250e+04 7.812500e+03 3.254626e-15 
4.687500e+04 7.968750e+03 3.212426e-15 
4.718750e+04 8.125000e+03 3.176423e-15 
4.750000e+04 8.281250e+03 3.149883e-15 
4.765625e+04 8.437500e+03 3.134875e-15 
4.781250e+04 8.593750e+03 3.131150e-15 
4.812500e+04 8.750000e+03 3.137911e-15 
4.843750e+04 8.906250e+03 3.152305e-15 
4.859375e+04 9.062500e+03 3.172171e-15 
4.875000e+04 9.218750e+03 3.199779e-15 
4.875000e+04 9.375000e+03 3.229408e-15 
4.906250e+04 9.531250e+03 3.264374e-15 
4.906250e+04 9.687500e+03 3.302644e-15 
4.906250e+04 9.843750e+03 3.342379e-15 
4.921875e+04 1.000000e+04 3.384662e-15 
