4.015625e+04 0.000000e+00 2.067843e-13 
4.031250e+04 1.562500e+02 6.778656e-14 
4.031250e+04 3.125000e+02 4.971257e-14 
4.062500e+04 4.687500e+02 2.801493e-14 
4.062500e+04 6.250000e+02 2.150936e-14 
4.093750e+04 7.812500e+02 1.726661e-14 
4.109375e+04 9.375000e+02 1.455098e-14 
4.125000e+04 1.093750e+03 1.282007e-14 
4.125000e+04 1.250000e+03 1.142017e-14 
4.156250e+04 1.406250e+03 1.043935e-14 
4.156250e+04 1.562500e+03 9.595742e-15 
4.187500e+04 1.718750e+03 8.951407e-15 
4.187500e+04 1.875000e+03 8.390125e-15 
4.218750e+04 2.031250e+03 7.924326e-15 
4.218750e+04 2.187500e+03 7.526427e-15 
4.250000e+04 2.343750e+03 7.165983e-15 
4.250000e+04 2.500000e+03 6.871199e-15 
4.265625e+04 2.656250e+03 6.580901e-15 
4.281250e+04 2.812500e+03 6.352764e-15 
4.281250e+04 2.968750e+03 6.117733e-15 
4.312500e+04 3.125000e+03 5.928467e-15 
4.312500e+04 3.281250e+03 5.741236e-15 
4.343750e+04 3.437500e+03 5.571496e-15 
4.343750e+04 3.593750e+03 5.419065e-15 
4.359375e+04 3.750000e+03 5.269481e-15 
4.375000e+04 3.906250e+03 5.137896e-15 
4.375000e+04 4.062500e+03 5.011267e-15 
4.406250e+04 4.218750e+03 4.888728e-15 
4.406250e+04 4.375000e+03 4.781513e-15 
4.421875e+04 4.531250e+03 4.669368e-15 
4.437500e+04 4.687500e+03 4.573607e-15 
4.437500e+04 4.843750e+03 4.476002e-15 
4.468750e+04 5.000000e+03 4.384104e-15 
4.468750e+04 5.156250e+03 4.299535e-15 
4.484375e+04 5.312500e+03 4.213993e-15 
4.500000e+04 5.468750e+03 4.136230e-15 
4.500000e+04 5.625000e+03 4.061544e-15 
4.515625e+04 5.781250e+03 3.984963e-15 
4.531250e+04 5.937500e+03 3.917386e-15 
4.531250e+04 6.093750e+03 3.848019e-15 
4.546875e+04 6.250000e+03 3.779854e-15 
4.562500e+04 6.406250e+03 3.716383e-15 
4.562500e+04 6.562500e+03 3.653427e-15 
4.578125e+04 6.718750e+03 3.588369e-15 
4.593750e+04 6.875000e+03 3.529264e-15 
4.593750e+04 7.031250e+03 3.469165e-15 
4.609375e+04 7.187500e+03 3.408783e-15 
4.625000e+04 7.343750e+03 3.352688e-15 
4.625000e+04 7.500000e+03 3.297556e-15 
4.656250e+04 7.656250e+03 3.244679e-15 
4.656250e+04 7.812500e+03 3.196892e-15 
4.687500e+04 7.968750e+03 3.154883e-15 
4.718750e+04 8.125000e+03 3.119599e-15 
4.734375e+04 8.281250e+03 3.094139e-15 
4.765625e+04 8.437500e+03 3.080002e-15 
4.781250e+04 8.593750e+03 3.076851e-15 
4.812500e+04 8.750000e+03 3.083422e-15 
4.843750e+04 8.906250e+03 3.097317e-15 
4.843750e+04 9.062500e+03 3.116577e-15 
4.875000e+04 9.218750e+03 3.143208e-15 
4.875000e+04 9.375000e+03 3.172123e-15 
4.906250e+04 9.531250e+03 3.205493e-15 
4.906250e+04 9.687500e+03 3.242750e-15 
4.906250e+04 9.843750e+03 3.281790e-15 
4.921875e+04 1.000000e+04 3.322624e-15 
