4.020833e+04 0.000000e+00 9.647080e-14 
4.020833e+04 2.083333e+02 7.417352e-14 
4.041667e+04 4.166667e+02 6.961119e-14 
4.041667e+04 6.250000e+02 6.951597e-14 
4.062500e+04 8.333333e+02 5.256921e-14 
4.062500e+04 1.041667e+03 4.888830e-14 
4.083333e+04 1.250000e+03 4.954036e-14 
4.083333e+04 1.458333e+03 4.412996e-14 
4.104167e+04 1.666667e+03 3.891877e-14 
4.125000e+04 1.875000e+03 3.765217e-14 
4.125000e+04 2.083333e+03 3.713485e-14 
4.125000e+04 2.291667e+03 3.202812e-14 
4.166667e+04 2.500000e+03 3.064603e-14 
4.166667e+04 2.708333e+03 3.076343e-14 
4.166667e+04 2.916667e+03 2.865377e-14 
4.187500e+04 3.125000e+03 2.613753e-14 
4.208333e+04 3.333333e+03 2.656637e-14 
4.208333e+04 3.541667e+03 2.535158e-14 
4.229167e+04 3.750000e+03 2.348153e-14 
4.250000e+04 3.958333e+03 2.336631e-14 
4.250000e+04 4.166667e+03 2.292748e-14 
4.250000e+04 4.375000e+03 2.125691e-14 
4.291667e+04 4.583333e+03 2.119971e-14 
4.291667e+04 4.791667e+03 2.089278e-14 
4.291667e+04 5.000000e+03 1.986984e-14 
4.333333e+04 5.208333e+03 1.940855e-14 
4.333333e+04 5.416667e+03 1.940270e-14 
4.333333e+04 5.625000e+03 1.859063e-14 
4.375000e+04 5.833333e+03 1.811408e-14 
4.375000e+04 6.041667e+03 1.809534e-14 
4.375000e+04 6.250000e+03 1.758922e-14 
4.416667e+04 6.458333e+03 1.697034e-14 
4.416667e+04 6.666667e+03 1.710487e-14 
4.416667e+04 6.875000e+03 1.664989e-14 
4.437500e+04 7.083333e+03 1.611204e-14 
4.458333e+04 7.291667e+03 1.617732e-14 
4.458333e+04 7.500000e+03 1.589168e-14 
4.479167e+04 7.708333e+03 1.533639e-14 
4.500000e+04 7.916667e+03 1.544389e-14 
4.500000e+04 8.125000e+03 1.512671e-14 
4.500000e+04 8.333333e+03 1.448763e-14 
4.541667e+04 8.541667e+03 1.389420e-14 
4.541667e+04 8.750000e+03 1.323255e-14 
4.583333e+04 8.958333e+03 1.355116e-14 
4.583333e+04 9.166667e+03 1.405230e-14 
4.583333e+04 9.375000e+03 1.374658e-14 
4.625000e+04 9.583333e+03 1.409940e-14 
4.625000e+04 9.791667e+03 1.413189e-14 
4.666667e+04 1.000000e+04 1.370721e-14 
