4.031250e+04 0.000000e+00 9.887650e-14 
4.031250e+04 3.125000e+02 3.806656e-14 
4.062500e+04 6.250000e+02 3.276852e-14 
4.125000e+04 9.375000e+02 2.042587e-14 
4.125000e+04 1.250000e+03 1.765707e-14 
4.187500e+04 1.562500e+03 1.446954e-14 
4.187500e+04 1.875000e+03 1.309929e-14 
4.250000e+04 2.187500e+03 1.154110e-14 
4.250000e+04 2.500000e+03 1.075756e-14 
4.312500e+04 2.812500e+03 9.840730e-15 
4.312500e+04 3.125000e+03 9.357956e-15 
4.375000e+04 3.437500e+03 8.747782e-15 
4.375000e+04 3.750000e+03 8.428679e-15 
4.406250e+04 4.062500e+03 7.985368e-15 
4.437500e+04 4.375000e+03 7.770333e-15 
4.468750e+04 4.687500e+03 7.436750e-15 
4.500000e+04 5.000000e+03 7.278852e-15 
4.531250e+04 5.312500e+03 7.026766e-15 
4.562500e+04 5.625000e+03 6.917215e-15 
4.593750e+04 5.937500e+03 6.718859e-15 
4.625000e+04 6.250000e+03 6.633581e-15 
4.625000e+04 6.562500e+03 6.475124e-15 
4.687500e+04 6.875000e+03 6.398678e-15 
4.687500e+04 7.187500e+03 6.281553e-15 
4.750000e+04 7.500000e+03 6.204903e-15 
4.750000e+04 7.812500e+03 6.117291e-15 
4.781250e+04 8.125000e+03 6.029964e-15 
4.812500e+04 8.437500e+03 5.963725e-15 
4.875000e+04 8.750000e+03 5.913549e-15 
4.875000e+04 9.062500e+03 5.908971e-15 
4.937500e+04 9.375000e+03 5.935793e-15 
4.937500e+04 9.687500e+03 5.984070e-15 
4.968750e+04 1.000000e+04 6.025501e-15 
