4.062500e+04 0.000000e+00 3.570219e-14 
4.062500e+04 6.250000e+02 3.094844e-14 
4.125000e+04 1.250000e+03 3.385891e-14 
4.125000e+04 1.875000e+03 3.061079e-14 
4.187500e+04 2.500000e+03 2.672147e-14 
4.250000e+04 3.125000e+03 2.666085e-14 
4.250000e+04 3.750000e+03 2.333594e-14 
4.312500e+04 4.375000e+03 2.037124e-14 
4.375000e+04 5.000000e+03 2.364200e-14 
4.437500e+04 5.625000e+03 1.829371e-14 
4.500000e+04 6.250000e+03 1.913615e-14 
4.500000e+04 6.875000e+03 1.824262e-14 
4.562500e+04 7.500000e+03 1.671217e-14 
4.625000e+04 8.125000e+03 1.622643e-14 
4.625000e+04 8.750000e+03 1.401784e-14 
4.750000e+04 9.375000e+03 1.507346e-14 
4.750000e+04 1.000000e+04 1.503288e-14 
