4.020833e+04 0.000000e+00 9.843250e-14 
4.020833e+04 2.083333e+02 7.393567e-14 
4.041667e+04 4.166667e+02 7.263596e-14 
4.041667e+04 6.250000e+02 6.626552e-14 
4.062500e+04 8.333333e+02 5.245843e-14 
4.083333e+04 1.041667e+03 4.706208e-14 
4.083333e+04 1.250000e+03 4.804723e-14 
4.083333e+04 1.458333e+03 3.895810e-14 
4.104167e+04 1.666667e+03 3.680868e-14 
4.125000e+04 1.875000e+03 3.743737e-14 
4.125000e+04 2.083333e+03 3.424651e-14 
4.145833e+04 2.291667e+03 3.047196e-14 
4.166667e+04 2.500000e+03 3.101187e-14 
4.166667e+04 2.708333e+03 2.926358e-14 
4.187500e+04 2.916667e+03 2.655219e-14 
4.208333e+04 3.125000e+03 2.630446e-14 
4.208333e+04 3.333333e+03 2.574187e-14 
4.229167e+04 3.541667e+03 2.339694e-14 
4.250000e+04 3.750000e+03 2.337513e-14 
4.250000e+04 3.958333e+03 2.291277e-14 
4.250000e+04 4.166667e+03 2.145014e-14 
4.291667e+04 4.375000e+03 2.106571e-14 
4.291667e+04 4.583333e+03 2.097980e-14 
4.291667e+04 4.791667e+03 1.980752e-14 
4.333333e+04 5.000000e+03 1.949180e-14 
4.333333e+04 5.208333e+03 1.935017e-14 
4.333333e+04 5.416667e+03 1.858630e-14 
4.375000e+04 5.625000e+03 1.813519e-14 
4.375000e+04 5.833333e+03 1.817855e-14 
4.375000e+04 6.041667e+03 1.748497e-14 
4.416667e+04 6.250000e+03 1.715806e-14 
4.416667e+04 6.458333e+03 1.712431e-14 
4.416667e+04 6.666667e+03 1.664873e-14 
4.458333e+04 6.875000e+03 1.625582e-14 
4.458333e+04 7.083333e+03 1.633094e-14 
4.458333e+04 7.291667e+03 1.584806e-14 
4.500000e+04 7.500000e+03 1.557665e-14 
4.500000e+04 7.708333e+03 1.556655e-14 
4.500000e+04 7.916667e+03 1.520909e-14 
4.541667e+04 8.125000e+03 1.481861e-14 
4.541667e+04 8.333333e+03 1.478326e-14 
4.541667e+04 8.541667e+03 1.416200e-14 
4.583333e+04 8.750000e+03 1.350578e-14 
4.583333e+04 8.958333e+03 1.346389e-14 
4.625000e+04 9.166667e+03 1.394908e-14 
4.625000e+04 9.375000e+03 1.392735e-14 
4.625000e+04 9.583333e+03 1.413172e-14 
4.666667e+04 9.791667e+03 1.406327e-14 
4.666667e+04 1.000000e+04 1.390357e-14 
