4.020833e+04 0.000000e+00 1.122192e-13 
4.020833e+04 2.083333e+02 9.084368e-14 
4.041667e+04 4.166667e+02 9.718973e-14 
4.041667e+04 6.250000e+02 8.761461e-14 
4.062500e+04 8.333333e+02 6.961645e-14 
4.083333e+04 1.041667e+03 6.157010e-14 
4.083333e+04 1.250000e+03 6.219376e-14 
4.104167e+04 1.458333e+03 4.974304e-14 
4.125000e+04 1.666667e+03 4.703719e-14 
4.125000e+04 1.875000e+03 4.666018e-14 
4.125000e+04 2.083333e+03 4.135929e-14 
4.166667e+04 2.291667e+03 3.738058e-14 
4.166667e+04 2.500000e+03 3.791331e-14 
4.166667e+04 2.708333e+03 3.419025e-14 
4.208333e+04 2.916667e+03 3.200481e-14 
4.208333e+04 3.125000e+03 3.149682e-14 
4.208333e+04 3.333333e+03 2.947596e-14 
4.250000e+04 3.541667e+03 2.763296e-14 
4.250000e+04 3.750000e+03 2.749251e-14 
4.250000e+04 3.958333e+03 2.564636e-14 
4.291667e+04 4.166667e+03 2.477396e-14 
4.291667e+04 4.375000e+03 2.416799e-14 
4.291667e+04 4.583333e+03 2.289617e-14 
4.333333e+04 4.791667e+03 2.224183e-14 
4.333333e+04 5.000000e+03 2.180977e-14 
4.354167e+04 5.208333e+03 2.062321e-14 
4.375000e+04 5.416667e+03 2.042501e-14 
4.375000e+04 5.625000e+03 1.970963e-14 
4.416667e+04 5.833333e+03 1.899787e-14 
4.416667e+04 6.041667e+03 1.872855e-14 
4.416667e+04 6.250000e+03 1.810250e-14 
4.458333e+04 6.458333e+03 1.768724e-14 
4.458333e+04 6.666667e+03 1.742599e-14 
4.479167e+04 6.875000e+03 1.676762e-14 
4.500000e+04 7.083333e+03 1.664411e-14 
4.500000e+04 7.291667e+03 1.610152e-14 
4.541667e+04 7.500000e+03 1.589438e-14 
4.541667e+04 7.708333e+03 1.558396e-14 
4.562500e+04 7.916667e+03 1.500650e-14 
4.583333e+04 8.125000e+03 1.496744e-14 
4.583333e+04 8.333333e+03 1.494865e-14 
4.583333e+04 8.541667e+03 1.384297e-14 
4.583333e+04 8.750000e+03 1.244043e-14 
4.687500e+04 8.958333e+03 1.322483e-14 
4.666667e+04 9.166667e+03 1.419725e-14 
4.666667e+04 9.375000e+03 1.342655e-14 
4.708333e+04 9.583333e+03 1.364581e-14 
4.729167e+04 9.791667e+03 1.383511e-14 
4.750000e+04 1.000000e+04 1.312428e-14 
