4.020833e+04 0.000000e+00 9.736705e-14 
4.020833e+04 2.083333e+02 7.391464e-14 
4.041667e+04 4.166667e+02 6.926033e-14 
4.041667e+04 6.250000e+02 6.797824e-14 
4.062500e+04 8.333333e+02 5.135165e-14 
4.062500e+04 1.041667e+03 4.743844e-14 
4.083333e+04 1.250000e+03 4.801456e-14 
4.083333e+04 1.458333e+03 4.279790e-14 
4.104167e+04 1.666667e+03 3.770457e-14 
4.125000e+04 1.875000e+03 3.658628e-14 
4.125000e+04 2.083333e+03 3.591477e-14 
4.125000e+04 2.291667e+03 3.122697e-14 
4.166667e+04 2.500000e+03 2.984649e-14 
4.166667e+04 2.708333e+03 2.984061e-14 
4.166667e+04 2.916667e+03 2.786425e-14 
4.187500e+04 3.125000e+03 2.545970e-14 
4.208333e+04 3.333333e+03 2.581585e-14 
4.208333e+04 3.541667e+03 2.466789e-14 
4.229167e+04 3.750000e+03 2.289277e-14 
4.250000e+04 3.958333e+03 2.275602e-14 
4.250000e+04 4.166667e+03 2.231984e-14 
4.250000e+04 4.375000e+03 2.077805e-14 
4.291667e+04 4.583333e+03 2.066317e-14 
4.291667e+04 4.791667e+03 2.035689e-14 
4.291667e+04 5.000000e+03 1.940830e-14 
4.333333e+04 5.208333e+03 1.892987e-14 
4.333333e+04 5.416667e+03 1.890471e-14 
4.333333e+04 5.625000e+03 1.815368e-14 
4.375000e+04 5.833333e+03 1.766120e-14 
4.375000e+04 6.041667e+03 1.763015e-14 
4.375000e+04 6.250000e+03 1.716240e-14 
4.416667e+04 6.458333e+03 1.653822e-14 
4.416667e+04 6.666667e+03 1.664993e-14 
4.416667e+04 6.875000e+03 1.623399e-14 
4.437500e+04 7.083333e+03 1.570651e-14 
4.458333e+04 7.291667e+03 1.573230e-14 
4.458333e+04 7.500000e+03 1.547393e-14 
4.479167e+04 7.708333e+03 1.493377e-14 
4.500000e+04 7.916667e+03 1.498919e-14 
4.500000e+04 8.125000e+03 1.469949e-14 
4.500000e+04 8.333333e+03 1.412379e-14 
4.541667e+04 8.541667e+03 1.341243e-14 
4.541667e+04 8.750000e+03 1.280012e-14 
4.583333e+04 8.958333e+03 1.314223e-14 
4.583333e+04 9.166667e+03 1.359055e-14 
4.583333e+04 9.375000e+03 1.332082e-14 
4.625000e+04 9.583333e+03 1.357731e-14 
4.625000e+04 9.791667e+03 1.364433e-14 
4.645833e+04 1.000000e+04 1.323833e-14 
