4.041667e+04 0.000000e+00 4.754704e-14 
4.041667e+04 4.166667e+02 3.741902e-14 
4.083333e+04 8.333333e+02 3.556870e-14 
4.083333e+04 1.250000e+03 3.684152e-14 
4.125000e+04 1.666667e+03 2.871140e-14 
4.125000e+04 2.083333e+03 2.651953e-14 
4.166667e+04 2.500000e+03 2.867353e-14 
4.166667e+04 2.916667e+03 2.405492e-14 
4.208333e+04 3.333333e+03 2.267110e-14 
4.250000e+04 3.750000e+03 2.322428e-14 
4.250000e+04 4.166667e+03 2.189894e-14 
4.291667e+04 4.583333e+03 1.933730e-14 
4.333333e+04 5.000000e+03 2.007254e-14 
4.333333e+04 5.416667e+03 1.920064e-14 
4.375000e+04 5.833333e+03 1.740655e-14 
4.416667e+04 6.250000e+03 1.752272e-14 
4.416667e+04 6.666667e+03 1.747262e-14 
4.458333e+04 7.083333e+03 1.560879e-14 
4.500000e+04 7.500000e+03 1.611199e-14 
4.500000e+04 7.916667e+03 1.587026e-14 
4.541667e+04 8.333333e+03 1.425351e-14 
4.583333e+04 8.750000e+03 1.372736e-14 
4.583333e+04 9.166667e+03 1.399751e-14 
4.625000e+04 9.583333e+03 1.399311e-14 
4.666667e+04 1.000000e+04 1.507339e-14 
