4.015625e+04 0.000000e+00 1.754959e-13 
4.015625e+04 1.562500e+02 8.467109e-14 
4.031250e+04 3.125000e+02 6.709759e-14 
4.031250e+04 4.687500e+02 6.503602e-14 
4.031250e+04 6.250000e+02 3.731709e-14 
4.062500e+04 7.812500e+02 2.845793e-14 
4.031250e+04 9.375000e+02 2.650261e-14 
4.046875e+04 1.093750e+03 2.316733e-14 
4.046875e+04 1.250000e+03 2.153543e-14 
4.062500e+04 1.406250e+03 2.054856e-14 
4.062500e+04 1.562500e+03 1.941905e-14 
4.062500e+04 1.718750e+03 1.761476e-14 
4.093750e+04 1.875000e+03 1.593996e-14 
4.093750e+04 2.031250e+03 1.500731e-14 
4.093750e+04 2.187500e+03 1.396108e-14 
4.125000e+04 2.343750e+03 1.329466e-14 
4.125000e+04 2.500000e+03 1.267689e-14 
4.156250e+04 2.656250e+03 1.206790e-14 
4.156250e+04 2.812500e+03 1.165901e-14 
4.156250e+04 2.968750e+03 1.116781e-14 
4.187500e+04 3.125000e+03 1.079832e-14 
4.187500e+04 3.281250e+03 1.044007e-14 
4.203125e+04 3.437500e+03 1.006865e-14 
4.218750e+04 3.593750e+03 9.791423e-15 
4.218750e+04 3.750000e+03 9.495485e-15 
4.250000e+04 3.906250e+03 9.214400e-15 
4.250000e+04 4.062500e+03 8.986593e-15 
4.265625e+04 4.218750e+03 8.712186e-15 
4.281250e+04 4.375000e+03 8.518782e-15 
4.281250e+04 4.531250e+03 8.291389e-15 
4.312500e+04 4.687500e+03 8.085572e-15 
4.312500e+04 4.843750e+03 7.898595e-15 
4.328125e+04 5.000000e+03 7.695203e-15 
4.343750e+04 5.156250e+03 7.522628e-15 
4.343750e+04 5.312500e+03 7.349574e-15 
4.375000e+04 5.468750e+03 7.158556e-15 
4.375000e+04 5.625000e+03 7.008992e-15 
4.375000e+04 5.781250e+03 6.826628e-15 
4.406250e+04 5.937500e+03 6.668947e-15 
4.406250e+04 6.093750e+03 6.505385e-15 
4.421875e+04 6.250000e+03 6.333641e-15 
4.437500e+04 6.406250e+03 6.176607e-15 
4.437500e+04 6.562500e+03 6.015081e-15 
4.468750e+04 6.718750e+03 5.841263e-15 
4.468750e+04 6.875000e+03 5.689787e-15 
4.468750e+04 7.031250e+03 5.515023e-15 
4.500000e+04 7.187500e+03 5.363182e-15 
4.500000e+04 7.343750e+03 5.198620e-15 
4.531250e+04 7.500000e+03 5.056812e-15 
4.562500e+04 7.656250e+03 4.923679e-15 
4.593750e+04 7.812500e+03 4.832312e-15 
4.656250e+04 7.968750e+03 4.800041e-15 
4.687500e+04 8.125000e+03 4.812305e-15 
4.703125e+04 8.281250e+03 4.837799e-15 
4.718750e+04 8.437500e+03 4.882284e-15 
4.734375e+04 8.593750e+03 4.909398e-15 
4.750000e+04 8.750000e+03 4.944491e-15 
4.750000e+04 8.906250e+03 4.991021e-15 
4.750000e+04 9.062500e+03 5.035101e-15 
4.765625e+04 9.218750e+03 4.984658e-15 
4.781250e+04 9.375000e+03 5.033716e-15 
4.781250e+04 9.531250e+03 5.113477e-15 
4.781250e+04 9.687500e+03 5.057352e-15 
4.781250e+04 9.843750e+03 5.094459e-15 
4.796875e+04 1.000000e+04 5.176051e-15 
