4.062500e+04 0.000000e+00 3.079164e-14 
4.062500e+04 6.250000e+02 2.514473e-14 
4.062500e+04 1.250000e+03 2.295117e-14 
4.125000e+04 1.875000e+03 2.533672e-14 
4.187500e+04 2.500000e+03 1.962210e-14 
4.250000e+04 3.125000e+03 1.788526e-14 
4.250000e+04 3.750000e+03 2.127652e-14 
4.250000e+04 4.375000e+03 1.629396e-14 
4.312500e+04 5.000000e+03 1.608133e-14 
4.375000e+04 5.625000e+03 1.766555e-14 
4.375000e+04 6.250000e+03 1.538077e-14 
4.437500e+04 6.875000e+03 1.410482e-14 
4.500000e+04 7.500000e+03 1.617327e-14 
4.500000e+04 8.125000e+03 1.363684e-14 
4.625000e+04 8.750000e+03 1.321334e-14 
4.625000e+04 9.375000e+03 1.436090e-14 
4.687500e+04 1.000000e+04 1.301408e-14 
