4.031250e+04 0.000000e+00 6.230436e-14 
4.031250e+04 3.125000e+02 4.994134e-14 
4.031250e+04 6.250000e+02 4.478128e-14 
4.062500e+04 9.375000e+02 4.810571e-14 
4.093750e+04 1.250000e+03 3.579672e-14 
4.093750e+04 1.562500e+03 3.297696e-14 
4.125000e+04 1.875000e+03 3.670704e-14 
4.125000e+04 2.187500e+03 3.160904e-14 
4.156250e+04 2.500000e+03 2.831599e-14 
4.187500e+04 2.812500e+03 2.821349e-14 
4.187500e+04 3.125000e+03 2.773724e-14 
4.218750e+04 3.437500e+03 2.344837e-14 
4.250000e+04 3.750000e+03 2.363849e-14 
4.250000e+04 4.062500e+03 2.347130e-14 
4.250000e+04 4.375000e+03 2.102626e-14 
4.312500e+04 4.687500e+03 2.019236e-14 
4.312500e+04 5.000000e+03 2.079469e-14 
4.312500e+04 5.312500e+03 1.911004e-14 
4.375000e+04 5.625000e+03 1.817562e-14 
4.375000e+04 5.937500e+03 1.854833e-14 
4.375000e+04 6.250000e+03 1.770020e-14 
4.406250e+04 6.562500e+03 1.651264e-14 
4.437500e+04 6.875000e+03 1.712171e-14 
4.437500e+04 7.187500e+03 1.635430e-14 
4.468750e+04 7.500000e+03 1.552979e-14 
4.500000e+04 7.812500e+03 1.582327e-14 
4.500000e+04 8.125000e+03 1.541314e-14 
4.531250e+04 8.437500e+03 1.410180e-14 
4.562500e+04 8.750000e+03 1.371968e-14 
4.593750e+04 9.062500e+03 1.344913e-14 
4.625000e+04 9.375000e+03 1.420758e-14 
4.625000e+04 9.687500e+03 1.442632e-14 
4.625000e+04 1.000000e+04 1.404094e-14 
