4.041667e+04 0.000000e+00 5.492034e-14 
4.041667e+04 4.166667e+02 4.615417e-14 
4.083333e+04 8.333333e+02 5.154014e-14 
4.083333e+04 1.250000e+03 4.694987e-14 
4.125000e+04 1.666667e+03 3.946440e-14 
4.166667e+04 2.083333e+03 3.679335e-14 
4.166667e+04 2.500000e+03 3.538591e-14 
4.208333e+04 2.916667e+03 2.995715e-14 
4.250000e+04 3.333333e+03 3.008612e-14 
4.250000e+04 3.750000e+03 2.756556e-14 
4.291667e+04 4.166667e+03 2.493814e-14 
4.333333e+04 4.583333e+03 2.426739e-14 
4.333333e+04 5.000000e+03 2.269272e-14 
4.375000e+04 5.416667e+03 2.027211e-14 
4.416667e+04 5.833333e+03 2.095392e-14 
4.416667e+04 6.250000e+03 1.844770e-14 
4.500000e+04 6.666667e+03 1.863401e-14 
4.500000e+04 7.083333e+03 1.775242e-14 
4.541667e+04 7.500000e+03 1.629185e-14 
4.583333e+04 7.916667e+03 1.676000e-14 
4.583333e+04 8.333333e+03 1.604502e-14 
4.666667e+04 8.750000e+03 1.249649e-14 
4.708333e+04 9.166667e+03 1.563318e-14 
4.708333e+04 9.583333e+03 1.531104e-14 
4.750000e+04 1.000000e+04 1.527104e-14 
