4.031250e+04 0.000000e+00 6.730289e-14 
4.031250e+04 3.125000e+02 4.867473e-14 
4.062500e+04 6.250000e+02 4.535675e-14 
4.062500e+04 9.375000e+02 4.151111e-14 
4.093750e+04 1.250000e+03 3.148811e-14 
4.125000e+04 1.562500e+03 2.838970e-14 
4.125000e+04 1.875000e+03 2.896978e-14 
4.125000e+04 2.187500e+03 2.561425e-14 
4.156250e+04 2.500000e+03 2.286852e-14 
4.187500e+04 2.812500e+03 2.268336e-14 
4.187500e+04 3.125000e+03 2.170452e-14 
4.187500e+04 3.437500e+03 1.915852e-14 
4.250000e+04 3.750000e+03 1.896860e-14 
4.250000e+04 4.062500e+03 1.853250e-14 
4.250000e+04 4.375000e+03 1.724435e-14 
4.312500e+04 4.687500e+03 1.634664e-14 
4.312500e+04 5.000000e+03 1.634743e-14 
4.312500e+04 5.312500e+03 1.551008e-14 
4.375000e+04 5.625000e+03 1.463184e-14 
4.375000e+04 5.937500e+03 1.463140e-14 
4.375000e+04 6.250000e+03 1.417855e-14 
4.406250e+04 6.562500e+03 1.335656e-14 
4.437500e+04 6.875000e+03 1.337455e-14 
4.437500e+04 7.187500e+03 1.300700e-14 
4.468750e+04 7.500000e+03 1.236690e-14 
4.500000e+04 7.812500e+03 1.220408e-14 
4.500000e+04 8.125000e+03 1.193846e-14 
4.500000e+04 8.437500e+03 1.111917e-14 
4.562500e+04 8.750000e+03 1.054865e-14 
4.593750e+04 9.062500e+03 1.040530e-14 
4.625000e+04 9.375000e+03 1.073421e-14 
4.625000e+04 9.687500e+03 1.094290e-14 
4.625000e+04 1.000000e+04 1.075989e-14 
