4.031250e+04 0.000000e+00 9.492865e-14 
4.031250e+04 3.125000e+02 4.756832e-14 
4.062500e+04 6.250000e+02 4.489752e-14 
4.125000e+04 9.375000e+02 3.211116e-14 
4.156250e+04 1.250000e+03 2.780271e-14 
4.187500e+04 1.562500e+03 2.401362e-14 
4.218750e+04 1.875000e+03 2.134995e-14 
4.250000e+04 2.187500e+03 1.924214e-14 
4.250000e+04 2.500000e+03 1.759413e-14 
4.312500e+04 2.812500e+03 1.627247e-14 
4.312500e+04 3.125000e+03 1.535663e-14 
4.375000e+04 3.437500e+03 1.430300e-14 
4.375000e+04 3.750000e+03 1.380505e-14 
4.437500e+04 4.062500e+03 1.291735e-14 
4.437500e+04 4.375000e+03 1.266539e-14 
4.500000e+04 4.687500e+03 1.189409e-14 
4.500000e+04 5.000000e+03 1.180106e-14 
4.531250e+04 5.312500e+03 1.115470e-14 
4.562500e+04 5.625000e+03 1.115041e-14 
4.593750e+04 5.937500e+03 1.062825e-14 
4.625000e+04 6.250000e+03 1.064333e-14 
4.656250e+04 6.562500e+03 1.020914e-14 
4.687500e+04 6.875000e+03 1.024513e-14 
4.718750e+04 7.187500e+03 9.886617e-15 
4.750000e+04 7.500000e+03 9.949685e-15 
4.750000e+04 7.812500e+03 9.650047e-15 
4.812500e+04 8.125000e+03 9.709273e-15 
4.812500e+04 8.437500e+03 9.471322e-15 
4.875000e+04 8.750000e+03 9.430646e-15 
4.875000e+04 9.062500e+03 9.267719e-15 
4.937500e+04 9.375000e+03 9.354451e-15 
4.937500e+04 9.687500e+03 9.316584e-15 
5.000000e+04 1.000000e+04 9.438411e-15 
