4.041667e+04 0.000000e+00 4.641687e-14 
4.041667e+04 4.166667e+02 3.759745e-14 
4.041667e+04 8.333333e+02 3.410597e-14 
4.083333e+04 1.250000e+03 3.703230e-14 
4.125000e+04 1.666667e+03 2.796203e-14 
4.125000e+04 2.083333e+03 2.555733e-14 
4.166667e+04 2.500000e+03 2.949472e-14 
4.166667e+04 2.916667e+03 2.444726e-14 
4.208333e+04 3.333333e+03 2.269639e-14 
4.250000e+04 3.750000e+03 2.344249e-14 
4.250000e+04 4.166667e+03 2.233734e-14 
4.291667e+04 4.583333e+03 1.931048e-14 
4.333333e+04 5.000000e+03 2.032393e-14 
4.333333e+04 5.416667e+03 1.946053e-14 
4.375000e+04 5.833333e+03 1.749009e-14 
4.416667e+04 6.250000e+03 1.763387e-14 
4.416667e+04 6.666667e+03 1.773171e-14 
4.458333e+04 7.083333e+03 1.564232e-14 
4.500000e+04 7.500000e+03 1.621982e-14 
4.500000e+04 7.916667e+03 1.600795e-14 
4.541667e+04 8.333333e+03 1.440429e-14 
4.583333e+04 8.750000e+03 1.389008e-14 
4.583333e+04 9.166667e+03 1.410771e-14 
4.625000e+04 9.583333e+03 1.406858e-14 
4.666667e+04 1.000000e+04 1.508446e-14 
