4.041667e+04 0.000000e+00 7.038952e-14 
4.041667e+04 4.166667e+02 3.558371e-14 
4.083333e+04 8.333333e+02 3.528426e-14 
4.166667e+04 1.250000e+03 2.323277e-14 
4.166667e+04 1.666667e+03 2.155009e-14 
4.250000e+04 2.083333e+03 1.757111e-14 
4.250000e+04 2.500000e+03 1.662866e-14 
4.333333e+04 2.916667e+03 1.436568e-14 
4.333333e+04 3.333333e+03 1.392303e-14 
4.416667e+04 3.750000e+03 1.239579e-14 
4.416667e+04 4.166667e+03 1.227088e-14 
4.458333e+04 4.583333e+03 1.113370e-14 
4.500000e+04 5.000000e+03 1.114947e-14 
4.541667e+04 5.416667e+03 1.032331e-14 
4.583333e+04 5.833333e+03 1.037725e-14 
4.625000e+04 6.250000e+03 9.742126e-15 
4.666667e+04 6.666667e+03 9.816976e-15 
4.708333e+04 7.083333e+03 9.316520e-15 
4.750000e+04 7.500000e+03 9.426982e-15 
4.750000e+04 7.916667e+03 9.030735e-15 
4.833333e+04 8.333333e+03 9.098016e-15 
4.833333e+04 8.750000e+03 8.787127e-15 
4.916667e+04 9.166667e+03 8.859481e-15 
4.916667e+04 9.583333e+03 8.753816e-15 
5.000000e+04 1.000000e+04 8.964012e-15 
