4.031250e+04 0.000000e+00 6.377720e-14 
4.031250e+04 3.125000e+02 4.972526e-14 
4.062500e+04 6.250000e+02 4.698383e-14 
4.062500e+04 9.375000e+02 4.788030e-14 
4.093750e+04 1.250000e+03 3.678823e-14 
4.093750e+04 1.562500e+03 3.421969e-14 
4.125000e+04 1.875000e+03 3.577794e-14 
4.125000e+04 2.187500e+03 3.111776e-14 
4.156250e+04 2.500000e+03 2.831721e-14 
4.187500e+04 2.812500e+03 2.811343e-14 
4.187500e+04 3.125000e+03 2.731244e-14 
4.218750e+04 3.437500e+03 2.351631e-14 
4.250000e+04 3.750000e+03 2.359407e-14 
4.250000e+04 4.062500e+03 2.331798e-14 
4.250000e+04 4.375000e+03 2.080473e-14 
4.312500e+04 4.687500e+03 2.024675e-14 
4.312500e+04 5.000000e+03 2.069749e-14 
4.312500e+04 5.312500e+03 1.898686e-14 
4.375000e+04 5.625000e+03 1.823087e-14 
4.375000e+04 5.937500e+03 1.853588e-14 
4.375000e+04 6.250000e+03 1.761306e-14 
4.437500e+04 6.562500e+03 1.657696e-14 
4.437500e+04 6.875000e+03 1.712975e-14 
4.437500e+04 7.187500e+03 1.631864e-14 
4.468750e+04 7.500000e+03 1.554426e-14 
4.500000e+04 7.812500e+03 1.584459e-14 
4.500000e+04 8.125000e+03 1.542115e-14 
4.531250e+04 8.437500e+03 1.406013e-14 
4.562500e+04 8.750000e+03 1.380209e-14 
4.593750e+04 9.062500e+03 1.355521e-14 
4.625000e+04 9.375000e+03 1.427924e-14 
4.625000e+04 9.687500e+03 1.461879e-14 
4.625000e+04 1.000000e+04 1.407539e-14 
