4.041667e+04 0.000000e+00 5.030004e-14 
4.041667e+04 4.166667e+02 3.674790e-14 
4.083333e+04 8.333333e+02 3.570752e-14 
4.083333e+04 1.250000e+03 3.179237e-14 
4.125000e+04 1.666667e+03 2.521715e-14 
4.166667e+04 2.083333e+03 2.345032e-14 
4.166667e+04 2.500000e+03 2.318573e-14 
4.208333e+04 2.916667e+03 1.913395e-14 
4.250000e+04 3.333333e+03 1.866440e-14 
4.250000e+04 3.750000e+03 1.874115e-14 
4.250000e+04 4.166667e+03 1.695944e-14 
4.333333e+04 4.583333e+03 1.555398e-14 
4.333333e+04 5.000000e+03 1.604603e-14 
4.333333e+04 5.416667e+03 1.491458e-14 
4.375000e+04 5.833333e+03 1.383046e-14 
4.416667e+04 6.250000e+03 1.398936e-14 
4.416667e+04 6.666667e+03 1.342237e-14 
4.458333e+04 7.083333e+03 1.239454e-14 
4.500000e+04 7.500000e+03 1.259159e-14 
4.500000e+04 7.916667e+03 1.210113e-14 
4.500000e+04 8.333333e+03 1.108841e-14 
4.583333e+04 8.750000e+03 1.058318e-14 
4.625000e+04 9.166667e+03 1.057255e-14 
4.666667e+04 9.583333e+03 1.071405e-14 
4.666667e+04 1.000000e+04 1.087677e-14 
