4.015625e+04 0.000000e+00 1.847913e-13 
4.031250e+04 1.562500e+02 6.949379e-14 
4.046875e+04 3.125000e+02 5.303614e-14 
4.046875e+04 4.687500e+02 3.634052e-14 
4.062500e+04 6.250000e+02 2.626111e-14 
4.062500e+04 7.812500e+02 2.034692e-14 
4.093750e+04 9.375000e+02 1.771487e-14 
4.093750e+04 1.093750e+03 1.542439e-14 
4.093750e+04 1.250000e+03 1.359608e-14 
4.125000e+04 1.406250e+03 1.265095e-14 
4.125000e+04 1.562500e+03 1.190905e-14 
4.125000e+04 1.718750e+03 1.120380e-14 
4.125000e+04 1.875000e+03 1.051235e-14 
4.156250e+04 2.031250e+03 1.001627e-14 
4.156250e+04 2.187500e+03 9.575013e-15 
4.156250e+04 2.343750e+03 9.089105e-15 
4.187500e+04 2.500000e+03 8.763302e-15 
4.187500e+04 2.656250e+03 8.433465e-15 
4.187500e+04 2.812500e+03 8.098405e-15 
4.218750e+04 2.968750e+03 7.843305e-15 
4.218750e+04 3.125000e+03 7.607031e-15 
4.218750e+04 3.281250e+03 7.342699e-15 
4.250000e+04 3.437500e+03 7.150125e-15 
4.250000e+04 3.593750e+03 6.954055e-15 
4.250000e+04 3.750000e+03 6.750587e-15 
4.281250e+04 3.906250e+03 6.584643e-15 
4.281250e+04 4.062500e+03 6.429905e-15 
4.281250e+04 4.218750e+03 6.254741e-15 
4.312500e+04 4.375000e+03 6.120014e-15 
4.312500e+04 4.531250e+03 5.981801e-15 
4.312500e+04 4.687500e+03 5.836445e-15 
4.343750e+04 4.843750e+03 5.715439e-15 
4.343750e+04 5.000000e+03 5.598637e-15 
4.359375e+04 5.156250e+03 5.466484e-15 
4.375000e+04 5.312500e+03 5.365637e-15 
4.375000e+04 5.468750e+03 5.256300e-15 
4.390625e+04 5.625000e+03 5.144255e-15 
4.406250e+04 5.781250e+03 5.051512e-15 
4.406250e+04 5.937500e+03 4.955228e-15 
4.437500e+04 6.093750e+03 4.855626e-15 
4.437500e+04 6.250000e+03 4.776054e-15 
4.437500e+04 6.406250e+03 4.684515e-15 
4.468750e+04 6.562500e+03 4.607356e-15 
4.468750e+04 6.718750e+03 4.531061e-15 
4.484375e+04 6.875000e+03 4.453830e-15 
4.500000e+04 7.031250e+03 4.391564e-15 
4.515625e+04 7.187500e+03 4.324659e-15 
4.531250e+04 7.343750e+03 4.272571e-15 
4.546875e+04 7.500000e+03 4.219356e-15 
4.562500e+04 7.656250e+03 4.180981e-15 
4.578125e+04 7.812500e+03 4.143795e-15 
4.593750e+04 7.968750e+03 4.119943e-15 
4.609375e+04 8.125000e+03 4.096818e-15 
4.625000e+04 8.281250e+03 4.084582e-15 
4.640625e+04 8.437500e+03 4.069886e-15 
4.656250e+04 8.593750e+03 4.055402e-15 
4.656250e+04 8.750000e+03 4.038088e-15 
4.687500e+04 8.906250e+03 4.037054e-15 
4.687500e+04 9.062500e+03 4.044904e-15 
4.703125e+04 9.218750e+03 3.972635e-15 
4.718750e+04 9.375000e+03 3.991251e-15 
4.718750e+04 9.531250e+03 4.068040e-15 
4.750000e+04 9.687500e+03 3.996057e-15 
4.750000e+04 9.843750e+03 4.019540e-15 
4.750000e+04 1.000000e+04 4.117018e-15 
