4.020833e+04 0.000000e+00 1.442313e-13 
4.020833e+04 2.083333e+02 6.863611e-14 
4.041667e+04 4.166667e+02 6.246045e-14 
4.083333e+04 6.250000e+02 4.574085e-14 
4.104167e+04 8.333333e+02 3.949383e-14 
4.125000e+04 1.041667e+03 3.335648e-14 
4.145833e+04 1.250000e+03 2.948738e-14 
4.166667e+04 1.458333e+03 2.625342e-14 
4.187500e+04 1.666667e+03 2.379840e-14 
4.208333e+04 1.875000e+03 2.187330e-14 
4.229167e+04 2.083333e+03 2.023575e-14 
4.250000e+04 2.291667e+03 1.896188e-14 
4.270833e+04 2.500000e+03 1.780547e-14 
4.291667e+04 2.708333e+03 1.690321e-14 
4.312500e+04 2.916667e+03 1.604962e-14 
4.333333e+04 3.125000e+03 1.537866e-14 
4.354167e+04 3.333333e+03 1.472516e-14 
4.375000e+04 3.541667e+03 1.420653e-14 
4.395833e+04 3.750000e+03 1.369091e-14 
4.416667e+04 3.958333e+03 1.327673e-14 
4.416667e+04 4.166667e+03 1.290356e-14 
4.458333e+04 4.375000e+03 1.252065e-14 
4.458333e+04 4.583333e+03 1.225500e-14 
4.500000e+04 4.791667e+03 1.189677e-14 
4.500000e+04 5.000000e+03 1.171459e-14 
4.541667e+04 5.208333e+03 1.138345e-14 
4.541667e+04 5.416667e+03 1.126955e-14 
4.583333e+04 5.625000e+03 1.095880e-14 
4.583333e+04 5.833333e+03 1.089810e-14 
4.604167e+04 6.041667e+03 1.061705e-14 
4.625000e+04 6.250000e+03 1.057922e-14 
4.645833e+04 6.458333e+03 1.033225e-14 
4.666667e+04 6.666667e+03 1.030745e-14 
4.687500e+04 6.875000e+03 1.009169e-14 
4.708333e+04 7.083333e+03 1.008122e-14 
4.729167e+04 7.291667e+03 9.894596e-15 
4.750000e+04 7.500000e+03 9.898968e-15 
4.750000e+04 7.708333e+03 9.743787e-15 
4.791667e+04 7.916667e+03 9.744610e-15 
4.791667e+04 8.125000e+03 9.621509e-15 
4.833333e+04 8.333333e+03 9.574241e-15 
4.833333e+04 8.541667e+03 9.468348e-15 
4.875000e+04 8.750000e+03 9.394008e-15 
4.875000e+04 8.958333e+03 9.323263e-15 
4.916667e+04 9.166667e+03 9.311497e-15 
4.916667e+04 9.375000e+03 9.298621e-15 
4.958333e+04 9.583333e+03 9.341144e-15 
4.958333e+04 9.791667e+03 9.371634e-15 
4.979167e+04 1.000000e+04 9.407530e-15 
