4.025000e+04 0.000000e+00 8.975186e-14 
4.025000e+04 2.500000e+02 7.710667e-14 
4.050000e+04 5.000000e+02 7.907854e-14 
4.050000e+04 7.500000e+02 7.586822e-14 
4.075000e+04 1.000000e+03 6.020666e-14 
4.100000e+04 1.250000e+03 5.419305e-14 
4.100000e+04 1.500000e+03 5.725486e-14 
4.125000e+04 1.750000e+03 4.396060e-14 
4.150000e+04 2.000000e+03 4.265817e-14 
4.150000e+04 2.250000e+03 4.228236e-14 
4.150000e+04 2.500000e+03 3.663681e-14 
4.200000e+04 2.750000e+03 3.366015e-14 
4.200000e+04 3.000000e+03 3.452111e-14 
4.200000e+04 3.250000e+03 3.037789e-14 
4.250000e+04 3.500000e+03 2.896182e-14 
4.250000e+04 3.750000e+03 2.837287e-14 
4.250000e+04 4.000000e+03 2.615798e-14 
4.300000e+04 4.250000e+03 2.491731e-14 
4.300000e+04 4.500000e+03 2.466629e-14 
4.325000e+04 4.750000e+03 2.255824e-14 
4.350000e+04 5.000000e+03 2.238022e-14 
4.350000e+04 5.250000e+03 2.151567e-14 
4.375000e+04 5.500000e+03 2.038763e-14 
4.400000e+04 5.750000e+03 2.003714e-14 
4.400000e+04 6.000000e+03 1.932170e-14 
4.450000e+04 6.250000e+03 1.849560e-14 
4.450000e+04 6.500000e+03 1.840673e-14 
4.475000e+04 6.750000e+03 1.739213e-14 
4.500000e+04 7.000000e+03 1.732007e-14 
4.500000e+04 7.250000e+03 1.675834e-14 
4.525000e+04 7.500000e+03 1.621039e-14 
4.550000e+04 7.750000e+03 1.594201e-14 
4.575000e+04 8.000000e+03 1.563048e-14 
4.600000e+04 8.250000e+03 1.526709e-14 
4.600000e+04 8.500000e+03 1.454900e-14 
4.675000e+04 8.750000e+03 1.235577e-14 
4.675000e+04 9.000000e+03 1.402789e-14 
4.675000e+04 9.250000e+03 1.411389e-14 
4.700000e+04 9.500000e+03 1.417206e-14 
4.725000e+04 9.750000e+03 1.408278e-14 
4.750000e+04 1.000000e+04 1.405582e-14 
