4.041667e+04 0.000000e+00 5.817519e-14 
4.041667e+04 4.166667e+02 4.446001e-14 
4.083333e+04 8.333333e+02 4.787879e-14 
4.083333e+04 1.250000e+03 3.975830e-14 
4.125000e+04 1.666667e+03 3.241508e-14 
4.166667e+04 2.083333e+03 3.051355e-14 
4.166667e+04 2.500000e+03 2.813504e-14 
4.208333e+04 2.916667e+03 2.403701e-14 
4.250000e+04 3.333333e+03 2.405766e-14 
4.250000e+04 3.750000e+03 2.181885e-14 
4.291667e+04 4.166667e+03 1.984877e-14 
4.333333e+04 4.583333e+03 1.932592e-14 
4.333333e+04 5.000000e+03 1.803685e-14 
4.416667e+04 5.416667e+03 1.657391e-14 
4.416667e+04 5.833333e+03 1.656362e-14 
4.416667e+04 6.250000e+03 1.507490e-14 
4.500000e+04 6.666667e+03 1.491914e-14 
4.500000e+04 7.083333e+03 1.417064e-14 
4.583333e+04 7.500000e+03 1.340135e-14 
4.583333e+04 7.916667e+03 1.315150e-14 
4.583333e+04 8.333333e+03 1.236543e-14 
4.666667e+04 8.750000e+03 1.010513e-14 
4.708333e+04 9.166667e+03 1.164524e-14 
4.750000e+04 9.583333e+03 1.154477e-14 
4.750000e+04 1.000000e+04 1.130944e-14 
