4.015625e+04 0.000000e+00 1.846783e-13 
4.031250e+04 1.562500e+02 6.930561e-14 
4.046875e+04 3.125000e+02 5.275498e-14 
4.046875e+04 4.687500e+02 3.624548e-14 
4.062500e+04 6.250000e+02 2.627461e-14 
4.062500e+04 7.812500e+02 2.034465e-14 
4.093750e+04 9.375000e+02 1.770102e-14 
4.093750e+04 1.093750e+03 1.541798e-14 
4.093750e+04 1.250000e+03 1.359384e-14 
4.125000e+04 1.406250e+03 1.264719e-14 
4.125000e+04 1.562500e+03 1.190547e-14 
4.125000e+04 1.718750e+03 1.120071e-14 
4.125000e+04 1.875000e+03 1.050993e-14 
4.156250e+04 2.031250e+03 1.001378e-14 
4.156250e+04 2.187500e+03 9.573002e-15 
4.156250e+04 2.343750e+03 9.087777e-15 
4.187500e+04 2.500000e+03 8.761483e-15 
4.187500e+04 2.656250e+03 8.432090e-15 
4.187500e+04 2.812500e+03 8.097505e-15 
4.218750e+04 2.968750e+03 7.841870e-15 
4.218750e+04 3.125000e+03 7.605916e-15 
4.218750e+04 3.281250e+03 7.341962e-15 
4.250000e+04 3.437500e+03 7.148843e-15 
4.250000e+04 3.593750e+03 6.953044e-15 
4.250000e+04 3.750000e+03 6.749866e-15 
4.281250e+04 3.906250e+03 6.583414e-15 
4.281250e+04 4.062500e+03 6.428887e-15 
4.281250e+04 4.218750e+03 6.253968e-15 
4.312500e+04 4.375000e+03 6.118746e-15 
4.312500e+04 4.531250e+03 5.980718e-15 
4.312500e+04 4.687500e+03 5.835562e-15 
4.343750e+04 4.843750e+03 5.714083e-15 
4.343750e+04 5.000000e+03 5.597430e-15 
4.359375e+04 5.156250e+03 5.465152e-15 
4.375000e+04 5.312500e+03 5.364138e-15 
4.375000e+04 5.468750e+03 5.254936e-15 
4.390625e+04 5.625000e+03 5.142751e-15 
4.406250e+04 5.781250e+03 5.049844e-15 
4.406250e+04 5.937500e+03 4.953672e-15 
4.437500e+04 6.093750e+03 4.853689e-15 
4.437500e+04 6.250000e+03 4.774198e-15 
4.437500e+04 6.406250e+03 4.682771e-15 
4.468750e+04 6.562500e+03 4.605249e-15 
4.468750e+04 6.718750e+03 4.529048e-15 
4.484375e+04 6.875000e+03 4.451714e-15 
4.500000e+04 7.031250e+03 4.389342e-15 
4.515625e+04 7.187500e+03 4.322362e-15 
4.531250e+04 7.343750e+03 4.270194e-15 
4.531250e+04 7.500000e+03 4.217032e-15 
4.562500e+04 7.656250e+03 4.178464e-15 
4.578125e+04 7.812500e+03 4.141198e-15 
4.593750e+04 7.968750e+03 4.117231e-15 
4.609375e+04 8.125000e+03 4.093962e-15 
4.625000e+04 8.281250e+03 4.081542e-15 
4.640625e+04 8.437500e+03 4.066650e-15 
4.656250e+04 8.593750e+03 4.051963e-15 
4.656250e+04 8.750000e+03 4.034655e-15 
4.687500e+04 8.906250e+03 4.033424e-15 
4.687500e+04 9.062500e+03 4.041467e-15 
4.703125e+04 9.218750e+03 3.968891e-15 
4.718750e+04 9.375000e+03 3.988395e-15 
4.718750e+04 9.531250e+03 4.064587e-15 
4.750000e+04 9.687500e+03 3.992777e-15 
4.750000e+04 9.843750e+03 4.016053e-15 
4.750000e+04 1.000000e+04 4.113454e-15 
