4.025000e+04 0.000000e+00 8.551982e-14 
4.025000e+04 2.500000e+02 6.035997e-14 
4.050000e+04 5.000000e+02 5.565139e-14 
4.050000e+04 7.500000e+02 4.915058e-14 
4.075000e+04 1.000000e+03 3.708763e-14 
4.100000e+04 1.250000e+03 3.368333e-14 
4.100000e+04 1.500000e+03 3.352498e-14 
4.100000e+04 1.750000e+03 2.977658e-14 
4.125000e+04 2.000000e+03 2.639090e-14 
4.150000e+04 2.250000e+03 2.604770e-14 
4.150000e+04 2.500000e+03 2.489342e-14 
4.150000e+04 2.750000e+03 2.235483e-14 
4.200000e+04 3.000000e+03 2.162773e-14 
4.200000e+04 3.250000e+03 2.113170e-14 
4.200000e+04 3.500000e+03 1.987377e-14 
4.250000e+04 3.750000e+03 1.859366e-14 
4.250000e+04 4.000000e+03 1.856279e-14 
4.250000e+04 4.250000e+03 1.776490e-14 
4.275000e+04 4.500000e+03 1.674475e-14 
4.300000e+04 4.750000e+03 1.660882e-14 
4.300000e+04 5.000000e+03 1.619159e-14 
4.300000e+04 5.250000e+03 1.529262e-14 
4.350000e+04 5.500000e+03 1.518634e-14 
4.350000e+04 5.750000e+03 1.487330e-14 
4.350000e+04 6.000000e+03 1.428083e-14 
4.400000e+04 6.250000e+03 1.397217e-14 
4.400000e+04 6.500000e+03 1.382733e-14 
4.400000e+04 6.750000e+03 1.335306e-14 
4.450000e+04 7.000000e+03 1.300350e-14 
4.450000e+04 7.250000e+03 1.287380e-14 
4.450000e+04 7.500000e+03 1.255042e-14 
4.475000e+04 7.750000e+03 1.209449e-14 
4.500000e+04 8.000000e+03 1.198315e-14 
4.500000e+04 8.250000e+03 1.154091e-14 
4.500000e+04 8.500000e+03 1.088828e-14 
4.550000e+04 8.750000e+03 1.033156e-14 
4.600000e+04 9.000000e+03 1.056040e-14 
4.600000e+04 9.250000e+03 1.057439e-14 
4.600000e+04 9.500000e+03 1.071690e-14 
4.625000e+04 9.750000e+03 1.064590e-14 
4.650000e+04 1.000000e+04 1.065817e-14 
