4.020833e+04 0.000000e+00 9.422921e-14 
4.020833e+04 2.083333e+02 7.450015e-14 
4.041667e+04 4.166667e+02 6.579038e-14 
4.041667e+04 6.250000e+02 6.988444e-14 
4.062500e+04 8.333333e+02 5.130279e-14 
4.062500e+04 1.041667e+03 4.732367e-14 
4.083333e+04 1.250000e+03 5.088092e-14 
4.083333e+04 1.458333e+03 4.498637e-14 
4.104167e+04 1.666667e+03 3.905672e-14 
4.125000e+04 1.875000e+03 3.770929e-14 
4.125000e+04 2.083333e+03 3.767357e-14 
4.125000e+04 2.291667e+03 3.242800e-14 
4.166667e+04 2.500000e+03 3.061033e-14 
4.166667e+04 2.708333e+03 3.090451e-14 
4.166667e+04 2.916667e+03 2.892907e-14 
4.187500e+04 3.125000e+03 2.620125e-14 
4.208333e+04 3.333333e+03 2.664158e-14 
4.208333e+04 3.541667e+03 2.548586e-14 
4.229167e+04 3.750000e+03 2.351699e-14 
4.250000e+04 3.958333e+03 2.338223e-14 
4.250000e+04 4.166667e+03 2.301197e-14 
4.250000e+04 4.375000e+03 2.136018e-14 
4.291667e+04 4.583333e+03 2.120623e-14 
4.291667e+04 4.791667e+03 2.093402e-14 
4.291667e+04 5.000000e+03 1.994310e-14 
4.333333e+04 5.208333e+03 1.940716e-14 
4.333333e+04 5.416667e+03 1.943299e-14 
4.333333e+04 5.625000e+03 1.863824e-14 
4.375000e+04 5.833333e+03 1.811559e-14 
4.375000e+04 6.041667e+03 1.811522e-14 
4.375000e+04 6.250000e+03 1.762875e-14 
4.416667e+04 6.458333e+03 1.697020e-14 
4.416667e+04 6.666667e+03 1.712294e-14 
4.416667e+04 6.875000e+03 1.668013e-14 
4.437500e+04 7.083333e+03 1.612869e-14 
4.458333e+04 7.291667e+03 1.619089e-14 
4.458333e+04 7.500000e+03 1.592000e-14 
4.479167e+04 7.708333e+03 1.535274e-14 
4.500000e+04 7.916667e+03 1.546141e-14 
4.500000e+04 8.125000e+03 1.514523e-14 
4.500000e+04 8.333333e+03 1.449962e-14 
4.541667e+04 8.541667e+03 1.391503e-14 
4.541667e+04 8.750000e+03 1.331213e-14 
4.583333e+04 8.958333e+03 1.353752e-14 
4.583333e+04 9.166667e+03 1.400708e-14 
4.583333e+04 9.375000e+03 1.384526e-14 
4.625000e+04 9.583333e+03 1.408934e-14 
4.625000e+04 9.791667e+03 1.407489e-14 
4.666667e+04 1.000000e+04 1.383469e-14 
