4.062500e+04 0.000000e+00 3.071390e-14 
4.062500e+04 6.250000e+02 2.516717e-14 
4.062500e+04 1.250000e+03 2.304365e-14 
4.125000e+04 1.875000e+03 2.548669e-14 
4.187500e+04 2.500000e+03 1.977297e-14 
4.250000e+04 3.125000e+03 1.802164e-14 
4.250000e+04 3.750000e+03 2.156214e-14 
4.250000e+04 4.375000e+03 1.638929e-14 
4.312500e+04 5.000000e+03 1.626894e-14 
4.375000e+04 5.625000e+03 1.797495e-14 
4.375000e+04 6.250000e+03 1.553120e-14 
4.437500e+04 6.875000e+03 1.431823e-14 
4.500000e+04 7.500000e+03 1.660257e-14 
4.500000e+04 8.125000e+03 1.382920e-14 
4.625000e+04 8.750000e+03 1.361824e-14 
4.625000e+04 9.375000e+03 1.482265e-14 
4.687500e+04 1.000000e+04 1.344889e-14 
