4.025000e+04 0.000000e+00 1.203894e-13 
4.025000e+04 2.500000e+02 5.554791e-14 
4.050000e+04 5.000000e+02 4.922338e-14 
4.100000e+04 7.500000e+02 3.483782e-14 
4.125000e+04 1.000000e+03 2.991585e-14 
4.150000e+04 1.250000e+03 2.554233e-14 
4.175000e+04 1.500000e+03 2.265735e-14 
4.200000e+04 1.750000e+03 2.037502e-14 
4.225000e+04 2.000000e+03 1.856952e-14 
4.250000e+04 2.250000e+03 1.719314e-14 
4.275000e+04 2.500000e+03 1.600924e-14 
4.300000e+04 2.750000e+03 1.508831e-14 
4.300000e+04 3.000000e+03 1.428389e-14 
4.350000e+04 3.250000e+03 1.360511e-14 
4.350000e+04 3.500000e+03 1.306836e-14 
4.400000e+04 3.750000e+03 1.250560e-14 
4.400000e+04 4.000000e+03 1.214443e-14 
4.450000e+04 4.250000e+03 1.165532e-14 
4.450000e+04 4.500000e+03 1.141575e-14 
4.500000e+04 4.750000e+03 1.097932e-14 
4.500000e+04 5.000000e+03 1.083061e-14 
4.550000e+04 5.250000e+03 1.044246e-14 
4.550000e+04 5.500000e+03 1.036717e-14 
4.575000e+04 5.750000e+03 1.003624e-14 
4.600000e+04 6.000000e+03 9.990378e-15 
4.625000e+04 6.250000e+03 9.705650e-15 
4.650000e+04 6.500000e+03 9.674731e-15 
4.675000e+04 6.750000e+03 9.430312e-15 
4.700000e+04 7.000000e+03 9.416915e-15 
4.725000e+04 7.250000e+03 9.209920e-15 
4.750000e+04 7.500000e+03 9.214927e-15 
4.750000e+04 7.750000e+03 9.051378e-15 
4.800000e+04 8.000000e+03 9.040554e-15 
4.800000e+04 8.250000e+03 8.908441e-15 
4.850000e+04 8.500000e+03 8.838814e-15 
4.850000e+04 8.750000e+03 8.733299e-15 
4.900000e+04 9.000000e+03 8.698290e-15 
4.900000e+04 9.250000e+03 8.660756e-15 
4.950000e+04 9.500000e+03 8.712092e-15 
4.950000e+04 9.750000e+03 8.733636e-15 
5.000000e+04 1.000000e+04 8.782238e-15 
