4.031250e+04 0.000000e+00 6.506784e-14 
4.031250e+04 3.125000e+02 4.955499e-14 
4.062500e+04 6.250000e+02 4.885738e-14 
4.062500e+04 9.375000e+02 4.574545e-14 
4.093750e+04 1.250000e+03 3.660198e-14 
4.125000e+04 1.562500e+03 3.308813e-14 
4.125000e+04 1.875000e+03 3.442199e-14 
4.156250e+04 2.187500e+03 2.773557e-14 
4.156250e+04 2.500000e+03 2.655266e-14 
4.187500e+04 2.812500e+03 2.763066e-14 
4.187500e+04 3.125000e+03 2.481515e-14 
4.218750e+04 3.437500e+03 2.254297e-14 
4.250000e+04 3.750000e+03 2.358624e-14 
4.250000e+04 4.062500e+03 2.177323e-14 
4.281250e+04 4.375000e+03 2.011707e-14 
4.312500e+04 4.687500e+03 2.043322e-14 
4.312500e+04 5.000000e+03 1.965442e-14 
4.343750e+04 5.312500e+03 1.801096e-14 
4.375000e+04 5.625000e+03 1.853647e-14 
4.375000e+04 5.937500e+03 1.782102e-14 
4.406250e+04 6.250000e+03 1.672913e-14 
4.437500e+04 6.562500e+03 1.693560e-14 
4.437500e+04 6.875000e+03 1.660449e-14 
4.468750e+04 7.187500e+03 1.551384e-14 
4.500000e+04 7.500000e+03 1.587162e-14 
4.500000e+04 7.812500e+03 1.544110e-14 
4.531250e+04 8.125000e+03 1.462574e-14 
4.562500e+04 8.437500e+03 1.447069e-14 
4.562500e+04 8.750000e+03 1.383364e-14 
4.625000e+04 9.062500e+03 1.344842e-14 
4.625000e+04 9.375000e+03 1.433501e-14 
4.625000e+04 9.687500e+03 1.410010e-14 
4.687500e+04 1.000000e+04 1.373427e-14 
