4.041667e+04 0.000000e+00 4.954028e-14 
4.041667e+04 4.166667e+02 3.681595e-14 
4.083333e+04 8.333333e+02 3.468262e-14 
4.083333e+04 1.250000e+03 3.312865e-14 
4.125000e+04 1.666667e+03 2.538340e-14 
4.125000e+04 2.083333e+03 2.291493e-14 
4.166667e+04 2.500000e+03 2.396232e-14 
4.166667e+04 2.916667e+03 2.084864e-14 
4.208333e+04 3.333333e+03 1.896883e-14 
4.250000e+04 3.750000e+03 1.905719e-14 
4.250000e+04 4.166667e+03 1.812044e-14 
4.291667e+04 4.583333e+03 1.597244e-14 
4.333333e+04 5.000000e+03 1.612638e-14 
4.333333e+04 5.416667e+03 1.563242e-14 
4.333333e+04 5.833333e+03 1.416581e-14 
4.416667e+04 6.250000e+03 1.394347e-14 
4.416667e+04 6.666667e+03 1.386880e-14 
4.416667e+04 7.083333e+03 1.284753e-14 
4.500000e+04 7.500000e+03 1.248867e-14 
4.500000e+04 7.916667e+03 1.230031e-14 
4.500000e+04 8.333333e+03 1.150141e-14 
4.583333e+04 8.750000e+03 1.046790e-14 
4.583333e+04 9.166667e+03 1.081838e-14 
4.625000e+04 9.583333e+03 1.063363e-14 
4.666667e+04 1.000000e+04 1.098835e-14 
