4.015625e+04 0.000000e+00 1.847805e-13 
4.031250e+04 1.562500e+02 6.947485e-14 
4.046875e+04 3.125000e+02 5.300921e-14 
4.046875e+04 4.687500e+02 3.633117e-14 
4.062500e+04 6.250000e+02 2.626227e-14 
4.062500e+04 7.812500e+02 2.034652e-14 
4.093750e+04 9.375000e+02 1.771344e-14 
4.093750e+04 1.093750e+03 1.542371e-14 
4.093750e+04 1.250000e+03 1.359583e-14 
4.125000e+04 1.406250e+03 1.265057e-14 
4.125000e+04 1.562500e+03 1.190868e-14 
4.125000e+04 1.718750e+03 1.120348e-14 
4.125000e+04 1.875000e+03 1.051210e-14 
4.156250e+04 2.031250e+03 1.001602e-14 
4.156250e+04 2.187500e+03 9.574812e-15 
4.156250e+04 2.343750e+03 9.088972e-15 
4.187500e+04 2.500000e+03 8.763124e-15 
4.187500e+04 2.656250e+03 8.433331e-15 
4.187500e+04 2.812500e+03 8.098319e-15 
4.218750e+04 2.968750e+03 7.843167e-15 
4.218750e+04 3.125000e+03 7.606925e-15 
4.218750e+04 3.281250e+03 7.342631e-15 
4.250000e+04 3.437500e+03 7.150003e-15 
4.250000e+04 3.593750e+03 6.953959e-15 
4.250000e+04 3.750000e+03 6.750520e-15 
4.281250e+04 3.906250e+03 6.584526e-15 
4.281250e+04 4.062500e+03 6.429809e-15 
4.281250e+04 4.218750e+03 6.254669e-15 
4.312500e+04 4.375000e+03 6.119893e-15 
4.312500e+04 4.531250e+03 5.981699e-15 
4.312500e+04 4.687500e+03 5.836362e-15 
4.343750e+04 4.843750e+03 5.715308e-15 
4.343750e+04 5.000000e+03 5.598521e-15 
4.359375e+04 5.156250e+03 5.466355e-15 
4.375000e+04 5.312500e+03 5.365491e-15 
4.375000e+04 5.468750e+03 5.256168e-15 
4.390625e+04 5.625000e+03 5.144109e-15 
4.406250e+04 5.781250e+03 5.051349e-15 
4.406250e+04 5.937500e+03 4.955076e-15 
4.437500e+04 6.093750e+03 4.855436e-15 
4.437500e+04 6.250000e+03 4.775871e-15 
4.437500e+04 6.406250e+03 4.684343e-15 
4.468750e+04 6.562500e+03 4.607148e-15 
4.468750e+04 6.718750e+03 4.530862e-15 
4.484375e+04 6.875000e+03 4.453620e-15 
4.500000e+04 7.031250e+03 4.391343e-15 
4.515625e+04 7.187500e+03 4.324431e-15 
4.531250e+04 7.343750e+03 4.272335e-15 
4.546875e+04 7.500000e+03 4.219113e-15 
4.562500e+04 7.656250e+03 4.180731e-15 
4.578125e+04 7.812500e+03 4.143536e-15 
4.593750e+04 7.968750e+03 4.119673e-15 
4.609375e+04 8.125000e+03 4.096533e-15 
4.625000e+04 8.281250e+03 4.084279e-15 
4.640625e+04 8.437500e+03 4.069563e-15 
4.656250e+04 8.593750e+03 4.055059e-15 
4.656250e+04 8.750000e+03 4.037746e-15 
4.687500e+04 8.906250e+03 4.036692e-15 
4.687500e+04 9.062500e+03 4.044561e-15 
4.703125e+04 9.218750e+03 3.972261e-15 
4.718750e+04 9.375000e+03 3.990968e-15 
4.718750e+04 9.531250e+03 4.067696e-15 
4.750000e+04 9.687500e+03 3.995731e-15 
4.750000e+04 9.843750e+03 4.019192e-15 
4.750000e+04 1.000000e+04 4.116663e-15 
