4.062500e+04 0.000000e+00 3.151204e-14 
4.062500e+04 6.250000e+02 2.503554e-14 
4.125000e+04 1.250000e+03 2.409488e-14 
4.125000e+04 1.875000e+03 2.530380e-14 
4.187500e+04 2.500000e+03 2.021747e-14 
4.187500e+04 3.125000e+03 1.823674e-14 
4.250000e+04 3.750000e+03 2.080430e-14 
4.312500e+04 4.375000e+03 1.658484e-14 
4.312500e+04 5.000000e+03 1.614410e-14 
4.375000e+04 5.625000e+03 1.759571e-14 
4.375000e+04 6.250000e+03 1.518365e-14 
4.437500e+04 6.875000e+03 1.423835e-14 
4.500000e+04 7.500000e+03 1.598540e-14 
4.500000e+04 8.125000e+03 1.361145e-14 
4.625000e+04 8.750000e+03 1.317972e-14 
4.625000e+04 9.375000e+03 1.416376e-14 
4.687500e+04 1.000000e+04 1.291936e-14 
