4.020833e+04 0.000000e+00 1.513564e-13 
4.020833e+04 2.083333e+02 5.473021e-14 
4.041667e+04 4.166667e+02 4.312075e-14 
4.083333e+04 6.250000e+02 2.770155e-14 
4.083333e+04 8.333333e+02 2.311065e-14 
4.125000e+04 1.041667e+03 1.912565e-14 
4.125000e+04 1.250000e+03 1.697689e-14 
4.166667e+04 1.458333e+03 1.497577e-14 
4.166667e+04 1.666667e+03 1.374214e-14 
4.208333e+04 1.875000e+03 1.261103e-14 
4.208333e+04 2.083333e+03 1.181620e-14 
4.250000e+04 2.291667e+03 1.107872e-14 
4.250000e+04 2.500000e+03 1.051569e-14 
4.291667e+04 2.708333e+03 9.990895e-15 
4.291667e+04 2.916667e+03 9.576327e-15 
4.333333e+04 3.125000e+03 9.180063e-15 
4.333333e+04 3.333333e+03 8.866322e-15 
4.375000e+04 3.541667e+03 8.554771e-15 
4.375000e+04 3.750000e+03 8.313357e-15 
4.416667e+04 3.958333e+03 8.058645e-15 
4.416667e+04 4.166667e+03 7.870454e-15 
4.458333e+04 4.375000e+03 7.654160e-15 
4.458333e+04 4.583333e+03 7.506218e-15 
4.500000e+04 4.791667e+03 7.319179e-15 
4.500000e+04 5.000000e+03 7.204205e-15 
4.520833e+04 5.208333e+03 7.049357e-15 
4.541667e+04 5.416667e+03 6.959081e-15 
4.562500e+04 5.625000e+03 6.830518e-15 
4.583333e+04 5.833333e+03 6.756536e-15 
4.604167e+04 6.041667e+03 6.643692e-15 
4.625000e+04 6.250000e+03 6.578618e-15 
4.625000e+04 6.458333e+03 6.483163e-15 
4.666667e+04 6.666667e+03 6.420829e-15 
4.666667e+04 6.875000e+03 6.343489e-15 
4.708333e+04 7.083333e+03 6.282940e-15 
4.708333e+04 7.291667e+03 6.221404e-15 
4.729167e+04 7.500000e+03 6.161640e-15 
4.750000e+04 7.708333e+03 6.110667e-15 
4.770833e+04 7.916667e+03 6.053299e-15 
4.791667e+04 8.125000e+03 6.002815e-15 
4.812500e+04 8.333333e+03 5.950602e-15 
4.833333e+04 8.541667e+03 5.913598e-15 
4.854167e+04 8.750000e+03 5.885904e-15 
4.875000e+04 8.958333e+03 5.881219e-15 
4.895833e+04 9.166667e+03 5.886194e-15 
4.916667e+04 9.375000e+03 5.909475e-15 
4.937500e+04 9.583333e+03 5.933649e-15 
4.958333e+04 9.791667e+03 5.968188e-15 
4.958333e+04 1.000000e+04 6.001953e-15 
