4.015625e+04 0.000000e+00 1.756817e-13 
4.015625e+04 1.562500e+02 8.466295e-14 
4.031250e+04 3.125000e+02 6.702190e-14 
4.031250e+04 4.687500e+02 6.488955e-14 
4.031250e+04 6.250000e+02 3.732208e-14 
4.062500e+04 7.812500e+02 2.844923e-14 
4.031250e+04 9.375000e+02 2.649404e-14 
4.046875e+04 1.093750e+03 2.316583e-14 
4.046875e+04 1.250000e+03 2.153492e-14 
4.062500e+04 1.406250e+03 2.054780e-14 
4.062500e+04 1.562500e+03 1.941649e-14 
4.062500e+04 1.718750e+03 1.761308e-14 
4.093750e+04 1.875000e+03 1.593788e-14 
4.093750e+04 2.031250e+03 1.500558e-14 
4.093750e+04 2.187500e+03 1.395977e-14 
4.125000e+04 2.343750e+03 1.329288e-14 
4.125000e+04 2.500000e+03 1.267522e-14 
4.156250e+04 2.656250e+03 1.206633e-14 
4.156250e+04 2.812500e+03 1.165751e-14 
4.156250e+04 2.968750e+03 1.116648e-14 
4.187500e+04 3.125000e+03 1.079700e-14 
4.187500e+04 3.281250e+03 1.043885e-14 
4.203125e+04 3.437500e+03 1.006751e-14 
4.218750e+04 3.593750e+03 9.790318e-15 
4.218750e+04 3.750000e+03 9.494461e-15 
4.250000e+04 3.906250e+03 9.213390e-15 
4.250000e+04 4.062500e+03 8.985636e-15 
4.265625e+04 4.218750e+03 8.711275e-15 
4.281250e+04 4.375000e+03 8.517883e-15 
4.281250e+04 4.531250e+03 8.290547e-15 
4.312500e+04 4.687500e+03 8.084724e-15 
4.312500e+04 4.843750e+03 7.897787e-15 
4.328125e+04 5.000000e+03 7.694416e-15 
4.343750e+04 5.156250e+03 7.521851e-15 
4.343750e+04 5.312500e+03 7.348834e-15 
4.375000e+04 5.468750e+03 7.157806e-15 
4.375000e+04 5.625000e+03 7.008271e-15 
4.375000e+04 5.781250e+03 6.825949e-15 
4.406250e+04 5.937500e+03 6.668244e-15 
4.406250e+04 6.093750e+03 6.504718e-15 
4.421875e+04 6.250000e+03 6.332984e-15 
4.437500e+04 6.406250e+03 6.175955e-15 
4.437500e+04 6.562500e+03 6.014466e-15 
4.468750e+04 6.718750e+03 5.840635e-15 
4.468750e+04 6.875000e+03 5.689193e-15 
4.468750e+04 7.031250e+03 5.514476e-15 
4.500000e+04 7.187500e+03 5.362623e-15 
4.500000e+04 7.343750e+03 5.198108e-15 
4.531250e+04 7.500000e+03 5.056302e-15 
4.562500e+04 7.656250e+03 4.923186e-15 
4.593750e+04 7.812500e+03 4.831828e-15 
4.656250e+04 7.968750e+03 4.799508e-15 
4.687500e+04 8.125000e+03 4.811715e-15 
4.703125e+04 8.281250e+03 4.837161e-15 
4.718750e+04 8.437500e+03 4.881586e-15 
4.734375e+04 8.593750e+03 4.908650e-15 
4.750000e+04 8.750000e+03 4.943705e-15 
4.750000e+04 8.906250e+03 4.990165e-15 
4.750000e+04 9.062500e+03 5.034187e-15 
4.765625e+04 9.218750e+03 4.983844e-15 
4.781250e+04 9.375000e+03 5.032852e-15 
4.781250e+04 9.531250e+03 5.112420e-15 
4.781250e+04 9.687500e+03 5.056511e-15 
4.781250e+04 9.843750e+03 5.093701e-15 
4.796875e+04 1.000000e+04 5.175168e-15 
