4.062500e+04 0.000000e+00 3.201794e-14 
4.062500e+04 6.250000e+02 2.497466e-14 
4.125000e+04 1.250000e+03 2.489576e-14 
4.125000e+04 1.875000e+03 2.447254e-14 
4.187500e+04 2.500000e+03 2.013678e-14 
4.250000e+04 3.125000e+03 1.886094e-14 
4.250000e+04 3.750000e+03 1.989104e-14 
4.312500e+04 4.375000e+03 1.655159e-14 
4.375000e+04 5.000000e+03 1.661467e-14 
4.375000e+04 5.625000e+03 1.696962e-14 
4.437500e+04 6.250000e+03 1.497653e-14 
4.500000e+04 6.875000e+03 1.468416e-14 
4.500000e+04 7.500000e+03 1.552096e-14 
4.562500e+04 8.125000e+03 1.300116e-14 
4.625000e+04 8.750000e+03 1.374153e-14 
4.625000e+04 9.375000e+03 1.363498e-14 
4.687500e+04 1.000000e+04 1.281365e-14 
