#1 2 3 4 5 6 7  8  9 10 11 12 13
#x y z u v w p xx yy zz xy xz yz
0.000000e+00 0.000000e+00 1.200000e+04 0.000000e+00 0.000000e+00 2.750935e-01 -7.008412e+05 1.768504e+06 3.432692e+05 -9.249290e+03 6.176039e-01 -1.052918e+04 -2.760497e+00 
2.500000e+02 0.000000e+00 1.200000e+04 1.877267e-02 0.000000e+00 2.738991e-01 -6.930827e+05 1.748702e+06 3.394691e+05 -8.922602e+03 8.915060e-01 -2.068330e+04 -1.611321e+00 
5.000000e+02 0.000000e+00 1.200000e+04 3.710911e-02 0.000000e+00 2.703693e-01 -6.703373e+05 1.690669e+06 3.283285e+05 -7.985540e+03 1.116111e+00 -3.991572e+04 -7.079652e-01 
7.500000e+02 0.000000e+00 1.200000e+04 5.460383e-02 0.000000e+00 2.646581e-01 -6.341176e+05 1.598330e+06 3.105882e+05 -6.565756e+03 1.149385e+00 -5.645202e+04 -1.898588e+00 
1.000000e+03 0.000000e+00 1.200000e+04 7.090925e-02 0.000000e+00 2.570039e-01 -5.867229e+05 1.477641e+06 2.873745e+05 -4.846831e+03 1.213012e+00 -6.940237e+04 -3.198395e+00 
1.250000e+03 0.000000e+00 1.200000e+04 8.575437e-02 0.000000e+00 2.477075e-01 -5.309553e+05 1.335834e+06 2.600597e+05 -3.028135e+03 9.472997e-01 -7.831172e+04 -3.032262e+00 
1.500000e+03 0.000000e+00 1.200000e+04 9.895428e-02 0.000000e+00 2.371055e-01 -4.698035e+05 1.180593e+06 2.301078e+05 -1.290215e+03 5.687933e-01 -8.316649e+04 -2.490713e+00 
1.750000e+03 0.000000e+00 1.200000e+04 1.104103e-01 0.000000e+00 2.255437e-01 -4.061558e+05 1.019302e+06 1.989335e+05 2.321492e+02 2.310616e-01 -8.431502e+04 -2.709305e+00 
2.000000e+03 0.000000e+00 1.200000e+04 1.201025e-01 0.000000e+00 2.133550e-01 -3.425708e+05 8.584667e+05 1.677898e+05 1.455993e+03 3.380682e-02 -8.235333e+04 -3.023074e+00 
2.250000e+03 0.000000e+00 1.200000e+04 1.280760e-01 0.000000e+00 2.008419e-01 -2.811341e+05 7.033553e+05 1.376983e+05 2.348583e+03 5.764760e-01 -7.800402e+04 -3.031394e+00 
2.500000e+03 0.000000e+00 1.200000e+04 1.344266e-01 0.000000e+00 1.882660e-01 -2.234048e+05 5.578687e+05 1.094228e+05 2.923052e+03 1.483082e+00 -7.200278e+04 -3.094582e+00 
2.750000e+03 0.000000e+00 1.200000e+04 1.392839e-01 0.000000e+00 1.758430e-01 -1.704264e+05 4.245817e+05 8.347414e+04 3.223288e+03 1.760938e+00 -6.502101e+04 -2.914041e+00 
3.000000e+03 0.000000e+00 1.200000e+04 1.427972e-01 0.000000e+00 1.637419e-01 -1.227822e+05 3.049025e+05 6.013823e+04 3.305930e+03 1.840701e+00 -5.761790e+04 -1.661392e+00 
3.250000e+03 0.000000e+00 1.200000e+04 1.451240e-01 0.000000e+00 1.520888e-01 -8.068115e+04 1.992988e+05 3.951730e+04 3.227368e+03 2.361087e+00 -5.022305e+04 -4.808647e-01 
3.500000e+03 0.000000e+00 1.200000e+04 1.464208e-01 0.000000e+00 1.409716e-01 -4.404630e+04 1.075287e+05 2.157370e+04 3.036479e+03 2.469722e+00 -4.314346e+04 -3.888005e-01 
3.750000e+03 0.000000e+00 1.200000e+04 1.468366e-01 0.000000e+00 1.304460e-01 -1.260450e+04 2.886236e+04 6.173632e+03 2.777508e+03 1.851084e+00 -3.657200e+04 -2.148232e-01 
4.000000e+03 0.000000e+00 1.200000e+04 1.465087e-01 0.000000e+00 1.205418e-01 1.403812e+04 -3.772695e+04 -6.875816e+03 2.488393e+03 1.343453e+00 -3.061830e+04 1.505389e-01 
4.250000e+03 0.000000e+00 1.200000e+04 1.455615e-01 0.000000e+00 1.112687e-01 3.634397e+04 -9.342445e+04 -1.780113e+04 2.193676e+03 1.268274e+00 -2.532603e+04 -3.298597e-01 
4.500000e+03 0.000000e+00 1.200000e+04 1.441049e-01 0.000000e+00 1.026212e-01 5.480263e+04 -1.394739e+05 -2.684211e+04 1.908147e+03 1.190402e+00 -2.069011e+04 -1.147485e+00 
4.750000e+03 0.000000e+00 1.200000e+04 1.422344e-01 0.000000e+00 9.458268e-02 6.989123e+04 -1.770832e+05 -3.423244e+04 1.641908e+03 1.081523e+00 -1.668062e+04 -1.501752e+00 
5.000000e+03 0.000000e+00 1.200000e+04 1.400324e-01 0.000000e+00 8.712926e-02 8.206377e+04 -2.073966e+05 -4.019450e+04 1.399755e+03 1.242582e+00 -1.324763e+04 -2.247687e+00 
5.250000e+03 0.000000e+00 1.200000e+04 1.375695e-01 0.000000e+00 8.023215e-02 9.173847e+04 -2.314664e+05 -4.493313e+04 1.184145e+03 9.257704e-01 -1.032993e+04 -3.519573e+00 
5.500000e+03 0.000000e+00 1.200000e+04 1.349050e-01 0.000000e+00 7.385973e-02 9.928627e+04 -2.502237e+05 -4.863001e+04 9.948949e+02 -3.728026e-02 -7.869351e+03 -3.892722e+00 
5.750000e+03 0.000000e+00 1.200000e+04 1.320887e-01 0.000000e+00 6.797919e-02 1.050388e+05 -2.644993e+05 -5.144756e+04 8.305288e+02 -8.909509e-01 -5.808762e+03 -3.267001e+00 
6.000000e+03 0.000000e+00 1.200000e+04 1.291622e-01 0.000000e+00 6.255769e-02 1.092827e+05 -2.750134e+05 -5.352620e+04 6.916763e+02 -1.384101e+00 -4.092871e+03 -2.521414e+00 
6.250000e+03 0.000000e+00 1.200000e+04 1.261599e-01 0.000000e+00 5.756300e-02 1.122674e+05 -2.823881e+05 -5.498813e+04 5.738925e+02 -1.340962e+00 -2.673662e+03 -2.120094e+00 
6.500000e+03 0.000000e+00 1.200000e+04 1.231105e-01 0.000000e+00 5.296394e-02 1.142096e+05 -2.871599e+05 -5.593941e+04 4.703724e+02 -9.202904e-01 -1.504255e+03 -2.289625e+00 
6.750000e+03 0.000000e+00 1.200000e+04 1.200372e-01 0.000000e+00 4.873096e-02 1.152908e+05 -2.897833e+05 -5.646895e+04 3.798949e+02 -6.696515e-01 -5.448380e+02 -2.795244e+00 
7.000000e+03 0.000000e+00 1.200000e+04 1.169589e-01 0.000000e+00 4.483618e-02 1.156598e+05 -2.906365e+05 -5.664969e+04 3.068085e+02 -2.130717e-01 2.355741e+02 -3.052803e+00 
7.250000e+03 0.000000e+00 1.200000e+04 1.138911e-01 0.000000e+00 4.125350e-02 1.154480e+05 -2.900472e+05 -5.654598e+04 2.490896e+02 9.817506e-01 8.660804e+02 -2.980424e+00 
7.500000e+03 0.000000e+00 1.200000e+04 1.108462e-01 0.000000e+00 3.795856e-02 1.147688e+05 -2.882940e+05 -5.621327e+04 2.009727e+02 1.968026e+00 1.370977e+03 -3.352478e+00 
7.750000e+03 0.000000e+00 1.200000e+04 1.078341e-01 0.000000e+00 3.492875e-02 1.137138e+05 -2.856056e+05 -5.569656e+04 1.607327e+02 1.765065e+00 1.772624e+03 -3.872821e+00 
8.000000e+03 0.000000e+00 1.200000e+04 1.048622e-01 0.000000e+00 3.214329e-02 1.123599e+05 -2.821736e+05 -5.503344e+04 1.272497e+02 7.435832e-01 2.089152e+03 -3.396394e+00 
8.250000e+03 0.000000e+00 1.200000e+04 1.019367e-01 0.000000e+00 2.958301e-02 1.107686e+05 -2.781516e+05 -5.425402e+04 9.975294e+01 5.892346e-01 2.331614e+03 -2.796415e+00 
8.500000e+03 0.000000e+00 1.200000e+04 9.906195e-02 0.000000e+00 2.723026e-02 1.089969e+05 -2.736789e+05 -5.338624e+04 7.442858e+01 1.546173e+00 2.513313e+03 -3.109882e+00 
8.750000e+03 0.000000e+00 1.200000e+04 9.624149e-02 0.000000e+00 2.506882e-02 1.070868e+05 -2.688629e+05 -5.245068e+04 5.316514e+01 1.661585e+00 2.646659e+03 -3.609958e+00 
9.000000e+03 0.000000e+00 1.200000e+04 9.347784e-02 0.000000e+00 2.308374e-02 1.050716e+05 -2.637896e+05 -5.146364e+04 3.840129e+01 4.168924e-01 2.740402e+03 -3.750144e+00 
9.250000e+03 0.000000e+00 1.200000e+04 9.077260e-02 0.000000e+00 2.126123e-02 1.029849e+05 -2.585407e+05 -5.044156e+04 2.769527e+01 -1.460537e+00 2.801032e+03 -3.380839e+00 
9.500000e+03 0.000000e+00 1.200000e+04 8.812658e-02 0.000000e+00 1.958873e-02 1.008538e+05 -2.531829e+05 -4.939780e+04 1.917758e+01 -3.361962e+00 2.832953e+03 -2.534418e+00 
9.750000e+03 0.000000e+00 1.200000e+04 8.554011e-02 0.000000e+00 1.805460e-02 9.870024e+04 -2.477658e+05 -4.834298e+04 8.051526e+00 -4.186706e+00 2.841240e+03 -1.822433e+00 
1.000000e+04 0.000000e+00 1.200000e+04 8.301319e-02 0.000000e+00 1.664818e-02 9.653907e+04 -2.423281e+05 -4.728444e+04 -4.699070e+00 -3.519260e+00 2.832442e+03 -1.100048e+00 
1.025000e+04 0.000000e+00 1.200000e+04 8.054555e-02 0.000000e+00 1.535975e-02 9.437981e+04 -2.369013e+05 -4.622685e+04 -1.129137e+01 -2.526024e+00 2.810048e+03 5.029473e-01 
1.050000e+04 0.000000e+00 1.200000e+04 7.813659e-02 0.000000e+00 1.418027e-02 9.223646e+04 -2.315173e+05 -4.517704e+04 -1.502853e+01 -1.977350e+00 2.773398e+03 2.490494e+00 
1.075000e+04 0.000000e+00 1.200000e+04 7.578537e-02 0.000000e+00 1.310151e-02 9.012049e+04 -2.261998e+05 -4.414065e+04 -2.097662e+01 -1.503489e+00 2.726692e+03 3.860994e+00 
1.100000e+04 0.000000e+00 1.200000e+04 7.349082e-02 0.000000e+00 1.211596e-02 8.803777e+04 -2.209671e+05 -4.312054e+04 -2.568877e+01 -8.340501e-01 2.674260e+03 4.426447e+00 
1.125000e+04 0.000000e+00 1.200000e+04 7.125174e-02 0.000000e+00 1.121658e-02 8.599286e+04 -2.158321e+05 -4.211895e+04 -2.749156e+01 6.055320e-01 2.615209e+03 3.662352e+00 
1.150000e+04 0.000000e+00 1.200000e+04 6.906683e-02 0.000000e+00 1.039681e-02 8.399100e+04 -2.108049e+05 -4.113845e+04 -2.963749e+01 2.400605e+00 2.551162e+03 1.728799e+00 
1.175000e+04 0.000000e+00 1.200000e+04 6.693488e-02 0.000000e+00 9.650625e-03 8.203371e+04 -2.058898e+05 -4.017977e+04 -3.149931e+01 2.753425e+00 2.485851e+03 3.684007e-01 
1.200000e+04 0.000000e+00 1.200000e+04 6.485452e-02 0.000000e+00 8.972473e-03 8.012658e+04 -2.011011e+05 -3.924567e+04 -3.292382e+01 1.798756e+00 2.420000e+03 6.655797e-01 
1.225000e+04 0.000000e+00 1.200000e+04 6.282411e-02 0.000000e+00 8.357255e-03 7.827158e+04 -1.964439e+05 -3.833710e+04 -3.376932e+01 8.487185e-01 2.351637e+03 1.804819e+00 
1.250000e+04 0.000000e+00 1.200000e+04 6.084214e-02 0.000000e+00 7.800232e-03 7.646646e+04 -1.919123e+05 -3.745296e+04 -3.408001e+01 6.693605e-01 2.280509e+03 2.259021e+00 
1.275000e+04 0.000000e+00 1.200000e+04 5.890711e-02 0.000000e+00 7.296983e-03 7.471511e+04 -1.875153e+05 -3.659516e+04 -3.488543e+01 2.207327e+00 2.208759e+03 1.544750e+00 
1.300000e+04 0.000000e+00 1.200000e+04 5.701756e-02 0.000000e+00 6.843469e-03 7.301761e+04 -1.832559e+05 -3.576373e+04 -3.319294e+01 4.749850e+00 2.135493e+03 1.385756e-01 
1.325000e+04 0.000000e+00 1.200000e+04 5.517213e-02 0.000000e+00 6.435799e-03 7.137573e+04 -1.791351e+05 -3.495954e+04 -3.252080e+01 5.294951e+00 2.061367e+03 -1.648825e+00 
1.350000e+04 0.000000e+00 1.200000e+04 5.336937e-02 0.000000e+00 6.070345e-03 6.978896e+04 -1.751493e+05 -3.418235e+04 -3.523262e+01 3.210407e+00 1.992752e+03 -3.006573e+00 
1.375000e+04 0.000000e+00 1.200000e+04 5.160771e-02 0.000000e+00 5.743917e-03 6.825318e+04 -1.712944e+05 -3.343013e+04 -3.500273e+01 8.217110e-01 1.929469e+03 -2.788105e+00 
1.400000e+04 0.000000e+00 1.200000e+04 4.988555e-02 0.000000e+00 5.453526e-03 6.676858e+04 -1.675723e+05 -3.270298e+04 -3.045480e+01 -4.862211e-01 1.863038e+03 -1.607917e+00 
1.425000e+04 0.000000e+00 1.200000e+04 4.820133e-02 0.000000e+00 5.196294e-03 6.533966e+04 -1.639877e+05 -3.200310e+04 -2.817057e+01 -1.224543e-01 1.792362e+03 -1.477862e+00 
1.450000e+04 0.000000e+00 1.200000e+04 4.655373e-02 0.000000e+00 4.969562e-03 6.396096e+04 -1.605279e+05 -3.132782e+04 -2.711333e+01 2.027287e+00 1.722741e+03 -3.392677e+00 
1.475000e+04 0.000000e+00 1.200000e+04 4.494160e-02 0.000000e+00 4.770789e-03 6.263056e+04 -1.571908e+05 -3.067619e+04 -2.470155e+01 4.136301e+00 1.656838e+03 -5.971994e+00 
1.500000e+04 0.000000e+00 1.200000e+04 4.336366e-02 0.000000e+00 4.597560e-03 6.135151e+04 -1.539817e+05 -3.004972e+04 -2.315757e+01 4.370373e+00 1.593571e+03 -6.524974e+00 
1.525000e+04 0.000000e+00 1.200000e+04 4.181855e-02 0.000000e+00 4.447654e-03 6.012226e+04 -1.508948e+05 -2.944764e+04 -2.431706e+01 2.937660e+00 1.529654e+03 -4.287306e+00 
1.550000e+04 0.000000e+00 1.200000e+04 4.030491e-02 0.000000e+00 4.319035e-03 5.894301e+04 -1.479304e+05 -2.887004e+04 -2.853898e+01 8.056159e-01 1.467513e+03 -5.991111e-01 
1.575000e+04 0.000000e+00 1.200000e+04 3.882132e-02 0.000000e+00 4.209943e-03 5.780908e+04 -1.450834e+05 -2.831465e+04 -2.917207e+01 -1.302398e-01 1.410332e+03 3.633703e+00 
1.600000e+04 0.000000e+00 1.200000e+04 3.736650e-02 0.000000e+00 4.118772e-03 5.671801e+04 -1.423495e+05 -2.778025e+04 -2.425248e+01 1.679312e+00 1.354081e+03 7.194373e+00 
1.625000e+04 0.000000e+00 1.200000e+04 3.593937e-02 0.000000e+00 4.043829e-03 5.567447e+04 -1.397314e+05 -2.726913e+04 -2.283526e+01 4.375304e+00 1.295719e+03 7.849533e+00 
1.650000e+04 0.000000e+00 1.200000e+04 3.453887e-02 0.000000e+00 3.983510e-03 5.467551e+04 -1.372228e+05 -2.677984e+04 -2.393121e+01 5.145117e+00 1.239279e+03 5.427458e+00 
1.675000e+04 0.000000e+00 1.200000e+04 3.316394e-02 0.000000e+00 3.936396e-03 5.371694e+04 -1.348190e+05 -2.631034e+04 -2.150643e+01 3.521507e+00 1.187402e+03 2.530548e+00 
1.700000e+04 0.000000e+00 1.200000e+04 3.181344e-02 0.000000e+00 3.901059e-03 5.280284e+04 -1.325256e+05 -2.586261e+04 -2.027161e+01 4.466254e-01 1.135629e+03 5.072258e-01 
1.725000e+04 0.000000e+00 1.200000e+04 3.048607e-02 0.000000e+00 3.876146e-03 5.193460e+04 -1.303429e+05 -2.543736e+04 -2.350865e+01 -2.765148e+00 1.083917e+03 -1.172861e+00 
1.750000e+04 0.000000e+00 1.200000e+04 2.918058e-02 0.000000e+00 3.860554e-03 5.110720e+04 -1.282626e+05 -2.503210e+04 -2.685209e+01 -4.741946e+00 1.035010e+03 -1.943877e+00 
1.775000e+04 0.000000e+00 1.200000e+04 2.789593e-02 0.000000e+00 3.853281e-03 5.031468e+04 -1.262740e+05 -2.464393e+04 -2.607453e+01 -4.564318e+00 9.859583e+02 -1.339405e+00 
1.800000e+04 0.000000e+00 1.200000e+04 2.663124e-02 0.000000e+00 3.853310e-03 4.955927e+04 -1.243788e+05 -2.427393e+04 -2.514012e+01 -2.518898e+00 9.372464e+02 -4.021682e-01 
1.825000e+04 0.000000e+00 1.200000e+04 2.538561e-02 0.000000e+00 3.859721e-03 4.884431e+04 -1.225821e+05 -2.392374e+04 -2.711424e+01 -5.090841e-01 8.905597e+02 2.877606e-01 
1.850000e+04 0.000000e+00 1.200000e+04 2.415810e-02 0.000000e+00 3.871657e-03 4.816301e+04 -1.208741e+05 -2.359005e+04 -2.489462e+01 1.842975e-01 8.432963e+02 8.076565e-01 
1.875000e+04 0.000000e+00 1.200000e+04 2.294782e-02 0.000000e+00 3.888197e-03 4.751351e+04 -1.192494e+05 -2.327192e+04 -1.917074e+01 5.131705e-01 7.953402e+02 1.131358e+00 
1.900000e+04 0.000000e+00 1.200000e+04 2.175381e-02 0.000000e+00 3.908455e-03 4.690476e+04 -1.177219e+05 -2.297376e+04 -1.859028e+01 8.484067e-01 7.482385e+02 1.474245e+00 
1.925000e+04 0.000000e+00 1.200000e+04 2.057506e-02 0.000000e+00 3.931701e-03 4.633315e+04 -1.162860e+05 -2.269379e+04 -1.961401e+01 3.333292e-01 7.020427e+02 2.061277e+00 
1.950000e+04 0.000000e+00 1.200000e+04 1.941068e-02 0.000000e+00 3.957296e-03 4.579386e+04 -1.149320e+05 -2.242965e+04 -1.998204e+01 -7.028316e-01 6.583046e+02 2.681080e+00 
1.975000e+04 0.000000e+00 1.200000e+04 1.825980e-02 0.000000e+00 3.984751e-03 4.528478e+04 -1.136553e+05 -2.218030e+04 -1.878573e+01 -1.061636e+00 6.191811e+02 2.555950e+00 
2.000000e+04 0.000000e+00 1.200000e+04 1.712165e-02 0.000000e+00 4.013638e-03 4.480718e+04 -1.124596e+05 -2.194637e+04 -1.561643e+01 -5.544549e-01 5.831351e+02 1.088772e+00 
2.025000e+04 0.000000e+00 1.200000e+04 1.599530e-02 0.000000e+00 4.043371e-03 4.436471e+04 -1.113483e+05 -2.172965e+04 -1.616773e+01 -2.505859e-01 5.446982e+02 -1.106844e+00 
2.050000e+04 0.000000e+00 1.200000e+04 1.488002e-02 0.000000e+00 4.073309e-03 4.395147e+04 -1.103091e+05 -2.152725e+04 -1.809366e+01 -1.524990e-01 5.015601e+02 -2.937678e+00 
2.075000e+04 0.000000e+00 1.200000e+04 1.377509e-02 0.000000e+00 4.102871e-03 4.356853e+04 -1.093468e+05 -2.133969e+04 -1.912321e+01 4.810513e-01 4.598345e+02 -3.586476e+00 
2.100000e+04 0.000000e+00 1.200000e+04 1.267965e-02 0.000000e+00 4.131664e-03 4.321843e+04 -1.084664e+05 -2.116821e+04 -2.071877e+01 1.097823e+00 4.220568e+02 -2.431320e+00 
2.125000e+04 0.000000e+00 1.200000e+04 1.159279e-02 0.000000e+00 4.159447e-03 4.289870e+04 -1.076620e+05 -2.101161e+04 -2.247029e+01 1.191255e+00 3.845841e+02 1.972071e-01 
2.150000e+04 0.000000e+00 1.200000e+04 1.051375e-02 0.000000e+00 4.185957e-03 4.260478e+04 -1.069243e+05 -2.086765e+04 -2.236215e+01 1.843215e+00 3.476055e+02 2.751811e+00 
2.175000e+04 0.000000e+00 1.200000e+04 9.441885e-03 0.000000e+00 4.210981e-03 4.233829e+04 -1.062583e+05 -2.073712e+04 -1.950037e+01 3.902233e+00 3.115331e+02 3.609153e+00 
2.200000e+04 0.000000e+00 1.200000e+04 8.376507e-03 0.000000e+00 4.234218e-03 4.210113e+04 -1.056670e+05 -2.062096e+04 -1.539473e+01 6.303180e+00 2.748119e+02 2.478900e+00 
2.225000e+04 0.000000e+00 1.200000e+04 7.316904e-03 0.000000e+00 4.255314e-03 4.189229e+04 -1.051448e+05 -2.051867e+04 -1.339607e+01 7.872356e+00 2.387039e+02 7.943431e-01 
2.250000e+04 0.000000e+00 1.200000e+04 6.262338e-03 0.000000e+00 4.274079e-03 4.170970e+04 -1.046887e+05 -2.042924e+04 -1.118076e+01 8.610226e+00 2.026112e+02 -3.626090e-01 
2.275000e+04 0.000000e+00 1.200000e+04 5.212102e-03 0.000000e+00 4.290272e-03 4.155549e+04 -1.043047e+05 -2.035371e+04 -8.091030e+00 8.722001e+00 1.666798e+02 -1.794388e+00 
2.300000e+04 0.000000e+00 1.200000e+04 4.165433e-03 0.000000e+00 4.303724e-03 4.143487e+04 -1.040012e+05 -2.029463e+04 -8.747206e+00 7.887914e+00 1.345054e+02 -3.547258e+00 
2.325000e+04 0.000000e+00 1.200000e+04 3.121596e-03 0.000000e+00 4.314350e-03 4.134108e+04 -1.037664e+05 -2.024869e+04 -8.111814e+00 6.446727e+00 1.028442e+02 -3.548636e+00 
2.350000e+04 0.000000e+00 1.200000e+04 2.079878e-03 0.000000e+00 4.321911e-03 4.127207e+04 -1.035953e+05 -2.021489e+04 -6.003048e+00 5.075742e+00 6.608512e+01 -2.720274e+00 
2.375000e+04 0.000000e+00 1.200000e+04 1.039451e-03 0.000000e+00 4.326511e-03 4.122778e+04 -1.034894e+05 -2.019320e+04 -7.005046e-01 3.098040e+00 3.384784e+01 -6.726043e+00 
2.400000e+04 0.000000e+00 1.200000e+04 0.000000e+00 0.000000e+00 4.328864e-03 4.121081e+04 -1.034520e+05 -2.018488e+04 4.487924e+00 1.775624e+00 2.158985e+01 -1.079386e+01 
