#1 2 3 4 5 6 7  8  9 10 11 12 13
#x y z u v w p xx yy zz xy xz yz
0.000000e+00 0.000000e+00 1.200000e+04 0.000000e+00 0.000000e+00 2.748701e-01 -6.933023e+05 1.753547e+06 3.395766e+05 -1.321677e+04 -9.661690e-02 -1.510399e+04 -4.252059e+00 
3.000000e+02 0.000000e+00 1.200000e+04 2.252480e-02 0.000000e+00 2.731480e-01 -6.823830e+05 1.725483e+06 3.342284e+05 -1.256206e+04 -1.543760e-01 -2.944161e+04 -3.746868e+00 
6.000000e+02 0.000000e+00 1.200000e+04 4.429985e-02 0.000000e+00 2.680910e-01 -6.506726e+05 1.644038e+06 3.186968e+05 -1.071735e+04 5.074196e-02 -5.598290e+04 -3.077132e+00 
9.000000e+02 0.000000e+00 1.200000e+04 6.465026e-02 0.000000e+00 2.600100e-01 -6.011044e+05 1.516911e+06 2.944185e+05 -8.016788e+03 3.019781e-01 -7.728446e+04 -2.453973e+00 
1.200000e+03 0.000000e+00 1.200000e+04 8.303654e-02 0.000000e+00 2.493747e-01 -5.379637e+05 1.355325e+06 2.634924e+05 -4.926085e+03 -2.652586e-01 -9.193697e+04 -2.614593e+00 
1.500000e+03 0.000000e+00 1.200000e+04 9.909010e-02 0.000000e+00 2.367523e-01 -4.662029e+05 1.172170e+06 2.283443e+05 -1.905901e+03 -3.854268e-01 -9.959389e+04 -4.076669e+00 
1.800000e+03 0.000000e+00 1.200000e+04 1.126220e-01 0.000000e+00 2.227424e-01 -3.907350e+05 9.801348e+05 1.913804e+05 6.898840e+02 1.406927e+00 -1.008497e+05 -4.752957e+00 
2.100000e+03 0.000000e+00 1.200000e+04 1.236082e-01 0.000000e+00 2.079194e-01 -3.158466e+05 7.901861e+05 1.547004e+05 2.653458e+03 3.045231e+00 -9.693398e+04 -4.377747e+00 
2.400000e+03 0.000000e+00 1.200000e+04 1.321554e-01 0.000000e+00 1.927911e-01 -2.448709e+05 6.107393e+05 1.199368e+05 3.936711e+03 2.987077e+00 -8.935658e+04 -4.467141e+00 
2.700000e+03 0.000000e+00 1.200000e+04 1.384631e-01 0.000000e+00 1.777742e-01 -1.800708e+05 4.474087e+05 8.819795e+04 4.605813e+03 3.122664e+00 -7.960354e+04 -4.125247e+00 
3.000000e+03 0.000000e+00 1.200000e+04 1.427845e-01 0.000000e+00 1.631871e-01 -1.227037e+05 3.032275e+05 6.009977e+04 4.783815e+03 4.236037e+00 -6.893115e+04 -2.268952e+00 
3.300000e+03 0.000000e+00 1.200000e+04 1.453946e-01 0.000000e+00 1.492558e-01 -7.321994e+04 1.791809e+05 3.586283e+04 4.616085e+03 5.124237e+00 -5.827396e+04 -6.840618e-01 
3.600000e+03 0.000000e+00 1.200000e+04 1.465662e-01 0.000000e+00 1.361260e-01 -3.147190e+04 7.476306e+04 1.541481e+04 4.237845e+03 4.862593e+00 -4.825245e+04 -6.233384e-03 
3.900000e+03 0.000000e+00 1.200000e+04 1.465535e-01 0.000000e+00 1.238782e-01 3.073903e+03 -1.147055e+04 -1.505585e+03 3.754430e+03 3.643824e+00 -3.922197e+04 1.119465e+00 
4.200000e+03 0.000000e+00 1.200000e+04 1.455846e-01 0.000000e+00 1.125434e-01 3.115706e+04 -8.145025e+04 -1.526060e+04 3.239675e+03 3.144405e+00 -3.132918e+04 2.022202e+00 
4.500000e+03 0.000000e+00 1.200000e+04 1.438577e-01 0.000000e+00 1.021174e-01 5.360710e+04 -1.373042e+05 -2.625654e+04 2.739486e+03 3.310030e+00 -2.458823e+04 1.110108e+00 
4.800000e+03 0.000000e+00 1.200000e+04 1.415409e-01 0.000000e+00 9.257170e-02 7.124892e+04 -1.811291e+05 -3.489743e+04 2.279766e+03 2.329206e+00 -1.893369e+04 -3.989260e-01 
5.100000e+03 0.000000e+00 1.200000e+04 1.387742e-01 0.000000e+00 8.386231e-02 8.485013e+04 -2.148643e+05 -4.155925e+04 1.873151e+03 1.386542e+00 -1.425635e+04 -8.801628e-01 
5.400000e+03 0.000000e+00 1.200000e+04 1.356728e-01 0.000000e+00 7.593652e-02 9.510634e+04 -2.402584e+05 -4.658270e+04 1.522078e+03 1.842380e+00 -1.042944e+04 -5.321772e-01 
5.700000e+03 0.000000e+00 1.200000e+04 1.323302e-01 0.000000e+00 6.873772e-02 1.026169e+05 -2.588155e+05 -5.026135e+04 1.226033e+03 1.612161e+00 -7.329897e+03 5.151744e-01 
6.000000e+03 0.000000e+00 1.200000e+04 1.288220e-01 0.000000e+00 6.220830e-02 1.078947e+05 -2.718174e+05 -5.284640e+04 9.796486e+02 -1.535442e-01 -4.840268e+03 1.671852e+00 
6.300000e+03 0.000000e+00 1.200000e+04 1.252083e-01 0.000000e+00 5.629216e-02 1.113740e+05 -2.803505e+05 -5.455053e+04 7.790089e+02 -2.082861e+00 -2.853982e+03 1.800503e+00 
6.600000e+03 0.000000e+00 1.200000e+04 1.215365e-01 0.000000e+00 5.093559e-02 1.134139e+05 -2.853078e+05 -5.554964e+04 6.158678e+02 -3.064834e+00 -1.285226e+03 3.435602e-01 
6.900000e+03 0.000000e+00 1.200000e+04 1.178441e-01 0.000000e+00 4.608807e-02 1.143096e+05 -2.874218e+05 -5.598840e+04 4.812351e+02 -2.362288e+00 -5.429244e+01 -1.723868e+00 
7.200000e+03 0.000000e+00 1.200000e+04 1.141604e-01 0.000000e+00 4.170283e-02 1.143041e+05 -2.873006e+05 -5.598570e+04 3.738888e+02 -6.167323e-01 9.036588e+02 -2.855818e+00 
7.500000e+03 0.000000e+00 1.200000e+04 1.105078e-01 0.000000e+00 3.773679e-02 1.135974e+05 -2.854414e+05 -5.563953e+04 2.888300e+02 1.083171e-01 1.638753e+03 -2.867836e+00 
7.800000e+03 0.000000e+00 1.200000e+04 1.069035e-01 0.000000e+00 3.415087e-02 1.123488e+05 -2.822376e+05 -5.502799e+04 2.191283e+02 -7.366148e-01 2.197888e+03 -1.647069e+00 
8.100000e+03 0.000000e+00 1.200000e+04 1.033601e-01 0.000000e+00 3.090955e-02 1.106886e+05 -2.780123e+05 -5.421480e+04 1.614791e+02 -9.352851e-01 2.613770e+03 -7.198280e-02 
8.400000e+03 0.000000e+00 1.200000e+04 9.988672e-02 0.000000e+00 2.798056e-02 1.087229e+05 -2.730317e+05 -5.325202e+04 1.150711e+02 2.679353e-02 2.914553e+03 4.355297e-01 
8.700000e+03 0.000000e+00 1.200000e+04 9.649017e-02 0.000000e+00 2.533480e-02 1.065294e+05 -2.674902e+05 -5.217764e+04 7.976952e+01 5.122128e-01 3.124244e+03 2.790011e-03 
9.000000e+03 0.000000e+00 1.200000e+04 9.317515e-02 0.000000e+00 2.294577e-02 1.041725e+05 -2.615483e+05 -5.102328e+04 5.400713e+01 3.274867e-01 3.262135e+03 -1.214578e+00 
9.300000e+03 0.000000e+00 1.200000e+04 8.994439e-02 0.000000e+00 2.078972e-02 1.017128e+05 -2.553559e+05 -4.981851e+04 3.604368e+01 -6.794660e-01 3.344529e+03 -2.338088e+00 
9.600000e+03 0.000000e+00 1.200000e+04 8.679923e-02 0.000000e+00 1.884513e-02 9.919168e+04 -2.490133e+05 -4.858368e+04 2.189855e+01 -2.454611e+00 3.378265e+03 -3.276034e+00 
9.900000e+03 0.000000e+00 1.200000e+04 8.374007e-02 0.000000e+00 1.709240e-02 9.664457e+04 -2.426012e+05 -4.733612e+04 3.637375e+00 -3.423224e+00 3.377422e+03 -4.629949e+00 
1.020000e+04 0.000000e+00 1.200000e+04 8.076638e-02 0.000000e+00 1.551410e-02 9.409706e+04 -2.361907e+05 -4.608835e+04 -1.215053e+01 -2.440022e+00 3.352051e+03 -4.392197e+00 
1.050000e+04 0.000000e+00 1.200000e+04 7.787714e-02 0.000000e+00 1.409446e-02 9.156551e+04 -2.298277e+05 -4.484841e+04 -2.039926e+01 -6.163469e-01 3.301334e+03 -2.492400e+00 
1.080000e+04 0.000000e+00 1.200000e+04 7.507095e-02 0.000000e+00 1.281900e-02 8.906864e+04 -2.235496e+05 -4.362546e+04 -3.089073e+01 5.758805e-01 3.232606e+03 -1.579361e+00 
1.110000e+04 0.000000e+00 1.200000e+04 7.234598e-02 0.000000e+00 1.167491e-02 8.661711e+04 -2.173865e+05 -4.242471e+04 -4.007756e+01 1.480707e+00 3.155008e+03 -1.625680e+00 
1.140000e+04 0.000000e+00 1.200000e+04 6.970019e-02 0.000000e+00 1.065049e-02 8.421967e+04 -2.113670e+05 -4.125045e+04 -4.152356e+01 2.059001e+00 3.069723e+03 -1.621141e+00 
1.170000e+04 0.000000e+00 1.200000e+04 6.713118e-02 0.000000e+00 9.734843e-03 8.188601e+04 -2.055086e+05 -4.010743e+04 -4.195153e+01 2.284539e+00 2.976563e+03 -2.182199e+00 
1.200000e+04 0.000000e+00 1.200000e+04 6.463649e-02 0.000000e+00 8.918138e-03 7.962079e+04 -1.998182e+05 -3.899794e+04 -4.623015e+01 2.961120e+00 2.878988e+03 -3.329636e+00 
1.230000e+04 0.000000e+00 1.200000e+04 6.221363e-02 0.000000e+00 8.191551e-03 7.742797e+04 -1.943106e+05 -3.792391e+04 -4.944746e+01 3.515950e+00 2.780174e+03 -3.674360e+00 
1.260000e+04 0.000000e+00 1.200000e+04 5.986004e-02 0.000000e+00 7.547114e-03 7.530858e+04 -1.889933e+05 -3.688583e+04 -4.657870e+01 3.283931e+00 2.680587e+03 -2.847352e+00 
1.290000e+04 0.000000e+00 1.200000e+04 5.757315e-02 0.000000e+00 6.977371e-03 7.326287e+04 -1.838608e+05 -3.588385e+04 -4.390579e+01 2.405420e+00 2.579697e+03 -2.543400e+00 
1.320000e+04 0.000000e+00 1.200000e+04 5.535040e-02 0.000000e+00 6.475426e-03 7.129329e+04 -1.789151e+05 -3.491916e+04 -4.565547e+01 1.046116e+00 2.480534e+03 -2.628112e+00 
1.350000e+04 0.000000e+00 1.200000e+04 5.318914e-02 0.000000e+00 6.035071e-03 6.939912e+04 -1.741614e+05 -3.399140e+04 -4.456373e+01 4.737317e-01 2.382366e+03 -5.726382e-01 
1.380000e+04 0.000000e+00 1.200000e+04 5.108670e-02 0.000000e+00 5.650527e-03 6.758246e+04 -1.696041e+05 -3.310161e+04 -4.164082e+01 1.583934e+00 2.281337e+03 3.069350e+00 
1.410000e+04 0.000000e+00 1.200000e+04 4.904051e-02 0.000000e+00 5.316492e-03 6.584502e+04 -1.652406e+05 -3.225062e+04 -4.381510e+01 3.259134e+00 2.180741e+03 5.860001e+00 
1.440000e+04 0.000000e+00 1.200000e+04 4.704818e-02 0.000000e+00 5.028359e-03 6.417936e+04 -1.610583e+05 -3.143479e+04 -4.501526e+01 4.432644e+00 2.084399e+03 7.580619e+00 
1.470000e+04 0.000000e+00 1.200000e+04 4.510755e-02 0.000000e+00 4.781883e-03 6.258202e+04 -1.570512e+05 -3.065242e+04 -4.241768e+01 4.588945e+00 1.991698e+03 7.983517e+00 
1.500000e+04 0.000000e+00 1.200000e+04 4.321634e-02 0.000000e+00 4.572981e-03 6.105654e+04 -1.532220e+05 -2.990525e+04 -4.238796e+01 2.874572e+00 1.900508e+03 5.695323e+00 
1.530000e+04 0.000000e+00 1.200000e+04 4.137223e-02 0.000000e+00 4.397850e-03 5.960030e+04 -1.495669e+05 -2.919198e+04 -4.198596e+01 -2.287992e-01 1.811839e+03 1.098406e+00 
1.560000e+04 0.000000e+00 1.200000e+04 3.957292e-02 0.000000e+00 4.252864e-03 5.821044e+04 -1.460821e+05 -2.851124e+04 -3.801300e+01 -2.264438e+00 1.726522e+03 -3.474119e+00 
1.590000e+04 0.000000e+00 1.200000e+04 3.781607e-02 0.000000e+00 4.134622e-03 5.688810e+04 -1.427670e+05 -2.786356e+04 -3.371646e+01 -1.706431e+00 1.642821e+03 -6.074182e+00 
1.620000e+04 0.000000e+00 1.200000e+04 3.609950e-02 0.000000e+00 4.040155e-03 5.563253e+04 -1.396168e+05 -2.724859e+04 -3.217029e+01 5.704401e-01 1.560961e+03 -5.500755e+00 
1.650000e+04 0.000000e+00 1.200000e+04 3.442125e-02 0.000000e+00 3.966873e-03 5.444221e+04 -1.366257e+05 -2.666557e+04 -3.533620e+01 2.840296e+00 1.480256e+03 -2.079004e+00 
1.680000e+04 0.000000e+00 1.200000e+04 3.277945e-02 0.000000e+00 3.912464e-03 5.331179e+04 -1.337846e+05 -2.611190e+04 -3.889791e+01 4.020593e+00 1.400839e+03 1.458202e+00 
1.710000e+04 0.000000e+00 1.200000e+04 3.117233e-02 0.000000e+00 3.874765e-03 5.223779e+04 -1.310888e+05 -2.558585e+04 -3.867840e+01 3.823340e+00 1.325318e+03 2.879034e+00 
1.740000e+04 0.000000e+00 1.200000e+04 2.959802e-02 0.000000e+00 3.851640e-03 5.122170e+04 -1.285415e+05 -2.508818e+04 -3.538950e+01 2.071468e+00 1.253505e+03 2.468787e+00 
1.770000e+04 0.000000e+00 1.200000e+04 2.805458e-02 0.000000e+00 3.840998e-03 5.026211e+04 -1.261384e+05 -2.461818e+04 -2.973057e+01 -8.700732e-01 1.182776e+03 1.314210e+00 
1.800000e+04 0.000000e+00 1.200000e+04 2.654013e-02 0.000000e+00 3.840880e-03 4.935914e+04 -1.238758e+05 -2.417590e+04 -2.568926e+01 -3.639384e+00 1.112975e+03 -1.802420e-03 
1.830000e+04 0.000000e+00 1.200000e+04 2.505290e-02 0.000000e+00 3.849649e-03 4.851229e+04 -1.217505e+05 -2.376112e+04 -2.527239e+01 -4.988920e+00 1.047469e+03 -9.912188e-01 
1.860000e+04 0.000000e+00 1.200000e+04 2.359124e-02 0.000000e+00 3.865983e-03 4.771808e+04 -1.197564e+05 -2.337212e+04 -2.573055e+01 -4.848655e+00 9.858892e+02 -1.241890e+00 
1.890000e+04 0.000000e+00 1.200000e+04 2.215355e-02 0.000000e+00 3.888586e-03 4.697472e+04 -1.178890e+05 -2.300803e+04 -2.715363e+01 -4.242776e+00 9.234013e+02 -1.134669e+00 
1.920000e+04 0.000000e+00 1.200000e+04 2.073828e-02 0.000000e+00 3.916082e-03 4.627832e+04 -1.161386e+05 -2.266693e+04 -2.943784e+01 -3.394406e+00 8.599955e+02 -9.367900e-01 
1.950000e+04 0.000000e+00 1.200000e+04 1.934395e-02 0.000000e+00 3.947170e-03 4.562681e+04 -1.145031e+05 -2.234783e+04 -2.952355e+01 -1.127233e+00 7.964744e+02 7.912602e-02 
1.980000e+04 0.000000e+00 1.200000e+04 1.796904e-02 0.000000e+00 3.980702e-03 4.502405e+04 -1.129933e+05 -2.205259e+04 -2.627048e+01 2.232767e+00 7.304539e+02 1.842632e+00 
2.010000e+04 0.000000e+00 1.200000e+04 1.661207e-02 0.000000e+00 4.015693e-03 4.447096e+04 -1.116061e+05 -2.178170e+04 -2.506931e+01 4.837398e+00 6.660924e+02 3.348820e+00 
2.040000e+04 0.000000e+00 1.200000e+04 1.527170e-02 0.000000e+00 4.051347e-03 4.396456e+04 -1.103296e+05 -2.153366e+04 -3.043951e+01 6.581457e+00 6.080322e+02 4.194337e+00 
2.070000e+04 0.000000e+00 1.200000e+04 1.394653e-02 0.000000e+00 4.087054e-03 4.350030e+04 -1.091615e+05 -2.130627e+04 -3.312627e+01 8.308080e+00 5.538243e+02 3.964058e+00 
2.100000e+04 0.000000e+00 1.200000e+04 1.263514e-02 0.000000e+00 4.122205e-03 4.307597e+04 -1.081019e+05 -2.109844e+04 -2.763341e+01 9.307562e+00 4.999291e+02 1.972187e+00 
2.130000e+04 0.000000e+00 1.200000e+04 1.133628e-02 0.000000e+00 4.156033e-03 4.269270e+04 -1.071445e+05 -2.091071e+04 -2.291999e+01 8.709472e+00 4.459176e+02 -1.622900e+00 
2.160000e+04 0.000000e+00 1.200000e+04 1.004884e-02 0.000000e+00 4.187776e-03 4.234951e+04 -1.062842e+05 -2.074262e+04 -2.167919e+01 7.257795e+00 3.951464e+02 -4.742151e+00 
2.190000e+04 0.000000e+00 1.200000e+04 8.771535e-03 0.000000e+00 4.216791e-03 4.204904e+04 -1.055313e+05 -2.059545e+04 -2.041948e+01 5.274226e+00 3.471792e+02 -4.710066e+00 
2.220000e+04 0.000000e+00 1.200000e+04 7.502843e-03 0.000000e+00 4.242649e-03 4.179470e+04 -1.048927e+05 -2.047088e+04 -2.057612e+01 1.660511e+00 2.985044e+02 -1.876248e+00 
2.250000e+04 0.000000e+00 1.200000e+04 6.241334e-03 0.000000e+00 4.265175e-03 4.158175e+04 -1.043557e+05 -2.036657e+04 -2.300569e+01 -2.884062e+00 2.481114e+02 6.879654e-01 
2.280000e+04 0.000000e+00 1.200000e+04 4.985787e-03 0.000000e+00 4.284216e-03 4.140689e+04 -1.039148e+05 -2.028092e+04 -2.490142e+01 -5.403505e+00 1.976008e+02 1.873593e+00 
2.310000e+04 0.000000e+00 1.200000e+04 3.734824e-03 0.000000e+00 4.299387e-03 4.126711e+04 -1.035655e+05 -2.021246e+04 -2.341545e+01 -4.836231e+00 1.468513e+02 2.948173e+00 
2.340000e+04 0.000000e+00 1.200000e+04 2.487719e-03 0.000000e+00 4.310449e-03 4.116332e+04 -1.033093e+05 -2.016163e+04 -1.904865e+01 -2.338182e+00 9.885254e+01 2.644336e+00 
2.370000e+04 0.000000e+00 1.200000e+04 1.243046e-03 0.000000e+00 4.317788e-03 4.109956e+04 -1.031552e+05 -2.013040e+04 -1.313148e+01 -4.963881e-02 5.213459e+01 -1.178288e+00 
2.400000e+04 0.000000e+00 1.200000e+04 0.000000e+00 0.000000e+00 4.320427e-03 4.107753e+04 -1.031032e+05 -2.011960e+04 -9.733176e+00 6.601079e-01 2.749714e+01 -4.018848e+00 
