#1 2 3 4 5 6 7  8  9 10 11 12 13
#x y z u v w p xx yy zz xy xz yz
0.000000e+00 0.000000e+00 1.200000e+04 0.000000e+00 0.000000e+00 2.668443e-01 -7.166988e+05 1.799614e+06 3.510362e+05 -5.539834e+02 2.808161e-01 -6.292326e+02 8.737129e-01 
6.000000e+01 0.000000e+00 1.200000e+04 4.410372e-03 0.000000e+00 2.667763e-01 -7.162039e+05 1.798371e+06 3.507938e+05 -5.531975e+02 4.759151e-01 -1.256404e+03 6.514055e-01 
1.200000e+02 0.000000e+00 1.200000e+04 8.814574e-03 0.000000e+00 2.665723e-01 -7.147247e+05 1.794655e+06 3.500693e+05 -5.503876e+02 7.816206e-01 -2.507403e+03 1.749554e-01 
1.800000e+02 0.000000e+00 1.200000e+04 1.320650e-02 0.000000e+00 2.662329e-01 -7.122676e+05 1.788482e+06 3.488657e+05 -5.450302e+02 9.338664e-01 -3.746820e+03 -2.952628e-01 
2.400000e+02 0.000000e+00 1.200000e+04 1.758004e-02 0.000000e+00 2.657591e-01 -7.088427e+05 1.779877e+06 3.471883e+05 -5.366522e+02 8.975739e-01 -4.969378e+03 -6.112360e-01 
3.000000e+02 0.000000e+00 1.200000e+04 2.192924e-02 0.000000e+00 2.651521e-01 -7.044676e+05 1.768882e+06 3.450453e+05 -5.249907e+02 7.317621e-01 -6.170897e+03 -6.978935e-01 
3.600000e+02 0.000000e+00 1.200000e+04 2.624819e-02 0.000000e+00 2.644135e-01 -6.991590e+05 1.755543e+06 3.424452e+05 -5.114359e+02 5.675462e-01 -7.346857e+03 -6.246385e-01 
4.200000e+02 0.000000e+00 1.200000e+04 3.053115e-02 0.000000e+00 2.635453e-01 -6.929397e+05 1.739917e+06 3.393991e+05 -4.964867e+02 4.306280e-01 -8.490959e+03 -4.874596e-01 
4.800000e+02 0.000000e+00 1.200000e+04 3.477251e-02 0.000000e+00 2.625498e-01 -6.858373e+05 1.722070e+06 3.359203e+05 -4.787632e+02 3.581308e-01 -9.598207e+03 -4.081095e-01 
5.400000e+02 0.000000e+00 1.200000e+04 3.896687e-02 0.000000e+00 2.614296e-01 -6.778802e+05 1.702077e+06 3.320230e+05 -4.596842e+02 3.491630e-01 -1.066548e+04 -5.761226e-01 
6.000000e+02 0.000000e+00 1.200000e+04 4.310899e-02 0.000000e+00 2.601876e-01 -6.691024e+05 1.680024e+06 3.277236e+05 -4.403429e+02 3.615898e-01 -1.168708e+04 -9.150340e-01 
6.600000e+02 0.000000e+00 1.200000e+04 4.719389e-02 0.000000e+00 2.588269e-01 -6.595400e+05 1.656000e+06 3.230400e+05 -4.199736e+02 3.780784e-01 -1.266070e+04 -1.216462e+00 
7.200000e+02 0.000000e+00 1.200000e+04 5.121682e-02 0.000000e+00 2.573511e-01 -6.492316e+05 1.630102e+06 3.179910e+05 -3.981294e+02 4.385628e-01 -1.358295e+04 -1.466138e+00 
7.800000e+02 0.000000e+00 1.200000e+04 5.517323e-02 0.000000e+00 2.557636e-01 -6.382191e+05 1.602434e+06 3.125971e+05 -3.739535e+02 5.645177e-01 -1.445110e+04 -1.616659e+00 
8.400000e+02 0.000000e+00 1.200000e+04 5.905893e-02 0.000000e+00 2.540686e-01 -6.265445e+05 1.573103e+06 3.068789e+05 -3.484690e+02 6.894569e-01 -1.526366e+04 -1.692243e+00 
9.000000e+02 0.000000e+00 1.200000e+04 6.286991e-02 0.000000e+00 2.522699e-01 -6.142522e+05 1.542221e+06 3.008582e+05 -3.223284e+02 8.194146e-01 -1.601775e+04 -1.790442e+00 
9.600000e+02 0.000000e+00 1.200000e+04 6.660251e-02 0.000000e+00 2.503719e-01 -6.013883e+05 1.509903e+06 2.945575e+05 -2.954618e+02 9.476442e-01 -1.671218e+04 -1.807990e+00 
1.020000e+03 0.000000e+00 1.200000e+04 7.025333e-02 0.000000e+00 2.483790e-01 -5.879990e+05 1.476266e+06 2.879995e+05 -2.682606e+02 1.025241e+00 -1.734707e+04 -1.627694e+00 
1.080000e+03 0.000000e+00 1.200000e+04 7.381927e-02 0.000000e+00 2.462956e-01 -5.741319e+05 1.441429e+06 2.812075e+05 -2.407769e+02 1.080387e+00 -1.792215e+04 -1.303799e+00 
1.140000e+03 0.000000e+00 1.200000e+04 7.729754e-02 0.000000e+00 2.441264e-01 -5.598339e+05 1.405511e+06 2.742044e+05 -2.133852e+02 1.095116e+00 -1.843598e+04 -9.008456e-01 
1.200000e+03 0.000000e+00 1.200000e+04 8.068563e-02 0.000000e+00 2.418760e-01 -5.451547e+05 1.368634e+06 2.670146e+05 -1.846890e+02 1.090090e+00 -1.888794e+04 -4.557056e-01 
1.260000e+03 0.000000e+00 1.200000e+04 8.398135e-02 0.000000e+00 2.395492e-01 -5.301403e+05 1.330917e+06 2.596606e+05 -1.561658e+02 1.099450e+00 -1.928018e+04 -9.798527e-02 
1.320000e+03 0.000000e+00 1.200000e+04 8.718281e-02 0.000000e+00 2.371509e-01 -5.148359e+05 1.292474e+06 2.521645e+05 -1.305943e+02 1.077371e+00 -1.961337e+04 8.814907e-02 
1.380000e+03 0.000000e+00 1.200000e+04 9.028837e-02 0.000000e+00 2.346857e-01 -4.992889e+05 1.253424e+06 2.445497e+05 -1.069555e+02 1.026793e+00 -1.988816e+04 1.840371e-01 
1.440000e+03 0.000000e+00 1.200000e+04 9.329674e-02 0.000000e+00 2.321585e-01 -4.835449e+05 1.213880e+06 2.368383e+05 -8.372682e+01 9.348333e-01 -2.010696e+04 2.400989e-01 
1.500000e+03 0.000000e+00 1.200000e+04 9.620685e-02 0.000000e+00 2.295741e-01 -4.676488e+05 1.173953e+06 2.290524e+05 -5.968207e+01 8.224142e-01 -2.027035e+04 2.824310e-01 
1.560000e+03 0.000000e+00 1.200000e+04 9.901794e-02 0.000000e+00 2.269372e-01 -4.516417e+05 1.133748e+06 2.212123e+05 -3.550371e+01 7.307118e-01 -2.038054e+04 3.589390e-01 
1.620000e+03 0.000000e+00 1.200000e+04 1.017295e-01 0.000000e+00 2.242524e-01 -4.355639e+05 1.093367e+06 2.133374e+05 -1.306040e+01 6.234106e-01 -2.043948e+04 3.685846e-01 
1.680000e+03 0.000000e+00 1.200000e+04 1.043412e-01 0.000000e+00 2.215243e-01 -4.194546e+05 1.052909e+06 2.054471e+05 7.744695e+00 5.369249e-01 -2.044943e+04 2.761687e-01 
1.740000e+03 0.000000e+00 1.200000e+04 1.068531e-01 0.000000e+00 2.187574e-01 -4.033511e+05 1.012466e+06 1.975597e+05 2.722165e+01 5.225641e-01 -2.041396e+04 1.645385e-01 
1.800000e+03 0.000000e+00 1.200000e+04 1.092653e-01 0.000000e+00 2.159562e-01 -3.872882e+05 9.721280e+05 1.896922e+05 4.443351e+01 5.273503e-01 -2.033625e+04 -2.143975e-02 
1.860000e+03 0.000000e+00 1.200000e+04 1.115783e-01 0.000000e+00 2.131249e-01 -3.712989e+05 9.319763e+05 1.818607e+05 5.970067e+01 5.293083e-01 -2.021729e+04 -3.013024e-01 
1.920000e+03 0.000000e+00 1.200000e+04 1.137927e-01 0.000000e+00 2.102678e-01 -3.554165e+05 8.920913e+05 1.740816e+05 7.676064e+01 5.230050e-01 -2.005792e+04 -5.110743e-01 
1.980000e+03 0.000000e+00 1.200000e+04 1.159092e-01 0.000000e+00 2.073888e-01 -3.396716e+05 8.525496e+05 1.663698e+05 9.558792e+01 4.822060e-01 -1.986314e+04 -5.613388e-01 
2.040000e+03 0.000000e+00 1.200000e+04 1.179288e-01 0.000000e+00 2.044919e-01 -3.240866e+05 8.134127e+05 1.587363e+05 1.107960e+02 4.056284e-01 -1.963627e+04 -6.272842e-01 
2.100000e+03 0.000000e+00 1.200000e+04 1.198527e-01 0.000000e+00 2.015808e-01 -3.086861e+05 7.747433e+05 1.511932e+05 1.219245e+02 2.769968e-01 -1.937905e+04 -8.105184e-01 
2.160000e+03 0.000000e+00 1.200000e+04 1.216821e-01 0.000000e+00 1.986592e-01 -2.934959e+05 7.366030e+05 1.437531e+05 1.314980e+02 7.709468e-02 -1.909431e+04 -9.365516e-01 
2.220000e+03 0.000000e+00 1.200000e+04 1.234185e-01 0.000000e+00 1.957305e-01 -2.785367e+05 6.990426e+05 1.364261e+05 1.413615e+02 -1.571676e-01 -1.878481e+04 -8.662824e-01 
2.280000e+03 0.000000e+00 1.200000e+04 1.250633e-01 0.000000e+00 1.927980e-01 -2.638269e+05 6.621088e+05 1.292214e+05 1.506921e+02 -3.204617e-01 -1.845346e+04 -6.711955e-01 
2.340000e+03 0.000000e+00 1.200000e+04 1.266183e-01 0.000000e+00 1.898650e-01 -2.493822e+05 6.258428e+05 1.221464e+05 1.574167e+02 -4.138878e-01 -1.810170e+04 -4.611606e-01 
2.400000e+03 0.000000e+00 1.200000e+04 1.280850e-01 0.000000e+00 1.869344e-01 -2.352192e+05 5.902838e+05 1.152094e+05 1.644145e+02 -5.004863e-01 -1.773162e+04 -1.849107e-01 
2.460000e+03 0.000000e+00 1.200000e+04 1.294655e-01 0.000000e+00 1.840091e-01 -2.213529e+05 5.554675e+05 1.084177e+05 1.733095e+02 -5.088240e-01 -1.734699e+04 1.230237e-01 
2.520000e+03 0.000000e+00 1.200000e+04 1.307615e-01 0.000000e+00 1.810918e-01 -2.077914e+05 5.214180e+05 1.017754e+05 1.808931e+02 -4.391757e-01 -1.695053e+04 2.889745e-01 
2.580000e+03 0.000000e+00 1.200000e+04 1.319750e-01 0.000000e+00 1.781850e-01 -1.945437e+05 4.881592e+05 9.528669e+04 1.850385e+02 -3.637996e-01 -1.654316e+04 2.705447e-01 
2.640000e+03 0.000000e+00 1.200000e+04 1.331080e-01 0.000000e+00 1.752911e-01 -1.816190e+05 4.557135e+05 8.895626e+04 1.873601e+02 -2.792906e-01 -1.612538e+04 1.535808e-01 
2.700000e+03 0.000000e+00 1.200000e+04 1.341627e-01 0.000000e+00 1.724124e-01 -1.690241e+05 4.240952e+05 8.278732e+04 1.897944e+02 -2.312302e-01 -1.570035e+04 -2.994998e-02 
2.760000e+03 0.000000e+00 1.200000e+04 1.351410e-01 0.000000e+00 1.695509e-01 -1.567648e+05 3.933204e+05 7.678278e+04 1.913475e+02 -1.776660e-01 -1.527024e+04 -3.780373e-01 
2.820000e+03 0.000000e+00 1.200000e+04 1.360450e-01 0.000000e+00 1.667086e-01 -1.448431e+05 3.633946e+05 7.094355e+04 1.911058e+02 -9.990590e-02 -1.483604e+04 -7.734223e-01 
2.880000e+03 0.000000e+00 1.200000e+04 1.368770e-01 0.000000e+00 1.638873e-01 -1.332637e+05 3.343271e+05 6.527200e+04 1.918624e+02 -1.145334e-01 -1.439939e+04 -9.402734e-01 
2.940000e+03 0.000000e+00 1.200000e+04 1.376391e-01 0.000000e+00 1.610887e-01 -1.220290e+05 3.061235e+05 5.976931e+04 1.942113e+02 -1.498522e-01 -1.396197e+04 -9.155994e-01 
3.000000e+03 0.000000e+00 1.200000e+04 1.383333e-01 0.000000e+00 1.583143e-01 -1.111359e+05 2.787789e+05 5.443389e+04 1.948558e+02 -1.073465e-01 -1.352617e+04 -9.854263e-01 
3.060000e+03 0.000000e+00 1.200000e+04 1.389618e-01 0.000000e+00 1.555656e-01 -1.005842e+05 2.522941e+05 4.926575e+04 1.928382e+02 -3.607437e-02 -1.309112e+04 -1.213859e+00 
3.120000e+03 0.000000e+00 1.200000e+04 1.395268e-01 0.000000e+00 1.528439e-01 -9.037282e+04 2.266641e+05 4.426424e+04 1.901641e+02 -4.192555e-03 -1.265783e+04 -1.323420e+00 
3.180000e+03 0.000000e+00 1.200000e+04 1.400304e-01 0.000000e+00 1.501503e-01 -8.050178e+04 2.018871e+05 3.942944e+04 1.888245e+02 3.959202e-02 -1.222935e+04 -1.146227e+00 
3.240000e+03 0.000000e+00 1.200000e+04 1.404747e-01 0.000000e+00 1.474859e-01 -7.096747e+04 1.779551e+05 3.475958e+04 1.877484e+02 1.999663e-01 -1.180585e+04 -7.349677e-01 
3.300000e+03 0.000000e+00 1.200000e+04 1.408617e-01 0.000000e+00 1.448517e-01 -6.176444e+04 1.548555e+05 3.025197e+04 1.858240e+02 4.494737e-01 -1.138767e+04 -1.923404e-01 
3.360000e+03 0.000000e+00 1.200000e+04 1.411935e-01 0.000000e+00 1.422486e-01 -5.288899e+04 1.325793e+05 2.590481e+04 1.828993e+02 8.210647e-01 -1.097487e+04 3.152505e-01 
3.420000e+03 0.000000e+00 1.200000e+04 1.414721e-01 0.000000e+00 1.396773e-01 -4.433493e+04 1.111110e+05 2.171507e+04 1.786917e+02 1.367463e+00 -1.056806e+04 6.821846e-01 
3.480000e+03 0.000000e+00 1.200000e+04 1.416995e-01 0.000000e+00 1.371385e-01 -3.609784e+04 9.043857e+04 1.768057e+04 1.743710e+02 1.971270e+00 -1.016833e+04 8.841691e-01 
3.540000e+03 0.000000e+00 1.200000e+04 1.418777e-01 0.000000e+00 1.346328e-01 -2.817351e+04 7.055012e+04 1.379927e+04 1.711488e+02 2.534808e+00 -9.775797e+03 9.328763e-01 
3.600000e+03 0.000000e+00 1.200000e+04 1.420085e-01 0.000000e+00 1.321607e-01 -2.055474e+04 5.142840e+04 1.006763e+04 1.681881e+02 3.082872e+00 -9.392102e+03 8.698775e-01 
3.660000e+03 0.000000e+00 1.200000e+04 1.420938e-01 0.000000e+00 1.297226e-01 -1.323454e+04 3.305675e+04 6.482222e+03 1.646425e+02 3.637711e+00 -9.018016e+03 6.229349e-01 
3.720000e+03 0.000000e+00 1.200000e+04 1.421355e-01 0.000000e+00 1.273189e-01 -6.205820e+03 1.541752e+04 3.039585e+03 1.603500e+02 4.106817e+00 -8.652934e+03 1.195093e-01 
3.780000e+03 0.000000e+00 1.200000e+04 1.421354e-01 0.000000e+00 1.249498e-01 5.380806e+02 -1.506409e+03 -2.635497e+02 1.557171e+02 4.378583e+00 -8.296306e+03 -5.466472e-01 
3.840000e+03 0.000000e+00 1.200000e+04 1.420951e-01 0.000000e+00 1.226157e-01 7.002452e+03 -1.772932e+04 -3.429773e+03 1.517327e+02 4.487803e+00 -7.947920e+03 -1.197530e+00 
3.900000e+03 0.000000e+00 1.200000e+04 1.420164e-01 0.000000e+00 1.203166e-01 1.319459e+04 -3.326929e+04 -6.462657e+03 1.481757e+02 4.498601e+00 -7.608857e+03 -1.710057e+00 
3.960000e+03 0.000000e+00 1.200000e+04 1.419009e-01 0.000000e+00 1.180527e-01 1.912273e+04 -4.814720e+04 -9.366237e+03 1.452343e+02 4.372645e+00 -7.279326e+03 -2.117460e+00 
4.020000e+03 0.000000e+00 1.200000e+04 1.417502e-01 0.000000e+00 1.158240e-01 2.479433e+04 -6.238085e+04 -1.214416e+04 1.420076e+02 4.098450e+00 -6.960078e+03 -2.478321e+00 
4.080000e+03 0.000000e+00 1.200000e+04 1.415660e-01 0.000000e+00 1.136305e-01 3.021743e+04 -7.598913e+04 -1.480037e+04 1.372264e+02 3.753473e+00 -6.650162e+03 -2.741673e+00 
4.140000e+03 0.000000e+00 1.200000e+04 1.413496e-01 0.000000e+00 1.114722e-01 3.539951e+04 -8.899150e+04 -1.733854e+04 1.314915e+02 3.420243e+00 -6.349117e+03 -2.861566e+00 
4.200000e+03 0.000000e+00 1.200000e+04 1.411026e-01 0.000000e+00 1.093489e-01 4.034668e+04 -1.014034e+05 -1.976164e+04 1.250017e+02 3.177392e+00 -6.057790e+03 -2.845041e+00 
4.260000e+03 0.000000e+00 1.200000e+04 1.408263e-01 0.000000e+00 1.072607e-01 4.506623e+04 -1.132451e+05 -2.207326e+04 1.196167e+02 3.048326e+00 -5.774765e+03 -2.742692e+00 
4.320000e+03 0.000000e+00 1.200000e+04 1.405222e-01 0.000000e+00 1.052072e-01 4.956564e+04 -1.245356e+05 -2.427705e+04 1.157237e+02 2.951593e+00 -5.501184e+03 -2.681582e+00 
4.380000e+03 0.000000e+00 1.200000e+04 1.401916e-01 0.000000e+00 1.031884e-01 5.385099e+04 -1.352898e+05 -2.637600e+04 1.127667e+02 2.839199e+00 -5.236566e+03 -2.641414e+00 
4.440000e+03 0.000000e+00 1.200000e+04 1.398358e-01 0.000000e+00 1.012041e-01 5.793050e+04 -1.455284e+05 -2.837412e+04 1.110538e+02 2.709826e+00 -4.980677e+03 -2.479648e+00 
4.500000e+03 0.000000e+00 1.200000e+04 1.394559e-01 0.000000e+00 9.925383e-02 6.181127e+04 -1.552671e+05 -3.027491e+04 1.082439e+02 2.584997e+00 -4.735082e+03 -2.215179e+00 
4.560000e+03 0.000000e+00 1.200000e+04 1.390532e-01 0.000000e+00 9.733749e-02 6.550034e+04 -1.645234e+05 -3.208180e+04 1.041374e+02 2.490111e+00 -4.497759e+03 -1.944807e+00 
4.620000e+03 0.000000e+00 1.200000e+04 1.386289e-01 0.000000e+00 9.545474e-02 6.900553e+04 -1.733180e+05 -3.379863e+04 1.000389e+02 2.375096e+00 -4.268105e+03 -1.741840e+00 
4.680000e+03 0.000000e+00 1.200000e+04 1.381841e-01 0.000000e+00 9.360526e-02 7.233203e+04 -1.816635e+05 -3.542793e+04 9.529309e+01 2.222071e+00 -4.046551e+03 -1.598287e+00 
4.740000e+03 0.000000e+00 1.200000e+04 1.377198e-01 0.000000e+00 9.178873e-02 7.548542e+04 -1.895753e+05 -3.697245e+04 9.153641e+01 2.021273e+00 -3.832876e+03 -1.445440e+00 
4.800000e+03 0.000000e+00 1.200000e+04 1.372370e-01 0.000000e+00 9.000479e-02 7.847295e+04 -1.970724e+05 -3.843573e+04 8.929873e+01 1.739538e+00 -3.627828e+03 -1.236419e+00 
4.860000e+03 0.000000e+00 1.200000e+04 1.367368e-01 0.000000e+00 8.825306e-02 8.130052e+04 -2.041674e+05 -3.982067e+04 8.647551e+01 1.444272e+00 -3.430832e+03 -9.944215e-01 
4.920000e+03 0.000000e+00 1.200000e+04 1.362202e-01 0.000000e+00 8.653318e-02 8.397495e+04 -2.108770e+05 -4.113059e+04 8.271402e+01 1.180616e+00 -3.240988e+03 -8.226819e-01 
4.980000e+03 0.000000e+00 1.200000e+04 1.356879e-01 0.000000e+00 8.484474e-02 8.650246e+04 -2.172169e+05 -4.236855e+04 7.809569e+01 9.063165e-01 -3.059314e+03 -8.050312e-01 
5.040000e+03 0.000000e+00 1.200000e+04 1.351410e-01 0.000000e+00 8.318735e-02 8.888704e+04 -2.231983e+05 -4.353651e+04 7.373126e+01 5.736091e-01 -2.884521e+03 -9.941516e-01 
5.100000e+03 0.000000e+00 1.200000e+04 1.345803e-01 0.000000e+00 8.156061e-02 9.113469e+04 -2.288379e+05 -4.463740e+04 7.119842e+01 1.737239e-01 -2.716133e+03 -1.217224e+00 
5.160000e+03 0.000000e+00 1.200000e+04 1.340065e-01 0.000000e+00 7.996408e-02 9.325052e+04 -2.341472e+05 -4.567373e+04 6.939469e+01 -1.714890e-01 -2.555353e+03 -1.243811e+00 
5.220000e+03 0.000000e+00 1.200000e+04 1.334205e-01 0.000000e+00 7.839734e-02 9.524006e+04 -2.391394e+05 -4.664820e+04 6.738591e+01 -4.012531e-01 -2.399937e+03 -1.154389e+00 
5.280000e+03 0.000000e+00 1.200000e+04 1.328230e-01 0.000000e+00 7.685998e-02 9.710876e+04 -2.438289e+05 -4.756347e+04 6.609791e+01 -5.616117e-01 -2.250750e+03 -1.038041e+00 
5.340000e+03 0.000000e+00 1.200000e+04 1.322148e-01 0.000000e+00 7.535155e-02 9.886162e+04 -2.482272e+05 -4.842202e+04 6.431545e+01 -6.407986e-01 -2.108399e+03 -1.018064e+00 
5.400000e+03 0.000000e+00 1.200000e+04 1.315964e-01 0.000000e+00 7.387163e-02 1.005034e+05 -2.523456e+05 -4.922614e+04 6.161545e+01 -6.706000e-01 -1.971520e+03 -1.243896e+00 
5.460000e+03 0.000000e+00 1.200000e+04 1.309687e-01 0.000000e+00 7.241975e-02 1.020391e+05 -2.561976e+05 -4.997836e+04 5.850325e+01 -7.216786e-01 -1.840387e+03 -1.468634e+00 
5.520000e+03 0.000000e+00 1.200000e+04 1.303322e-01 0.000000e+00 7.099549e-02 1.034729e+05 -2.597934e+05 -5.068062e+04 5.521952e+01 -8.013054e-01 -1.714850e+03 -1.451104e+00 
5.580000e+03 0.000000e+00 1.200000e+04 1.296875e-01 0.000000e+00 6.959841e-02 1.048078e+05 -2.631423e+05 -5.133445e+04 5.327269e+01 -8.302353e-01 -1.594800e+03 -1.216079e+00 
5.640000e+03 0.000000e+00 1.200000e+04 1.290353e-01 0.000000e+00 6.822806e-02 1.060488e+05 -2.662564e+05 -5.194226e+04 5.234940e+01 -7.359886e-01 -1.479195e+03 -7.188041e-01 
5.700000e+03 0.000000e+00 1.200000e+04 1.283760e-01 0.000000e+00 6.688400e-02 1.072006e+05 -2.691458e+05 -5.250642e+04 5.036846e+01 -5.219932e-01 -1.368779e+03 -9.923789e-02 
5.760000e+03 0.000000e+00 1.200000e+04 1.277101e-01 0.000000e+00 6.556582e-02 1.082674e+05 -2.718205e+05 -5.302894e+04 4.717278e+01 -2.360274e-01 -1.263098e+03 3.460850e-01 
5.820000e+03 0.000000e+00 1.200000e+04 1.270383e-01 0.000000e+00 6.427306e-02 1.092524e+05 -2.742898e+05 -5.351140e+04 4.385306e+01 3.621245e-02 -1.161187e+03 5.982051e-01 
5.880000e+03 0.000000e+00 1.200000e+04 1.263610e-01 0.000000e+00 6.300529e-02 1.101578e+05 -2.765598e+05 -5.395486e+04 4.110835e+01 2.739281e-01 -1.063778e+03 6.569343e-01 
5.940000e+03 0.000000e+00 1.200000e+04 1.256786e-01 0.000000e+00 6.176210e-02 1.109875e+05 -2.786397e+05 -5.436125e+04 3.828274e+01 4.825707e-01 -9.716278e+02 4.649080e-01 
6.000000e+03 0.000000e+00 1.200000e+04 1.249917e-01 0.000000e+00 6.054304e-02 1.117457e+05 -2.805394e+05 -5.473258e+04 3.499084e+01 5.878677e-01 -8.846088e+02 2.003068e-01 
6.060000e+03 0.000000e+00 1.200000e+04 1.243005e-01 0.000000e+00 5.934770e-02 1.124342e+05 -2.822660e+05 -5.506981e+04 3.320545e+01 5.904790e-01 -8.007820e+02 -4.498119e-02 
6.120000e+03 0.000000e+00 1.200000e+04 1.236056e-01 0.000000e+00 5.817566e-02 1.130572e+05 -2.838291e+05 -5.537496e+04 3.245997e+01 4.772954e-01 -7.205420e+02 -3.841682e-01 
6.180000e+03 0.000000e+00 1.200000e+04 1.229074e-01 0.000000e+00 5.702647e-02 1.136172e+05 -2.852344e+05 -5.564926e+04 3.198038e+01 2.042897e-01 -6.436913e+02 -6.978771e-01 
6.240000e+03 0.000000e+00 1.200000e+04 1.222061e-01 0.000000e+00 5.589974e-02 1.141177e+05 -2.864900e+05 -5.589438e+04 3.130211e+01 -1.291189e-01 -5.704398e+02 -8.492795e-01 
6.300000e+03 0.000000e+00 1.200000e+04 1.215022e-01 0.000000e+00 5.479505e-02 1.145625e+05 -2.876040e+05 -5.611223e+04 2.877900e+01 -5.123867e-01 -5.013663e+02 -8.635395e-01 
6.360000e+03 0.000000e+00 1.200000e+04 1.207959e-01 0.000000e+00 5.371202e-02 1.149519e+05 -2.885786e+05 -5.630296e+04 2.590861e+01 -9.473338e-01 -4.351350e+02 -6.838275e-01 
6.420000e+03 0.000000e+00 1.200000e+04 1.200876e-01 0.000000e+00 5.265023e-02 1.152893e+05 -2.894238e+05 -5.646822e+04 2.410577e+01 -1.333431e+00 -3.720774e+02 -4.029018e-01 
6.480000e+03 0.000000e+00 1.200000e+04 1.193777e-01 0.000000e+00 5.160931e-02 1.155768e+05 -2.901448e+05 -5.660905e+04 2.341566e+01 -1.664002e+00 -3.116912e+02 -1.208146e-01 
6.540000e+03 0.000000e+00 1.200000e+04 1.186663e-01 0.000000e+00 5.058885e-02 1.158165e+05 -2.907459e+05 -5.672643e+04 2.293005e+01 -1.914743e+00 -2.536284e+02 2.912205e-01 
6.600000e+03 0.000000e+00 1.200000e+04 1.179538e-01 0.000000e+00 4.958849e-02 1.160122e+05 -2.912363e+05 -5.682230e+04 2.202762e+01 -2.123683e+00 -1.987055e+02 8.125401e-01 
6.660000e+03 0.000000e+00 1.200000e+04 1.172404e-01 0.000000e+00 4.860785e-02 1.161646e+05 -2.916188e+05 -5.689694e+04 2.196077e+01 -2.385090e+00 -1.465733e+02 1.306713e+00 
6.720000e+03 0.000000e+00 1.200000e+04 1.165264e-01 0.000000e+00 4.764654e-02 1.162757e+05 -2.918975e+05 -5.695138e+04 2.168827e+01 -2.613639e+00 -9.637385e+01 1.725892e+00 
6.780000e+03 0.000000e+00 1.200000e+04 1.158120e-01 0.000000e+00 4.670422e-02 1.163490e+05 -2.920806e+05 -5.698725e+04 2.093994e+01 -2.761036e+00 -4.843504e+01 2.055344e+00 
6.840000e+03 0.000000e+00 1.200000e+04 1.150975e-01 0.000000e+00 4.578053e-02 1.163851e+05 -2.921710e+05 -5.700496e+04 2.059354e+01 -2.866022e+00 -3.841201e+00 2.335836e+00 
6.900000e+03 0.000000e+00 1.200000e+04 1.143830e-01 0.000000e+00 4.487510e-02 1.163859e+05 -2.921719e+05 -5.700532e+04 1.966313e+01 -2.888329e+00 3.905609e+01 2.604672e+00 
6.960000e+03 0.000000e+00 1.200000e+04 1.136688e-01 0.000000e+00 4.398759e-02 1.163537e+05 -2.920896e+05 -5.698956e+04 1.811621e+01 -2.846819e+00 8.004568e+01 2.815550e+00 
7.020000e+03 0.000000e+00 1.200000e+04 1.129550e-01 0.000000e+00 4.311766e-02 1.162901e+05 -2.919275e+05 -5.695840e+04 1.566170e+01 -2.790337e+00 1.176980e+02 2.875999e+00 
7.080000e+03 0.000000e+00 1.200000e+04 1.122419e-01 0.000000e+00 4.226497e-02 1.161965e+05 -2.916894e+05 -5.691256e+04 1.258369e+01 -2.710708e+00 1.538160e+02 2.720973e+00 
7.140000e+03 0.000000e+00 1.200000e+04 1.115296e-01 0.000000e+00 4.142920e-02 1.160743e+05 -2.913811e+05 -5.685272e+04 1.093000e+01 -2.641626e+00 1.885604e+02 2.375239e+00 
7.200000e+03 0.000000e+00 1.200000e+04 1.108183e-01 0.000000e+00 4.061002e-02 1.159245e+05 -2.910046e+05 -5.677934e+04 1.044214e+01 -2.623177e+00 2.216690e+02 1.929766e+00 
7.260000e+03 0.000000e+00 1.200000e+04 1.101082e-01 0.000000e+00 3.980711e-02 1.157479e+05 -2.905614e+05 -5.669285e+04 1.054999e+01 -2.689402e+00 2.529462e+02 1.497401e+00 
7.320000e+03 0.000000e+00 1.200000e+04 1.093993e-01 0.000000e+00 3.902015e-02 1.155470e+05 -2.900577e+05 -5.659446e+04 1.113493e+01 -2.869972e+00 2.830828e+02 1.243237e+00 
7.380000e+03 0.000000e+00 1.200000e+04 1.086919e-01 0.000000e+00 3.824884e-02 1.153240e+05 -2.894972e+05 -5.648521e+04 1.048410e+01 -3.104187e+00 3.113539e+02 1.165792e+00 
7.440000e+03 0.000000e+00 1.200000e+04 1.079861e-01 0.000000e+00 3.749286e-02 1.150792e+05 -2.888812e+05 -5.636530e+04 9.056248e+00 -3.315966e+00 3.367157e+02 1.115223e+00 
7.500000e+03 0.000000e+00 1.200000e+04 1.072819e-01 0.000000e+00 3.675191e-02 1.148129e+05 -2.882136e+05 -5.623489e+04 9.736629e+00 -3.461755e+00 3.617518e+02 1.196886e+00 
7.560000e+03 0.000000e+00 1.200000e+04 1.065796e-01 0.000000e+00 3.602572e-02 1.145265e+05 -2.874965e+05 -5.609462e+04 1.151057e+01 -3.486392e+00 3.849433e+02 1.380502e+00 
7.620000e+03 0.000000e+00 1.200000e+04 1.058792e-01 0.000000e+00 3.531400e-02 1.142223e+05 -2.867319e+05 -5.594560e+04 1.073745e+01 -3.424226e+00 4.061541e+02 1.389440e+00 
7.680000e+03 0.000000e+00 1.200000e+04 1.051808e-01 0.000000e+00 3.461647e-02 1.139019e+05 -2.859251e+05 -5.578868e+04 8.110713e+00 -3.351845e+00 4.278143e+02 1.219703e+00 
7.740000e+03 0.000000e+00 1.200000e+04 1.044845e-01 0.000000e+00 3.393285e-02 1.135646e+05 -2.850771e+05 -5.562347e+04 6.778271e+00 -3.292832e+00 4.480561e+02 8.819226e-01 
7.800000e+03 0.000000e+00 1.200000e+04 1.037905e-01 0.000000e+00 3.326288e-02 1.132097e+05 -2.841868e+05 -5.544964e+04 7.375940e+00 -3.239899e+00 4.664970e+02 4.584891e-01 
7.860000e+03 0.000000e+00 1.200000e+04 1.030988e-01 0.000000e+00 3.260628e-02 1.128407e+05 -2.832608e+05 -5.526890e+04 7.662590e+00 -3.142844e+00 4.838587e+02 2.396445e-01 
7.920000e+03 0.000000e+00 1.200000e+04 1.024095e-01 0.000000e+00 3.196278e-02 1.124599e+05 -2.823038e+05 -5.508238e+04 6.586798e+00 -3.042219e+00 5.005223e+02 1.545161e-01 
7.980000e+03 0.000000e+00 1.200000e+04 1.017227e-01 0.000000e+00 3.133215e-02 1.120655e+05 -2.813131e+05 -5.488921e+04 5.943248e+00 -3.005320e+00 5.171645e+02 2.763088e-02 
8.040000e+03 0.000000e+00 1.200000e+04 1.010385e-01 0.000000e+00 3.071414e-02 1.116571e+05 -2.802892e+05 -5.468921e+04 7.005860e+00 -2.926475e+00 5.323798e+02 2.572760e-03 
8.100000e+03 0.000000e+00 1.200000e+04 1.003568e-01 0.000000e+00 3.010849e-02 1.112373e+05 -2.792368e+05 -5.448357e+04 8.461949e+00 -2.720907e+00 5.455169e+02 1.960467e-01 
8.160000e+03 0.000000e+00 1.200000e+04 9.967788e-02 0.000000e+00 2.951496e-02 1.108083e+05 -2.781593e+05 -5.427346e+04 7.815418e+00 -2.452571e+00 5.568846e+02 5.542751e-01 
8.220000e+03 0.000000e+00 1.200000e+04 9.900168e-02 0.000000e+00 2.893333e-02 1.103695e+05 -2.770566e+05 -5.405854e+04 6.624496e+00 -2.131373e+00 5.686744e+02 9.308793e-01 
8.280000e+03 0.000000e+00 1.200000e+04 9.832827e-02 0.000000e+00 2.836337e-02 1.099199e+05 -2.759292e+05 -5.383832e+04 7.824495e+00 -1.707111e+00 5.811984e+02 1.173174e+00 
8.340000e+03 0.000000e+00 1.200000e+04 9.765772e-02 0.000000e+00 2.780485e-02 1.094613e+05 -2.747795e+05 -5.361368e+04 9.394981e+00 -1.253342e+00 5.916582e+02 1.193902e+00 
8.400000e+03 0.000000e+00 1.200000e+04 9.699008e-02 0.000000e+00 2.725756e-02 1.089959e+05 -2.736103e+05 -5.338575e+04 8.295763e+00 -9.325866e-01 6.010398e+02 9.997316e-01 
8.460000e+03 0.000000e+00 1.200000e+04 9.632541e-02 0.000000e+00 2.672125e-02 1.085249e+05 -2.724248e+05 -5.315507e+04 5.011891e+00 -8.732229e-01 6.093190e+02 7.187522e-01 
8.520000e+03 0.000000e+00 1.200000e+04 9.566373e-02 0.000000e+00 2.619573e-02 1.080466e+05 -2.712221e+05 -5.292078e+04 3.042783e+00 -1.061224e+00 6.170559e+02 5.020679e-01 
8.580000e+03 0.000000e+00 1.200000e+04 9.500508e-02 0.000000e+00 2.568078e-02 1.075593e+05 -2.700001e+05 -5.268212e+04 4.215634e+00 -1.336938e+00 6.252190e+02 3.884847e-01 
8.640000e+03 0.000000e+00 1.200000e+04 9.434951e-02 0.000000e+00 2.517621e-02 1.070657e+05 -2.687626e+05 -5.244034e+04 5.848233e+00 -1.594285e+00 6.319999e+02 2.804129e-01 
8.700000e+03 0.000000e+00 1.200000e+04 9.369704e-02 0.000000e+00 2.468180e-02 1.065687e+05 -2.675142e+05 -5.219691e+04 5.020071e+00 -1.871821e+00 6.376170e+02 1.107287e-01 
8.760000e+03 0.000000e+00 1.200000e+04 9.304769e-02 0.000000e+00 2.419735e-02 1.060678e+05 -2.662545e+05 -5.195156e+04 2.713765e+00 -2.235425e+00 6.430481e+02 -5.314009e-02 
8.820000e+03 0.000000e+00 1.200000e+04 9.240149e-02 0.000000e+00 2.372269e-02 1.055610e+05 -2.649814e+05 -5.170336e+04 1.748734e+00 -2.659410e+00 6.491197e+02 -2.018031e-02 
8.880000e+03 0.000000e+00 1.200000e+04 9.175848e-02 0.000000e+00 2.325762e-02 1.050490e+05 -2.636970e+05 -5.145257e+04 2.597497e+00 -3.029581e+00 6.546833e+02 3.333960e-01 
8.940000e+03 0.000000e+00 1.200000e+04 9.111866e-02 0.000000e+00 2.280197e-02 1.045339e+05 -2.624039e+05 -5.120028e+04 2.466143e+00 -3.218044e+00 6.588135e+02 8.087154e-01 
9.000000e+03 0.000000e+00 1.200000e+04 9.048205e-02 0.000000e+00 2.235554e-02 1.040159e+05 -2.611018e+05 -5.094655e+04 7.444003e-01 -3.170603e+00 6.634101e+02 1.236724e+00 
9.060000e+03 0.000000e+00 1.200000e+04 8.984868e-02 0.000000e+00 2.191818e-02 1.034942e+05 -2.597915e+05 -5.069105e+04 -1.483827e-01 -2.947877e+00 6.676667e+02 1.641837e+00 
9.120000e+03 0.000000e+00 1.200000e+04 8.921857e-02 0.000000e+00 2.148970e-02 1.029683e+05 -2.584725e+05 -5.043345e+04 1.093769e+00 -2.595528e+00 6.702498e+02 1.852358e+00 
9.180000e+03 0.000000e+00 1.200000e+04 8.859172e-02 0.000000e+00 2.106993e-02 1.024399e+05 -2.571476e+05 -5.017466e+04 2.446712e+00 -2.144176e+00 6.720808e+02 1.677940e+00 
9.240000e+03 0.000000e+00 1.200000e+04 8.796817e-02 0.000000e+00 2.065871e-02 1.019116e+05 -2.558201e+05 -4.991587e+04 1.250289e+00 -1.725630e+00 6.731762e+02 1.194870e+00 
9.300000e+03 0.000000e+00 1.200000e+04 8.734791e-02 0.000000e+00 2.025586e-02 1.013820e+05 -2.544886e+05 -4.965647e+04 -8.079089e-01 -1.415633e+00 6.742313e+02 6.922298e-01 
9.360000e+03 0.000000e+00 1.200000e+04 8.673095e-02 0.000000e+00 1.986124e-02 1.008493e+05 -2.531516e+05 -4.939558e+04 -7.522357e-01 -1.173602e+00 6.759960e+02 4.817076e-01 
9.420000e+03 0.000000e+00 1.200000e+04 8.611730e-02 0.000000e+00 1.947467e-02 1.003139e+05 -2.518095e+05 -4.913336e+04 1.004595e+00 -8.953380e-01 6.779057e+02 5.477499e-01 
9.480000e+03 0.000000e+00 1.200000e+04 8.550697e-02 0.000000e+00 1.909602e-02 9.977735e+04 -2.504644e+05 -4.887054e+04 2.933454e+00 -4.901946e-01 6.793054e+02 6.288765e-01 
9.540000e+03 0.000000e+00 1.200000e+04 8.489996e-02 0.000000e+00 1.872514e-02 9.924132e+04 -2.491193e+05 -4.860799e+04 3.282340e+00 -4.923812e-02 6.804275e+02 5.133193e-01 
9.600000e+03 0.000000e+00 1.200000e+04 8.429628e-02 0.000000e+00 1.836186e-02 9.870594e+04 -2.477743e+05 -4.834577e+04 2.243945e+00 3.348472e-01 6.821162e+02 1.515653e-01 
9.660000e+03 0.000000e+00 1.200000e+04 8.369591e-02 0.000000e+00 1.800604e-02 9.816980e+04 -2.464274e+05 -4.808317e+04 1.112982e+00 7.100832e-01 6.828864e+02 -3.222316e-01 
9.720000e+03 0.000000e+00 1.200000e+04 8.309887e-02 0.000000e+00 1.765755e-02 9.763474e+04 -2.450816e+05 -4.782110e+04 -1.574936e+00 1.077575e+00 6.817960e+02 -8.049617e-01 
9.780000e+03 0.000000e+00 1.200000e+04 8.250514e-02 0.000000e+00 1.731626e-02 9.709930e+04 -2.437361e+05 -4.755884e+04 -2.923904e+00 1.403844e+00 6.809935e+02 -1.300198e+00 
9.840000e+03 0.000000e+00 1.200000e+04 8.191473e-02 0.000000e+00 1.698204e-02 9.656258e+04 -2.423907e+05 -4.729596e+04 -1.102341e+00 1.658118e+00 6.807236e+02 -1.768755e+00 
9.900000e+03 0.000000e+00 1.200000e+04 8.132763e-02 0.000000e+00 1.665473e-02 9.602580e+04 -2.410458e+05 -4.703304e+04 1.495077e+00 1.818843e+00 6.795266e+02 -2.072668e+00 
9.960000e+03 0.000000e+00 1.200000e+04 8.074385e-02 0.000000e+00 1.633420e-02 9.548903e+04 -2.397006e+05 -4.677014e+04 3.610566e+00 1.952166e+00 6.778429e+02 -2.068634e+00 
1.002000e+04 0.000000e+00 1.200000e+04 8.016338e-02 0.000000e+00 1.602031e-02 9.495497e+04 -2.383588e+05 -4.650856e+04 2.464912e+00 2.143614e+00 6.757991e+02 -1.796122e+00 
1.008000e+04 0.000000e+00 1.200000e+04 7.958620e-02 0.000000e+00 1.571294e-02 9.442331e+04 -2.370205e+05 -4.624815e+04 -1.263200e+00 2.460785e+00 6.735997e+02 -1.378310e+00 
1.014000e+04 0.000000e+00 1.200000e+04 7.901231e-02 0.000000e+00 1.541198e-02 9.389154e+04 -2.356828e+05 -4.598769e+04 -4.077686e+00 2.943652e+00 6.721228e+02 -9.134480e-01 
1.020000e+04 0.000000e+00 1.200000e+04 7.844170e-02 0.000000e+00 1.511731e-02 9.335987e+04 -2.343476e+05 -4.572728e+04 -4.750838e+00 3.561089e+00 6.712728e+02 -5.492164e-01 
1.026000e+04 0.000000e+00 1.200000e+04 7.787437e-02 0.000000e+00 1.482883e-02 9.282845e+04 -2.330154e+05 -4.546699e+04 -2.914220e+00 4.236349e+00 6.694486e+02 -3.169617e-01 
1.032000e+04 0.000000e+00 1.200000e+04 7.731031e-02 0.000000e+00 1.454641e-02 9.229882e+04 -2.316878e+05 -4.520759e+04 -1.122349e+00 4.860883e+00 6.655701e+02 -1.689007e-01 
1.038000e+04 0.000000e+00 1.200000e+04 7.674951e-02 0.000000e+00 1.426991e-02 9.177266e+04 -2.303668e+05 -4.494987e+04 -1.341221e+00 5.304542e+00 6.623271e+02 -1.161276e-01 
1.044000e+04 0.000000e+00 1.200000e+04 7.619195e-02 0.000000e+00 1.399924e-02 9.124791e+04 -2.290496e+05 -4.469285e+04 -1.251208e+00 5.557572e+00 6.604674e+02 -1.474802e-01 
1.050000e+04 0.000000e+00 1.200000e+04 7.563762e-02 0.000000e+00 1.373431e-02 9.072399e+04 -2.277352e+05 -4.443624e+04 -5.217961e-01 5.788730e+00 6.584588e+02 -2.486106e-01 
1.056000e+04 0.000000e+00 1.200000e+04 7.508651e-02 0.000000e+00 1.347499e-02 9.020221e+04 -2.264251e+05 -4.418068e+04 -8.941785e-01 6.072038e+00 6.565816e+02 -3.973191e-01 
1.062000e+04 0.000000e+00 1.200000e+04 7.453861e-02 0.000000e+00 1.322117e-02 8.968229e+04 -2.251193e+05 -4.392602e+04 -1.552551e+00 6.287406e+00 6.540988e+02 -6.587615e-01 
1.068000e+04 0.000000e+00 1.200000e+04 7.399392e-02 0.000000e+00 1.297276e-02 8.916539e+04 -2.238214e+05 -4.367285e+04 -1.952953e+00 6.383555e+00 6.514814e+02 -1.115687e+00 
1.074000e+04 0.000000e+00 1.200000e+04 7.345240e-02 0.000000e+00 1.272967e-02 8.865130e+04 -2.225310e+05 -4.342105e+04 -1.870768e+00 6.359061e+00 6.489034e+02 -1.558792e+00 
1.080000e+04 0.000000e+00 1.200000e+04 7.291404e-02 0.000000e+00 1.249177e-02 8.813956e+04 -2.212469e+05 -4.317040e+04 -1.329217e+00 6.067237e+00 6.454213e+02 -1.681763e+00 
1.086000e+04 0.000000e+00 1.200000e+04 7.237885e-02 0.000000e+00 1.225896e-02 8.763070e+04 -2.199696e+05 -4.292116e+04 -1.390233e+00 5.446990e+00 6.426007e+02 -1.420396e+00 
1.092000e+04 0.000000e+00 1.200000e+04 7.184678e-02 0.000000e+00 1.203117e-02 8.712335e+04 -2.186959e+05 -4.267266e+04 -1.542755e+00 4.734039e+00 6.402137e+02 -9.123732e-01 
1.098000e+04 0.000000e+00 1.200000e+04 7.131781e-02 0.000000e+00 1.180829e-02 8.661686e+04 -2.174251e+05 -4.242458e+04 -8.433751e-01 4.153809e+00 6.370059e+02 -2.626646e-01 
1.104000e+04 0.000000e+00 1.200000e+04 7.079196e-02 0.000000e+00 1.159023e-02 8.611347e+04 -2.161622e+05 -4.217803e+04 -1.955117e-01 3.622158e+00 6.332874e+02 4.706299e-01 
1.110000e+04 0.000000e+00 1.200000e+04 7.026919e-02 0.000000e+00 1.137690e-02 8.561319e+04 -2.149069e+05 -4.193299e+04 3.182203e-01 3.024391e+00 6.296575e+02 1.029821e+00 
1.116000e+04 0.000000e+00 1.200000e+04 6.974948e-02 0.000000e+00 1.116825e-02 8.511555e+04 -2.136577e+05 -4.168925e+04 3.462808e-01 2.497669e+00 6.269579e+02 1.228587e+00 
1.122000e+04 0.000000e+00 1.200000e+04 6.923280e-02 0.000000e+00 1.096416e-02 8.462178e+04 -2.124171e+05 -4.144740e+04 -8.066908e-01 2.061332e+00 6.244537e+02 1.278887e+00 
1.128000e+04 0.000000e+00 1.200000e+04 6.871918e-02 0.000000e+00 1.076455e-02 8.413038e+04 -2.111826e+05 -4.120672e+04 -1.783173e+00 1.532281e+00 6.209147e+02 1.361461e+00 
1.134000e+04 0.000000e+00 1.200000e+04 6.820858e-02 0.000000e+00 1.056933e-02 8.364207e+04 -2.099558e+05 -4.096755e+04 -2.904252e+00 9.298290e-01 6.168904e+02 1.403794e+00 
1.140000e+04 0.000000e+00 1.200000e+04 6.770095e-02 0.000000e+00 1.037843e-02 8.315704e+04 -2.087370e+05 -4.072998e+04 -4.183102e+00 4.190413e-01 6.128283e+02 1.401194e+00 
1.146000e+04 0.000000e+00 1.200000e+04 6.719629e-02 0.000000e+00 1.019175e-02 8.267442e+04 -2.075250e+05 -4.049359e+04 -4.654069e+00 -5.834834e-02 6.088637e+02 1.508881e+00 
1.152000e+04 0.000000e+00 1.200000e+04 6.669461e-02 0.000000e+00 1.000923e-02 8.219379e+04 -2.063189e+05 -4.025818e+04 -4.234822e+00 -6.596579e-01 6.052660e+02 1.831563e+00 
1.158000e+04 0.000000e+00 1.200000e+04 6.619587e-02 0.000000e+00 9.830792e-03 8.171598e+04 -2.051202e+05 -4.002416e+04 -3.575196e+00 -1.335040e+00 6.012399e+02 2.197763e+00 
1.164000e+04 0.000000e+00 1.200000e+04 6.570005e-02 0.000000e+00 9.656350e-03 8.124193e+04 -2.039310e+05 -3.979196e+04 -2.831090e+00 -2.040597e+00 5.970100e+02 2.294464e+00 
1.170000e+04 0.000000e+00 1.200000e+04 6.520714e-02 0.000000e+00 9.485829e-03 8.077115e+04 -2.027494e+05 -3.956138e+04 -2.671177e+00 -2.865368e+00 5.932002e+02 2.112004e+00 
1.176000e+04 0.000000e+00 1.200000e+04 6.471711e-02 0.000000e+00 9.319154e-03 8.030350e+04 -2.015746e+05 -3.933232e+04 -3.562235e+00 -3.793487e+00 5.892405e+02 1.988448e+00 
1.182000e+04 0.000000e+00 1.200000e+04 6.422994e-02 0.000000e+00 9.156254e-03 7.983875e+04 -2.004076e+05 -3.910469e+04 -3.954176e+00 -4.660290e+00 5.849637e+02 2.167886e+00 
1.188000e+04 0.000000e+00 1.200000e+04 6.374560e-02 0.000000e+00 8.997064e-03 7.937752e+04 -1.992496e+05 -3.887879e+04 -4.220819e+00 -5.333649e+00 5.803951e+02 2.489102e+00 
1.194000e+04 0.000000e+00 1.200000e+04 6.326407e-02 0.000000e+00 8.841522e-03 7.891934e+04 -1.980986e+05 -3.865437e+04 -5.098704e+00 -5.761415e+00 5.757132e+02 2.602996e+00 
1.200000e+04 0.000000e+00 1.200000e+04 6.278533e-02 0.000000e+00 8.689567e-03 7.846448e+04 -1.969560e+05 -3.843158e+04 -5.893555e+00 -6.056987e+00 5.718318e+02 2.429793e+00 
1.206000e+04 0.000000e+00 1.200000e+04 6.230940e-02 0.000000e+00 8.541129e-03 7.801359e+04 -1.958232e+05 -3.821074e+04 -6.849922e+00 -6.472121e+00 5.689197e+02 2.233761e+00 
1.212000e+04 0.000000e+00 1.200000e+04 6.183623e-02 0.000000e+00 8.396132e-03 7.756509e+04 -1.946965e+05 -3.799106e+04 -7.737025e+00 -6.941859e+00 5.657627e+02 2.283177e+00 
1.218000e+04 0.000000e+00 1.200000e+04 6.136579e-02 0.000000e+00 8.254513e-03 7.711805e+04 -1.935743e+05 -3.777211e+04 -7.727754e+00 -7.138708e+00 5.615113e+02 2.566302e+00 
1.224000e+04 0.000000e+00 1.200000e+04 6.089808e-02 0.000000e+00 8.116209e-03 7.667361e+04 -1.924596e+05 -3.755442e+04 -6.823157e+00 -7.031758e+00 5.565735e+02 2.836435e+00 
1.230000e+04 0.000000e+00 1.200000e+04 6.043307e-02 0.000000e+00 7.981166e-03 7.623216e+04 -1.913537e+05 -3.733820e+04 -4.562684e+00 -6.814764e+00 5.522745e+02 2.918515e+00 
1.236000e+04 0.000000e+00 1.200000e+04 5.997076e-02 0.000000e+00 7.849323e-03 7.579360e+04 -1.902562e+05 -3.712340e+04 -1.188704e+00 -6.496398e+00 5.486615e+02 2.867210e+00 
1.242000e+04 0.000000e+00 1.200000e+04 5.951111e-02 0.000000e+00 7.720602e-03 7.535926e+04 -1.891685e+05 -3.691066e+04 1.360111e+00 -5.996722e+00 5.453158e+02 2.793019e+00 
1.248000e+04 0.000000e+00 1.200000e+04 5.905410e-02 0.000000e+00 7.594939e-03 7.492964e+04 -1.880903e+05 -3.670023e+04 1.646577e+00 -5.372434e+00 5.427341e+02 2.738138e+00 
1.254000e+04 0.000000e+00 1.200000e+04 5.859970e-02 0.000000e+00 7.472291e-03 7.450450e+04 -1.870214e+05 -3.649200e+04 -1.155658e-01 -4.701312e+00 5.399576e+02 2.660927e+00 
1.260000e+04 0.000000e+00 1.200000e+04 5.814790e-02 0.000000e+00 7.352616e-03 7.408226e+04 -1.859600e+05 -3.628519e+04 -1.576920e+00 -3.978869e+00 5.359547e+02 2.394700e+00 
1.266000e+04 0.000000e+00 1.200000e+04 5.769867e-02 0.000000e+00 7.235852e-03 7.366206e+04 -1.849052e+05 -3.607938e+04 -1.571664e+00 -3.167966e+00 5.308782e+02 1.711013e+00 
1.272000e+04 0.000000e+00 1.200000e+04 5.725201e-02 0.000000e+00 7.121941e-03 7.324590e+04 -1.838607e+05 -3.587554e+04 -1.406355e+00 -2.388449e+00 5.257828e+02 5.327235e-01 
1.278000e+04 0.000000e+00 1.200000e+04 5.680790e-02 0.000000e+00 7.010832e-03 7.283246e+04 -1.828239e+05 -3.567304e+04 -4.664953e-01 -1.902029e+00 5.214237e+02 -8.896400e-01 
1.284000e+04 0.000000e+00 1.200000e+04 5.636632e-02 0.000000e+00 6.902466e-03 7.242107e+04 -1.817926e+05 -3.547154e+04 9.238745e-01 -1.753272e+00 5.172929e+02 -2.134838e+00 
1.290000e+04 0.000000e+00 1.200000e+04 5.592727e-02 0.000000e+00 6.796773e-03 7.201391e+04 -1.807701e+05 -3.527212e+04 5.209891e-01 -1.761337e+00 5.127661e+02 -2.923829e+00 
1.296000e+04 0.000000e+00 1.200000e+04 5.549071e-02 0.000000e+00 6.693688e-03 7.161155e+04 -1.797583e+05 -3.507504e+04 -1.333299e+00 -1.763506e+00 5.077385e+02 -3.163589e+00 
1.302000e+04 0.000000e+00 1.200000e+04 5.505658e-02 0.000000e+00 6.593161e-03 7.121226e+04 -1.787549e+05 -3.487947e+04 -2.438864e+00 -1.654127e+00 5.033282e+02 -2.848514e+00 
1.308000e+04 0.000000e+00 1.200000e+04 5.462489e-02 0.000000e+00 6.495163e-03 7.081454e+04 -1.777572e+05 -3.468467e+04 -1.727610e+00 -1.374855e+00 4.997968e+02 -2.155976e+00 
1.314000e+04 0.000000e+00 1.200000e+04 5.419561e-02 0.000000e+00 6.399667e-03 7.041901e+04 -1.767654e+05 -3.449094e+04 -7.055444e-01 -8.926212e-01 4.960082e+02 -1.484401e+00 
1.320000e+04 0.000000e+00 1.200000e+04 5.376874e-02 0.000000e+00 6.306626e-03 7.002842e+04 -1.757833e+05 -3.429963e+04 -2.362040e+00 -2.576860e-01 4.911694e+02 -1.108258e+00 
1.326000e+04 0.000000e+00 1.200000e+04 5.334425e-02 0.000000e+00 6.215985e-03 6.964133e+04 -1.748095e+05 -3.411004e+04 -4.479736e+00 3.800994e-01 4.857869e+02 -8.895743e-01 
1.332000e+04 0.000000e+00 1.200000e+04 5.292212e-02 0.000000e+00 6.127696e-03 6.925470e+04 -1.738399e+05 -3.392067e+04 -3.533709e+00 9.676911e-01 4.808842e+02 -4.900817e-01 
1.338000e+04 0.000000e+00 1.200000e+04 5.250236e-02 0.000000e+00 6.041715e-03 6.887138e+04 -1.728796e+05 -3.373292e+04 -1.652734e+00 1.541273e+00 4.760677e+02 1.357262e-01 
1.344000e+04 0.000000e+00 1.200000e+04 5.208493e-02 0.000000e+00 5.957994e-03 6.849305e+04 -1.719306e+05 -3.354762e+04 -9.789837e-01 2.081023e+00 4.713583e+02 5.743579e-01 
1.350000e+04 0.000000e+00 1.200000e+04 5.166980e-02 0.000000e+00 5.876491e-03 6.811864e+04 -1.709896e+05 -3.336423e+04 -2.053459e+00 2.507497e+00 4.682987e+02 4.312253e-01 
1.356000e+04 0.000000e+00 1.200000e+04 5.125696e-02 0.000000e+00 5.797175e-03 6.774644e+04 -1.700543e+05 -3.318193e+04 -3.056600e+00 2.777146e+00 4.666631e+02 -2.180177e-01 
1.362000e+04 0.000000e+00 1.200000e+04 5.084640e-02 0.000000e+00 5.720011e-03 6.737563e+04 -1.691246e+05 -3.300031e+04 -1.975492e+00 2.852379e+00 4.633685e+02 -1.062914e+00 
1.368000e+04 0.000000e+00 1.200000e+04 5.043811e-02 0.000000e+00 5.644933e-03 6.700801e+04 -1.682027e+05 -3.282025e+04 -1.054133e+00 2.617410e+00 4.579697e+02 -1.825750e+00 
1.374000e+04 0.000000e+00 1.200000e+04 5.003206e-02 0.000000e+00 5.571886e-03 6.664524e+04 -1.672917e+05 -3.264256e+04 -1.484677e+00 2.066298e+00 4.535581e+02 -2.131623e+00 
1.380000e+04 0.000000e+00 1.200000e+04 4.962824e-02 0.000000e+00 5.500838e-03 6.628516e+04 -1.663886e+05 -3.246620e+04 -7.351402e-01 1.416560e+00 4.503137e+02 -1.687417e+00 
1.386000e+04 0.000000e+00 1.200000e+04 4.922660e-02 0.000000e+00 5.431740e-03 6.592832e+04 -1.654931e+05 -3.229142e+04 -4.396878e-01 8.994282e-01 4.462149e+02 -6.228324e-01 
1.392000e+04 0.000000e+00 1.200000e+04 4.882712e-02 0.000000e+00 5.364545e-03 6.557645e+04 -1.646080e+05 -3.211908e+04 -2.245176e+00 5.715732e-01 4.417000e+02 7.164654e-01 
1.398000e+04 0.000000e+00 1.200000e+04 4.842977e-02 0.000000e+00 5.299240e-03 6.522815e+04 -1.637322e+05 -3.194848e+04 -3.740764e+00 4.021722e-01 4.382819e+02 2.136722e+00 
1.404000e+04 0.000000e+00 1.200000e+04 4.803454e-02 0.000000e+00 5.235800e-03 6.488180e+04 -1.628629e+05 -3.177884e+04 -3.610255e+00 4.567118e-01 4.353224e+02 3.530715e+00 
1.410000e+04 0.000000e+00 1.200000e+04 4.764141e-02 0.000000e+00 5.174190e-03 6.453656e+04 -1.619982e+05 -3.160975e+04 -1.766687e+00 8.562300e-01 4.316421e+02 4.663926e+00 
1.416000e+04 0.000000e+00 1.200000e+04 4.725037e-02 0.000000e+00 5.114365e-03 6.419501e+04 -1.611411e+05 -3.144245e+04 -1.491485e+00 1.565466e+00 4.274874e+02 5.320296e+00 
1.422000e+04 0.000000e+00 1.200000e+04 4.686140e-02 0.000000e+00 5.056291e-03 6.385842e+04 -1.602930e+05 -3.127759e+04 -4.667009e+00 2.423839e+00 4.234890e+02 5.584915e+00 
1.428000e+04 0.000000e+00 1.200000e+04 4.647448e-02 0.000000e+00 4.999947e-03 6.352384e+04 -1.594515e+05 -3.111372e+04 -6.288850e+00 3.366788e+00 4.197258e+02 5.693315e+00 
1.434000e+04 0.000000e+00 1.200000e+04 4.608961e-02 0.000000e+00 4.945297e-03 6.319067e+04 -1.586178e+05 -3.095053e+04 -3.657590e+00 4.376041e+00 4.157309e+02 5.654299e+00 
1.440000e+04 0.000000e+00 1.200000e+04 4.570675e-02 0.000000e+00 4.892293e-03 6.286094e+04 -1.577932e+05 -3.078903e+04 -6.340714e-01 5.347903e+00 4.120832e+02 5.388681e+00 
1.446000e+04 0.000000e+00 1.200000e+04 4.532589e-02 0.000000e+00 4.840905e-03 6.253456e+04 -1.569744e+05 -3.062917e+04 -7.034115e-02 6.243470e+00 4.092242e+02 5.031022e+00 
1.452000e+04 0.000000e+00 1.200000e+04 4.494702e-02 0.000000e+00 4.791106e-03 6.221153e+04 -1.561621e+05 -3.047095e+04 -1.535704e+00 7.077932e+00 4.060561e+02 4.658641e+00 
1.458000e+04 0.000000e+00 1.200000e+04 4.457013e-02 0.000000e+00 4.742855e-03 6.189331e+04 -1.553614e+05 -3.031509e+04 -3.474797e+00 7.672847e+00 4.018667e+02 4.075789e+00 
1.464000e+04 0.000000e+00 1.200000e+04 4.419519e-02 0.000000e+00 4.696116e-03 6.157787e+04 -1.545693e+05 -3.016059e+04 -3.683051e+00 7.848360e+00 3.975958e+02 3.194270e+00 
1.470000e+04 0.000000e+00 1.200000e+04 4.382218e-02 0.000000e+00 4.650862e-03 6.126406e+04 -1.537824e+05 -3.000689e+04 -2.870555e+00 7.671420e+00 3.938181e+02 2.299114e+00 
1.476000e+04 0.000000e+00 1.200000e+04 4.345107e-02 0.000000e+00 4.607065e-03 6.095290e+04 -1.530020e+05 -2.985448e+04 -2.246961e+00 7.243742e+00 3.894813e+02 1.735844e+00 
1.482000e+04 0.000000e+00 1.200000e+04 4.308187e-02 0.000000e+00 4.564691e-03 6.064348e+04 -1.522258e+05 -2.970293e+04 -1.696384e+00 6.615643e+00 3.843807e+02 1.588116e+00 
1.488000e+04 0.000000e+00 1.200000e+04 4.271456e-02 0.000000e+00 4.523704e-03 6.033664e+04 -1.514546e+05 -2.955264e+04 -2.636467e+00 5.881974e+00 3.798150e+02 1.743932e+00 
1.494000e+04 0.000000e+00 1.200000e+04 4.234912e-02 0.000000e+00 4.484072e-03 6.003226e+04 -1.506895e+05 -2.940356e+04 -3.754994e+00 5.194736e+00 3.768213e+02 2.057879e+00 
1.500000e+04 0.000000e+00 1.200000e+04 4.198554e-02 0.000000e+00 4.445764e-03 5.973202e+04 -1.499348e+05 -2.925650e+04 -4.737427e+00 4.648743e+00 3.741006e+02 2.385965e+00 
1.506000e+04 0.000000e+00 1.200000e+04 4.162377e-02 0.000000e+00 4.408746e-03 5.943694e+04 -1.491927e+05 -2.911197e+04 -6.199890e+00 4.168832e+00 3.697832e+02 2.612896e+00 
1.512000e+04 0.000000e+00 1.200000e+04 4.126380e-02 0.000000e+00 4.372998e-03 5.914466e+04 -1.484587e+05 -2.896881e+04 -6.446541e+00 3.629256e+00 3.651862e+02 2.792554e+00 
1.518000e+04 0.000000e+00 1.200000e+04 4.090559e-02 0.000000e+00 4.338504e-03 5.885473e+04 -1.477309e+05 -2.882680e+04 -6.489076e+00 3.006329e+00 3.617970e+02 3.141163e+00 
1.524000e+04 0.000000e+00 1.200000e+04 4.054915e-02 0.000000e+00 4.305243e-03 5.856696e+04 -1.470078e+05 -2.868586e+04 -7.274410e+00 2.399266e+00 3.587858e+02 3.792963e+00 
1.530000e+04 0.000000e+00 1.200000e+04 4.019446e-02 0.000000e+00 4.273196e-03 5.827953e+04 -1.462874e+05 -2.854508e+04 -6.165003e+00 1.973607e+00 3.557557e+02 4.675968e+00 
1.536000e+04 0.000000e+00 1.200000e+04 3.984152e-02 0.000000e+00 4.242333e-03 5.799382e+04 -1.455730e+05 -2.840514e+04 -3.331886e+00 1.868207e+00 3.522340e+02 5.519488e+00 
1.542000e+04 0.000000e+00 1.200000e+04 3.949029e-02 0.000000e+00 4.212616e-03 5.771263e+04 -1.448691e+05 -2.826741e+04 -1.385465e+00 2.038227e+00 3.484742e+02 6.025621e+00 
1.548000e+04 0.000000e+00 1.200000e+04 3.914075e-02 0.000000e+00 4.184023e-03 5.743508e+04 -1.441730e+05 -2.813147e+04 -7.968015e-01 2.313155e+00 3.458111e+02 6.180300e+00 
1.554000e+04 0.000000e+00 1.200000e+04 3.879290e-02 0.000000e+00 4.156539e-03 5.716018e+04 -1.434822e+05 -2.799682e+04 -1.505656e+00 2.609920e+00 3.428259e+02 6.092203e+00 
1.560000e+04 0.000000e+00 1.200000e+04 3.844673e-02 0.000000e+00 4.130131e-03 5.688839e+04 -1.427978e+05 -2.786370e+04 -3.628172e+00 2.873738e+00 3.392792e+02 5.747045e+00 
1.566000e+04 0.000000e+00 1.200000e+04 3.810221e-02 0.000000e+00 4.104772e-03 5.662046e+04 -1.421221e+05 -2.773247e+04 -6.767913e+00 3.020175e+00 3.371580e+02 5.244806e+00 
1.572000e+04 0.000000e+00 1.200000e+04 3.775934e-02 0.000000e+00 4.080449e-03 5.635416e+04 -1.414520e+05 -2.760204e+04 -8.425293e+00 3.048440e+00 3.354650e+02 4.775648e+00 
1.578000e+04 0.000000e+00 1.200000e+04 3.741809e-02 0.000000e+00 4.057134e-03 5.608970e+04 -1.407877e+05 -2.747250e+04 -8.922741e+00 3.007572e+00 3.333359e+02 4.450387e+00 
1.584000e+04 0.000000e+00 1.200000e+04 3.707844e-02 0.000000e+00 4.034803e-03 5.582830e+04 -1.401314e+05 -2.734447e+04 -8.993714e+00 2.941940e+00 3.303880e+02 4.398483e+00 
1.590000e+04 0.000000e+00 1.200000e+04 3.674039e-02 0.000000e+00 4.013442e-03 5.556834e+04 -1.394818e+05 -2.721714e+04 -6.020826e+00 2.830940e+00 3.254939e+02 4.643569e+00 
1.596000e+04 0.000000e+00 1.200000e+04 3.640390e-02 0.000000e+00 3.993020e-03 5.531023e+04 -1.388386e+05 -2.709073e+04 -1.371780e+00 2.559894e+00 3.200054e+02 4.983107e+00 
1.602000e+04 0.000000e+00 1.200000e+04 3.606899e-02 0.000000e+00 3.973506e-03 5.505557e+04 -1.382017e+05 -2.696600e+04 9.280251e-01 2.126678e+00 3.160626e+02 5.204287e+00 
1.608000e+04 0.000000e+00 1.200000e+04 3.573562e-02 0.000000e+00 3.954873e-03 5.480469e+04 -1.375714e+05 -2.684312e+04 4.546263e-01 1.635057e+00 3.137100e+02 5.294008e+00 
1.614000e+04 0.000000e+00 1.200000e+04 3.540377e-02 0.000000e+00 3.937100e-03 5.455691e+04 -1.369487e+05 -2.672175e+04 -3.081923e-01 1.211850e+00 3.117712e+02 5.382215e+00 
1.620000e+04 0.000000e+00 1.200000e+04 3.507341e-02 0.000000e+00 3.920175e-03 5.431161e+04 -1.363330e+05 -2.660160e+04 -1.830494e-01 9.768341e-01 3.093669e+02 5.512255e+00 
1.626000e+04 0.000000e+00 1.200000e+04 3.474454e-02 0.000000e+00 3.904085e-03 5.406908e+04 -1.357243e+05 -2.648281e+04 -1.033912e-01 8.371163e-01 3.060326e+02 5.608436e+00 
1.632000e+04 0.000000e+00 1.200000e+04 3.441713e-02 0.000000e+00 3.888812e-03 5.383022e+04 -1.351241e+05 -2.636582e+04 -7.752554e-01 6.129794e-01 3.025707e+02 5.668603e+00 
1.638000e+04 0.000000e+00 1.200000e+04 3.409119e-02 0.000000e+00 3.874334e-03 5.359420e+04 -1.345306e+05 -2.625022e+04 -1.743191e+00 2.658767e-01 2.992008e+02 5.743730e+00 
1.644000e+04 0.000000e+00 1.200000e+04 3.376668e-02 0.000000e+00 3.860625e-03 5.335952e+04 -1.339410e+05 -2.613528e+04 -2.256415e+00 -1.637380e-01 2.948868e+02 5.747459e+00 
1.650000e+04 0.000000e+00 1.200000e+04 3.344360e-02 0.000000e+00 3.847661e-03 5.312771e+04 -1.333580e+05 -2.602174e+04 -3.381761e+00 -5.884452e-01 2.908968e+02 5.547806e+00 
1.656000e+04 0.000000e+00 1.200000e+04 3.312193e-02 0.000000e+00 3.835434e-03 5.289840e+04 -1.327813e+05 -2.590942e+04 -4.502436e+00 -9.430236e-01 2.888950e+02 5.205421e+00 
1.662000e+04 0.000000e+00 1.200000e+04 3.280165e-02 0.000000e+00 3.823942e-03 5.266910e+04 -1.322063e+05 -2.579711e+04 -3.911867e+00 -1.171042e+00 2.873469e+02 4.863302e+00 
1.668000e+04 0.000000e+00 1.200000e+04 3.248277e-02 0.000000e+00 3.813152e-03 5.244164e+04 -1.316347e+05 -2.568570e+04 -4.541848e+00 -1.159049e+00 2.832828e+02 4.396836e+00 
1.674000e+04 0.000000e+00 1.200000e+04 3.216526e-02 0.000000e+00 3.803030e-03 5.221889e+04 -1.310727e+05 -2.557660e+04 -7.413033e+00 -9.851459e-01 2.780703e+02 3.604489e+00 
1.680000e+04 0.000000e+00 1.200000e+04 3.184910e-02 0.000000e+00 3.793579e-03 5.199970e+04 -1.305217e+05 -2.546924e+04 -8.163178e+00 -9.158557e-01 2.750095e+02 2.677661e+00 
1.686000e+04 0.000000e+00 1.200000e+04 3.153427e-02 0.000000e+00 3.784798e-03 5.178142e+04 -1.299769e+05 -2.536233e+04 -5.068822e+00 -1.035513e+00 2.731044e+02 1.912888e+00 
1.692000e+04 0.000000e+00 1.200000e+04 3.122077e-02 0.000000e+00 3.776659e-03 5.156387e+04 -1.294355e+05 -2.525577e+04 -3.363108e-01 -1.273799e+00 2.718017e+02 1.347006e+00 
1.698000e+04 0.000000e+00 1.200000e+04 3.090858e-02 0.000000e+00 3.769132e-03 5.134808e+04 -1.288981e+05 -2.515008e+04 3.947855e+00 -1.573339e+00 2.696674e+02 8.349823e-01 
1.704000e+04 0.000000e+00 1.200000e+04 3.059770e-02 0.000000e+00 3.762176e-03 5.113721e+04 -1.283686e+05 -2.504679e+04 3.750925e+00 -1.931982e+00 2.644117e+02 7.742576e-02 
1.710000e+04 0.000000e+00 1.200000e+04 3.028809e-02 0.000000e+00 3.755767e-03 5.093158e+04 -1.278466e+05 -2.494608e+04 -2.102513e+00 -2.402855e+00 2.603057e+02 -9.040417e-01 
1.716000e+04 0.000000e+00 1.200000e+04 2.997974e-02 0.000000e+00 3.749926e-03 5.072692e+04 -1.273281e+05 -2.484584e+04 -6.778831e+00 -2.940329e+00 2.601899e+02 -1.483407e+00 
1.722000e+04 0.000000e+00 1.200000e+04 2.967266e-02 0.000000e+00 3.744655e-03 5.052079e+04 -1.268114e+05 -2.474488e+04 -6.083908e+00 -3.375077e+00 2.589339e+02 -1.362185e+00 
1.728000e+04 0.000000e+00 1.200000e+04 2.936683e-02 0.000000e+00 3.739901e-03 5.031750e+04 -1.263020e+05 -2.464531e+04 -5.156188e+00 -3.607295e+00 2.540721e+02 -1.040831e+00 
1.734000e+04 0.000000e+00 1.200000e+04 2.906220e-02 0.000000e+00 3.735643e-03 5.011923e+04 -1.258038e+05 -2.454820e+04 -5.729840e+00 -3.713281e+00 2.496036e+02 -9.180719e-01 
1.740000e+04 0.000000e+00 1.200000e+04 2.875878e-02 0.000000e+00 3.731888e-03 4.992329e+04 -1.253129e+05 -2.445222e+04 -4.778117e+00 -3.829078e+00 2.465885e+02 -8.401241e-01 
1.746000e+04 0.000000e+00 1.200000e+04 2.845654e-02 0.000000e+00 3.728621e-03 4.972841e+04 -1.248258e+05 -2.435677e+04 -2.654994e+00 -4.002611e+00 2.438723e+02 -6.224046e-01 
1.752000e+04 0.000000e+00 1.200000e+04 2.815548e-02 0.000000e+00 3.725830e-03 4.953445e+04 -1.243410e+05 -2.426177e+04 -5.753571e-01 -4.188510e+00 2.410820e+02 -3.626438e-01 
1.758000e+04 0.000000e+00 1.200000e+04 2.785560e-02 0.000000e+00 3.723493e-03 4.934349e+04 -1.238622e+05 -2.416824e+04 -6.375833e-02 -4.388123e+00 2.369294e+02 -2.391336e-01 
1.764000e+04 0.000000e+00 1.200000e+04 2.755687e-02 0.000000e+00 3.721592e-03 4.915585e+04 -1.233900e+05 -2.407633e+04 -1.193533e+00 -4.617004e+00 2.336881e+02 -1.020466e-01 
1.770000e+04 0.000000e+00 1.200000e+04 2.725928e-02 0.000000e+00 3.720136e-03 4.896877e+04 -1.229207e+05 -2.398470e+04 -9.285501e-01 -4.729536e+00 2.325472e+02 3.364925e-01 
1.776000e+04 0.000000e+00 1.200000e+04 2.696282e-02 0.000000e+00 3.719105e-03 4.878359e+04 -1.224563e+05 -2.389400e+04 -4.231116e-01 -4.574152e+00 2.296987e+02 7.884990e-01 
1.782000e+04 0.000000e+00 1.200000e+04 2.666748e-02 0.000000e+00 3.718454e-03 4.860420e+04 -1.220030e+05 -2.380614e+04 -3.401592e+00 -4.290037e+00 2.262512e+02 8.345399e-01 
1.788000e+04 0.000000e+00 1.200000e+04 2.637323e-02 0.000000e+00 3.718193e-03 4.842601e+04 -1.215546e+05 -2.371886e+04 -4.613488e+00 -4.095708e+00 2.254545e+02 7.875192e-01 
1.794000e+04 0.000000e+00 1.200000e+04 2.608006e-02 0.000000e+00 3.718333e-03 4.824691e+04 -1.211086e+05 -2.363114e+04 -1.049449e+00 -3.960690e+00 2.242479e+02 1.012378e+00 
1.800000e+04 0.000000e+00 1.200000e+04 2.578797e-02 0.000000e+00 3.718838e-03 4.807121e+04 -1.206698e+05 -2.354508e+04 1.264489e+00 -3.786884e+00 2.206826e+02 1.185235e+00 
1.806000e+04 0.000000e+00 1.200000e+04 2.549694e-02 0.000000e+00 3.719688e-03 4.789851e+04 -1.202351e+05 -2.346050e+04 6.703369e-02 -3.542991e+00 2.169536e+02 8.782652e-01 
1.812000e+04 0.000000e+00 1.200000e+04 2.520697e-02 0.000000e+00 3.720872e-03 4.772788e+04 -1.198046e+05 -2.337692e+04 -2.105705e+00 -3.222813e+00 2.143217e+02 8.961686e-02 
1.818000e+04 0.000000e+00 1.200000e+04 2.491802e-02 0.000000e+00 3.722379e-03 4.755949e+04 -1.193813e+05 -2.329444e+04 -2.769839e+00 -2.881520e+00 2.126144e+02 -8.346810e-01 
1.824000e+04 0.000000e+00 1.200000e+04 2.463009e-02 0.000000e+00 3.724207e-03 4.739314e+04 -1.189642e+05 -2.321297e+04 -2.308883e+00 -2.574367e+00 2.095862e+02 -1.526912e+00 
1.830000e+04 0.000000e+00 1.200000e+04 2.434317e-02 0.000000e+00 3.726335e-03 4.722907e+04 -1.185520e+05 -2.313260e+04 -2.618168e+00 -2.315960e+00 2.063342e+02 -1.861318e+00 
1.836000e+04 0.000000e+00 1.200000e+04 2.405725e-02 0.000000e+00 3.728759e-03 4.706577e+04 -1.181436e+05 -2.305262e+04 -1.102200e+00 -2.152331e+00 2.057086e+02 -1.754958e+00 
1.842000e+04 0.000000e+00 1.200000e+04 2.377233e-02 0.000000e+00 3.731479e-03 4.690308e+04 -1.177401e+05 -2.297294e+04 3.795299e+00 -2.133239e+00 2.027453e+02 -1.256384e+00 
1.848000e+04 0.000000e+00 1.200000e+04 2.348838e-02 0.000000e+00 3.734442e-03 4.674430e+04 -1.173435e+05 -2.289517e+04 5.742108e+00 -2.192709e+00 1.962934e+02 -7.454970e-01 
1.854000e+04 0.000000e+00 1.200000e+04 2.320538e-02 0.000000e+00 3.737628e-03 4.659132e+04 -1.169559e+05 -2.282024e+04 2.156338e+00 -2.267798e+00 1.931276e+02 -3.482898e-01 
1.860000e+04 0.000000e+00 1.200000e+04 2.292332e-02 0.000000e+00 3.741065e-03 4.643898e+04 -1.165712e+05 -2.274562e+04 -1.084639e-01 -2.363381e+00 1.921144e+02 1.667152e-01 
1.866000e+04 0.000000e+00 1.200000e+04 2.264218e-02 0.000000e+00 3.744743e-03 4.628599e+04 -1.161869e+05 -2.267069e+04 -3.734623e-01 -2.404562e+00 1.899688e+02 8.148324e-01 
1.872000e+04 0.000000e+00 1.200000e+04 2.236198e-02 0.000000e+00 3.748645e-03 4.613713e+04 -1.158114e+05 -2.259778e+04 -2.262232e+00 -2.382536e+00 1.894411e+02 1.521884e+00 
1.878000e+04 0.000000e+00 1.200000e+04 2.208267e-02 0.000000e+00 3.752778e-03 4.599222e+04 -1.154463e+05 -2.252680e+04 -3.588194e+00 -2.446269e+00 1.887624e+02 2.326064e+00 
1.884000e+04 0.000000e+00 1.200000e+04 2.180424e-02 0.000000e+00 3.757132e-03 4.584789e+04 -1.150843e+05 -2.245611e+04 -3.208017e+00 -2.649130e+00 1.854620e+02 3.129071e+00 
1.890000e+04 0.000000e+00 1.200000e+04 2.152669e-02 0.000000e+00 3.761695e-03 4.570271e+04 -1.147202e+05 -2.238500e+04 -2.906538e+00 -2.808927e+00 1.817660e+02 3.675152e+00 
1.896000e+04 0.000000e+00 1.200000e+04 2.125002e-02 0.000000e+00 3.766449e-03 4.556054e+04 -1.143619e+05 -2.231537e+04 -4.408726e+00 -2.766508e+00 1.780119e+02 3.760379e+00 
1.902000e+04 0.000000e+00 1.200000e+04 2.097420e-02 0.000000e+00 3.771382e-03 4.542310e+04 -1.140141e+05 -2.224805e+04 -7.122499e+00 -2.620815e+00 1.744897e+02 3.518364e+00 
1.908000e+04 0.000000e+00 1.200000e+04 2.069922e-02 0.000000e+00 3.776500e-03 4.528517e+04 -1.136684e+05 -2.218049e+04 -6.663308e+00 -2.492893e+00 1.722222e+02 3.352307e+00 
1.914000e+04 0.000000e+00 1.200000e+04 2.042508e-02 0.000000e+00 3.781800e-03 4.514584e+04 -1.133229e+05 -2.211225e+04 -2.357868e+00 -2.352614e+00 1.704367e+02 3.423926e+00 
1.920000e+04 0.000000e+00 1.200000e+04 2.015178e-02 0.000000e+00 3.787252e-03 4.501096e+04 -1.129857e+05 -2.204619e+04 -1.025185e+00 -2.201371e+00 1.672381e+02 3.547483e+00 
1.926000e+04 0.000000e+00 1.200000e+04 1.987928e-02 0.000000e+00 3.792840e-03 4.487956e+04 -1.126533e+05 -2.198183e+04 -3.578554e+00 -2.040875e+00 1.636020e+02 3.544959e+00 
1.932000e+04 0.000000e+00 1.200000e+04 1.960758e-02 0.000000e+00 3.798579e-03 4.474816e+04 -1.123231e+05 -2.191747e+04 -3.933044e+00 -1.797594e+00 1.626546e+02 3.390551e+00 
1.938000e+04 0.000000e+00 1.200000e+04 1.933668e-02 0.000000e+00 3.804469e-03 4.461834e+04 -1.120003e+05 -2.185388e+04 -8.758569e-01 -1.539650e+00 1.608844e+02 2.908644e+00 
1.944000e+04 0.000000e+00 1.200000e+04 1.906656e-02 0.000000e+00 3.810472e-03 4.449061e+04 -1.116813e+05 -2.179132e+04 7.889399e-01 -1.393232e+00 1.565388e+02 1.896324e+00 
1.950000e+04 0.000000e+00 1.200000e+04 1.879721e-02 0.000000e+00 3.816579e-03 4.436487e+04 -1.113641e+05 -2.172973e+04 -8.342476e-01 -1.353612e+00 1.552814e+02 7.845036e-01 
1.956000e+04 0.000000e+00 1.200000e+04 1.852863e-02 0.000000e+00 3.822809e-03 4.424008e+04 -1.110516e+05 -2.166861e+04 2.203912e-02 -1.414771e+00 1.551018e+02 1.612063e-01 
1.962000e+04 0.000000e+00 1.200000e+04 1.826082e-02 0.000000e+00 3.829121e-03 4.411818e+04 -1.107482e+05 -2.160890e+04 2.518527e+00 -1.635280e+00 1.509620e+02 -1.039759e-01 
1.968000e+04 0.000000e+00 1.200000e+04 1.799373e-02 0.000000e+00 3.835477e-03 4.400083e+04 -1.104522e+05 -2.155142e+04 1.156223e+00 -2.012793e+00 1.459728e+02 -3.089126e-01 
1.974000e+04 0.000000e+00 1.200000e+04 1.772735e-02 0.000000e+00 3.841902e-03 4.388390e+04 -1.101570e+05 -2.149416e+04 -5.467669e-01 -2.371935e+00 1.434088e+02 -3.628336e-01 
1.980000e+04 0.000000e+00 1.200000e+04 1.746169e-02 0.000000e+00 3.848411e-03 4.376712e+04 -1.098632e+05 -2.143696e+04 -1.209375e+00 -2.486363e+00 1.417973e+02 -2.380591e-01 
1.986000e+04 0.000000e+00 1.200000e+04 1.719673e-02 0.000000e+00 3.854977e-03 4.365455e+04 -1.095778e+05 -2.138182e+04 -4.069179e+00 -2.313852e+00 1.399052e+02 -1.165440e-01 
1.992000e+04 0.000000e+00 1.200000e+04 1.693244e-02 0.000000e+00 3.861593e-03 4.354443e+04 -1.093001e+05 -2.132789e+04 -5.352972e+00 -1.964623e+00 1.393773e+02 -1.309628e-02 
1.998000e+04 0.000000e+00 1.200000e+04 1.666882e-02 0.000000e+00 3.868274e-03 4.343527e+04 -1.090267e+05 -2.127442e+04 -4.690059e+00 -1.505056e+00 1.379313e+02 7.783371e-02 
2.004000e+04 0.000000e+00 1.200000e+04 1.640584e-02 0.000000e+00 3.874996e-03 4.332952e+04 -1.087582e+05 -2.122262e+04 -7.699284e+00 -9.257451e-01 1.340659e+02 -7.261291e-03 
2.010000e+04 0.000000e+00 1.200000e+04 1.614351e-02 0.000000e+00 3.881752e-03 4.322378e+04 -1.084914e+05 -2.117083e+04 -9.130372e+00 -1.498134e-01 1.333185e+02 -8.934282e-02 
2.016000e+04 0.000000e+00 1.200000e+04 1.588183e-02 0.000000e+00 3.888563e-03 4.311613e+04 -1.082265e+05 -2.111811e+04 -3.757114e+00 8.988646e-01 1.335266e+02 9.086522e-02 
2.022000e+04 0.000000e+00 1.200000e+04 1.562077e-02 0.000000e+00 3.895393e-03 4.301139e+04 -1.079682e+05 -2.106680e+04 8.286309e-01 2.155394e+00 1.304212e+02 2.439628e-01 
2.028000e+04 0.000000e+00 1.200000e+04 1.536032e-02 0.000000e+00 3.902227e-03 4.291132e+04 -1.077168e+05 -2.101779e+04 6.125153e-01 3.464300e+00 1.273906e+02 1.981734e-01 
2.034000e+04 0.000000e+00 1.200000e+04 1.510047e-02 0.000000e+00 3.909078e-03 4.281275e+04 -1.074688e+05 -2.096951e+04 7.729422e-02 4.753298e+00 1.236381e+02 9.944976e-02 
2.040000e+04 0.000000e+00 1.200000e+04 1.484123e-02 0.000000e+00 3.915918e-03 4.271619e+04 -1.072257e+05 -2.092221e+04 -6.656566e-01 6.020807e+00 1.197386e+02 -1.367467e-01 
2.046000e+04 0.000000e+00 1.200000e+04 1.458257e-02 0.000000e+00 3.922753e-03 4.262278e+04 -1.069899e+05 -2.087646e+04 -1.924373e+00 7.162207e+00 1.192138e+02 -5.357033e-01 
2.052000e+04 0.000000e+00 1.200000e+04 1.432448e-02 0.000000e+00 3.929607e-03 4.252987e+04 -1.067575e+05 -2.083096e+04 -1.182531e+00 8.028222e+00 1.181717e+02 -9.919581e-01 
2.058000e+04 0.000000e+00 1.200000e+04 1.406696e-02 0.000000e+00 3.936455e-03 4.243658e+04 -1.065238e+05 -2.078526e+04 -7.020350e-01 8.638390e+00 1.137358e+02 -1.614366e+00 
2.064000e+04 0.000000e+00 1.200000e+04 1.381002e-02 0.000000e+00 3.943278e-03 4.234540e+04 -1.062931e+05 -2.074060e+04 -2.501845e+00 9.082909e+00 1.115965e+02 -2.322291e+00 
2.070000e+04 0.000000e+00 1.200000e+04 1.355365e-02 0.000000e+00 3.950088e-03 4.225563e+04 -1.060683e+05 -2.069664e+04 -1.937253e+00 9.357041e+00 1.130023e+02 -2.684257e+00 
2.076000e+04 0.000000e+00 1.200000e+04 1.329782e-02 0.000000e+00 3.956866e-03 4.216797e+04 -1.058509e+05 -2.065370e+04 7.035056e-01 9.411983e+00 1.104185e+02 -2.689198e+00 
2.082000e+04 0.000000e+00 1.200000e+04 1.304250e-02 0.000000e+00 3.963580e-03 4.208286e+04 -1.056378e+05 -2.061201e+04 1.221287e+00 9.261183e+00 1.045597e+02 -2.717638e+00 
2.088000e+04 0.000000e+00 1.200000e+04 1.278770e-02 0.000000e+00 3.970253e-03 4.199785e+04 -1.054244e+05 -2.057038e+04 1.235846e+00 9.046146e+00 1.014414e+02 -2.811848e+00 
2.094000e+04 0.000000e+00 1.200000e+04 1.253342e-02 0.000000e+00 3.976884e-03 4.191549e+04 -1.052174e+05 -2.053003e+04 9.575935e-01 8.828174e+00 1.007194e+02 -2.913924e+00 
2.100000e+04 0.000000e+00 1.200000e+04 1.227964e-02 0.000000e+00 3.983456e-03 4.183688e+04 -1.050190e+05 -2.049154e+04 -8.433855e-02 8.452868e+00 1.006602e+02 -3.087663e+00 
2.106000e+04 0.000000e+00 1.200000e+04 1.202633e-02 0.000000e+00 3.989980e-03 4.175887e+04 -1.048233e+05 -2.045332e+04 -1.490022e-02 7.798179e+00 9.858667e+01 -3.207450e+00 
2.112000e+04 0.000000e+00 1.200000e+04 1.177350e-02 0.000000e+00 3.996437e-03 4.168128e+04 -1.046282e+05 -2.041532e+04 -2.910867e-01 6.953359e+00 9.357915e+01 -3.153374e+00 
2.118000e+04 0.000000e+00 1.200000e+04 1.152115e-02 0.000000e+00 4.002813e-03 4.160626e+04 -1.044390e+05 -2.037858e+04 -1.188720e+00 6.061117e+00 8.994484e+01 -2.979504e+00 
2.124000e+04 0.000000e+00 1.200000e+04 1.126925e-02 0.000000e+00 4.009119e-03 4.153403e+04 -1.042578e+05 -2.034320e+04 -1.099682e+00 5.103943e+00 8.935306e+01 -2.654433e+00 
2.130000e+04 0.000000e+00 1.200000e+04 1.101778e-02 0.000000e+00 4.015360e-03 4.146232e+04 -1.040776e+05 -2.030808e+04 -1.248870e+00 4.052673e+00 8.836182e+01 -2.042638e+00 
2.136000e+04 0.000000e+00 1.200000e+04 1.076675e-02 0.000000e+00 4.021527e-03 4.139065e+04 -1.038962e+05 -2.027297e+04 -2.834065e+00 3.058791e+00 8.558243e+01 -1.199557e+00 
2.142000e+04 0.000000e+00 1.200000e+04 1.051616e-02 0.000000e+00 4.027609e-03 4.132093e+04 -1.037203e+05 -2.023882e+04 -3.653177e+00 2.241273e+00 8.457559e+01 -3.978012e-01 
2.148000e+04 0.000000e+00 1.200000e+04 1.026598e-02 0.000000e+00 4.033622e-03 4.125270e+04 -1.035520e+05 -2.020540e+04 -7.326258e-01 1.531777e+00 8.510619e+01 1.617132e-01 
2.154000e+04 0.000000e+00 1.200000e+04 1.001620e-02 0.000000e+00 4.039556e-03 4.118720e+04 -1.033903e+05 -2.017332e+04 2.043013e+00 7.859007e-01 8.234254e+01 4.291404e-01 
2.160000e+04 0.000000e+00 1.200000e+04 9.766800e-03 0.000000e+00 4.045394e-03 4.112430e+04 -1.032318e+05 -2.014252e+04 1.388433e+00 -5.287571e-02 7.726750e+01 5.074746e-01 
2.166000e+04 0.000000e+00 1.200000e+04 9.517785e-03 0.000000e+00 4.051130e-03 4.106252e+04 -1.030753e+05 -2.011226e+04 -5.265645e-02 -8.555299e-01 7.408012e+01 6.340114e-01 
2.172000e+04 0.000000e+00 1.200000e+04 9.269146e-03 0.000000e+00 4.056760e-03 4.100228e+04 -1.029239e+05 -2.008275e+04 -1.596868e-01 -1.449268e+00 7.321013e+01 8.686392e-01 
2.178000e+04 0.000000e+00 1.200000e+04 9.020860e-03 0.000000e+00 4.062291e-03 4.094554e+04 -1.027803e+05 -2.005496e+04 -1.361886e+00 -1.883418e+00 7.185451e+01 9.566947e-01 
2.184000e+04 0.000000e+00 1.200000e+04 8.772908e-03 0.000000e+00 4.067722e-03 4.089046e+04 -1.026396e+05 -2.002798e+04 -3.791051e+00 -2.367146e+00 6.905111e+01 7.582345e-01 
2.190000e+04 0.000000e+00 1.200000e+04 8.525304e-03 0.000000e+00 4.073055e-03 4.083396e+04 -1.024991e+05 -2.000031e+04 -2.431373e+00 -2.932765e+00 6.707580e+01 5.498652e-01 
2.196000e+04 0.000000e+00 1.200000e+04 8.278046e-03 0.000000e+00 4.078276e-03 4.077784e+04 -1.023626e+05 -1.997282e+04 1.881120e+00 -3.433223e+00 6.584296e+01 5.788080e-01 
2.202000e+04 0.000000e+00 1.200000e+04 8.031106e-03 0.000000e+00 4.083367e-03 4.072577e+04 -1.022325e+05 -1.994731e+04 2.564150e+00 -3.833528e+00 6.287407e+01 6.970184e-01 
2.208000e+04 0.000000e+00 1.200000e+04 7.784471e-03 0.000000e+00 4.088324e-03 4.067712e+04 -1.021067e+05 -1.992349e+04 -1.135985e+00 -4.222813e+00 5.981063e+01 7.951320e-01 
2.214000e+04 0.000000e+00 1.200000e+04 7.538138e-03 0.000000e+00 4.093154e-03 4.062858e+04 -1.019824e+05 -1.989971e+04 -3.592090e+00 -4.519879e+00 5.895088e+01 1.042676e+00 
2.220000e+04 0.000000e+00 1.200000e+04 7.292094e-03 0.000000e+00 4.097870e-03 4.058102e+04 -1.018634e+05 -1.987642e+04 -3.235605e+00 -4.538503e+00 5.804349e+01 1.397550e+00 
2.226000e+04 0.000000e+00 1.200000e+04 7.046322e-03 0.000000e+00 4.102461e-03 4.053605e+04 -1.017503e+05 -1.985439e+04 -3.413820e+00 -4.304654e+00 5.611938e+01 1.547814e+00 
2.232000e+04 0.000000e+00 1.200000e+04 6.800814e-03 0.000000e+00 4.106937e-03 4.049173e+04 -1.016389e+05 -1.983269e+04 -3.621442e+00 -4.000208e+00 5.336659e+01 1.300711e+00 
2.238000e+04 0.000000e+00 1.200000e+04 6.555578e-03 0.000000e+00 4.111297e-03 4.044743e+04 -1.015290e+05 -1.981099e+04 -2.286931e+00 -3.721122e+00 5.147456e+01 7.889551e-01 
2.244000e+04 0.000000e+00 1.200000e+04 6.310609e-03 0.000000e+00 4.115528e-03 4.040473e+04 -1.014234e+05 -1.979007e+04 -7.387419e-01 -3.375415e+00 5.066055e+01 4.226598e-01 
2.250000e+04 0.000000e+00 1.200000e+04 6.065892e-03 0.000000e+00 4.119608e-03 4.036482e+04 -1.013226e+05 -1.977053e+04 -1.306002e+00 -2.785947e+00 4.839103e+01 3.530105e-01 
2.256000e+04 0.000000e+00 1.200000e+04 5.821403e-03 0.000000e+00 4.123531e-03 4.032698e+04 -1.012268e+05 -1.975199e+04 -2.144717e+00 -1.916132e+00 4.616704e+01 3.619153e-01 
2.262000e+04 0.000000e+00 1.200000e+04 5.577130e-03 0.000000e+00 4.127319e-03 4.029022e+04 -1.011357e+05 -1.973399e+04 -9.448066e-01 -8.683622e-01 4.471485e+01 1.980830e-01 
2.268000e+04 0.000000e+00 1.200000e+04 5.333063e-03 0.000000e+00 4.130963e-03 4.025585e+04 -1.010496e+05 -1.971715e+04 -7.734817e-01 2.953573e-01 4.371358e+01 -2.677878e-01 
2.274000e+04 0.000000e+00 1.200000e+04 5.089200e-03 0.000000e+00 4.134477e-03 4.022223e+04 -1.009658e+05 -1.970068e+04 -2.297497e-01 1.540517e+00 4.185749e+01 -9.214705e-01 
2.280000e+04 0.000000e+00 1.200000e+04 4.845546e-03 0.000000e+00 4.137836e-03 4.018973e+04 -1.008853e+05 -1.968476e+04 8.942018e-01 2.713691e+00 3.765789e+01 -1.682365e+00 
2.286000e+04 0.000000e+00 1.200000e+04 4.602083e-03 0.000000e+00 4.141025e-03 4.015961e+04 -1.008106e+05 -1.967001e+04 1.763922e+00 3.632421e+00 3.488345e+01 -2.493107e+00 
2.292000e+04 0.000000e+00 1.200000e+04 4.358797e-03 0.000000e+00 4.144066e-03 4.013141e+04 -1.007408e+05 -1.965620e+04 2.794738e+00 4.301922e+00 3.316134e+01 -3.194554e+00 
2.298000e+04 0.000000e+00 1.200000e+04 4.115680e-03 0.000000e+00 4.146945e-03 4.010485e+04 -1.006736e+05 -1.964319e+04 2.269118e+00 4.817218e+00 3.097009e+01 -3.847905e+00 
2.304000e+04 0.000000e+00 1.200000e+04 3.872733e-03 0.000000e+00 4.149685e-03 4.007884e+04 -1.006083e+05 -1.963045e+04 2.249772e+00 5.136267e+00 2.954277e+01 -4.529053e+00 
2.310000e+04 0.000000e+00 1.200000e+04 3.629960e-03 0.000000e+00 4.152263e-03 4.005502e+04 -1.005487e+05 -1.961879e+04 2.416688e+00 5.135775e+00 2.793508e+01 -5.007454e+00 
2.316000e+04 0.000000e+00 1.200000e+04 3.387326e-03 0.000000e+00 4.154656e-03 4.003411e+04 -1.004948e+05 -1.960854e+04 9.803585e-01 4.879526e+00 2.559332e+01 -5.085699e+00 
2.322000e+04 0.000000e+00 1.200000e+04 3.144812e-03 0.000000e+00 4.156883e-03 4.001343e+04 -1.004410e+05 -1.959841e+04 -8.780283e-01 4.668825e+00 2.165507e+01 -5.063966e+00 
2.328000e+04 0.000000e+00 1.200000e+04 2.902422e-03 0.000000e+00 4.158949e-03 3.999370e+04 -1.003903e+05 -1.958875e+04 -2.066241e+00 4.675691e+00 1.941263e+01 -5.251867e+00 
2.334000e+04 0.000000e+00 1.200000e+04 2.660148e-03 0.000000e+00 4.160865e-03 3.997641e+04 -1.003464e+05 -1.958028e+04 -2.497719e+00 4.755092e+00 1.877148e+01 -5.509524e+00 
2.340000e+04 0.000000e+00 1.200000e+04 2.417977e-03 0.000000e+00 4.162606e-03 3.996195e+04 -1.003080e+05 -1.957320e+04 -4.612369e+00 4.756740e+00 1.742808e+01 -5.783334e+00 
2.346000e+04 0.000000e+00 1.200000e+04 2.175893e-03 0.000000e+00 4.164182e-03 3.994801e+04 -1.002714e+05 -1.956637e+04 -6.277020e+00 4.729819e+00 1.664157e+01 -6.154714e+00 
2.352000e+04 0.000000e+00 1.200000e+04 1.933898e-03 0.000000e+00 4.165607e-03 3.993353e+04 -1.002369e+05 -1.955928e+04 -4.456180e+00 4.700361e+00 1.604974e+01 -6.498047e+00 
2.358000e+04 0.000000e+00 1.200000e+04 1.691990e-03 0.000000e+00 4.166872e-03 3.992123e+04 -1.002082e+05 -1.955326e+04 -2.284309e+00 4.527072e+00 1.469770e+01 -6.580530e+00 
2.364000e+04 0.000000e+00 1.200000e+04 1.450146e-03 0.000000e+00 4.167955e-03 3.991180e+04 -1.001838e+05 -1.954864e+04 -2.931691e+00 4.166350e+00 1.196409e+01 -6.318245e+00 
2.370000e+04 0.000000e+00 1.200000e+04 1.208353e-03 0.000000e+00 4.168867e-03 3.990312e+04 -1.001607e+05 -1.954438e+04 -4.257079e+00 3.762714e+00 9.138133e+00 -5.880477e+00 
2.376000e+04 0.000000e+00 1.200000e+04 9.666181e-04 0.000000e+00 4.169627e-03 3.989473e+04 -1.001407e+05 -1.954027e+04 -3.181466e+00 3.385258e+00 7.211482e+00 -5.531859e+00 
2.382000e+04 0.000000e+00 1.200000e+04 7.249308e-04 0.000000e+00 4.170221e-03 3.988992e+04 -1.001293e+05 -1.953792e+04 -2.561510e+00 2.870508e+00 5.555440e+00 -5.420808e+00 
2.388000e+04 0.000000e+00 1.200000e+04 4.832675e-04 0.000000e+00 4.170642e-03 3.988752e+04 -1.001228e+05 -1.953675e+04 -3.033686e+00 2.038718e+00 2.983479e+00 -5.577118e+00 
2.394000e+04 0.000000e+00 1.200000e+04 2.416248e-04 0.000000e+00 4.170893e-03 3.988441e+04 -1.001158e+05 -1.953522e+04 -2.181471e+00 1.007538e+00 2.865379e-02 -5.975085e+00 
2.400000e+04 0.000000e+00 1.200000e+04 0.000000e+00 0.000000e+00 4.170978e-03 3.988252e+04 -1.001119e+05 -1.953430e+04 -1.349090e+00 4.809013e-01 -1.279630e+00 -6.227340e+00 
