#1 2 3 4 5 6 7  8  9 10 11 12 13
#x y z u v w p xx yy zz xy xz yz
0.000000e+00 0.000000e+00 1.200000e+04 0.000000e+00 0.000000e+00 2.679347e-01 -7.044936e+05 1.771840e+06 3.450581e+05 -3.416976e+03 2.142540e-01 -3.875840e+03 -1.463368e-01 
1.500000e+02 0.000000e+00 1.200000e+04 1.107562e-02 0.000000e+00 2.675074e-01 -7.015381e+05 1.764374e+06 3.436105e+05 -3.370307e+03 5.448765e-01 -7.696730e+03 -3.702839e-01 
3.000000e+02 0.000000e+00 1.200000e+04 2.205523e-02 0.000000e+00 2.662328e-01 -6.927502e+05 1.742178e+06 3.393062e+05 -3.233248e+03 1.024635e+00 -1.518606e+04 -8.827081e-01 
4.500000e+02 0.000000e+00 1.200000e+04 3.284553e-02 0.000000e+00 2.641320e-01 -6.783614e+05 1.705840e+06 3.322586e+05 -3.014247e+03 1.277547e+00 -2.227068e+04 -1.300034e+00 
6.000000e+02 0.000000e+00 1.200000e+04 4.335813e-02 0.000000e+00 2.612395e-01 -6.587430e+05 1.656304e+06 3.226496e+05 -2.724167e+03 1.573563e+00 -2.877523e+04 -1.183758e+00 
7.500000e+02 0.000000e+00 1.200000e+04 5.351224e-02 0.000000e+00 2.576012e-01 -6.343871e+05 1.594819e+06 3.107202e+05 -2.378048e+03 1.775174e+00 -3.455744e+04 -9.254363e-01 
9.000000e+02 0.000000e+00 1.200000e+04 6.323598e-02 0.000000e+00 2.532737e-01 -6.058829e+05 1.522882e+06 2.967589e+05 -1.992328e+03 1.911129e+00 -3.950701e+04 -1.153216e+00 
1.050000e+03 0.000000e+00 1.200000e+04 7.246799e-02 0.000000e+00 2.483211e-01 -5.738857e+05 1.442153e+06 2.810869e+05 -1.582829e+03 2.248398e+00 -4.355715e+04 -1.607849e+00 
1.200000e+03 0.000000e+00 1.200000e+04 8.115827e-02 0.000000e+00 2.428134e-01 -5.390875e+05 1.354389e+06 2.640428e+05 -1.169757e+03 2.600024e+00 -4.667941e+04 -1.909045e+00 
1.350000e+03 0.000000e+00 1.200000e+04 8.926845e-02 0.000000e+00 2.368245e-01 -5.021903e+05 1.261371e+06 2.459708e+05 -7.708731e+02 2.404791e+00 -4.887992e+04 -1.837133e+00 
1.500000e+03 0.000000e+00 1.200000e+04 9.677177e-02 0.000000e+00 2.304293e-01 -4.638845e+05 1.164840e+06 2.272087e+05 -3.957486e+02 1.342799e+00 -5.020032e+04 -1.800418e+00 
1.650000e+03 0.000000e+00 1.200000e+04 1.036524e-01 0.000000e+00 2.237027e-01 -4.248227e+05 1.066443e+06 2.080764e+05 -5.138074e+01 2.747094e-01 -5.070458e+04 -1.793618e+00 
1.800000e+03 0.000000e+00 1.200000e+04 1.099047e-01 0.000000e+00 2.167170e-01 -3.856005e+05 9.676812e+05 1.888655e+05 2.546727e+02 -6.847320e-02 -5.047552e+04 -1.022370e+00 
1.950000e+03 0.000000e+00 1.200000e+04 1.155324e-01 0.000000e+00 2.095412e-01 -3.467430e+05 8.698814e+05 1.698333e+05 5.142759e+02 -1.463620e-01 -4.960934e+04 2.872098e-02 
2.100000e+03 0.000000e+00 1.200000e+04 1.205469e-01 0.000000e+00 2.022397e-01 -3.087042e+05 7.741844e+05 1.512021e+05 7.261564e+02 -1.955313e-01 -4.820423e+04 4.696744e-01 
2.250000e+03 0.000000e+00 1.200000e+04 1.249663e-01 0.000000e+00 1.948714e-01 -2.718687e+05 6.815495e+05 1.331602e+05 8.964512e+02 1.314071e-01 -4.636327e+04 5.112173e-01 
2.400000e+03 0.000000e+00 1.200000e+04 1.288140e-01 0.000000e+00 1.874894e-01 -2.365400e+05 5.927365e+05 1.158563e+05 1.027059e+03 6.139237e-01 -4.418743e+04 5.607555e-01 
2.550000e+03 0.000000e+00 1.200000e+04 1.321177e-01 0.000000e+00 1.801405e-01 -2.029446e+05 5.083164e+05 9.940145e+04 1.116038e+03 9.046306e-01 -4.176941e+04 4.281463e-01 
2.700000e+03 0.000000e+00 1.200000e+04 1.349078e-01 0.000000e+00 1.728657e-01 -1.712457e+05 4.286952e+05 8.387546e+04 1.166484e+03 1.157918e+00 -3.918962e+04 -2.490318e-01 
2.850000e+03 0.000000e+00 1.200000e+04 1.372169e-01 0.000000e+00 1.656998e-01 -1.415530e+05 3.541379e+05 6.933210e+04 1.189084e+03 1.268856e+00 -3.651736e+04 -9.722212e-01 
3.000000e+03 0.000000e+00 1.200000e+04 1.390784e-01 0.000000e+00 1.586720e-01 -1.139253e+05 2.847819e+05 5.580017e+04 1.193929e+03 1.149757e+00 -3.381356e+04 -1.134477e+00 
3.150000e+03 0.000000e+00 1.200000e+04 1.405261e-01 0.000000e+00 1.518064e-01 -8.837160e+04 2.206489e+05 4.328405e+04 1.181808e+03 1.096430e+00 -3.112771e+04 -1.105176e+00 
3.300000e+03 0.000000e+00 1.200000e+04 1.415936e-01 0.000000e+00 1.451222e-01 -6.486250e+04 1.616706e+05 3.176939e+04 1.147546e+03 1.351238e+00 -2.850151e+04 -9.141525e-01 
3.450000e+03 0.000000e+00 1.200000e+04 1.423134e-01 0.000000e+00 1.386342e-01 -4.334615e+04 1.077113e+05 2.123077e+04 1.096411e+03 1.852010e+00 -2.596513e+04 -6.315449e-01 
3.600000e+03 0.000000e+00 1.200000e+04 1.427171e-01 0.000000e+00 1.323537e-01 -2.375465e+04 5.858793e+04 1.163493e+04 1.041090e+03 2.173794e+00 -2.354028e+04 -6.437771e-01 
3.750000e+03 0.000000e+00 1.200000e+04 1.428348e-01 0.000000e+00 1.262881e-01 -5.999726e+03 1.407560e+04 2.938641e+03 9.849373e+02 2.165392e+00 -2.124411e+04 -6.092869e-01 
3.900000e+03 0.000000e+00 1.200000e+04 1.426946e-01 0.000000e+00 1.204424e-01 1.002087e+04 -2.608093e+04 -4.908182e+03 9.264998e+02 2.185467e+00 -1.908632e+04 -2.879874e-01 
4.050000e+03 0.000000e+00 1.200000e+04 1.423233e-01 0.000000e+00 1.148188e-01 2.441637e+04 -6.215215e+04 -1.195904e+04 8.620848e+02 2.242432e+00 -1.707425e+04 -8.458048e-02 
4.200000e+03 0.000000e+00 1.200000e+04 1.417457e-01 0.000000e+00 1.094175e-01 3.729614e+04 -9.441406e+04 -1.826750e+04 7.931238e+02 2.104610e+00 -1.520660e+04 -6.410552e-02 
4.350000e+03 0.000000e+00 1.200000e+04 1.409846e-01 0.000000e+00 1.042371e-01 4.876763e+04 -1.231437e+05 -2.388619e+04 7.269818e+02 2.039220e+00 -1.348286e+04 1.750826e-02 
4.500000e+03 0.000000e+00 1.200000e+04 1.400613e-01 0.000000e+00 9.927464e-02 5.893841e+04 -1.486123e+05 -2.886779e+04 6.648926e+02 2.309577e+00 -1.190031e+04 -3.051436e-01 
4.650000e+03 0.000000e+00 1.200000e+04 1.389951e-01 0.000000e+00 9.452604e-02 6.791565e+04 -1.710897e+05 -3.326481e+04 6.075465e+02 2.547214e+00 -1.045125e+04 -6.050808e-01 
4.800000e+03 0.000000e+00 1.200000e+04 1.378038e-01 0.000000e+00 8.998626e-02 7.580043e+04 -1.908303e+05 -3.712674e+04 5.557877e+02 2.586067e+00 -9.131217e+03 -2.373941e-01 
4.950000e+03 0.000000e+00 1.200000e+04 1.365034e-01 0.000000e+00 8.564973e-02 8.268936e+04 -2.080746e+05 -4.050091e+04 5.074109e+02 2.663965e+00 -7.931174e+03 -4.404245e-01 
5.100000e+03 0.000000e+00 1.200000e+04 1.351086e-01 0.000000e+00 8.151027e-02 8.867329e+04 -2.230500e+05 -4.343182e+04 4.619099e+02 2.579455e+00 -6.843729e+03 -1.010339e+00 
5.250000e+03 0.000000e+00 1.200000e+04 1.336327e-01 0.000000e+00 7.756116e-02 9.383760e+04 -2.359689e+05 -4.596127e+04 4.173654e+02 2.335994e+00 -5.861710e+03 -4.343623e-01 
5.400000e+03 0.000000e+00 1.200000e+04 1.320875e-01 0.000000e+00 7.379568e-02 9.826077e+04 -2.470296e+05 -4.812772e+04 3.749795e+02 2.271459e+00 -4.975596e+03 1.619605e-01 
5.550000e+03 0.000000e+00 1.200000e+04 1.304838e-01 0.000000e+00 7.020701e-02 1.020133e+05 -2.564120e+05 -4.996568e+04 3.379077e+02 2.251091e+00 -4.178134e+03 -6.765382e-01 
5.700000e+03 0.000000e+00 1.200000e+04 1.288313e-01 0.000000e+00 6.678812e-02 1.051633e+05 -2.642854e+05 -5.150856e+04 3.040890e+02 1.970943e+00 -3.462873e+03 -2.231293e+00 
5.850000e+03 0.000000e+00 1.200000e+04 1.271386e-01 0.000000e+00 6.353197e-02 1.077749e+05 -2.708078e+05 -5.278769e+04 2.708750e+02 1.374150e+00 -2.822473e+03 -3.307124e+00 
6.000000e+03 0.000000e+00 1.200000e+04 1.254133e-01 0.000000e+00 6.043169e-02 1.099035e+05 -2.761197e+05 -5.383028e+04 2.394560e+02 4.933740e-01 -2.249551e+03 -3.084023e+00 
6.150000e+03 0.000000e+00 1.200000e+04 1.236625e-01 0.000000e+00 5.748050e-02 1.115975e+05 -2.803441e+05 -5.465999e+04 2.116807e+02 -1.925562e-01 -1.738961e+03 -1.788482e+00 
6.300000e+03 0.000000e+00 1.200000e+04 1.218920e-01 0.000000e+00 5.467187e-02 1.129032e+05 -2.835991e+05 -5.529955e+04 1.888827e+02 -6.785718e-02 -1.285308e+03 -1.127878e+00 
6.450000e+03 0.000000e+00 1.200000e+04 1.201075e-01 0.000000e+00 5.199954e-02 1.138644e+05 -2.859925e+05 -5.577031e+04 1.697350e+02 1.690561e-01 -8.826551e+02 -2.282461e+00 
6.600000e+03 0.000000e+00 1.200000e+04 1.183139e-01 0.000000e+00 4.945710e-02 1.145210e+05 -2.876208e+05 -5.609192e+04 1.497068e+02 -6.158055e-01 -5.244394e+02 -3.581519e+00 
6.750000e+03 0.000000e+00 1.200000e+04 1.165154e-01 0.000000e+00 4.703842e-02 1.149038e+05 -2.885648e+05 -5.627942e+04 1.327710e+02 -1.863112e+00 -2.066703e+02 -2.585229e+00 
6.900000e+03 0.000000e+00 1.200000e+04 1.147156e-01 0.000000e+00 4.473781e-02 1.150456e+05 -2.889067e+05 -5.634886e+04 1.188429e+02 -2.293225e+00 7.251688e+01 -5.745183e-01 
7.050000e+03 0.000000e+00 1.200000e+04 1.129180e-01 0.000000e+00 4.254986e-02 1.149765e+05 -2.887184e+05 -5.631500e+04 1.039934e+02 -1.947143e+00 3.180158e+02 -5.207088e-01 
7.200000e+03 0.000000e+00 1.200000e+04 1.111254e-01 0.000000e+00 4.046920e-02 1.147205e+05 -2.880613e+05 -5.618964e+04 8.938471e+01 -1.897699e+00 5.334483e+02 -2.185158e+00 
7.350000e+03 0.000000e+00 1.200000e+04 1.093406e-01 0.000000e+00 3.849060e-02 1.142993e+05 -2.869922e+05 -5.598333e+04 7.760112e+01 -2.647607e+00 7.226106e+02 -3.333464e+00 
7.500000e+03 0.000000e+00 1.200000e+04 1.075656e-01 0.000000e+00 3.660914e-02 1.137319e+05 -2.855599e+05 -5.570542e+04 6.957325e+01 -3.502205e+00 8.880557e+02 -3.098213e+00 
7.650000e+03 0.000000e+00 1.200000e+04 1.058023e-01 0.000000e+00 3.482021e-02 1.130407e+05 -2.838158e+05 -5.536688e+04 6.055338e+01 -3.854016e+00 1.029940e+03 -2.298134e+00 
7.800000e+03 0.000000e+00 1.200000e+04 1.040525e-01 0.000000e+00 3.311943e-02 1.122416e+05 -2.818003e+05 -5.497548e+04 5.091729e+01 -3.737827e+00 1.152478e+03 -1.882451e+00 
7.950000e+03 0.000000e+00 1.200000e+04 1.023176e-01 0.000000e+00 3.150260e-02 1.113479e+05 -2.795491e+05 -5.453772e+04 4.327256e+01 -3.557734e+00 1.258750e+03 -2.103791e+00 
8.100000e+03 0.000000e+00 1.200000e+04 1.005988e-01 0.000000e+00 2.996560e-02 1.103712e+05 -2.770920e+05 -5.405936e+04 3.776962e+01 -3.784539e+00 1.349716e+03 -2.365305e+00 
8.250000e+03 0.000000e+00 1.200000e+04 9.889720e-02 0.000000e+00 2.850463e-02 1.093230e+05 -2.744572e+05 -5.354598e+04 3.406726e+01 -4.004214e+00 1.426003e+03 -1.887334e+00 
8.400000e+03 0.000000e+00 1.200000e+04 9.721367e-02 0.000000e+00 2.711606e-02 1.082194e+05 -2.716813e+05 -5.300543e+04 2.850946e+01 -3.905924e+00 1.489892e+03 -1.273632e+00 
8.550000e+03 0.000000e+00 1.200000e+04 9.554890e-02 0.000000e+00 2.579645e-02 1.070665e+05 -2.687811e+05 -5.244071e+04 2.246125e+01 -3.862900e+00 1.543509e+03 -1.394542e+00 
8.700000e+03 0.000000e+00 1.200000e+04 9.390354e-02 0.000000e+00 2.454252e-02 1.058714e+05 -2.657765e+05 -5.185539e+04 1.761171e+01 -3.931466e+00 1.586881e+03 -1.780334e+00 
8.850000e+03 0.000000e+00 1.200000e+04 9.227810e-02 0.000000e+00 2.335109e-02 1.046408e+05 -2.626854e+05 -5.125262e+04 1.570831e+01 -3.831709e+00 1.623999e+03 -1.867814e+00 
9.000000e+03 0.000000e+00 1.200000e+04 9.067296e-02 0.000000e+00 2.221923e-02 1.033819e+05 -2.595261e+05 -5.063605e+04 1.637710e+01 -3.571038e+00 1.653299e+03 -1.820684e+00 
9.150000e+03 0.000000e+00 1.200000e+04 8.908834e-02 0.000000e+00 2.114407e-02 1.021037e+05 -2.563162e+05 -5.000997e+04 1.505440e+01 -3.489120e+00 1.671842e+03 -1.806326e+00 
9.300000e+03 0.000000e+00 1.200000e+04 8.752453e-02 0.000000e+00 2.012292e-02 1.008113e+05 -2.530668e+05 -4.937695e+04 9.967248e+00 -3.362517e+00 1.684975e+03 -1.700104e+00 
9.450000e+03 0.000000e+00 1.200000e+04 8.598167e-02 0.000000e+00 1.915323e-02 9.950827e+04 -2.497910e+05 -4.873875e+04 4.884097e+00 -3.066452e+00 1.694278e+03 -1.499104e+00 
9.600000e+03 0.000000e+00 1.200000e+04 8.445980e-02 0.000000e+00 1.823257e-02 9.819660e+04 -2.464972e+05 -4.809630e+04 3.697287e+00 -2.924445e+00 1.698053e+03 -1.063765e+00 
9.750000e+03 0.000000e+00 1.200000e+04 8.295891e-02 0.000000e+00 1.735866e-02 9.688031e+04 -2.431940e+05 -4.745158e+04 4.642036e+00 -2.610578e+00 1.697352e+03 -1.970496e-01 
9.900000e+03 0.000000e+00 1.200000e+04 8.147904e-02 0.000000e+00 1.652930e-02 9.556421e+04 -2.398896e+05 -4.680696e+04 3.940447e+00 -1.655806e+00 1.693269e+03 5.565063e-01 
1.005000e+04 0.000000e+00 1.200000e+04 8.002007e-02 0.000000e+00 1.574238e-02 9.425419e+04 -2.365973e+05 -4.616532e+04 3.386041e-02 -6.379762e-01 1.685217e+03 7.915676e-01 
1.020000e+04 0.000000e+00 1.200000e+04 7.858188e-02 0.000000e+00 1.499593e-02 9.294829e+04 -2.333158e+05 -4.552569e+04 -3.332699e+00 -2.960896e-01 1.672438e+03 9.627746e-01 
1.035000e+04 0.000000e+00 1.200000e+04 7.716442e-02 0.000000e+00 1.428807e-02 9.164881e+04 -2.300515e+05 -4.488921e+04 -5.699182e+00 -2.155206e-01 1.658626e+03 1.356913e+00 
1.050000e+04 0.000000e+00 1.200000e+04 7.576747e-02 0.000000e+00 1.361703e-02 9.035954e+04 -2.268136e+05 -4.425773e+04 -7.284640e+00 3.501976e-01 1.644878e+03 1.799050e+00 
1.065000e+04 0.000000e+00 1.200000e+04 7.439072e-02 0.000000e+00 1.298109e-02 8.908197e+04 -2.236048e+05 -4.363198e+04 -9.115885e+00 1.429125e+00 1.628039e+03 2.224232e+00 
1.080000e+04 0.000000e+00 1.200000e+04 7.303401e-02 0.000000e+00 1.237861e-02 8.781613e+04 -2.204252e+05 -4.301198e+04 -1.120676e+01 2.416114e+00 1.610285e+03 2.586068e+00 
1.095000e+04 0.000000e+00 1.200000e+04 7.169723e-02 0.000000e+00 1.180814e-02 8.656122e+04 -2.172759e+05 -4.239733e+04 -1.047318e+01 2.855753e+00 1.592659e+03 2.237793e+00 
1.110000e+04 0.000000e+00 1.200000e+04 7.038010e-02 0.000000e+00 1.126820e-02 8.532268e+04 -2.141668e+05 -4.179070e+04 -1.051734e+01 3.166341e+00 1.571395e+03 5.213068e-01 
1.125000e+04 0.000000e+00 1.200000e+04 6.908220e-02 0.000000e+00 1.075735e-02 8.410248e+04 -2.111014e+05 -4.119305e+04 -1.303194e+01 3.857892e+00 1.546807e+03 -1.673636e+00 
1.140000e+04 0.000000e+00 1.200000e+04 6.780335e-02 0.000000e+00 1.027418e-02 8.289584e+04 -2.080729e+05 -4.060204e+04 -1.257969e+01 4.481263e+00 1.523229e+03 -2.580084e+00 
1.155000e+04 0.000000e+00 1.200000e+04 6.654339e-02 0.000000e+00 9.817360e-03 8.170598e+04 -2.050885e+05 -4.001926e+04 -1.020742e+01 4.093813e+00 1.500512e+03 -1.913439e+00 
1.170000e+04 0.000000e+00 1.200000e+04 6.530191e-02 0.000000e+00 9.385749e-03 8.053773e+04 -2.021561e+05 -3.944705e+04 -1.008712e+01 2.704084e+00 1.475923e+03 -8.208058e-01 
1.185000e+04 0.000000e+00 1.200000e+04 6.407846e-02 0.000000e+00 8.978252e-03 7.939015e+04 -1.992723e+05 -3.888497e+04 -1.320710e+01 1.956715e+00 1.451014e+03 1.333853e-01 
1.200000e+04 0.000000e+00 1.200000e+04 6.287273e-02 0.000000e+00 8.593749e-03 7.826010e+04 -1.964325e+05 -3.833148e+04 -1.630175e+01 3.028227e+00 1.427661e+03 1.231608e+00 
1.215000e+04 0.000000e+00 1.200000e+04 6.168451e-02 0.000000e+00 8.231165e-03 7.714676e+04 -1.936377e+05 -3.778617e+04 -1.643844e+01 4.604134e+00 1.403282e+03 2.184439e+00 
1.230000e+04 0.000000e+00 1.200000e+04 6.051358e-02 0.000000e+00 7.889512e-03 7.605145e+04 -1.908883e+05 -3.724969e+04 -1.638276e+01 4.689255e+00 1.377202e+03 2.029960e+00 
1.245000e+04 0.000000e+00 1.200000e+04 5.935967e-02 0.000000e+00 7.567891e-03 7.497492e+04 -1.881851e+05 -3.672241e+04 -1.728986e+01 3.366379e+00 1.352792e+03 6.829389e-01 
1.260000e+04 0.000000e+00 1.200000e+04 5.822240e-02 0.000000e+00 7.265367e-03 7.391710e+04 -1.855316e+05 -3.620429e+04 -1.537928e+01 2.181201e+00 1.328416e+03 -8.211362e-01 
1.275000e+04 0.000000e+00 1.200000e+04 5.710140e-02 0.000000e+00 6.980918e-03 7.287950e+04 -1.829312e+05 -3.569608e+04 -1.119766e+01 1.559656e+00 1.301184e+03 -1.508382e+00 
1.290000e+04 0.000000e+00 1.200000e+04 5.599634e-02 0.000000e+00 6.713609e-03 7.186214e+04 -1.803799e+05 -3.519778e+04 -8.763336e+00 1.034360e+00 1.274117e+03 -8.683121e-01 
1.305000e+04 0.000000e+00 1.200000e+04 5.490693e-02 0.000000e+00 6.462690e-03 7.086631e+04 -1.778792e+05 -3.471003e+04 -9.676296e+00 5.780309e-01 1.250036e+03 1.037724e+00 
1.320000e+04 0.000000e+00 1.200000e+04 5.383281e-02 0.000000e+00 6.227478e-03 6.989503e+04 -1.754374e+05 -3.423430e+04 -1.337910e+01 -4.890372e-02 1.227468e+03 3.422169e+00 
1.335000e+04 0.000000e+00 1.200000e+04 5.277363e-02 0.000000e+00 6.007262e-03 6.894283e+04 -1.730438e+05 -3.376792e+04 -1.677936e+01 -6.336893e-01 1.203450e+03 5.170338e+00 
1.350000e+04 0.000000e+00 1.200000e+04 5.172907e-02 0.000000e+00 5.801336e-03 6.800817e+04 -1.706949e+05 -3.331013e+04 -1.950858e+01 -4.716965e-01 1.178569e+03 5.596278e+00 
1.365000e+04 0.000000e+00 1.200000e+04 5.069887e-02 0.000000e+00 5.609047e-03 6.708987e+04 -1.683903e+05 -3.286034e+04 -1.898762e+01 2.669991e-01 1.153748e+03 4.908474e+00 
1.380000e+04 0.000000e+00 1.200000e+04 4.968275e-02 0.000000e+00 5.429739e-03 6.618902e+04 -1.661322e+05 -3.241911e+04 -1.575863e+01 1.097115e+00 1.127656e+03 3.693486e+00 
1.395000e+04 0.000000e+00 1.200000e+04 4.868046e-02 0.000000e+00 5.262727e-03 6.530855e+04 -1.639226e+05 -3.198786e+04 -1.516706e+01 1.597048e+00 1.101177e+03 2.243691e+00 
1.410000e+04 0.000000e+00 1.200000e+04 4.769171e-02 0.000000e+00 5.107371e-03 6.444830e+04 -1.617613e+05 -3.156652e+04 -1.711875e+01 1.431624e+00 1.076979e+03 8.450377e-01 
1.425000e+04 0.000000e+00 1.200000e+04 4.671616e-02 0.000000e+00 4.963115e-03 6.360817e+04 -1.596515e+05 -3.115502e+04 -1.797454e+01 7.881430e-01 1.055607e+03 1.600973e-01 
1.440000e+04 0.000000e+00 1.200000e+04 4.575343e-02 0.000000e+00 4.829453e-03 6.278676e+04 -1.575915e+05 -3.075270e+04 -1.607222e+01 9.279282e-02 1.033688e+03 5.339069e-01 
1.455000e+04 0.000000e+00 1.200000e+04 4.480323e-02 0.000000e+00 4.705858e-03 6.198223e+04 -1.555758e+05 -3.035864e+04 -1.218918e+01 -2.954284e-01 1.008421e+03 1.340124e+00 
1.470000e+04 0.000000e+00 1.200000e+04 4.386529e-02 0.000000e+00 4.591793e-03 6.119656e+04 -1.536062e+05 -2.997383e+04 -9.664933e+00 -1.847532e-01 9.821097e+02 1.869449e+00 
1.485000e+04 0.000000e+00 1.200000e+04 4.293932e-02 0.000000e+00 4.486785e-03 6.042896e+04 -1.516798e+05 -2.959786e+04 -9.202709e+00 2.142822e-01 9.574249e+02 2.292035e+00 
1.500000e+04 0.000000e+00 1.200000e+04 4.202510e-02 0.000000e+00 4.390380e-03 5.967670e+04 -1.497918e+05 -2.922940e+04 -8.908314e+00 6.709460e-01 9.327243e+02 2.812217e+00 
1.515000e+04 0.000000e+00 1.200000e+04 4.112241e-02 0.000000e+00 4.302091e-03 5.894349e+04 -1.479496e+05 -2.887028e+04 -1.063428e+01 1.157802e+00 9.087671e+02 2.950307e+00 
1.530000e+04 0.000000e+00 1.200000e+04 4.023093e-02 0.000000e+00 4.221471e-03 5.823033e+04 -1.461554e+05 -2.852098e+04 -1.465579e+01 1.476417e+00 8.887548e+02 2.767314e+00 
1.545000e+04 0.000000e+00 1.200000e+04 3.935034e-02 0.000000e+00 4.148158e-03 5.753204e+04 -1.444018e+05 -2.817896e+04 -1.537729e+01 1.604564e+00 8.712580e+02 3.362245e+00 
1.560000e+04 0.000000e+00 1.200000e+04 3.848040e-02 0.000000e+00 4.081782e-03 5.684949e+04 -1.426911e+05 -2.784465e+04 -1.269057e+01 1.929137e+00 8.523624e+02 5.032709e+00 
1.575000e+04 0.000000e+00 1.200000e+04 3.762082e-02 0.000000e+00 4.021923e-03 5.618694e+04 -1.410282e+05 -2.752013e+04 -1.245498e+01 2.332557e+00 8.297975e+02 6.394304e+00 
1.590000e+04 0.000000e+00 1.200000e+04 3.677131e-02 0.000000e+00 3.968221e-03 5.554190e+04 -1.394073e+05 -2.720420e+04 -1.424472e+01 2.311590e+00 8.074037e+02 6.565026e+00 
1.605000e+04 0.000000e+00 1.200000e+04 3.593162e-02 0.000000e+00 3.920400e-03 5.491143e+04 -1.378240e+05 -2.689539e+04 -1.485434e+01 2.024924e+00 7.898013e+02 6.250118e+00 
1.620000e+04 0.000000e+00 1.200000e+04 3.510157e-02 0.000000e+00 3.878142e-03 5.429238e+04 -1.362729e+05 -2.659219e+04 -1.203447e+01 2.146799e+00 7.718476e+02 5.505680e+00 
1.635000e+04 0.000000e+00 1.200000e+04 3.428093e-02 0.000000e+00 3.841047e-03 5.368842e+04 -1.347607e+05 -2.629637e+04 -8.201104e+00 2.843834e+00 7.498189e+02 3.573884e+00 
1.650000e+04 0.000000e+00 1.200000e+04 3.346941e-02 0.000000e+00 3.808783e-03 5.310296e+04 -1.332930e+05 -2.600962e+04 -6.245465e+00 3.591462e+00 7.281748e+02 1.133805e+00 
1.665000e+04 0.000000e+00 1.200000e+04 3.266680e-02 0.000000e+00 3.781071e-03 5.253399e+04 -1.318655e+05 -2.573093e+04 -5.575505e+00 3.931791e+00 7.078491e+02 -5.352938e-01 
1.680000e+04 0.000000e+00 1.200000e+04 3.187288e-02 0.000000e+00 3.757578e-03 5.198253e+04 -1.304790e+05 -2.546083e+04 -7.716360e+00 3.612727e+00 6.862316e+02 -1.471706e+00 
1.695000e+04 0.000000e+00 1.200000e+04 3.108735e-02 0.000000e+00 3.738009e-03 5.144626e+04 -1.291294e+05 -2.519817e+04 -1.122453e+01 2.622723e+00 6.654376e+02 -2.014790e+00 
1.710000e+04 0.000000e+00 1.200000e+04 3.031001e-02 0.000000e+00 3.722170e-03 5.092101e+04 -1.278109e+05 -2.494090e+04 -1.118902e+01 1.364309e+00 6.489020e+02 -1.776106e+00 
1.725000e+04 0.000000e+00 1.200000e+04 2.954065e-02 0.000000e+00 3.709843e-03 5.041090e+04 -1.265318e+05 -2.469105e+04 -9.866274e+00 7.796723e-02 6.345647e+02 -8.518936e-01 
1.740000e+04 0.000000e+00 1.200000e+04 2.877902e-02 0.000000e+00 3.700758e-03 4.991790e+04 -1.252930e+05 -2.444958e+04 -1.112628e+01 -1.367796e+00 6.196228e+02 -1.180505e-01 
1.755000e+04 0.000000e+00 1.200000e+04 2.802486e-02 0.000000e+00 3.694703e-03 4.943862e+04 -1.240882e+05 -2.421483e+04 -1.278157e+01 -2.949813e+00 6.043590e+02 1.649696e-01 
1.770000e+04 0.000000e+00 1.200000e+04 2.727800e-02 0.000000e+00 3.691479e-03 4.897159e+04 -1.229169e+05 -2.398608e+04 -1.174356e+01 -4.439970e+00 5.883368e+02 4.276693e-01 
1.785000e+04 0.000000e+00 1.200000e+04 2.653821e-02 0.000000e+00 3.690848e-03 4.851781e+04 -1.217807e+05 -2.376383e+04 -8.897436e+00 -5.754261e+00 5.702066e+02 8.896362e-01 
1.800000e+04 0.000000e+00 1.200000e+04 2.580525e-02 0.000000e+00 3.692574e-03 4.807853e+04 -1.206798e+05 -2.354867e+04 -7.072684e+00 -6.909056e+00 5.518452e+02 1.631344e+00 
1.815000e+04 0.000000e+00 1.200000e+04 2.507892e-02 0.000000e+00 3.696444e-03 4.765193e+04 -1.196109e+05 -2.333972e+04 -5.125955e+00 -7.552184e+00 5.350986e+02 2.805951e+00 
1.830000e+04 0.000000e+00 1.200000e+04 2.435900e-02 0.000000e+00 3.702280e-03 4.723855e+04 -1.185766e+05 -2.313725e+04 -1.758574e+00 -7.379160e+00 5.169601e+02 4.142764e+00 
1.845000e+04 0.000000e+00 1.200000e+04 2.364526e-02 0.000000e+00 3.709884e-03 4.684074e+04 -1.175775e+05 -2.294240e+04 -2.267233e+00 -6.635681e+00 4.963464e+02 4.896392e+00 
1.860000e+04 0.000000e+00 1.200000e+04 2.293752e-02 0.000000e+00 3.719085e-03 4.645762e+04 -1.166094e+05 -2.275475e+04 -8.753021e+00 -5.466916e+00 4.791972e+02 4.900813e+00 
1.875000e+04 0.000000e+00 1.200000e+04 2.223562e-02 0.000000e+00 3.729820e-03 4.608572e+04 -1.156715e+05 -2.257260e+04 -1.305432e+01 -3.880997e+00 4.674534e+02 4.835001e+00 
1.890000e+04 0.000000e+00 1.200000e+04 2.153935e-02 0.000000e+00 3.741962e-03 4.572357e+04 -1.147640e+05 -2.239522e+04 -1.146464e+01 -2.179098e+00 4.527897e+02 4.640293e+00 
1.905000e+04 0.000000e+00 1.200000e+04 2.084855e-02 0.000000e+00 3.755298e-03 4.537155e+04 -1.138837e+05 -2.222280e+04 -8.169902e+00 -5.523417e-01 4.343339e+02 3.344115e+00 
1.920000e+04 0.000000e+00 1.200000e+04 2.016309e-02 0.000000e+00 3.769672e-03 4.503245e+04 -1.130332e+05 -2.205671e+04 -7.399238e+00 8.315571e-01 4.185983e+02 9.472185e-01 
1.935000e+04 0.000000e+00 1.200000e+04 1.948276e-02 0.000000e+00 3.784940e-03 4.470496e+04 -1.122122e+05 -2.189631e+04 -6.412547e+00 1.526793e+00 4.029031e+02 -1.520028e+00 
1.950000e+04 0.000000e+00 1.200000e+04 1.880739e-02 0.000000e+00 3.800935e-03 4.438646e+04 -1.114159e+05 -2.174030e+04 -3.144214e+00 1.626276e+00 3.862979e+02 -3.300938e+00 
1.965000e+04 0.000000e+00 1.200000e+04 1.813685e-02 0.000000e+00 3.817449e-03 4.407960e+04 -1.106449e+05 -2.159001e+04 -3.889250e+00 2.125291e+00 3.713457e+02 -4.508149e+00 
1.980000e+04 0.000000e+00 1.200000e+04 1.747093e-02 0.000000e+00 3.834316e-03 4.378902e+04 -1.099106e+05 -2.144768e+04 -8.752743e+00 3.483982e+00 3.576690e+02 -5.418097e+00 
1.995000e+04 0.000000e+00 1.200000e+04 1.680932e-02 0.000000e+00 3.851513e-03 4.351453e+04 -1.092199e+05 -2.131324e+04 -1.044535e+01 4.583889e+00 3.453044e+02 -5.191997e+00 
2.010000e+04 0.000000e+00 1.200000e+04 1.615184e-02 0.000000e+00 3.868988e-03 4.324829e+04 -1.085542e+05 -2.118284e+04 -7.866734e+00 4.551982e+00 3.311318e+02 -3.341617e+00 
2.025000e+04 0.000000e+00 1.200000e+04 1.549841e-02 0.000000e+00 3.886604e-03 4.299174e+04 -1.079103e+05 -2.105718e+04 -7.719092e+00 3.858732e+00 3.162875e+02 -9.724804e-01 
2.040000e+04 0.000000e+00 1.200000e+04 1.484883e-02 0.000000e+00 3.904291e-03 4.275009e+04 -1.072991e+05 -2.093882e+04 -1.236994e+01 2.988705e+00 3.029195e+02 8.463601e-01 
2.055000e+04 0.000000e+00 1.200000e+04 1.420288e-02 0.000000e+00 3.921973e-03 4.251761e+04 -1.067114e+05 -2.082495e+04 -1.649323e+01 2.333025e+00 2.874919e+02 1.458388e+00 
2.070000e+04 0.000000e+00 1.200000e+04 1.356045e-02 0.000000e+00 3.939576e-03 4.229216e+04 -1.061448e+05 -2.071453e+04 -1.716599e+01 2.114032e+00 2.716942e+02 6.758939e-01 
2.085000e+04 0.000000e+00 1.200000e+04 1.292141e-02 0.000000e+00 3.957053e-03 4.207437e+04 -1.056028e+05 -2.060785e+04 -1.244250e+01 1.945433e+00 2.600532e+02 -2.813527e-01 
2.100000e+04 0.000000e+00 1.200000e+04 1.228562e-02 0.000000e+00 3.974303e-03 4.186412e+04 -1.050850e+05 -2.050488e+04 -2.537833e+00 1.864539e+00 2.498096e+02 -1.225467e-01 
2.115000e+04 0.000000e+00 1.200000e+04 1.165290e-02 0.000000e+00 3.991174e-03 4.166984e+04 -1.046017e+05 -2.040972e+04 1.915471e+00 2.176507e+00 2.351786e+02 5.487757e-01 
2.130000e+04 0.000000e+00 1.200000e+04 1.102302e-02 0.000000e+00 4.007502e-03 4.149155e+04 -1.041502e+05 -2.032239e+04 -2.061619e+00 2.672665e+00 2.192747e+02 7.325560e-01 
2.145000e+04 0.000000e+00 1.200000e+04 1.039579e-02 0.000000e+00 4.023316e-03 4.132196e+04 -1.037223e+05 -2.023933e+04 -4.264102e+00 3.038790e+00 2.067275e+02 6.570795e-01 
2.160000e+04 0.000000e+00 1.200000e+04 9.771098e-03 0.000000e+00 4.038629e-03 4.116020e+04 -1.033173e+05 -2.016010e+04 -3.185035e+00 3.079823e+00 1.940750e+02 2.758185e-01 
2.175000e+04 0.000000e+00 1.200000e+04 9.148846e-03 0.000000e+00 4.053320e-03 4.100664e+04 -1.029322e+05 -2.008488e+04 -2.785657e+00 3.016425e+00 1.817640e+02 -5.976560e-01 
2.190000e+04 0.000000e+00 1.200000e+04 8.528890e-03 0.000000e+00 4.067352e-03 4.086355e+04 -1.025732e+05 -2.001480e+04 -2.608605e+00 3.239175e+00 1.693033e+02 -1.571274e+00 
2.205000e+04 0.000000e+00 1.200000e+04 7.911047e-03 0.000000e+00 4.080624e-03 4.073287e+04 -1.022458e+05 -1.995079e+04 -2.011823e+00 3.529701e+00 1.551196e+02 -2.592552e+00 
2.220000e+04 0.000000e+00 1.200000e+04 7.295121e-03 0.000000e+00 4.093055e-03 4.061280e+04 -1.019453e+05 -1.989198e+04 -1.119013e+00 3.416610e+00 1.422889e+02 -3.247132e+00 
2.235000e+04 0.000000e+00 1.200000e+04 6.680951e-03 0.000000e+00 4.104604e-03 4.050375e+04 -1.016701e+05 -1.983857e+04 -2.574455e+00 2.999939e+00 1.290598e+02 -2.894064e+00 
2.250000e+04 0.000000e+00 1.200000e+04 6.068376e-03 0.000000e+00 4.115248e-03 4.040333e+04 -1.014168e+05 -1.978939e+04 -3.841997e+00 3.114586e+00 1.167598e+02 -1.473075e+00 
2.265000e+04 0.000000e+00 1.200000e+04 5.457246e-03 0.000000e+00 4.125011e-03 4.031060e+04 -1.011871e+05 -1.974397e+04 -7.510200e-01 4.178000e+00 1.060347e+02 2.674679e-01 
2.280000e+04 0.000000e+00 1.200000e+04 4.847394e-03 0.000000e+00 4.133886e-03 4.022854e+04 -1.009840e+05 -1.970377e+04 2.199262e+00 5.325311e+00 9.554268e+01 6.759081e-01 
2.295000e+04 0.000000e+00 1.200000e+04 4.238745e-03 0.000000e+00 4.141875e-03 4.015542e+04 -1.007990e+05 -1.966796e+04 6.815000e-01 5.881885e+00 8.409037e+01 -9.581997e-01 
2.310000e+04 0.000000e+00 1.200000e+04 3.631219e-03 0.000000e+00 4.148884e-03 4.009121e+04 -1.006338e+05 -1.963651e+04 -3.303697e+00 5.941104e+00 7.144170e+01 -3.342646e+00 
2.325000e+04 0.000000e+00 1.200000e+04 3.024674e-03 0.000000e+00 4.154865e-03 4.003683e+04 -1.004963e+05 -1.960987e+04 -4.353626e+00 5.297959e+00 5.826803e+01 -4.799769e+00 
2.340000e+04 0.000000e+00 1.200000e+04 2.418949e-03 0.000000e+00 4.159709e-03 3.999293e+04 -1.003874e+05 -1.958837e+04 -3.016930e+00 3.670473e+00 4.432946e+01 -4.752606e+00 
2.355000e+04 0.000000e+00 1.200000e+04 1.813835e-03 0.000000e+00 4.163345e-03 3.996081e+04 -1.003050e+05 -1.957264e+04 -4.821487e+00 1.478687e+00 3.107920e+01 -2.844068e+00 
2.370000e+04 0.000000e+00 1.200000e+04 1.209094e-03 0.000000e+00 4.165762e-03 3.993947e+04 -1.002467e+05 -1.956219e+04 -9.488642e+00 -1.401165e-01 2.137084e+01 1.475766e+00 
2.385000e+04 0.000000e+00 1.200000e+04 6.045454e-04 0.000000e+00 4.167142e-03 3.992723e+04 -1.002159e+05 -1.955620e+04 -9.595385e+00 -4.719649e-01 1.272727e+01 7.797603e+00 
2.400000e+04 0.000000e+00 1.200000e+04 0.000000e+00 0.000000e+00 4.167499e-03 3.992326e+04 -1.002082e+05 -1.955425e+04 -7.298536e+00 -3.131206e-01 7.249122e+00 1.131931e+01 
