#1 2 3  4 
#z w p zz 
0.000000e+00 0.000000e+00 -6.039365e+04 -2.407975e+04 
9.375000e+01 -2.516643e-04 -6.040316e+04 -2.415961e+04 
1.875000e+02 -5.041201e-04 -6.043122e+04 -2.439970e+04 
2.812500e+02 -7.581601e-04 -6.047682e+04 -2.480112e+04 
3.750000e+02 -1.014600e-03 -6.054153e+04 -2.536178e+04 
4.687500e+02 -1.274192e-03 -6.062604e+04 -2.608314e+04 
5.625000e+02 -1.537764e-03 -6.072817e+04 -2.697282e+04 
6.562500e+02 -1.806198e-03 -6.084974e+04 -2.803006e+04 
7.500000e+02 -2.080268e-03 -6.099020e+04 -2.925864e+04 
8.437500e+02 -2.360881e-03 -6.115154e+04 -3.065854e+04 
9.375000e+02 -2.648852e-03 -6.133153e+04 -3.223847e+04 
1.031250e+03 -2.945114e-03 -6.152640e+04 -3.401238e+04 
1.125000e+03 -3.250622e-03 -6.174412e+04 -3.597447e+04 
1.218750e+03 -3.566315e-03 -6.198369e+04 -3.813214e+04 
1.312500e+03 -3.893169e-03 -6.223955e+04 -4.049938e+04 
1.406250e+03 -4.232243e-03 -6.251645e+04 -4.307805e+04 
1.500000e+03 -4.584559e-03 -6.281710e+04 -4.587481e+04 
1.593750e+03 -4.951246e-03 -6.313500e+04 -4.891060e+04 
1.687500e+03 -5.333527e-03 -6.347309e+04 -5.219148e+04 
1.781250e+03 -5.732553e-03 -6.383475e+04 -5.572481e+04 
1.875000e+03 -6.149645e-03 -6.421759e+04 -5.952863e+04 
1.968750e+03 -6.586108e-03 -6.462226e+04 -6.361661e+04 
2.062500e+03 -7.043398e-03 -6.504793e+04 -6.800662e+04 
2.156250e+03 -7.523000e-03 -6.549536e+04 -7.271600e+04 
2.250000e+03 -8.026529e-03 -6.596587e+04 -7.776290e+04 
2.343750e+03 -8.555656e-03 -6.645933e+04 -8.316793e+04 
2.437500e+03 -9.112166e-03 -6.697506e+04 -8.895625e+04 
2.531250e+03 -9.697993e-03 -6.751534e+04 -9.515053e+04 
2.625000e+03 -1.031511e-02 -6.807916e+04 -1.017809e+05 
2.718750e+03 -1.096573e-02 -6.866728e+04 -1.088765e+05 
2.812500e+03 -1.165215e-02 -6.928036e+04 -1.164688e+05 
2.906250e+03 -1.237682e-02 -6.991889e+04 -1.245945e+05 
3.000000e+03 -1.314244e-02 -7.058545e+04 -1.332910e+05 
3.093750e+03 -1.395183e-02 -7.127749e+04 -1.426072e+05 
3.187500e+03 -1.480809e-02 -7.199581e+04 -1.525905e+05 
3.281250e+03 -1.571452e-02 -7.274365e+04 -1.632899e+05 
3.375000e+03 -1.667465e-02 -7.351988e+04 -1.747685e+05 
3.468750e+03 -1.769240e-02 -7.432372e+04 -1.870925e+05 
3.562500e+03 -1.877192e-02 -7.515752e+04 -2.003305e+05 
3.656250e+03 -1.991777e-02 -7.602279e+04 -2.145616e+05 
3.750000e+03 -2.113489e-02 -7.692023e+04 -2.298756e+05 
3.843750e+03 -2.242867e-02 -7.784980e+04 -2.463741e+05 
3.937500e+03 -2.380501e-02 -7.881181e+04 -2.641685e+05 
4.031250e+03 -2.527034e-02 -7.980710e+04 -2.833853e+05 
4.125000e+03 -2.683172e-02 -8.083894e+04 -3.041606e+05 
4.218750e+03 -2.849691e-02 -8.190801e+04 -3.266519e+05 
4.312500e+03 -3.027446e-02 -8.301361e+04 -3.510419e+05 
4.406250e+03 -3.217384e-02 -8.415830e+04 -3.775298e+05 
4.500000e+03 -3.420551e-02 -8.534389e+04 -4.063430e+05 
4.593750e+03 -3.638106e-02 -8.657204e+04 -4.377422e+05 
4.687500e+03 -3.871343e-02 -8.784273e+04 -4.720283e+05 
4.781250e+03 -4.121704e-02 -8.915798e+04 -5.095431e+05 
4.875000e+03 -4.390805e-02 -9.052321e+04 -5.506742e+05 
4.968750e+03 -4.680457e-02 -9.193598e+04 -5.958844e+05 
5.062500e+03 -4.992715e-02 -9.340040e+04 -6.456984e+05 
5.156250e+03 -5.329885e-02 -9.492192e+04 -7.007278e+05 
5.250000e+03 -5.694599e-02 -9.649901e+04 -7.617036e+05 
5.343750e+03 -6.089858e-02 -9.813626e+04 -8.294739e+05 
5.437500e+03 -6.519092e-02 -9.983999e+04 -9.050437e+05 
5.531250e+03 -6.986260e-02 -1.016166e+05 -9.896092e+05 
5.625000e+03 -7.495926e-02 -1.034675e+05 -1.084613e+06 
5.718750e+03 -8.053411e-02 -1.054023e+05 -1.191781e+06 
5.812500e+03 -8.664923e-02 -1.074333e+05 -1.313209e+06 
5.906250e+03 -9.337779e-02 -1.095694e+05 -1.451473e+06 
6.000000e+03 -1.008063e-01 -1.118247e+05 -1.609738e+06 
6.093750e+03 -1.090381e-01 -1.142174e+05 -1.791928e+06 
6.187500e+03 -1.181971e-01 -1.167713e+05 -2.002945e+06 
6.281250e+03 -1.284332e-01 -1.195171e+05 -2.248935e+06 
6.375000e+03 -1.399290e-01 -1.224794e+05 -2.537638e+06 
6.468750e+03 -1.529078e-01 -1.256756e+05 -2.878706e+06 
6.562500e+03 -1.676434e-01 -1.290312e+05 -3.283803e+06 
6.656250e+03 -1.844655e-01 -1.324128e+05 -3.765590e+06 
6.750000e+03 -2.037616e-01 -1.335795e+05 -4.333206e+06 
6.843750e+03 -2.258670e-01 -1.326602e+05 -4.968265e+06 
6.937500e+03 -2.510013e-01 -1.285005e+05 -5.621752e+06 
7.031250e+03 -2.789986e-01 -5.075204e+06 3.792192e+06 
7.125000e+03 -2.384159e-01 -1.002553e+07 1.334557e+07 
7.218750e+03 -1.995158e-01 -1.003058e+07 1.306561e+07 
7.312500e+03 -1.616437e-01 -1.003856e+07 1.292719e+07 
7.406250e+03 -1.242288e-01 -1.004499e+07 1.287177e+07 
7.500000e+03 -8.700476e-02 -1.005054e+07 1.285622e+07 
7.593750e+03 -4.982929e-02 -1.005442e+07 1.285253e+07 
7.687500e+03 -1.266944e-02 -1.005833e+07 1.285343e+07 
7.781250e+03 2.448771e-02 -1.006222e+07 1.285522e+07 
7.875000e+03 6.164214e-02 -1.006616e+07 1.285601e+07 
7.968750e+03 9.878749e-02 -1.007020e+07 1.285523e+07 
8.062500e+03 1.359164e-01 -1.007437e+07 1.285296e+07 
8.156250e+03 1.730222e-01 -1.007874e+07 1.284948e+07 
8.250000e+03 2.100982e-01 -1.008336e+07 1.284463e+07 
8.343750e+03 2.471347e-01 -1.008831e+07 1.283718e+07 
8.437500e+03 2.841105e-01 -1.009354e+07 1.282394e+07 
8.531250e+03 3.209881e-01 -1.009910e+07 1.280028e+07 
8.625000e+03 3.577018e-01 -1.010650e+07 1.275789e+07 
8.718750e+03 3.940823e-01 -1.010332e+07 1.268501e+07 
8.812500e+03 4.303988e-01 -1.010077e+07 1.268274e+07 
8.906250e+03 4.670284e-01 -1.009564e+07 1.286565e+07 
9.000000e+03 5.054301e-01 -5.155358e+06 3.359546e+06 
9.093750e+03 4.755315e-01 -2.281605e+05 -5.873775e+06 
9.187500e+03 4.495022e-01 -2.453661e+05 -5.021069e+06 
9.281250e+03 4.271930e-01 -2.607590e+05 -4.225624e+06 
9.375000e+03 4.082904e-01 -2.643947e+05 -3.585326e+06 
9.468750e+03 3.920842e-01 -2.699889e+05 -3.068283e+06 
9.562500e+03 3.780693e-01 -2.763789e+05 -2.644802e+06 
9.656250e+03 3.658559e-01 -2.836310e+05 -2.292749e+06 
9.750000e+03 3.551450e-01 -2.915886e+05 -1.996259e+06 
9.843750e+03 3.457017e-01 -3.001833e+05 -1.743758e+06 
9.937500e+03 3.373386e-01 -3.093759e+05 -1.526632e+06 
1.003125e+04 3.299039e-01 -3.191485e+05 -1.338352e+06 
1.012500e+04 3.232729e-01 -3.295021e+05 -1.173874e+06 
1.021875e+04 3.173420e-01 -3.404492e+05 -1.029250e+06 
1.031250e+04 3.120240e-01 -3.520123e+05 -9.013521e+05 
1.040625e+04 3.072451e-01 -3.642197e+05 -7.876801e+05 
1.050000e+04 3.029416e-01 -3.771040e+05 -6.862197e+05 
1.059375e+04 2.990587e-01 -3.907030e+05 -5.953368e+05 
1.068750e+04 2.955482e-01 -4.050630e+05 -5.136954e+05 
1.078125e+04 2.923675e-01 -4.202361e+05 -4.402055e+05 
1.087500e+04 2.894787e-01 -4.362778e+05 -3.739846e+05 
1.096875e+04 2.868471e-01 -4.532482e+05 -3.143208e+05 
1.106250e+04 2.844413e-01 -4.712155e+05 -2.606408e+05 
1.115625e+04 2.822320e-01 -4.902604e+05 -2.124831e+05 
1.125000e+04 2.801915e-01 -5.104660e+05 -1.695047e+05 
1.134375e+04 2.782933e-01 -5.319211e+05 -1.314656e+05 
1.143750e+04 2.765117e-01 -5.547293e+05 -9.821093e+04 
1.153125e+04 2.748213e-01 -5.790093e+05 -6.966470e+04 
1.162500e+04 2.731963e-01 -6.048856e+05 -4.584642e+04 
1.171875e+04 2.716108e-01 -6.324960e+05 -2.686434e+04 
1.181250e+04 2.700374e-01 -6.619987e+05 -1.291092e+04 
1.190625e+04 2.684473e-01 -6.935667e+05 -4.280817e+03 
1.200000e+04 2.668098e-01 -7.098901e+05 -1.339073e+03 
