#1 2 3  4 
#z w p zz 
0.000000e+00 0.000000e+00 -6.037679e+04 -2.433088e+04 
6.000000e+01 -1.617451e-04 -6.038062e+04 -2.436237e+04 
1.200000e+02 -3.236949e-04 -6.039156e+04 -2.446049e+04 
1.800000e+02 -4.860582e-04 -6.040981e+04 -2.462606e+04 
2.400000e+02 -6.490461e-04 -6.043610e+04 -2.485665e+04 
3.000000e+02 -8.128827e-04 -6.047140e+04 -2.514999e+04 
3.600000e+02 -9.777346e-04 -6.051337e+04 -2.551041e+04 
4.200000e+02 -1.143855e-03 -6.056185e+04 -2.594027e+04 
4.800000e+02 -1.311437e-03 -6.061911e+04 -2.643690e+04 
5.400000e+02 -1.480694e-03 -6.068418e+04 -2.700162e+04 
6.000000e+02 -1.651864e-03 -6.075722e+04 -2.763454e+04 
6.600000e+02 -1.825141e-03 -6.083844e+04 -2.833621e+04 
7.200000e+02 -2.000745e-03 -6.092711e+04 -2.910780e+04 
7.800000e+02 -2.178921e-03 -6.102315e+04 -2.995158e+04 
8.400000e+02 -2.359891e-03 -6.112754e+04 -3.086815e+04 
9.000000e+02 -2.543869e-03 -6.123839e+04 -3.186116e+04 
9.600000e+02 -2.731113e-03 -6.135826e+04 -3.292742e+04 
1.020000e+03 -2.921845e-03 -6.148771e+04 -3.406778e+04 
1.080000e+03 -3.116331e-03 -6.162178e+04 -3.529182e+04 
1.140000e+03 -3.314798e-03 -6.176351e+04 -3.659578e+04 
1.200000e+03 -3.517503e-03 -6.191565e+04 -3.797788e+04 
1.260000e+03 -3.724724e-03 -6.207540e+04 -3.944528e+04 
1.320000e+03 -3.936717e-03 -6.224176e+04 -4.100192e+04 
1.380000e+03 -4.153764e-03 -6.241829e+04 -4.264359e+04 
1.440000e+03 -4.376123e-03 -6.260373e+04 -4.437402e+04 
1.500000e+03 -4.604105e-03 -6.279555e+04 -4.620037e+04 
1.560000e+03 -4.837999e-03 -6.299599e+04 -4.812208e+04 
1.620000e+03 -5.078094e-03 -6.320519e+04 -5.014250e+04 
1.680000e+03 -5.324728e-03 -6.342361e+04 -5.226462e+04 
1.740000e+03 -5.578214e-03 -6.365148e+04 -5.449088e+04 
1.800000e+03 -5.838882e-03 -6.388705e+04 -5.682658e+04 
1.860000e+03 -6.107085e-03 -6.413074e+04 -5.927476e+04 
1.920000e+03 -6.383153e-03 -6.438456e+04 -6.183631e+04 
1.980000e+03 -6.667473e-03 -6.464584e+04 -6.452008e+04 
2.040000e+03 -6.960424e-03 -6.491428e+04 -6.733167e+04 
2.100000e+03 -7.262397e-03 -6.519512e+04 -7.026716e+04 
2.160000e+03 -7.573794e-03 -6.548554e+04 -7.333630e+04 
2.220000e+03 -7.895044e-03 -6.578203e+04 -7.654956e+04 
2.280000e+03 -8.226590e-03 -6.608910e+04 -7.990555e+04 
2.340000e+03 -8.568884e-03 -6.640741e+04 -8.340941e+04 
2.400000e+03 -8.922402e-03 -6.673416e+04 -8.707141e+04 
2.460000e+03 -9.287632e-03 -6.707006e+04 -9.089834e+04 
2.520000e+03 -9.665101e-03 -6.741773e+04 -9.489289e+04 
2.580000e+03 -1.005534e-02 -6.777586e+04 -9.906336e+04 
2.640000e+03 -1.045890e-02 -6.814158e+04 -1.034223e+05 
2.700000e+03 -1.087638e-02 -6.851694e+04 -1.079752e+05 
2.760000e+03 -1.130836e-02 -6.890348e+04 -1.127284e+05 
2.820000e+03 -1.175550e-02 -6.929906e+04 -1.176953e+05 
2.880000e+03 -1.221847e-02 -6.970496e+04 -1.228829e+05 
2.940000e+03 -1.269793e-02 -7.012200e+04 -1.283005e+05 
3.000000e+03 -1.319466e-02 -7.054953e+04 -1.339604e+05 
3.060000e+03 -1.370934e-02 -7.098697e+04 -1.398756e+05 
3.120000e+03 -1.424285e-02 -7.143561e+04 -1.460574e+05 
3.180000e+03 -1.479599e-02 -7.189544e+04 -1.525190e+05 
3.240000e+03 -1.536964e-02 -7.236638e+04 -1.592757e+05 
3.300000e+03 -1.596472e-02 -7.285126e+04 -1.663378e+05 
3.360000e+03 -1.658220e-02 -7.334626e+04 -1.737281e+05 
3.420000e+03 -1.722312e-02 -7.385241e+04 -1.814629e+05 
3.480000e+03 -1.788853e-02 -7.437150e+04 -1.895577e+05 
3.540000e+03 -1.857957e-02 -7.490166e+04 -1.980352e+05 
3.600000e+03 -1.929743e-02 -7.544445e+04 -2.069145e+05 
3.660000e+03 -2.004338e-02 -7.600020e+04 -2.162179e+05 
3.720000e+03 -2.081872e-02 -7.656858e+04 -2.259691e+05 
3.780000e+03 -2.162488e-02 -7.714982e+04 -2.361940e+05 
3.840000e+03 -2.246333e-02 -7.774314e+04 -2.469231e+05 
3.900000e+03 -2.333566e-02 -7.834957e+04 -2.581847e+05 
3.960000e+03 -2.424351e-02 -7.897028e+04 -2.700102e+05 
4.020000e+03 -2.518867e-02 -7.960528e+04 -2.824350e+05 
4.080000e+03 -2.617300e-02 -8.025336e+04 -2.954989e+05 
4.140000e+03 -2.719850e-02 -8.091626e+04 -3.092392e+05 
4.200000e+03 -2.826729e-02 -8.159511e+04 -3.236971e+05 
4.260000e+03 -2.938161e-02 -8.228742e+04 -3.389248e+05 
4.320000e+03 -3.054386e-02 -8.299379e+04 -3.549725e+05 
4.380000e+03 -3.175661e-02 -8.371755e+04 -3.718908e+05 
4.440000e+03 -3.302259e-02 -8.445974e+04 -3.897388e+05 
4.500000e+03 -3.434472e-02 -8.521694e+04 -4.085876e+05 
4.560000e+03 -3.572612e-02 -8.598844e+04 -4.285101e+05 
4.620000e+03 -3.717015e-02 -8.677601e+04 -4.495800e+05 
4.680000e+03 -3.868040e-02 -8.758300e+04 -4.718760e+05 
4.740000e+03 -4.026073e-02 -8.840849e+04 -4.954927e+05 
4.800000e+03 -4.191525e-02 -8.924866e+04 -5.205386e+05 
4.860000e+03 -4.364848e-02 -9.010873e+04 -5.471157e+05 
4.920000e+03 -4.546518e-02 -9.099156e+04 -5.753398e+05 
4.980000e+03 -4.737055e-02 -9.189084e+04 -6.053562e+05 
5.040000e+03 -4.937023e-02 -9.280768e+04 -6.373109e+05 
5.100000e+03 -5.147026e-02 -9.374454e+04 -6.713639e+05 
5.160000e+03 -5.367727e-02 -9.470486e+04 -7.076900e+05 
5.220000e+03 -5.599838e-02 -9.568816e+04 -7.464906e+05 
5.280000e+03 -5.844141e-02 -9.669003e+04 -7.879957e+05 
5.340000e+03 -6.101486e-02 -9.771477e+04 -8.324425e+05 
5.400000e+03 -6.372797e-02 -9.876401e+04 -8.801029e+05 
5.460000e+03 -6.659092e-02 -9.983805e+04 -9.312842e+05 
5.520000e+03 -6.961481e-02 -1.009367e+05 -9.863320e+05 
5.580000e+03 -7.281185e-02 -1.020598e+05 -1.045636e+06 
5.640000e+03 -7.619549e-02 -1.032120e+05 -1.109626e+06 
5.700000e+03 -7.978059e-02 -1.043945e+05 -1.178795e+06 
5.760000e+03 -8.358357e-02 -1.056036e+05 -1.253707e+06 
5.820000e+03 -8.762264e-02 -1.068417e+05 -1.334994e+06 
5.880000e+03 -9.191806e-02 -1.081146e+05 -1.423372e+06 
5.940000e+03 -9.649237e-02 -1.094235e+05 -1.519665e+06 
6.000000e+03 -1.013708e-01 -1.107696e+05 -1.624825e+06 
6.060000e+03 -1.065817e-01 -1.121529e+05 -1.739945e+06 
6.120000e+03 -1.121568e-01 -1.135772e+05 -1.866281e+06 
6.180000e+03 -1.181320e-01 -1.150498e+05 -2.005282e+06 
6.240000e+03 -1.245480e-01 -1.165729e+05 -2.158640e+06 
6.300000e+03 -1.314508e-01 -1.181470e+05 -2.328328e+06 
6.360000e+03 -1.388929e-01 -1.197798e+05 -2.516633e+06 
6.420000e+03 -1.469343e-01 -1.214773e+05 -2.726215e+06 
6.480000e+03 -1.556436e-01 -1.232379e+05 -2.960165e+06 
6.540000e+03 -1.650992e-01 -1.250600e+05 -3.222006e+06 
6.600000e+03 -1.753908e-01 -1.269329e+05 -3.515660e+06 
6.660000e+03 -1.866200e-01 -1.288060e+05 -3.845223e+06 
6.720000e+03 -1.989000e-01 -1.305731e+05 -4.214262e+06 
6.780000e+03 -2.123515e-01 -1.317908e+05 -4.624019e+06 
6.840000e+03 -2.270846e-01 -1.322047e+05 -5.068194e+06 
6.900000e+03 -2.431766e-01 -1.314220e+05 -5.529114e+06 
6.960000e+03 -2.606226e-01 -1.302807e+05 -5.974283e+06 
7.020000e+03 -2.793239e-01 -5.079164e+06 3.634023e+06 
7.080000e+03 -2.536152e-01 -1.002974e+07 1.332663e+07 
7.140000e+03 -2.286940e-01 -1.003267e+07 1.311363e+07 
7.200000e+03 -2.042923e-01 -1.003650e+07 1.298260e+07 
7.260000e+03 -1.802064e-01 -1.004046e+07 1.290938e+07 
7.320000e+03 -1.562950e-01 -1.004366e+07 1.286890e+07 
7.380000e+03 -1.324847e-01 -1.004637e+07 1.284528e+07 
7.440000e+03 -1.087357e-01 -1.004870e+07 1.282992e+07 
7.500000e+03 -8.502847e-02 -1.005099e+07 1.281960e+07 
7.560000e+03 -6.135048e-02 -1.005329e+07 1.281267e+07 
7.620000e+03 -3.769306e-02 -1.005562e+07 1.280814e+07 
7.680000e+03 -1.405010e-02 -1.005798e+07 1.280532e+07 
7.740000e+03 9.582716e-03 -1.006040e+07 1.280371e+07 
7.800000e+03 3.320827e-02 -1.006286e+07 1.280289e+07 
7.860000e+03 5.682841e-02 -1.006538e+07 1.280252e+07 
7.920000e+03 8.044391e-02 -1.006796e+07 1.280230e+07 
7.980000e+03 1.040548e-01 -1.007060e+07 1.280198e+07 
8.040000e+03 1.276603e-01 -1.007329e+07 1.280137e+07 
8.100000e+03 1.512594e-01 -1.007604e+07 1.280030e+07 
8.160000e+03 1.748503e-01 -1.007886e+07 1.279868e+07 
8.220000e+03 1.984312e-01 -1.008175e+07 1.279644e+07 
8.280000e+03 2.220002e-01 -1.008470e+07 1.279357e+07 
8.340000e+03 2.455553e-01 -1.008772e+07 1.279012e+07 
8.400000e+03 2.690949e-01 -1.009082e+07 1.278619e+07 
8.460000e+03 2.926175e-01 -1.009399e+07 1.278190e+07 
8.520000e+03 3.161222e-01 -1.009726e+07 1.277735e+07 
8.580000e+03 3.396078e-01 -1.010065e+07 1.277243e+07 
8.640000e+03 3.630722e-01 -1.010415e+07 1.276662e+07 
8.700000e+03 3.865115e-01 -1.010784e+07 1.275898e+07 
8.760000e+03 4.099156e-01 -1.010984e+07 1.274968e+07 
8.820000e+03 4.333255e-01 -1.011075e+07 1.275944e+07 
8.880000e+03 4.568415e-01 -1.010959e+07 1.282682e+07 
8.940000e+03 4.807584e-01 -1.011078e+07 1.301226e+07 
9.000000e+03 5.054379e-01 -5.166333e+06 3.350018e+06 
9.060000e+03 4.858913e-01 -2.255153e+05 -6.173375e+06 
9.120000e+03 4.678594e-01 -2.359652e+05 -5.616155e+06 
9.180000e+03 4.515013e-01 -2.436470e+05 -5.055149e+06 
9.240000e+03 4.367463e-01 -2.496794e+05 -4.536165e+06 
9.300000e+03 4.234532e-01 -2.536994e+05 -4.079495e+06 
9.360000e+03 4.114380e-01 -2.578274e+05 -3.680207e+06 
9.420000e+03 4.005406e-01 -2.621131e+05 -3.330364e+06 
9.480000e+03 3.906234e-01 -2.666316e+05 -3.022373e+06 
9.540000e+03 3.815702e-01 -2.713801e+05 -2.749798e+06 
9.600000e+03 3.732825e-01 -2.763495e+05 -2.507332e+06 
9.660000e+03 3.656761e-01 -2.815291e+05 -2.290614e+06 
9.720000e+03 3.586788e-01 -2.869175e+05 -2.096036e+06 
9.780000e+03 3.522285e-01 -2.925100e+05 -1.920612e+06 
9.840000e+03 3.462711e-01 -2.983049e+05 -1.761847e+06 
9.900000e+03 3.407595e-01 -3.043051e+05 -1.617644e+06 
9.960000e+03 3.356524e-01 -3.105143e+05 -1.486229e+06 
1.002000e+04 3.309134e-01 -3.169366e+05 -1.366096e+06 
1.008000e+04 3.265101e-01 -3.235761e+05 -1.255961e+06 
1.014000e+04 3.224140e-01 -3.304376e+05 -1.154723e+06 
1.020000e+04 3.185995e-01 -3.375298e+05 -1.061427e+06 
1.026000e+04 3.150436e-01 -3.448635e+05 -9.752484e+05 
1.032000e+04 3.117257e-01 -3.524422e+05 -8.954819e+05 
1.038000e+04 3.086270e-01 -3.602738e+05 -8.215091e+05 
1.044000e+04 3.057308e-01 -3.683751e+05 -7.527764e+05 
1.050000e+04 3.030215e-01 -3.767572e+05 -6.888083e+05 
1.056000e+04 3.004851e-01 -3.854240e+05 -6.292030e+05 
1.062000e+04 2.981085e-01 -3.943885e+05 -5.735964e+05 
1.068000e+04 2.958799e-01 -4.036684e+05 -5.216601e+05 
1.074000e+04 2.937882e-01 -4.132794e+05 -4.731090e+05 
1.080000e+04 2.918230e-01 -4.232321e+05 -4.277042e+05 
1.086000e+04 2.899749e-01 -4.335401e+05 -3.852340e+05 
1.092000e+04 2.882346e-01 -4.442239e+05 -3.455013e+05 
1.098000e+04 2.865937e-01 -4.553038e+05 -3.083382e+05 
1.104000e+04 2.850441e-01 -4.667948e+05 -2.736101e+05 
1.110000e+04 2.835781e-01 -4.787134e+05 -2.412026e+05 
1.116000e+04 2.821881e-01 -4.910854e+05 -2.110050e+05 
1.122000e+04 2.808671e-01 -5.039368e+05 -1.829266e+05 
1.128000e+04 2.796080e-01 -5.172891e+05 -1.569036e+05 
1.134000e+04 2.784040e-01 -5.311635e+05 -1.328913e+05 
1.140000e+04 2.772484e-01 -5.455910e+05 -1.108454e+05 
1.146000e+04 2.761345e-01 -5.606036e+05 -9.073638e+04 
1.152000e+04 2.750555e-01 -5.762319e+05 -7.255657e+04 
1.158000e+04 2.740048e-01 -5.925065e+05 -5.631634e+04 
1.164000e+04 2.729755e-01 -6.094633e+05 -4.203610e+04 
1.170000e+04 2.719607e-01 -6.271446e+05 -2.974573e+04 
1.176000e+04 2.709532e-01 -6.455903e+05 -1.949897e+04 
1.182000e+04 2.699457e-01 -6.648416e+05 -1.136631e+04 
1.188000e+04 2.689304e-01 -6.849471e+05 -5.429520e+03 
1.194000e+04 2.678995e-01 -7.059596e+05 -1.787189e+03 
1.200000e+04 2.668443e-01 -7.166988e+05 -5.539834e+02 
