#1 2 3  4 
#z w p zz 
0.000000e+00 0.000000e+00 -6.058497e+04 -2.295126e+04 
1.500000e+02 -3.952398e-04 -6.060958e+04 -2.315279e+04 
3.000000e+02 -7.936627e-04 -6.068306e+04 -2.375782e+04 
4.500000e+02 -1.198508e-03 -6.080284e+04 -2.477599e+04 
6.000000e+02 -1.613136e-03 -6.097310e+04 -2.620924e+04 
7.500000e+02 -2.040891e-03 -6.119122e+04 -2.807482e+04 
9.000000e+02 -2.485242e-03 -6.145607e+04 -3.039082e+04 
1.050000e+03 -2.949727e-03 -6.177270e+04 -3.316855e+04 
1.200000e+03 -3.438133e-03 -6.214013e+04 -3.643424e+04 
1.350000e+03 -3.954325e-03 -6.255869e+04 -4.021811e+04 
1.500000e+03 -4.502703e-03 -6.302987e+04 -4.455492e+04 
1.650000e+03 -5.087692e-03 -6.355368e+04 -4.948445e+04 
1.800000e+03 -5.713989e-03 -6.413164e+04 -5.505290e+04 
1.950000e+03 -6.386884e-03 -6.476850e+04 -6.130813e+04 
2.100000e+03 -7.111912e-03 -6.545800e+04 -6.832463e+04 
2.250000e+03 -7.895254e-03 -6.620480e+04 -7.616898e+04 
2.400000e+03 -8.743731e-03 -6.701625e+04 -8.491598e+04 
2.550000e+03 -9.664667e-03 -6.788681e+04 -9.467386e+04 
2.700000e+03 -1.066628e-02 -6.881693e+04 -1.055539e+05 
2.850000e+03 -1.175769e-02 -6.981395e+04 -1.176752e+05 
3.000000e+03 -1.294903e-02 -7.087889e+04 -1.311862e+05 
3.150000e+03 -1.425157e-02 -7.200992e+04 -1.462655e+05 
3.300000e+03 -1.567812e-02 -7.321589e+04 -1.631062e+05 
3.450000e+03 -1.724306e-02 -7.449961e+04 -1.819453e+05 
3.600000e+03 -1.896262e-02 -7.586124e+04 -2.030641e+05 
3.750000e+03 -2.085553e-02 -7.730329e+04 -2.267923e+05 
3.900000e+03 -2.294300e-02 -7.883233e+04 -2.535156e+05 
4.050000e+03 -2.524969e-02 -8.045264e+04 -2.836990e+05 
4.200000e+03 -2.780397e-02 -8.216962e+04 -3.179015e+05 
4.350000e+03 -3.063875e-02 -8.399125e+04 -3.567969e+05 
4.500000e+03 -3.379284e-02 -8.592230e+04 -4.012118e+05 
4.650000e+03 -3.731173e-02 -8.797253e+04 -4.521533e+05 
4.800000e+03 -4.124965e-02 -9.015130e+04 -5.108709e+05 
4.950000e+03 -4.567117e-02 -9.246836e+04 -5.789279e+05 
5.100000e+03 -5.065426e-02 -9.494112e+04 -6.582908e+05 
5.250000e+03 -5.629366e-02 -9.759315e+04 -7.514631e+05 
5.400000e+03 -6.270583e-02 -1.004482e+05 -8.616866e+05 
5.550000e+03 -7.003529e-02 -1.035393e+05 -9.931967e+05 
5.700000e+03 -7.846359e-02 -1.069141e+05 -1.151609e+06 
5.850000e+03 -8.822200e-02 -1.106480e+05 -1.344471e+06 
6.000000e+03 -9.960896e-02 -1.148388e+05 -1.582140e+06 
6.150000e+03 -1.130164e-01 -1.196335e+05 -1.879019e+06 
6.300000e+03 -1.289668e-01 -1.252779e+05 -2.255449e+06 
6.450000e+03 -1.481707e-01 -1.317807e+05 -2.740387e+06 
6.600000e+03 -1.715850e-01 -1.403352e+05 -3.373262e+06 
6.750000e+03 -2.005792e-01 -1.368444e+05 -4.198136e+06 
6.900000e+03 -2.359631e-01 -1.308871e+05 -5.126799e+06 
7.050000e+03 -2.783311e-01 -5.067951e+06 3.982639e+06 
7.200000e+03 -2.124977e-01 -1.001713e+07 1.333195e+07 
7.350000e+03 -1.507318e-01 -1.003090e+07 1.298671e+07 
7.500000e+03 -9.061217e-02 -1.004313e+07 1.285163e+07 
7.650000e+03 -3.130490e-02 -1.005770e+07 1.283028e+07 
7.800000e+03 2.794427e-02 -1.006291e+07 1.281975e+07 
7.950000e+03 8.709596e-02 -1.007046e+07 1.281555e+07 
8.100000e+03 1.461692e-01 -1.007825e+07 1.280507e+07 
8.250000e+03 2.050564e-01 -1.008450e+07 1.277731e+07 
8.400000e+03 2.637153e-01 -1.009258e+07 1.274063e+07 
8.550000e+03 3.219725e-01 -1.008897e+07 1.270724e+07 
8.700000e+03 3.807453e-01 -1.008906e+07 1.281380e+07 
8.850000e+03 4.410301e-01 -1.008966e+07 1.317910e+07 
9.000000e+03 5.057113e-01 -5.156978e+06 3.898082e+06 
9.150000e+03 4.626757e-01 -2.380392e+05 -5.118154e+06 
9.300000e+03 4.272549e-01 -2.602488e+05 -4.106724e+06 
9.450000e+03 3.986843e-01 -2.801574e+05 -3.220456e+06 
9.600000e+03 3.760237e-01 -2.874925e+05 -2.549290e+06 
9.750000e+03 3.577519e-01 -2.982570e+05 -2.038203e+06 
9.900000e+03 3.428414e-01 -3.109414e+05 -1.641873e+06 
1.005000e+04 3.305420e-01 -3.256047e+05 -1.328272e+06 
1.020000e+04 3.203090e-01 -3.420706e+05 -1.075620e+06 
1.035000e+04 3.117350e-01 -3.603177e+05 -8.688996e+05 
1.050000e+04 3.045087e-01 -3.803966e+05 -6.975938e+05 
1.065000e+04 2.983859e-01 -4.024205e+05 -5.542247e+05 
1.080000e+04 2.931699e-01 -4.265584e+05 -4.334113e+05 
1.095000e+04 2.886981e-01 -4.530218e+05 -3.312859e+05 
1.110000e+04 2.848319e-01 -4.820711e+05 -2.451005e+05 
1.125000e+04 2.814490e-01 -5.140157e+05 -1.729801e+05 
1.140000e+04 2.784371e-01 -5.492213e+05 -1.137576e+05 
1.155000e+04 2.756892e-01 -5.881270e+05 -6.687575e+04 
1.170000e+04 2.730985e-01 -6.312548e+05 -3.235712e+04 
1.185000e+04 2.705539e-01 -6.792191e+05 -1.082239e+04 
1.200000e+04 2.679347e-01 -7.044936e+05 -3.416976e+03 
