#1 2 3  4 
#z w p zz 
0.000000e+00 0.000000e+00 -6.237693e+04 -2.513035e+04 
1.250000e+02 -3.483347e-04 -6.239382e+04 -2.527692e+04 
2.500000e+02 -6.986225e-04 -6.244484e+04 -2.571715e+04 
3.750000e+02 -1.052792e-03 -6.253187e+04 -2.645042e+04 
5.000000e+02 -1.412819e-03 -6.265131e+04 -2.748838e+04 
6.250000e+02 -1.780655e-03 -6.280603e+04 -2.883191e+04 
7.500000e+02 -2.158444e-03 -6.299471e+04 -3.049037e+04 
8.750000e+02 -2.548299e-03 -6.321898e+04 -3.246890e+04 
1.000000e+03 -2.952235e-03 -6.348030e+04 -3.477858e+04 
1.125000e+03 -3.372618e-03 -6.377645e+04 -3.744031e+04 
1.250000e+03 -3.811707e-03 -6.410895e+04 -4.046884e+04 
1.375000e+03 -4.271981e-03 -6.447822e+04 -4.388316e+04 
1.500000e+03 -4.756108e-03 -6.488493e+04 -4.770181e+04 
1.625000e+03 -5.266739e-03 -6.532757e+04 -5.195091e+04 
1.750000e+03 -5.806661e-03 -6.581138e+04 -5.665072e+04 
1.875000e+03 -6.379075e-03 -6.633480e+04 -6.184026e+04 
2.000000e+03 -6.987211e-03 -6.689902e+04 -6.755464e+04 
2.125000e+03 -7.634594e-03 -6.750215e+04 -7.383863e+04 
2.250000e+03 -8.325087e-03 -6.814574e+04 -8.073484e+04 
2.375000e+03 -9.062781e-03 -6.883136e+04 -8.829252e+04 
2.500000e+03 -9.852132e-03 -6.956240e+04 -9.656455e+04 
2.625000e+03 -1.069786e-02 -7.033639e+04 -1.056225e+05 
2.750000e+03 -1.160537e-02 -7.115345e+04 -1.155425e+05 
2.875000e+03 -1.258036e-02 -7.202016e+04 -1.263972e+05 
3.000000e+03 -1.362923e-02 -7.293331e+04 -1.382871e+05 
3.125000e+03 -1.475877e-02 -7.389481e+04 -1.513173e+05 
3.250000e+03 -1.597672e-02 -7.490690e+04 -1.656095e+05 
3.375000e+03 -1.729156e-02 -7.597341e+04 -1.812977e+05 
3.500000e+03 -1.871260e-02 -7.709410e+04 -1.985424e+05 
3.625000e+03 -2.025039e-02 -7.827197e+04 -2.175247e+05 
3.750000e+03 -2.191661e-02 -7.950888e+04 -2.384539e+05 
3.875000e+03 -2.372436e-02 -8.080347e+04 -2.615767e+05 
4.000000e+03 -2.568840e-02 -8.216298e+04 -2.871668e+05 
4.125000e+03 -2.782531e-02 -8.359108e+04 -3.155502e+05 
4.250000e+03 -3.015403e-02 -8.508527e+04 -3.471199e+05 
4.375000e+03 -3.269610e-02 -8.665157e+04 -3.823223e+05 
4.500000e+03 -3.547606e-02 -8.829595e+04 -4.216852e+05 
4.625000e+03 -3.852221e-02 -9.002164e+04 -4.658438e+05 
4.750000e+03 -4.186706e-02 -9.183246e+04 -5.155582e+05 
4.875000e+03 -4.554853e-02 -9.373225e+04 -5.717460e+05 
5.000000e+03 -4.961080e-02 -9.573436e+04 -6.355040e+05 
5.125000e+03 -5.410573e-02 -9.784542e+04 -7.081876e+05 
5.250000e+03 -5.909465e-02 -1.000713e+05 -7.914706e+05 
5.375000e+03 -6.465062e-02 -1.024312e+05 -8.874147e+05 
5.500000e+03 -7.086140e-02 -1.049377e+05 -9.986294e+05 
5.625000e+03 -7.783315e-02 -1.076142e+05 -1.128413e+06 
5.750000e+03 -8.569572e-02 -1.104900e+05 -1.281012e+06 
5.875000e+03 -9.460962e-02 -1.136044e+05 -1.461947e+06 
6.000000e+03 -1.047754e-01 -1.170163e+05 -1.678504e+06 
6.125000e+03 -1.164474e-01 -1.208135e+05 -1.940450e+06 
6.250000e+03 -1.299519e-01 -1.251104e+05 -2.261106e+06 
6.375000e+03 -1.457150e-01 -1.301052e+05 -2.658891e+06 
6.500000e+03 -1.643028e-01 -1.357740e+05 -3.159498e+06 
6.625000e+03 -1.864609e-01 -1.432357e+05 -3.797233e+06 
6.750000e+03 -2.132372e-01 -1.386953e+05 -4.608794e+06 
6.875000e+03 -2.451771e-01 -1.318929e+05 -5.499799e+06 
7.000000e+03 -2.826136e-01 -5.068991e+06 3.673542e+06 
7.125000e+03 -2.294381e-01 -1.001868e+07 1.310366e+07 
7.250000e+03 -1.791432e-01 -1.003307e+07 1.283938e+07 
7.375000e+03 -1.297833e-01 -1.004506e+07 1.276676e+07 
7.500000e+03 -8.078498e-02 -1.005810e+07 1.278032e+07 
7.625000e+03 -3.168577e-02 -1.006099e+07 1.278258e+07 
7.750000e+03 1.740416e-02 -1.006595e+07 1.278353e+07 
7.875000e+03 6.649042e-02 -1.007131e+07 1.278707e+07 
8.000000e+03 1.155910e-01 -1.007688e+07 1.279317e+07 
8.125000e+03 1.647210e-01 -1.008281e+07 1.280215e+07 
8.250000e+03 2.138960e-01 -1.008898e+07 1.281369e+07 
8.375000e+03 2.631336e-01 -1.009563e+07 1.282781e+07 
8.500000e+03 3.124391e-01 -1.010445e+07 1.284062e+07 
8.625000e+03 3.617020e-01 -1.010327e+07 1.284213e+07 
8.750000e+03 4.113842e-01 -1.010332e+07 1.292982e+07 
8.875000e+03 4.620585e-01 -1.010119e+07 1.320915e+07 
9.000000e+03 5.156697e-01 -5.164029e+06 3.794077e+06 
9.125000e+03 4.787241e-01 -2.397646e+05 -5.364256e+06 
9.250000e+03 4.473292e-01 -2.597511e+05 -4.458289e+06 
9.375000e+03 4.211504e-01 -2.778771e+05 -3.631826e+06 
9.500000e+03 3.996407e-01 -2.844547e+05 -2.979268e+06 
9.625000e+03 3.817500e-01 -2.933338e+05 -2.463948e+06 
9.750000e+03 3.667303e-01 -3.034562e+05 -2.051597e+06 
9.875000e+03 3.540127e-01 -3.149089e+05 -1.716574e+06 
1.000000e+04 3.431677e-01 -3.275658e+05 -1.440511e+06 
1.012500e+04 3.338648e-01 -3.413865e+05 -1.210159e+06 
1.025000e+04 3.258450e-01 -3.563715e+05 -1.015829e+06 
1.037500e+04 3.189022e-01 -3.725561e+05 -8.503298e+05 
1.050000e+04 3.128694e-01 -3.899983e+05 -7.082713e+05 
1.062500e+04 3.076090e-01 -4.087852e+05 -5.855571e+05 
1.075000e+04 3.030055e-01 -4.290250e+05 -4.790595e+05 
1.087500e+04 2.989607e-01 -4.508393e+05 -3.863973e+05 
1.100000e+04 2.953885e-01 -4.743719e+05 -3.057647e+05 
1.112500e+04 2.922128e-01 -4.997961e+05 -2.358036e+05 
1.125000e+04 2.893638e-01 -5.273050e+05 -1.755489e+05 
1.137500e+04 2.867762e-01 -5.571215e+05 -1.243617e+05 
1.150000e+04 2.843872e-01 -5.894958e+05 -8.190872e+04 
1.162500e+04 2.821341e-01 -6.247218e+05 -4.812714e+04 
1.175000e+04 2.799531e-01 -6.631401e+05 -2.323192e+04 
1.187500e+04 2.777768e-01 -7.051409e+05 -7.739856e+03 
1.200000e+04 2.755326e-01 -7.270888e+05 -2.429042e+03 
